/*--------------------------------*- C++ -*----------------------------------*\
  =========                 |
  \\      /  F ield         | OpenFOAM: The Open Source CFD Toolbox
   \\    /   O peration     | Website:  https://openfoam.org
    \\  /    A nd           | Version:  11
     \\/     M anipulation  |
\*---------------------------------------------------------------------------*/
FoamFile
{
    format      ascii;
    class       volScalarField;
    location    "25";
    object      p;
}
// * * * * * * * * * * * * * * * * * * * * * * * * * * * * * * * * * * * * * //

dimensions      [0 2 -2 0 0 0 0];

internalField   nonuniform List<scalar> 
8400
(
-0.169304
-0.172258
-0.175539
-0.178541
-0.181478
-0.184473
-0.187523
-0.190613
-0.193741
-0.196916
-0.200146
-0.203439
-0.206804
-0.210255
-0.213809
-0.217487
-0.221322
-0.225363
-0.229677
-0.234692
-0.169115
-0.172248
-0.17562
-0.178581
-0.181478
-0.184474
-0.187533
-0.190625
-0.193753
-0.196929
-0.200161
-0.203456
-0.206824
-0.210277
-0.213833
-0.217513
-0.221346
-0.22536
-0.229502
-0.233378
-0.168933
-0.172222
-0.17569
-0.178612
-0.18146
-0.184451
-0.187519
-0.190611
-0.193735
-0.196906
-0.200133
-0.203423
-0.206782
-0.210224
-0.213764
-0.217415
-0.221192
-0.225075
-0.228885
-0.232069
-0.168752
-0.172145
-0.175718
-0.178631
-0.18143
-0.184403
-0.187476
-0.190567
-0.19368
-0.19684
-0.200054
-0.203328
-0.206667
-0.210081
-0.213579
-0.217169
-0.220838
-0.224524
-0.227992
-0.230728
-0.168567
-0.172026
-0.175696
-0.178623
-0.181379
-0.184327
-0.187396
-0.190483
-0.193581
-0.196721
-0.199913
-0.203159
-0.206463
-0.20983
-0.213264
-0.21676
-0.220286
-0.22375
-0.226913
-0.229344
-0.168378
-0.17188
-0.175627
-0.178575
-0.181299
-0.184218
-0.187277
-0.190354
-0.193432
-0.196544
-0.199704
-0.202911
-0.206165
-0.209467
-0.212816
-0.216194
-0.219557
-0.222799
-0.225703
-0.227926
-0.168185
-0.171715
-0.175517
-0.178488
-0.181188
-0.184077
-0.18712
-0.190182
-0.193235
-0.196312
-0.19943
-0.202588
-0.205779
-0.209002
-0.212249
-0.215495
-0.218688
-0.221722
-0.224411
-0.226492
-0.16799
-0.171538
-0.175377
-0.178365
-0.181047
-0.183908
-0.186931
-0.189971
-0.192994
-0.196031
-0.199101
-0.202199
-0.205319
-0.208452
-0.211587
-0.214695
-0.217722
-0.220568
-0.223082
-0.225065
-0.167797
-0.171355
-0.175217
-0.178213
-0.18088
-0.183716
-0.186715
-0.18973
-0.192719
-0.195712
-0.198728
-0.201762
-0.204803
-0.207841
-0.210861
-0.213833
-0.216703
-0.219385
-0.221758
-0.223673
-0.167612
-0.171175
-0.175045
-0.178041
-0.180694
-0.183508
-0.186483
-0.18947
-0.192423
-0.19537
-0.19833
-0.201297
-0.204257
-0.207198
-0.210105
-0.212947
-0.215675
-0.218216
-0.220476
-0.222345
-0.167441
-0.171005
-0.17487
-0.177858
-0.180498
-0.183294
-0.186246
-0.189203
-0.192118
-0.195019
-0.197924
-0.200824
-0.203704
-0.206553
-0.209353
-0.212076
-0.214679
-0.217102
-0.219274
-0.221112
-0.167293
-0.170853
-0.174702
-0.177671
-0.1803
-0.183084
-0.186014
-0.188941
-0.19182
-0.194677
-0.197529
-0.200366
-0.203172
-0.205934
-0.208637
-0.211255
-0.213752
-0.216079
-0.218182
-0.220001
-0.167175
-0.170725
-0.174544
-0.177489
-0.180109
-0.182886
-0.185798
-0.188696
-0.191541
-0.19436
-0.197164
-0.199943
-0.202682
-0.205369
-0.207988
-0.210517
-0.212925
-0.215176
-0.217228
-0.219037
-0.167094
-0.170626
-0.174402
-0.177316
-0.179935
-0.182712
-0.185608
-0.188479
-0.191295
-0.19408
-0.196843
-0.199573
-0.202255
-0.204878
-0.207427
-0.209884
-0.212223
-0.214415
-0.216431
-0.218236
-0.167056
-0.17056
-0.174275
-0.177158
-0.179784
-0.182569
-0.185451
-0.188298
-0.19109
-0.193848
-0.196579
-0.199269
-0.201905
-0.204477
-0.206972
-0.209374
-0.211661
-0.213812
-0.215803
-0.217608
-0.167066
-0.170526
-0.174161
-0.177016
-0.179664
-0.182461
-0.18533
-0.188158
-0.190932
-0.193672
-0.196378
-0.199038
-0.201641
-0.204177
-0.206633
-0.208995
-0.211246
-0.213369
-0.215346
-0.217156
-0.167127
-0.170519
-0.174056
-0.176895
-0.179579
-0.182392
-0.185248
-0.188061
-0.190825
-0.193553
-0.196243
-0.198884
-0.201464
-0.203976
-0.206407
-0.208744
-0.210974
-0.213081
-0.215052
-0.216869
-0.167234
-0.170521
-0.173954
-0.176801
-0.179533
-0.182357
-0.185201
-0.188004
-0.190764
-0.193487
-0.196168
-0.198798
-0.201367
-0.203866
-0.206283
-0.208609
-0.210828
-0.212929
-0.214899
-0.216723
-0.167382
-0.170515
-0.173854
-0.176741
-0.179523
-0.182351
-0.185183
-0.187982
-0.190742
-0.193464
-0.196142
-0.198768
-0.201334
-0.203829
-0.206243
-0.208565
-0.210782
-0.212883
-0.214856
-0.216687
-0.167566
-0.17052
-0.173774
-0.176709
-0.17953
-0.18236
-0.185187
-0.187987
-0.19075
-0.193475
-0.196155
-0.198783
-0.201351
-0.20385
-0.206268
-0.208594
-0.210817
-0.212924
-0.214903
-0.216742
-0.234175
-0.229716
-0.229552
-0.229856
-0.229784
-0.229737
-0.229747
-0.22974
-0.229705
-0.229648
-0.22957
-0.229466
-0.229334
-0.229173
-0.228983
-0.228762
-0.228508
-0.228222
-0.227902
-0.227548
-0.227159
-0.226734
-0.226273
-0.225775
-0.225239
-0.224665
-0.224051
-0.223397
-0.222702
-0.221965
-0.221183
-0.220356
-0.219482
-0.218558
-0.217582
-0.216552
-0.215463
-0.214313
-0.213095
-0.211805
-0.210437
-0.208982
-0.207432
-0.205777
-0.204005
-0.202102
-0.200056
-0.197848
-0.195461
-0.192874
-0.190063
-0.186999
-0.183651
-0.179983
-0.17596
-0.171548
-0.166728
-0.161495
-0.155873
-0.149918
-0.143721
-0.137407
-0.131127
-0.125049
-0.119335
-0.114134
-0.109559
-0.105682
-0.102525
-0.100065
-0.0982411
-0.096964
-0.0961301
-0.0956334
-0.0953745
-0.0952667
-0.0952398
-0.0952394
-0.0952264
-0.0951739
-0.0950652
-0.0948904
-0.0946449
-0.0943273
-0.0939383
-0.0934797
-0.0929534
-0.0923601
-0.0917068
-0.0909939
-0.0902226
-0.0893953
-0.0885144
-0.0875816
-0.0865984
-0.0855664
-0.0844873
-0.0833625
-0.0821937
-0.0809824
-0.0797302
-0.0784389
-0.0771103
-0.0757461
-0.0743483
-0.0729189
-0.0714602
-0.0699742
-0.0684633
-0.0669299
-0.0653765
-0.0638057
-0.0622201
-0.0606225
-0.0590157
-0.0574023
-0.0557854
-0.0541678
-0.0525522
-0.0509416
-0.0493387
-0.0477463
-0.046167
-0.0446034
-0.043058
-0.041533
-0.0400307
-0.0385531
-0.0371021
-0.0356791
-0.0342859
-0.0329236
-0.0315932
-0.0302958
-0.029032
-0.0278023
-0.0266071
-0.0254466
-0.0243209
-0.0232297
-0.022173
-0.0211504
-0.0201615
-0.0192058
-0.0182827
-0.0173916
-0.0165318
-0.0157027
-0.0149034
-0.0141332
-0.0133914
-0.0126772
-0.0119898
-0.0113284
-0.0106924
-0.010081
-0.00949344
-0.00892908
-0.00838724
-0.00786728
-0.00736859
-0.00689056
-0.00643264
-0.00599426
-0.00557493
-0.00517412
-0.00479137
-0.00442622
-0.00407822
-0.00374696
-0.00343204
-0.00313306
-0.00284966
-0.00258148
-0.00232816
-0.00208939
-0.00186483
-0.00165417
-0.00145711
-0.00127335
-0.00110262
-0.000944624
-0.000799098
-0.000665779
-0.000544407
-0.000434731
-0.000336503
-0.000249477
-0.000173409
-0.000108052
-5.31419e-05
-8.41134e-06
2.65115e-05
5.18541e-05
6.87213e-05
7.58507e-05
8.12491e-05
6.21158e-05
0.000100146
-0.000126608
-0.233203
-0.229649
-0.229302
-0.229698
-0.229683
-0.229629
-0.229647
-0.229656
-0.229631
-0.229582
-0.229509
-0.229409
-0.229281
-0.229122
-0.228932
-0.22871
-0.228455
-0.228167
-0.227843
-0.227484
-0.227089
-0.226657
-0.226187
-0.225679
-0.225131
-0.224543
-0.223914
-0.223241
-0.222526
-0.221764
-0.220955
-0.220097
-0.219188
-0.218224
-0.217203
-0.21612
-0.214973
-0.213756
-0.212464
-0.211091
-0.209628
-0.208069
-0.206402
-0.204619
-0.202706
-0.20065
-0.198437
-0.196051
-0.193476
-0.190692
-0.187678
-0.184413
-0.18087
-0.177024
-0.172852
-0.168335
-0.163469
-0.158266
-0.152765
-0.147031
-0.141163
-0.135281
-0.129527
-0.124044
-0.118972
-0.114423
-0.110478
-0.107176
-0.104513
-0.102448
-0.100911
-0.0998118
-0.0990564
-0.098552
-0.098216
-0.0979798
-0.0977894
-0.0976052
-0.0973996
-0.0971547
-0.0968598
-0.096509
-0.0961001
-0.0956326
-0.0951075
-0.0945263
-0.0938906
-0.0931981
-0.0924572
-0.0916661
-0.0908254
-0.0899366
-0.089001
-0.0880197
-0.0869936
-0.0859235
-0.0848106
-0.0836557
-0.0824601
-0.0812248
-0.0799512
-0.0786405
-0.0772942
-0.0759138
-0.0745011
-0.0730577
-0.0715857
-0.0700869
-0.0685637
-0.0670181
-0.0654526
-0.0638696
-0.0622717
-0.0606615
-0.0590418
-0.0574153
-0.0557849
-0.0541533
-0.0525236
-0.0508984
-0.0492808
-0.0476734
-0.046079
-0.0445004
-0.0429399
-0.0414001
-0.0398833
-0.0383915
-0.0369267
-0.0354908
-0.0340852
-0.0327113
-0.0313703
-0.0300633
-0.0287908
-0.0275536
-0.026352
-0.0251863
-0.0240564
-0.0229624
-0.0219039
-0.0208807
-0.0198923
-0.0189382
-0.0180177
-0.0171301
-0.0162747
-0.0154508
-0.0146576
-0.0138941
-0.0131595
-0.012453
-0.0117738
-0.011121
-0.0104938
-0.00989139
-0.00931295
-0.00875776
-0.00822508
-0.00771421
-0.00722448
-0.00675525
-0.0063059
-0.00587587
-0.00546459
-0.00507154
-0.00469623
-0.00433817
-0.00399694
-0.00367209
-0.00336324
-0.00306998
-0.00279196
-0.00252882
-0.00228023
-0.00204587
-0.00182543
-0.0016186
-0.00142509
-0.00124463
-0.00107693
-0.000921742
-0.000778787
-0.000647822
-0.000528596
-0.000420864
-0.000324397
-0.000238958
-0.000164309
-0.000100223
-4.64524e-05
-2.74306e-06
3.12497e-05
5.57397e-05
7.17352e-05
7.80979e-05
8.20848e-05
6.31982e-05
9.46915e-05
-0.000110062
-0.232538
-0.229835
-0.229179
-0.229534
-0.229588
-0.229534
-0.229551
-0.229574
-0.229561
-0.229519
-0.229451
-0.229355
-0.229229
-0.229071
-0.22888
-0.228656
-0.228397
-0.228103
-0.227773
-0.227406
-0.227001
-0.226558
-0.226075
-0.225552
-0.224988
-0.22438
-0.223729
-0.223032
-0.222288
-0.221494
-0.22065
-0.219751
-0.218795
-0.217779
-0.2167
-0.215552
-0.214331
-0.213032
-0.211648
-0.210172
-0.208597
-0.206913
-0.20511
-0.203177
-0.201103
-0.198874
-0.196477
-0.193898
-0.191122
-0.188133
-0.184916
-0.181453
-0.177728
-0.173725
-0.169434
-0.16485
-0.159983
-0.15486
-0.149531
-0.144069
-0.138571
-0.133152
-0.127936
-0.123046
-0.11859
-0.11465
-0.111275
-0.108477
-0.10623
-0.104483
-0.103161
-0.102181
-0.101459
-0.100918
-0.100492
-0.100129
-0.0997899
-0.0994456
-0.099078
-0.0986754
-0.0982311
-0.0977417
-0.0972058
-0.0966234
-0.0959948
-0.095321
-0.0946023
-0.0938372
-0.0930308
-0.0921815
-0.0912892
-0.0903548
-0.0893787
-0.0883613
-0.0873032
-0.0862047
-0.0850664
-0.0838889
-0.0826731
-0.0814196
-0.0801296
-0.0788041
-0.0774442
-0.0760513
-0.0746269
-0.0731726
-0.07169
-0.0701811
-0.0686479
-0.0670924
-0.0655169
-0.0639239
-0.0623156
-0.0606949
-0.0590642
-0.0574264
-0.0557842
-0.0541406
-0.0524983
-0.0508604
-0.0492296
-0.0476088
-0.0460009
-0.0444085
-0.0428343
-0.0412809
-0.0397506
-0.0382457
-0.0367682
-0.03532
-0.0339027
-0.0325179
-0.0311667
-0.0298503
-0.0285694
-0.0273248
-0.0261168
-0.0249457
-0.0238116
-0.0227143
-0.0216538
-0.0206296
-0.0196412
-0.0186881
-0.0177695
-0.0168849
-0.0160333
-0.015214
-0.014426
-0.0136685
-0.0129405
-0.0122411
-0.0115694
-0.0109244
-0.0103054
-0.00971126
-0.00914129
-0.00859464
-0.00807051
-0.00756815
-0.00708682
-0.00662585
-0.00618459
-0.00576241
-0.00535873
-0.00497302
-0.00460474
-0.00425342
-0.0039186
-0.00359984
-0.00329675
-0.00300894
-0.00273604
-0.00247772
-0.00223364
-0.00200349
-0.00178697
-0.0015838
-0.00139369
-0.00121638
-0.00105159
-0.000899085
-0.000758596
-0.000629888
-0.000512722
-0.000406864
-0.00031209
-0.000228179
-0.000154905
-9.20523e-05
-3.93898e-05
3.31724e-06
3.6384e-05
6.00087e-05
7.50875e-05
8.06388e-05
8.2943e-05
6.45009e-05
8.75601e-05
-8.85366e-05
-0.231644
-0.229764
-0.229004
-0.22931
-0.229453
-0.229427
-0.229445
-0.229483
-0.229487
-0.229454
-0.229392
-0.229301
-0.229177
-0.229018
-0.228825
-0.228597
-0.228332
-0.22803
-0.22769
-0.227311
-0.226893
-0.226435
-0.225934
-0.225391
-0.224804
-0.224171
-0.223491
-0.222762
-0.221982
-0.221148
-0.220258
-0.219309
-0.218296
-0.217217
-0.216066
-0.214839
-0.21353
-0.212133
-0.210642
-0.209047
-0.207342
-0.205515
-0.203559
-0.201461
-0.19921
-0.196795
-0.194203
-0.191423
-0.188443
-0.185252
-0.181839
-0.178194
-0.17431
-0.170181
-0.165809
-0.161202
-0.156383
-0.151391
-0.146281
-0.141132
-0.136035
-0.131094
-0.126414
-0.122094
-0.118212
-0.114822
-0.111944
-0.109569
-0.107659
-0.106153
-0.104982
-0.104071
-0.103349
-0.102754
-0.102237
-0.101758
-0.10129
-0.100814
-0.100317
-0.0997916
-0.0992333
-0.0986399
-0.0980101
-0.0973436
-0.09664
-0.0958996
-0.0951216
-0.0943047
-0.0934517
-0.0925611
-0.0916324
-0.0906655
-0.0896606
-0.0886177
-0.0875367
-0.0864179
-0.0852614
-0.0840676
-0.0828372
-0.0815705
-0.0802686
-0.0789321
-0.0775622
-0.07616
-0.0747269
-0.0732642
-0.0717736
-0.0702569
-0.0687158
-0.0671525
-0.0655691
-0.0639679
-0.0623513
-0.0607219
-0.0590822
-0.0574349
-0.0557829
-0.054129
-0.0524761
-0.0508271
-0.0491849
-0.0475524
-0.0459326
-0.0443282
-0.0427418
-0.0411763
-0.0396339
-0.0381171
-0.036628
-0.0351685
-0.0337405
-0.0323455
-0.0309848
-0.0296596
-0.0283708
-0.027119
-0.0259048
-0.0247284
-0.0235899
-0.0224894
-0.0214265
-0.0204009
-0.0194121
-0.0184596
-0.0175425
-0.0166602
-0.0158117
-0.0149963
-0.0142129
-0.0134605
-0.0127383
-0.0120451
-0.0113801
-0.0107422
-0.0101304
-0.00954385
-0.00898156
-0.00844268
-0.00792635
-0.00743176
-0.00695814
-0.00650476
-0.00607092
-0.00565598
-0.00525933
-0.00488039
-0.00451863
-0.00417354
-0.00384467
-0.00353158
-0.00323384
-0.00295109
-0.00268297
-0.00242913
-0.00218925
-0.00196304
-0.0017502
-0.00155045
-0.00136352
-0.00118916
-0.0010271
-0.000877103
-0.000738928
-0.00061234
-0.000497112
-0.000393016
-0.00029984
-0.000217372
-0.000145399
-8.37171e-05
-3.21124e-05
9.63144e-06
4.17977e-05
6.45692e-05
7.87121e-05
8.34343e-05
8.38667e-05
6.60363e-05
7.92566e-05
-6.33492e-05
-0.230536
-0.22942
-0.228745
-0.229014
-0.229245
-0.229276
-0.229313
-0.229372
-0.229397
-0.229379
-0.229327
-0.229242
-0.22912
-0.228961
-0.228765
-0.22853
-0.228257
-0.227945
-0.227592
-0.227198
-0.226763
-0.226284
-0.225762
-0.225194
-0.224579
-0.223915
-0.2232
-0.222431
-0.221608
-0.220725
-0.219781
-0.218771
-0.217691
-0.216537
-0.215304
-0.213986
-0.212577
-0.211069
-0.209456
-0.20773
-0.205881
-0.2039
-0.201778
-0.199504
-0.197069
-0.194461
-0.191672
-0.188692
-0.185515
-0.182133
-0.178542
-0.17474
-0.170728
-0.166511
-0.162101
-0.157519
-0.152796
-0.14798
-0.143131
-0.138324
-0.133643
-0.129178
-0.125014
-0.121223
-0.117858
-0.114946
-0.112486
-0.110453
-0.108801
-0.10747
-0.106395
-0.105514
-0.10477
-0.104115
-0.103513
-0.102935
-0.102364
-0.101785
-0.10119
-0.100574
-0.0999327
-0.0992651
-0.0985693
-0.0978441
-0.0970888
-0.0963027
-0.095485
-0.0946326
-0.0937477
-0.0928292
-0.0918759
-0.0908871
-0.0898628
-0.0888024
-0.0877059
-0.0865731
-0.0854042
-0.0841992
-0.0829586
-0.0816828
-0.0803725
-0.0790283
-0.0776513
-0.0762424
-0.0748029
-0.0733342
-0.0718377
-0.0703151
-0.0687682
-0.0671989
-0.0656094
-0.0640019
-0.0623787
-0.0607423
-0.0590953
-0.0574404
-0.0557803
-0.054118
-0.0524562
-0.050798
-0.0491462
-0.0475038
-0.0458738
-0.044259
-0.0426622
-0.0410861
-0.0395331
-0.0380059
-0.0365065
-0.035037
-0.0335994
-0.0321952
-0.0308259
-0.0294926
-0.0281964
-0.026938
-0.0257179
-0.0245364
-0.0233938
-0.0222899
-0.0212246
-0.0201974
-0.0192079
-0.0182554
-0.0173393
-0.0164587
-0.0156128
-0.0148005
-0.0140209
-0.013273
-0.0125557
-0.0118679
-0.0112087
-0.0105769
-0.00997156
-0.00939163
-0.00883615
-0.00830417
-0.00779479
-0.00730714
-0.00684042
-0.00639384
-0.00596668
-0.00555827
-0.00516794
-0.00479513
-0.00443926
-0.00409983
-0.00377636
-0.0034684
-0.00317555
-0.00289741
-0.00263363
-0.00238388
-0.00214785
-0.00192523
-0.00171575
-0.00151913
-0.00133511
-0.00116345
-0.00100389
-0.000856204
-0.000720153
-0.000595515
-0.000482069
-0.000379597
-0.000287896
-0.000206761
-0.000135995
-7.54015e-05
-2.47855e-05
1.60521e-05
4.7362e-05
6.9313e-05
8.25296e-05
8.64342e-05
8.48976e-05
6.78066e-05
7.03476e-05
-3.603e-05
-0.229304
-0.228857
-0.228388
-0.228649
-0.228961
-0.229073
-0.229148
-0.229235
-0.229289
-0.229292
-0.229254
-0.229176
-0.229058
-0.228899
-0.228699
-0.228457
-0.228174
-0.227848
-0.22748
-0.227068
-0.226612
-0.22611
-0.22556
-0.224963
-0.224314
-0.223614
-0.222858
-0.222045
-0.221171
-0.220232
-0.219226
-0.218148
-0.216993
-0.215756
-0.214431
-0.213012
-0.211493
-0.209865
-0.208122
-0.206254
-0.204254
-0.202112
-0.199819
-0.197366
-0.194744
-0.191946
-0.188965
-0.185796
-0.182435
-0.178883
-0.17514
-0.171213
-0.16711
-0.162847
-0.158444
-0.153932
-0.14935
-0.144747
-0.140187
-0.135738
-0.131473
-0.127466
-0.12378
-0.120464
-0.117547
-0.115034
-0.112911
-0.111141
-0.109676
-0.108462
-0.107442
-0.106565
-0.105788
-0.105076
-0.104401
-0.103746
-0.103095
-0.10244
-0.101775
-0.101095
-0.100398
-0.0996798
-0.0989398
-0.098176
-0.0973867
-0.0965706
-0.0957255
-0.0948523
-0.0939465
-0.0930101
-0.0920409
-0.091038
-0.0900011
-0.0889295
-0.0878229
-0.0866811
-0.085504
-0.0842916
-0.0830443
-0.0817624
-0.0804465
-0.0790971
-0.0777152
-0.0763018
-0.0748579
-0.0733849
-0.0718842
-0.0703573
-0.0688062
-0.0672325
-0.0656385
-0.0640261
-0.0623979
-0.0607562
-0.0591035
-0.0574425
-0.0557761
-0.054107
-0.0524381
-0.0507723
-0.0491127
-0.0474622
-0.0458238
-0.0442003
-0.0425947
-0.0410096
-0.0394477
-0.0379115
-0.0364032
-0.0349251
-0.0334791
-0.0320669
-0.0306899
-0.0293495
-0.0280466
-0.0267822
-0.0255567
-0.0243706
-0.023224
-0.0221169
-0.0210491
-0.0200202
-0.0190298
-0.0180771
-0.0171616
-0.0162822
-0.0154381
-0.0146283
-0.0138518
-0.0131075
-0.0123943
-0.0117111
-0.0110568
-0.0104303
-0.00983046
-0.00925625
-0.00870664
-0.00818065
-0.00767731
-0.00719572
-0.00673503
-0.00629441
-0.00587313
-0.00547045
-0.00508571
-0.0047183
-0.00436766
-0.00403323
-0.00371455
-0.00341116
-0.00312264
-0.00284861
-0.00258871
-0.00234261
-0.00211001
-0.0018906
-0.00168413
-0.00149031
-0.0013089
-0.00113966
-0.000982343
-0.00083673
-0.000702588
-0.000579703
-0.000467862
-0.000366855
-0.000276485
-0.000196557
-0.000126885
-6.72839e-05
-1.75726e-05
2.24307e-05
5.29442e-05
7.41252e-05
8.64529e-05
8.95791e-05
8.60698e-05
6.97989e-05
6.14136e-05
-8.19819e-06
-0.228008
-0.228117
-0.227922
-0.228222
-0.228613
-0.228822
-0.228954
-0.229079
-0.229166
-0.229195
-0.229173
-0.229106
-0.228992
-0.228833
-0.228628
-0.228378
-0.228083
-0.227743
-0.227356
-0.226924
-0.226444
-0.225915
-0.225336
-0.224704
-0.224019
-0.223278
-0.222477
-0.221613
-0.220684
-0.219685
-0.218612
-0.21746
-0.216224
-0.214897
-0.213475
-0.21195
-0.210314
-0.208561
-0.206683
-0.204671
-0.202516
-0.200212
-0.197749
-0.19512
-0.192318
-0.18934
-0.18618
-0.182839
-0.179318
-0.175623
-0.17176
-0.167744
-0.163591
-0.159323
-0.15497
-0.150568
-0.146161
-0.1418
-0.137543
-0.133451
-0.129586
-0.126001
-0.122742
-0.119835
-0.117291
-0.115099
-0.113234
-0.111656
-0.11032
-0.109177
-0.108182
-0.107295
-0.106483
-0.105721
-0.10499
-0.104276
-0.103568
-0.102861
-0.102148
-0.101426
-0.100691
-0.099941
-0.0991729
-0.0983846
-0.0975741
-0.0967395
-0.0958784
-0.0949917
-0.0940728
-0.0931255
-0.0921466
-0.0911351
-0.0900904
-0.0890119
-0.0878991
-0.0867517
-0.0855695
-0.0843525
-0.083101
-0.0818152
-0.0804957
-0.079143
-0.0777579
-0.0763415
-0.0748947
-0.0734188
-0.0719152
-0.0703855
-0.0688313
-0.0672545
-0.0656572
-0.0640414
-0.0624094
-0.0607637
-0.0591067
-0.0574412
-0.0557698
-0.0540954
-0.0524209
-0.0507493
-0.0490835
-0.0474264
-0.0457812
-0.0441508
-0.0425379
-0.0409455
-0.0393762
-0.0378326
-0.036317
-0.0348316
-0.0333785
-0.0319594
-0.0305759
-0.0292293
-0.0279207
-0.026651
-0.0254207
-0.0242304
-0.0230802
-0.0219702
-0.0209
-0.0198694
-0.0188779
-0.0179248
-0.0170094
-0.0161309
-0.0152881
-0.0144803
-0.0137062
-0.0129649
-0.012255
-0.0115755
-0.0109253
-0.0103031
-0.00970787
-0.00913847
-0.00859382
-0.00807288
-0.00757468
-0.00709825
-0.00664271
-0.0062072
-0.00579095
-0.0053932
-0.00501328
-0.00465054
-0.00430441
-0.00397432
-0.0036598
-0.00336037
-0.00307562
-0.00280517
-0.00254865
-0.00230574
-0.00207613
-0.00185954
-0.00165569
-0.00146432
-0.0012852
-0.00111808
-0.000962737
-0.000818944
-0.000686481
-0.000565139
-0.000454712
-0.000354996
-0.000265803
-0.000186944
-0.000118244
-5.95265e-05
-1.06253e-05
2.86265e-05
5.84161e-05
7.88927e-05
9.03926e-05
9.28028e-05
8.74051e-05
7.19826e-05
5.30006e-05
1.85628e-05
-0.226689
-0.227256
-0.227361
-0.227747
-0.228223
-0.228535
-0.228739
-0.228909
-0.229033
-0.229092
-0.229089
-0.229034
-0.228926
-0.228766
-0.228557
-0.228298
-0.22799
-0.227633
-0.227227
-0.226771
-0.226265
-0.225707
-0.225096
-0.224429
-0.223704
-0.222919
-0.22207
-0.221154
-0.220166
-0.219103
-0.21796
-0.216731
-0.215411
-0.213993
-0.212471
-0.210837
-0.209085
-0.207207
-0.205194
-0.203039
-0.200734
-0.198273
-0.195647
-0.192853
-0.189886
-0.186743
-0.183425
-0.179937
-0.176283
-0.172476
-0.168529
-0.164461
-0.160296
-0.156064
-0.151798
-0.147538
-0.14333
-0.139223
-0.135269
-0.131519
-0.12802
-0.124811
-0.121916
-0.119347
-0.117098
-0.115151
-0.113474
-0.112028
-0.110773
-0.10967
-0.108681
-0.107777
-0.106934
-0.106134
-0.105361
-0.104605
-0.103859
-0.103117
-0.102373
-0.101624
-0.100866
-0.100096
-0.0993108
-0.0985079
-0.0976847
-0.0968392
-0.0959689
-0.0950742
-0.0941477
-0.0931937
-0.0922091
-0.0911926
-0.0901435
-0.0890609
-0.0879445
-0.0867938
-0.0856086
-0.0843889
-0.0831349
-0.0818468
-0.080525
-0.0791703
-0.0777833
-0.0763649
-0.0749163
-0.0734385
-0.0719331
-0.0704014
-0.0688452
-0.0672663
-0.0656667
-0.0640484
-0.0624138
-0.0607652
-0.0591051
-0.0574362
-0.0557612
-0.0540829
-0.0524042
-0.050728
-0.0490574
-0.0473954
-0.0457449
-0.0441089
-0.0424904
-0.0408922
-0.039317
-0.0377674
-0.0362458
-0.0347545
-0.0332956
-0.0318709
-0.0304819
-0.0291302
-0.0278167
-0.0265426
-0.0253083
-0.0241143
-0.022961
-0.0218483
-0.020776
-0.0197438
-0.0187512
-0.0177976
-0.0168821
-0.016004
-0.0151623
-0.0143558
-0.0135836
-0.0128445
-0.0121373
-0.0114608
-0.0108138
-0.0101952
-0.00960373
-0.00903825
-0.00849768
-0.00798093
-0.00748698
-0.00701484
-0.00656359
-0.00613236
-0.00572032
-0.00532672
-0.00495085
-0.00459205
-0.00424973
-0.00392331
-0.00361231
-0.00331625
-0.00303471
-0.0027673
-0.00251367
-0.00227348
-0.00204643
-0.00183223
-0.00163063
-0.00144137
-0.00126421
-0.00109891
-0.000945254
-0.000803025
-0.000672004
-0.000551989
-0.00044278
-0.000344178
-0.000256002
-0.000178069
-0.000110213
-5.22659e-05
-4.07452e-06
3.45155e-05
6.36627e-05
8.35108e-05
9.42629e-05
9.6037e-05
8.89104e-05
7.43112e-05
4.55779e-05
4.28227e-05
-0.225387
-0.226326
-0.226734
-0.227242
-0.227808
-0.228226
-0.22851
-0.228733
-0.228897
-0.228988
-0.229007
-0.228964
-0.228862
-0.228703
-0.228488
-0.228219
-0.227897
-0.227523
-0.227097
-0.226618
-0.226085
-0.225496
-0.224852
-0.224148
-0.223382
-0.222552
-0.221654
-0.220684
-0.219638
-0.218511
-0.217297
-0.215992
-0.214588
-0.21308
-0.21146
-0.209721
-0.207855
-0.205855
-0.203714
-0.201424
-0.198979
-0.196372
-0.193598
-0.190655
-0.18754
-0.184256
-0.180806
-0.177198
-0.173443
-0.169558
-0.165561
-0.161478
-0.157338
-0.153173
-0.149022
-0.144925
-0.140927
-0.137073
-0.133407
-0.129969
-0.126791
-0.123898
-0.121301
-0.118996
-0.116971
-0.115199
-0.11365
-0.11229
-0.111082
-0.109997
-0.109004
-0.108083
-0.107215
-0.106385
-0.105583
-0.1048
-0.104029
-0.103264
-0.102501
-0.101736
-0.100964
-0.100182
-0.0993864
-0.0985749
-0.0977444
-0.0968926
-0.0960169
-0.0951148
-0.0941873
-0.0932295
-0.0922414
-0.0912222
-0.0901706
-0.0890858
-0.0879673
-0.0868148
-0.0856279
-0.0844067
-0.0831512
-0.0818618
-0.0805388
-0.0791829
-0.0777947
-0.0763752
-0.0749255
-0.0734466
-0.07194
-0.0704071
-0.0688496
-0.0672693
-0.0656682
-0.0640483
-0.0624118
-0.0607613
-0.059099
-0.0574277
-0.0557501
-0.054069
-0.0523872
-0.0507078
-0.0490337
-0.0473679
-0.0457135
-0.0440734
-0.0424506
-0.0408479
-0.0392681
-0.0377139
-0.0361877
-0.0346918
-0.0332283
-0.031799
-0.0304057
-0.0290498
-0.0277325
-0.0264547
-0.025217
-0.0240201
-0.0228641
-0.0217491
-0.020675
-0.0196413
-0.0186477
-0.0176935
-0.0167779
-0.0159
-0.0150589
-0.0142535
-0.0134827
-0.0127453
-0.0120401
-0.011366
-0.0107216
-0.0101057
-0.00951722
-0.00895489
-0.0084176
-0.00790422
-0.0074137
-0.00694505
-0.00649729
-0.00606954
-0.00566096
-0.00527076
-0.00489821
-0.00454266
-0.00420348
-0.0038801
-0.00357201
-0.00327875
-0.00299987
-0.002735
-0.00248376
-0.00224584
-0.00202092
-0.00180874
-0.00160902
-0.00142151
-0.00124599
-0.00108222
-0.000929978
-0.00078906
-0.000659251
-0.000540351
-0.000432166
-0.000334503
-0.000247185
-0.000170036
-0.000102895
-4.56051e-05
1.97875e-06
3.99993e-05
6.859e-05
8.78921e-05
9.79892e-05
9.92173e-05
9.05794e-05
7.67271e-05
3.95086e-05
6.34067e-05
-0.224137
-0.225381
-0.226073
-0.226727
-0.22739
-0.227911
-0.22828
-0.22856
-0.228766
-0.228889
-0.228931
-0.228901
-0.228805
-0.228645
-0.228425
-0.228146
-0.227811
-0.227419
-0.226972
-0.226469
-0.225909
-0.225291
-0.224613
-0.223872
-0.223067
-0.222193
-0.221247
-0.220225
-0.219122
-0.217932
-0.216651
-0.215273
-0.213789
-0.212195
-0.210483
-0.208644
-0.206673
-0.204562
-0.202304
-0.199891
-0.197319
-0.194583
-0.19168
-0.188609
-0.185371
-0.181971
-0.178417
-0.17472
-0.170897
-0.166966
-0.162954
-0.158887
-0.1548
-0.150727
-0.146708
-0.142782
-0.138992
-0.135375
-0.131967
-0.128797
-0.125888
-0.123248
-0.12088
-0.118771
-0.116903
-0.11525
-0.113783
-0.112472
-0.111289
-0.110208
-0.109207
-0.108271
-0.107383
-0.106533
-0.105711
-0.10491
-0.104123
-0.103345
-0.10257
-0.101794
-0.101014
-0.100225
-0.0994234
-0.0986068
-0.0977721
-0.0969166
-0.0960378
-0.0951336
-0.0942029
-0.0932438
-0.0922536
-0.0912328
-0.0901798
-0.0890937
-0.0879742
-0.0868206
-0.0856329
-0.0844108
-0.0831546
-0.0818644
-0.0805407
-0.0791841
-0.0777954
-0.0763752
-0.0749248
-0.0734453
-0.071938
-0.0704044
-0.0688461
-0.0672649
-0.0656629
-0.0640419
-0.0624043
-0.0607525
-0.0590888
-0.0574159
-0.0557366
-0.0540535
-0.0523696
-0.0506879
-0.0490113
-0.0473429
-0.0456856
-0.0440426
-0.0424167
-0.0408108
-0.0392277
-0.03767
-0.0361403
-0.0346409
-0.033174
-0.0317413
-0.0303447
-0.0289856
-0.0276652
-0.0263845
-0.0251443
-0.0239449
-0.0227868
-0.02167
-0.0205943
-0.0195595
-0.018565
-0.0176102
-0.0166944
-0.0158166
-0.0149759
-0.0141713
-0.0134015
-0.0126653
-0.0119617
-0.0112893
-0.0106469
-0.0100332
-0.00944699
-0.00888712
-0.00835238
-0.00784166
-0.00735386
-0.00688795
-0.00644297
-0.00601799
-0.00561216
-0.00522468
-0.00485481
-0.00450186
-0.00416521
-0.00384428
-0.00353855
-0.00324755
-0.00297084
-0.00270802
-0.00245873
-0.00222265
-0.00199948
-0.00178893
-0.00159075
-0.00140468
-0.0012305
-0.00106797
-0.000916892
-0.000777048
-0.000648231
-0.000530246
-0.000422902
-0.000326011
-0.0002394
-0.000162898
-9.63504e-05
-3.96056e-05
7.47074e-06
4.50132e-05
7.31339e-05
9.19743e-05
0.000101516
0.000102291
9.23975e-05
7.91717e-05
3.50339e-05
7.94751e-05
-0.222972
-0.224464
-0.225414
-0.226223
-0.226988
-0.227607
-0.22806
-0.228398
-0.228646
-0.228801
-0.228865
-0.228847
-0.228757
-0.228597
-0.228372
-0.228083
-0.227734
-0.227326
-0.226858
-0.226332
-0.225746
-0.225099
-0.22439
-0.223615
-0.222771
-0.221856
-0.220865
-0.219794
-0.218638
-0.217392
-0.216048
-0.214602
-0.213046
-0.211374
-0.209578
-0.207652
-0.205587
-0.203377
-0.201016
-0.198497
-0.195818
-0.192973
-0.189963
-0.186789
-0.183454
-0.179966
-0.176337
-0.172582
-0.16872
-0.164774
-0.160773
-0.156747
-0.152732
-0.148765
-0.144883
-0.141124
-0.137524
-0.134116
-0.130927
-0.127977
-0.125276
-0.122828
-0.120624
-0.11865
-0.116886
-0.115307
-0.113887
-0.112601
-0.111427
-0.110343
-0.109334
-0.108385
-0.107483
-0.106618
-0.105783
-0.104971
-0.104173
-0.103386
-0.102604
-0.101823
-0.101037
-0.100243
-0.0994382
-0.0986184
-0.097781
-0.0969233
-0.0960426
-0.0951369
-0.0942046
-0.0932433
-0.0922529
-0.0912312
-0.0901773
-0.0890905
-0.0879703
-0.0868162
-0.0856279
-0.0844053
-0.0831487
-0.0818581
-0.080534
-0.0791771
-0.0777879
-0.0763675
-0.0749167
-0.0734368
-0.0719291
-0.070395
-0.0688363
-0.0672547
-0.065652
-0.0640305
-0.0623922
-0.0607396
-0.059075
-0.0574011
-0.0557207
-0.0540364
-0.0523512
-0.0506679
-0.0489897
-0.0473196
-0.0456604
-0.0440154
-0.0423873
-0.0407792
-0.0391938
-0.0376337
-0.0361016
-0.0345997
-0.0331303
-0.0316952
-0.0302962
-0.0289347
-0.0276121
-0.0263293
-0.0250871
-0.0238859
-0.0227262
-0.021608
-0.0205311
-0.0194953
-0.0185001
-0.0175449
-0.0166289
-0.0157511
-0.0149107
-0.0141066
-0.0133375
-0.0126023
-0.0118998
-0.0112287
-0.0105877
-0.00997569
-0.00939127
-0.00883326
-0.00830049
-0.00779179
-0.00730608
-0.0068423
-0.00639947
-0.00597664
-0.00557295
-0.00518759
-0.00481981
-0.0044689
-0.00413424
-0.00381524
-0.00351137
-0.00322215
-0.00294715
-0.00268596
-0.00243822
-0.00220361
-0.00198182
-0.00177257
-0.00157561
-0.00139069
-0.00121757
-0.00105605
-0.000905891
-0.000766903
-0.000638878
-0.000521624
-0.000414952
-0.000318679
-0.000232635
-0.000156653
-9.05843e-05
-3.42815e-05
1.23818e-05
4.95332e-05
7.72673e-05
9.57281e-05
0.000104815
0.000105228
9.43492e-05
8.15968e-05
3.22711e-05
9.05767e-05
-0.221921
-0.223614
-0.224789
-0.225752
-0.226619
-0.227328
-0.22786
-0.228256
-0.228544
-0.228728
-0.228812
-0.228807
-0.228721
-0.228561
-0.22833
-0.228033
-0.227671
-0.227246
-0.22676
-0.226213
-0.225603
-0.22493
-0.224191
-0.223385
-0.222507
-0.221555
-0.220524
-0.21941
-0.218207
-0.216909
-0.215511
-0.214006
-0.212387
-0.210648
-0.208781
-0.206779
-0.204634
-0.202342
-0.199896
-0.197291
-0.194524
-0.191594
-0.188501
-0.185249
-0.181844
-0.178296
-0.17462
-0.170833
-0.166958
-0.16302
-0.159051
-0.155082
-0.151149
-0.147289
-0.143537
-0.139927
-0.136492
-0.133256
-0.13024
-0.127456
-0.124908
-0.122593
-0.120499
-0.118611
-0.116908
-0.11537
-0.113973
-0.112697
-0.111523
-0.110434
-0.109416
-0.108456
-0.107543
-0.106669
-0.105825
-0.105005
-0.104201
-0.103408
-0.102621
-0.101835
-0.101046
-0.100249
-0.0994414
-0.0986194
-0.0977801
-0.0969207
-0.0960386
-0.0951317
-0.0941983
-0.0932363
-0.0922448
-0.0912223
-0.0901679
-0.0890805
-0.0879599
-0.0868053
-0.0856166
-0.0843937
-0.0831367
-0.0818458
-0.0805215
-0.0791643
-0.0777749
-0.0763542
-0.0749032
-0.0734231
-0.0719152
-0.0703809
-0.0688219
-0.06724
-0.0656371
-0.0640152
-0.0623765
-0.0607234
-0.0590584
-0.057384
-0.0557028
-0.0540178
-0.0523318
-0.0506477
-0.0489686
-0.0472973
-0.045637
-0.0439907
-0.0423613
-0.0407518
-0.0391649
-0.0376033
-0.0360696
-0.0345661
-0.033095
-0.0316583
-0.0302576
-0.0288946
-0.0275704
-0.0262861
-0.0250425
-0.0238401
-0.0226793
-0.0215601
-0.0204824
-0.0194459
-0.0184502
-0.0174946
-0.0165784
-0.0157007
-0.0148605
-0.0140567
-0.0132881
-0.0125537
-0.011852
-0.0111819
-0.010542
-0.00993115
-0.00934803
-0.00879142
-0.0082601
-0.00775293
-0.00726879
-0.00680661
-0.00636539
-0.00594419
-0.00554213
-0.00515838
-0.00479218
-0.00444284
-0.0041097
-0.00379217
-0.00348973
-0.00320189
-0.0029282
-0.00266827
-0.00242174
-0.00218826
-0.00196754
-0.0017593
-0.00156329
-0.00137926
-0.00120697
-0.00104622
-0.000896779
-0.000758457
-0.000631047
-0.000514361
-0.000408212
-0.000312419
-0.000226818
-0.000151243
-8.55495e-05
-2.9595e-05
1.67412e-05
5.35813e-05
8.10064e-05
9.91637e-05
0.000107891
0.000108023
9.64278e-05
8.39771e-05
3.12251e-05
9.66749e-05
-0.221008
-0.222862
-0.224228
-0.225335
-0.226298
-0.227088
-0.22769
-0.228138
-0.228463
-0.228673
-0.228775
-0.22878
-0.228699
-0.228538
-0.228302
-0.227996
-0.227623
-0.227184
-0.226681
-0.226115
-0.225484
-0.224788
-0.224025
-0.223191
-0.222284
-0.2213
-0.220235
-0.219084
-0.217842
-0.216502
-0.215058
-0.213505
-0.211834
-0.21004
-0.208115
-0.206052
-0.203845
-0.201488
-0.198976
-0.196305
-0.193473
-0.190479
-0.187327
-0.184021
-0.180571
-0.176987
-0.173287
-0.169491
-0.165622
-0.161709
-0.157783
-0.153877
-0.150026
-0.146264
-0.142625
-0.13914
-0.135835
-0.13273
-0.129841
-0.127173
-0.124726
-0.122495
-0.120468
-0.118628
-0.116958
-0.115437
-0.114049
-0.112773
-0.111595
-0.110499
-0.109473
-0.108504
-0.107584
-0.106703
-0.105852
-0.105026
-0.104217
-0.10342
-0.10263
-0.101841
-0.101049
-0.10025
-0.0994398
-0.098616
-0.097775
-0.0969141
-0.0960308
-0.0951228
-0.0941883
-0.0932256
-0.0922333
-0.09121
-0.0901549
-0.0890671
-0.0879461
-0.086791
-0.0856019
-0.0843787
-0.0831214
-0.0818302
-0.0805057
-0.0791482
-0.0777586
-0.0763377
-0.0748865
-0.0734062
-0.0718981
-0.0703637
-0.0688046
-0.0672225
-0.0656194
-0.0639973
-0.0623584
-0.0607051
-0.0590398
-0.0573651
-0.0556837
-0.0539983
-0.0523119
-0.0506273
-0.0489477
-0.0472758
-0.0456149
-0.0439679
-0.0423378
-0.0407275
-0.0391398
-0.0375773
-0.0360426
-0.0345382
-0.0330661
-0.0316284
-0.0302267
-0.0288627
-0.0275376
-0.0262524
-0.0250079
-0.0238047
-0.0226432
-0.0215233
-0.0204451
-0.0194082
-0.0184122
-0.0174564
-0.0165402
-0.0156625
-0.0148225
-0.0140189
-0.0132508
-0.0125168
-0.0118157
-0.0111463
-0.0105073
-0.0098973
-0.00931514
-0.00875954
-0.0082293
-0.00772324
-0.00724024
-0.00677924
-0.00633922
-0.00591922
-0.00551836
-0.0051358
-0.00477079
-0.0044226
-0.00409059
-0.00377417
-0.00347281
-0.00318599
-0.0029133
-0.00265431
-0.00240868
-0.00217605
-0.00195615
-0.00174867
-0.00155338
-0.00137001
-0.00119836
-0.00103819
-0.00088929
-0.000751469
-0.000624524
-0.000508266
-0.000402512
-0.000307083
-0.000221816
-0.000146551
-8.11429e-05
-2.54551e-05
2.06291e-05
5.72282e-05
8.44131e-05
0.000102335
0.000110788
0.000110709
9.86439e-05
8.632e-05
3.18093e-05
9.81461e-05
-0.220251
-0.222231
-0.223753
-0.224987
-0.226037
-0.226895
-0.227557
-0.228051
-0.228407
-0.228638
-0.228755
-0.228769
-0.228691
-0.228529
-0.228289
-0.227975
-0.227591
-0.227141
-0.226624
-0.226042
-0.225394
-0.224679
-0.223895
-0.223039
-0.222109
-0.2211
-0.220008
-0.218827
-0.217553
-0.21618
-0.214701
-0.21311
-0.2114
-0.209564
-0.207596
-0.205488
-0.203234
-0.20083
-0.19827
-0.195552
-0.192675
-0.18964
-0.18645
-0.183113
-0.179637
-0.176038
-0.172332
-0.168541
-0.164692
-0.160811
-0.156931
-0.153085
-0.149306
-0.145626
-0.142077
-0.138686
-0.135475
-0.132461
-0.129655
-0.12706
-0.124674
-0.122491
-0.120497
-0.11868
-0.117022
-0.115507
-0.114117
-0.112838
-0.111653
-0.11055
-0.109517
-0.108541
-0.107615
-0.106728
-0.105872
-0.105042
-0.104229
-0.103429
-0.102636
-0.101844
-0.10105
-0.100249
-0.0994371
-0.0986116
-0.0977691
-0.0969069
-0.0960223
-0.0951132
-0.0941778
-0.0932142
-0.092221
-0.0911971
-0.0901413
-0.0890529
-0.087931
-0.0867757
-0.0855863
-0.0843626
-0.0831049
-0.0818134
-0.0804886
-0.0791309
-0.077741
-0.0763199
-0.0748685
-0.073388
-0.0718797
-0.0703451
-0.0687858
-0.0672036
-0.0656004
-0.0639781
-0.0623391
-0.0606857
-0.0590203
-0.0573454
-0.0556639
-0.0539784
-0.0522918
-0.050607
-0.0489271
-0.0472551
-0.0455939
-0.0439467
-0.0423162
-0.0407055
-0.0391174
-0.0375545
-0.0360194
-0.0345145
-0.033042
-0.0316037
-0.0302016
-0.028837
-0.0275114
-0.0262257
-0.0249808
-0.0237772
-0.0226153
-0.0214951
-0.0204166
-0.0193795
-0.0183834
-0.0174276
-0.0165113
-0.0156337
-0.0147939
-0.0139906
-0.0132228
-0.0124892
-0.0117886
-0.0111197
-0.0104812
-0.00987189
-0.00929042
-0.00873556
-0.00820609
-0.00770084
-0.00721867
-0.00675852
-0.00631936
-0.00590023
-0.00550024
-0.00511855
-0.00475439
-0.00440704
-0.00407586
-0.00376025
-0.00345966
-0.00317361
-0.00290164
-0.00264335
-0.00239837
-0.00216638
-0.00194707
-0.00174016
-0.00154539
-0.00136252
-0.00119133
-0.00103159
-0.000883089
-0.000745637
-0.000619032
-0.000503089
-0.000397624
-0.000302463
-0.000217442
-0.000142405
-7.72089e-05
-2.17197e-05
2.41756e-05
6.05928e-05
8.7596e-05
0.000105339
0.000113593
0.000113356
0.000101033
8.86718e-05
3.38733e-05
9.57579e-05
-0.219659
-0.221733
-0.223379
-0.22472
-0.225842
-0.226755
-0.227464
-0.227995
-0.228376
-0.228624
-0.228752
-0.228773
-0.228697
-0.228533
-0.228288
-0.227968
-0.227577
-0.227116
-0.226589
-0.225994
-0.225333
-0.224604
-0.223804
-0.222932
-0.221984
-0.220956
-0.219844
-0.218642
-0.217346
-0.215949
-0.214445
-0.212827
-0.211089
-0.209224
-0.207225
-0.205086
-0.202801
-0.200366
-0.197776
-0.195029
-0.192125
-0.189066
-0.185856
-0.182503
-0.179018
-0.175416
-0.171716
-0.16794
-0.164114
-0.160267
-0.156429
-0.152633
-0.14891
-0.145292
-0.141807
-0.13848
-0.13533
-0.132372
-0.129613
-0.127058
-0.124703
-0.122541
-0.120561
-0.11875
-0.117093
-0.115575
-0.114181
-0.112895
-0.111703
-0.110593
-0.109553
-0.108572
-0.10764
-0.106749
-0.10589
-0.105056
-0.10424
-0.103437
-0.102641
-0.101848
-0.101051
-0.100249
-0.0994354
-0.0986084
-0.0977645
-0.096901
-0.0960152
-0.0951051
-0.0941686
-0.0932041
-0.0922101
-0.0911854
-0.0901289
-0.0890398
-0.0879174
-0.0867614
-0.0855713
-0.0843473
-0.0830892
-0.0817973
-0.0804721
-0.079114
-0.0777238
-0.0763024
-0.0748507
-0.0733699
-0.0718614
-0.0703266
-0.0687671
-0.0671847
-0.0655813
-0.063959
-0.0623199
-0.0606663
-0.0590008
-0.0573259
-0.0556442
-0.0539587
-0.052272
-0.0505872
-0.0489073
-0.0472352
-0.0455739
-0.0439266
-0.0422961
-0.0406853
-0.0390971
-0.0375341
-0.0359989
-0.0344938
-0.0330211
-0.0315827
-0.0301804
-0.0288157
-0.0274899
-0.026204
-0.024959
-0.0237552
-0.0225932
-0.0214729
-0.0203944
-0.0193572
-0.0183611
-0.0174054
-0.0164892
-0.0156118
-0.0147721
-0.0139691
-0.0132015
-0.0124683
-0.0117681
-0.0110996
-0.0104616
-0.00985272
-0.00927177
-0.00871745
-0.00818854
-0.00768387
-0.00720231
-0.00674276
-0.00630422
-0.00588571
-0.00548635
-0.00510528
-0.00474173
-0.00439499
-0.00406441
-0.00374937
-0.00344935
-0.00316383
-0.00289239
-0.0026346
-0.00239011
-0.00215857
-0.00193969
-0.00173319
-0.0015388
-0.00135629
-0.00118543
-0.001026
-0.000877788
-0.000740601
-0.000614241
-0.000498524
-0.000393267
-0.000298299
-0.000213455
-0.000138583
-7.35406e-05
-1.81967e-05
2.75594e-05
6.38419e-05
9.07102e-05
0.00010832
0.000116433
0.000116077
0.000103666
9.11205e-05
3.72349e-05
9.06292e-05
-0.219234
-0.221375
-0.223114
-0.224536
-0.225714
-0.226669
-0.227412
-0.227969
-0.228369
-0.228629
-0.228765
-0.228789
-0.228714
-0.228549
-0.228301
-0.227976
-0.227578
-0.227111
-0.226575
-0.225972
-0.225302
-0.224562
-0.223752
-0.222869
-0.221909
-0.220868
-0.219743
-0.218527
-0.217216
-0.215803
-0.214283
-0.212648
-0.210893
-0.20901
-0.206993
-0.204836
-0.202533
-0.20008
-0.197473
-0.194711
-0.191794
-0.188723
-0.185506
-0.182149
-0.178665
-0.17507
-0.171381
-0.167622
-0.163819
-0.16
-0.156195
-0.152435
-0.148752
-0.145174
-0.141729
-0.138439
-0.135322
-0.132392
-0.129657
-0.127118
-0.124774
-0.122617
-0.120638
-0.118825
-0.117163
-0.115639
-0.114238
-0.112945
-0.111746
-0.11063
-0.109585
-0.108599
-0.107663
-0.106768
-0.105905
-0.105069
-0.104251
-0.103446
-0.102648
-0.101852
-0.101054
-0.10025
-0.0994355
-0.0986072
-0.0977621
-0.0968974
-0.0960106
-0.0950994
-0.094162
-0.0931966
-0.0922018
-0.0911763
-0.0901191
-0.0890293
-0.0879063
-0.0867496
-0.085559
-0.0843343
-0.0830757
-0.0817834
-0.0804576
-0.0790991
-0.0777085
-0.0762867
-0.0748346
-0.0733535
-0.0718447
-0.0703096
-0.0687498
-0.0671671
-0.0655635
-0.0639409
-0.0623016
-0.0606479
-0.0589822
-0.0573072
-0.0556255
-0.0539398
-0.0522531
-0.0505683
-0.0488883
-0.0472162
-0.045555
-0.0439076
-0.0422772
-0.0406664
-0.0390782
-0.0375153
-0.0359801
-0.0344751
-0.0330024
-0.031564
-0.0301617
-0.028797
-0.0274713
-0.0261854
-0.0249404
-0.0237367
-0.0225747
-0.0214545
-0.020376
-0.019339
-0.018343
-0.0173874
-0.0164715
-0.0155943
-0.0147548
-0.013952
-0.0131848
-0.0124518
-0.0117519
-0.0110838
-0.0104462
-0.0098377
-0.00925714
-0.00870324
-0.00817477
-0.00767054
-0.00718942
-0.00673033
-0.00629225
-0.0058742
-0.00547529
-0.00509467
-0.00473157
-0.00438528
-0.00405512
-0.00374051
-0.00344089
-0.00315577
-0.0028847
-0.00262728
-0.00238313
-0.00215193
-0.00193336
-0.00172716
-0.00153305
-0.0013508
-0.00118018
-0.00102097
-0.000872966
-0.000735971
-0.000609788
-0.000494233
-0.000389125
-0.000294295
-0.000209579
-0.000134826
-6.98968e-05
-1.46594e-05
3.09939e-05
6.71763e-05
9.3945e-05
0.000111455
0.000119471
0.000119017
0.000106641
9.37857e-05
4.1703e-05
8.4154e-05
-0.218965
-0.22115
-0.222953
-0.224434
-0.22565
-0.226631
-0.227397
-0.227972
-0.228383
-0.22865
-0.22879
-0.228816
-0.228741
-0.228575
-0.228324
-0.227996
-0.227594
-0.227122
-0.226582
-0.225973
-0.225297
-0.224551
-0.223735
-0.222844
-0.221877
-0.22083
-0.219697
-0.218473
-0.217154
-0.215733
-0.214204
-0.21256
-0.210796
-0.208904
-0.206878
-0.204712
-0.202401
-0.19994
-0.197327
-0.194559
-0.191638
-0.188566
-0.185349
-0.181995
-0.178517
-0.17493
-0.171254
-0.16751
-0.163724
-0.159925
-0.156142
-0.152405
-0.148745
-0.145189
-0.141764
-0.138491
-0.135389
-0.132469
-0.12974
-0.127204
-0.12486
-0.1227
-0.120716
-0.118896
-0.117227
-0.115696
-0.114287
-0.112987
-0.111783
-0.110662
-0.109611
-0.108621
-0.107682
-0.106784
-0.105919
-0.10508
-0.104261
-0.103454
-0.102655
-0.101858
-0.101059
-0.100253
-0.0994375
-0.0986081
-0.0977621
-0.0968965
-0.0960088
-0.0950967
-0.0941585
-0.0931923
-0.0921968
-0.0911705
-0.0901126
-0.0890221
-0.0878985
-0.0867412
-0.08555
-0.0843247
-0.0830655
-0.0817726
-0.0804463
-0.0790873
-0.0776962
-0.0762739
-0.0748213
-0.0733398
-0.0718305
-0.070295
-0.0687348
-0.0671518
-0.0655478
-0.0639249
-0.0622852
-0.0606313
-0.0589653
-0.0572901
-0.0556081
-0.0539223
-0.0522354
-0.0505505
-0.0488704
-0.0471983
-0.045537
-0.0438896
-0.0422592
-0.0406485
-0.0390603
-0.0374974
-0.0359623
-0.0344573
-0.0329847
-0.0315464
-0.0301442
-0.0287797
-0.027454
-0.0261683
-0.0249234
-0.0237199
-0.022558
-0.021438
-0.0203597
-0.0193229
-0.0183271
-0.0173717
-0.016456
-0.0155791
-0.0147399
-0.0139374
-0.0131704
-0.0124378
-0.0117382
-0.0110704
-0.0104331
-0.00982498
-0.00924479
-0.00869124
-0.00816313
-0.00765927
-0.00717852
-0.0067198
-0.00628207
-0.00586439
-0.00546583
-0.00508557
-0.00472282
-0.00437686
-0.00404703
-0.00373274
-0.00343343
-0.00314861
-0.00287783
-0.00262068
-0.0023768
-0.00214585
-0.00192752
-0.00172153
-0.00152763
-0.00134557
-0.00117513
-0.00101609
-0.000868248
-0.000731396
-0.000605345
-0.000489912
-0.000384916
-0.00029019
-0.00020557
-0.000130908
-6.6063e-05
-1.09067e-05
3.46679e-05
7.07733e-05
9.74665e-05
0.000114899
0.00012285
0.000122304
0.000110044
9.67596e-05
4.70614e-05
7.78425e-05
-0.218831
-0.221039
-0.222882
-0.224399
-0.225638
-0.226633
-0.22741
-0.227995
-0.228412
-0.228683
-0.228824
-0.228851
-0.228776
-0.228608
-0.228356
-0.228026
-0.227622
-0.227147
-0.226604
-0.225992
-0.225313
-0.224564
-0.223745
-0.222851
-0.221881
-0.22083
-0.219694
-0.218467
-0.217144
-0.21572
-0.214187
-0.212541
-0.210773
-0.208878
-0.20685
-0.204681
-0.202369
-0.199907
-0.197293
-0.194526
-0.191606
-0.188537
-0.185324
-0.181976
-0.178505
-0.174926
-0.171259
-0.167526
-0.163752
-0.159965
-0.156194
-0.152468
-0.148818
-0.145271
-0.141853
-0.138585
-0.135485
-0.132565
-0.129834
-0.127294
-0.124943
-0.122776
-0.120785
-0.118957
-0.117281
-0.115743
-0.114327
-0.113022
-0.111812
-0.110687
-0.109633
-0.10864
-0.107698
-0.106797
-0.105931
-0.105091
-0.10427
-0.103462
-0.102661
-0.101864
-0.101064
-0.100258
-0.0994412
-0.0986112
-0.0977645
-0.0968982
-0.0960099
-0.0950972
-0.0941584
-0.0931916
-0.0921954
-0.0911685
-0.0901099
-0.0890189
-0.0878946
-0.0867367
-0.0855448
-0.084319
-0.0830592
-0.0817656
-0.0804388
-0.0790791
-0.0776874
-0.0762645
-0.0748114
-0.0733293
-0.0718195
-0.0702834
-0.0687227
-0.0671391
-0.0655346
-0.0639113
-0.0622712
-0.0606168
-0.0589504
-0.0572747
-0.0555924
-0.0539062
-0.0522191
-0.0505338
-0.0488535
-0.0471811
-0.0455196
-0.0438721
-0.0422415
-0.0406307
-0.0390425
-0.0374795
-0.0359444
-0.0344394
-0.0329668
-0.0315286
-0.0301265
-0.028762
-0.0274365
-0.026151
-0.0249062
-0.0237028
-0.0225412
-0.0214214
-0.0203433
-0.0193068
-0.0183113
-0.0173562
-0.0164407
-0.0155641
-0.0147252
-0.0139231
-0.0131565
-0.0124242
-0.0117249
-0.0110575
-0.0104206
-0.00981282
-0.00923298
-0.0086798
-0.00815205
-0.00764854
-0.00716814
-0.00670976
-0.00627238
-0.00585503
-0.0054568
-0.00507685
-0.0047144
-0.00436874
-0.00403919
-0.00372518
-0.00342613
-0.00314157
-0.00287103
-0.00261411
-0.00237045
-0.0021397
-0.00192157
-0.00171577
-0.00152204
-0.00134015
-0.00116986
-0.00101096
-0.000863244
-0.000726512
-0.00060057
-0.00048524
-0.000380337
-0.000285699
-0.00020116
-0.000126573
-6.18011e-05
-6.71352e-06
3.87949e-05
7.48352e-05
0.000101466
0.000118833
0.000126738
0.000126091
0.000114
0.000100144
5.31486e-05
7.32312e-05
-0.218803
-0.221023
-0.222887
-0.224421
-0.22567
-0.226671
-0.227453
-0.228041
-0.22846
-0.228731
-0.228872
-0.228899
-0.228822
-0.228654
-0.2284
-0.228068
-0.227663
-0.227187
-0.226642
-0.226029
-0.225349
-0.224599
-0.223778
-0.222884
-0.221913
-0.220862
-0.219725
-0.218497
-0.217175
-0.21575
-0.214218
-0.212572
-0.210805
-0.208911
-0.206884
-0.204718
-0.202407
-0.199948
-0.197337
-0.194574
-0.191658
-0.188594
-0.185386
-0.182043
-0.178578
-0.175006
-0.171345
-0.167618
-0.16385
-0.160068
-0.156301
-0.152578
-0.14893
-0.145383
-0.141963
-0.138692
-0.135587
-0.132661
-0.129923
-0.127375
-0.125016
-0.122841
-0.120842
-0.119006
-0.117323
-0.115778
-0.114357
-0.113047
-0.111834
-0.110705
-0.109648
-0.108653
-0.107709
-0.106808
-0.10594
-0.105099
-0.104277
-0.103469
-0.102669
-0.101871
-0.10107
-0.100264
-0.0994472
-0.0986169
-0.0977699
-0.0969033
-0.0960146
-0.0951015
-0.0941623
-0.093195
-0.0921983
-0.0911709
-0.0901118
-0.0890201
-0.0878952
-0.0867367
-0.0855442
-0.0843177
-0.0830572
-0.081763
-0.0804354
-0.0790751
-0.0776827
-0.076259
-0.0748052
-0.0733223
-0.0718117
-0.0702749
-0.0687134
-0.0671291
-0.0655238
-0.0638997
-0.0622589
-0.0606037
-0.0589366
-0.0572603
-0.0555773
-0.0538904
-0.0522026
-0.0505168
-0.0488359
-0.0471629
-0.0455009
-0.043853
-0.0422219
-0.0406107
-0.0390221
-0.0374589
-0.0359235
-0.0344184
-0.0329456
-0.0315073
-0.0301052
-0.0287407
-0.0274152
-0.0261297
-0.0248851
-0.0236819
-0.0225205
-0.0214009
-0.0203232
-0.0192869
-0.0182918
-0.017337
-0.016422
-0.0155458
-0.0147074
-0.0139057
-0.0131395
-0.0124077
-0.0117089
-0.011042
-0.0104055
-0.00979826
-0.0092189
-0.00866619
-0.00813889
-0.00763584
-0.00715587
-0.00669792
-0.00626095
-0.00584399
-0.00544614
-0.00506656
-0.00470446
-0.00435913
-0.00402991
-0.00371619
-0.00341744
-0.00313315
-0.00286287
-0.0026062
-0.00236277
-0.00213225
-0.00191432
-0.00170871
-0.00151517
-0.00133344
-0.00116331
-0.00100456
-0.00085698
-0.000720375
-0.000594551
-0.00047933
-0.000374529
-0.000279985
-0.000195534
-0.00012103
-5.63354e-05
-1.32146e-06
4.41172e-05
8.00894e-05
0.000106657
0.000123956
0.000131821
0.000131053
0.000119153
0.000104559
6.02724e-05
7.23006e-05
-0.218864
-0.22109
-0.222964
-0.224504
-0.225754
-0.226754
-0.227535
-0.228121
-0.228538
-0.228807
-0.228946
-0.22897
-0.228891
-0.228721
-0.228465
-0.228132
-0.227725
-0.227248
-0.226702
-0.226089
-0.225408
-0.224658
-0.223838
-0.222944
-0.221974
-0.220923
-0.219787
-0.218562
-0.217241
-0.215819
-0.21429
-0.212646
-0.210883
-0.208993
-0.206969
-0.204807
-0.202501
-0.200047
-0.197442
-0.194683
-0.191773
-0.188714
-0.185512
-0.182174
-0.178713
-0.175145
-0.171487
-0.167762
-0.163994
-0.160212
-0.156443
-0.152717
-0.149063
-0.14551
-0.142083
-0.138803
-0.135688
-0.132753
-0.130004
-0.127446
-0.125077
-0.122893
-0.120885
-0.119043
-0.117353
-0.115802
-0.114377
-0.113063
-0.111846
-0.110715
-0.109657
-0.108661
-0.107716
-0.106814
-0.105947
-0.105106
-0.104284
-0.103476
-0.102676
-0.101879
-0.101079
-0.100272
-0.0994561
-0.098626
-0.097779
-0.0969124
-0.0960236
-0.0951104
-0.0941709
-0.0932033
-0.0922063
-0.0911784
-0.0901188
-0.0890266
-0.0879011
-0.0867419
-0.0855487
-0.0843215
-0.0830602
-0.0817651
-0.0804367
-0.0790754
-0.077682
-0.0762574
-0.0748025
-0.0733186
-0.0718069
-0.070269
-0.0687064
-0.067121
-0.0655146
-0.0638893
-0.0622473
-0.060591
-0.0589228
-0.0572452
-0.0555611
-0.0538731
-0.0521842
-0.0504973
-0.0488153
-0.0471414
-0.0454785
-0.0438296
-0.0421977
-0.0405857
-0.0389964
-0.0374325
-0.0358966
-0.034391
-0.0329178
-0.0314792
-0.0300768
-0.0287121
-0.0273865
-0.0261011
-0.0248565
-0.0236535
-0.0224923
-0.021373
-0.0202956
-0.0192597
-0.018265
-0.0173108
-0.0163963
-0.0155207
-0.0146829
-0.0138818
-0.0131164
-0.0123852
-0.0116872
-0.0110209
-0.0103851
-0.00977856
-0.00919988
-0.00864783
-0.00812119
-0.00761876
-0.00713941
-0.00668205
-0.00624564
-0.00582923
-0.0054319
-0.00505282
-0.00469119
-0.00434631
-0.00401751
-0.00370419
-0.00340581
-0.00312188
-0.00285193
-0.00259557
-0.00235244
-0.00212219
-0.00190452
-0.00169915
-0.00150583
-0.00132432
-0.00115439
-0.000995821
-0.000848414
-0.00071197
-0.000586297
-0.000471215
-0.000366544
-0.000272122
-0.000187784
-0.000113386
-4.87908e-05
6.12955e-06
5.14807e-05
8.73692e-05
0.000113861
0.000131079
0.000138893
0.000137996
0.000126226
0.00011092
6.86536e-05
7.68505e-05
-0.229325
-0.229438
-0.229479
-0.229527
-0.229561
-0.229587
-0.229598
-0.229593
-0.229567
-0.229519
-0.229447
-0.229348
-0.229223
-0.229069
-0.228885
-0.228671
-0.228426
-0.228149
-0.227839
-0.227496
-0.22712
-0.22671
-0.226266
-0.225787
-0.225273
-0.224724
-0.224139
-0.223519
-0.222862
-0.222168
-0.221438
-0.22067
-0.219864
-0.21902
-0.218136
-0.217212
-0.216247
-0.21524
-0.214188
-0.213089
-0.211941
-0.210742
-0.209486
-0.208169
-0.206785
-0.205327
-0.203787
-0.202153
-0.200411
-0.198544
-0.196525
-0.194322
-0.191888
-0.189164
-0.186073
-0.182522
-0.178403
-0.173601
-0.168001
-0.161506
-0.154051
-0.145625
-0.136279
-0.126136
-0.115397
-0.104328
-0.0932457
-0.0824976
-0.0724243
-0.0633408
-0.0555027
-0.0490954
-0.0442161
-0.0408776
-0.0390126
-0.0384873
-0.0391205
-0.0407041
-0.043021
-0.0458601
-0.0490275
-0.0523544
-0.0556998
-0.0589518
-0.0620262
-0.0648637
-0.0674227
-0.0696824
-0.0716352
-0.0732817
-0.0746304
-0.0756951
-0.0764929
-0.0770427
-0.0773642
-0.077477
-0.0774002
-0.077152
-0.0767497
-0.0762091
-0.075545
-0.0747708
-0.0738988
-0.0729403
-0.0719054
-0.0708034
-0.0696428
-0.068431
-0.0671751
-0.0658813
-0.0645554
-0.0632025
-0.0618275
-0.0604346
-0.0590279
-0.057611
-0.0561872
-0.0547597
-0.0533311
-0.0519041
-0.0504811
-0.0490641
-0.0476551
-0.046256
-0.0448683
-0.0434935
-0.042133
-0.040788
-0.0394595
-0.0381486
-0.0368562
-0.0355831
-0.0343299
-0.0330975
-0.0318862
-0.0306968
-0.0295295
-0.0283849
-0.0272634
-0.0261651
-0.0250904
-0.0240396
-0.0230127
-0.02201
-0.0210316
-0.0200776
-0.0191481
-0.0182431
-0.0173627
-0.0165068
-0.0156755
-0.0148687
-0.0140865
-0.0133287
-0.0125953
-0.0118861
-0.0112011
-0.0105401
-0.00990288
-0.00928936
-0.00869926
-0.00813235
-0.00758835
-0.00706698
-0.0065679
-0.00609077
-0.00563524
-0.00520091
-0.00478737
-0.00439421
-0.00402098
-0.00366725
-0.00333255
-0.00301642
-0.00271842
-0.00243807
-0.00217493
-0.00192854
-0.00169848
-0.00148432
-0.00128564
-0.00110205
-0.000933153
-0.000778575
-0.00063795
-0.000510918
-0.000397126
-0.000296229
-0.000207881
-0.000131742
-6.74714e-05
-1.47306e-05
2.6812e-05
5.74992e-05
7.75972e-05
8.76444e-05
8.70436e-05
7.94051e-05
5.31604e-05
5.13636e-05
-0.229316
-0.229416
-0.229452
-0.229498
-0.229533
-0.229558
-0.22957
-0.229564
-0.229539
-0.229491
-0.229419
-0.229321
-0.229196
-0.229042
-0.228859
-0.228646
-0.228401
-0.228124
-0.227815
-0.227473
-0.227097
-0.226687
-0.226243
-0.225765
-0.225251
-0.224702
-0.224117
-0.223497
-0.22284
-0.222147
-0.221416
-0.220648
-0.219843
-0.218998
-0.218114
-0.21719
-0.216224
-0.215215
-0.214162
-0.213063
-0.211914
-0.210712
-0.209454
-0.208135
-0.206748
-0.205288
-0.203743
-0.202105
-0.200358
-0.198485
-0.196459
-0.194248
-0.191807
-0.189076
-0.185981
-0.182431
-0.178318
-0.173529
-0.167952
-0.161487
-0.154069
-0.145686
-0.136387
-0.126292
-0.115597
-0.104568
-0.0935195
-0.0827979
-0.0727436
-0.0636721
-0.0558393
-0.0494319
-0.0445477
-0.0411997
-0.0393205
-0.0387762
-0.0393866
-0.0409442
-0.0432328
-0.0460422
-0.0491798
-0.0524773
-0.0557949
-0.0590212
-0.0620721
-0.0648874
-0.0674281
-0.0696712
-0.071611
-0.0732467
-0.0745867
-0.0756445
-0.076437
-0.0769829
-0.0773015
-0.0774125
-0.0773346
-0.0770861
-0.0766838
-0.0761437
-0.0754803
-0.0747071
-0.0738364
-0.0728792
-0.0718458
-0.0707454
-0.0695864
-0.0683762
-0.067122
-0.0658299
-0.0645056
-0.0631545
-0.0617811
-0.0603899
-0.0589849
-0.0575697
-0.0561476
-0.0547216
-0.0532947
-0.0518693
-0.0504479
-0.0490325
-0.0476251
-0.0462275
-0.0448413
-0.043468
-0.042109
-0.0407654
-0.0394384
-0.0381289
-0.0368379
-0.0355661
-0.0343142
-0.033083
-0.0318731
-0.0306848
-0.0295187
-0.0283753
-0.0272548
-0.0261576
-0.0250839
-0.0240341
-0.0230082
-0.0220064
-0.0210289
-0.0200757
-0.0191469
-0.0182427
-0.017363
-0.0165078
-0.0156772
-0.014871
-0.0140893
-0.013332
-0.0125991
-0.0118904
-0.0112058
-0.0105451
-0.00990829
-0.00929508
-0.00870525
-0.00813859
-0.00759481
-0.00707362
-0.0065747
-0.00609771
-0.00564229
-0.00520805
-0.00479458
-0.00440146
-0.00402827
-0.00367455
-0.00333984
-0.00302371
-0.00272567
-0.00244528
-0.00218209
-0.00193564
-0.00170551
-0.00149127
-0.0012925
-0.00110882
-0.00093982
-0.000785136
-0.0006444
-0.000517253
-0.000403341
-0.000302323
-0.000213851
-0.000137588
-7.31932e-05
-2.03285e-05
2.13359e-05
5.21443e-05
7.23508e-05
8.25368e-05
8.1944e-05
7.47607e-05
4.73581e-05
4.82724e-05
-0.229302
-0.229398
-0.22943
-0.229476
-0.22951
-0.229536
-0.229548
-0.229543
-0.229518
-0.229471
-0.229399
-0.229302
-0.229177
-0.229024
-0.228842
-0.228628
-0.228384
-0.228108
-0.227799
-0.227457
-0.227082
-0.226672
-0.226229
-0.22575
-0.225237
-0.224688
-0.224104
-0.223484
-0.222827
-0.222134
-0.221403
-0.220635
-0.219829
-0.218984
-0.2181
-0.217176
-0.216209
-0.2152
-0.214147
-0.213046
-0.211896
-0.210694
-0.209435
-0.208114
-0.206726
-0.205264
-0.203717
-0.202077
-0.200328
-0.198452
-0.196424
-0.194213
-0.191774
-0.18905
-0.185967
-0.182434
-0.178347
-0.173589
-0.168048
-0.161622
-0.154241
-0.145898
-0.136626
-0.126554
-0.115875
-0.104857
-0.0938124
-0.0830919
-0.0730364
-0.0639636
-0.0561271
-0.0497158
-0.0448269
-0.0414737
-0.0395883
-0.0390365
-0.0396374
-0.0411834
-0.043458
-0.0462511
-0.0493704
-0.0526483
-0.0559453
-0.0591506
-0.0621806
-0.0649761
-0.0675023
-0.0697275
-0.0716509
-0.0732728
-0.0746008
-0.0756481
-0.0764317
-0.0769701
-0.0772825
-0.0773883
-0.0773062
-0.0770543
-0.0766494
-0.0761073
-0.0754424
-0.0746681
-0.0737966
-0.072839
-0.0718054
-0.070705
-0.0695461
-0.0683363
-0.0670825
-0.0657909
-0.0644672
-0.0631168
-0.0617441
-0.0603538
-0.0589496
-0.0575352
-0.056114
-0.0546891
-0.0532631
-0.0518388
-0.0504183
-0.0490039
-0.0475976
-0.0462011
-0.044816
-0.0434438
-0.0420858
-0.0407433
-0.0394173
-0.0381089
-0.036819
-0.0355482
-0.0342974
-0.0330672
-0.0318583
-0.030671
-0.0295059
-0.0283634
-0.0272438
-0.0261475
-0.0250748
-0.0240257
-0.0230006
-0.0219997
-0.0210229
-0.0200705
-0.0191425
-0.0182389
-0.0173598
-0.0165052
-0.0156751
-0.0148695
-0.0140884
-0.0133316
-0.0125991
-0.0118908
-0.0112066
-0.0105463
-0.00990987
-0.00929698
-0.00870745
-0.00814106
-0.00759752
-0.00707656
-0.00657784
-0.00610104
-0.00564578
-0.00521168
-0.00479833
-0.00440533
-0.00403223
-0.00367858
-0.00334395
-0.00302786
-0.00272986
-0.0024495
-0.00218632
-0.00193988
-0.00170975
-0.00149549
-0.0012967
-0.00111298
-0.00094395
-0.000789222
-0.000648434
-0.000521232
-0.000407261
-0.000306181
-0.000217644
-0.000141313
-7.68512e-05
-2.39183e-05
1.78145e-05
4.86919e-05
6.89604e-05
7.92319e-05
7.86056e-05
7.17561e-05
4.30028e-05
4.83492e-05
-0.229286
-0.229385
-0.229412
-0.229458
-0.229492
-0.229519
-0.229532
-0.229528
-0.229504
-0.229458
-0.229387
-0.22929
-0.229166
-0.229013
-0.228831
-0.228618
-0.228374
-0.228099
-0.22779
-0.227449
-0.227074
-0.226664
-0.226221
-0.225743
-0.22523
-0.224681
-0.224097
-0.223477
-0.22282
-0.222127
-0.221397
-0.220629
-0.219823
-0.218978
-0.218093
-0.217168
-0.216202
-0.215192
-0.214138
-0.213037
-0.211887
-0.210684
-0.209424
-0.208103
-0.206714
-0.205251
-0.203704
-0.202063
-0.200313
-0.198438
-0.196414
-0.194209
-0.191782
-0.189076
-0.186019
-0.182521
-0.178475
-0.173765
-0.168272
-0.16189
-0.154557
-0.146238
-0.136988
-0.126926
-0.116251
-0.105231
-0.0941811
-0.0834551
-0.0733941
-0.0643175
-0.0564808
-0.0500713
-0.045187
-0.0418392
-0.0399586
-0.0394093
-0.0400093
-0.0415499
-0.0438143
-0.0465926
-0.0496929
-0.0529483
-0.0562202
-0.059399
-0.0624019
-0.0651703
-0.067666
-0.0698732
-0.0717718
-0.0733722
-0.0746812
-0.0757117
-0.0764804
-0.0770058
-0.077307
-0.0774032
-0.077313
-0.0770542
-0.0766434
-0.0760964
-0.0754274
-0.0746497
-0.0737754
-0.0728155
-0.0717801
-0.0706781
-0.069518
-0.0683073
-0.0670527
-0.0657606
-0.0644366
-0.0630858
-0.0617131
-0.0603227
-0.0589186
-0.0575044
-0.0560834
-0.0546588
-0.0532332
-0.0518093
-0.0503893
-0.0489755
-0.0475698
-0.0461739
-0.0447894
-0.043418
-0.0420608
-0.040719
-0.0393939
-0.0380863
-0.0367972
-0.0355273
-0.0342773
-0.033048
-0.0318399
-0.0306535
-0.0294893
-0.0283476
-0.0272289
-0.0261335
-0.0250615
-0.0240133
-0.022989
-0.0219888
-0.0210128
-0.0200611
-0.0191338
-0.018231
-0.0173526
-0.0164986
-0.0156691
-0.0148641
-0.0140836
-0.0133273
-0.0125953
-0.0118875
-0.0112038
-0.010544
-0.00990793
-0.00929543
-0.00870628
-0.00814024
-0.00759703
-0.00707637
-0.00657794
-0.0061014
-0.00564639
-0.00521252
-0.00479938
-0.00440657
-0.00403364
-0.00368016
-0.00334567
-0.00302971
-0.00273182
-0.00245156
-0.00218847
-0.0019421
-0.00171203
-0.00149782
-0.00129907
-0.00111538
-0.000946366
-0.000791648
-0.000650862
-0.000523655
-0.000409674
-0.000308578
-0.000220023
-0.00014367
-7.91829e-05
-2.62229e-05
1.55404e-05
4.64499e-05
6.67543e-05
7.70633e-05
7.64247e-05
6.96829e-05
3.98958e-05
5.00317e-05
-0.22927
-0.229376
-0.229399
-0.229445
-0.229481
-0.229509
-0.229523
-0.22952
-0.229497
-0.229451
-0.229381
-0.229285
-0.229161
-0.229009
-0.228828
-0.228615
-0.228372
-0.228096
-0.227788
-0.227447
-0.227072
-0.226663
-0.22622
-0.225742
-0.225229
-0.224681
-0.224096
-0.223476
-0.22282
-0.222126
-0.221396
-0.220628
-0.219822
-0.218977
-0.218092
-0.217167
-0.2162
-0.21519
-0.214136
-0.213034
-0.211884
-0.21068
-0.20942
-0.208099
-0.20671
-0.205246
-0.2037
-0.202059
-0.200312
-0.198441
-0.196424
-0.194231
-0.191823
-0.189145
-0.186125
-0.182672
-0.178679
-0.174023
-0.168582
-0.162249
-0.154948
-0.146658
-0.137425
-0.127374
-0.116703
-0.105686
-0.0946378
-0.0839174
-0.0738664
-0.0648043
-0.0569878
-0.0506018
-0.0457424
-0.042418
-0.0405564
-0.0400196
-0.040624
-0.0421599
-0.0444105
-0.0471666
-0.0502373
-0.0534574
-0.0566901
-0.0598271
-0.0627873
-0.0655134
-0.0679695
-0.0701378
-0.072
-0.0735666
-0.0748455
-0.0758492
-0.0765942
-0.0770987
-0.0773818
-0.0774623
-0.0773586
-0.0770881
-0.0766675
-0.076112
-0.0754358
-0.074652
-0.0737725
-0.0728081
-0.0717689
-0.0706637
-0.0695009
-0.0682877
-0.0670311
-0.0657373
-0.0644117
-0.0630597
-0.0616859
-0.0602945
-0.0588896
-0.0574748
-0.0560533
-0.0546283
-0.0532024
-0.0517783
-0.0503583
-0.0489445
-0.0475388
-0.0461431
-0.044759
-0.0433878
-0.042031
-0.0406898
-0.0393652
-0.0380582
-0.0367697
-0.0355005
-0.0342513
-0.0330227
-0.0318154
-0.0306298
-0.0294665
-0.0283257
-0.0272078
-0.0261133
-0.0250422
-0.0239949
-0.0229715
-0.0219721
-0.020997
-0.0200462
-0.0191197
-0.0182177
-0.0173401
-0.0164869
-0.0156582
-0.0148539
-0.0140741
-0.0133185
-0.0125873
-0.0118801
-0.011197
-0.0105378
-0.00990232
-0.00929037
-0.00870175
-0.0081362
-0.00759347
-0.00707326
-0.00657526
-0.00609912
-0.00564449
-0.00521097
-0.00479817
-0.00440567
-0.00403304
-0.00367982
-0.00334558
-0.00302985
-0.00273218
-0.00245211
-0.00218919
-0.00194297
-0.00171303
-0.00149894
-0.0013003
-0.0011167
-0.000947757
-0.000793102
-0.000652368
-0.000525204
-0.000411257
-0.000310187
-0.000221652
-0.000145312
-8.08333e-05
-2.78763e-05
1.38922e-05
4.48109e-05
6.5142e-05
7.5457e-05
7.48641e-05
6.80213e-05
3.78277e-05
5.15638e-05
-0.229259
-0.229373
-0.229394
-0.229441
-0.229477
-0.229507
-0.229522
-0.229521
-0.229498
-0.229453
-0.229384
-0.229288
-0.229165
-0.229014
-0.228832
-0.22862
-0.228377
-0.228101
-0.227793
-0.227452
-0.227078
-0.226669
-0.226226
-0.225748
-0.225235
-0.224687
-0.224102
-0.223482
-0.222826
-0.222132
-0.221402
-0.220633
-0.219827
-0.218982
-0.218097
-0.217171
-0.216204
-0.215194
-0.214139
-0.213038
-0.211887
-0.210684
-0.209424
-0.208103
-0.206715
-0.205252
-0.203707
-0.202069
-0.200326
-0.198462
-0.196455
-0.19428
-0.191897
-0.189252
-0.186274
-0.182871
-0.17893
-0.174326
-0.168932
-0.162637
-0.155367
-0.147099
-0.137884
-0.127846
-0.117189
-0.106189
-0.0951654
-0.0844755
-0.0744643
-0.0654496
-0.0576869
-0.0513572
-0.0465526
-0.043277
-0.0414544
-0.0409436
-0.0415591
-0.0430907
-0.045322
-0.0480453
-0.0510719
-0.0542392
-0.057413
-0.0604878
-0.0633846
-0.0660482
-0.0684436
-0.0705514
-0.0723649
-0.0738824
-0.0751166
-0.0760808
-0.0767907
-0.0772644
-0.0775205
-0.0775775
-0.0774535
-0.0771655
-0.0767297
-0.0761613
-0.075474
-0.0746806
-0.0737928
-0.0728214
-0.0717759
-0.0706654
-0.0694978
-0.0682805
-0.0670203
-0.0657231
-0.0643947
-0.06304
-0.0616638
-0.0602704
-0.0588636
-0.057447
-0.056024
-0.0545976
-0.0531705
-0.0517454
-0.0503245
-0.0489099
-0.0475036
-0.0461075
-0.044723
-0.0433516
-0.0419948
-0.0406536
-0.0393291
-0.0380224
-0.0367342
-0.0354655
-0.0342168
-0.0329889
-0.0317823
-0.0305974
-0.0294349
-0.0282949
-0.027178
-0.0260844
-0.0250143
-0.0239679
-0.0229456
-0.0219473
-0.0209732
-0.0200234
-0.019098
-0.018197
-0.0173204
-0.0164683
-0.0156406
-0.0148374
-0.0140584
-0.0133038
-0.0125735
-0.0118673
-0.011185
-0.0105267
-0.009892
-0.00928085
-0.00869298
-0.00812817
-0.00758614
-0.0070666
-0.00656923
-0.0060937
-0.00563964
-0.00520667
-0.00479439
-0.00440237
-0.00403019
-0.0036774
-0.00334355
-0.00302819
-0.00273085
-0.00245109
-0.00218845
-0.0019425
-0.00171279
-0.00149892
-0.00130046
-0.00111703
-0.000948233
-0.000793709
-0.00065309
-0.000526027
-0.000412166
-0.000311172
-0.000222701
-0.000146415
-8.19794e-05
-2.90562e-05
1.26928e-05
4.36006e-05
6.39548e-05
7.42547e-05
7.37962e-05
6.6657e-05
3.69682e-05
5.15581e-05
-0.229258
-0.229381
-0.229399
-0.229447
-0.229485
-0.229517
-0.229533
-0.229532
-0.229511
-0.229466
-0.229397
-0.229302
-0.229179
-0.229027
-0.228846
-0.228634
-0.22839
-0.228115
-0.227807
-0.227466
-0.227091
-0.226682
-0.226239
-0.225761
-0.225248
-0.224699
-0.224115
-0.223495
-0.222838
-0.222144
-0.221414
-0.220645
-0.219838
-0.218993
-0.218108
-0.217182
-0.216215
-0.215204
-0.21415
-0.213048
-0.211898
-0.210695
-0.209436
-0.208116
-0.206729
-0.205269
-0.203727
-0.202094
-0.200357
-0.198502
-0.19651
-0.194354
-0.191998
-0.189388
-0.186451
-0.183092
-0.179195
-0.174632
-0.169273
-0.163008
-0.155761
-0.147514
-0.138319
-0.128305
-0.117679
-0.106719
-0.0957496
-0.0851269
-0.0751968
-0.0662736
-0.0586093
-0.0523787
-0.0476676
-0.0444736
-0.0427152
-0.0422474
-0.0428825
-0.04441
-0.046615
-0.0492923
-0.0522568
-0.0553498
-0.058441
-0.0614286
-0.0642368
-0.066813
-0.0691241
-0.0711527
-0.0728926
-0.0743425
-0.0755153
-0.0764247
-0.0770861
-0.0775169
-0.0777354
-0.0777597
-0.0776073
-0.0772947
-0.0768378
-0.076251
-0.0755478
-0.0747408
-0.0738412
-0.0728594
-0.0718049
-0.0706864
-0.0695118
-0.0682883
-0.0670224
-0.0657202
-0.0643872
-0.0630283
-0.0616482
-0.0602512
-0.0588411
-0.0574215
-0.0559957
-0.0545667
-0.0531372
-0.0517099
-0.050287
-0.0488707
-0.0474629
-0.0460653
-0.0446797
-0.0433074
-0.0419498
-0.040608
-0.0392831
-0.0379761
-0.036688
-0.0354193
-0.0341709
-0.0329434
-0.0317372
-0.0305531
-0.0293912
-0.0282522
-0.0271362
-0.0260436
-0.0249746
-0.0239294
-0.0229083
-0.0219112
-0.0209385
-0.01999
-0.0190659
-0.0181663
-0.0172911
-0.0164404
-0.015614
-0.0148121
-0.0140345
-0.0132813
-0.0125522
-0.0118472
-0.0111662
-0.0105091
-0.00987558
-0.00926556
-0.0086788
-0.00811504
-0.00757403
-0.00705547
-0.00655904
-0.0060844
-0.00563119
-0.00519903
-0.0047875
-0.0043962
-0.00402469
-0.00367254
-0.00333928
-0.00302446
-0.00272764
-0.00244835
-0.00218614
-0.00194058
-0.00171125
-0.0014977
-0.00129954
-0.00111638
-0.000947827
-0.000793521
-0.000653097
-0.000526207
-0.0004125
-0.000311639
-0.000223287
-0.000147103
-8.27519e-05
-2.98974e-05
1.18053e-05
4.26821e-05
6.306e-05
7.33324e-05
7.31304e-05
6.55011e-05
3.75068e-05
4.87818e-05
-0.229271
-0.229402
-0.229419
-0.229468
-0.229507
-0.22954
-0.229557
-0.229556
-0.229535
-0.22949
-0.229421
-0.229325
-0.229202
-0.22905
-0.228869
-0.228656
-0.228413
-0.228137
-0.227829
-0.227487
-0.227112
-0.226703
-0.226259
-0.225781
-0.225268
-0.224719
-0.224134
-0.223514
-0.222856
-0.222163
-0.221431
-0.220663
-0.219856
-0.21901
-0.218124
-0.217199
-0.216231
-0.215221
-0.214166
-0.213065
-0.211915
-0.210714
-0.209456
-0.208139
-0.206755
-0.205299
-0.203761
-0.202134
-0.200405
-0.198561
-0.196584
-0.194448
-0.192118
-0.189537
-0.186633
-0.183308
-0.179442
-0.174906
-0.16957
-0.163324
-0.156096
-0.14787
-0.138701
-0.128724
-0.118151
-0.107263
-0.0963868
-0.0858776
-0.0760797
-0.067302
-0.0597899
-0.0537094
-0.0491373
-0.0460626
-0.0443967
-0.0439902
-0.0446532
-0.0461757
-0.048345
-0.0509602
-0.0538412
-0.0568346
-0.0598156
-0.0626872
-0.0653779
-0.0678386
-0.0700387
-0.0719625
-0.0736046
-0.0749661
-0.0760586
-0.0768959
-0.0774934
-0.0778679
-0.078037
-0.0780181
-0.0778281
-0.077483
-0.0769978
-0.0763866
-0.0756623
-0.074837
-0.0739214
-0.0729257
-0.071859
-0.0707297
-0.0695454
-0.0683133
-0.0670395
-0.0657302
-0.0643906
-0.0630256
-0.0616399
-0.0602376
-0.0588226
-0.0573983
-0.0559682
-0.0545351
-0.0531018
-0.0516709
-0.0502447
-0.0488254
-0.0474149
-0.0460148
-0.044627
-0.0432528
-0.0418935
-0.0405503
-0.0392243
-0.0379165
-0.0366276
-0.0353586
-0.0341101
-0.0328826
-0.0316768
-0.0304931
-0.029332
-0.0281937
-0.0270788
-0.0259873
-0.0249196
-0.0238758
-0.0228561
-0.0218606
-0.0208895
-0.0199427
-0.0190204
-0.0181226
-0.0172492
-0.0164002
-0.0155758
-0.0147757
-0.0139999
-0.0132485
-0.0125212
-0.011818
-0.0111387
-0.0104832
-0.00985139
-0.00924298
-0.00865778
-0.00809553
-0.00755596
-0.00703879
-0.00654369
-0.00607032
-0.00561832
-0.0051873
-0.00477686
-0.00438659
-0.00401604
-0.00366479
-0.00333238
-0.00301835
-0.00272226
-0.00244364
-0.00218207
-0.00193708
-0.00170827
-0.00149521
-0.00129749
-0.00111473
-0.000946543
-0.000792565
-0.000652435
-0.000525808
-0.000412336
-0.000311684
-0.000223515
-0.00014749
-8.32728e-05
-3.05277e-05
1.10982e-05
4.19226e-05
6.2327e-05
7.25675e-05
7.2773e-05
6.4463e-05
3.95715e-05
4.22739e-05
-0.229307
-0.229442
-0.229456
-0.229506
-0.229545
-0.229577
-0.229594
-0.229593
-0.229571
-0.229525
-0.229455
-0.229359
-0.229235
-0.229082
-0.2289
-0.228687
-0.228442
-0.228166
-0.227857
-0.227515
-0.227139
-0.22673
-0.226286
-0.225807
-0.225293
-0.224744
-0.224158
-0.223537
-0.22288
-0.222186
-0.221454
-0.220685
-0.219878
-0.219032
-0.218146
-0.21722
-0.216253
-0.215243
-0.214189
-0.213089
-0.21194
-0.21074
-0.209485
-0.208171
-0.206791
-0.205339
-0.203807
-0.202187
-0.200467
-0.198635
-0.196672
-0.194553
-0.192243
-0.189684
-0.186801
-0.183495
-0.179645
-0.175121
-0.169795
-0.163559
-0.156344
-0.148139
-0.139006
-0.129086
-0.118594
-0.107816
-0.0970801
-0.0867389
-0.0771329
-0.0685627
-0.0612637
-0.0553901
-0.0510064
-0.048091
-0.0465468
-0.0462192
-0.0469167
-0.0484303
-0.0505515
-0.053085
-0.0558576
-0.0587229
-0.0615631
-0.0642873
-0.0668292
-0.069144
-0.0712041
-0.0729959
-0.0745157
-0.0757661
-0.0767577
-0.0775047
-0.078022
-0.0783256
-0.0784325
-0.0783593
-0.0781219
-0.0777357
-0.0772148
-0.0765727
-0.0758215
-0.0749728
-0.0740368
-0.0730232
-0.0719407
-0.0707975
-0.0696007
-0.0683573
-0.0670733
-0.0657545
-0.0644062
-0.0630331
-0.0616398
-0.0602303
-0.0588085
-0.0573778
-0.0559415
-0.0545026
-0.0530639
-0.0516279
-0.0501968
-0.048773
-0.0473582
-0.0459544
-0.044563
-0.0431856
-0.0418235
-0.0404779
-0.0391499
-0.0378404
-0.0365502
-0.0352802
-0.034031
-0.0328032
-0.0315973
-0.0304139
-0.0292533
-0.0281158
-0.0270019
-0.0259117
-0.0248454
-0.0238032
-0.0227853
-0.0217918
-0.0208227
-0.0198781
-0.018958
-0.0180625
-0.0171915
-0.0163449
-0.0155229
-0.0147253
-0.0139519
-0.0132029
-0.0124781
-0.0117773
-0.0111003
-0.0104472
-0.00981759
-0.00921139
-0.00862832
-0.00806814
-0.00753056
-0.0070153
-0.00652204
-0.00605042
-0.00560008
-0.00517064
-0.0047617
-0.00437283
-0.00400361
-0.0036536
-0.00332235
-0.00300941
-0.00271433
-0.00243665
-0.00217594
-0.00193176
-0.00170368
-0.00149129
-0.00129419
-0.00111199
-0.000944312
-0.000790796
-0.000651082
-0.00052483
-0.000411694
-0.000311338
-0.000223432
-0.000147634
-8.36092e-05
-3.10219e-05
1.04905e-05
4.12377e-05
6.16703e-05
7.18797e-05
7.26601e-05
6.34902e-05
4.32218e-05
3.14921e-05
-0.229371
-0.229503
-0.229515
-0.229562
-0.2296
-0.22963
-0.229645
-0.229642
-0.229618
-0.229571
-0.229499
-0.229401
-0.229276
-0.229121
-0.228938
-0.228724
-0.228478
-0.228201
-0.227891
-0.227548
-0.227171
-0.226761
-0.226316
-0.225836
-0.225322
-0.224772
-0.224186
-0.223564
-0.222906
-0.222212
-0.22148
-0.220711
-0.219903
-0.219057
-0.218171
-0.217246
-0.216279
-0.21527
-0.214217
-0.213118
-0.211971
-0.210773
-0.209521
-0.20821
-0.206835
-0.205388
-0.203862
-0.202248
-0.200537
-0.198715
-0.196763
-0.194656
-0.192357
-0.189809
-0.186933
-0.183631
-0.179782
-0.175254
-0.169925
-0.163688
-0.156482
-0.148302
-0.139218
-0.129377
-0.119001
-0.108377
-0.0978352
-0.0877241
-0.0783767
-0.0700822
-0.0630621
-0.057455
-0.0533103
-0.0505935
-0.0491981
-0.0489641
-0.0496988
-0.051196
-0.0532528
-0.0556815
-0.0583178
-0.0610241
-0.0636908
-0.0662345
-0.0685953
-0.0707331
-0.0726239
-0.0742565
-0.0756291
-0.0767455
-0.0776158
-0.0782541
-0.0786747
-0.0788931
-0.078925
-0.0787862
-0.0784916
-0.0780556
-0.0774914
-0.0768116
-0.0760278
-0.0751505
-0.0741895
-0.073154
-0.0720522
-0.0708916
-0.0696794
-0.0684219
-0.0671251
-0.0657945
-0.0644352
-0.0630518
-0.0616487
-0.06023
-0.0587994
-0.0573603
-0.055916
-0.0544694
-0.0530233
-0.0515803
-0.0501427
-0.0487126
-0.047292
-0.0458827
-0.0444863
-0.0431044
-0.0417381
-0.0403889
-0.0390576
-0.0377454
-0.0364529
-0.0351811
-0.0339305
-0.0327018
-0.0314955
-0.030312
-0.0291517
-0.0280149
-0.026902
-0.0258131
-0.0247484
-0.0237081
-0.0226924
-0.0217012
-0.0207346
-0.0197927
-0.0188754
-0.0179828
-0.0171148
-0.0162714
-0.0154525
-0.0146581
-0.013888
-0.0131421
-0.0124205
-0.0117228
-0.011049
-0.0103989
-0.00977232
-0.00916901
-0.00858876
-0.00803133
-0.0074964
-0.00698369
-0.00649286
-0.00602356
-0.00557544
-0.0051481
-0.00474114
-0.00435415
-0.00398669
-0.00363834
-0.00330863
-0.00299714
-0.00270339
-0.00242696
-0.00216741
-0.00192429
-0.0016972
-0.00148571
-0.00128943
-0.00110799
-0.000940996
-0.000788104
-0.000648953
-0.000523208
-0.000410525
-0.000310573
-0.000223021
-0.000147533
-8.37698e-05
-3.13983e-05
9.95602e-06
4.05951e-05
6.10526e-05
7.12339e-05
7.27555e-05
6.25698e-05
4.84176e-05
1.63771e-05
-0.229475
-0.229589
-0.229596
-0.229638
-0.229671
-0.229697
-0.229708
-0.229701
-0.229674
-0.229624
-0.229549
-0.229449
-0.229321
-0.229165
-0.22898
-0.228764
-0.228517
-0.228238
-0.227927
-0.227583
-0.227205
-0.226794
-0.226348
-0.225868
-0.225352
-0.224802
-0.224215
-0.223593
-0.222935
-0.222239
-0.221507
-0.220738
-0.21993
-0.219084
-0.218199
-0.217274
-0.216307
-0.215299
-0.214247
-0.21315
-0.212006
-0.21081
-0.209561
-0.208254
-0.206882
-0.20544
-0.20392
-0.202312
-0.200606
-0.198789
-0.196843
-0.19474
-0.192443
-0.189892
-0.187009
-0.183694
-0.179826
-0.175279
-0.169932
-0.163685
-0.156486
-0.148338
-0.13932
-0.129585
-0.119364
-0.108946
-0.0986592
-0.0888464
-0.0798296
-0.0718825
-0.0652085
-0.0599269
-0.0560694
-0.0535867
-0.0523621
-0.0522308
-0.0530001
-0.0544684
-0.0564404
-0.0587383
-0.0612081
-0.063723
-0.0661832
-0.0685138
-0.0706617
-0.0725923
-0.0742858
-0.0757334
-0.0769353
-0.0778961
-0.078626
-0.0791384
-0.0794472
-0.0795667
-0.0795117
-0.0792968
-0.0789357
-0.0784417
-0.0778271
-0.0771033
-0.0762811
-0.0753703
-0.07438
-0.0733186
-0.0721938
-0.0710128
-0.0697821
-0.0685078
-0.0671956
-0.0658508
-0.0644782
-0.0630823
-0.0616674
-0.0602373
-0.0587958
-0.0573463
-0.0558919
-0.0544357
-0.0529803
-0.0515283
-0.0500822
-0.048644
-0.0472157
-0.0457992
-0.0443961
-0.0430079
-0.0416361
-0.0402817
-0.0389459
-0.0376297
-0.0363339
-0.0350593
-0.0338066
-0.0325763
-0.0313688
-0.0301848
-0.0290245
-0.0278882
-0.0267761
-0.0256886
-0.0246257
-0.0235875
-0.0225742
-0.0215857
-0.0206222
-0.0196835
-0.0187697
-0.0178807
-0.0170165
-0.0161769
-0.015362
-0.0145716
-0.0138055
-0.0130638
-0.0123461
-0.0116525
-0.0109827
-0.0103365
-0.00971375
-0.00911418
-0.00853757
-0.00798365
-0.00745211
-0.00694266
-0.00645497
-0.00598867
-0.00554339
-0.00511876
-0.00471435
-0.00432977
-0.00396458
-0.00361835
-0.00329064
-0.002981
-0.00268898
-0.00241416
-0.00215609
-0.00191434
-0.00168851
-0.00147819
-0.00128299
-0.00110252
-0.000936417
-0.000784334
-0.000645915
-0.000520829
-0.000408736
-0.000309309
-0.00022222
-0.000147135
-8.37156e-05
-3.16275e-05
9.51486e-06
4.0007e-05
6.04774e-05
7.0631e-05
7.30391e-05
6.17171e-05
5.49932e-05
-2.63673e-06
-0.229627
-0.229704
-0.229701
-0.229731
-0.229756
-0.229774
-0.229779
-0.229766
-0.229734
-0.22968
-0.229603
-0.229499
-0.229369
-0.229211
-0.229023
-0.228805
-0.228556
-0.228276
-0.227963
-0.227618
-0.227239
-0.226826
-0.226379
-0.225898
-0.225382
-0.22483
-0.224244
-0.223621
-0.222962
-0.222266
-0.221534
-0.220764
-0.219957
-0.219111
-0.218226
-0.217302
-0.216336
-0.215329
-0.214278
-0.213183
-0.21204
-0.210847
-0.209601
-0.208296
-0.206928
-0.205488
-0.20397
-0.202364
-0.20066
-0.198843
-0.196894
-0.194785
-0.192477
-0.189909
-0.187001
-0.183654
-0.17975
-0.175167
-0.169788
-0.163524
-0.156331
-0.148225
-0.139292
-0.129698
-0.119677
-0.109522
-0.0995575
-0.0901159
-0.0815041
-0.0739762
-0.067713
-0.0628114
-0.0592828
-0.0570621
-0.0560227
-0.0559959
-0.0567909
-0.0582127
-0.0600758
-0.0622142
-0.0644866
-0.0667783
-0.0690003
-0.071087
-0.0729931
-0.0746896
-0.0761608
-0.0774007
-0.0784115
-0.0791981
-0.0797711
-0.0801431
-0.080327
-0.080336
-0.0801838
-0.0798836
-0.079448
-0.0788889
-0.0782175
-0.0774443
-0.0765788
-0.0756301
-0.0746065
-0.0735157
-0.0723647
-0.0711602
-0.0699084
-0.0686148
-0.0672849
-0.0659235
-0.0645354
-0.0631249
-0.061696
-0.0602525
-0.0587982
-0.0573362
-0.0558697
-0.0544018
-0.0529351
-0.0514723
-0.0500156
-0.0485673
-0.0471295
-0.0457039
-0.0442923
-0.0428962
-0.041517
-0.040156
-0.0388142
-0.0374927
-0.0361923
-0.0349138
-0.0336579
-0.0324251
-0.0312159
-0.0300307
-0.0288699
-0.0277337
-0.0266225
-0.0255362
-0.0244751
-0.0234392
-0.0224286
-0.0214433
-0.0204832
-0.0195483
-0.0186386
-0.0177539
-0.0168942
-0.0160594
-0.0152492
-0.0144637
-0.0137026
-0.0129659
-0.0122533
-0.0115646
-0.0108997
-0.0102584
-0.00964041
-0.0090455
-0.00847341
-0.00792387
-0.00739656
-0.00689118
-0.00640737
-0.00594479
-0.00550307
-0.0050818
-0.00468058
-0.00429901
-0.00393665
-0.00359306
-0.00326783
-0.0029605
-0.00267064
-0.00239782
-0.00214161
-0.00190158
-0.00167733
-0.00146847
-0.0012746
-0.00109536
-0.000930376
-0.000779309
-0.000641811
-0.000517553
-0.000406204
-0.000307438
-0.000220932
-0.000146355
-8.33704e-05
-3.16431e-05
9.22419e-06
3.95213e-05
5.99801e-05
7.00991e-05
7.34976e-05
6.09648e-05
6.2648e-05
-2.46543e-05
-0.229841
-0.229847
-0.229826
-0.229837
-0.229849
-0.229857
-0.229853
-0.229833
-0.229795
-0.229737
-0.229655
-0.229548
-0.229414
-0.229253
-0.229063
-0.228843
-0.228593
-0.22831
-0.227996
-0.227649
-0.227269
-0.226855
-0.226408
-0.225925
-0.225408
-0.224856
-0.224269
-0.223645
-0.222986
-0.22229
-0.221558
-0.220788
-0.219981
-0.219135
-0.218251
-0.217326
-0.216362
-0.215355
-0.214306
-0.213211
-0.21207
-0.210878
-0.209632
-0.208328
-0.206959
-0.205519
-0.204
-0.202391
-0.200681
-0.198855
-0.196893
-0.194766
-0.19243
-0.189827
-0.186876
-0.183477
-0.179518
-0.17488
-0.169458
-0.163171
-0.155988
-0.147936
-0.139116
-0.129702
-0.119934
-0.110105
-0.100533
-0.0915367
-0.0834032
-0.0763619
-0.0705675
-0.0660912
-0.0629231
-0.060982
-0.0601323
-0.0602032
-0.061008
-0.0623607
-0.064088
-0.0660379
-0.068083
-0.070122
-0.0720776
-0.0738942
-0.0755342
-0.0769745
-0.0782036
-0.0792181
-0.0800221
-0.0806204
-0.0810239
-0.0812443
-0.0812934
-0.0811833
-0.0809261
-0.0805338
-0.0800175
-0.0793879
-0.0786549
-0.0778278
-0.0769152
-0.0759251
-0.074865
-0.0737419
-0.0725621
-0.0713317
-0.0700564
-0.0687414
-0.0673917
-0.0660118
-0.0646063
-0.0631792
-0.0617345
-0.0602758
-0.0588066
-0.0573303
-0.0558499
-0.0543683
-0.0528884
-0.0514128
-0.0499437
-0.0484834
-0.0470341
-0.0455976
-0.0441756
-0.0427698
-0.0413816
-0.0400123
-0.0386629
-0.0373347
-0.0360283
-0.0347447
-0.0334845
-0.0322482
-0.0310364
-0.0298494
-0.0286875
-0.0275511
-0.0264403
-0.0253551
-0.0242958
-0.0232623
-0.0222546
-0.0212727
-0.0203166
-0.019386
-0.018481
-0.0176013
-0.0167469
-0.0159175
-0.0151131
-0.0143334
-0.0135782
-0.0128474
-0.0121408
-0.0114581
-0.0107991
-0.0101636
-0.00955133
-0.00896202
-0.00839539
-0.00785114
-0.00732894
-0.00682847
-0.00634938
-0.0058913
-0.00545385
-0.00503665
-0.00463928
-0.00426134
-0.0039024
-0.00356203
-0.00323979
-0.00293527
-0.00264802
-0.00237762
-0.00212366
-0.00188572
-0.00166339
-0.0014563
-0.00126406
-0.00108631
-0.000922685
-0.000772855
-0.000636479
-0.000513233
-0.00040279
-0.000304832
-0.000219039
-0.000145085
-8.26342e-05
-3.13533e-05
9.16667e-06
3.92112e-05
5.96184e-05
6.96841e-05
7.41159e-05
6.03502e-05
7.09564e-05
-4.83996e-05
-0.230133
-0.230016
-0.229965
-0.229948
-0.229943
-0.229937
-0.229923
-0.229895
-0.229851
-0.229787
-0.2297
-0.22959
-0.229453
-0.229289
-0.229097
-0.228875
-0.228622
-0.228339
-0.228023
-0.227675
-0.227293
-0.226878
-0.22643
-0.225947
-0.225429
-0.224876
-0.224288
-0.223664
-0.223005
-0.222309
-0.221576
-0.220806
-0.219999
-0.219153
-0.218269
-0.217344
-0.21638
-0.215373
-0.214323
-0.213228
-0.212086
-0.210893
-0.209645
-0.208338
-0.206965
-0.205519
-0.203991
-0.202371
-0.200645
-0.1988
-0.196811
-0.194648
-0.192267
-0.189609
-0.186592
-0.183121
-0.179086
-0.174378
-0.168901
-0.162589
-0.155423
-0.147446
-0.138771
-0.129583
-0.120126
-0.11069
-0.101583
-0.0931042
-0.0855165
-0.0790205
-0.0737413
-0.0697231
-0.0669338
-0.0652771
-0.0646104
-0.0647632
-0.0655556
-0.066813
-0.0683767
-0.07011
-0.0719011
-0.0736625
-0.0753293
-0.0768559
-0.0782123
-0.0793814
-0.0803552
-0.0811328
-0.0817204
-0.0821218
-0.0823484
-0.0824106
-0.0823191
-0.0820847
-0.081718
-0.0812294
-0.0806288
-0.0799254
-0.0791277
-0.078244
-0.0772817
-0.076248
-0.0751493
-0.0739919
-0.0727815
-0.0715235
-0.070223
-0.0688849
-0.0675138
-0.0661139
-0.0646894
-0.0632442
-0.0617821
-0.0603065
-0.058821
-0.0573287
-0.0558326
-0.0543358
-0.052841
-0.0513507
-0.0498674
-0.0483934
-0.0469308
-0.0454816
-0.0440475
-0.0426302
-0.0412313
-0.039852
-0.0384936
-0.0371571
-0.0358434
-0.0345534
-0.0332877
-0.0320469
-0.0308315
-0.0296419
-0.0284783
-0.0273411
-0.0262303
-0.025146
-0.0240884
-0.0230572
-0.0220526
-0.0210744
-0.0201225
-0.0191967
-0.0182969
-0.0174228
-0.0165744
-0.0157513
-0.0149533
-0.0141803
-0.0134319
-0.012708
-0.0120083
-0.0113325
-0.0106804
-0.0100517
-0.00944617
-0.00886342
-0.00830318
-0.00776512
-0.00724892
-0.00675422
-0.00628066
-0.00582787
-0.00539546
-0.00498304
-0.0045902
-0.00421652
-0.00386159
-0.00352499
-0.00320629
-0.00290507
-0.0026209
-0.00235336
-0.00210205
-0.00186656
-0.00164651
-0.00144151
-0.00125119
-0.0010752
-0.000913192
-0.000764829
-0.000629782
-0.000507734
-0.000398368
-0.000301367
-0.000216423
-0.00014321
-8.13981e-05
-3.0655e-05
9.438e-06
3.9163e-05
5.94614e-05
6.94395e-05
7.48718e-05
5.99054e-05
7.9396e-05
-7.23342e-05
-0.230524
-0.230203
-0.230108
-0.230055
-0.230028
-0.230007
-0.229981
-0.229945
-0.229895
-0.229825
-0.229735
-0.229621
-0.229481
-0.229315
-0.22912
-0.228897
-0.228642
-0.228357
-0.22804
-0.227691
-0.227309
-0.226893
-0.226444
-0.22596
-0.225441
-0.224888
-0.2243
-0.223675
-0.223015
-0.222319
-0.221586
-0.220815
-0.220007
-0.219161
-0.218276
-0.21735
-0.216384
-0.215376
-0.214324
-0.213226
-0.212079
-0.210881
-0.209626
-0.20831
-0.206926
-0.205466
-0.20392
-0.202277
-0.200523
-0.198641
-0.196608
-0.19439
-0.191944
-0.189207
-0.186101
-0.182535
-0.178406
-0.173613
-0.168074
-0.161739
-0.154603
-0.146728
-0.13824
-0.12933
-0.120246
-0.111271
-0.102698
-0.0948032
-0.0878185
-0.0819132
-0.0771805
-0.073637
-0.0712292
-0.0698482
-0.0693465
-0.0695572
-0.07031
-0.0714442
-0.0728173
-0.0743096
-0.0758251
-0.0772909
-0.0786542
-0.0798789
-0.0809428
-0.0818337
-0.0825471
-0.0830838
-0.0834516
-0.0836545
-0.0837026
-0.0836052
-0.0833719
-0.083012
-0.0825348
-0.0819491
-0.0812632
-0.080485
-0.0796218
-0.0786806
-0.0776677
-0.0765894
-0.0754512
-0.0742586
-0.0730167
-0.0717301
-0.0704037
-0.0690416
-0.067648
-0.0662271
-0.0647826
-0.0633183
-0.0618376
-0.060344
-0.0588409
-0.0573313
-0.0558183
-0.0543048
-0.0527936
-0.0512872
-0.0497882
-0.0482988
-0.0468213
-0.0453578
-0.04391
-0.0424797
-0.0410685
-0.0396777
-0.0383087
-0.0369625
-0.0356401
-0.0343424
-0.0330701
-0.0318237
-0.0306038
-0.0294107
-0.0282447
-0.0271061
-0.0259948
-0.0249111
-0.0238548
-0.022826
-0.0218244
-0.02085
-0.0199026
-0.0189819
-0.0180877
-0.0172198
-0.0163779
-0.0155617
-0.0147709
-0.0140053
-0.0132646
-0.0125484
-0.0118565
-0.0111886
-0.0105443
-0.00992333
-0.00932536
-0.00875006
-0.00819709
-0.0076661
-0.00715674
-0.00666862
-0.00620139
-0.00575464
-0.00532799
-0.00492104
-0.00453338
-0.0041646
-0.00381427
-0.00348199
-0.00316734
-0.00286989
-0.00258924
-0.00232499
-0.00207672
-0.00184406
-0.00162662
-0.00142402
-0.00123592
-0.00106196
-0.000901807
-0.000755134
-0.00062162
-0.000500957
-0.000392833
-0.000296941
-0.000212978
-0.000140626
-7.95583e-05
-2.94467e-05
1.01348e-05
3.9465e-05
5.958e-05
6.94183e-05
7.57346e-05
5.96508e-05
8.73918e-05
-9.48041e-05
-0.231038
-0.230395
-0.230236
-0.230141
-0.230092
-0.230055
-0.230019
-0.229976
-0.22992
-0.229847
-0.229753
-0.229637
-0.229495
-0.229327
-0.229131
-0.228906
-0.228651
-0.228365
-0.228047
-0.227697
-0.227314
-0.226898
-0.226447
-0.225963
-0.225444
-0.22489
-0.224301
-0.223676
-0.223015
-0.222318
-0.221584
-0.220812
-0.220002
-0.219154
-0.218266
-0.217338
-0.216368
-0.215354
-0.214296
-0.213191
-0.212035
-0.210826
-0.209557
-0.208224
-0.206819
-0.205333
-0.203756
-0.202075
-0.200276
-0.19834
-0.196241
-0.193945
-0.191407
-0.188567
-0.185349
-0.181666
-0.177424
-0.172537
-0.166934
-0.160584
-0.153502
-0.145764
-0.137509
-0.128935
-0.120289
-0.111841
-0.103864
-0.0966069
-0.0902679
-0.0849814
-0.0808084
-0.0777384
-0.0756991
-0.0745713
-0.0742067
-0.0744449
-0.075128
-0.0761114
-0.0772703
-0.0785025
-0.0797284
-0.080889
-0.0819431
-0.0828638
-0.0836353
-0.0842501
-0.0847067
-0.0850079
-0.0851584
-0.0851674
-0.0850415
-0.0847885
-0.084417
-0.0839349
-0.0833499
-0.0826693
-0.0819001
-0.0810487
-0.0801213
-0.0791235
-0.078061
-0.0769386
-0.0757614
-0.0745339
-0.0732605
-0.0719454
-0.0705928
-0.0692065
-0.0677904
-0.066348
-0.0648831
-0.063399
-0.0618993
-0.060387
-0.0588655
-0.0573378
-0.0558069
-0.0542757
-0.052747
-0.0512234
-0.0497075
-0.0482015
-0.0467079
-0.0452287
-0.0437658
-0.0423211
-0.0408962
-0.0394926
-0.0381116
-0.0367545
-0.0354221
-0.0341156
-0.0328355
-0.0315825
-0.030357
-0.0291596
-0.0279904
-0.0268497
-0.0257375
-0.0246538
-0.0235986
-0.0225718
-0.0215732
-0.0206026
-0.0196598
-0.0187444
-0.0178561
-0.0169947
-0.0161598
-0.0153511
-0.0145681
-0.0138106
-0.0130782
-0.0123705
-0.0116872
-0.0110278
-0.0103921
-0.00977967
-0.0091901
-0.00862306
-0.00807815
-0.00755501
-0.00705324
-0.00657244
-0.00611224
-0.00567223
-0.005252
-0.00485115
-0.00446926
-0.00410593
-0.00376075
-0.00343329
-0.00312316
-0.00282994
-0.00255324
-0.00229266
-0.0020478
-0.0018183
-0.00160378
-0.00140388
-0.00121826
-0.00104658
-0.000888514
-0.000743742
-0.000611953
-0.000492848
-0.000386124
-0.000291482
-0.000208626
-0.000137249
-7.7028e-05
-2.76402e-05
1.13438e-05
4.01985e-05
6.0039e-05
6.96665e-05
7.66666e-05
5.95936e-05
9.43732e-05
-0.000114197
-0.231687
-0.23057
-0.230327
-0.230188
-0.230119
-0.230071
-0.230029
-0.229982
-0.229923
-0.229847
-0.229752
-0.229634
-0.229492
-0.229323
-0.229127
-0.228901
-0.228646
-0.228359
-0.228041
-0.227691
-0.227307
-0.226891
-0.22644
-0.225955
-0.225435
-0.22488
-0.22429
-0.223664
-0.223001
-0.222302
-0.221565
-0.22079
-0.219977
-0.219124
-0.218231
-0.217297
-0.216319
-0.215296
-0.214227
-0.213108
-0.211936
-0.210706
-0.209414
-0.208052
-0.206613
-0.205087
-0.203462
-0.201725
-0.199859
-0.197845
-0.195656
-0.193256
-0.190601
-0.187632
-0.184278
-0.180459
-0.176092
-0.171104
-0.165444
-0.159098
-0.152101
-0.144543
-0.136574
-0.128397
-0.12025
-0.112388
-0.105059
-0.0984782
-0.0928092
-0.0881501
-0.0845303
-0.0819147
-0.0802151
-0.0793065
-0.079043
-0.0792742
-0.0798573
-0.0806654
-0.0815921
-0.0825529
-0.083484
-0.0843395
-0.0850889
-0.085713
-0.0862019
-0.0865518
-0.0867632
-0.0868399
-0.086786
-0.0866118
-0.0863217
-0.0859221
-0.0854204
-0.0848232
-0.0841367
-0.0833667
-0.0825187
-0.0815982
-0.0806099
-0.0795586
-0.0784486
-0.0772843
-0.0760697
-0.0748087
-0.073505
-0.0721624
-0.0707844
-0.0693745
-0.0679361
-0.0664727
-0.0649875
-0.0634839
-0.0619649
-0.0604338
-0.0588937
-0.0573475
-0.0557983
-0.0542489
-0.0527021
-0.0511606
-0.049627
-0.0481036
-0.0465929
-0.0450971
-0.0436181
-0.0421579
-0.0407182
-0.0393007
-0.0379066
-0.0365374
-0.035194
-0.0338775
-0.0325886
-0.031328
-0.0300962
-0.0288936
-0.0277205
-0.026577
-0.0254632
-0.0243791
-0.0233246
-0.0222995
-0.0213037
-0.0203367
-0.0193984
-0.0184884
-0.0176062
-0.0167515
-0.0159239
-0.015123
-0.0143482
-0.0135993
-0.0128757
-0.012177
-0.0115028
-0.0108527
-0.0102262
-0.0096229
-0.00904239
-0.00848426
-0.00794806
-0.0074334
-0.00693985
-0.006467
-0.00601443
-0.00558172
-0.00516847
-0.00477425
-0.00439865
-0.00404126
-0.00370167
-0.00337948
-0.00307428
-0.00278567
-0.00251327
-0.0022567
-0.00201557
-0.00178952
-0.0015782
-0.00138126
-0.00119836
-0.00102917
-0.000873393
-0.000730705
-0.00060081
-0.000483416
-0.00037823
-0.000284962
-0.000203328
-0.000133027
-7.37457e-05
-2.51682e-05
1.31345e-05
4.14309e-05
6.08936e-05
7.02226e-05
7.76309e-05
5.97293e-05
9.98368e-05
-0.000129085
-0.232472
-0.230678
-0.230347
-0.23018
-0.230096
-0.230046
-0.230004
-0.229957
-0.229899
-0.229824
-0.22973
-0.229613
-0.229471
-0.229303
-0.229107
-0.228882
-0.228627
-0.228341
-0.228023
-0.227672
-0.227289
-0.226871
-0.22642
-0.225934
-0.225413
-0.224856
-0.224264
-0.223635
-0.222969
-0.222266
-0.221525
-0.220744
-0.219925
-0.219064
-0.218161
-0.217215
-0.216224
-0.215185
-0.214097
-0.212955
-0.211757
-0.210496
-0.209166
-0.207761
-0.206272
-0.204686
-0.202993
-0.201177
-0.199221
-0.197103
-0.194796
-0.192266
-0.189467
-0.186345
-0.182834
-0.178864
-0.174366
-0.169283
-0.163582
-0.157269
-0.150396
-0.143068
-0.135443
-0.12772
-0.120128
-0.112901
-0.106255
-0.100372
-0.0953763
-0.0913324
-0.08824
-0.0860427
-0.0846412
-0.0839084
-0.0837053
-0.0838943
-0.0843498
-0.0849634
-0.0856476
-0.0863348
-0.0869756
-0.0875362
-0.0879951
-0.0883399
-0.088565
-0.0886693
-0.0886548
-0.0885253
-0.0882858
-0.0879444
-0.0875046
-0.0869717
-0.0863518
-0.08565
-0.0848712
-0.0840198
-0.0831002
-0.0821165
-0.0810725
-0.0799721
-0.0788186
-0.0776156
-0.0763665
-0.0750743
-0.0737425
-0.072374
-0.0709722
-0.06954
-0.0680805
-0.066597
-0.0650924
-0.0635697
-0.0620321
-0.0604826
-0.0589242
-0.0573598
-0.0557923
-0.0542247
-0.0526597
-0.0511001
-0.0495484
-0.0480072
-0.046479
-0.0449659
-0.0434702
-0.0419938
-0.0405386
-0.0391063
-0.0376984
-0.0363162
-0.034961
-0.0336336
-0.0323351
-0.031066
-0.029827
-0.0286185
-0.0274406
-0.0262937
-0.0251778
-0.0240927
-0.0230384
-0.0220147
-0.0210212
-0.0200577
-0.0191238
-0.018219
-0.0173429
-0.0164949
-0.0156747
-0.0148817
-0.0141154
-0.0133753
-0.0126608
-0.0119715
-0.0113069
-0.0106664
-0.0100495
-0.00945587
-0.00888489
-0.00833613
-0.00780913
-0.00730342
-0.00681857
-0.00635411
-0.00590963
-0.00548467
-0.0050788
-0.00469162
-0.0043227
-0.00397163
-0.00363799
-0.00332139
-0.00302144
-0.00273775
-0.00246994
-0.00221764
-0.00198049
-0.00175813
-0.00155022
-0.00135644
-0.00117645
-0.00100994
-0.000856604
-0.00071615
-0.000588284
-0.000472726
-0.000369192
-0.000277403
-0.000197085
-0.000127946
-6.96849e-05
-2.19942e-05
1.55493e-05
4.32064e-05
6.21804e-05
7.1111e-05
7.85904e-05
6.00499e-05
0.000103354
-0.000138314
-0.233531
-0.230564
-0.230227
-0.230117
-0.23002
-0.229974
-0.229943
-0.229903
-0.229849
-0.229779
-0.229688
-0.229574
-0.229435
-0.229269
-0.229074
-0.228851
-0.228596
-0.228311
-0.227993
-0.227642
-0.227258
-0.226839
-0.226387
-0.225899
-0.225375
-0.224815
-0.224219
-0.223585
-0.222914
-0.222204
-0.221455
-0.220665
-0.219834
-0.21896
-0.218042
-0.217077
-0.216065
-0.215001
-0.213884
-0.212708
-0.211469
-0.210162
-0.208779
-0.207313
-0.205752
-0.204086
-0.2023
-0.20038
-0.198306
-0.196058
-0.193606
-0.190918
-0.187951
-0.184656
-0.180975
-0.17685
-0.172224
-0.167061
-0.161346
-0.155104
-0.148403
-0.141359
-0.134134
-0.12692
-0.119929
-0.113368
-0.107423
-0.102237
-0.0978976
-0.0944368
-0.0918282
-0.0899993
-0.0888443
-0.0882387
-0.088054
-0.0881682
-0.0884738
-0.0888818
-0.0893221
-0.089743
-0.090108
-0.0903936
-0.0905854
-0.0906762
-0.0906638
-0.0905489
-0.0903339
-0.0900222
-0.0896195
-0.089131
-0.0885599
-0.0879104
-0.087187
-0.0863937
-0.085534
-0.0846112
-0.0836287
-0.0825894
-0.0814964
-0.0803525
-0.0791604
-0.077923
-0.076643
-0.075323
-0.0739658
-0.072574
-0.0711504
-0.0696979
-0.0682191
-0.0667169
-0.0651941
-0.0636537
-0.0620986
-0.0605316
-0.0589556
-0.0573737
-0.0557886
-0.0542032
-0.0526204
-0.0510429
-0.0494733
-0.0479144
-0.0463686
-0.0448382
-0.0433255
-0.0418327
-0.0403616
-0.0389141
-0.0374918
-0.0360961
-0.0347284
-0.0333896
-0.0320808
-0.0308026
-0.0295557
-0.0283406
-0.0271574
-0.0260065
-0.0248878
-0.0238012
-0.0227466
-0.0217237
-0.0207323
-0.0197719
-0.018842
-0.0179422
-0.0170719
-0.0162306
-0.0154177
-0.0146326
-0.0138747
-0.0131435
-0.0124383
-0.0117585
-0.0111035
-0.0104728
-0.00986584
-0.00928201
-0.0087208
-0.00818168
-0.00766413
-0.00716766
-0.00669178
-0.006236
-0.00579987
-0.00538293
-0.00498474
-0.00460486
-0.00424286
-0.00389834
-0.00357089
-0.00326012
-0.00296563
-0.00268705
-0.00242402
-0.00217618
-0.00194317
-0.00172466
-0.00152033
-0.00132984
-0.00115289
-0.000989172
-0.0008384
-0.000700286
-0.000574547
-0.000460914
-0.000359115
-0.00026888
-0.000189947
-0.000122037
-6.4858e-05
-1.81161e-05
1.86006e-05
4.55437e-05
6.3917e-05
7.23453e-05
7.95177e-05
6.0553e-05
0.000104629
-0.000141113
-0.235114
-0.230116
-0.229897
-0.230001
-0.229905
-0.229863
-0.229852
-0.229826
-0.229781
-0.229717
-0.229632
-0.229523
-0.229387
-0.229224
-0.229032
-0.228809
-0.228556
-0.22827
-0.227952
-0.2276
-0.227215
-0.226794
-0.226338
-0.225847
-0.225319
-0.224753
-0.22415
-0.223509
-0.222828
-0.222107
-0.221345
-0.22054
-0.219692
-0.218797
-0.217855
-0.216864
-0.215819
-0.214719
-0.213559
-0.212335
-0.211041
-0.20967
-0.208214
-0.206664
-0.20501
-0.203238
-0.201335
-0.199284
-0.197066
-0.194659
-0.192038
-0.18917
-0.186017
-0.182537
-0.178681
-0.174404
-0.169668
-0.164451
-0.158759
-0.152634
-0.146159
-0.139455
-0.132681
-0.126019
-0.11966
-0.113782
-0.108534
-0.104022
-0.100302
-0.097374
-0.0951915
-0.0936711
-0.0927054
-0.0921774
-0.091972
-0.0919844
-0.0921261
-0.0923261
-0.092531
-0.0927025
-0.0928153
-0.0928537
-0.0928091
-0.0926779
-0.0924598
-0.0921565
-0.0917703
-0.0913038
-0.0907627
-0.0901502
-0.0894685
-0.0887207
-0.0879103
-0.0870398
-0.0861119
-0.0851289
-0.084093
-0.0830067
-0.0818719
-0.080691
-0.079466
-0.0781991
-0.0768925
-0.0755484
-0.0741691
-0.0727569
-0.0713143
-0.0698437
-0.0683477
-0.0668288
-0.0652897
-0.0637331
-0.0621619
-0.0605787
-0.0589865
-0.0573882
-0.0557864
-0.0541843
-0.0525845
-0.0509898
-0.0494031
-0.0478269
-0.0462639
-0.0447166
-0.0431872
-0.041678
-0.0401911
-0.0387284
-0.0372916
-0.0358822
-0.0345017
-0.0331512
-0.0318316
-0.0305439
-0.0292887
-0.0280665
-0.0268775
-0.025722
-0.0245999
-0.0235113
-0.0224559
-0.0214334
-0.0204435
-0.0194857
-0.0185595
-0.0176643
-0.0167995
-0.0159645
-0.0151586
-0.0143812
-0.0136316
-0.012909
-0.0122129
-0.0115425
-0.0108971
-0.0102762
-0.00967908
-0.0091051
-0.00855368
-0.00802424
-0.0075162
-0.00702903
-0.00656219
-0.00611518
-0.0056875
-0.00527867
-0.00488823
-0.00451575
-0.00416078
-0.00382292
-0.00350175
-0.00319689
-0.00290796
-0.00263459
-0.00237643
-0.00213313
-0.00190435
-0.00168977
-0.00148907
-0.00130195
-0.00112811
-0.000967256
-0.000819107
-0.000683387
-0.000559828
-0.000448172
-0.000348153
-0.000259516
-0.000182011
-0.000115371
-5.93157e-05
-1.35669e-05
2.22704e-05
4.84355e-05
6.61023e-05
7.39275e-05
8.04012e-05
6.12387e-05
0.000103538
-0.000137162
)
;

boundaryField
{
    inlet
    {
        type            zeroGradient;
    }
    outlet
    {
        type            fixedValue;
        value           uniform 0;
    }
    walls
    {
        type            zeroGradient;
    }
    frontAndBack
    {
        type            empty;
    }
}


// ************************************************************************* //
