/*--------------------------------*- C++ -*----------------------------------*\
  =========                 |
  \\      /  F ield         | OpenFOAM: The Open Source CFD Toolbox
   \\    /   O peration     | Website:  https://openfoam.org
    \\  /    A nd           | Version:  11
     \\/     M anipulation  |
\*---------------------------------------------------------------------------*/
FoamFile
{
    format      ascii;
    class       volScalarField;
    location    "8";
    object      p;
}
// * * * * * * * * * * * * * * * * * * * * * * * * * * * * * * * * * * * * * //

dimensions      [0 2 -2 0 0 0 0];

internalField   nonuniform List<scalar> 
4096
(
-3.02031e-08
0.00805049
0.0238667
0.0468484
0.0761266
0.110587
0.14891
0.189626
0.231171
0.271945
0.310376
0.344982
0.374425
0.397569
0.413515
0.421646
0.421646
0.413515
0.397569
0.374425
0.344982
0.310376
0.271945
0.231171
0.189626
0.14891
0.110587
0.0761266
0.0468484
0.0238667
0.00805049
-2.77155e-08
-2.61332e-08
0.00804835
0.0238587
0.0468354
0.0761096
0.110566
0.148885
0.189597
0.231138
0.271907
0.310335
0.344937
0.374377
0.397517
0.413461
0.42159
0.42159
0.413461
0.397517
0.374377
0.344937
0.310335
0.271907
0.231138
0.189597
0.148885
0.110565
0.0761095
0.0468353
0.0238587
0.00804835
-3.03821e-08
0.00804835
0.0161029
0.0319296
0.054924
0.0842139
0.118685
0.157019
0.197746
0.2393
0.280083
0.318523
0.353136
0.382586
0.405735
0.421684
0.429818
0.429818
0.421684
0.405735
0.382586
0.353136
0.318523
0.280083
0.2393
0.197746
0.157019
0.118685
0.0842139
0.054924
0.0319296
0.0161029
0.00804835
0.00805049
0.0161029
0.0319164
0.0548979
0.0841768
0.118637
0.156959
0.197674
0.239216
0.279987
0.318414
0.353015
0.382454
0.405593
0.421536
0.429665
0.429665
0.421536
0.405593
0.382454
0.353015
0.318414
0.279987
0.239216
0.197674
0.156959
0.118637
0.0841768
0.0548979
0.0319164
0.0161029
0.00805049
0.0238587
0.0319164
0.0477545
0.0707656
0.100072
0.13456
0.172911
0.213653
0.255222
0.296018
0.33447
0.369094
0.398553
0.421709
0.437664
0.445801
0.445801
0.437664
0.421709
0.398553
0.369094
0.33447
0.296018
0.255222
0.213653
0.172911
0.13456
0.100072
0.0707656
0.0477545
0.0319164
0.0238587
0.0238667
0.0319296
0.0477545
0.0707485
0.10004
0.134511
0.172843
0.213567
0.255115
0.295891
0.334321
0.368925
0.398365
0.421505
0.437447
0.445576
0.445576
0.437447
0.421505
0.398365
0.368925
0.334321
0.295891
0.255115
0.213567
0.172843
0.134511
0.10004
0.0707485
0.0477545
0.0319296
0.0238667
0.0468354
0.0548979
0.0707485
0.0937778
0.123105
0.157613
0.195983
0.236745
0.278331
0.319144
0.357611
0.392248
0.421718
0.444883
0.460844
0.468985
0.468985
0.460844
0.444883
0.421718
0.392248
0.357611
0.319144
0.278331
0.236745
0.195983
0.157613
0.123105
0.0937778
0.0707485
0.0548979
0.0468354
0.0468484
0.054924
0.0707656
0.0937778
0.123087
0.157576
0.195924
0.23666
0.27822
0.319004
0.357442
0.39205
0.421494
0.444635
0.460578
0.468706
0.468706
0.460578
0.444635
0.421494
0.39205
0.357442
0.319004
0.27822
0.23666
0.195924
0.157576
0.123087
0.0937778
0.0707656
0.054924
0.0468484
0.0761096
0.0841768
0.10004
0.123087
0.152435
0.186965
0.225357
0.266139
0.307746
0.348577
0.38706
0.421712
0.451195
0.474369
0.490337
0.498482
0.498482
0.490337
0.474369
0.451195
0.421712
0.38706
0.348577
0.307746
0.266139
0.225357
0.186965
0.152435
0.123087
0.10004
0.0841768
0.0761095
0.0761266
0.084214
0.100072
0.123105
0.152435
0.186944
0.225311
0.266064
0.307639
0.348435
0.386881
0.421497
0.450945
0.47409
0.490034
0.498162
0.498162
0.490034
0.47409
0.450945
0.421497
0.386881
0.348435
0.307639
0.266064
0.225311
0.186944
0.152435
0.123105
0.100072
0.084214
0.0761266
0.110566
0.118637
0.134511
0.157576
0.186944
0.221496
0.25991
0.300714
0.342341
0.383191
0.421691
0.456358
0.485853
0.509038
0.525013
0.533163
0.533163
0.525013
0.509038
0.485853
0.456358
0.421691
0.383191
0.342341
0.300714
0.25991
0.221496
0.186944
0.157576
0.134511
0.118637
0.110565
0.110587
0.118685
0.13456
0.157613
0.186965
0.221496
0.259883
0.300655
0.342245
0.383055
0.421512
0.456136
0.48559
0.508738
0.524684
0.532812
0.532812
0.524684
0.508738
0.48559
0.456136
0.421512
0.383055
0.342245
0.300655
0.259883
0.221496
0.186965
0.157613
0.13456
0.118685
0.110587
0.148885
0.156959
0.172843
0.195924
0.225311
0.259883
0.298318
0.339143
0.38079
0.421659
0.460176
0.494858
0.524366
0.54756
0.563543
0.571697
0.571697
0.563543
0.54756
0.524366
0.494858
0.460176
0.421659
0.38079
0.339143
0.298318
0.259883
0.225311
0.195924
0.172843
0.156959
0.148885
0.14891
0.157019
0.172911
0.195983
0.225357
0.25991
0.298318
0.339109
0.380716
0.42154
0.460009
0.494641
0.524101
0.547253
0.5632
0.571328
0.571328
0.5632
0.547253
0.524101
0.494641
0.460009
0.42154
0.380716
0.339109
0.298318
0.25991
0.225357
0.195983
0.172911
0.157019
0.14891
0.189597
0.197674
0.213567
0.23666
0.266064
0.300655
0.339109
0.379953
0.421619
0.462505
0.501038
0.535733
0.565253
0.588457
0.604447
0.612606
0.612606
0.604447
0.588457
0.565253
0.535733
0.501038
0.462505
0.421619
0.379953
0.339109
0.300655
0.266064
0.23666
0.213567
0.197674
0.189597
0.189626
0.197746
0.213653
0.236745
0.266139
0.300714
0.339143
0.379953
0.421577
0.462415
0.500896
0.535537
0.565002
0.588157
0.604106
0.612233
0.612233
0.604106
0.588157
0.565002
0.535537
0.500896
0.462415
0.421577
0.379953
0.339143
0.300714
0.266139
0.236745
0.213653
0.197746
0.189626
0.231138
0.239216
0.255115
0.27822
0.307639
0.342245
0.380716
0.421577
0.463259
0.504161
0.542707
0.577415
0.606946
0.630159
0.646154
0.654317
0.654317
0.646154
0.630159
0.606946
0.577415
0.542707
0.504161
0.463259
0.421577
0.380716
0.342245
0.307639
0.27822
0.255115
0.239216
0.231138
0.231171
0.2393
0.255222
0.278331
0.307746
0.342341
0.38079
0.421619
0.463259
0.504111
0.542603
0.577251
0.606722
0.629879
0.645829
0.653955
0.653955
0.645829
0.629879
0.606722
0.577251
0.542603
0.504111
0.463259
0.421619
0.38079
0.342341
0.307746
0.278331
0.255222
0.2393
0.231171
0.271907
0.279987
0.295891
0.319004
0.348435
0.383055
0.42154
0.462415
0.504111
0.545025
0.583584
0.618302
0.647841
0.671061
0.687062
0.695229
0.695229
0.687062
0.671061
0.647841
0.618302
0.583584
0.545025
0.504111
0.462415
0.42154
0.383055
0.348435
0.319004
0.295891
0.279987
0.271907
0.271945
0.280083
0.296018
0.319144
0.348577
0.383191
0.421659
0.462505
0.504161
0.545025
0.583527
0.618182
0.647658
0.670817
0.686768
0.694892
0.694892
0.686768
0.670817
0.647658
0.618182
0.583527
0.545025
0.504161
0.462505
0.421659
0.383191
0.348577
0.319144
0.296018
0.280083
0.271945
0.310335
0.318414
0.334321
0.357442
0.386881
0.421512
0.460009
0.500896
0.542603
0.583527
0.622094
0.65682
0.686366
0.709591
0.725597
0.733767
0.733767
0.725597
0.709591
0.686366
0.65682
0.622094
0.583527
0.542603
0.500896
0.460009
0.421512
0.386881
0.357442
0.334321
0.318414
0.310335
0.310376
0.318523
0.33447
0.357611
0.38706
0.421691
0.460176
0.501038
0.542707
0.583584
0.622094
0.656756
0.686235
0.709396
0.725346
0.733468
0.733468
0.725346
0.709396
0.686235
0.656756
0.622094
0.583584
0.542707
0.501038
0.460176
0.421691
0.38706
0.357611
0.33447
0.318523
0.310376
0.344937
0.353015
0.368925
0.39205
0.421497
0.456136
0.494641
0.535537
0.577251
0.618182
0.656756
0.691487
0.721038
0.744267
0.760276
0.768447
0.768447
0.760276
0.744267
0.721038
0.691487
0.656756
0.618182
0.577251
0.535537
0.494641
0.456136
0.421497
0.39205
0.368925
0.353015
0.344937
0.344982
0.353136
0.369094
0.392248
0.421712
0.456358
0.494858
0.535733
0.577415
0.618302
0.65682
0.691487
0.720969
0.744131
0.76008
0.7682
0.7682
0.76008
0.744131
0.720969
0.691487
0.65682
0.618302
0.577415
0.535733
0.494858
0.456358
0.421712
0.392248
0.369094
0.353136
0.344982
0.374377
0.382454
0.398365
0.421494
0.450945
0.48559
0.524101
0.565002
0.606722
0.647658
0.686235
0.720969
0.750522
0.773753
0.789764
0.797937
0.797937
0.789764
0.773753
0.750522
0.720969
0.686235
0.647658
0.606722
0.565002
0.524101
0.48559
0.450945
0.421494
0.398365
0.382454
0.374377
0.374425
0.382586
0.398553
0.421718
0.451195
0.485853
0.524366
0.565253
0.606946
0.647841
0.686366
0.721038
0.750522
0.773685
0.789632
0.797749
0.797749
0.789632
0.773685
0.750522
0.721038
0.686366
0.647841
0.606946
0.565253
0.524366
0.485853
0.451195
0.421718
0.398553
0.382586
0.374425
0.397517
0.405593
0.421505
0.444635
0.47409
0.508738
0.547253
0.588157
0.629879
0.670817
0.709396
0.744131
0.773685
0.796916
0.812928
0.821101
0.821101
0.812928
0.796916
0.773685
0.744131
0.709396
0.670817
0.629879
0.588157
0.547253
0.508738
0.47409
0.444635
0.421505
0.405593
0.397517
0.397569
0.405735
0.421709
0.444883
0.474369
0.509038
0.54756
0.588457
0.630159
0.671061
0.709591
0.744267
0.773753
0.796916
0.812862
0.820976
0.820976
0.812862
0.796916
0.773753
0.744267
0.709591
0.671061
0.630159
0.588457
0.54756
0.509038
0.474369
0.444883
0.421709
0.405735
0.397569
0.413461
0.421536
0.437447
0.460578
0.490034
0.524684
0.5632
0.604106
0.645829
0.686768
0.725346
0.76008
0.789632
0.812862
0.828872
0.837044
0.837044
0.828872
0.812862
0.789632
0.76008
0.725346
0.686767
0.645829
0.604106
0.5632
0.524684
0.490034
0.460578
0.437447
0.421536
0.413461
0.413515
0.421684
0.437664
0.460844
0.490337
0.525013
0.563543
0.604447
0.646154
0.687062
0.725597
0.760276
0.789764
0.812928
0.828872
0.836984
0.836984
0.828872
0.812928
0.789764
0.760276
0.725597
0.687062
0.646154
0.604447
0.563543
0.525013
0.490337
0.460844
0.437664
0.421684
0.413515
0.42159
0.429665
0.445576
0.468706
0.498162
0.532812
0.571328
0.612233
0.653955
0.694892
0.733468
0.7682
0.797749
0.820976
0.836984
0.845154
0.845154
0.836984
0.820976
0.797749
0.7682
0.733468
0.694892
0.653955
0.612233
0.571328
0.532812
0.498162
0.468706
0.445576
0.429665
0.42159
0.421646
0.429818
0.445801
0.468985
0.498482
0.533163
0.571697
0.612606
0.654317
0.695229
0.733767
0.768447
0.797937
0.821101
0.837044
0.845154
0.845154
0.837044
0.821101
0.797937
0.768447
0.733767
0.695229
0.654317
0.612606
0.571697
0.533163
0.498482
0.468985
0.445801
0.429818
0.421646
0.42159
0.429665
0.445576
0.468706
0.498162
0.532812
0.571328
0.612233
0.653955
0.694892
0.733468
0.7682
0.797749
0.820976
0.836984
0.845154
0.845154
0.836984
0.820976
0.797749
0.7682
0.733468
0.694892
0.653955
0.612233
0.571328
0.532812
0.498162
0.468706
0.445576
0.429665
0.42159
0.421646
0.429818
0.445801
0.468985
0.498482
0.533163
0.571697
0.612606
0.654317
0.695229
0.733767
0.768447
0.797937
0.821101
0.837044
0.845154
0.845154
0.837044
0.821101
0.797937
0.768447
0.733767
0.695229
0.654317
0.612606
0.571697
0.533163
0.498482
0.468985
0.445801
0.429818
0.421646
0.413461
0.421536
0.437447
0.460578
0.490034
0.524684
0.5632
0.604106
0.645829
0.686768
0.725346
0.76008
0.789632
0.812862
0.828872
0.837044
0.837044
0.828872
0.812862
0.789632
0.76008
0.725346
0.686767
0.645829
0.604106
0.5632
0.524684
0.490034
0.460578
0.437447
0.421536
0.413461
0.413515
0.421684
0.437664
0.460844
0.490337
0.525013
0.563543
0.604447
0.646154
0.687062
0.725597
0.760276
0.789764
0.812928
0.828872
0.836984
0.836984
0.828872
0.812928
0.789764
0.760276
0.725597
0.687062
0.646154
0.604447
0.563543
0.525013
0.490337
0.460844
0.437664
0.421684
0.413515
0.397517
0.405593
0.421505
0.444635
0.47409
0.508738
0.547253
0.588157
0.629879
0.670817
0.709396
0.744131
0.773685
0.796916
0.812928
0.821101
0.821101
0.812928
0.796916
0.773685
0.744131
0.709396
0.670817
0.629879
0.588157
0.547253
0.508738
0.47409
0.444635
0.421505
0.405593
0.397517
0.397569
0.405735
0.421709
0.444883
0.474369
0.509038
0.54756
0.588457
0.630159
0.671061
0.709591
0.744267
0.773753
0.796916
0.812862
0.820976
0.820976
0.812862
0.796916
0.773753
0.744267
0.709591
0.671061
0.630159
0.588457
0.54756
0.509038
0.474369
0.444883
0.421709
0.405735
0.397569
0.374377
0.382454
0.398365
0.421494
0.450945
0.48559
0.524101
0.565002
0.606722
0.647658
0.686235
0.720969
0.750522
0.773753
0.789764
0.797937
0.797937
0.789764
0.773753
0.750522
0.720969
0.686235
0.647658
0.606722
0.565002
0.524101
0.48559
0.450945
0.421494
0.398365
0.382454
0.374377
0.374425
0.382586
0.398553
0.421718
0.451195
0.485853
0.524366
0.565253
0.606946
0.647841
0.686366
0.721038
0.750522
0.773685
0.789632
0.797749
0.797749
0.789632
0.773685
0.750522
0.721038
0.686366
0.647841
0.606946
0.565253
0.524366
0.485853
0.451195
0.421718
0.398553
0.382586
0.374425
0.344937
0.353015
0.368925
0.39205
0.421497
0.456136
0.494641
0.535537
0.577251
0.618182
0.656756
0.691487
0.721038
0.744267
0.760276
0.768447
0.768447
0.760276
0.744267
0.721038
0.691487
0.656756
0.618182
0.577251
0.535537
0.494641
0.456136
0.421497
0.39205
0.368925
0.353015
0.344937
0.344982
0.353136
0.369094
0.392248
0.421712
0.456358
0.494858
0.535733
0.577415
0.618302
0.65682
0.691487
0.720969
0.744131
0.76008
0.7682
0.7682
0.76008
0.744131
0.720969
0.691487
0.65682
0.618302
0.577415
0.535733
0.494858
0.456358
0.421712
0.392248
0.369094
0.353136
0.344982
0.310335
0.318414
0.334321
0.357442
0.386881
0.421512
0.460009
0.500896
0.542603
0.583527
0.622094
0.65682
0.686366
0.709591
0.725597
0.733767
0.733767
0.725597
0.709591
0.686366
0.65682
0.622094
0.583527
0.542603
0.500896
0.460009
0.421512
0.386881
0.357442
0.334321
0.318414
0.310335
0.310376
0.318523
0.33447
0.357611
0.38706
0.421691
0.460176
0.501038
0.542707
0.583584
0.622094
0.656756
0.686235
0.709396
0.725346
0.733468
0.733468
0.725346
0.709396
0.686235
0.656756
0.622094
0.583584
0.542707
0.501038
0.460176
0.421691
0.38706
0.357611
0.33447
0.318523
0.310376
0.271907
0.279987
0.295891
0.319004
0.348435
0.383055
0.42154
0.462415
0.504111
0.545025
0.583584
0.618302
0.647841
0.671061
0.687062
0.695229
0.695229
0.687062
0.671061
0.647841
0.618302
0.583584
0.545025
0.504111
0.462415
0.42154
0.383055
0.348435
0.319004
0.295891
0.279987
0.271907
0.271945
0.280083
0.296018
0.319144
0.348577
0.383191
0.421659
0.462505
0.504161
0.545025
0.583527
0.618182
0.647658
0.670817
0.686768
0.694892
0.694892
0.686767
0.670817
0.647658
0.618182
0.583527
0.545025
0.504161
0.462505
0.421659
0.383191
0.348577
0.319144
0.296018
0.280083
0.271945
0.231138
0.239216
0.255115
0.27822
0.307639
0.342245
0.380716
0.421577
0.463259
0.504161
0.542707
0.577415
0.606946
0.630159
0.646154
0.654317
0.654317
0.646154
0.630159
0.606946
0.577415
0.542707
0.504161
0.463259
0.421577
0.380716
0.342245
0.307639
0.27822
0.255115
0.239216
0.231138
0.231171
0.2393
0.255222
0.278331
0.307746
0.342341
0.38079
0.421619
0.463259
0.504111
0.542603
0.577251
0.606722
0.629879
0.645829
0.653955
0.653955
0.645829
0.629879
0.606722
0.577251
0.542603
0.504111
0.463259
0.421619
0.38079
0.342341
0.307746
0.278331
0.255222
0.2393
0.231171
0.189597
0.197674
0.213567
0.23666
0.266064
0.300655
0.339109
0.379953
0.421619
0.462505
0.501038
0.535733
0.565253
0.588457
0.604447
0.612606
0.612606
0.604447
0.588457
0.565253
0.535733
0.501038
0.462505
0.421619
0.379953
0.339109
0.300655
0.266064
0.23666
0.213567
0.197674
0.189597
0.189626
0.197746
0.213653
0.236745
0.266139
0.300714
0.339143
0.379953
0.421577
0.462415
0.500896
0.535537
0.565002
0.588157
0.604106
0.612233
0.612233
0.604106
0.588157
0.565002
0.535537
0.500896
0.462415
0.421577
0.379953
0.339143
0.300714
0.266139
0.236745
0.213653
0.197746
0.189626
0.148885
0.156959
0.172843
0.195924
0.225311
0.259883
0.298318
0.339143
0.38079
0.421659
0.460176
0.494858
0.524366
0.54756
0.563543
0.571697
0.571697
0.563543
0.54756
0.524366
0.494858
0.460176
0.421659
0.38079
0.339143
0.298318
0.259883
0.225311
0.195924
0.172843
0.156959
0.148885
0.14891
0.157019
0.172911
0.195983
0.225357
0.25991
0.298318
0.339109
0.380716
0.42154
0.460009
0.494641
0.524101
0.547253
0.5632
0.571328
0.571328
0.5632
0.547253
0.524101
0.494641
0.460009
0.42154
0.380716
0.339109
0.298318
0.25991
0.225357
0.195983
0.172911
0.157019
0.14891
0.110565
0.118637
0.134511
0.157576
0.186944
0.221496
0.25991
0.300714
0.342341
0.383191
0.421691
0.456358
0.485853
0.509038
0.525013
0.533163
0.533163
0.525013
0.509038
0.485853
0.456358
0.421691
0.383191
0.342341
0.300714
0.25991
0.221496
0.186944
0.157576
0.134511
0.118637
0.110565
0.110587
0.118685
0.13456
0.157613
0.186965
0.221496
0.259883
0.300655
0.342245
0.383055
0.421512
0.456136
0.48559
0.508738
0.524684
0.532812
0.532812
0.524684
0.508738
0.48559
0.456136
0.421512
0.383055
0.342245
0.300655
0.259883
0.221496
0.186965
0.157613
0.13456
0.118685
0.110587
0.0761096
0.0841768
0.10004
0.123087
0.152435
0.186965
0.225357
0.266139
0.307746
0.348577
0.38706
0.421712
0.451195
0.474369
0.490337
0.498482
0.498482
0.490337
0.474369
0.451195
0.421712
0.38706
0.348577
0.307746
0.266139
0.225357
0.186965
0.152435
0.123087
0.10004
0.0841768
0.0761096
0.0761266
0.084214
0.100072
0.123105
0.152435
0.186944
0.225311
0.266064
0.307639
0.348435
0.386881
0.421497
0.450945
0.47409
0.490034
0.498162
0.498162
0.490034
0.47409
0.450945
0.421497
0.386881
0.348435
0.307639
0.266064
0.225311
0.186944
0.152435
0.123105
0.100072
0.084214
0.0761266
0.0468354
0.0548979
0.0707485
0.0937778
0.123105
0.157613
0.195983
0.236745
0.278331
0.319144
0.357611
0.392248
0.421718
0.444883
0.460844
0.468985
0.468985
0.460844
0.444883
0.421718
0.392248
0.357611
0.319144
0.278331
0.236745
0.195983
0.157613
0.123105
0.0937778
0.0707485
0.0548979
0.0468354
0.0468484
0.054924
0.0707656
0.0937778
0.123087
0.157576
0.195924
0.23666
0.27822
0.319004
0.357442
0.39205
0.421494
0.444635
0.460578
0.468706
0.468706
0.460578
0.444635
0.421494
0.39205
0.357442
0.319004
0.27822
0.23666
0.195924
0.157576
0.123087
0.0937778
0.0707656
0.054924
0.0468484
0.0238587
0.0319164
0.0477545
0.0707656
0.100072
0.13456
0.172911
0.213653
0.255222
0.296018
0.33447
0.369094
0.398553
0.421709
0.437664
0.445801
0.445801
0.437664
0.421709
0.398553
0.369094
0.33447
0.296018
0.255222
0.213653
0.172911
0.13456
0.100072
0.0707656
0.0477545
0.0319164
0.0238587
0.0238667
0.0319296
0.0477545
0.0707485
0.10004
0.134511
0.172843
0.213567
0.255115
0.295891
0.334321
0.368925
0.398365
0.421505
0.437447
0.445576
0.445576
0.437447
0.421505
0.398365
0.368925
0.334321
0.295891
0.255115
0.213567
0.172843
0.134511
0.10004
0.0707485
0.0477545
0.0319296
0.0238667
0.00804835
0.0161029
0.0319296
0.054924
0.084214
0.118685
0.157019
0.197746
0.2393
0.280083
0.318523
0.353136
0.382586
0.405735
0.421684
0.429818
0.429818
0.421684
0.405735
0.382586
0.353136
0.318523
0.280083
0.2393
0.197746
0.157019
0.118685
0.084214
0.054924
0.0319296
0.0161029
0.00804835
0.0080505
0.0161029
0.0319164
0.0548979
0.0841768
0.118637
0.156959
0.197674
0.239216
0.279987
0.318414
0.353015
0.382454
0.405593
0.421536
0.429665
0.429665
0.421536
0.405593
0.382454
0.353015
0.318414
0.279987
0.239216
0.197674
0.156959
0.118637
0.0841768
0.0548979
0.0319164
0.0161029
0.00805049
-2.54788e-08
0.0080505
0.0238667
0.0468484
0.0761266
0.110587
0.14891
0.189626
0.231171
0.271945
0.310376
0.344982
0.374425
0.397569
0.413515
0.421646
0.421646
0.413515
0.397569
0.374425
0.344982
0.310376
0.271945
0.231171
0.189626
0.14891
0.110587
0.0761266
0.0468484
0.0238667
0.0080505
-2.35054e-08
-2.29525e-08
0.00804836
0.0238587
0.0468354
0.0761096
0.110566
0.148885
0.189597
0.231138
0.271907
0.310335
0.344937
0.374377
0.397517
0.413461
0.42159
0.42159
0.413461
0.397517
0.374377
0.344937
0.310335
0.271907
0.231138
0.189597
0.148885
0.110565
0.0761095
0.0468353
0.0238587
0.00804835
-2.67738e-08
-2.54565e-08
0.00804835
0.0238587
0.0468354
0.0761096
0.110566
0.148885
0.189597
0.231138
0.271907
0.310335
0.344937
0.374377
0.397517
0.413461
0.42159
0.42159
0.413461
0.397517
0.374377
0.344937
0.310335
0.271907
0.231138
0.189597
0.148885
0.110566
0.0761096
0.0468354
0.0238587
0.00804836
-2.26188e-08
-2.20692e-08
0.0080505
0.0238668
0.0468484
0.0761266
0.110587
0.14891
0.189626
0.231171
0.271945
0.310376
0.344982
0.374425
0.397569
0.413515
0.421646
0.421646
0.413515
0.397569
0.374425
0.344982
0.310376
0.271945
0.231171
0.189626
0.14891
0.110587
0.0761266
0.0468484
0.0238667
0.00805049
-2.65711e-08
0.0080505
0.0161029
0.0319164
0.0548979
0.0841768
0.118637
0.156959
0.197674
0.239216
0.279987
0.318414
0.353015
0.382454
0.405593
0.421536
0.429665
0.429665
0.421536
0.405593
0.382454
0.353015
0.318414
0.279987
0.239216
0.197674
0.156959
0.118637
0.0841768
0.0548979
0.0319164
0.0161029
0.0080505
0.00804836
0.0161029
0.0319296
0.0549241
0.084214
0.118685
0.157019
0.197746
0.2393
0.280083
0.318523
0.353136
0.382586
0.405735
0.421684
0.429818
0.429818
0.421684
0.405735
0.382586
0.353136
0.318523
0.280083
0.2393
0.197746
0.157019
0.118685
0.0842139
0.054924
0.0319296
0.0161029
0.00804835
0.0238667
0.0319296
0.0477545
0.0707485
0.10004
0.134511
0.172843
0.213567
0.255115
0.295891
0.334321
0.368925
0.398365
0.421505
0.437447
0.445576
0.445576
0.437447
0.421505
0.398365
0.368925
0.334321
0.295891
0.255115
0.213567
0.172843
0.134511
0.10004
0.0707485
0.0477545
0.0319296
0.0238668
0.0238587
0.0319164
0.0477545
0.0707656
0.100072
0.13456
0.172911
0.213653
0.255222
0.296018
0.33447
0.369094
0.398553
0.421709
0.437664
0.445801
0.445801
0.437664
0.421709
0.398553
0.369094
0.33447
0.296018
0.255222
0.213653
0.172911
0.13456
0.100072
0.0707656
0.0477545
0.0319164
0.0238587
0.0468484
0.054924
0.0707656
0.0937778
0.123087
0.157576
0.195924
0.23666
0.27822
0.319004
0.357442
0.39205
0.421494
0.444635
0.460578
0.468706
0.468706
0.460578
0.444635
0.421494
0.39205
0.357442
0.319004
0.27822
0.23666
0.195924
0.157576
0.123087
0.0937778
0.0707656
0.0549241
0.0468484
0.0468354
0.0548979
0.0707485
0.0937778
0.123105
0.157613
0.195983
0.236745
0.278331
0.319144
0.357611
0.392248
0.421718
0.444883
0.460844
0.468985
0.468985
0.460844
0.444883
0.421718
0.392248
0.357611
0.319144
0.278331
0.236745
0.195983
0.157613
0.123105
0.0937778
0.0707485
0.0548979
0.0468354
0.0761266
0.084214
0.100072
0.123105
0.152435
0.186944
0.225311
0.266064
0.307639
0.348435
0.386881
0.421497
0.450945
0.47409
0.490034
0.498162
0.498162
0.490034
0.47409
0.450945
0.421497
0.386881
0.348435
0.307639
0.266064
0.225311
0.186944
0.152435
0.123105
0.100072
0.084214
0.0761266
0.0761096
0.0841768
0.10004
0.123087
0.152435
0.186965
0.225357
0.266139
0.307746
0.348577
0.38706
0.421712
0.451195
0.474369
0.490337
0.498482
0.498482
0.490337
0.474369
0.451195
0.421712
0.38706
0.348577
0.307746
0.266139
0.225357
0.186965
0.152435
0.123087
0.10004
0.0841768
0.0761096
0.110587
0.118685
0.13456
0.157613
0.186965
0.221496
0.259883
0.300655
0.342245
0.383055
0.421512
0.456136
0.48559
0.508738
0.524684
0.532812
0.532812
0.524684
0.508738
0.48559
0.456136
0.421512
0.383055
0.342245
0.300655
0.259883
0.221496
0.186965
0.157613
0.13456
0.118685
0.110587
0.110566
0.118637
0.134511
0.157576
0.186944
0.221496
0.25991
0.300714
0.342341
0.383191
0.421691
0.456358
0.485853
0.509038
0.525013
0.533163
0.533163
0.525013
0.509038
0.485853
0.456358
0.421691
0.383191
0.342341
0.300714
0.25991
0.221496
0.186944
0.157576
0.134511
0.118637
0.110565
0.14891
0.157019
0.172911
0.195983
0.225357
0.25991
0.298318
0.339109
0.380716
0.42154
0.460009
0.494641
0.524101
0.547253
0.5632
0.571328
0.571328
0.5632
0.547253
0.524101
0.494641
0.460009
0.42154
0.380716
0.339109
0.298318
0.25991
0.225357
0.195983
0.172911
0.157019
0.14891
0.148885
0.156959
0.172843
0.195924
0.225311
0.259883
0.298318
0.339143
0.38079
0.421659
0.460176
0.494858
0.524366
0.54756
0.563543
0.571697
0.571697
0.563543
0.54756
0.524366
0.494858
0.460176
0.421659
0.38079
0.339143
0.298318
0.259883
0.225311
0.195924
0.172843
0.156959
0.148885
0.189626
0.197746
0.213653
0.236745
0.266139
0.300714
0.339143
0.379953
0.421577
0.462415
0.500896
0.535537
0.565002
0.588157
0.604106
0.612233
0.612233
0.604106
0.588157
0.565002
0.535537
0.500896
0.462415
0.421577
0.379953
0.339143
0.300714
0.266139
0.236745
0.213653
0.197746
0.189626
0.189597
0.197674
0.213567
0.23666
0.266064
0.300655
0.339109
0.379953
0.421619
0.462505
0.501038
0.535733
0.565253
0.588457
0.604447
0.612606
0.612606
0.604447
0.588457
0.565253
0.535733
0.501038
0.462505
0.421619
0.379953
0.339109
0.300655
0.266064
0.23666
0.213567
0.197674
0.189597
0.231171
0.2393
0.255222
0.278331
0.307746
0.342341
0.38079
0.421619
0.463259
0.504111
0.542603
0.577251
0.606722
0.629879
0.645829
0.653955
0.653955
0.645829
0.629879
0.606722
0.577251
0.542603
0.504111
0.463259
0.421619
0.38079
0.342341
0.307746
0.278331
0.255222
0.2393
0.231171
0.231138
0.239216
0.255115
0.27822
0.307639
0.342245
0.380716
0.421577
0.463259
0.504161
0.542707
0.577415
0.606946
0.630159
0.646154
0.654317
0.654317
0.646154
0.630159
0.606946
0.577415
0.542707
0.504161
0.463259
0.421577
0.380716
0.342245
0.307639
0.27822
0.255115
0.239216
0.231138
0.271945
0.280083
0.296018
0.319144
0.348577
0.383191
0.421659
0.462505
0.504161
0.545025
0.583527
0.618182
0.647658
0.670817
0.686768
0.694892
0.694892
0.686768
0.670817
0.647658
0.618182
0.583527
0.545025
0.504161
0.462505
0.421659
0.383191
0.348577
0.319144
0.296018
0.280083
0.271945
0.271907
0.279987
0.295891
0.319004
0.348435
0.383055
0.42154
0.462415
0.504111
0.545025
0.583584
0.618302
0.647841
0.671061
0.687062
0.695229
0.695229
0.687062
0.671061
0.647841
0.618302
0.583584
0.545025
0.504111
0.462415
0.42154
0.383055
0.348435
0.319004
0.295891
0.279987
0.271907
0.310376
0.318523
0.33447
0.357611
0.38706
0.421691
0.460176
0.501038
0.542707
0.583584
0.622094
0.656756
0.686235
0.709396
0.725346
0.733468
0.733468
0.725346
0.709396
0.686235
0.656756
0.622094
0.583584
0.542707
0.501038
0.460176
0.421691
0.38706
0.357611
0.33447
0.318523
0.310376
0.310335
0.318414
0.334321
0.357442
0.386881
0.421512
0.460009
0.500896
0.542603
0.583527
0.622094
0.65682
0.686366
0.709591
0.725597
0.733767
0.733767
0.725597
0.709591
0.686366
0.65682
0.622094
0.583527
0.542603
0.500896
0.460009
0.421512
0.386881
0.357442
0.334321
0.318414
0.310335
0.344982
0.353136
0.369094
0.392248
0.421712
0.456358
0.494858
0.535733
0.577415
0.618302
0.65682
0.691487
0.720969
0.744131
0.76008
0.7682
0.7682
0.76008
0.744131
0.720969
0.691487
0.65682
0.618302
0.577415
0.535733
0.494858
0.456358
0.421712
0.392248
0.369094
0.353136
0.344982
0.344937
0.353015
0.368925
0.39205
0.421497
0.456136
0.494641
0.535537
0.577251
0.618182
0.656756
0.691487
0.721038
0.744267
0.760276
0.768447
0.768447
0.760276
0.744267
0.721038
0.691487
0.656756
0.618182
0.577251
0.535537
0.494641
0.456136
0.421497
0.39205
0.368925
0.353015
0.344937
0.374425
0.382586
0.398553
0.421718
0.451195
0.485853
0.524366
0.565253
0.606946
0.647841
0.686366
0.721038
0.750522
0.773685
0.789632
0.797749
0.797749
0.789632
0.773685
0.750522
0.721038
0.686366
0.647841
0.606946
0.565253
0.524366
0.485853
0.451195
0.421718
0.398553
0.382586
0.374425
0.374377
0.382454
0.398365
0.421494
0.450945
0.48559
0.524101
0.565002
0.606722
0.647658
0.686235
0.720969
0.750522
0.773753
0.789764
0.797937
0.797937
0.789764
0.773753
0.750522
0.720969
0.686235
0.647658
0.606722
0.565002
0.524101
0.48559
0.450945
0.421494
0.398365
0.382454
0.374377
0.397569
0.405735
0.421709
0.444883
0.474369
0.509038
0.54756
0.588457
0.630159
0.671061
0.709591
0.744267
0.773753
0.796916
0.812862
0.820976
0.820976
0.812862
0.796916
0.773753
0.744267
0.709591
0.671061
0.630159
0.588457
0.54756
0.509038
0.474369
0.444883
0.421709
0.405735
0.397569
0.397517
0.405593
0.421505
0.444635
0.47409
0.508738
0.547253
0.588157
0.629879
0.670817
0.709396
0.744131
0.773685
0.796916
0.812928
0.821101
0.821101
0.812928
0.796916
0.773685
0.744131
0.709396
0.670817
0.629879
0.588157
0.547253
0.508738
0.47409
0.444635
0.421505
0.405593
0.397517
0.413515
0.421684
0.437664
0.460844
0.490337
0.525013
0.563543
0.604447
0.646154
0.687062
0.725597
0.760276
0.789764
0.812928
0.828872
0.836984
0.836984
0.828872
0.812928
0.789764
0.760276
0.725597
0.687062
0.646154
0.604447
0.563543
0.525013
0.490337
0.460844
0.437664
0.421684
0.413515
0.413461
0.421536
0.437447
0.460578
0.490034
0.524684
0.5632
0.604106
0.645829
0.686768
0.725346
0.76008
0.789632
0.812862
0.828872
0.837044
0.837044
0.828872
0.812862
0.789632
0.76008
0.725346
0.686767
0.645829
0.604106
0.5632
0.524684
0.490034
0.460578
0.437447
0.421536
0.413461
0.421646
0.429818
0.445801
0.468985
0.498482
0.533163
0.571697
0.612606
0.654317
0.695229
0.733767
0.768447
0.797937
0.821101
0.837044
0.845154
0.845154
0.837044
0.821101
0.797937
0.768447
0.733767
0.695229
0.654317
0.612606
0.571697
0.533163
0.498482
0.468985
0.445801
0.429818
0.421646
0.42159
0.429665
0.445576
0.468706
0.498162
0.532812
0.571328
0.612233
0.653955
0.694892
0.733468
0.7682
0.797749
0.820976
0.836984
0.845154
0.845154
0.836984
0.820976
0.797749
0.7682
0.733468
0.694892
0.653955
0.612233
0.571328
0.532812
0.498162
0.468706
0.445576
0.429665
0.42159
0.421646
0.429818
0.445801
0.468985
0.498482
0.533163
0.571697
0.612606
0.654317
0.695229
0.733767
0.768447
0.797937
0.821101
0.837044
0.845154
0.845154
0.837044
0.821101
0.797937
0.768447
0.733767
0.695229
0.654317
0.612606
0.571697
0.533163
0.498482
0.468985
0.445801
0.429818
0.421646
0.42159
0.429665
0.445576
0.468706
0.498162
0.532812
0.571328
0.612233
0.653955
0.694892
0.733468
0.7682
0.797749
0.820976
0.836984
0.845154
0.845154
0.836984
0.820976
0.797749
0.7682
0.733468
0.694892
0.653955
0.612233
0.571328
0.532812
0.498162
0.468706
0.445576
0.429665
0.42159
0.413515
0.421684
0.437664
0.460844
0.490337
0.525013
0.563543
0.604447
0.646154
0.687062
0.725597
0.760276
0.789764
0.812928
0.828872
0.836984
0.836984
0.828872
0.812928
0.789764
0.760276
0.725597
0.687062
0.646154
0.604447
0.563543
0.525013
0.490337
0.460844
0.437664
0.421684
0.413515
0.413461
0.421536
0.437447
0.460578
0.490034
0.524684
0.5632
0.604106
0.645829
0.686768
0.725346
0.76008
0.789632
0.812862
0.828872
0.837044
0.837044
0.828872
0.812862
0.789632
0.76008
0.725346
0.686767
0.645829
0.604106
0.5632
0.524684
0.490034
0.460578
0.437447
0.421536
0.413461
0.397569
0.405735
0.421709
0.444883
0.474369
0.509038
0.54756
0.588457
0.630159
0.671061
0.709591
0.744267
0.773753
0.796916
0.812862
0.820976
0.820976
0.812862
0.796916
0.773753
0.744267
0.709591
0.671061
0.630159
0.588457
0.54756
0.509038
0.474369
0.444883
0.421709
0.405735
0.397569
0.397517
0.405593
0.421505
0.444635
0.47409
0.508738
0.547253
0.588157
0.629879
0.670817
0.709396
0.744131
0.773685
0.796916
0.812928
0.821101
0.821101
0.812928
0.796916
0.773685
0.744131
0.709396
0.670817
0.629879
0.588157
0.547253
0.508738
0.47409
0.444635
0.421505
0.405593
0.397517
0.374425
0.382586
0.398553
0.421718
0.451195
0.485853
0.524366
0.565253
0.606946
0.647841
0.686366
0.721038
0.750522
0.773685
0.789632
0.797749
0.797749
0.789632
0.773685
0.750522
0.721038
0.686366
0.647841
0.606946
0.565253
0.524366
0.485853
0.451195
0.421718
0.398553
0.382586
0.374425
0.374377
0.382454
0.398365
0.421494
0.450945
0.48559
0.524101
0.565002
0.606722
0.647658
0.686235
0.720969
0.750522
0.773753
0.789764
0.797937
0.797937
0.789764
0.773753
0.750522
0.720969
0.686235
0.647658
0.606722
0.565002
0.524101
0.48559
0.450945
0.421494
0.398365
0.382454
0.374377
0.344982
0.353136
0.369094
0.392248
0.421712
0.456358
0.494858
0.535733
0.577415
0.618302
0.65682
0.691487
0.720969
0.744131
0.76008
0.7682
0.7682
0.76008
0.744131
0.720969
0.691487
0.65682
0.618302
0.577415
0.535733
0.494858
0.456358
0.421712
0.392248
0.369094
0.353136
0.344982
0.344937
0.353015
0.368925
0.39205
0.421497
0.456136
0.494641
0.535537
0.577251
0.618182
0.656756
0.691487
0.721038
0.744267
0.760276
0.768447
0.768447
0.760276
0.744267
0.721038
0.691487
0.656756
0.618182
0.577251
0.535537
0.494641
0.456136
0.421497
0.39205
0.368925
0.353015
0.344937
0.310376
0.318523
0.33447
0.357611
0.38706
0.421691
0.460176
0.501038
0.542707
0.583584
0.622094
0.656756
0.686235
0.709396
0.725346
0.733468
0.733468
0.725346
0.709396
0.686235
0.656756
0.622094
0.583584
0.542707
0.501038
0.460176
0.421691
0.38706
0.357611
0.33447
0.318523
0.310376
0.310335
0.318414
0.334321
0.357442
0.386881
0.421512
0.460009
0.500896
0.542603
0.583527
0.622094
0.65682
0.686366
0.709591
0.725597
0.733767
0.733767
0.725597
0.709591
0.686366
0.65682
0.622094
0.583527
0.542603
0.500896
0.460009
0.421512
0.386881
0.357442
0.334321
0.318414
0.310335
0.271945
0.280083
0.296018
0.319144
0.348577
0.383191
0.421659
0.462505
0.504161
0.545025
0.583527
0.618182
0.647658
0.670817
0.686767
0.694892
0.694892
0.686767
0.670817
0.647658
0.618182
0.583527
0.545025
0.504161
0.462505
0.421659
0.383191
0.348577
0.319144
0.296018
0.280083
0.271945
0.271907
0.279987
0.295891
0.319004
0.348435
0.383055
0.42154
0.462415
0.504111
0.545025
0.583584
0.618302
0.647841
0.671061
0.687062
0.695229
0.695229
0.687062
0.671061
0.647841
0.618302
0.583584
0.545025
0.504111
0.462415
0.42154
0.383055
0.348435
0.319004
0.295891
0.279987
0.271907
0.231171
0.2393
0.255222
0.278331
0.307746
0.342341
0.38079
0.421619
0.463259
0.504111
0.542603
0.577251
0.606722
0.629879
0.645829
0.653955
0.653955
0.645829
0.629879
0.606722
0.577251
0.542603
0.504111
0.463259
0.421619
0.38079
0.342341
0.307746
0.278331
0.255222
0.2393
0.231171
0.231138
0.239216
0.255115
0.27822
0.307639
0.342245
0.380716
0.421577
0.463259
0.504161
0.542707
0.577415
0.606946
0.630159
0.646154
0.654317
0.654317
0.646154
0.630159
0.606946
0.577415
0.542707
0.504161
0.463259
0.421577
0.380716
0.342245
0.307639
0.27822
0.255115
0.239216
0.231138
0.189626
0.197746
0.213653
0.236745
0.266139
0.300714
0.339143
0.379953
0.421577
0.462415
0.500896
0.535537
0.565002
0.588157
0.604106
0.612233
0.612233
0.604106
0.588157
0.565002
0.535537
0.500896
0.462415
0.421577
0.379953
0.339143
0.300714
0.266139
0.236745
0.213653
0.197746
0.189626
0.189597
0.197674
0.213567
0.23666
0.266064
0.300655
0.339109
0.379953
0.421619
0.462505
0.501038
0.535733
0.565253
0.588457
0.604447
0.612606
0.612606
0.604447
0.588457
0.565253
0.535733
0.501038
0.462505
0.421619
0.379953
0.339109
0.300655
0.266064
0.23666
0.213567
0.197674
0.189597
0.14891
0.157019
0.172911
0.195983
0.225357
0.25991
0.298318
0.339109
0.380716
0.42154
0.460009
0.494641
0.524101
0.547253
0.5632
0.571328
0.571328
0.5632
0.547253
0.524101
0.494641
0.460009
0.42154
0.380716
0.339109
0.298318
0.25991
0.225357
0.195983
0.172911
0.157019
0.14891
0.148885
0.156959
0.172843
0.195924
0.225311
0.259883
0.298318
0.339143
0.38079
0.421659
0.460176
0.494858
0.524366
0.54756
0.563543
0.571697
0.571697
0.563543
0.54756
0.524366
0.494858
0.460176
0.421659
0.38079
0.339143
0.298318
0.259883
0.225311
0.195924
0.172843
0.156959
0.148885
0.110587
0.118685
0.13456
0.157613
0.186965
0.221496
0.259883
0.300655
0.342245
0.383055
0.421512
0.456136
0.48559
0.508738
0.524684
0.532812
0.532812
0.524684
0.508738
0.48559
0.456136
0.421512
0.383055
0.342245
0.300655
0.259883
0.221496
0.186965
0.157613
0.13456
0.118685
0.110587
0.110566
0.118637
0.134511
0.157576
0.186944
0.221496
0.25991
0.300714
0.342341
0.383191
0.421691
0.456358
0.485853
0.509038
0.525013
0.533163
0.533163
0.525013
0.509038
0.485853
0.456358
0.421691
0.383191
0.342341
0.300714
0.25991
0.221496
0.186944
0.157576
0.134511
0.118637
0.110565
0.0761266
0.0842139
0.100072
0.123105
0.152435
0.186944
0.225311
0.266064
0.307639
0.348435
0.386881
0.421497
0.450945
0.47409
0.490034
0.498162
0.498162
0.490034
0.47409
0.450945
0.421497
0.386881
0.348435
0.307639
0.266064
0.225311
0.186944
0.152435
0.123105
0.100072
0.084214
0.0761266
0.0761096
0.0841768
0.10004
0.123087
0.152435
0.186965
0.225357
0.266139
0.307746
0.348577
0.38706
0.421712
0.451195
0.474369
0.490337
0.498482
0.498482
0.490337
0.474369
0.451195
0.421712
0.38706
0.348577
0.307746
0.266139
0.225357
0.186965
0.152435
0.123087
0.100039
0.0841768
0.0761095
0.0468484
0.054924
0.0707656
0.0937778
0.123087
0.157576
0.195924
0.23666
0.27822
0.319004
0.357442
0.39205
0.421494
0.444635
0.460578
0.468706
0.468706
0.460578
0.444635
0.421494
0.39205
0.357442
0.319004
0.27822
0.23666
0.195924
0.157576
0.123087
0.0937778
0.0707656
0.054924
0.0468484
0.0468354
0.0548979
0.0707485
0.0937778
0.123105
0.157613
0.195983
0.236745
0.278331
0.319144
0.357611
0.392248
0.421718
0.444883
0.460844
0.468985
0.468985
0.460844
0.444883
0.421718
0.392248
0.357611
0.319144
0.278331
0.236745
0.195983
0.157613
0.123105
0.0937778
0.0707485
0.0548979
0.0468353
0.0238667
0.0319295
0.0477545
0.0707485
0.100039
0.134511
0.172843
0.213567
0.255115
0.295891
0.334321
0.368925
0.398365
0.421505
0.437447
0.445576
0.445576
0.437447
0.421505
0.398365
0.368925
0.334321
0.295891
0.255115
0.213567
0.172843
0.134511
0.100039
0.0707485
0.0477545
0.0319296
0.0238667
0.0238587
0.0319164
0.0477545
0.0707656
0.100072
0.13456
0.172911
0.213653
0.255222
0.296018
0.33447
0.369094
0.398553
0.421709
0.437664
0.445801
0.445801
0.437664
0.421709
0.398553
0.369094
0.33447
0.296018
0.255222
0.213653
0.172911
0.13456
0.100072
0.0707656
0.0477545
0.0319164
0.0238587
0.00805049
0.0161029
0.0319164
0.0548979
0.0841768
0.118637
0.156959
0.197674
0.239216
0.279987
0.318414
0.353015
0.382454
0.405593
0.421536
0.429665
0.429665
0.421536
0.405593
0.382454
0.353015
0.318414
0.279987
0.239216
0.197674
0.156959
0.118637
0.0841768
0.0548979
0.0319164
0.0161029
0.00805049
0.00804835
0.0161029
0.0319296
0.054924
0.084214
0.118685
0.157019
0.197746
0.2393
0.280083
0.318523
0.353136
0.382586
0.405735
0.421684
0.429818
0.429818
0.421684
0.405735
0.382586
0.353136
0.318523
0.280083
0.2393
0.197746
0.157019
0.118685
0.0842139
0.054924
0.0319295
0.0161029
0.00804835
-3.16746e-08
0.00804835
0.0238587
0.0468353
0.0761095
0.110565
0.148885
0.189597
0.231138
0.271907
0.310335
0.344937
0.374377
0.397517
0.413461
0.42159
0.42159
0.413461
0.397517
0.374377
0.344937
0.310335
0.271907
0.231138
0.189597
0.148885
0.110565
0.0761095
0.0468353
0.0238587
0.00804835
-2.78159e-08
-2.62578e-08
0.0080505
0.0238667
0.0468484
0.0761266
0.110587
0.14891
0.189626
0.231171
0.271945
0.310376
0.344982
0.374425
0.397569
0.413515
0.421646
0.421646
0.413515
0.397569
0.374425
0.344982
0.310376
0.271945
0.231171
0.189626
0.14891
0.110587
0.0761266
0.0468484
0.0238667
0.00805049
-3.16874e-08
)
;

boundaryField
{
    top
    {
        type            cyclic;
    }
    bottom
    {
        type            cyclic;
    }
    left
    {
        type            cyclic;
    }
    right
    {
        type            cyclic;
    }
    frontAndBack
    {
        type            empty;
    }
}


// ************************************************************************* //
