/*--------------------------------*- C++ -*----------------------------------*\
  =========                 |
  \\      /  F ield         | OpenFOAM: The Open Source CFD Toolbox
   \\    /   O peration     | Website:  https://openfoam.org
    \\  /    A nd           | Version:  11
     \\/     M anipulation  |
\*---------------------------------------------------------------------------*/
FoamFile
{
    format      ascii;
    class       volVectorField;
    location    "8";
    object      U;
}
// * * * * * * * * * * * * * * * * * * * * * * * * * * * * * * * * * * * * * //

dimensions      [0 1 -1 0 0 0 0];

internalField   nonuniform List<vector> 
4096
(
(0.044939 -0.0448011 0)
(0.0446281 -0.134154 0)
(0.0438484 -0.222309 0)
(0.0426322 -0.308421 0)
(0.0409911 -0.391646 0)
(0.0389412 -0.471172 0)
(0.0365041 -0.546218 0)
(0.033705 -0.616048 0)
(0.030572 -0.67998 0)
(0.0271364 -0.737384 0)
(0.0234323 -0.787699 0)
(0.0194966 -0.830427 0)
(0.0153674 -0.865144 0)
(0.0110875 -0.891499 0)
(0.0066955 -0.909222 0)
(0.00224105 -0.91813 0)
(-0.00224105 -0.91813 0)
(-0.00669549 -0.909222 0)
(-0.0110875 -0.891499 0)
(-0.0153674 -0.865144 0)
(-0.0194966 -0.830427 0)
(-0.0234323 -0.787699 0)
(-0.0271364 -0.737384 0)
(-0.030572 -0.67998 0)
(-0.033705 -0.616048 0)
(-0.0365041 -0.546218 0)
(-0.0389411 -0.471172 0)
(-0.0409911 -0.391646 0)
(-0.0426322 -0.308421 0)
(-0.0438484 -0.222309 0)
(-0.0446281 -0.134154 0)
(-0.044939 -0.0448011 0)
(-0.0448011 0.044939 0)
(-0.0442803 0.134284 0)
(-0.0433751 0.22243 0)
(-0.0420663 0.308532 0)
(-0.0403646 0.39175 0)
(-0.0382824 0.471269 0)
(-0.0358373 0.546311 0)
(-0.0330515 0.616138 0)
(-0.0299507 0.680067 0)
(-0.0265639 0.73747 0)
(-0.0229234 0.787783 0)
(-0.0190633 0.83051 0)
(-0.0150211 0.865227 0)
(-0.0108332 0.891582 0)
(-0.00654302 0.909304 0)
(-0.00218675 0.918212 0)
(0.00218675 0.918212 0)
(0.00654302 0.909304 0)
(0.0108332 0.891582 0)
(0.0150211 0.865227 0)
(0.0190633 0.83051 0)
(0.0229234 0.787783 0)
(0.0265639 0.73747 0)
(0.0299507 0.680067 0)
(0.0330515 0.616138 0)
(0.0358373 0.546311 0)
(0.0382824 0.471269 0)
(0.0403646 0.39175 0)
(0.0420664 0.308532 0)
(0.0433752 0.22243 0)
(0.0442804 0.134284 0)
(0.0448011 0.044939 0)
(0.134284 -0.0442803 0)
(0.133134 -0.132798 0)
(0.130672 -0.220113 0)
(0.126937 -0.305399 0)
(0.121965 -0.387825 0)
(0.1158 -0.466584 0)
(0.108503 -0.540906 0)
(0.100145 -0.610063 0)
(0.0908077 -0.673377 0)
(0.0805822 -0.730227 0)
(0.0695684 -0.780056 0)
(0.0578741 -0.822371 0)
(0.0456123 -0.856752 0)
(0.0329049 -0.882853 0)
(0.0198717 -0.900404 0)
(0.00664828 -0.909225 0)
(-0.00664828 -0.909225 0)
(-0.0198717 -0.900404 0)
(-0.0329049 -0.882853 0)
(-0.0456123 -0.856752 0)
(-0.0578741 -0.822371 0)
(-0.0695684 -0.780056 0)
(-0.0805822 -0.730227 0)
(-0.0908077 -0.673377 0)
(-0.100145 -0.610063 0)
(-0.108503 -0.540906 0)
(-0.1158 -0.466584 0)
(-0.121965 -0.387825 0)
(-0.126937 -0.305399 0)
(-0.130672 -0.220113 0)
(-0.133134 -0.132798 0)
(-0.134284 -0.0442803 0)
(-0.134154 0.0446281 0)
(-0.132798 0.133134 0)
(-0.130206 0.220436 0)
(-0.126379 0.305702 0)
(-0.121345 0.388111 0)
(-0.115146 0.466856 0)
(-0.107839 0.541167 0)
(-0.099493 0.610315 0)
(-0.0901863 0.673623 0)
(-0.0800085 0.730469 0)
(-0.0690575 0.780294 0)
(-0.0574382 0.822607 0)
(-0.0452633 0.856986 0)
(-0.0326483 0.883085 0)
(-0.0197176 0.900636 0)
(-0.006593 0.909458 0)
(0.00659301 0.909458 0)
(0.0197176 0.900636 0)
(0.0326483 0.883085 0)
(0.0452633 0.856986 0)
(0.0574382 0.822607 0)
(0.0690575 0.780294 0)
(0.0800085 0.730469 0)
(0.0901863 0.673623 0)
(0.099493 0.610315 0)
(0.107839 0.541167 0)
(0.115146 0.466856 0)
(0.121345 0.388111 0)
(0.126379 0.305702 0)
(0.130206 0.220436 0)
(0.132798 0.133134 0)
(0.134154 0.0446281 0)
(0.22243 -0.0433752 0)
(0.220436 -0.130206 0)
(0.216299 -0.215844 0)
(0.210068 -0.299482 0)
(0.201802 -0.380311 0)
(0.191575 -0.457542 0)
(0.179483 -0.530421 0)
(0.165642 -0.598235 0)
(0.150186 -0.660319 0)
(0.133267 -0.716065 0)
(0.115047 -0.764926 0)
(0.0957043 -0.806418 0)
(0.0754261 -0.840131 0)
(0.0544113 -0.865724 0)
(0.0328603 -0.882933 0)
(0.010993 -0.891581 0)
(-0.010993 -0.891581 0)
(-0.0328603 -0.882933 0)
(-0.0544113 -0.865724 0)
(-0.0754261 -0.840131 0)
(-0.0957043 -0.806418 0)
(-0.115047 -0.764926 0)
(-0.133267 -0.716065 0)
(-0.150186 -0.660319 0)
(-0.165642 -0.598235 0)
(-0.179483 -0.530421 0)
(-0.191575 -0.457542 0)
(-0.201802 -0.380311 0)
(-0.210068 -0.299482 0)
(-0.216299 -0.215844 0)
(-0.220436 -0.130206 0)
(-0.22243 -0.0433751 0)
(-0.222309 0.0438484 0)
(-0.220113 0.130672 0)
(-0.215844 0.216299 0)
(-0.209522 0.29992 0)
(-0.201192 0.38073 0)
(-0.190928 0.457946 0)
(-0.178823 0.530812 0)
(-0.16499 0.598615 0)
(-0.149563 0.660692 0)
(-0.132689 0.716432 0)
(-0.114531 0.765288 0)
(-0.0952626 0.806779 0)
(-0.0750709 0.84049 0)
(-0.0541493 0.866081 0)
(-0.0327022 0.88329 0)
(-0.0109357 0.89194 0)
(0.0109357 0.89194 0)
(0.0327022 0.88329 0)
(0.0541493 0.866081 0)
(0.0750709 0.84049 0)
(0.0952626 0.806779 0)
(0.114531 0.765288 0)
(0.132689 0.716432 0)
(0.149563 0.660691 0)
(0.16499 0.598615 0)
(0.178823 0.530812 0)
(0.190928 0.457946 0)
(0.201192 0.38073 0)
(0.209522 0.29992 0)
(0.215844 0.216299 0)
(0.220113 0.130672 0)
(0.222309 0.0438484 0)
(0.308532 -0.0420663 0)
(0.305702 -0.126379 0)
(0.29992 -0.209522 0)
(0.291241 -0.29071 0)
(0.27975 -0.369165 0)
(0.265549 -0.444124 0)
(0.24877 -0.514856 0)
(0.229573 -0.580672 0)
(0.208144 -0.640926 0)
(0.184688 -0.695028 0)
(0.159435 -0.742448 0)
(0.132627 -0.782717 0)
(0.104524 -0.815434 0)
(0.0754014 -0.840271 0)
(0.0455372 -0.856971 0)
(0.0152336 -0.865362 0)
(-0.0152336 -0.865362 0)
(-0.0455372 -0.856971 0)
(-0.0754014 -0.840271 0)
(-0.104524 -0.815434 0)
(-0.132627 -0.782717 0)
(-0.159435 -0.742448 0)
(-0.184688 -0.695028 0)
(-0.208144 -0.640926 0)
(-0.229573 -0.580672 0)
(-0.24877 -0.514856 0)
(-0.265549 -0.444124 0)
(-0.27975 -0.369165 0)
(-0.291241 -0.29071 0)
(-0.29992 -0.209522 0)
(-0.305702 -0.126379 0)
(-0.308532 -0.0420663 0)
(-0.308421 0.0426322 0)
(-0.305399 0.126937 0)
(-0.299482 0.210068 0)
(-0.29071 0.291241 0)
(-0.279152 0.36968 0)
(-0.26491 0.444624 0)
(-0.248114 0.515344 0)
(-0.228922 0.58115 0)
(-0.207517 0.641397 0)
(-0.184105 0.695496 0)
(-0.15891 0.742913 0)
(-0.132176 0.78318 0)
(-0.104159 0.815897 0)
(-0.075131 0.840734 0)
(-0.0453729 0.857436 0)
(-0.0151735 0.865832 0)
(0.0151735 0.865832 0)
(0.0453729 0.857436 0)
(0.075131 0.840734 0)
(0.104159 0.815897 0)
(0.132176 0.78318 0)
(0.15891 0.742913 0)
(0.184105 0.695496 0)
(0.207517 0.641397 0)
(0.228922 0.58115 0)
(0.248114 0.515344 0)
(0.26491 0.444624 0)
(0.279152 0.36968 0)
(0.29071 0.291241 0)
(0.299482 0.210068 0)
(0.305399 0.126937 0)
(0.308421 0.0426322 0)
(0.39175 -0.0403646 0)
(0.388111 -0.121345 0)
(0.38073 -0.201192 0)
(0.36968 -0.279152 0)
(0.355064 -0.35448 0)
(0.337017 -0.426445 0)
(0.315704 -0.494351 0)
(0.291329 -0.557533 0)
(0.264126 -0.615376 0)
(0.234356 -0.667314 0)
(0.202307 -0.712835 0)
(0.168288 -0.75149 0)
(0.132628 -0.782896 0)
(0.0956745 -0.806737 0)
(0.057781 -0.822765 0)
(0.0193295 -0.830817 0)
(-0.0193295 -0.830817 0)
(-0.057781 -0.822765 0)
(-0.0956745 -0.806737 0)
(-0.132628 -0.782896 0)
(-0.168288 -0.75149 0)
(-0.202307 -0.712835 0)
(-0.234356 -0.667314 0)
(-0.264126 -0.615376 0)
(-0.291329 -0.557533 0)
(-0.315704 -0.494351 0)
(-0.337017 -0.426445 0)
(-0.355064 -0.35448 0)
(-0.36968 -0.279152 0)
(-0.38073 -0.201192 0)
(-0.388111 -0.121345 0)
(-0.39175 -0.0403646 0)
(-0.391646 0.0409911 0)
(-0.387825 0.121965 0)
(-0.380311 0.201802 0)
(-0.369165 0.27975 0)
(-0.35448 0.355064 0)
(-0.336386 0.427018 0)
(-0.315052 0.494914 0)
(-0.290677 0.55809 0)
(-0.263495 0.615928 0)
(-0.233764 0.667864 0)
(-0.201772 0.713385 0)
(-0.167825 0.752042 0)
(-0.132251 0.78345 0)
(-0.0953927 0.807292 0)
(-0.0576085 0.823326 0)
(-0.0192658 0.831386 0)
(0.0192658 0.831386 0)
(0.0576085 0.823326 0)
(0.0953927 0.807292 0)
(0.132251 0.78345 0)
(0.167825 0.752042 0)
(0.201772 0.713385 0)
(0.233764 0.667864 0)
(0.263495 0.615928 0)
(0.290677 0.55809 0)
(0.315052 0.494914 0)
(0.336386 0.427018 0)
(0.35448 0.355064 0)
(0.369165 0.27975 0)
(0.380311 0.201802 0)
(0.387825 0.121965 0)
(0.391646 0.0409911 0)
(0.471269 -0.0382824 0)
(0.466856 -0.115146 0)
(0.457946 -0.190928 0)
(0.444624 -0.26491 0)
(0.427018 -0.336386 0)
(0.405291 -0.404668 0)
(0.379643 -0.469093 0)
(0.350319 -0.529036 0)
(0.317598 -0.583911 0)
(0.281795 -0.633182 0)
(0.243254 -0.676366 0)
(0.202347 -0.713035 0)
(0.159469 -0.742827 0)
(0.115036 -0.76544 0)
(0.0694744 -0.780642 0)
(0.0232415 -0.788277 0)
(-0.0232415 -0.788277 0)
(-0.0694744 -0.780642 0)
(-0.115036 -0.76544 0)
(-0.159469 -0.742827 0)
(-0.202347 -0.713035 0)
(-0.243254 -0.676366 0)
(-0.281795 -0.633182 0)
(-0.317598 -0.583911 0)
(-0.350319 -0.529036 0)
(-0.379643 -0.469093 0)
(-0.405291 -0.404668 0)
(-0.427018 -0.336386 0)
(-0.444624 -0.26491 0)
(-0.457946 -0.190928 0)
(-0.466856 -0.115146 0)
(-0.471269 -0.0382824 0)
(-0.471172 0.0389412 0)
(-0.466584 0.1158 0)
(-0.457542 0.191575 0)
(-0.444124 0.265549 0)
(-0.426445 0.337017 0)
(-0.404668 0.405291 0)
(-0.378993 0.46971 0)
(-0.349664 0.52965 0)
(-0.316959 0.584525 0)
(-0.281191 0.633798 0)
(-0.242704 0.676986 0)
(-0.201868 0.71366 0)
(-0.159075 0.743457 0)
(-0.11474 0.766076 0)
(-0.0692915 0.781287 0)
(-0.0231734 0.788935 0)
(0.0231734 0.788935 0)
(0.0692916 0.781287 0)
(0.11474 0.766076 0)
(0.159075 0.743457 0)
(0.201868 0.71366 0)
(0.242704 0.676986 0)
(0.281191 0.633798 0)
(0.316959 0.584525 0)
(0.349664 0.52965 0)
(0.378993 0.46971 0)
(0.404668 0.405291 0)
(0.426445 0.337017 0)
(0.444124 0.265549 0)
(0.457542 0.191575 0)
(0.466584 0.1158 0)
(0.471172 0.0389411 0)
(0.546311 -0.0358373 0)
(0.541167 -0.107839 0)
(0.530812 -0.178823 0)
(0.515344 -0.248114 0)
(0.494914 -0.315052 0)
(0.46971 -0.378993 0)
(0.439969 -0.43932 0)
(0.405972 -0.495447 0)
(0.368044 -0.546827 0)
(0.326547 -0.592958 0)
(0.281881 -0.633389 0)
(0.234476 -0.667719 0)
(0.184788 -0.695608 0)
(0.1333 -0.716776 0)
(0.080505 -0.731005 0)
(0.026932 -0.738148 0)
(-0.026932 -0.738148 0)
(-0.080505 -0.731005 0)
(-0.1333 -0.716776 0)
(-0.184788 -0.695608 0)
(-0.234476 -0.667719 0)
(-0.281881 -0.633389 0)
(-0.326547 -0.592958 0)
(-0.368044 -0.546827 0)
(-0.405972 -0.495446 0)
(-0.439969 -0.43932 0)
(-0.46971 -0.378993 0)
(-0.494914 -0.315052 0)
(-0.515344 -0.248114 0)
(-0.530812 -0.178823 0)
(-0.541167 -0.107839 0)
(-0.546311 -0.0358373 0)
(-0.546218 0.0365042 0)
(-0.540906 0.108503 0)
(-0.530421 0.179483 0)
(-0.514856 0.24877 0)
(-0.494351 0.315704 0)
(-0.469093 0.379643 0)
(-0.43932 0.439969 0)
(-0.405313 0.496098 0)
(-0.367395 0.547482 0)
(-0.32593 0.593621 0)
(-0.281314 0.63406 0)
(-0.233977 0.6684 0)
(-0.184375 0.696299 0)
(-0.132987 0.717477 0)
(-0.0803096 0.73172 0)
(-0.0268588 0.738881 0)
(0.0268588 0.738881 0)
(0.0803096 0.73172 0)
(0.132987 0.717477 0)
(0.184375 0.696299 0)
(0.233977 0.6684 0)
(0.281314 0.63406 0)
(0.32593 0.593621 0)
(0.367395 0.547482 0)
(0.405313 0.496098 0)
(0.43932 0.439969 0)
(0.469093 0.379643 0)
(0.494351 0.315704 0)
(0.514856 0.24877 0)
(0.530421 0.179483 0)
(0.540906 0.108503 0)
(0.546218 0.0365041 0)
(0.616138 -0.0330515 0)
(0.610315 -0.099493 0)
(0.598615 -0.16499 0)
(0.58115 -0.228922 0)
(0.55809 -0.290677 0)
(0.52965 -0.349664 0)
(0.496098 -0.405313 0)
(0.457751 -0.457084 0)
(0.414976 -0.504476 0)
(0.368181 -0.547024 0)
(0.317816 -0.584313 0)
(0.264364 -0.615973 0)
(0.208342 -0.641692 0)
(0.15029 -0.661211 0)
(0.0907666 -0.674328 0)
(0.0303654 -0.68091 0)
(-0.0303654 -0.68091 0)
(-0.0907666 -0.674328 0)
(-0.15029 -0.661211 0)
(-0.208342 -0.641692 0)
(-0.264364 -0.615973 0)
(-0.317816 -0.584313 0)
(-0.368181 -0.547024 0)
(-0.414976 -0.504476 0)
(-0.457751 -0.457084 0)
(-0.496098 -0.405313 0)
(-0.52965 -0.349664 0)
(-0.55809 -0.290677 0)
(-0.58115 -0.228922 0)
(-0.598615 -0.16499 0)
(-0.610315 -0.099493 0)
(-0.616138 -0.0330515 0)
(-0.616048 0.033705 0)
(-0.610063 0.100145 0)
(-0.598235 0.165642 0)
(-0.580672 0.229573 0)
(-0.557533 0.291329 0)
(-0.529036 0.350319 0)
(-0.495446 0.405972 0)
(-0.457084 0.457751 0)
(-0.414315 0.505152 0)
(-0.367546 0.547713 0)
(-0.317228 0.585015 0)
(-0.263843 0.616691 0)
(-0.207906 0.642426 0)
(-0.149957 0.66196 0)
(-0.0905562 0.675097 0)
(-0.0302862 0.681704 0)
(0.0302862 0.681704 0)
(0.0905562 0.675097 0)
(0.149957 0.66196 0)
(0.207906 0.642426 0)
(0.263843 0.616691 0)
(0.317228 0.585015 0)
(0.367546 0.547713 0)
(0.414315 0.505152 0)
(0.457084 0.457751 0)
(0.495447 0.405972 0)
(0.529036 0.350319 0)
(0.557533 0.291329 0)
(0.580672 0.229573 0)
(0.598235 0.165642 0)
(0.610063 0.100145 0)
(0.616048 0.033705 0)
(0.680067 -0.0299507 0)
(0.673623 -0.0901863 0)
(0.660692 -0.149563 0)
(0.641397 -0.207517 0)
(0.615928 -0.263495 0)
(0.584525 -0.316959 0)
(0.547482 -0.367395 0)
(0.505152 -0.414315 0)
(0.457939 -0.457262 0)
(0.406293 -0.495819 0)
(0.350709 -0.529607 0)
(0.291723 -0.558294 0)
(0.229902 -0.581595 0)
(0.165843 -0.599277 0)
(0.10016 -0.611157 0)
(0.0335085 -0.617114 0)
(-0.0335086 -0.617114 0)
(-0.10016 -0.611157 0)
(-0.165843 -0.599277 0)
(-0.229902 -0.581595 0)
(-0.291723 -0.558294 0)
(-0.350709 -0.529607 0)
(-0.406293 -0.495819 0)
(-0.457939 -0.457262 0)
(-0.505152 -0.414315 0)
(-0.547482 -0.367395 0)
(-0.584525 -0.316959 0)
(-0.615928 -0.263495 0)
(-0.641397 -0.207517 0)
(-0.660692 -0.149563 0)
(-0.673623 -0.0901863 0)
(-0.680067 -0.0299507 0)
(-0.67998 0.030572 0)
(-0.673377 0.0908077 0)
(-0.660319 0.150186 0)
(-0.640926 0.208144 0)
(-0.615376 0.264126 0)
(-0.583911 0.317598 0)
(-0.546827 0.368044 0)
(-0.504476 0.414976 0)
(-0.457262 0.457939 0)
(-0.405638 0.496513 0)
(-0.350097 0.530321 0)
(-0.291175 0.559029 0)
(-0.229439 0.582351 0)
(-0.165485 0.600055 0)
(-0.0999321 0.611962 0)
(-0.0334225 0.61795 0)
(0.0334225 0.61795 0)
(0.0999321 0.611962 0)
(0.165485 0.600055 0)
(0.229439 0.582351 0)
(0.291175 0.559029 0)
(0.350097 0.530321 0)
(0.405638 0.496513 0)
(0.457262 0.457939 0)
(0.504476 0.414976 0)
(0.546827 0.368044 0)
(0.583911 0.317598 0)
(0.615376 0.264126 0)
(0.640926 0.208144 0)
(0.660319 0.150186 0)
(0.673377 0.0908077 0)
(0.67998 0.030572 0)
(0.73747 -0.0265639 0)
(0.730469 -0.0800085 0)
(0.716432 -0.132689 0)
(0.695496 -0.184105 0)
(0.667864 -0.233764 0)
(0.633798 -0.281191 0)
(0.593621 -0.32593 0)
(0.547713 -0.367546 0)
(0.496513 -0.405638 0)
(0.44051 -0.439833 0)
(0.380242 -0.469797 0)
(0.316286 -0.495235 0)
(0.249258 -0.515895 0)
(0.179806 -0.531569 0)
(0.108594 -0.542098 0)
(0.036331 -0.547374 0)
(-0.036331 -0.547374 0)
(-0.108594 -0.542098 0)
(-0.179806 -0.531569 0)
(-0.249258 -0.515895 0)
(-0.316286 -0.495235 0)
(-0.380242 -0.469797 0)
(-0.44051 -0.439833 0)
(-0.496513 -0.405638 0)
(-0.547713 -0.367546 0)
(-0.593621 -0.32593 0)
(-0.633798 -0.281191 0)
(-0.667864 -0.233764 0)
(-0.695496 -0.184105 0)
(-0.716432 -0.132689 0)
(-0.730469 -0.0800085 0)
(-0.73747 -0.0265639 0)
(-0.737384 0.0271364 0)
(-0.730227 0.0805822 0)
(-0.716065 0.133267 0)
(-0.695028 0.184688 0)
(-0.667314 0.234356 0)
(-0.633182 0.281795 0)
(-0.592958 0.326547 0)
(-0.547024 0.368181 0)
(-0.495819 0.406293 0)
(-0.439833 0.44051 0)
(-0.379603 0.4705 0)
(-0.315709 0.495964 0)
(-0.248766 0.516652 0)
(-0.179421 0.532355 0)
(-0.108346 0.542918 0)
(-0.0362369 0.54823 0)
(0.0362369 0.54823 0)
(0.108346 0.542918 0)
(0.179421 0.532355 0)
(0.248766 0.516652 0)
(0.315709 0.495964 0)
(0.379603 0.470499 0)
(0.439833 0.44051 0)
(0.495819 0.406293 0)
(0.547024 0.368181 0)
(0.592958 0.326547 0)
(0.633182 0.281795 0)
(0.667314 0.234356 0)
(0.695028 0.184688 0)
(0.716065 0.133267 0)
(0.730227 0.0805822 0)
(0.737384 0.0271364 0)
(0.787783 -0.0229234 0)
(0.780294 -0.0690575 0)
(0.765288 -0.114531 0)
(0.742913 -0.15891 0)
(0.713385 -0.201772 0)
(0.676986 -0.242704 0)
(0.63406 -0.281314 0)
(0.585015 -0.317228 0)
(0.530321 -0.350097 0)
(0.4705 -0.379603 0)
(0.406124 -0.405455 0)
(0.337813 -0.427401 0)
(0.266223 -0.445222 0)
(0.192044 -0.45874 0)
(0.115986 -0.467817 0)
(0.0388053 -0.472361 0)
(-0.0388053 -0.472361 0)
(-0.115986 -0.467817 0)
(-0.192044 -0.45874 0)
(-0.266223 -0.445222 0)
(-0.337813 -0.427401 0)
(-0.406124 -0.405455 0)
(-0.4705 -0.379603 0)
(-0.530321 -0.350097 0)
(-0.585015 -0.317228 0)
(-0.63406 -0.281314 0)
(-0.676986 -0.242704 0)
(-0.713385 -0.201772 0)
(-0.742913 -0.15891 0)
(-0.765288 -0.114531 0)
(-0.780294 -0.0690575 0)
(-0.787783 -0.0229234 0)
(-0.787699 0.0234323 0)
(-0.780056 0.0695684 0)
(-0.764926 0.115047 0)
(-0.742448 0.159435 0)
(-0.712835 0.202307 0)
(-0.676366 0.243254 0)
(-0.633389 0.281881 0)
(-0.584313 0.317816 0)
(-0.529607 0.350709 0)
(-0.469797 0.380242 0)
(-0.405455 0.406124 0)
(-0.337203 0.428102 0)
(-0.265697 0.445956 0)
(-0.191628 0.45951 0)
(-0.115715 0.468627 0)
(-0.0387019 0.473213 0)
(0.0387019 0.473213 0)
(0.115715 0.468627 0)
(0.191628 0.45951 0)
(0.265697 0.445956 0)
(0.337203 0.428102 0)
(0.405455 0.406124 0)
(0.469797 0.380242 0)
(0.529607 0.350709 0)
(0.584313 0.317816 0)
(0.633389 0.281881 0)
(0.676366 0.243254 0)
(0.712835 0.202307 0)
(0.742448 0.159435 0)
(0.764926 0.115047 0)
(0.780056 0.0695684 0)
(0.787699 0.0234323 0)
(0.83051 -0.0190633 0)
(0.822607 -0.0574382 0)
(0.806779 -0.0952626 0)
(0.78318 -0.132176 0)
(0.752042 -0.167825 0)
(0.71366 -0.201868 0)
(0.6684 -0.233977 0)
(0.616691 -0.263843 0)
(0.559029 -0.291175 0)
(0.495964 -0.315709 0)
(0.428102 -0.337203 0)
(0.356092 -0.355447 0)
(0.280628 -0.370259 0)
(0.202436 -0.381493 0)
(0.122264 -0.389031 0)
(0.0409072 -0.392801 0)
(-0.0409072 -0.392801 0)
(-0.122265 -0.389031 0)
(-0.202436 -0.381493 0)
(-0.280628 -0.370259 0)
(-0.356092 -0.355447 0)
(-0.428102 -0.337203 0)
(-0.495964 -0.315709 0)
(-0.559029 -0.291175 0)
(-0.616691 -0.263843 0)
(-0.6684 -0.233977 0)
(-0.71366 -0.201868 0)
(-0.752042 -0.167825 0)
(-0.78318 -0.132176 0)
(-0.806779 -0.0952626 0)
(-0.822607 -0.0574382 0)
(-0.83051 -0.0190632 0)
(-0.830427 0.0194966 0)
(-0.822371 0.0578741 0)
(-0.806418 0.0957043 0)
(-0.782717 0.132627 0)
(-0.75149 0.168288 0)
(-0.713035 0.202347 0)
(-0.667719 0.234476 0)
(-0.615973 0.264364 0)
(-0.558294 0.291723 0)
(-0.495235 0.316286 0)
(-0.427401 0.337813 0)
(-0.355447 0.356092 0)
(-0.280066 0.370943 0)
(-0.201986 0.382217 0)
(-0.121966 0.389802 0)
(-0.0407929 0.393616 0)
(0.0407929 0.393616 0)
(0.121966 0.389802 0)
(0.201986 0.382217 0)
(0.280066 0.370943 0)
(0.355447 0.356092 0)
(0.427401 0.337813 0)
(0.495235 0.316286 0)
(0.558294 0.291723 0)
(0.615973 0.264364 0)
(0.667719 0.234476 0)
(0.713035 0.202347 0)
(0.75149 0.168288 0)
(0.782717 0.132627 0)
(0.806418 0.0957043 0)
(0.822371 0.0578741 0)
(0.830427 0.0194966 0)
(0.865227 -0.0150211 0)
(0.856986 -0.0452633 0)
(0.84049 -0.0750709 0)
(0.815897 -0.104159 0)
(0.78345 -0.132251 0)
(0.743457 -0.159075 0)
(0.696299 -0.184375 0)
(0.642426 -0.207906 0)
(0.582351 -0.229439 0)
(0.516652 -0.248766 0)
(0.445956 -0.265697 0)
(0.370943 -0.280066 0)
(0.292332 -0.29173 0)
(0.210881 -0.300572 0)
(0.127367 -0.306501 0)
(0.042616 -0.309462 0)
(-0.042616 -0.309462 0)
(-0.127367 -0.306501 0)
(-0.210881 -0.300572 0)
(-0.292333 -0.29173 0)
(-0.370943 -0.280066 0)
(-0.445956 -0.265697 0)
(-0.516652 -0.248766 0)
(-0.582351 -0.229439 0)
(-0.642426 -0.207906 0)
(-0.696299 -0.184375 0)
(-0.743457 -0.159075 0)
(-0.78345 -0.132251 0)
(-0.815897 -0.104159 0)
(-0.84049 -0.0750709 0)
(-0.856986 -0.0452633 0)
(-0.865227 -0.0150211 0)
(-0.865144 0.0153674 0)
(-0.856752 0.0456123 0)
(-0.840131 0.0754261 0)
(-0.815434 0.104524 0)
(-0.782896 0.132628 0)
(-0.742827 0.159469 0)
(-0.695608 0.184788 0)
(-0.641692 0.208342 0)
(-0.581595 0.229902 0)
(-0.515895 0.249258 0)
(-0.445222 0.266223 0)
(-0.370259 0.280628 0)
(-0.29173 0.292332 0)
(-0.210392 0.301219 0)
(-0.127038 0.307198 0)
(-0.0424888 0.310205 0)
(0.0424889 0.310205 0)
(0.127038 0.307198 0)
(0.210392 0.301219 0)
(0.29173 0.292332 0)
(0.37026 0.280628 0)
(0.445222 0.266223 0)
(0.515895 0.249258 0)
(0.581595 0.229902 0)
(0.641692 0.208342 0)
(0.695608 0.184788 0)
(0.742827 0.159469 0)
(0.782896 0.132628 0)
(0.815434 0.104524 0)
(0.840131 0.0754261 0)
(0.856752 0.0456123 0)
(0.865144 0.0153674 0)
(0.891582 -0.0108332 0)
(0.883085 -0.0326483 0)
(0.866081 -0.0541493 0)
(0.840734 -0.075131 0)
(0.807292 -0.0953927 0)
(0.766076 -0.11474 0)
(0.717477 -0.132987 0)
(0.66196 -0.149957 0)
(0.600055 -0.165485 0)
(0.532355 -0.179421 0)
(0.45951 -0.191628 0)
(0.382217 -0.201986 0)
(0.301219 -0.210392 0)
(0.217293 -0.216761 0)
(0.131243 -0.221028 0)
(0.0439148 -0.223155 0)
(-0.0439148 -0.223155 0)
(-0.131243 -0.221028 0)
(-0.217293 -0.216761 0)
(-0.301219 -0.210392 0)
(-0.382217 -0.201986 0)
(-0.45951 -0.191628 0)
(-0.532355 -0.179421 0)
(-0.600055 -0.165485 0)
(-0.66196 -0.149957 0)
(-0.717477 -0.132987 0)
(-0.766076 -0.11474 0)
(-0.807292 -0.0953926 0)
(-0.840734 -0.075131 0)
(-0.866081 -0.0541493 0)
(-0.883085 -0.0326482 0)
(-0.891582 -0.0108332 0)
(-0.891499 0.0110875 0)
(-0.882853 0.0329049 0)
(-0.865724 0.0544113 0)
(-0.840271 0.0754015 0)
(-0.806737 0.0956745 0)
(-0.76544 0.115036 0)
(-0.716776 0.1333 0)
(-0.661211 0.15029 0)
(-0.599277 0.165843 0)
(-0.531569 0.179806 0)
(-0.45874 0.192044 0)
(-0.381493 0.202436 0)
(-0.300572 0.210881 0)
(-0.216761 0.217293 0)
(-0.130879 0.221609 0)
(-0.0437724 0.22378 0)
(0.0437725 0.22378 0)
(0.130879 0.221609 0)
(0.216761 0.217293 0)
(0.300572 0.210881 0)
(0.381493 0.202436 0)
(0.45874 0.192044 0)
(0.531569 0.179806 0)
(0.599277 0.165843 0)
(0.661211 0.15029 0)
(0.716776 0.1333 0)
(0.76544 0.115036 0)
(0.806737 0.0956745 0)
(0.840271 0.0754014 0)
(0.865724 0.0544113 0)
(0.882853 0.0329049 0)
(0.891499 0.0110875 0)
(0.909304 -0.00654302 0)
(0.900636 -0.0197176 0)
(0.88329 -0.0327022 0)
(0.857436 -0.0453729 0)
(0.823326 -0.0576085 0)
(0.781287 -0.0692915 0)
(0.73172 -0.0803096 0)
(0.675097 -0.0905562 0)
(0.611962 -0.0999321 0)
(0.542918 -0.108346 0)
(0.468627 -0.115715 0)
(0.389802 -0.121966 0)
(0.307198 -0.127038 0)
(0.221609 -0.130879 0)
(0.133853 -0.133449 0)
(0.0447902 -0.134726 0)
(-0.0447902 -0.134726 0)
(-0.133853 -0.133449 0)
(-0.221609 -0.130879 0)
(-0.307198 -0.127038 0)
(-0.389802 -0.121966 0)
(-0.468627 -0.115715 0)
(-0.542918 -0.108346 0)
(-0.611962 -0.0999321 0)
(-0.675097 -0.0905562 0)
(-0.73172 -0.0803096 0)
(-0.781287 -0.0692915 0)
(-0.823326 -0.0576085 0)
(-0.857436 -0.0453729 0)
(-0.88329 -0.0327022 0)
(-0.900636 -0.0197176 0)
(-0.909304 -0.00654301 0)
(-0.909222 0.0066955 0)
(-0.900404 0.0198718 0)
(-0.882933 0.0328604 0)
(-0.856971 0.0455372 0)
(-0.822765 0.057781 0)
(-0.780642 0.0694744 0)
(-0.731005 0.080505 0)
(-0.674328 0.0907666 0)
(-0.611157 0.10016 0)
(-0.542098 0.108594 0)
(-0.467817 0.115986 0)
(-0.389031 0.122264 0)
(-0.306501 0.127367 0)
(-0.221028 0.131243 0)
(-0.133449 0.133853 0)
(-0.0446305 0.135167 0)
(0.0446306 0.135167 0)
(0.133449 0.133853 0)
(0.221028 0.131243 0)
(0.306501 0.127367 0)
(0.389031 0.122264 0)
(0.467817 0.115986 0)
(0.542098 0.108594 0)
(0.611157 0.10016 0)
(0.674328 0.0907666 0)
(0.731005 0.080505 0)
(0.780642 0.0694744 0)
(0.822765 0.057781 0)
(0.856971 0.0455372 0)
(0.882933 0.0328603 0)
(0.900404 0.0198717 0)
(0.909222 0.00669549 0)
(0.918212 -0.00218675 0)
(0.909458 -0.00659301 0)
(0.89194 -0.0109357 0)
(0.865832 -0.0151735 0)
(0.831386 -0.0192658 0)
(0.788935 -0.0231734 0)
(0.738881 -0.0268588 0)
(0.681704 -0.0302862 0)
(0.61795 -0.0334225 0)
(0.54823 -0.0362369 0)
(0.473213 -0.0387019 0)
(0.393616 -0.0407929 0)
(0.310205 -0.0424888 0)
(0.22378 -0.0437724 0)
(0.135167 -0.0446306 0)
(0.0452314 -0.0450561 0)
(-0.0452314 -0.0450561 0)
(-0.135167 -0.0446306 0)
(-0.22378 -0.0437724 0)
(-0.310205 -0.0424888 0)
(-0.393616 -0.0407929 0)
(-0.473213 -0.0387019 0)
(-0.54823 -0.0362369 0)
(-0.61795 -0.0334225 0)
(-0.681704 -0.0302862 0)
(-0.738881 -0.0268588 0)
(-0.788935 -0.0231734 0)
(-0.831386 -0.0192658 0)
(-0.865832 -0.0151735 0)
(-0.89194 -0.0109357 0)
(-0.909458 -0.006593 0)
(-0.918212 -0.00218674 0)
(-0.91813 0.00224105 0)
(-0.909225 0.00664829 0)
(-0.891581 0.010993 0)
(-0.865362 0.0152336 0)
(-0.830817 0.0193295 0)
(-0.788277 0.0232415 0)
(-0.738148 0.026932 0)
(-0.68091 0.0303654 0)
(-0.617114 0.0335086 0)
(-0.547374 0.036331 0)
(-0.472361 0.0388053 0)
(-0.392801 0.0409072 0)
(-0.309462 0.042616 0)
(-0.223154 0.0439148 0)
(-0.134726 0.0447902 0)
(-0.0450561 0.0452314 0)
(0.0450561 0.0452314 0)
(0.134726 0.0447902 0)
(0.223155 0.0439148 0)
(0.309462 0.042616 0)
(0.392801 0.0409072 0)
(0.472361 0.0388053 0)
(0.547374 0.036331 0)
(0.617114 0.0335085 0)
(0.68091 0.0303654 0)
(0.738148 0.026932 0)
(0.788277 0.0232415 0)
(0.830817 0.0193295 0)
(0.865362 0.0152336 0)
(0.891581 0.010993 0)
(0.909225 0.00664828 0)
(0.91813 0.00224104 0)
(0.918212 0.00218675 0)
(0.909458 0.006593 0)
(0.89194 0.0109357 0)
(0.865832 0.0151735 0)
(0.831386 0.0192658 0)
(0.788935 0.0231734 0)
(0.738881 0.0268588 0)
(0.681704 0.0302862 0)
(0.61795 0.0334225 0)
(0.54823 0.0362369 0)
(0.473213 0.0387019 0)
(0.393616 0.0407929 0)
(0.310205 0.0424889 0)
(0.22378 0.0437724 0)
(0.135167 0.0446306 0)
(0.0452314 0.0450561 0)
(-0.0452314 0.0450561 0)
(-0.135167 0.0446306 0)
(-0.22378 0.0437724 0)
(-0.310205 0.0424889 0)
(-0.393616 0.0407929 0)
(-0.473213 0.0387019 0)
(-0.54823 0.0362369 0)
(-0.61795 0.0334225 0)
(-0.681704 0.0302862 0)
(-0.738881 0.0268588 0)
(-0.788935 0.0231734 0)
(-0.831386 0.0192658 0)
(-0.865832 0.0151735 0)
(-0.89194 0.0109357 0)
(-0.909458 0.00659301 0)
(-0.918212 0.00218675 0)
(-0.91813 -0.00224104 0)
(-0.909225 -0.00664828 0)
(-0.891581 -0.010993 0)
(-0.865362 -0.0152336 0)
(-0.830817 -0.0193295 0)
(-0.788277 -0.0232415 0)
(-0.738148 -0.026932 0)
(-0.68091 -0.0303654 0)
(-0.617114 -0.0335086 0)
(-0.547374 -0.036331 0)
(-0.472361 -0.0388053 0)
(-0.392801 -0.0409072 0)
(-0.309462 -0.042616 0)
(-0.223154 -0.0439148 0)
(-0.134726 -0.0447902 0)
(-0.0450561 -0.0452314 0)
(0.0450561 -0.0452314 0)
(0.134726 -0.0447902 0)
(0.223155 -0.0439148 0)
(0.309462 -0.042616 0)
(0.392801 -0.0409072 0)
(0.472361 -0.0388053 0)
(0.547374 -0.036331 0)
(0.617114 -0.0335086 0)
(0.68091 -0.0303654 0)
(0.738148 -0.026932 0)
(0.788277 -0.0232415 0)
(0.830817 -0.0193295 0)
(0.865362 -0.0152336 0)
(0.891581 -0.010993 0)
(0.909225 -0.00664828 0)
(0.91813 -0.00224105 0)
(0.909304 0.00654302 0)
(0.900636 0.0197176 0)
(0.88329 0.0327022 0)
(0.857436 0.0453729 0)
(0.823326 0.0576085 0)
(0.781287 0.0692915 0)
(0.73172 0.0803096 0)
(0.675097 0.0905562 0)
(0.611962 0.0999321 0)
(0.542918 0.108346 0)
(0.468627 0.115715 0)
(0.389802 0.121966 0)
(0.307198 0.127038 0)
(0.221609 0.130879 0)
(0.133853 0.133449 0)
(0.0447902 0.134726 0)
(-0.0447902 0.134726 0)
(-0.133853 0.133449 0)
(-0.221609 0.130879 0)
(-0.307198 0.127038 0)
(-0.389802 0.121966 0)
(-0.468627 0.115715 0)
(-0.542918 0.108346 0)
(-0.611962 0.0999321 0)
(-0.675097 0.0905562 0)
(-0.73172 0.0803096 0)
(-0.781287 0.0692915 0)
(-0.823326 0.0576085 0)
(-0.857436 0.0453729 0)
(-0.88329 0.0327022 0)
(-0.900636 0.0197176 0)
(-0.909304 0.00654302 0)
(-0.909222 -0.00669549 0)
(-0.900404 -0.0198717 0)
(-0.882933 -0.0328603 0)
(-0.856971 -0.0455372 0)
(-0.822765 -0.057781 0)
(-0.780642 -0.0694744 0)
(-0.731005 -0.080505 0)
(-0.674328 -0.0907666 0)
(-0.611157 -0.10016 0)
(-0.542098 -0.108594 0)
(-0.467817 -0.115986 0)
(-0.389031 -0.122264 0)
(-0.306501 -0.127367 0)
(-0.221028 -0.131243 0)
(-0.133449 -0.133853 0)
(-0.0446305 -0.135167 0)
(0.0446306 -0.135167 0)
(0.133449 -0.133853 0)
(0.221028 -0.131243 0)
(0.306501 -0.127367 0)
(0.389031 -0.122264 0)
(0.467817 -0.115986 0)
(0.542098 -0.108594 0)
(0.611157 -0.10016 0)
(0.674328 -0.0907666 0)
(0.731005 -0.080505 0)
(0.780642 -0.0694744 0)
(0.822765 -0.057781 0)
(0.856971 -0.0455372 0)
(0.882933 -0.0328604 0)
(0.900404 -0.0198717 0)
(0.909222 -0.0066955 0)
(0.891582 0.0108332 0)
(0.883085 0.0326483 0)
(0.866081 0.0541493 0)
(0.840734 0.075131 0)
(0.807292 0.0953927 0)
(0.766076 0.11474 0)
(0.717477 0.132987 0)
(0.66196 0.149957 0)
(0.600055 0.165485 0)
(0.532355 0.179421 0)
(0.45951 0.191628 0)
(0.382217 0.201986 0)
(0.301219 0.210392 0)
(0.217293 0.216761 0)
(0.131243 0.221028 0)
(0.0439148 0.223155 0)
(-0.0439148 0.223155 0)
(-0.131243 0.221028 0)
(-0.217293 0.216761 0)
(-0.301219 0.210392 0)
(-0.382217 0.201986 0)
(-0.45951 0.191628 0)
(-0.532355 0.179421 0)
(-0.600055 0.165485 0)
(-0.66196 0.149957 0)
(-0.717477 0.132987 0)
(-0.766076 0.11474 0)
(-0.807292 0.0953927 0)
(-0.840734 0.075131 0)
(-0.866081 0.0541493 0)
(-0.883085 0.0326483 0)
(-0.891582 0.0108332 0)
(-0.891499 -0.0110875 0)
(-0.882853 -0.0329049 0)
(-0.865724 -0.0544113 0)
(-0.840271 -0.0754014 0)
(-0.806737 -0.0956745 0)
(-0.76544 -0.115036 0)
(-0.716776 -0.1333 0)
(-0.661211 -0.15029 0)
(-0.599277 -0.165843 0)
(-0.531569 -0.179806 0)
(-0.45874 -0.192044 0)
(-0.381493 -0.202436 0)
(-0.300572 -0.210881 0)
(-0.216761 -0.217293 0)
(-0.130879 -0.221609 0)
(-0.0437724 -0.22378 0)
(0.0437725 -0.22378 0)
(0.130879 -0.221609 0)
(0.216761 -0.217293 0)
(0.300572 -0.210881 0)
(0.381493 -0.202436 0)
(0.45874 -0.192044 0)
(0.531569 -0.179806 0)
(0.599277 -0.165843 0)
(0.661211 -0.15029 0)
(0.716776 -0.1333 0)
(0.76544 -0.115036 0)
(0.806737 -0.0956745 0)
(0.840271 -0.0754014 0)
(0.865724 -0.0544113 0)
(0.882853 -0.0329049 0)
(0.891499 -0.0110875 0)
(0.865227 0.0150211 0)
(0.856986 0.0452633 0)
(0.84049 0.0750709 0)
(0.815897 0.104159 0)
(0.78345 0.132251 0)
(0.743457 0.159075 0)
(0.696299 0.184375 0)
(0.642426 0.207906 0)
(0.582351 0.229439 0)
(0.516652 0.248766 0)
(0.445956 0.265697 0)
(0.370943 0.280066 0)
(0.292332 0.29173 0)
(0.210881 0.300572 0)
(0.127367 0.306501 0)
(0.042616 0.309462 0)
(-0.042616 0.309462 0)
(-0.127367 0.306501 0)
(-0.210881 0.300572 0)
(-0.292333 0.29173 0)
(-0.370943 0.280066 0)
(-0.445956 0.265697 0)
(-0.516652 0.248766 0)
(-0.582351 0.229439 0)
(-0.642426 0.207906 0)
(-0.696299 0.184375 0)
(-0.743457 0.159075 0)
(-0.78345 0.132251 0)
(-0.815897 0.104159 0)
(-0.84049 0.0750709 0)
(-0.856986 0.0452633 0)
(-0.865227 0.0150211 0)
(-0.865144 -0.0153674 0)
(-0.856752 -0.0456123 0)
(-0.840131 -0.0754261 0)
(-0.815434 -0.104524 0)
(-0.782896 -0.132628 0)
(-0.742827 -0.159469 0)
(-0.695608 -0.184788 0)
(-0.641692 -0.208342 0)
(-0.581595 -0.229902 0)
(-0.515895 -0.249258 0)
(-0.445222 -0.266223 0)
(-0.370259 -0.280628 0)
(-0.29173 -0.292332 0)
(-0.210392 -0.301219 0)
(-0.127038 -0.307198 0)
(-0.0424888 -0.310205 0)
(0.0424889 -0.310205 0)
(0.127038 -0.307198 0)
(0.210392 -0.301219 0)
(0.29173 -0.292333 0)
(0.370259 -0.280628 0)
(0.445222 -0.266223 0)
(0.515895 -0.249258 0)
(0.581595 -0.229902 0)
(0.641692 -0.208342 0)
(0.695608 -0.184788 0)
(0.742827 -0.159469 0)
(0.782896 -0.132628 0)
(0.815434 -0.104524 0)
(0.840131 -0.0754261 0)
(0.856752 -0.0456123 0)
(0.865144 -0.0153674 0)
(0.83051 0.0190633 0)
(0.822607 0.0574382 0)
(0.806779 0.0952626 0)
(0.78318 0.132176 0)
(0.752042 0.167825 0)
(0.71366 0.201868 0)
(0.6684 0.233977 0)
(0.616691 0.263843 0)
(0.559029 0.291175 0)
(0.495964 0.315709 0)
(0.428102 0.337203 0)
(0.356092 0.355447 0)
(0.280628 0.370259 0)
(0.202436 0.381493 0)
(0.122264 0.389031 0)
(0.0409072 0.392801 0)
(-0.0409072 0.392801 0)
(-0.122265 0.389031 0)
(-0.202436 0.381493 0)
(-0.280628 0.370259 0)
(-0.356092 0.355447 0)
(-0.428102 0.337203 0)
(-0.495964 0.315709 0)
(-0.559029 0.291175 0)
(-0.616691 0.263843 0)
(-0.6684 0.233977 0)
(-0.71366 0.201868 0)
(-0.752042 0.167825 0)
(-0.78318 0.132176 0)
(-0.806779 0.0952626 0)
(-0.822607 0.0574382 0)
(-0.83051 0.0190633 0)
(-0.830427 -0.0194966 0)
(-0.822371 -0.0578741 0)
(-0.806418 -0.0957043 0)
(-0.782717 -0.132627 0)
(-0.75149 -0.168288 0)
(-0.713035 -0.202347 0)
(-0.667719 -0.234476 0)
(-0.615973 -0.264364 0)
(-0.558294 -0.291723 0)
(-0.495235 -0.316286 0)
(-0.427401 -0.337813 0)
(-0.355447 -0.356092 0)
(-0.280066 -0.370943 0)
(-0.201986 -0.382217 0)
(-0.121966 -0.389802 0)
(-0.0407929 -0.393616 0)
(0.0407929 -0.393616 0)
(0.121966 -0.389802 0)
(0.201986 -0.382217 0)
(0.280066 -0.370943 0)
(0.355447 -0.356092 0)
(0.427401 -0.337813 0)
(0.495235 -0.316286 0)
(0.558294 -0.291723 0)
(0.615973 -0.264364 0)
(0.667719 -0.234476 0)
(0.713035 -0.202347 0)
(0.75149 -0.168288 0)
(0.782717 -0.132627 0)
(0.806418 -0.0957043 0)
(0.822371 -0.0578741 0)
(0.830427 -0.0194966 0)
(0.787783 0.0229234 0)
(0.780294 0.0690575 0)
(0.765288 0.114531 0)
(0.742913 0.15891 0)
(0.713385 0.201772 0)
(0.676986 0.242704 0)
(0.63406 0.281314 0)
(0.585015 0.317228 0)
(0.530321 0.350097 0)
(0.470499 0.379603 0)
(0.406124 0.405455 0)
(0.337813 0.427401 0)
(0.266223 0.445222 0)
(0.192044 0.45874 0)
(0.115986 0.467817 0)
(0.0388053 0.472361 0)
(-0.0388053 0.472361 0)
(-0.115986 0.467817 0)
(-0.192044 0.45874 0)
(-0.266223 0.445222 0)
(-0.337813 0.427401 0)
(-0.406124 0.405455 0)
(-0.4705 0.379603 0)
(-0.530321 0.350097 0)
(-0.585015 0.317228 0)
(-0.63406 0.281314 0)
(-0.676986 0.242704 0)
(-0.713385 0.201772 0)
(-0.742913 0.15891 0)
(-0.765288 0.114531 0)
(-0.780294 0.0690575 0)
(-0.787783 0.0229234 0)
(-0.787699 -0.0234323 0)
(-0.780056 -0.0695684 0)
(-0.764926 -0.115047 0)
(-0.742448 -0.159435 0)
(-0.712835 -0.202307 0)
(-0.676366 -0.243254 0)
(-0.633389 -0.281881 0)
(-0.584313 -0.317816 0)
(-0.529607 -0.350709 0)
(-0.469797 -0.380242 0)
(-0.405455 -0.406124 0)
(-0.337203 -0.428102 0)
(-0.265697 -0.445956 0)
(-0.191628 -0.45951 0)
(-0.115715 -0.468627 0)
(-0.0387019 -0.473213 0)
(0.0387019 -0.473213 0)
(0.115715 -0.468627 0)
(0.191628 -0.45951 0)
(0.265697 -0.445956 0)
(0.337203 -0.428102 0)
(0.405455 -0.406124 0)
(0.469797 -0.380242 0)
(0.529607 -0.350709 0)
(0.584313 -0.317816 0)
(0.633389 -0.281881 0)
(0.676366 -0.243254 0)
(0.712835 -0.202307 0)
(0.742448 -0.159435 0)
(0.764926 -0.115047 0)
(0.780056 -0.0695684 0)
(0.787699 -0.0234323 0)
(0.73747 0.0265639 0)
(0.730469 0.0800085 0)
(0.716432 0.132689 0)
(0.695496 0.184105 0)
(0.667864 0.233764 0)
(0.633798 0.281191 0)
(0.593621 0.32593 0)
(0.547713 0.367546 0)
(0.496513 0.405638 0)
(0.44051 0.439833 0)
(0.380242 0.469797 0)
(0.316286 0.495235 0)
(0.249258 0.515895 0)
(0.179806 0.531569 0)
(0.108594 0.542098 0)
(0.036331 0.547374 0)
(-0.036331 0.547374 0)
(-0.108594 0.542098 0)
(-0.179806 0.531569 0)
(-0.249258 0.515895 0)
(-0.316286 0.495235 0)
(-0.380242 0.469797 0)
(-0.44051 0.439833 0)
(-0.496513 0.405638 0)
(-0.547713 0.367546 0)
(-0.593621 0.32593 0)
(-0.633798 0.281191 0)
(-0.667864 0.233764 0)
(-0.695496 0.184105 0)
(-0.716432 0.132689 0)
(-0.730469 0.0800085 0)
(-0.73747 0.0265639 0)
(-0.737384 -0.0271364 0)
(-0.730227 -0.0805822 0)
(-0.716065 -0.133267 0)
(-0.695028 -0.184688 0)
(-0.667314 -0.234356 0)
(-0.633182 -0.281795 0)
(-0.592958 -0.326547 0)
(-0.547024 -0.368181 0)
(-0.495819 -0.406293 0)
(-0.439833 -0.44051 0)
(-0.379603 -0.4705 0)
(-0.315709 -0.495964 0)
(-0.248766 -0.516652 0)
(-0.179421 -0.532355 0)
(-0.108346 -0.542918 0)
(-0.0362369 -0.54823 0)
(0.0362369 -0.54823 0)
(0.108346 -0.542918 0)
(0.179421 -0.532355 0)
(0.248766 -0.516652 0)
(0.315709 -0.495964 0)
(0.379603 -0.4705 0)
(0.439833 -0.44051 0)
(0.495819 -0.406293 0)
(0.547024 -0.368181 0)
(0.592958 -0.326547 0)
(0.633182 -0.281795 0)
(0.667314 -0.234356 0)
(0.695028 -0.184688 0)
(0.716065 -0.133267 0)
(0.730227 -0.0805822 0)
(0.737384 -0.0271364 0)
(0.680067 0.0299507 0)
(0.673623 0.0901863 0)
(0.660691 0.149563 0)
(0.641397 0.207517 0)
(0.615928 0.263495 0)
(0.584525 0.316959 0)
(0.547482 0.367395 0)
(0.505152 0.414315 0)
(0.457939 0.457262 0)
(0.406293 0.495819 0)
(0.350709 0.529607 0)
(0.291723 0.558294 0)
(0.229902 0.581595 0)
(0.165843 0.599277 0)
(0.10016 0.611157 0)
(0.0335085 0.617114 0)
(-0.0335086 0.617114 0)
(-0.10016 0.611157 0)
(-0.165843 0.599277 0)
(-0.229902 0.581595 0)
(-0.291723 0.558294 0)
(-0.350709 0.529607 0)
(-0.406293 0.495819 0)
(-0.457939 0.457262 0)
(-0.505152 0.414315 0)
(-0.547482 0.367395 0)
(-0.584525 0.316959 0)
(-0.615928 0.263495 0)
(-0.641397 0.207517 0)
(-0.660692 0.149563 0)
(-0.673623 0.0901863 0)
(-0.680067 0.0299507 0)
(-0.67998 -0.030572 0)
(-0.673377 -0.0908077 0)
(-0.660319 -0.150186 0)
(-0.640926 -0.208144 0)
(-0.615376 -0.264126 0)
(-0.583911 -0.317598 0)
(-0.546827 -0.368044 0)
(-0.504476 -0.414976 0)
(-0.457262 -0.457939 0)
(-0.405638 -0.496513 0)
(-0.350097 -0.530321 0)
(-0.291175 -0.559029 0)
(-0.229439 -0.582351 0)
(-0.165485 -0.600055 0)
(-0.0999321 -0.611962 0)
(-0.0334225 -0.61795 0)
(0.0334225 -0.61795 0)
(0.0999321 -0.611962 0)
(0.165485 -0.600055 0)
(0.229439 -0.582351 0)
(0.291175 -0.559029 0)
(0.350097 -0.530321 0)
(0.405638 -0.496513 0)
(0.457262 -0.457939 0)
(0.504476 -0.414976 0)
(0.546827 -0.368044 0)
(0.583911 -0.317598 0)
(0.615376 -0.264126 0)
(0.640926 -0.208144 0)
(0.660319 -0.150186 0)
(0.673377 -0.0908077 0)
(0.67998 -0.030572 0)
(0.616138 0.0330515 0)
(0.610315 0.099493 0)
(0.598615 0.16499 0)
(0.58115 0.228922 0)
(0.55809 0.290677 0)
(0.52965 0.349664 0)
(0.496098 0.405313 0)
(0.457751 0.457084 0)
(0.414976 0.504476 0)
(0.368181 0.547024 0)
(0.317816 0.584313 0)
(0.264364 0.615973 0)
(0.208342 0.641692 0)
(0.15029 0.661211 0)
(0.0907666 0.674328 0)
(0.0303654 0.68091 0)
(-0.0303654 0.68091 0)
(-0.0907666 0.674328 0)
(-0.15029 0.661211 0)
(-0.208342 0.641692 0)
(-0.264364 0.615973 0)
(-0.317816 0.584313 0)
(-0.368181 0.547024 0)
(-0.414976 0.504476 0)
(-0.457751 0.457084 0)
(-0.496098 0.405313 0)
(-0.52965 0.349664 0)
(-0.55809 0.290677 0)
(-0.58115 0.228922 0)
(-0.598615 0.16499 0)
(-0.610315 0.099493 0)
(-0.616138 0.0330515 0)
(-0.616048 -0.033705 0)
(-0.610063 -0.100145 0)
(-0.598235 -0.165642 0)
(-0.580672 -0.229573 0)
(-0.557533 -0.291329 0)
(-0.529036 -0.350319 0)
(-0.495446 -0.405972 0)
(-0.457084 -0.457751 0)
(-0.414315 -0.505152 0)
(-0.367546 -0.547713 0)
(-0.317228 -0.585015 0)
(-0.263843 -0.616691 0)
(-0.207906 -0.642426 0)
(-0.149957 -0.66196 0)
(-0.0905562 -0.675097 0)
(-0.0302862 -0.681704 0)
(0.0302863 -0.681704 0)
(0.0905562 -0.675097 0)
(0.149957 -0.66196 0)
(0.207906 -0.642426 0)
(0.263843 -0.616691 0)
(0.317228 -0.585015 0)
(0.367546 -0.547713 0)
(0.414315 -0.505152 0)
(0.457084 -0.457751 0)
(0.495447 -0.405972 0)
(0.529036 -0.350319 0)
(0.557533 -0.291329 0)
(0.580672 -0.229573 0)
(0.598235 -0.165642 0)
(0.610063 -0.100145 0)
(0.616048 -0.033705 0)
(0.546311 0.0358373 0)
(0.541167 0.107839 0)
(0.530812 0.178823 0)
(0.515344 0.248114 0)
(0.494914 0.315052 0)
(0.46971 0.378993 0)
(0.439969 0.43932 0)
(0.405972 0.495447 0)
(0.368044 0.546827 0)
(0.326547 0.592958 0)
(0.281881 0.633389 0)
(0.234476 0.667719 0)
(0.184788 0.695608 0)
(0.1333 0.716776 0)
(0.080505 0.731005 0)
(0.026932 0.738148 0)
(-0.026932 0.738148 0)
(-0.080505 0.731005 0)
(-0.1333 0.716776 0)
(-0.184788 0.695608 0)
(-0.234476 0.667719 0)
(-0.281881 0.633389 0)
(-0.326547 0.592958 0)
(-0.368044 0.546827 0)
(-0.405972 0.495446 0)
(-0.439969 0.43932 0)
(-0.46971 0.378993 0)
(-0.494914 0.315052 0)
(-0.515344 0.248114 0)
(-0.530812 0.178823 0)
(-0.541167 0.107839 0)
(-0.546311 0.0358373 0)
(-0.546218 -0.0365041 0)
(-0.540906 -0.108503 0)
(-0.530421 -0.179483 0)
(-0.514856 -0.24877 0)
(-0.494351 -0.315704 0)
(-0.469093 -0.379643 0)
(-0.43932 -0.439969 0)
(-0.405313 -0.496098 0)
(-0.367395 -0.547482 0)
(-0.32593 -0.593621 0)
(-0.281314 -0.63406 0)
(-0.233977 -0.6684 0)
(-0.184375 -0.696299 0)
(-0.132987 -0.717477 0)
(-0.0803096 -0.73172 0)
(-0.0268588 -0.738881 0)
(0.0268588 -0.738881 0)
(0.0803096 -0.73172 0)
(0.132987 -0.717477 0)
(0.184375 -0.696299 0)
(0.233977 -0.6684 0)
(0.281314 -0.63406 0)
(0.32593 -0.593621 0)
(0.367395 -0.547482 0)
(0.405313 -0.496098 0)
(0.43932 -0.439969 0)
(0.469093 -0.379643 0)
(0.494351 -0.315704 0)
(0.514856 -0.24877 0)
(0.530421 -0.179483 0)
(0.540906 -0.108503 0)
(0.546218 -0.0365041 0)
(0.471269 0.0382824 0)
(0.466856 0.115146 0)
(0.457946 0.190928 0)
(0.444624 0.26491 0)
(0.427018 0.336386 0)
(0.405291 0.404668 0)
(0.379643 0.469093 0)
(0.350319 0.529036 0)
(0.317598 0.583911 0)
(0.281795 0.633182 0)
(0.243254 0.676366 0)
(0.202347 0.713035 0)
(0.159469 0.742827 0)
(0.115036 0.76544 0)
(0.0694744 0.780642 0)
(0.0232415 0.788277 0)
(-0.0232415 0.788277 0)
(-0.0694744 0.780642 0)
(-0.115036 0.76544 0)
(-0.159469 0.742827 0)
(-0.202347 0.713035 0)
(-0.243254 0.676366 0)
(-0.281795 0.633182 0)
(-0.317598 0.583911 0)
(-0.350319 0.529036 0)
(-0.379643 0.469093 0)
(-0.405291 0.404668 0)
(-0.427018 0.336386 0)
(-0.444624 0.26491 0)
(-0.457946 0.190928 0)
(-0.466856 0.115146 0)
(-0.471269 0.0382824 0)
(-0.471172 -0.0389412 0)
(-0.466584 -0.1158 0)
(-0.457542 -0.191575 0)
(-0.444124 -0.265549 0)
(-0.426445 -0.337017 0)
(-0.404668 -0.405291 0)
(-0.378993 -0.46971 0)
(-0.349664 -0.52965 0)
(-0.316959 -0.584525 0)
(-0.281191 -0.633798 0)
(-0.242704 -0.676986 0)
(-0.201868 -0.71366 0)
(-0.159075 -0.743457 0)
(-0.11474 -0.766076 0)
(-0.0692915 -0.781287 0)
(-0.0231734 -0.788935 0)
(0.0231734 -0.788935 0)
(0.0692916 -0.781287 0)
(0.11474 -0.766076 0)
(0.159075 -0.743457 0)
(0.201868 -0.71366 0)
(0.242704 -0.676986 0)
(0.281191 -0.633798 0)
(0.316959 -0.584525 0)
(0.349664 -0.52965 0)
(0.378993 -0.46971 0)
(0.404668 -0.405291 0)
(0.426445 -0.337017 0)
(0.444124 -0.265549 0)
(0.457542 -0.191575 0)
(0.466584 -0.1158 0)
(0.471172 -0.0389411 0)
(0.39175 0.0403646 0)
(0.388111 0.121345 0)
(0.38073 0.201192 0)
(0.36968 0.279152 0)
(0.355064 0.35448 0)
(0.337017 0.426445 0)
(0.315704 0.494351 0)
(0.291329 0.557533 0)
(0.264126 0.615376 0)
(0.234356 0.667314 0)
(0.202307 0.712835 0)
(0.168288 0.75149 0)
(0.132628 0.782896 0)
(0.0956745 0.806737 0)
(0.057781 0.822765 0)
(0.0193295 0.830817 0)
(-0.0193295 0.830817 0)
(-0.057781 0.822765 0)
(-0.0956745 0.806737 0)
(-0.132628 0.782896 0)
(-0.168288 0.75149 0)
(-0.202307 0.712835 0)
(-0.234356 0.667314 0)
(-0.264126 0.615376 0)
(-0.291329 0.557533 0)
(-0.315704 0.494351 0)
(-0.337017 0.426445 0)
(-0.355064 0.35448 0)
(-0.36968 0.279152 0)
(-0.38073 0.201192 0)
(-0.388111 0.121345 0)
(-0.39175 0.0403646 0)
(-0.391646 -0.0409911 0)
(-0.387825 -0.121965 0)
(-0.380311 -0.201802 0)
(-0.369165 -0.27975 0)
(-0.35448 -0.355064 0)
(-0.336386 -0.427018 0)
(-0.315052 -0.494914 0)
(-0.290677 -0.55809 0)
(-0.263495 -0.615928 0)
(-0.233764 -0.667864 0)
(-0.201772 -0.713385 0)
(-0.167825 -0.752042 0)
(-0.132251 -0.78345 0)
(-0.0953926 -0.807292 0)
(-0.0576085 -0.823326 0)
(-0.0192658 -0.831386 0)
(0.0192658 -0.831386 0)
(0.0576085 -0.823326 0)
(0.0953927 -0.807292 0)
(0.132251 -0.78345 0)
(0.167825 -0.752042 0)
(0.201772 -0.713385 0)
(0.233764 -0.667864 0)
(0.263495 -0.615928 0)
(0.290677 -0.55809 0)
(0.315052 -0.494914 0)
(0.336386 -0.427018 0)
(0.35448 -0.355064 0)
(0.369165 -0.27975 0)
(0.380311 -0.201802 0)
(0.387825 -0.121965 0)
(0.391646 -0.0409911 0)
(0.308532 0.0420664 0)
(0.305702 0.126379 0)
(0.29992 0.209522 0)
(0.291241 0.29071 0)
(0.27975 0.369165 0)
(0.265549 0.444124 0)
(0.24877 0.514856 0)
(0.229573 0.580672 0)
(0.208144 0.640926 0)
(0.184688 0.695028 0)
(0.159435 0.742448 0)
(0.132627 0.782717 0)
(0.104524 0.815434 0)
(0.0754014 0.840271 0)
(0.0455372 0.856971 0)
(0.0152336 0.865362 0)
(-0.0152336 0.865362 0)
(-0.0455372 0.856971 0)
(-0.0754014 0.840271 0)
(-0.104524 0.815434 0)
(-0.132627 0.782717 0)
(-0.159435 0.742448 0)
(-0.184688 0.695028 0)
(-0.208144 0.640926 0)
(-0.229573 0.580672 0)
(-0.24877 0.514856 0)
(-0.265549 0.444124 0)
(-0.27975 0.369165 0)
(-0.291241 0.29071 0)
(-0.29992 0.209522 0)
(-0.305702 0.126379 0)
(-0.308532 0.0420663 0)
(-0.308421 -0.0426322 0)
(-0.305399 -0.126937 0)
(-0.299482 -0.210068 0)
(-0.29071 -0.291241 0)
(-0.279152 -0.36968 0)
(-0.26491 -0.444624 0)
(-0.248114 -0.515344 0)
(-0.228922 -0.58115 0)
(-0.207517 -0.641397 0)
(-0.184105 -0.695496 0)
(-0.15891 -0.742913 0)
(-0.132176 -0.78318 0)
(-0.104159 -0.815897 0)
(-0.075131 -0.840734 0)
(-0.0453729 -0.857436 0)
(-0.0151735 -0.865832 0)
(0.0151735 -0.865832 0)
(0.0453729 -0.857436 0)
(0.075131 -0.840734 0)
(0.104159 -0.815897 0)
(0.132176 -0.78318 0)
(0.15891 -0.742913 0)
(0.184105 -0.695496 0)
(0.207517 -0.641397 0)
(0.228922 -0.58115 0)
(0.248114 -0.515344 0)
(0.26491 -0.444624 0)
(0.279152 -0.36968 0)
(0.29071 -0.291241 0)
(0.299482 -0.210068 0)
(0.305399 -0.126937 0)
(0.308421 -0.0426322 0)
(0.22243 0.0433752 0)
(0.220436 0.130206 0)
(0.216299 0.215844 0)
(0.210068 0.299482 0)
(0.201802 0.380311 0)
(0.191575 0.457542 0)
(0.179483 0.530421 0)
(0.165642 0.598235 0)
(0.150186 0.660319 0)
(0.133267 0.716065 0)
(0.115047 0.764926 0)
(0.0957043 0.806418 0)
(0.0754261 0.840131 0)
(0.0544113 0.865724 0)
(0.0328603 0.882933 0)
(0.010993 0.891581 0)
(-0.010993 0.891581 0)
(-0.0328603 0.882933 0)
(-0.0544113 0.865724 0)
(-0.0754261 0.840131 0)
(-0.0957043 0.806418 0)
(-0.115047 0.764926 0)
(-0.133267 0.716065 0)
(-0.150186 0.660319 0)
(-0.165642 0.598235 0)
(-0.179483 0.530421 0)
(-0.191575 0.457542 0)
(-0.201802 0.380311 0)
(-0.210068 0.299482 0)
(-0.216299 0.215844 0)
(-0.220436 0.130206 0)
(-0.22243 0.0433751 0)
(-0.222309 -0.0438484 0)
(-0.220113 -0.130672 0)
(-0.215844 -0.216299 0)
(-0.209522 -0.29992 0)
(-0.201192 -0.38073 0)
(-0.190928 -0.457946 0)
(-0.178823 -0.530812 0)
(-0.16499 -0.598615 0)
(-0.149563 -0.660692 0)
(-0.132689 -0.716432 0)
(-0.114531 -0.765288 0)
(-0.0952626 -0.806779 0)
(-0.0750709 -0.84049 0)
(-0.0541493 -0.866081 0)
(-0.0327022 -0.88329 0)
(-0.0109357 -0.89194 0)
(0.0109357 -0.89194 0)
(0.0327022 -0.88329 0)
(0.0541493 -0.866081 0)
(0.0750709 -0.84049 0)
(0.0952626 -0.806779 0)
(0.114531 -0.765288 0)
(0.132689 -0.716432 0)
(0.149563 -0.660692 0)
(0.16499 -0.598615 0)
(0.178823 -0.530812 0)
(0.190928 -0.457946 0)
(0.201192 -0.38073 0)
(0.209522 -0.29992 0)
(0.215844 -0.216299 0)
(0.220113 -0.130672 0)
(0.222309 -0.0438484 0)
(0.134284 0.0442804 0)
(0.133134 0.132798 0)
(0.130672 0.220113 0)
(0.126937 0.305399 0)
(0.121965 0.387825 0)
(0.1158 0.466584 0)
(0.108503 0.540906 0)
(0.100145 0.610063 0)
(0.0908077 0.673377 0)
(0.0805822 0.730227 0)
(0.0695684 0.780056 0)
(0.0578741 0.822371 0)
(0.0456123 0.856752 0)
(0.0329049 0.882853 0)
(0.0198717 0.900404 0)
(0.00664828 0.909225 0)
(-0.00664828 0.909225 0)
(-0.0198717 0.900404 0)
(-0.0329049 0.882853 0)
(-0.0456123 0.856752 0)
(-0.0578741 0.822371 0)
(-0.0695684 0.780056 0)
(-0.0805822 0.730227 0)
(-0.0908077 0.673377 0)
(-0.100145 0.610063 0)
(-0.108503 0.540906 0)
(-0.1158 0.466584 0)
(-0.121965 0.387825 0)
(-0.126937 0.305399 0)
(-0.130672 0.220113 0)
(-0.133134 0.132798 0)
(-0.134284 0.0442803 0)
(-0.134154 -0.0446281 0)
(-0.132798 -0.133134 0)
(-0.130206 -0.220436 0)
(-0.126379 -0.305702 0)
(-0.121345 -0.388111 0)
(-0.115146 -0.466856 0)
(-0.107839 -0.541167 0)
(-0.099493 -0.610315 0)
(-0.0901863 -0.673623 0)
(-0.0800085 -0.730469 0)
(-0.0690575 -0.780294 0)
(-0.0574382 -0.822607 0)
(-0.0452633 -0.856986 0)
(-0.0326482 -0.883085 0)
(-0.0197176 -0.900636 0)
(-0.006593 -0.909458 0)
(0.00659301 -0.909458 0)
(0.0197176 -0.900636 0)
(0.0326483 -0.883085 0)
(0.0452633 -0.856986 0)
(0.0574382 -0.822607 0)
(0.0690575 -0.780294 0)
(0.0800085 -0.730469 0)
(0.0901863 -0.673623 0)
(0.099493 -0.610315 0)
(0.107839 -0.541167 0)
(0.115146 -0.466856 0)
(0.121345 -0.388111 0)
(0.126379 -0.305702 0)
(0.130206 -0.220436 0)
(0.132798 -0.133134 0)
(0.134154 -0.0446281 0)
(0.044939 0.0448011 0)
(0.0446281 0.134154 0)
(0.0438484 0.222309 0)
(0.0426322 0.308421 0)
(0.0409911 0.391646 0)
(0.0389411 0.471172 0)
(0.0365041 0.546218 0)
(0.033705 0.616048 0)
(0.030572 0.67998 0)
(0.0271364 0.737384 0)
(0.0234323 0.787699 0)
(0.0194966 0.830427 0)
(0.0153674 0.865144 0)
(0.0110875 0.891499 0)
(0.0066955 0.909222 0)
(0.00224105 0.91813 0)
(-0.00224105 0.91813 0)
(-0.00669549 0.909222 0)
(-0.0110875 0.891499 0)
(-0.0153674 0.865144 0)
(-0.0194966 0.830427 0)
(-0.0234323 0.787699 0)
(-0.0271364 0.737384 0)
(-0.030572 0.67998 0)
(-0.033705 0.616048 0)
(-0.0365041 0.546218 0)
(-0.0389411 0.471172 0)
(-0.0409911 0.391646 0)
(-0.0426322 0.308421 0)
(-0.0438484 0.222309 0)
(-0.0446281 0.134154 0)
(-0.044939 0.0448011 0)
(-0.0448011 -0.044939 0)
(-0.0442803 -0.134284 0)
(-0.0433751 -0.22243 0)
(-0.0420663 -0.308532 0)
(-0.0403646 -0.39175 0)
(-0.0382824 -0.471269 0)
(-0.0358373 -0.546311 0)
(-0.0330515 -0.616138 0)
(-0.0299507 -0.680067 0)
(-0.0265639 -0.73747 0)
(-0.0229234 -0.787783 0)
(-0.0190633 -0.83051 0)
(-0.0150211 -0.865227 0)
(-0.0108332 -0.891582 0)
(-0.00654302 -0.909304 0)
(-0.00218674 -0.918212 0)
(0.00218675 -0.918212 0)
(0.00654302 -0.909304 0)
(0.0108332 -0.891582 0)
(0.0150211 -0.865227 0)
(0.0190633 -0.83051 0)
(0.0229234 -0.787783 0)
(0.0265639 -0.73747 0)
(0.0299507 -0.680067 0)
(0.0330515 -0.616138 0)
(0.0358373 -0.546311 0)
(0.0382824 -0.471269 0)
(0.0403646 -0.39175 0)
(0.0420663 -0.308532 0)
(0.0433751 -0.22243 0)
(0.0442803 -0.134284 0)
(0.0448011 -0.044939 0)
(-0.0448011 0.044939 0)
(-0.0442803 0.134284 0)
(-0.0433752 0.22243 0)
(-0.0420663 0.308532 0)
(-0.0403646 0.39175 0)
(-0.0382824 0.471269 0)
(-0.0358373 0.546311 0)
(-0.0330515 0.616138 0)
(-0.0299507 0.680067 0)
(-0.0265639 0.73747 0)
(-0.0229234 0.787783 0)
(-0.0190633 0.83051 0)
(-0.0150211 0.865227 0)
(-0.0108332 0.891582 0)
(-0.00654302 0.909304 0)
(-0.00218675 0.918212 0)
(0.00218675 0.918212 0)
(0.00654302 0.909304 0)
(0.0108332 0.891582 0)
(0.0150211 0.865227 0)
(0.0190633 0.83051 0)
(0.0229234 0.787783 0)
(0.0265639 0.73747 0)
(0.0299507 0.680067 0)
(0.0330515 0.616138 0)
(0.0358373 0.546311 0)
(0.0382824 0.471269 0)
(0.0403646 0.39175 0)
(0.0420663 0.308532 0)
(0.0433752 0.22243 0)
(0.0442803 0.134284 0)
(0.0448011 0.044939 0)
(0.044939 -0.0448011 0)
(0.0446281 -0.134154 0)
(0.0438484 -0.222309 0)
(0.0426322 -0.308421 0)
(0.0409911 -0.391646 0)
(0.0389412 -0.471172 0)
(0.0365041 -0.546218 0)
(0.033705 -0.616048 0)
(0.030572 -0.67998 0)
(0.0271364 -0.737384 0)
(0.0234323 -0.787699 0)
(0.0194966 -0.830427 0)
(0.0153674 -0.865144 0)
(0.0110875 -0.891499 0)
(0.0066955 -0.909222 0)
(0.00224105 -0.91813 0)
(-0.00224105 -0.91813 0)
(-0.00669549 -0.909222 0)
(-0.0110875 -0.891499 0)
(-0.0153674 -0.865144 0)
(-0.0194966 -0.830427 0)
(-0.0234323 -0.787699 0)
(-0.0271364 -0.737384 0)
(-0.030572 -0.67998 0)
(-0.033705 -0.616048 0)
(-0.0365041 -0.546218 0)
(-0.0389412 -0.471172 0)
(-0.0409911 -0.391646 0)
(-0.0426322 -0.308421 0)
(-0.0438484 -0.222309 0)
(-0.0446281 -0.134154 0)
(-0.044939 -0.0448011 0)
(-0.134154 0.0446281 0)
(-0.132798 0.133134 0)
(-0.130206 0.220436 0)
(-0.126379 0.305702 0)
(-0.121345 0.388111 0)
(-0.115146 0.466856 0)
(-0.107839 0.541167 0)
(-0.099493 0.610315 0)
(-0.0901863 0.673623 0)
(-0.0800085 0.730469 0)
(-0.0690575 0.780294 0)
(-0.0574382 0.822607 0)
(-0.0452633 0.856986 0)
(-0.0326483 0.883085 0)
(-0.0197176 0.900636 0)
(-0.006593 0.909458 0)
(0.00659301 0.909458 0)
(0.0197176 0.900636 0)
(0.0326483 0.883085 0)
(0.0452633 0.856986 0)
(0.0574382 0.822607 0)
(0.0690575 0.780294 0)
(0.0800085 0.730469 0)
(0.0901863 0.673623 0)
(0.099493 0.610315 0)
(0.107839 0.541167 0)
(0.115146 0.466856 0)
(0.121345 0.388111 0)
(0.126379 0.305702 0)
(0.130206 0.220436 0)
(0.132798 0.133134 0)
(0.134154 0.0446281 0)
(0.134284 -0.0442803 0)
(0.133134 -0.132798 0)
(0.130672 -0.220113 0)
(0.126937 -0.305399 0)
(0.121965 -0.387825 0)
(0.1158 -0.466584 0)
(0.108503 -0.540906 0)
(0.100145 -0.610063 0)
(0.0908077 -0.673377 0)
(0.0805822 -0.730227 0)
(0.0695684 -0.780056 0)
(0.0578741 -0.822371 0)
(0.0456123 -0.856752 0)
(0.0329049 -0.882853 0)
(0.0198717 -0.900404 0)
(0.00664828 -0.909225 0)
(-0.00664828 -0.909225 0)
(-0.0198717 -0.900404 0)
(-0.0329049 -0.882853 0)
(-0.0456123 -0.856752 0)
(-0.0578741 -0.822371 0)
(-0.0695684 -0.780056 0)
(-0.0805822 -0.730227 0)
(-0.0908077 -0.673377 0)
(-0.100145 -0.610063 0)
(-0.108503 -0.540906 0)
(-0.1158 -0.466584 0)
(-0.121965 -0.387825 0)
(-0.126937 -0.305399 0)
(-0.130672 -0.220113 0)
(-0.133134 -0.132798 0)
(-0.134284 -0.0442803 0)
(-0.222309 0.0438484 0)
(-0.220113 0.130672 0)
(-0.215844 0.216299 0)
(-0.209522 0.29992 0)
(-0.201192 0.38073 0)
(-0.190928 0.457946 0)
(-0.178823 0.530812 0)
(-0.16499 0.598615 0)
(-0.149563 0.660692 0)
(-0.132689 0.716432 0)
(-0.114531 0.765288 0)
(-0.0952626 0.806779 0)
(-0.0750709 0.84049 0)
(-0.0541493 0.866081 0)
(-0.0327022 0.88329 0)
(-0.0109357 0.89194 0)
(0.0109357 0.89194 0)
(0.0327022 0.88329 0)
(0.0541493 0.866081 0)
(0.0750709 0.84049 0)
(0.0952626 0.806779 0)
(0.114531 0.765288 0)
(0.132689 0.716432 0)
(0.149563 0.660691 0)
(0.16499 0.598615 0)
(0.178823 0.530812 0)
(0.190928 0.457946 0)
(0.201192 0.38073 0)
(0.209522 0.29992 0)
(0.215844 0.216299 0)
(0.220113 0.130672 0)
(0.222309 0.0438484 0)
(0.22243 -0.0433752 0)
(0.220436 -0.130206 0)
(0.216299 -0.215844 0)
(0.210068 -0.299482 0)
(0.201802 -0.380311 0)
(0.191575 -0.457542 0)
(0.179483 -0.530421 0)
(0.165642 -0.598235 0)
(0.150186 -0.660319 0)
(0.133267 -0.716065 0)
(0.115047 -0.764926 0)
(0.0957043 -0.806418 0)
(0.0754261 -0.840131 0)
(0.0544113 -0.865724 0)
(0.0328603 -0.882933 0)
(0.010993 -0.891581 0)
(-0.010993 -0.891581 0)
(-0.0328603 -0.882933 0)
(-0.0544113 -0.865724 0)
(-0.0754261 -0.840131 0)
(-0.0957043 -0.806418 0)
(-0.115047 -0.764926 0)
(-0.133267 -0.716065 0)
(-0.150186 -0.660319 0)
(-0.165642 -0.598235 0)
(-0.179483 -0.530421 0)
(-0.191575 -0.457542 0)
(-0.201802 -0.380311 0)
(-0.210068 -0.299482 0)
(-0.216299 -0.215844 0)
(-0.220436 -0.130206 0)
(-0.22243 -0.0433751 0)
(-0.308421 0.0426322 0)
(-0.305399 0.126937 0)
(-0.299482 0.210068 0)
(-0.29071 0.291241 0)
(-0.279152 0.36968 0)
(-0.26491 0.444624 0)
(-0.248114 0.515344 0)
(-0.228922 0.58115 0)
(-0.207517 0.641397 0)
(-0.184105 0.695496 0)
(-0.15891 0.742913 0)
(-0.132176 0.78318 0)
(-0.104159 0.815897 0)
(-0.075131 0.840734 0)
(-0.0453729 0.857436 0)
(-0.0151735 0.865832 0)
(0.0151735 0.865832 0)
(0.0453729 0.857436 0)
(0.075131 0.840734 0)
(0.104159 0.815897 0)
(0.132176 0.78318 0)
(0.15891 0.742913 0)
(0.184105 0.695496 0)
(0.207517 0.641397 0)
(0.228922 0.58115 0)
(0.248114 0.515344 0)
(0.26491 0.444624 0)
(0.279152 0.36968 0)
(0.29071 0.291241 0)
(0.299482 0.210068 0)
(0.305399 0.126937 0)
(0.308421 0.0426322 0)
(0.308532 -0.0420663 0)
(0.305702 -0.126379 0)
(0.29992 -0.209522 0)
(0.291241 -0.29071 0)
(0.27975 -0.369165 0)
(0.265549 -0.444124 0)
(0.24877 -0.514856 0)
(0.229573 -0.580672 0)
(0.208144 -0.640926 0)
(0.184688 -0.695028 0)
(0.159435 -0.742448 0)
(0.132627 -0.782717 0)
(0.104524 -0.815434 0)
(0.0754014 -0.840271 0)
(0.0455372 -0.856971 0)
(0.0152336 -0.865362 0)
(-0.0152336 -0.865362 0)
(-0.0455372 -0.856971 0)
(-0.0754014 -0.840271 0)
(-0.104524 -0.815434 0)
(-0.132627 -0.782717 0)
(-0.159435 -0.742448 0)
(-0.184688 -0.695028 0)
(-0.208144 -0.640926 0)
(-0.229573 -0.580672 0)
(-0.24877 -0.514856 0)
(-0.265549 -0.444124 0)
(-0.27975 -0.369165 0)
(-0.291241 -0.29071 0)
(-0.29992 -0.209522 0)
(-0.305702 -0.126379 0)
(-0.308532 -0.0420663 0)
(-0.391646 0.0409911 0)
(-0.387825 0.121965 0)
(-0.380311 0.201802 0)
(-0.369165 0.27975 0)
(-0.35448 0.355064 0)
(-0.336386 0.427018 0)
(-0.315052 0.494914 0)
(-0.290677 0.55809 0)
(-0.263495 0.615928 0)
(-0.233764 0.667864 0)
(-0.201772 0.713385 0)
(-0.167825 0.752042 0)
(-0.132251 0.78345 0)
(-0.0953927 0.807292 0)
(-0.0576085 0.823326 0)
(-0.0192658 0.831386 0)
(0.0192658 0.831386 0)
(0.0576085 0.823326 0)
(0.0953927 0.807292 0)
(0.132251 0.78345 0)
(0.167825 0.752042 0)
(0.201772 0.713385 0)
(0.233764 0.667864 0)
(0.263495 0.615928 0)
(0.290677 0.55809 0)
(0.315052 0.494914 0)
(0.336386 0.427018 0)
(0.35448 0.355064 0)
(0.369165 0.27975 0)
(0.380311 0.201802 0)
(0.387825 0.121965 0)
(0.391646 0.0409911 0)
(0.39175 -0.0403646 0)
(0.388111 -0.121345 0)
(0.38073 -0.201192 0)
(0.36968 -0.279152 0)
(0.355064 -0.35448 0)
(0.337017 -0.426445 0)
(0.315704 -0.494351 0)
(0.291329 -0.557533 0)
(0.264126 -0.615376 0)
(0.234356 -0.667314 0)
(0.202307 -0.712835 0)
(0.168288 -0.75149 0)
(0.132628 -0.782896 0)
(0.0956745 -0.806737 0)
(0.057781 -0.822765 0)
(0.0193295 -0.830817 0)
(-0.0193295 -0.830817 0)
(-0.057781 -0.822765 0)
(-0.0956745 -0.806737 0)
(-0.132628 -0.782896 0)
(-0.168288 -0.75149 0)
(-0.202307 -0.712835 0)
(-0.234356 -0.667314 0)
(-0.264126 -0.615376 0)
(-0.291329 -0.557533 0)
(-0.315704 -0.494351 0)
(-0.337017 -0.426445 0)
(-0.355064 -0.35448 0)
(-0.36968 -0.279152 0)
(-0.38073 -0.201192 0)
(-0.388111 -0.121345 0)
(-0.39175 -0.0403646 0)
(-0.471172 0.0389412 0)
(-0.466584 0.1158 0)
(-0.457542 0.191575 0)
(-0.444124 0.265549 0)
(-0.426445 0.337017 0)
(-0.404668 0.405291 0)
(-0.378993 0.46971 0)
(-0.349664 0.52965 0)
(-0.316959 0.584525 0)
(-0.281191 0.633798 0)
(-0.242704 0.676986 0)
(-0.201868 0.71366 0)
(-0.159075 0.743457 0)
(-0.11474 0.766076 0)
(-0.0692915 0.781287 0)
(-0.0231734 0.788935 0)
(0.0231734 0.788935 0)
(0.0692916 0.781287 0)
(0.11474 0.766076 0)
(0.159075 0.743457 0)
(0.201868 0.71366 0)
(0.242704 0.676986 0)
(0.281191 0.633798 0)
(0.316959 0.584525 0)
(0.349664 0.52965 0)
(0.378993 0.46971 0)
(0.404668 0.405291 0)
(0.426445 0.337017 0)
(0.444124 0.265549 0)
(0.457542 0.191575 0)
(0.466584 0.1158 0)
(0.471172 0.0389411 0)
(0.471269 -0.0382824 0)
(0.466856 -0.115146 0)
(0.457946 -0.190928 0)
(0.444624 -0.26491 0)
(0.427018 -0.336386 0)
(0.405291 -0.404668 0)
(0.379643 -0.469093 0)
(0.350319 -0.529036 0)
(0.317598 -0.583911 0)
(0.281795 -0.633182 0)
(0.243254 -0.676366 0)
(0.202347 -0.713035 0)
(0.159469 -0.742827 0)
(0.115036 -0.76544 0)
(0.0694744 -0.780642 0)
(0.0232415 -0.788277 0)
(-0.0232415 -0.788277 0)
(-0.0694744 -0.780642 0)
(-0.115036 -0.76544 0)
(-0.159469 -0.742827 0)
(-0.202347 -0.713035 0)
(-0.243254 -0.676366 0)
(-0.281795 -0.633182 0)
(-0.317598 -0.583911 0)
(-0.350319 -0.529036 0)
(-0.379643 -0.469093 0)
(-0.405291 -0.404668 0)
(-0.427018 -0.336386 0)
(-0.444624 -0.26491 0)
(-0.457946 -0.190928 0)
(-0.466856 -0.115146 0)
(-0.471269 -0.0382824 0)
(-0.546218 0.0365041 0)
(-0.540906 0.108503 0)
(-0.530421 0.179483 0)
(-0.514856 0.24877 0)
(-0.494351 0.315704 0)
(-0.469093 0.379643 0)
(-0.43932 0.439969 0)
(-0.405313 0.496098 0)
(-0.367395 0.547482 0)
(-0.32593 0.593621 0)
(-0.281314 0.63406 0)
(-0.233977 0.6684 0)
(-0.184375 0.696299 0)
(-0.132987 0.717477 0)
(-0.0803096 0.73172 0)
(-0.0268588 0.738881 0)
(0.0268588 0.738881 0)
(0.0803096 0.73172 0)
(0.132987 0.717477 0)
(0.184375 0.696299 0)
(0.233977 0.6684 0)
(0.281314 0.63406 0)
(0.32593 0.593621 0)
(0.367395 0.547482 0)
(0.405313 0.496098 0)
(0.43932 0.439969 0)
(0.469093 0.379643 0)
(0.494351 0.315704 0)
(0.514856 0.24877 0)
(0.530421 0.179483 0)
(0.540906 0.108503 0)
(0.546218 0.0365041 0)
(0.546311 -0.0358373 0)
(0.541167 -0.107839 0)
(0.530812 -0.178823 0)
(0.515344 -0.248114 0)
(0.494914 -0.315052 0)
(0.46971 -0.378993 0)
(0.439969 -0.43932 0)
(0.405972 -0.495447 0)
(0.368044 -0.546827 0)
(0.326547 -0.592958 0)
(0.281881 -0.633389 0)
(0.234476 -0.667719 0)
(0.184788 -0.695608 0)
(0.1333 -0.716776 0)
(0.080505 -0.731005 0)
(0.026932 -0.738148 0)
(-0.026932 -0.738148 0)
(-0.080505 -0.731005 0)
(-0.1333 -0.716776 0)
(-0.184788 -0.695608 0)
(-0.234476 -0.667719 0)
(-0.281881 -0.633389 0)
(-0.326547 -0.592958 0)
(-0.368044 -0.546827 0)
(-0.405972 -0.495446 0)
(-0.439969 -0.43932 0)
(-0.46971 -0.378993 0)
(-0.494914 -0.315052 0)
(-0.515344 -0.248114 0)
(-0.530812 -0.178823 0)
(-0.541167 -0.107839 0)
(-0.546311 -0.0358373 0)
(-0.616048 0.033705 0)
(-0.610063 0.100145 0)
(-0.598235 0.165642 0)
(-0.580672 0.229573 0)
(-0.557533 0.291329 0)
(-0.529036 0.350319 0)
(-0.495446 0.405972 0)
(-0.457084 0.457751 0)
(-0.414315 0.505152 0)
(-0.367546 0.547713 0)
(-0.317228 0.585015 0)
(-0.263843 0.616691 0)
(-0.207906 0.642426 0)
(-0.149957 0.66196 0)
(-0.0905562 0.675097 0)
(-0.0302862 0.681704 0)
(0.0302862 0.681704 0)
(0.0905562 0.675097 0)
(0.149957 0.66196 0)
(0.207906 0.642425 0)
(0.263843 0.616691 0)
(0.317228 0.585015 0)
(0.367546 0.547713 0)
(0.414315 0.505152 0)
(0.457084 0.457751 0)
(0.495447 0.405972 0)
(0.529036 0.350319 0)
(0.557533 0.291329 0)
(0.580672 0.229573 0)
(0.598235 0.165642 0)
(0.610063 0.100145 0)
(0.616048 0.033705 0)
(0.616138 -0.0330515 0)
(0.610315 -0.099493 0)
(0.598615 -0.16499 0)
(0.58115 -0.228922 0)
(0.55809 -0.290677 0)
(0.52965 -0.349664 0)
(0.496098 -0.405313 0)
(0.457751 -0.457084 0)
(0.414976 -0.504476 0)
(0.368181 -0.547024 0)
(0.317816 -0.584313 0)
(0.264364 -0.615973 0)
(0.208342 -0.641692 0)
(0.15029 -0.661211 0)
(0.0907666 -0.674328 0)
(0.0303654 -0.68091 0)
(-0.0303654 -0.68091 0)
(-0.0907666 -0.674328 0)
(-0.15029 -0.661211 0)
(-0.208342 -0.641692 0)
(-0.264364 -0.615973 0)
(-0.317816 -0.584313 0)
(-0.368181 -0.547024 0)
(-0.414976 -0.504476 0)
(-0.457751 -0.457084 0)
(-0.496098 -0.405313 0)
(-0.52965 -0.349664 0)
(-0.55809 -0.290677 0)
(-0.58115 -0.228922 0)
(-0.598615 -0.16499 0)
(-0.610315 -0.099493 0)
(-0.616138 -0.0330515 0)
(-0.67998 0.030572 0)
(-0.673377 0.0908077 0)
(-0.660319 0.150186 0)
(-0.640926 0.208144 0)
(-0.615376 0.264126 0)
(-0.583911 0.317598 0)
(-0.546827 0.368044 0)
(-0.504476 0.414976 0)
(-0.457262 0.457939 0)
(-0.405638 0.496513 0)
(-0.350097 0.530321 0)
(-0.291175 0.559029 0)
(-0.229439 0.582351 0)
(-0.165485 0.600055 0)
(-0.0999321 0.611962 0)
(-0.0334225 0.61795 0)
(0.0334225 0.61795 0)
(0.0999321 0.611962 0)
(0.165485 0.600055 0)
(0.229439 0.582351 0)
(0.291175 0.559029 0)
(0.350097 0.530321 0)
(0.405638 0.496513 0)
(0.457262 0.457939 0)
(0.504476 0.414976 0)
(0.546827 0.368044 0)
(0.583911 0.317598 0)
(0.615376 0.264126 0)
(0.640926 0.208144 0)
(0.660319 0.150186 0)
(0.673377 0.0908077 0)
(0.67998 0.030572 0)
(0.680067 -0.0299507 0)
(0.673623 -0.0901863 0)
(0.660692 -0.149563 0)
(0.641397 -0.207517 0)
(0.615928 -0.263495 0)
(0.584525 -0.316959 0)
(0.547482 -0.367395 0)
(0.505152 -0.414315 0)
(0.457939 -0.457262 0)
(0.406293 -0.495819 0)
(0.350709 -0.529607 0)
(0.291723 -0.558294 0)
(0.229902 -0.581595 0)
(0.165843 -0.599277 0)
(0.10016 -0.611157 0)
(0.0335085 -0.617114 0)
(-0.0335086 -0.617114 0)
(-0.10016 -0.611157 0)
(-0.165843 -0.599277 0)
(-0.229902 -0.581595 0)
(-0.291723 -0.558294 0)
(-0.350709 -0.529607 0)
(-0.406293 -0.495819 0)
(-0.457939 -0.457262 0)
(-0.505152 -0.414315 0)
(-0.547482 -0.367395 0)
(-0.584525 -0.316959 0)
(-0.615928 -0.263495 0)
(-0.641397 -0.207517 0)
(-0.660692 -0.149563 0)
(-0.673623 -0.0901863 0)
(-0.680067 -0.0299507 0)
(-0.737384 0.0271364 0)
(-0.730227 0.0805822 0)
(-0.716065 0.133267 0)
(-0.695028 0.184688 0)
(-0.667314 0.234356 0)
(-0.633182 0.281795 0)
(-0.592958 0.326547 0)
(-0.547024 0.368181 0)
(-0.495819 0.406293 0)
(-0.439833 0.44051 0)
(-0.379603 0.470499 0)
(-0.315709 0.495964 0)
(-0.248766 0.516652 0)
(-0.179421 0.532355 0)
(-0.108346 0.542918 0)
(-0.0362369 0.54823 0)
(0.0362369 0.54823 0)
(0.108346 0.542918 0)
(0.179421 0.532355 0)
(0.248766 0.516652 0)
(0.315709 0.495964 0)
(0.379603 0.470499 0)
(0.439833 0.44051 0)
(0.495819 0.406293 0)
(0.547024 0.368181 0)
(0.592958 0.326547 0)
(0.633182 0.281795 0)
(0.667314 0.234356 0)
(0.695028 0.184688 0)
(0.716065 0.133267 0)
(0.730227 0.0805822 0)
(0.737384 0.0271364 0)
(0.73747 -0.0265639 0)
(0.730469 -0.0800085 0)
(0.716432 -0.132689 0)
(0.695496 -0.184105 0)
(0.667864 -0.233764 0)
(0.633798 -0.281191 0)
(0.593621 -0.32593 0)
(0.547713 -0.367546 0)
(0.496513 -0.405638 0)
(0.44051 -0.439833 0)
(0.380242 -0.469797 0)
(0.316286 -0.495235 0)
(0.249258 -0.515895 0)
(0.179806 -0.531569 0)
(0.108594 -0.542098 0)
(0.036331 -0.547374 0)
(-0.036331 -0.547374 0)
(-0.108594 -0.542098 0)
(-0.179806 -0.531569 0)
(-0.249258 -0.515895 0)
(-0.316286 -0.495235 0)
(-0.380242 -0.469797 0)
(-0.44051 -0.439833 0)
(-0.496513 -0.405638 0)
(-0.547713 -0.367546 0)
(-0.593621 -0.32593 0)
(-0.633798 -0.281191 0)
(-0.667864 -0.233764 0)
(-0.695496 -0.184105 0)
(-0.716432 -0.132689 0)
(-0.730469 -0.0800085 0)
(-0.73747 -0.0265639 0)
(-0.787699 0.0234323 0)
(-0.780056 0.0695684 0)
(-0.764926 0.115047 0)
(-0.742448 0.159435 0)
(-0.712835 0.202307 0)
(-0.676366 0.243254 0)
(-0.633389 0.281881 0)
(-0.584313 0.317816 0)
(-0.529607 0.350709 0)
(-0.469797 0.380242 0)
(-0.405455 0.406124 0)
(-0.337203 0.428102 0)
(-0.265697 0.445956 0)
(-0.191628 0.45951 0)
(-0.115715 0.468627 0)
(-0.0387019 0.473213 0)
(0.0387019 0.473213 0)
(0.115715 0.468627 0)
(0.191628 0.45951 0)
(0.265697 0.445956 0)
(0.337203 0.428102 0)
(0.405455 0.406124 0)
(0.469797 0.380242 0)
(0.529607 0.350709 0)
(0.584313 0.317816 0)
(0.633389 0.281881 0)
(0.676366 0.243254 0)
(0.712835 0.202307 0)
(0.742448 0.159435 0)
(0.764926 0.115047 0)
(0.780056 0.0695684 0)
(0.787699 0.0234323 0)
(0.787783 -0.0229234 0)
(0.780294 -0.0690575 0)
(0.765288 -0.114531 0)
(0.742913 -0.15891 0)
(0.713385 -0.201772 0)
(0.676986 -0.242704 0)
(0.63406 -0.281314 0)
(0.585015 -0.317228 0)
(0.530321 -0.350097 0)
(0.470499 -0.379603 0)
(0.406124 -0.405455 0)
(0.337813 -0.427401 0)
(0.266223 -0.445222 0)
(0.192044 -0.45874 0)
(0.115986 -0.467817 0)
(0.0388053 -0.472361 0)
(-0.0388053 -0.472361 0)
(-0.115986 -0.467817 0)
(-0.192044 -0.45874 0)
(-0.266223 -0.445222 0)
(-0.337813 -0.427401 0)
(-0.406124 -0.405455 0)
(-0.4705 -0.379603 0)
(-0.530321 -0.350097 0)
(-0.585015 -0.317228 0)
(-0.63406 -0.281314 0)
(-0.676986 -0.242704 0)
(-0.713385 -0.201772 0)
(-0.742913 -0.15891 0)
(-0.765288 -0.114531 0)
(-0.780294 -0.0690575 0)
(-0.787783 -0.0229234 0)
(-0.830427 0.0194966 0)
(-0.822371 0.0578741 0)
(-0.806418 0.0957043 0)
(-0.782717 0.132627 0)
(-0.75149 0.168288 0)
(-0.713035 0.202347 0)
(-0.667719 0.234476 0)
(-0.615973 0.264364 0)
(-0.558294 0.291723 0)
(-0.495235 0.316286 0)
(-0.427401 0.337813 0)
(-0.355447 0.356092 0)
(-0.280066 0.370943 0)
(-0.201986 0.382217 0)
(-0.121966 0.389802 0)
(-0.0407929 0.393616 0)
(0.0407929 0.393616 0)
(0.121966 0.389802 0)
(0.201986 0.382217 0)
(0.280066 0.370943 0)
(0.355447 0.356092 0)
(0.427401 0.337813 0)
(0.495235 0.316286 0)
(0.558294 0.291723 0)
(0.615973 0.264364 0)
(0.667719 0.234476 0)
(0.713035 0.202347 0)
(0.75149 0.168288 0)
(0.782717 0.132627 0)
(0.806418 0.0957043 0)
(0.822371 0.0578741 0)
(0.830427 0.0194966 0)
(0.83051 -0.0190633 0)
(0.822607 -0.0574382 0)
(0.806779 -0.0952626 0)
(0.78318 -0.132176 0)
(0.752042 -0.167825 0)
(0.71366 -0.201868 0)
(0.6684 -0.233977 0)
(0.616691 -0.263843 0)
(0.559029 -0.291175 0)
(0.495964 -0.315709 0)
(0.428102 -0.337203 0)
(0.356092 -0.355447 0)
(0.280628 -0.370259 0)
(0.202436 -0.381493 0)
(0.122264 -0.389031 0)
(0.0409072 -0.392801 0)
(-0.0409072 -0.392801 0)
(-0.122265 -0.389031 0)
(-0.202436 -0.381493 0)
(-0.280628 -0.370259 0)
(-0.356092 -0.355447 0)
(-0.428102 -0.337203 0)
(-0.495964 -0.315709 0)
(-0.559029 -0.291175 0)
(-0.616691 -0.263843 0)
(-0.6684 -0.233977 0)
(-0.71366 -0.201868 0)
(-0.752042 -0.167825 0)
(-0.78318 -0.132176 0)
(-0.806779 -0.0952626 0)
(-0.822607 -0.0574382 0)
(-0.83051 -0.0190633 0)
(-0.865144 0.0153674 0)
(-0.856752 0.0456123 0)
(-0.840131 0.0754261 0)
(-0.815434 0.104524 0)
(-0.782896 0.132628 0)
(-0.742827 0.159469 0)
(-0.695608 0.184788 0)
(-0.641692 0.208342 0)
(-0.581595 0.229902 0)
(-0.515895 0.249258 0)
(-0.445222 0.266223 0)
(-0.370259 0.280628 0)
(-0.29173 0.292332 0)
(-0.210392 0.301219 0)
(-0.127038 0.307198 0)
(-0.0424888 0.310205 0)
(0.0424889 0.310205 0)
(0.127038 0.307198 0)
(0.210392 0.301219 0)
(0.29173 0.292332 0)
(0.370259 0.280628 0)
(0.445222 0.266223 0)
(0.515895 0.249258 0)
(0.581595 0.229902 0)
(0.641692 0.208342 0)
(0.695608 0.184788 0)
(0.742827 0.159469 0)
(0.782896 0.132628 0)
(0.815434 0.104524 0)
(0.840131 0.0754261 0)
(0.856752 0.0456123 0)
(0.865144 0.0153674 0)
(0.865227 -0.0150211 0)
(0.856986 -0.0452633 0)
(0.84049 -0.0750709 0)
(0.815897 -0.104159 0)
(0.78345 -0.132251 0)
(0.743457 -0.159075 0)
(0.696299 -0.184375 0)
(0.642425 -0.207906 0)
(0.582351 -0.229439 0)
(0.516652 -0.248766 0)
(0.445956 -0.265697 0)
(0.370943 -0.280066 0)
(0.292332 -0.29173 0)
(0.210881 -0.300572 0)
(0.127367 -0.306501 0)
(0.042616 -0.309462 0)
(-0.042616 -0.309462 0)
(-0.127367 -0.306501 0)
(-0.210881 -0.300572 0)
(-0.292333 -0.29173 0)
(-0.370943 -0.280066 0)
(-0.445956 -0.265697 0)
(-0.516652 -0.248766 0)
(-0.582351 -0.229439 0)
(-0.642426 -0.207906 0)
(-0.696299 -0.184375 0)
(-0.743457 -0.159075 0)
(-0.78345 -0.132251 0)
(-0.815897 -0.104159 0)
(-0.84049 -0.0750709 0)
(-0.856986 -0.0452633 0)
(-0.865227 -0.0150211 0)
(-0.891499 0.0110875 0)
(-0.882853 0.0329049 0)
(-0.865724 0.0544113 0)
(-0.840271 0.0754014 0)
(-0.806737 0.0956745 0)
(-0.76544 0.115036 0)
(-0.716776 0.1333 0)
(-0.661211 0.15029 0)
(-0.599277 0.165843 0)
(-0.531569 0.179806 0)
(-0.45874 0.192044 0)
(-0.381493 0.202436 0)
(-0.300572 0.210881 0)
(-0.216761 0.217293 0)
(-0.130879 0.221609 0)
(-0.0437724 0.22378 0)
(0.0437724 0.22378 0)
(0.130879 0.221609 0)
(0.216761 0.217293 0)
(0.300572 0.210881 0)
(0.381493 0.202436 0)
(0.45874 0.192044 0)
(0.531569 0.179806 0)
(0.599277 0.165843 0)
(0.661211 0.15029 0)
(0.716776 0.1333 0)
(0.76544 0.115036 0)
(0.806737 0.0956745 0)
(0.840271 0.0754014 0)
(0.865724 0.0544113 0)
(0.882853 0.0329049 0)
(0.891499 0.0110875 0)
(0.891582 -0.0108332 0)
(0.883085 -0.0326483 0)
(0.866081 -0.0541493 0)
(0.840734 -0.075131 0)
(0.807292 -0.0953927 0)
(0.766076 -0.11474 0)
(0.717477 -0.132987 0)
(0.66196 -0.149957 0)
(0.600055 -0.165485 0)
(0.532355 -0.179421 0)
(0.45951 -0.191628 0)
(0.382217 -0.201986 0)
(0.301219 -0.210392 0)
(0.217293 -0.216761 0)
(0.131243 -0.221028 0)
(0.0439148 -0.223154 0)
(-0.0439148 -0.223154 0)
(-0.131243 -0.221028 0)
(-0.217293 -0.216761 0)
(-0.301219 -0.210392 0)
(-0.382217 -0.201986 0)
(-0.45951 -0.191628 0)
(-0.532355 -0.179421 0)
(-0.600055 -0.165485 0)
(-0.66196 -0.149957 0)
(-0.717477 -0.132987 0)
(-0.766076 -0.11474 0)
(-0.807292 -0.0953927 0)
(-0.840734 -0.075131 0)
(-0.866081 -0.0541493 0)
(-0.883085 -0.0326483 0)
(-0.891582 -0.0108332 0)
(-0.909222 0.0066955 0)
(-0.900404 0.0198717 0)
(-0.882933 0.0328603 0)
(-0.856971 0.0455372 0)
(-0.822765 0.057781 0)
(-0.780642 0.0694744 0)
(-0.731005 0.080505 0)
(-0.674328 0.0907666 0)
(-0.611157 0.10016 0)
(-0.542098 0.108594 0)
(-0.467817 0.115986 0)
(-0.389031 0.122264 0)
(-0.306501 0.127367 0)
(-0.221028 0.131243 0)
(-0.133449 0.133853 0)
(-0.0446306 0.135167 0)
(0.0446306 0.135167 0)
(0.133449 0.133853 0)
(0.221028 0.131243 0)
(0.306501 0.127367 0)
(0.389031 0.122264 0)
(0.467817 0.115986 0)
(0.542098 0.108594 0)
(0.611157 0.10016 0)
(0.674328 0.0907666 0)
(0.731005 0.080505 0)
(0.780642 0.0694744 0)
(0.822765 0.057781 0)
(0.856971 0.0455372 0)
(0.882933 0.0328603 0)
(0.900404 0.0198717 0)
(0.909222 0.0066955 0)
(0.909304 -0.00654302 0)
(0.900636 -0.0197176 0)
(0.88329 -0.0327022 0)
(0.857436 -0.0453729 0)
(0.823326 -0.0576085 0)
(0.781287 -0.0692915 0)
(0.73172 -0.0803096 0)
(0.675097 -0.0905562 0)
(0.611962 -0.0999321 0)
(0.542918 -0.108346 0)
(0.468627 -0.115715 0)
(0.389802 -0.121966 0)
(0.307198 -0.127038 0)
(0.221609 -0.130879 0)
(0.133853 -0.133449 0)
(0.0447902 -0.134726 0)
(-0.0447902 -0.134726 0)
(-0.133853 -0.133449 0)
(-0.221609 -0.130879 0)
(-0.307198 -0.127038 0)
(-0.389802 -0.121966 0)
(-0.468627 -0.115715 0)
(-0.542918 -0.108346 0)
(-0.611962 -0.0999321 0)
(-0.675097 -0.0905562 0)
(-0.73172 -0.0803096 0)
(-0.781287 -0.0692915 0)
(-0.823326 -0.0576085 0)
(-0.857436 -0.0453729 0)
(-0.88329 -0.0327022 0)
(-0.900636 -0.0197176 0)
(-0.909304 -0.00654302 0)
(-0.91813 0.00224105 0)
(-0.909225 0.00664828 0)
(-0.891581 0.010993 0)
(-0.865362 0.0152336 0)
(-0.830817 0.0193295 0)
(-0.788277 0.0232415 0)
(-0.738148 0.026932 0)
(-0.68091 0.0303654 0)
(-0.617114 0.0335085 0)
(-0.547374 0.036331 0)
(-0.472361 0.0388053 0)
(-0.392801 0.0409072 0)
(-0.309462 0.042616 0)
(-0.223155 0.0439148 0)
(-0.134726 0.0447902 0)
(-0.0450561 0.0452314 0)
(0.0450561 0.0452314 0)
(0.134726 0.0447902 0)
(0.223155 0.0439148 0)
(0.309462 0.042616 0)
(0.392801 0.0409072 0)
(0.472361 0.0388053 0)
(0.547374 0.036331 0)
(0.617114 0.0335085 0)
(0.68091 0.0303654 0)
(0.738148 0.026932 0)
(0.788277 0.0232415 0)
(0.830817 0.0193295 0)
(0.865362 0.0152336 0)
(0.891581 0.010993 0)
(0.909225 0.00664828 0)
(0.91813 0.00224105 0)
(0.918212 -0.00218674 0)
(0.909458 -0.006593 0)
(0.89194 -0.0109357 0)
(0.865832 -0.0151735 0)
(0.831386 -0.0192658 0)
(0.788935 -0.0231734 0)
(0.738881 -0.0268588 0)
(0.681704 -0.0302862 0)
(0.61795 -0.0334225 0)
(0.54823 -0.0362369 0)
(0.473213 -0.0387019 0)
(0.393616 -0.0407929 0)
(0.310205 -0.0424888 0)
(0.22378 -0.0437724 0)
(0.135167 -0.0446306 0)
(0.0452314 -0.0450561 0)
(-0.0452314 -0.0450561 0)
(-0.135167 -0.0446305 0)
(-0.22378 -0.0437724 0)
(-0.310205 -0.0424888 0)
(-0.393616 -0.0407929 0)
(-0.473213 -0.0387019 0)
(-0.54823 -0.0362369 0)
(-0.61795 -0.0334225 0)
(-0.681704 -0.0302862 0)
(-0.738881 -0.0268588 0)
(-0.788935 -0.0231734 0)
(-0.831386 -0.0192658 0)
(-0.865832 -0.0151735 0)
(-0.89194 -0.0109357 0)
(-0.909458 -0.006593 0)
(-0.918212 -0.00218675 0)
(-0.91813 -0.00224105 0)
(-0.909225 -0.00664828 0)
(-0.891581 -0.010993 0)
(-0.865362 -0.0152336 0)
(-0.830817 -0.0193295 0)
(-0.788277 -0.0232415 0)
(-0.738148 -0.026932 0)
(-0.68091 -0.0303654 0)
(-0.617114 -0.0335086 0)
(-0.547374 -0.036331 0)
(-0.472361 -0.0388053 0)
(-0.392801 -0.0409072 0)
(-0.309462 -0.042616 0)
(-0.223155 -0.0439148 0)
(-0.134726 -0.0447902 0)
(-0.0450561 -0.0452314 0)
(0.0450561 -0.0452314 0)
(0.134726 -0.0447902 0)
(0.223155 -0.0439148 0)
(0.309462 -0.042616 0)
(0.392801 -0.0409072 0)
(0.472361 -0.0388053 0)
(0.547374 -0.036331 0)
(0.617114 -0.0335086 0)
(0.68091 -0.0303654 0)
(0.738148 -0.026932 0)
(0.788277 -0.0232415 0)
(0.830817 -0.0193295 0)
(0.865362 -0.0152336 0)
(0.891581 -0.010993 0)
(0.909225 -0.00664828 0)
(0.91813 -0.00224104 0)
(0.918212 0.00218675 0)
(0.909458 0.00659301 0)
(0.89194 0.0109357 0)
(0.865832 0.0151735 0)
(0.831386 0.0192658 0)
(0.788935 0.0231734 0)
(0.738881 0.0268588 0)
(0.681704 0.0302862 0)
(0.61795 0.0334225 0)
(0.54823 0.0362369 0)
(0.473213 0.0387019 0)
(0.393616 0.0407929 0)
(0.310205 0.0424889 0)
(0.22378 0.0437724 0)
(0.135167 0.0446306 0)
(0.0452314 0.0450561 0)
(-0.0452314 0.0450561 0)
(-0.135167 0.0446306 0)
(-0.22378 0.0437724 0)
(-0.310205 0.0424889 0)
(-0.393616 0.0407929 0)
(-0.473213 0.0387019 0)
(-0.54823 0.0362369 0)
(-0.61795 0.0334225 0)
(-0.681704 0.0302862 0)
(-0.738881 0.0268588 0)
(-0.788935 0.0231734 0)
(-0.831386 0.0192658 0)
(-0.865832 0.0151735 0)
(-0.89194 0.0109357 0)
(-0.909458 0.006593 0)
(-0.918212 0.00218675 0)
(-0.909222 -0.0066955 0)
(-0.900404 -0.0198718 0)
(-0.882933 -0.0328604 0)
(-0.856971 -0.0455372 0)
(-0.822765 -0.057781 0)
(-0.780642 -0.0694744 0)
(-0.731005 -0.080505 0)
(-0.674328 -0.0907666 0)
(-0.611157 -0.10016 0)
(-0.542098 -0.108594 0)
(-0.467817 -0.115986 0)
(-0.389031 -0.122265 0)
(-0.306501 -0.127367 0)
(-0.221028 -0.131243 0)
(-0.133449 -0.133853 0)
(-0.0446306 -0.135167 0)
(0.0446306 -0.135167 0)
(0.133449 -0.133853 0)
(0.221028 -0.131243 0)
(0.306501 -0.127367 0)
(0.389031 -0.122264 0)
(0.467817 -0.115986 0)
(0.542098 -0.108594 0)
(0.611157 -0.10016 0)
(0.674328 -0.0907666 0)
(0.731005 -0.080505 0)
(0.780642 -0.0694744 0)
(0.822765 -0.057781 0)
(0.856971 -0.0455372 0)
(0.882933 -0.0328603 0)
(0.900404 -0.0198717 0)
(0.909222 -0.00669549 0)
(0.909304 0.00654302 0)
(0.900636 0.0197176 0)
(0.88329 0.0327022 0)
(0.857436 0.0453729 0)
(0.823326 0.0576085 0)
(0.781287 0.0692916 0)
(0.73172 0.0803096 0)
(0.675097 0.0905562 0)
(0.611962 0.0999321 0)
(0.542918 0.108346 0)
(0.468627 0.115715 0)
(0.389802 0.121966 0)
(0.307198 0.127038 0)
(0.221609 0.130879 0)
(0.133853 0.133449 0)
(0.0447902 0.134726 0)
(-0.0447902 0.134726 0)
(-0.133853 0.133449 0)
(-0.221609 0.130879 0)
(-0.307198 0.127038 0)
(-0.389802 0.121966 0)
(-0.468627 0.115715 0)
(-0.542918 0.108346 0)
(-0.611962 0.0999321 0)
(-0.675097 0.0905562 0)
(-0.73172 0.0803096 0)
(-0.781287 0.0692915 0)
(-0.823326 0.0576085 0)
(-0.857436 0.0453729 0)
(-0.88329 0.0327022 0)
(-0.900636 0.0197176 0)
(-0.909304 0.00654302 0)
(-0.891499 -0.0110875 0)
(-0.882853 -0.0329049 0)
(-0.865724 -0.0544113 0)
(-0.840271 -0.0754014 0)
(-0.806737 -0.0956745 0)
(-0.76544 -0.115036 0)
(-0.716776 -0.1333 0)
(-0.661211 -0.15029 0)
(-0.599277 -0.165843 0)
(-0.531569 -0.179806 0)
(-0.45874 -0.192044 0)
(-0.381493 -0.202436 0)
(-0.300572 -0.210881 0)
(-0.216761 -0.217293 0)
(-0.130879 -0.221609 0)
(-0.0437724 -0.22378 0)
(0.0437724 -0.22378 0)
(0.130879 -0.221609 0)
(0.216761 -0.217293 0)
(0.300572 -0.210881 0)
(0.381493 -0.202436 0)
(0.45874 -0.192044 0)
(0.531569 -0.179806 0)
(0.599277 -0.165843 0)
(0.661211 -0.15029 0)
(0.716776 -0.1333 0)
(0.76544 -0.115036 0)
(0.806737 -0.0956745 0)
(0.840271 -0.0754014 0)
(0.865724 -0.0544113 0)
(0.882853 -0.0329049 0)
(0.891499 -0.0110875 0)
(0.891582 0.0108332 0)
(0.883085 0.0326483 0)
(0.866081 0.0541493 0)
(0.840734 0.075131 0)
(0.807292 0.0953927 0)
(0.766076 0.11474 0)
(0.717477 0.132987 0)
(0.66196 0.149957 0)
(0.600055 0.165485 0)
(0.532355 0.179421 0)
(0.45951 0.191628 0)
(0.382217 0.201986 0)
(0.301219 0.210392 0)
(0.217293 0.216761 0)
(0.131243 0.221028 0)
(0.0439148 0.223155 0)
(-0.0439148 0.223155 0)
(-0.131243 0.221028 0)
(-0.217293 0.216761 0)
(-0.301219 0.210392 0)
(-0.382217 0.201986 0)
(-0.45951 0.191628 0)
(-0.532355 0.179421 0)
(-0.600055 0.165485 0)
(-0.66196 0.149957 0)
(-0.717477 0.132987 0)
(-0.766076 0.11474 0)
(-0.807292 0.0953927 0)
(-0.840734 0.075131 0)
(-0.866081 0.0541493 0)
(-0.883085 0.0326483 0)
(-0.891582 0.0108332 0)
(-0.865144 -0.0153674 0)
(-0.856752 -0.0456123 0)
(-0.840131 -0.0754261 0)
(-0.815434 -0.104524 0)
(-0.782896 -0.132628 0)
(-0.742827 -0.159469 0)
(-0.695608 -0.184788 0)
(-0.641692 -0.208342 0)
(-0.581595 -0.229902 0)
(-0.515895 -0.249258 0)
(-0.445222 -0.266223 0)
(-0.370259 -0.280628 0)
(-0.29173 -0.292333 0)
(-0.210392 -0.301219 0)
(-0.127038 -0.307198 0)
(-0.0424888 -0.310205 0)
(0.0424889 -0.310205 0)
(0.127038 -0.307198 0)
(0.210392 -0.301219 0)
(0.29173 -0.292333 0)
(0.370259 -0.280628 0)
(0.445222 -0.266223 0)
(0.515895 -0.249258 0)
(0.581595 -0.229902 0)
(0.641692 -0.208342 0)
(0.695608 -0.184788 0)
(0.742827 -0.159469 0)
(0.782896 -0.132628 0)
(0.815434 -0.104524 0)
(0.840131 -0.0754261 0)
(0.856752 -0.0456123 0)
(0.865144 -0.0153674 0)
(0.865227 0.0150211 0)
(0.856986 0.0452633 0)
(0.84049 0.0750709 0)
(0.815897 0.104159 0)
(0.78345 0.132251 0)
(0.743457 0.159075 0)
(0.696299 0.184375 0)
(0.642425 0.207906 0)
(0.582351 0.229439 0)
(0.516652 0.248766 0)
(0.445956 0.265697 0)
(0.370943 0.280066 0)
(0.292332 0.29173 0)
(0.210881 0.300572 0)
(0.127367 0.306501 0)
(0.042616 0.309462 0)
(-0.042616 0.309462 0)
(-0.127367 0.306501 0)
(-0.210881 0.300572 0)
(-0.292333 0.29173 0)
(-0.370943 0.280066 0)
(-0.445956 0.265697 0)
(-0.516652 0.248766 0)
(-0.582351 0.229439 0)
(-0.642426 0.207906 0)
(-0.696299 0.184375 0)
(-0.743457 0.159075 0)
(-0.78345 0.132251 0)
(-0.815897 0.104159 0)
(-0.84049 0.0750709 0)
(-0.856986 0.0452633 0)
(-0.865227 0.0150211 0)
(-0.830427 -0.0194966 0)
(-0.822371 -0.0578741 0)
(-0.806418 -0.0957043 0)
(-0.782717 -0.132627 0)
(-0.75149 -0.168288 0)
(-0.713035 -0.202347 0)
(-0.667719 -0.234476 0)
(-0.615973 -0.264364 0)
(-0.558294 -0.291723 0)
(-0.495235 -0.316286 0)
(-0.427401 -0.337813 0)
(-0.355447 -0.356092 0)
(-0.280066 -0.370943 0)
(-0.201986 -0.382217 0)
(-0.121966 -0.389802 0)
(-0.0407929 -0.393616 0)
(0.0407929 -0.393616 0)
(0.121966 -0.389802 0)
(0.201986 -0.382217 0)
(0.280066 -0.370943 0)
(0.355447 -0.356092 0)
(0.427401 -0.337813 0)
(0.495235 -0.316286 0)
(0.558294 -0.291723 0)
(0.615973 -0.264364 0)
(0.667719 -0.234476 0)
(0.713035 -0.202347 0)
(0.75149 -0.168288 0)
(0.782717 -0.132627 0)
(0.806418 -0.0957043 0)
(0.822371 -0.0578741 0)
(0.830427 -0.0194966 0)
(0.83051 0.0190633 0)
(0.822607 0.0574382 0)
(0.806779 0.0952626 0)
(0.78318 0.132176 0)
(0.752042 0.167825 0)
(0.71366 0.201868 0)
(0.6684 0.233977 0)
(0.616691 0.263843 0)
(0.559029 0.291175 0)
(0.495964 0.315709 0)
(0.428102 0.337203 0)
(0.356092 0.355447 0)
(0.280628 0.370259 0)
(0.202436 0.381493 0)
(0.122264 0.389031 0)
(0.0409072 0.392801 0)
(-0.0409072 0.392801 0)
(-0.122265 0.389031 0)
(-0.202436 0.381493 0)
(-0.280628 0.370259 0)
(-0.356092 0.355447 0)
(-0.428102 0.337203 0)
(-0.495964 0.315709 0)
(-0.559029 0.291175 0)
(-0.616691 0.263843 0)
(-0.6684 0.233977 0)
(-0.71366 0.201868 0)
(-0.752042 0.167825 0)
(-0.78318 0.132176 0)
(-0.806779 0.0952626 0)
(-0.822607 0.0574382 0)
(-0.83051 0.0190633 0)
(-0.787699 -0.0234323 0)
(-0.780056 -0.0695684 0)
(-0.764926 -0.115047 0)
(-0.742448 -0.159435 0)
(-0.712835 -0.202307 0)
(-0.676366 -0.243254 0)
(-0.633389 -0.281881 0)
(-0.584313 -0.317816 0)
(-0.529607 -0.350709 0)
(-0.469797 -0.380242 0)
(-0.405455 -0.406124 0)
(-0.337203 -0.428102 0)
(-0.265697 -0.445956 0)
(-0.191628 -0.45951 0)
(-0.115715 -0.468627 0)
(-0.0387019 -0.473213 0)
(0.0387019 -0.473213 0)
(0.115715 -0.468627 0)
(0.191628 -0.45951 0)
(0.265697 -0.445956 0)
(0.337203 -0.428102 0)
(0.405455 -0.406124 0)
(0.469797 -0.380242 0)
(0.529607 -0.350709 0)
(0.584313 -0.317816 0)
(0.633389 -0.281881 0)
(0.676366 -0.243254 0)
(0.712835 -0.202307 0)
(0.742448 -0.159435 0)
(0.764926 -0.115047 0)
(0.780056 -0.0695684 0)
(0.787699 -0.0234323 0)
(0.787783 0.0229234 0)
(0.780294 0.0690575 0)
(0.765288 0.114531 0)
(0.742913 0.15891 0)
(0.713385 0.201772 0)
(0.676986 0.242704 0)
(0.63406 0.281314 0)
(0.585015 0.317228 0)
(0.530321 0.350097 0)
(0.470499 0.379603 0)
(0.406124 0.405455 0)
(0.337813 0.427401 0)
(0.266223 0.445222 0)
(0.192044 0.45874 0)
(0.115986 0.467817 0)
(0.0388053 0.472361 0)
(-0.0388053 0.472361 0)
(-0.115986 0.467817 0)
(-0.192044 0.45874 0)
(-0.266223 0.445222 0)
(-0.337813 0.427401 0)
(-0.406124 0.405455 0)
(-0.4705 0.379603 0)
(-0.530321 0.350097 0)
(-0.585015 0.317228 0)
(-0.63406 0.281314 0)
(-0.676986 0.242704 0)
(-0.713385 0.201772 0)
(-0.742913 0.15891 0)
(-0.765288 0.114531 0)
(-0.780294 0.0690575 0)
(-0.787783 0.0229234 0)
(-0.737384 -0.0271364 0)
(-0.730227 -0.0805822 0)
(-0.716065 -0.133267 0)
(-0.695028 -0.184688 0)
(-0.667314 -0.234356 0)
(-0.633182 -0.281795 0)
(-0.592958 -0.326547 0)
(-0.547024 -0.368181 0)
(-0.495819 -0.406293 0)
(-0.439833 -0.44051 0)
(-0.379603 -0.4705 0)
(-0.315709 -0.495964 0)
(-0.248766 -0.516652 0)
(-0.179421 -0.532355 0)
(-0.108346 -0.542918 0)
(-0.0362369 -0.54823 0)
(0.0362369 -0.54823 0)
(0.108346 -0.542918 0)
(0.179421 -0.532355 0)
(0.248766 -0.516652 0)
(0.315709 -0.495964 0)
(0.379603 -0.4705 0)
(0.439833 -0.44051 0)
(0.495819 -0.406293 0)
(0.547024 -0.368181 0)
(0.592958 -0.326547 0)
(0.633182 -0.281795 0)
(0.667314 -0.234356 0)
(0.695028 -0.184688 0)
(0.716065 -0.133267 0)
(0.730227 -0.0805822 0)
(0.737384 -0.0271364 0)
(0.73747 0.0265639 0)
(0.730469 0.0800085 0)
(0.716432 0.132689 0)
(0.695496 0.184105 0)
(0.667864 0.233764 0)
(0.633798 0.281191 0)
(0.593621 0.32593 0)
(0.547713 0.367546 0)
(0.496513 0.405638 0)
(0.44051 0.439833 0)
(0.380242 0.469797 0)
(0.316286 0.495235 0)
(0.249258 0.515895 0)
(0.179806 0.531569 0)
(0.108594 0.542098 0)
(0.036331 0.547374 0)
(-0.036331 0.547374 0)
(-0.108594 0.542098 0)
(-0.179806 0.531569 0)
(-0.249258 0.515895 0)
(-0.316286 0.495235 0)
(-0.380242 0.469797 0)
(-0.44051 0.439833 0)
(-0.496513 0.405638 0)
(-0.547713 0.367546 0)
(-0.593621 0.32593 0)
(-0.633798 0.281191 0)
(-0.667864 0.233764 0)
(-0.695496 0.184105 0)
(-0.716432 0.132689 0)
(-0.730469 0.0800085 0)
(-0.73747 0.0265639 0)
(-0.67998 -0.030572 0)
(-0.673377 -0.0908077 0)
(-0.660319 -0.150186 0)
(-0.640926 -0.208144 0)
(-0.615376 -0.264126 0)
(-0.583911 -0.317598 0)
(-0.546827 -0.368044 0)
(-0.504476 -0.414976 0)
(-0.457262 -0.457939 0)
(-0.405638 -0.496513 0)
(-0.350097 -0.530321 0)
(-0.291175 -0.559029 0)
(-0.229439 -0.582351 0)
(-0.165485 -0.600055 0)
(-0.0999321 -0.611962 0)
(-0.0334225 -0.61795 0)
(0.0334225 -0.61795 0)
(0.0999321 -0.611962 0)
(0.165485 -0.600055 0)
(0.229439 -0.582351 0)
(0.291175 -0.559029 0)
(0.350097 -0.530321 0)
(0.405638 -0.496513 0)
(0.457262 -0.457939 0)
(0.504476 -0.414976 0)
(0.546827 -0.368044 0)
(0.583911 -0.317598 0)
(0.615376 -0.264126 0)
(0.640926 -0.208144 0)
(0.660319 -0.150186 0)
(0.673377 -0.0908077 0)
(0.67998 -0.030572 0)
(0.680067 0.0299507 0)
(0.673623 0.0901863 0)
(0.660691 0.149563 0)
(0.641397 0.207517 0)
(0.615928 0.263495 0)
(0.584525 0.316959 0)
(0.547482 0.367395 0)
(0.505152 0.414315 0)
(0.457939 0.457262 0)
(0.406293 0.495819 0)
(0.350709 0.529607 0)
(0.291723 0.558294 0)
(0.229902 0.581595 0)
(0.165843 0.599277 0)
(0.10016 0.611157 0)
(0.0335085 0.617114 0)
(-0.0335086 0.617114 0)
(-0.10016 0.611157 0)
(-0.165843 0.599277 0)
(-0.229902 0.581595 0)
(-0.291723 0.558294 0)
(-0.350709 0.529607 0)
(-0.406293 0.495819 0)
(-0.457939 0.457262 0)
(-0.505152 0.414315 0)
(-0.547482 0.367395 0)
(-0.584525 0.316959 0)
(-0.615928 0.263495 0)
(-0.641397 0.207517 0)
(-0.660692 0.149563 0)
(-0.673623 0.0901863 0)
(-0.680067 0.0299507 0)
(-0.616048 -0.033705 0)
(-0.610063 -0.100145 0)
(-0.598235 -0.165642 0)
(-0.580672 -0.229573 0)
(-0.557533 -0.291329 0)
(-0.529036 -0.350319 0)
(-0.495446 -0.405972 0)
(-0.457084 -0.457751 0)
(-0.414315 -0.505152 0)
(-0.367546 -0.547713 0)
(-0.317228 -0.585015 0)
(-0.263843 -0.616691 0)
(-0.207906 -0.642426 0)
(-0.149957 -0.66196 0)
(-0.0905562 -0.675097 0)
(-0.0302862 -0.681704 0)
(0.0302862 -0.681704 0)
(0.0905562 -0.675097 0)
(0.149957 -0.66196 0)
(0.207906 -0.642426 0)
(0.263843 -0.616691 0)
(0.317228 -0.585015 0)
(0.367546 -0.547713 0)
(0.414315 -0.505152 0)
(0.457084 -0.457751 0)
(0.495447 -0.405972 0)
(0.529036 -0.350319 0)
(0.557533 -0.291329 0)
(0.580672 -0.229573 0)
(0.598235 -0.165642 0)
(0.610063 -0.100145 0)
(0.616048 -0.033705 0)
(0.616138 0.0330515 0)
(0.610315 0.099493 0)
(0.598615 0.16499 0)
(0.58115 0.228922 0)
(0.55809 0.290677 0)
(0.52965 0.349664 0)
(0.496098 0.405313 0)
(0.457751 0.457084 0)
(0.414976 0.504476 0)
(0.368181 0.547024 0)
(0.317816 0.584313 0)
(0.264364 0.615973 0)
(0.208342 0.641692 0)
(0.15029 0.661211 0)
(0.0907666 0.674328 0)
(0.0303654 0.68091 0)
(-0.0303654 0.68091 0)
(-0.0907666 0.674328 0)
(-0.15029 0.661211 0)
(-0.208342 0.641692 0)
(-0.264364 0.615973 0)
(-0.317816 0.584313 0)
(-0.368181 0.547024 0)
(-0.414976 0.504476 0)
(-0.457751 0.457084 0)
(-0.496098 0.405313 0)
(-0.52965 0.349664 0)
(-0.55809 0.290677 0)
(-0.58115 0.228922 0)
(-0.598615 0.16499 0)
(-0.610315 0.099493 0)
(-0.616138 0.0330515 0)
(-0.546218 -0.0365041 0)
(-0.540906 -0.108503 0)
(-0.530421 -0.179483 0)
(-0.514856 -0.24877 0)
(-0.494351 -0.315704 0)
(-0.469093 -0.379643 0)
(-0.43932 -0.439969 0)
(-0.405313 -0.496098 0)
(-0.367395 -0.547482 0)
(-0.32593 -0.593621 0)
(-0.281314 -0.63406 0)
(-0.233977 -0.6684 0)
(-0.184375 -0.696299 0)
(-0.132987 -0.717477 0)
(-0.0803096 -0.73172 0)
(-0.0268588 -0.738881 0)
(0.0268588 -0.738881 0)
(0.0803096 -0.73172 0)
(0.132987 -0.717477 0)
(0.184375 -0.696299 0)
(0.233977 -0.6684 0)
(0.281314 -0.63406 0)
(0.32593 -0.593621 0)
(0.367395 -0.547482 0)
(0.405313 -0.496098 0)
(0.43932 -0.439969 0)
(0.469093 -0.379643 0)
(0.494351 -0.315704 0)
(0.514856 -0.24877 0)
(0.530421 -0.179483 0)
(0.540906 -0.108503 0)
(0.546218 -0.0365041 0)
(0.546311 0.0358373 0)
(0.541167 0.107839 0)
(0.530812 0.178823 0)
(0.515344 0.248114 0)
(0.494914 0.315052 0)
(0.46971 0.378993 0)
(0.439969 0.43932 0)
(0.405972 0.495447 0)
(0.368044 0.546827 0)
(0.326547 0.592958 0)
(0.281881 0.633389 0)
(0.234476 0.667719 0)
(0.184788 0.695608 0)
(0.1333 0.716776 0)
(0.080505 0.731005 0)
(0.026932 0.738148 0)
(-0.026932 0.738148 0)
(-0.080505 0.731005 0)
(-0.1333 0.716776 0)
(-0.184788 0.695608 0)
(-0.234476 0.667719 0)
(-0.281881 0.633389 0)
(-0.326547 0.592958 0)
(-0.368044 0.546827 0)
(-0.405972 0.495446 0)
(-0.439969 0.43932 0)
(-0.46971 0.378993 0)
(-0.494914 0.315052 0)
(-0.515344 0.248114 0)
(-0.530812 0.178823 0)
(-0.541167 0.107839 0)
(-0.546311 0.0358373 0)
(-0.471172 -0.0389412 0)
(-0.466584 -0.1158 0)
(-0.457542 -0.191575 0)
(-0.444124 -0.265549 0)
(-0.426445 -0.337017 0)
(-0.404668 -0.405291 0)
(-0.378993 -0.46971 0)
(-0.349664 -0.52965 0)
(-0.316959 -0.584525 0)
(-0.281191 -0.633798 0)
(-0.242704 -0.676986 0)
(-0.201868 -0.71366 0)
(-0.159075 -0.743457 0)
(-0.11474 -0.766076 0)
(-0.0692915 -0.781287 0)
(-0.0231734 -0.788935 0)
(0.0231734 -0.788935 0)
(0.0692916 -0.781287 0)
(0.11474 -0.766076 0)
(0.159075 -0.743457 0)
(0.201868 -0.71366 0)
(0.242704 -0.676986 0)
(0.281191 -0.633798 0)
(0.316959 -0.584525 0)
(0.349664 -0.52965 0)
(0.378993 -0.46971 0)
(0.404668 -0.405291 0)
(0.426445 -0.337017 0)
(0.444124 -0.265549 0)
(0.457542 -0.191575 0)
(0.466584 -0.1158 0)
(0.471172 -0.0389411 0)
(0.471269 0.0382824 0)
(0.466856 0.115146 0)
(0.457946 0.190928 0)
(0.444624 0.26491 0)
(0.427018 0.336386 0)
(0.405291 0.404668 0)
(0.379643 0.469093 0)
(0.350319 0.529036 0)
(0.317598 0.583911 0)
(0.281795 0.633182 0)
(0.243254 0.676366 0)
(0.202347 0.713035 0)
(0.159469 0.742827 0)
(0.115036 0.76544 0)
(0.0694744 0.780642 0)
(0.0232415 0.788277 0)
(-0.0232415 0.788277 0)
(-0.0694744 0.780642 0)
(-0.115036 0.76544 0)
(-0.159469 0.742827 0)
(-0.202347 0.713035 0)
(-0.243254 0.676366 0)
(-0.281795 0.633182 0)
(-0.317598 0.583911 0)
(-0.350319 0.529036 0)
(-0.379643 0.469093 0)
(-0.405291 0.404668 0)
(-0.427018 0.336386 0)
(-0.444624 0.26491 0)
(-0.457946 0.190928 0)
(-0.466856 0.115146 0)
(-0.471269 0.0382824 0)
(-0.391646 -0.0409911 0)
(-0.387825 -0.121965 0)
(-0.380311 -0.201802 0)
(-0.369165 -0.27975 0)
(-0.35448 -0.355064 0)
(-0.336386 -0.427018 0)
(-0.315052 -0.494914 0)
(-0.290677 -0.55809 0)
(-0.263495 -0.615928 0)
(-0.233764 -0.667864 0)
(-0.201772 -0.713385 0)
(-0.167825 -0.752042 0)
(-0.132251 -0.78345 0)
(-0.0953926 -0.807292 0)
(-0.0576085 -0.823326 0)
(-0.0192658 -0.831386 0)
(0.0192658 -0.831386 0)
(0.0576085 -0.823326 0)
(0.0953927 -0.807292 0)
(0.132251 -0.78345 0)
(0.167825 -0.752042 0)
(0.201772 -0.713385 0)
(0.233764 -0.667864 0)
(0.263495 -0.615928 0)
(0.290677 -0.55809 0)
(0.315052 -0.494914 0)
(0.336386 -0.427018 0)
(0.35448 -0.355064 0)
(0.369165 -0.27975 0)
(0.380311 -0.201802 0)
(0.387825 -0.121965 0)
(0.391646 -0.0409911 0)
(0.39175 0.0403646 0)
(0.388111 0.121345 0)
(0.38073 0.201192 0)
(0.36968 0.279152 0)
(0.355064 0.35448 0)
(0.337017 0.426445 0)
(0.315704 0.494351 0)
(0.291329 0.557533 0)
(0.264126 0.615376 0)
(0.234356 0.667314 0)
(0.202307 0.712835 0)
(0.168288 0.75149 0)
(0.132628 0.782896 0)
(0.0956745 0.806737 0)
(0.057781 0.822765 0)
(0.0193295 0.830817 0)
(-0.0193295 0.830817 0)
(-0.057781 0.822765 0)
(-0.0956745 0.806737 0)
(-0.132628 0.782896 0)
(-0.168288 0.75149 0)
(-0.202307 0.712835 0)
(-0.234356 0.667314 0)
(-0.264126 0.615376 0)
(-0.291329 0.557533 0)
(-0.315704 0.494351 0)
(-0.337017 0.426445 0)
(-0.355064 0.35448 0)
(-0.36968 0.279152 0)
(-0.38073 0.201192 0)
(-0.388111 0.121345 0)
(-0.39175 0.0403646 0)
(-0.308421 -0.0426322 0)
(-0.305399 -0.126937 0)
(-0.299482 -0.210068 0)
(-0.29071 -0.291241 0)
(-0.279152 -0.36968 0)
(-0.26491 -0.444624 0)
(-0.248114 -0.515344 0)
(-0.228922 -0.58115 0)
(-0.207517 -0.641397 0)
(-0.184105 -0.695496 0)
(-0.15891 -0.742913 0)
(-0.132176 -0.78318 0)
(-0.104159 -0.815897 0)
(-0.075131 -0.840734 0)
(-0.0453729 -0.857436 0)
(-0.0151735 -0.865832 0)
(0.0151735 -0.865832 0)
(0.0453729 -0.857436 0)
(0.075131 -0.840734 0)
(0.104159 -0.815897 0)
(0.132176 -0.78318 0)
(0.15891 -0.742913 0)
(0.184105 -0.695496 0)
(0.207517 -0.641397 0)
(0.228922 -0.58115 0)
(0.248114 -0.515344 0)
(0.26491 -0.444624 0)
(0.279152 -0.36968 0)
(0.29071 -0.291241 0)
(0.299482 -0.210068 0)
(0.305399 -0.126937 0)
(0.308421 -0.0426322 0)
(0.308532 0.0420664 0)
(0.305702 0.126379 0)
(0.29992 0.209522 0)
(0.291241 0.29071 0)
(0.27975 0.369165 0)
(0.265549 0.444124 0)
(0.24877 0.514856 0)
(0.229573 0.580672 0)
(0.208144 0.640926 0)
(0.184688 0.695028 0)
(0.159435 0.742448 0)
(0.132627 0.782717 0)
(0.104524 0.815434 0)
(0.0754014 0.840271 0)
(0.0455372 0.856971 0)
(0.0152336 0.865362 0)
(-0.0152336 0.865362 0)
(-0.0455372 0.856971 0)
(-0.0754014 0.840271 0)
(-0.104524 0.815434 0)
(-0.132627 0.782717 0)
(-0.159435 0.742448 0)
(-0.184688 0.695028 0)
(-0.208144 0.640926 0)
(-0.229573 0.580672 0)
(-0.24877 0.514856 0)
(-0.265549 0.444124 0)
(-0.27975 0.369165 0)
(-0.291241 0.29071 0)
(-0.29992 0.209522 0)
(-0.305702 0.126379 0)
(-0.308532 0.0420663 0)
(-0.222309 -0.0438484 0)
(-0.220113 -0.130672 0)
(-0.215844 -0.216299 0)
(-0.209522 -0.29992 0)
(-0.201192 -0.38073 0)
(-0.190928 -0.457946 0)
(-0.178823 -0.530812 0)
(-0.16499 -0.598615 0)
(-0.149563 -0.660692 0)
(-0.132689 -0.716432 0)
(-0.114531 -0.765288 0)
(-0.0952626 -0.806779 0)
(-0.0750709 -0.84049 0)
(-0.0541493 -0.866081 0)
(-0.0327022 -0.88329 0)
(-0.0109357 -0.89194 0)
(0.0109357 -0.89194 0)
(0.0327022 -0.88329 0)
(0.0541493 -0.866081 0)
(0.0750709 -0.84049 0)
(0.0952626 -0.806779 0)
(0.114531 -0.765288 0)
(0.132689 -0.716432 0)
(0.149563 -0.660691 0)
(0.16499 -0.598615 0)
(0.178823 -0.530812 0)
(0.190928 -0.457946 0)
(0.201192 -0.38073 0)
(0.209522 -0.29992 0)
(0.215844 -0.216299 0)
(0.220113 -0.130672 0)
(0.222309 -0.0438484 0)
(0.22243 0.0433752 0)
(0.220436 0.130206 0)
(0.216299 0.215844 0)
(0.210068 0.299482 0)
(0.201802 0.380311 0)
(0.191575 0.457542 0)
(0.179483 0.530421 0)
(0.165642 0.598235 0)
(0.150186 0.660319 0)
(0.133267 0.716065 0)
(0.115047 0.764926 0)
(0.0957043 0.806418 0)
(0.0754261 0.840131 0)
(0.0544113 0.865724 0)
(0.0328603 0.882933 0)
(0.010993 0.891581 0)
(-0.010993 0.891581 0)
(-0.0328603 0.882933 0)
(-0.0544113 0.865724 0)
(-0.0754261 0.840131 0)
(-0.0957043 0.806418 0)
(-0.115047 0.764926 0)
(-0.133267 0.716065 0)
(-0.150186 0.660319 0)
(-0.165642 0.598235 0)
(-0.179483 0.530421 0)
(-0.191575 0.457542 0)
(-0.201802 0.380311 0)
(-0.210068 0.299482 0)
(-0.216299 0.215844 0)
(-0.220436 0.130206 0)
(-0.22243 0.0433751 0)
(-0.134154 -0.0446281 0)
(-0.132798 -0.133134 0)
(-0.130206 -0.220436 0)
(-0.126379 -0.305702 0)
(-0.121345 -0.388111 0)
(-0.115146 -0.466856 0)
(-0.107839 -0.541167 0)
(-0.099493 -0.610315 0)
(-0.0901863 -0.673623 0)
(-0.0800085 -0.730469 0)
(-0.0690575 -0.780294 0)
(-0.0574382 -0.822607 0)
(-0.0452633 -0.856986 0)
(-0.0326483 -0.883085 0)
(-0.0197176 -0.900636 0)
(-0.006593 -0.909458 0)
(0.00659301 -0.909458 0)
(0.0197176 -0.900636 0)
(0.0326483 -0.883085 0)
(0.0452633 -0.856986 0)
(0.0574382 -0.822607 0)
(0.0690575 -0.780294 0)
(0.0800085 -0.730469 0)
(0.0901863 -0.673623 0)
(0.099493 -0.610315 0)
(0.107839 -0.541167 0)
(0.115146 -0.466856 0)
(0.121345 -0.388111 0)
(0.126379 -0.305702 0)
(0.130206 -0.220436 0)
(0.132798 -0.133134 0)
(0.134154 -0.0446281 0)
(0.134284 0.0442804 0)
(0.133134 0.132798 0)
(0.130672 0.220113 0)
(0.126937 0.305399 0)
(0.121965 0.387825 0)
(0.1158 0.466584 0)
(0.108503 0.540906 0)
(0.100145 0.610063 0)
(0.0908077 0.673377 0)
(0.0805822 0.730227 0)
(0.0695684 0.780056 0)
(0.0578741 0.822371 0)
(0.0456123 0.856752 0)
(0.0329049 0.882853 0)
(0.0198717 0.900404 0)
(0.00664828 0.909225 0)
(-0.00664828 0.909225 0)
(-0.0198717 0.900404 0)
(-0.0329049 0.882853 0)
(-0.0456123 0.856752 0)
(-0.0578741 0.822371 0)
(-0.0695684 0.780056 0)
(-0.0805822 0.730227 0)
(-0.0908077 0.673377 0)
(-0.100145 0.610063 0)
(-0.108503 0.540906 0)
(-0.1158 0.466584 0)
(-0.121965 0.387825 0)
(-0.126937 0.305399 0)
(-0.130672 0.220113 0)
(-0.133134 0.132798 0)
(-0.134284 0.0442803 0)
(-0.0448011 -0.044939 0)
(-0.0442803 -0.134284 0)
(-0.0433751 -0.22243 0)
(-0.0420663 -0.308532 0)
(-0.0403646 -0.39175 0)
(-0.0382824 -0.471269 0)
(-0.0358373 -0.546311 0)
(-0.0330515 -0.616138 0)
(-0.0299507 -0.680067 0)
(-0.0265639 -0.73747 0)
(-0.0229234 -0.787783 0)
(-0.0190633 -0.83051 0)
(-0.0150211 -0.865227 0)
(-0.0108332 -0.891582 0)
(-0.00654302 -0.909304 0)
(-0.00218674 -0.918212 0)
(0.00218675 -0.918212 0)
(0.00654302 -0.909304 0)
(0.0108332 -0.891582 0)
(0.0150211 -0.865227 0)
(0.0190633 -0.83051 0)
(0.0229234 -0.787783 0)
(0.0265639 -0.73747 0)
(0.0299507 -0.680067 0)
(0.0330515 -0.616138 0)
(0.0358373 -0.546311 0)
(0.0382824 -0.471269 0)
(0.0403646 -0.39175 0)
(0.0420663 -0.308532 0)
(0.0433751 -0.22243 0)
(0.0442803 -0.134284 0)
(0.0448011 -0.0449389 0)
(0.044939 0.0448011 0)
(0.0446281 0.134154 0)
(0.0438484 0.222309 0)
(0.0426322 0.308421 0)
(0.0409911 0.391646 0)
(0.0389411 0.471172 0)
(0.0365041 0.546218 0)
(0.033705 0.616048 0)
(0.030572 0.67998 0)
(0.0271364 0.737384 0)
(0.0234323 0.787699 0)
(0.0194966 0.830427 0)
(0.0153674 0.865144 0)
(0.0110875 0.891499 0)
(0.0066955 0.909222 0)
(0.00224105 0.91813 0)
(-0.00224105 0.91813 0)
(-0.0066955 0.909222 0)
(-0.0110875 0.891499 0)
(-0.0153674 0.865144 0)
(-0.0194966 0.830427 0)
(-0.0234323 0.787699 0)
(-0.0271364 0.737384 0)
(-0.030572 0.67998 0)
(-0.033705 0.616048 0)
(-0.0365041 0.546218 0)
(-0.0389411 0.471172 0)
(-0.0409911 0.391646 0)
(-0.0426322 0.308421 0)
(-0.0438484 0.222309 0)
(-0.0446281 0.134154 0)
(-0.044939 0.0448011 0)
)
;

boundaryField
{
    top
    {
        type            cyclic;
    }
    bottom
    {
        type            cyclic;
    }
    left
    {
        type            cyclic;
    }
    right
    {
        type            cyclic;
    }
    frontAndBack
    {
        type            empty;
    }
}


// ************************************************************************* //
