/*--------------------------------*- C++ -*----------------------------------*\
  =========                 |
  \\      /  F ield         | OpenFOAM: The Open Source CFD Toolbox
   \\    /   O peration     | Website:  https://openfoam.org
    \\  /    A nd           | Version:  11
     \\/     M anipulation  |
\*---------------------------------------------------------------------------*/
FoamFile
{
    format      ascii;
    class       volScalarField;
    location    "11";
    object      p;
}
// * * * * * * * * * * * * * * * * * * * * * * * * * * * * * * * * * * * * * //

dimensions      [0 2 -2 0 0 0 0];

internalField   nonuniform List<scalar> 
8400
(
-0.114108
-0.115539
-0.11712
-0.11856
-0.119982
-0.121457
-0.122971
-0.124509
-0.126069
-0.127655
-0.129272
-0.130921
-0.132607
-0.134335
-0.136113
-0.137947
-0.139851
-0.14184
-0.143911
-0.146345
-0.114005
-0.115522
-0.117157
-0.118582
-0.119985
-0.121458
-0.122977
-0.124516
-0.126075
-0.127662
-0.129278
-0.130928
-0.132615
-0.134344
-0.136122
-0.137956
-0.139858
-0.141831
-0.143837
-0.145682
-0.113901
-0.115491
-0.117187
-0.118601
-0.119976
-0.121442
-0.122964
-0.124503
-0.126059
-0.127642
-0.129255
-0.130901
-0.132583
-0.134305
-0.136073
-0.137891
-0.139762
-0.14167
-0.143517
-0.145057
-0.113783
-0.115425
-0.117182
-0.118603
-0.119956
-0.12141
-0.122932
-0.12447
-0.126021
-0.127596
-0.129201
-0.130838
-0.132509
-0.134215
-0.135961
-0.137748
-0.139565
-0.141377
-0.143065
-0.144384
-0.113654
-0.115334
-0.117146
-0.118583
-0.119918
-0.121356
-0.122874
-0.124408
-0.12595
-0.127514
-0.129107
-0.130728
-0.132379
-0.134061
-0.135773
-0.137511
-0.139257
-0.140961
-0.142503
-0.143672
-0.113517
-0.115223
-0.117078
-0.118532
-0.119855
-0.121277
-0.122787
-0.124315
-0.125846
-0.127394
-0.128969
-0.130569
-0.132193
-0.13384
-0.135508
-0.137186
-0.138851
-0.140446
-0.141863
-0.142935
-0.113372
-0.115097
-0.116983
-0.118454
-0.119768
-0.121174
-0.122674
-0.124193
-0.125709
-0.127238
-0.128789
-0.130362
-0.131953
-0.133558
-0.135173
-0.136785
-0.138365
-0.139858
-0.141173
-0.142181
-0.113224
-0.114961
-0.116868
-0.11835
-0.119658
-0.12105
-0.122537
-0.124043
-0.125543
-0.12705
-0.128574
-0.130115
-0.131667
-0.133226
-0.134783
-0.136325
-0.137822
-0.139224
-0.140455
-0.141421
-0.113074
-0.114819
-0.116739
-0.118227
-0.119529
-0.120908
-0.122381
-0.123873
-0.125354
-0.126837
-0.128332
-0.129837
-0.131348
-0.132856
-0.134355
-0.135827
-0.137246
-0.138568
-0.139733
-0.140671
-0.112929
-0.114679
-0.116603
-0.118092
-0.119386
-0.120754
-0.122214
-0.123689
-0.12515
-0.126608
-0.128072
-0.129542
-0.131009
-0.132467
-0.133907
-0.135314
-0.136662
-0.137916
-0.139028
-0.139948
-0.112794
-0.114544
-0.116467
-0.11795
-0.119237
-0.120595
-0.122041
-0.123501
-0.124941
-0.126373
-0.127807
-0.129241
-0.130666
-0.132075
-0.13346
-0.134806
-0.136093
-0.137289
-0.13836
-0.139269
-0.112674
-0.114422
-0.116335
-0.117807
-0.119087
-0.120438
-0.121872
-0.123315
-0.124735
-0.126143
-0.127549
-0.128948
-0.130334
-0.131698
-0.133033
-0.134326
-0.135558
-0.136708
-0.137747
-0.13865
-0.112576
-0.114317
-0.116214
-0.117671
-0.118943
-0.120289
-0.121714
-0.123141
-0.124542
-0.125929
-0.127308
-0.128677
-0.130027
-0.131351
-0.132642
-0.133889
-0.135078
-0.13619
-0.137206
-0.138106
-0.112505
-0.114233
-0.116106
-0.117544
-0.118811
-0.120156
-0.121573
-0.122986
-0.124371
-0.125738
-0.127096
-0.128438
-0.129757
-0.131048
-0.132302
-0.133512
-0.134666
-0.135749
-0.136748
-0.137648
-0.112464
-0.114174
-0.116013
-0.117429
-0.118697
-0.120044
-0.121455
-0.122855
-0.124227
-0.12558
-0.126919
-0.12824
-0.129535
-0.130798
-0.132024
-0.133205
-0.134332
-0.135395
-0.136381
-0.137283
-0.112456
-0.11414
-0.115934
-0.11733
-0.118604
-0.119958
-0.121363
-0.122754
-0.124115
-0.125457
-0.126784
-0.128088
-0.129365
-0.130608
-0.131813
-0.132974
-0.134082
-0.13513
-0.136109
-0.137014
-0.112483
-0.114128
-0.115866
-0.117246
-0.118534
-0.119898
-0.121299
-0.122681
-0.124037
-0.125373
-0.126691
-0.127984
-0.129248
-0.130478
-0.13167
-0.132817
-0.133913
-0.134953
-0.135929
-0.136836
-0.112539
-0.114132
-0.115809
-0.117182
-0.118492
-0.119865
-0.121261
-0.122638
-0.123991
-0.125324
-0.126637
-0.127925
-0.129182
-0.130405
-0.131589
-0.132729
-0.13382
-0.134856
-0.135831
-0.136741
-0.112614
-0.114133
-0.115751
-0.117136
-0.118474
-0.119853
-0.121245
-0.122619
-0.123971
-0.125304
-0.126615
-0.1279
-0.129154
-0.130375
-0.131556
-0.132693
-0.133782
-0.134817
-0.135792
-0.136704
-0.112714
-0.114146
-0.115713
-0.117115
-0.118474
-0.119856
-0.121245
-0.122619
-0.123974
-0.125308
-0.12662
-0.127906
-0.129161
-0.130383
-0.131566
-0.132705
-0.133796
-0.134833
-0.135811
-0.136726
-0.145815
-0.144124
-0.143909
-0.143972
-0.143922
-0.14388
-0.143874
-0.143878
-0.143879
-0.14388
-0.143882
-0.143886
-0.143889
-0.143891
-0.143892
-0.143892
-0.143889
-0.143886
-0.14388
-0.143872
-0.143861
-0.143849
-0.143834
-0.143817
-0.143797
-0.143775
-0.143749
-0.143721
-0.14369
-0.143656
-0.143619
-0.143579
-0.143535
-0.143489
-0.143439
-0.143387
-0.143332
-0.143274
-0.143214
-0.143152
-0.143089
-0.143025
-0.142959
-0.142892
-0.142822
-0.142748
-0.142667
-0.142576
-0.142472
-0.142351
-0.142209
-0.142046
-0.141862
-0.141663
-0.141458
-0.141263
-0.141099
-0.140989
-0.140954
-0.141014
-0.141174
-0.141423
-0.141729
-0.142039
-0.142277
-0.142358
-0.142196
-0.14172
-0.140892
-0.13972
-0.138273
-0.136685
-0.135151
-0.133904
-0.13317
-0.133115
-0.133777
-0.135036
-0.136618
-0.138151
-0.139247
-0.139585
-0.138958
-0.137282
-0.134573
-0.130918
-0.126449
-0.121326
-0.115719
-0.109803
-0.103755
-0.0977458
-0.091937
-0.0864784
-0.0815003
-0.0771084
-0.0733773
-0.0703465
-0.0680184
-0.0663597
-0.065306
-0.0647698
-0.0646501
-0.0648421
-0.065247
-0.0657782
-0.0663655
-0.0669565
-0.0675151
-0.0680197
-0.0684598
-0.0688328
-0.0691413
-0.0693912
-0.0695896
-0.0697439
-0.0698608
-0.0699462
-0.070005
-0.070041
-0.0700574
-0.0700568
-0.0700412
-0.0700122
-0.0699713
-0.06992
-0.069862
-0.0697845
-0.0697013
-0.0696129
-0.0695164
-0.0694121
-0.0693009
-0.0691834
-0.0690599
-0.0689306
-0.0687953
-0.0686533
-0.0685035
-0.0683441
-0.0681727
-0.0679872
-0.0677855
-0.0675672
-0.0673334
-0.0670882
-0.0668385
-0.0665939
-0.0663665
-0.066169
-0.0660124
-0.0659041
-0.0658445
-0.065825
-0.065826
-0.0658176
-0.0657604
-0.06561
-0.0653221
-0.0648595
-0.0642
-0.0633452
-0.0623275
-0.0612153
-0.0601128
-0.0591491
-0.0584572
-0.0581428
-0.05825
-0.0587368
-0.0594704
-0.0602497
-0.0608472
-0.0610552
-0.06072
-0.0597548
-0.0581364
-0.0558917
-0.0530822
-0.049791
-0.0461121
-0.0421446
-0.0379884
-0.0337418
-0.0295005
-0.0253554
-0.021391
-0.0176834
-0.0142969
-0.0112822
-0.00867304
-0.00648641
-0.0047148
-0.00334846
-0.00230608
-0.00166519
-0.00093872
-0.00143003
0.00119401
-0.00843707
-0.14563
-0.144223
-0.143749
-0.14382
-0.143838
-0.143808
-0.143806
-0.14382
-0.14383
-0.143836
-0.143843
-0.143849
-0.143855
-0.14386
-0.143862
-0.143863
-0.143862
-0.143859
-0.143853
-0.143846
-0.143835
-0.143822
-0.143807
-0.143788
-0.143767
-0.143742
-0.143715
-0.143684
-0.143649
-0.143612
-0.14357
-0.143526
-0.143477
-0.143424
-0.143368
-0.143309
-0.143245
-0.143178
-0.143109
-0.143036
-0.14296
-0.142882
-0.142801
-0.142716
-0.142626
-0.14253
-0.142425
-0.142308
-0.142176
-0.142024
-0.14185
-0.141653
-0.141434
-0.141199
-0.140956
-0.14072
-0.140508
-0.140342
-0.140239
-0.140214
-0.140269
-0.140391
-0.140548
-0.140689
-0.140747
-0.140644
-0.140307
-0.139676
-0.138724
-0.137463
-0.135961
-0.134339
-0.132768
-0.131442
-0.130547
-0.130207
-0.130441
-0.131137
-0.13206
-0.132899
-0.133334
-0.1331
-0.13203
-0.130059
-0.127209
-0.123567
-0.119263
-0.114449
-0.109289
-0.103948
-0.0985899
-0.0933674
-0.0884211
-0.0838732
-0.0798232
-0.0763425
-0.0734713
-0.0712164
-0.0695526
-0.0684266
-0.0677636
-0.0674759
-0.0674719
-0.0676646
-0.0679775
-0.0683488
-0.0687324
-0.069097
-0.0694235
-0.0697029
-0.0699326
-0.0701147
-0.0702537
-0.0703553
-0.0704255
-0.0704698
-0.0704928
-0.0704982
-0.0704888
-0.0704666
-0.0704332
-0.0703898
-0.0703374
-0.0702766
-0.070208
-0.0701319
-0.070047
-0.0699628
-0.0698625
-0.0697597
-0.0696516
-0.0695383
-0.0694197
-0.0692963
-0.0691687
-0.069037
-0.0689009
-0.0687599
-0.0686127
-0.0684573
-0.0682915
-0.0681125
-0.0679182
-0.0677078
-0.0674823
-0.0672459
-0.0670058
-0.0667726
-0.0665593
-0.0663803
-0.0662483
-0.0661724
-0.0661546
-0.0661869
-0.0662498
-0.066312
-0.0663316
-0.0662604
-0.0660493
-0.0656561
-0.0650536
-0.0642398
-0.0632462
-0.0621454
-0.0610522
-0.0601141
-0.0594875
-0.059302
-0.0596183
-0.0603966
-0.061489
-0.0626648
-0.0636616
-0.0642406
-0.0642261
-0.0635201
-0.0620951
-0.0599783
-0.0572331
-0.053944
-0.0502057
-0.0461175
-0.0417796
-0.0372922
-0.0327542
-0.0282627
-0.0239113
-0.0197882
-0.0159726
-0.012532
-0.00951814
-0.00696595
-0.00488436
-0.00327773
-0.00207319
-0.00135537
-0.000623764
-0.00120224
0.00135495
-0.00845354
-0.145245
-0.144261
-0.14374
-0.143766
-0.143809
-0.143778
-0.143762
-0.143772
-0.143786
-0.143796
-0.143805
-0.143814
-0.143822
-0.143828
-0.143832
-0.143834
-0.143834
-0.143831
-0.143825
-0.143816
-0.143804
-0.14379
-0.143772
-0.14375
-0.143725
-0.143697
-0.143664
-0.143628
-0.143588
-0.143544
-0.143495
-0.143442
-0.143384
-0.143322
-0.143254
-0.143183
-0.143106
-0.143024
-0.142938
-0.142848
-0.142753
-0.142653
-0.142548
-0.142436
-0.142317
-0.142189
-0.142049
-0.141894
-0.14172
-0.141525
-0.141305
-0.14106
-0.140791
-0.140502
-0.140203
-0.139906
-0.139626
-0.139381
-0.139184
-0.139048
-0.138969
-0.138936
-0.138915
-0.138862
-0.138714
-0.138406
-0.137874
-0.137072
-0.135978
-0.134611
-0.133035
-0.131357
-0.129724
-0.128295
-0.127218
-0.126584
-0.126399
-0.126561
-0.126873
-0.12708
-0.126924
-0.126193
-0.124755
-0.122566
-0.119655
-0.11611
-0.112052
-0.107626
-0.102982
-0.0982731
-0.0936425
-0.0892222
-0.0851268
-0.0814495
-0.0782581
-0.075592
-0.0734609
-0.0718458
-0.0707026
-0.0699678
-0.069566
-0.0694182
-0.0694489
-0.0695921
-0.0697942
-0.0700155
-0.0702289
-0.0704184
-0.0705758
-0.0706987
-0.0707883
-0.0708476
-0.070881
-0.0708927
-0.070887
-0.0708676
-0.0708372
-0.0707978
-0.0707508
-0.0706969
-0.0706366
-0.0705703
-0.0704982
-0.0704205
-0.0703372
-0.0702484
-0.0701539
-0.0700541
-0.0699515
-0.0698421
-0.0697271
-0.0696086
-0.0694861
-0.0693595
-0.0692299
-0.0690973
-0.0689612
-0.0688213
-0.0686763
-0.0685242
-0.0683623
-0.0681879
-0.0679984
-0.0677927
-0.0675719
-0.06734
-0.0671044
-0.0668766
-0.0666706
-0.0665021
-0.0663857
-0.0663319
-0.0663441
-0.0664155
-0.0665264
-0.0666442
-0.066725
-0.066717
-0.0665668
-0.0662268
-0.0656653
-0.0648758
-0.0638882
-0.0627781
-0.0616704
-0.0607307
-0.0601404
-0.0600549
-0.0605541
-0.0616018
-0.0630344
-0.06459
-0.0659694
-0.0669026
-0.0671941
-0.0667368
-0.0655024
-0.0635206
-0.0608578
-0.0575999
-0.0538415
-0.0496798
-0.0452132
-0.04054
-0.0357595
-0.0309718
-0.0262768
-0.0217725
-0.0175519
-0.0136989
-0.0102839
-0.0073616
-0.00496019
-0.00310102
-0.00172579
-0.000923678
-0.000208431
-0.000844287
0.00145348
-0.00788685
-0.144715
-0.144123
-0.143664
-0.143641
-0.143699
-0.143692
-0.143681
-0.143697
-0.143721
-0.143739
-0.143754
-0.143768
-0.14378
-0.14379
-0.143796
-0.1438
-0.143799
-0.143796
-0.143789
-0.143778
-0.143764
-0.143746
-0.143723
-0.143697
-0.143666
-0.143631
-0.143591
-0.143547
-0.143497
-0.143442
-0.143382
-0.143316
-0.143245
-0.143168
-0.143084
-0.142994
-0.142898
-0.142795
-0.142685
-0.142569
-0.142446
-0.142315
-0.142177
-0.142028
-0.141869
-0.141698
-0.14151
-0.141304
-0.141076
-0.140823
-0.140542
-0.140233
-0.139897
-0.139538
-0.139164
-0.138786
-0.138416
-0.138068
-0.137755
-0.137481
-0.137245
-0.137032
-0.136812
-0.136544
-0.136174
-0.135647
-0.13491
-0.133926
-0.132683
-0.131202
-0.129541
-0.127794
-0.126083
-0.124539
-0.123275
-0.122358
-0.121783
-0.121462
-0.121233
-0.120891
-0.120234
-0.119097
-0.117383
-0.115065
-0.112181
-0.108813
-0.105077
-0.101103
-0.0970282
-0.0929841
-0.0890931
-0.0854619
-0.0821774
-0.0793029
-0.0768765
-0.0749092
-0.073387
-0.0722732
-0.0715144
-0.0710466
-0.0708024
-0.0707176
-0.0707358
-0.0708117
-0.0709115
-0.0710124
-0.0711008
-0.0711696
-0.0712163
-0.0712412
-0.0712461
-0.0712337
-0.0712069
-0.0711687
-0.0711217
-0.0710682
-0.0710098
-0.0709473
-0.0708812
-0.0708113
-0.0707376
-0.0706599
-0.0705781
-0.070492
-0.0704017
-0.0703067
-0.070207
-0.0701029
-0.0699948
-0.0698811
-0.0697646
-0.0696439
-0.0695196
-0.0693913
-0.0692608
-0.0691278
-0.0689921
-0.0688533
-0.06871
-0.0685604
-0.0684014
-0.0682299
-0.0680434
-0.0678402
-0.0676214
-0.0673909
-0.0671565
-0.06693
-0.0667266
-0.0665632
-0.0664557
-0.0664164
-0.0664499
-0.0665503
-0.0666978
-0.0668591
-0.0669879
-0.0670293
-0.0669259
-0.0666254
-0.0660909
-0.0653116
-0.0643149
-0.0631781
-0.0620352
-0.0610697
-0.0604883
-0.0604748
-0.06113
-0.0624222
-0.0641715
-0.0660821
-0.0678168
-0.0690746
-0.069642
-0.069407
-0.0683438
-0.0664877
-0.0639096
-0.0606979
-0.0569463
-0.0527488
-0.0481993
-0.043392
-0.0384232
-0.0333926
-0.0284034
-0.0235607
-0.0189687
-0.014727
-0.0109245
-0.00763636
-0.00491263
-0.00279427
-0.00124369
-0.000352375
0.000323226
-0.000343377
0.00150278
-0.00678488
-0.144105
-0.143826
-0.143493
-0.143456
-0.143528
-0.143557
-0.143566
-0.143592
-0.143627
-0.143658
-0.143682
-0.143704
-0.143722
-0.143736
-0.143746
-0.143752
-0.143753
-0.143749
-0.143741
-0.143727
-0.143709
-0.143686
-0.143658
-0.143624
-0.143585
-0.143541
-0.14349
-0.143434
-0.143371
-0.143302
-0.143226
-0.143143
-0.143053
-0.142955
-0.142849
-0.142735
-0.142613
-0.142481
-0.142341
-0.142191
-0.142031
-0.14186
-0.141677
-0.141482
-0.141272
-0.141045
-0.140798
-0.140528
-0.140232
-0.139908
-0.139552
-0.139165
-0.138746
-0.138301
-0.137834
-0.137356
-0.136877
-0.136407
-0.135956
-0.135526
-0.135113
-0.134703
-0.13427
-0.133775
-0.133176
-0.132425
-0.13148
-0.130315
-0.128924
-0.127328
-0.12558
-0.12376
-0.121968
-0.120308
-0.118868
-0.117694
-0.116776
-0.116039
-0.115354
-0.114562
-0.113507
-0.112068
-0.110176
-0.107822
-0.105048
-0.101933
-0.0985811
-0.0951082
-0.0916314
-0.088261
-0.0850942
-0.0822108
-0.0796695
-0.0775057
-0.0757313
-0.0743356
-0.0732884
-0.072545
-0.0720515
-0.0717514
-0.0715908
-0.0715228
-0.0715095
-0.0715228
-0.0715437
-0.0715606
-0.0715674
-0.0715617
-0.071543
-0.0715122
-0.0714706
-0.0714198
-0.0713614
-0.0712974
-0.0712295
-0.0711591
-0.0710871
-0.0710137
-0.0709386
-0.0708614
-0.0707815
-0.0706986
-0.0706125
-0.0705227
-0.0704291
-0.0703313
-0.0702292
-0.0701229
-0.0700126
-0.0698979
-0.0697794
-0.0696572
-0.0695314
-0.0694034
-0.0692727
-0.0691399
-0.0690049
-0.068867
-0.0687251
-0.0685771
-0.0684201
-0.0682505
-0.0680654
-0.0678633
-0.0676447
-0.0674137
-0.0671783
-0.0669509
-0.0667474
-0.0665858
-0.0664834
-0.0664536
-0.0665023
-0.0666242
-0.0667997
-0.0669944
-0.0671603
-0.0672397
-0.0671712
-0.0668985
-0.0663799
-0.0655999
-0.0645826
-0.0634062
-0.0622124
-0.0612017
-0.0606066
-0.0606407
-0.0614273
-0.0629402
-0.0649816
-0.0672192
-0.0692757
-0.0708197
-0.0716226
-0.0715713
-0.0706467
-0.0688927
-0.0663875
-0.0632225
-0.0594907
-0.0552824
-0.0506854
-0.0457877
-0.0406798
-0.0354581
-0.0302256
-0.0250915
-0.0201687
-0.0155699
-0.0114017
-0.00776014
-0.00471845
-0.00233945
-0.000612055
0.000371348
0.000984767
0.000306853
0.0015264
-0.00524584
-0.143444
-0.143402
-0.14322
-0.143208
-0.143299
-0.143366
-0.143405
-0.143449
-0.143501
-0.143547
-0.143586
-0.143618
-0.143645
-0.143667
-0.143682
-0.14369
-0.143693
-0.143689
-0.143678
-0.143662
-0.143639
-0.14361
-0.143574
-0.143531
-0.143482
-0.143425
-0.143361
-0.14329
-0.143211
-0.143124
-0.143028
-0.142923
-0.142809
-0.142686
-0.142552
-0.142407
-0.142252
-0.142085
-0.141906
-0.141715
-0.14151
-0.14129
-0.141055
-0.140803
-0.140532
-0.140239
-0.139922
-0.139578
-0.139203
-0.138795
-0.138353
-0.137874
-0.13736
-0.136813
-0.13624
-0.135647
-0.135043
-0.134436
-0.133832
-0.133232
-0.132631
-0.132015
-0.131362
-0.13064
-0.129813
-0.128842
-0.127698
-0.12636
-0.124828
-0.123123
-0.121293
-0.119404
-0.117538
-0.115775
-0.114182
-0.112791
-0.111588
-0.110515
-0.109469
-0.108332
-0.106988
-0.105353
-0.103384
-0.101084
-0.0984972
-0.0956978
-0.0927767
-0.0898317
-0.0869584
-0.0842429
-0.0817565
-0.079552
-0.0776616
-0.076097
-0.0748498
-0.0738954
-0.0731964
-0.0727082
-0.072384
-0.0721796
-0.0720564
-0.0719835
-0.0719379
-0.0719041
-0.0718722
-0.0718371
-0.0717962
-0.0717488
-0.0716951
-0.0716353
-0.07157
-0.0715
-0.0714261
-0.0713497
-0.0712718
-0.0711936
-0.0711155
-0.0710373
-0.0709585
-0.0708782
-0.0707958
-0.0707108
-0.0706228
-0.0705315
-0.0704365
-0.0703375
-0.0702343
-0.0701269
-0.0700156
-0.0699002
-0.0697811
-0.0696585
-0.0695327
-0.0694044
-0.0692736
-0.0691408
-0.0690062
-0.0688692
-0.0687285
-0.0685818
-0.0684259
-0.0682573
-0.0680727
-0.0678704
-0.0676511
-0.0674187
-0.0671816
-0.0669527
-0.0667485
-0.0665878
-0.0664889
-0.0664662
-0.0665263
-0.0666644
-0.0668609
-0.0670807
-0.0672743
-0.0673814
-0.0673375
-0.0670825
-0.0665707
-0.0657821
-0.0647369
-0.0635131
-0.0622587
-0.06119
-0.0605651
-0.0606282
-0.0615263
-0.0632395
-0.06555
-0.0680862
-0.0704291
-0.0722169
-0.0732093
-0.0732961
-0.0724689
-0.0707837
-0.0683282
-0.0651983
-0.0614867
-0.0572795
-0.0526582
-0.0477028
-0.0424964
-0.0371294
-0.0317017
-0.0263234
-0.0211131
-0.0161941
-0.0116886
-0.00771262
-0.00436325
-0.00172669
0.000176654
0.00125378
0.00178588
0.00110723
0.00155447
-0.00339021
-0.142749
-0.142887
-0.142855
-0.142898
-0.143019
-0.143127
-0.143203
-0.143274
-0.143347
-0.143414
-0.14347
-0.143516
-0.143554
-0.143584
-0.143605
-0.143617
-0.143621
-0.143617
-0.143605
-0.143584
-0.143556
-0.143519
-0.143474
-0.14342
-0.143358
-0.143287
-0.143208
-0.143119
-0.14302
-0.142911
-0.142792
-0.142661
-0.14252
-0.142366
-0.142199
-0.14202
-0.141826
-0.141618
-0.141395
-0.141156
-0.140899
-0.140624
-0.140329
-0.140012
-0.139672
-0.139305
-0.13891
-0.138482
-0.13802
-0.13752
-0.136981
-0.136401
-0.135782
-0.135125
-0.134435
-0.133717
-0.132978
-0.132224
-0.131458
-0.130682
-0.129889
-0.129067
-0.128197
-0.127254
-0.126209
-0.125033
-0.123703
-0.122207
-0.120549
-0.11875
-0.11685
-0.114905
-0.112979
-0.111135
-0.109422
-0.107861
-0.106442
-0.105116
-0.103809
-0.102434
-0.100911
-0.0991838
-0.097231
-0.0950657
-0.0927316
-0.0902936
-0.087828
-0.0854129
-0.0831209
-0.0810132
-0.0791355
-0.077516
-0.0761651
-0.0750761
-0.0742287
-0.0735922
-0.0731299
-0.0728039
-0.0725784
-0.0724226
-0.0723117
-0.0722273
-0.0721569
-0.0720924
-0.0720292
-0.0719649
-0.0718986
-0.0718298
-0.0717586
-0.0716847
-0.0716081
-0.0715289
-0.0714478
-0.0713655
-0.0712831
-0.0712015
-0.071121
-0.071041
-0.0709609
-0.0708795
-0.0707962
-0.0707103
-0.0706215
-0.0705294
-0.0704337
-0.0703342
-0.0702304
-0.0701225
-0.0700107
-0.069895
-0.0697757
-0.069653
-0.0695273
-0.069399
-0.0692685
-0.0691361
-0.069002
-0.0688655
-0.0687253
-0.068579
-0.0684233
-0.0682546
-0.0680698
-0.0678669
-0.0676467
-0.0674135
-0.0671757
-0.0669464
-0.0667428
-0.0665841
-0.0664892
-0.0664728
-0.0665421
-0.0666922
-0.0669033
-0.0671397
-0.0673512
-0.0674758
-0.0674466
-0.0672001
-0.0666878
-0.0658854
-0.0648092
-0.0635363
-0.0622193
-0.0610886
-0.0604257
-0.0605069
-0.0615021
-0.0633986
-0.0659578
-0.0687655
-0.0713594
-0.0733477
-0.0744821
-0.0746593
-0.073885
-0.0722306
-0.0697952
-0.0666804
-0.062979
-0.0587737
-0.0541391
-0.0491471
-0.0438721
-0.0383968
-0.0328158
-0.0272374
-0.0217825
-0.0165821
-0.0117717
-0.00748514
-0.00384316
-0.000955885
0.00112105
0.00229315
0.00273068
0.0020536
0.00162128
-0.00134313
-0.142037
-0.142315
-0.142421
-0.142537
-0.142698
-0.14285
-0.142969
-0.143073
-0.143172
-0.143262
-0.143337
-0.1434
-0.14345
-0.14349
-0.143518
-0.143535
-0.143542
-0.143537
-0.143523
-0.143498
-0.143463
-0.143417
-0.143362
-0.143296
-0.14322
-0.143133
-0.143035
-0.142926
-0.142805
-0.142672
-0.142527
-0.142368
-0.142195
-0.142008
-0.141805
-0.141587
-0.141351
-0.141098
-0.140826
-0.140534
-0.14022
-0.139885
-0.139525
-0.139138
-0.138724
-0.138278
-0.137798
-0.137282
-0.136727
-0.13613
-0.135489
-0.134803
-0.134073
-0.1333
-0.132488
-0.13164
-0.130762
-0.129857
-0.128929
-0.127978
-0.126996
-0.125976
-0.124901
-0.123752
-0.122506
-0.121144
-0.11965
-0.118019
-0.116255
-0.11438
-0.112429
-0.110446
-0.108482
-0.106586
-0.104793
-0.103119
-0.101553
-0.100061
-0.09859
-0.09708
-0.0954794
-0.0937556
-0.0919014
-0.0899361
-0.0878997
-0.0858463
-0.0838353
-0.0819241
-0.0801622
-0.0785873
-0.0772225
-0.0760759
-0.075142
-0.0744039
-0.0738365
-0.0734104
-0.0730951
-0.0728626
-0.0726885
-0.0725536
-0.0724436
-0.0723484
-0.0722616
-0.0721791
-0.0720988
-0.0720193
-0.0719402
-0.0718611
-0.0717815
-0.071701
-0.0716191
-0.0715356
-0.071451
-0.071366
-0.0712818
-0.071199
-0.0711177
-0.0710373
-0.0709567
-0.0708749
-0.070791
-0.0707046
-0.0706152
-0.0705226
-0.0704265
-0.0703264
-0.0702223
-0.0701142
-0.0700021
-0.0698863
-0.069767
-0.0696445
-0.069519
-0.0693909
-0.0692606
-0.0691285
-0.0689945
-0.0688581
-0.0687178
-0.0685712
-0.068415
-0.0682457
-0.0680601
-0.0678567
-0.0676362
-0.0674033
-0.0671669
-0.0669405
-0.0667411
-0.0665877
-0.0664986
-0.0664884
-0.066564
-0.0667206
-0.0669386
-0.067182
-0.0673996
-0.0675295
-0.0675041
-0.0672579
-0.0667395
-0.0659215
-0.0648172
-0.0635021
-0.0621319
-0.0609477
-0.0602512
-0.0603491
-0.0614331
-0.0634984
-0.0662847
-0.0693346
-0.0721447
-0.0742902
-0.075519
-0.0757392
-0.0749741
-0.073312
-0.070865
-0.0677412
-0.0640341
-0.0598231
-0.0551767
-0.0501584
-0.044834
-0.0392775
-0.0335769
-0.0278363
-0.0221764
-0.016733
-0.0116514
-0.00708137
-0.00316544
-3.73386e-05
0.00220995
0.00347865
0.0038163
0.00313671
0.00176313
0.000773656
-0.141329
-0.141717
-0.141944
-0.14214
-0.142351
-0.142548
-0.142713
-0.142855
-0.142983
-0.143098
-0.143195
-0.143275
-0.14334
-0.143391
-0.143427
-0.143449
-0.143458
-0.143453
-0.143436
-0.143406
-0.143364
-0.14331
-0.143243
-0.143164
-0.143073
-0.142968
-0.142851
-0.142721
-0.142577
-0.142418
-0.142244
-0.142055
-0.141849
-0.141627
-0.141386
-0.141126
-0.140846
-0.140545
-0.140221
-0.139874
-0.139502
-0.139103
-0.138676
-0.138217
-0.137726
-0.137199
-0.136634
-0.136028
-0.135378
-0.134682
-0.133938
-0.133145
-0.132304
-0.131414
-0.130479
-0.129503
-0.128487
-0.127436
-0.126351
-0.125232
-0.124074
-0.12287
-0.121608
-0.120274
-0.118853
-0.117331
-0.1157
-0.113958
-0.112114
-0.110187
-0.108206
-0.106209
-0.104235
-0.102321
-0.100491
-0.0987592
-0.0971169
-0.0955406
-0.0939953
-0.0924434
-0.0908544
-0.0892124
-0.0875202
-0.0857981
-0.08408
-0.0824069
-0.0808207
-0.0793586
-0.078049
-0.0769094
-0.0759453
-0.0751515
-0.0745137
-0.0740118
-0.0736224
-0.0733219
-0.0730883
-0.0729032
-0.0727519
-0.0726235
-0.0725102
-0.0724069
-0.0723102
-0.0722178
-0.0721284
-0.0720413
-0.0719559
-0.0718717
-0.0717881
-0.0717044
-0.0716199
-0.0715343
-0.0714481
-0.071362
-0.0712771
-0.071194
-0.0711126
-0.071032
-0.070951
-0.0708688
-0.0707843
-0.0706973
-0.0706074
-0.0705143
-0.0704177
-0.0703173
-0.0702129
-0.0701046
-0.0699924
-0.0698767
-0.0697576
-0.0696352
-0.06951
-0.0693821
-0.0692519
-0.0691197
-0.0689855
-0.0688486
-0.0687075
-0.0685599
-0.0684027
-0.0682325
-0.0680465
-0.0678436
-0.0676252
-0.067396
-0.067165
-0.0669453
-0.0667532
-0.0666069
-0.0665239
-0.0665179
-0.0665952
-0.066751
-0.0669656
-0.067204
-0.0674155
-0.0675384
-0.0675039
-0.0672496
-0.0667217
-0.065892
-0.0647717
-0.0634352
-0.0620391
-0.06083
-0.0601226
-0.0602476
-0.0614141
-0.0636312
-0.066617
-0.0698701
-0.0728545
-0.0751136
-0.0763903
-0.0766074
-0.0758096
-0.074104
-0.0716157
-0.0684587
-0.0647276
-0.0604989
-0.0558354
-0.0507931
-0.0454291
-0.0398093
-0.0340141
-0.028142
-0.0223116
-0.0166605
-0.0113413
-0.00651632
-0.00234762
0.00100895
0.00342277
0.00479035
0.00503197
0.0043419
0.00201433
0.00284624
-0.140641
-0.141118
-0.141449
-0.141725
-0.141991
-0.142236
-0.142447
-0.142628
-0.142789
-0.14293
-0.14305
-0.143149
-0.143229
-0.143291
-0.143335
-0.143362
-0.143373
-0.143369
-0.143349
-0.143314
-0.143265
-0.143201
-0.143123
-0.14303
-0.142923
-0.142801
-0.142664
-0.142512
-0.142343
-0.142158
-0.141956
-0.141736
-0.141497
-0.141238
-0.140958
-0.140657
-0.140332
-0.139983
-0.139608
-0.139206
-0.138774
-0.138312
-0.137818
-0.137288
-0.136721
-0.136114
-0.135465
-0.13477
-0.134028
-0.133236
-0.132392
-0.131496
-0.130547
-0.129545
-0.128494
-0.127394
-0.126249
-0.125061
-0.123832
-0.12256
-0.121243
-0.119877
-0.118452
-0.116961
-0.115393
-0.113741
-0.112003
-0.11018
-0.108283
-0.106331
-0.104347
-0.102361
-0.100405
-0.0985064
-0.096684
-0.094947
-0.0932916
-0.0917033
-0.0901611
-0.0886436
-0.0871354
-0.0856314
-0.0841391
-0.0826762
-0.081268
-0.0799417
-0.0787226
-0.07763
-0.0766753
-0.0758613
-0.0751824
-0.0746269
-0.0741784
-0.0738186
-0.0735296
-0.0732949
-0.0731005
-0.0729355
-0.0727917
-0.0726632
-0.0725459
-0.0724369
-0.0723341
-0.0722361
-0.0721419
-0.0720506
-0.0719619
-0.0718751
-0.0717894
-0.071704
-0.0716181
-0.0715314
-0.0714445
-0.0713581
-0.0712732
-0.0711902
-0.0711086
-0.0710276
-0.0709461
-0.070863
-0.0707779
-0.0706902
-0.0705997
-0.0705061
-0.0704091
-0.0703084
-0.0702038
-0.0700954
-0.0699833
-0.0698677
-0.0697487
-0.0696266
-0.0695014
-0.0693736
-0.0692433
-0.0691107
-0.0689758
-0.0688379
-0.0686955
-0.0685465
-0.068388
-0.0682172
-0.0680319
-0.0678313
-0.0676174
-0.0673949
-0.0671725
-0.0669626
-0.0667802
-0.066642
-0.0665642
-0.0665588
-0.0666313
-0.0667769
-0.0669761
-0.0671951
-0.0673853
-0.0674869
-0.0674344
-0.0671653
-0.0666292
-0.0657998
-0.0646899
-0.0633734
-0.0620032
-0.0608209
-0.0601401
-0.0603047
-0.0615436
-0.0638748
-0.0670161
-0.0704319
-0.0735266
-0.0758508
-0.0771349
-0.0773111
-0.0764461
-0.074668
-0.0721145
-0.0689044
-0.0651329
-0.0608739
-0.0561852
-0.0511159
-0.0457157
-0.0400426
-0.0341698
-0.0281897
-0.0222174
-0.0163902
-0.0108652
-0.00581402
-0.00141531
0.00215522
0.00473096
0.00620019
0.00635872
0.00564841
0.00240723
0.00476808
-0.139994
-0.140542
-0.140961
-0.141313
-0.141635
-0.141928
-0.142184
-0.142405
-0.142598
-0.142766
-0.142909
-0.143027
-0.143122
-0.143195
-0.143247
-0.14328
-0.143293
-0.143288
-0.143266
-0.143226
-0.143169
-0.143096
-0.143006
-0.1429
-0.142778
-0.142638
-0.142482
-0.142308
-0.142116
-0.141905
-0.141675
-0.141425
-0.141153
-0.140859
-0.140542
-0.1402
-0.139831
-0.139436
-0.139011
-0.138556
-0.138068
-0.137546
-0.136987
-0.136389
-0.135751
-0.135068
-0.13434
-0.133562
-0.132734
-0.131852
-0.130916
-0.129924
-0.128875
-0.127771
-0.126613
-0.125402
-0.124141
-0.122831
-0.121474
-0.12007
-0.118618
-0.117115
-0.115557
-0.113939
-0.112257
-0.110509
-0.108695
-0.106822
-0.104902
-0.10295
-0.100987
-0.0990389
-0.0971283
-0.0952764
-0.0934984
-0.0918017
-0.0901853
-0.088642
-0.0871608
-0.0857314
-0.0843476
-0.08301
-0.0817261
-0.0805087
-0.0793734
-0.0783347
-0.0774038
-0.0765866
-0.075883
-0.0752873
-0.0747893
-0.0743762
-0.0740338
-0.0737485
-0.0735081
-0.0733022
-0.0731228
-0.0729637
-0.0728202
-0.0726892
-0.0725681
-0.072455
-0.0723484
-0.072247
-0.0721497
-0.072056
-0.0719653
-0.0718769
-0.0717898
-0.0717033
-0.0716165
-0.0715294
-0.0714424
-0.0713562
-0.0712715
-0.0711883
-0.0711063
-0.0710246
-0.0709422
-0.0708583
-0.0707723
-0.0706839
-0.0705929
-0.0704988
-0.0704015
-0.0703006
-0.070196
-0.0700876
-0.0699756
-0.06986
-0.0697411
-0.069619
-0.0694939
-0.0693659
-0.0692352
-0.069102
-0.0689661
-0.0688268
-0.0686828
-0.0685323
-0.0683728
-0.0682021
-0.0680186
-0.0678221
-0.0676147
-0.0674013
-0.0671898
-0.0669913
-0.0668196
-0.0666891
-0.0666141
-0.066605
-0.0666659
-0.0667913
-0.066963
-0.0671489
-0.0673034
-0.0673708
-0.0672904
-0.0670035
-0.0664671
-0.0656616
-0.0646045
-0.0633678
-0.0620911
-0.0609964
-0.0603767
-0.0605831
-0.0618566
-0.0642397
-0.067462
-0.0709676
-0.0741347
-0.0764732
-0.0777321
-0.0778491
-0.076902
-0.0750383
-0.0724081
-0.0691341
-0.0653117
-0.061013
-0.0562915
-0.0511907
-0.0457538
-0.0400325
-0.0340932
-0.0280225
-0.0219313
-0.0159552
-0.0102534
-0.00500419
-0.000399241
0.00336878
0.0061006
0.00767388
0.00777016
0.00702964
0.00296725
0.00644606
-0.139402
-0.140009
-0.140501
-0.140921
-0.141299
-0.141638
-0.141936
-0.142195
-0.142419
-0.142613
-0.142778
-0.142914
-0.143023
-0.143108
-0.143168
-0.143205
-0.143221
-0.143216
-0.14319
-0.143146
-0.143082
-0.143
-0.142899
-0.14278
-0.142643
-0.142487
-0.142312
-0.142118
-0.141904
-0.141669
-0.141413
-0.141134
-0.140832
-0.140505
-0.140153
-0.139773
-0.139365
-0.138927
-0.138456
-0.137952
-0.137412
-0.136835
-0.136218
-0.135559
-0.134855
-0.134104
-0.133304
-0.132453
-0.131548
-0.130586
-0.129568
-0.128491
-0.127356
-0.126163
-0.124912
-0.123606
-0.122246
-0.120834
-0.119371
-0.117859
-0.116298
-0.114688
-0.113028
-0.111316
-0.109553
-0.107742
-0.105885
-0.103992
-0.102074
-0.100147
-0.098228
-0.0963376
-0.0944941
-0.0927135
-0.0910077
-0.0893832
-0.0878414
-0.0863797
-0.0849936
-0.0836791
-0.0824346
-0.0812622
-0.0801667
-0.0791551
-0.0782338
-0.0774076
-0.0766779
-0.0760422
-0.0754948
-0.075027
-0.0746285
-0.0742884
-0.0739964
-0.0737433
-0.0735215
-0.0733249
-0.0731487
-0.0729891
-0.0728433
-0.0727092
-0.0725848
-0.0724686
-0.0723592
-0.0722553
-0.0721559
-0.0720605
-0.0719683
-0.0718786
-0.0717905
-0.0717032
-0.071616
-0.0715289
-0.0714422
-0.0713564
-0.0712717
-0.0711883
-0.0711056
-0.0710229
-0.0709395
-0.0708546
-0.0707678
-0.0706788
-0.0705872
-0.0704928
-0.0703953
-0.0702943
-0.0701897
-0.0700814
-0.0699694
-0.0698539
-0.069735
-0.0696128
-0.0694874
-0.0693591
-0.0692279
-0.0690939
-0.0689568
-0.0688161
-0.0686705
-0.0685186
-0.0683586
-0.0681887
-0.068008
-0.0678167
-0.0676172
-0.0674138
-0.067214
-0.0670274
-0.0668658
-0.0667418
-0.0666671
-0.0666501
-0.0666936
-0.0667913
-0.0669257
-0.0670672
-0.0671743
-0.0671976
-0.0670841
-0.0667804
-0.0662595
-0.0655089
-0.0645508
-0.0634499
-0.0623266
-0.0613714
-0.0608494
-0.0610839
-0.0623352
-0.0646811
-0.0678803
-0.0713836
-0.0745575
-0.0768911
-0.0781156
-0.0781798
-0.0771624
-0.0752227
-0.0725216
-0.0691854
-0.0653108
-0.0609687
-0.0562102
-0.0510742
-0.0455994
-0.0398321
-0.0338335
-0.0276849
-0.0214931
-0.0153915
-0.00953923
-0.0041189
0.000667958
0.0046151
0.00749523
0.00917351
0.00923368
0.00845401
0.00370455
0.0078143
-0.138882
-0.139536
-0.140089
-0.140568
-0.140995
-0.141378
-0.141714
-0.142007
-0.142261
-0.142479
-0.142664
-0.142817
-0.142939
-0.143033
-0.1431
-0.143142
-0.143159
-0.143154
-0.143126
-0.143077
-0.143007
-0.142917
-0.142806
-0.142676
-0.142525
-0.142354
-0.142163
-0.14195
-0.141716
-0.14146
-0.14118
-0.140876
-0.140547
-0.140192
-0.139808
-0.139395
-0.138952
-0.138475
-0.137965
-0.137418
-0.136833
-0.136208
-0.13554
-0.134828
-0.134068
-0.133259
-0.132399
-0.131484
-0.130514
-0.129486
-0.128399
-0.127252
-0.126046
-0.124779
-0.123453
-0.12207
-0.120632
-0.119139
-0.117596
-0.116002
-0.114361
-0.112674
-0.110943
-0.109171
-0.107359
-0.105515
-0.103643
-0.101755
-0.0998621
-0.0979781
-0.0961186
-0.0942995
-0.0925354
-0.0908389
-0.0892192
-0.0876823
-0.0862305
-0.084864
-0.0835814
-0.0823818
-0.0812647
-0.0802312
-0.0792828
-0.0784209
-0.0776459
-0.0769561
-0.0763477
-0.0758149
-0.0753503
-0.0749456
-0.0745923
-0.0742825
-0.0740091
-0.073766
-0.0735483
-0.0733522
-0.0731743
-0.073012
-0.0728632
-0.072726
-0.0725988
-0.0724801
-0.0723684
-0.0722626
-0.0721616
-0.0720647
-0.0719713
-0.0718806
-0.0717917
-0.0717038
-0.0716165
-0.0715296
-0.0714434
-0.071358
-0.0712733
-0.0711894
-0.0711058
-0.0710221
-0.0709375
-0.0708518
-0.0707643
-0.0706748
-0.0705829
-0.0704883
-0.0703906
-0.0702896
-0.070185
-0.0700767
-0.0699648
-0.0698492
-0.0697301
-0.0696077
-0.0694821
-0.0693534
-0.0692217
-0.0690869
-0.0689486
-0.0688065
-0.0686595
-0.0685066
-0.0683463
-0.0681777
-0.0680002
-0.0678145
-0.0676229
-0.0674296
-0.067241
-0.0670655
-0.0669132
-0.0667942
-0.0667181
-0.0666909
-0.0667136
-0.0667793
-0.0668713
-0.0669627
-0.067017
-0.0669918
-0.0668419
-0.0665321
-0.0660422
-0.0653712
-0.0645444
-0.0636203
-0.0626961
-0.0619226
-0.0615147
-0.0617634
-0.0629337
-0.0651383
-0.0681906
-0.071589
-0.0747092
-0.0770147
-0.0782185
-0.0782566
-0.0772032
-0.0752177
-0.0724685
-0.0690844
-0.0651653
-0.0607827
-0.0559869
-0.0508144
-0.0453008
-0.0394891
-0.0334363
-0.0272195
-0.020942
-0.0147346
-0.00875568
-0.00318992
0.00175429
0.00586042
0.00887857
0.0106602
0.0107123
0.00988635
0.00460952
0.00884533
-0.138443
-0.139136
-0.139737
-0.140266
-0.140737
-0.141157
-0.141527
-0.14185
-0.14213
-0.142369
-0.142571
-0.142738
-0.142872
-0.142974
-0.143047
-0.143093
-0.143112
-0.143106
-0.143076
-0.143023
-0.142947
-0.14285
-0.14273
-0.14259
-0.142428
-0.142244
-0.142038
-0.14181
-0.141559
-0.141285
-0.140985
-0.14066
-0.140308
-0.139929
-0.139519
-0.139079
-0.138606
-0.138098
-0.137554
-0.136972
-0.13635
-0.135686
-0.134977
-0.134222
-0.133417
-0.132561
-0.131652
-0.130688
-0.129666
-0.128586
-0.127446
-0.126245
-0.124984
-0.123662
-0.12228
-0.120841
-0.119345
-0.117796
-0.116196
-0.114547
-0.112854
-0.111119
-0.109346
-0.107541
-0.105709
-0.103857
-0.101993
-0.100129
-0.0982745
-0.0964437
-0.0946494
-0.0929043
-0.0912202
-0.0896068
-0.0880716
-0.0866195
-0.0852532
-0.0839739
-0.0827814
-0.0816753
-0.080655
-0.0797197
-0.0788683
-0.0780988
-0.077408
-0.0767916
-0.0762441
-0.075759
-0.0753296
-0.0749491
-0.0746111
-0.0743096
-0.0740396
-0.0737967
-0.0735773
-0.0733784
-0.0731974
-0.073032
-0.0728803
-0.0727405
-0.0726109
-0.0724901
-0.0723765
-0.0722691
-0.0721667
-0.0720687
-0.0719742
-0.0718825
-0.0717929
-0.0717046
-0.0716174
-0.071531
-0.0714453
-0.0713602
-0.0712755
-0.071191
-0.0711065
-0.0710217
-0.0709363
-0.0708497
-0.0707617
-0.0706718
-0.0705797
-0.0704849
-0.0703872
-0.0702862
-0.0701816
-0.0700734
-0.0699614
-0.0698457
-0.0697265
-0.0696039
-0.069478
-0.069349
-0.0692167
-0.0690811
-0.0689418
-0.0687985
-0.0686503
-0.0684966
-0.0683364
-0.0681691
-0.0679947
-0.0678142
-0.0676299
-0.0674456
-0.0672672
-0.0671017
-0.0669574
-0.0668426
-0.0667642
-0.0667264
-0.0667282
-0.0667621
-0.0668121
-0.0668543
-0.0668573
-0.0667856
-0.066605
-0.0662943
-0.0658432
-0.0652603
-0.0645749
-0.0638386
-0.063129
-0.0625562
-0.0622801
-0.0625387
-0.0635838
-0.0655602
-0.0683561
-0.0715479
-0.0745435
-0.0768012
-0.078003
-0.0780546
-0.0770116
-0.075022
-0.0722595
-0.0688525
-0.0649042
-0.0604893
-0.05566
-0.0504519
-0.0449001
-0.0390455
-0.0329427
-0.0266656
-0.0203147
-0.014019
-0.00793458
-0.00224761
0.00282952
0.00707301
0.0102161
0.0120959
0.0121662
0.0112897
0.00565142
0.00955425
-0.138095
-0.138817
-0.139457
-0.140025
-0.140532
-0.140983
-0.141381
-0.141728
-0.142029
-0.142286
-0.142502
-0.142681
-0.142823
-0.142933
-0.14301
-0.143059
-0.143079
-0.143072
-0.14304
-0.142984
-0.142904
-0.1428
-0.142674
-0.142525
-0.142354
-0.14216
-0.141943
-0.141703
-0.141438
-0.141149
-0.140834
-0.140493
-0.140123
-0.139724
-0.139295
-0.138833
-0.138337
-0.137805
-0.137236
-0.136628
-0.135977
-0.135283
-0.134544
-0.133756
-0.132918
-0.132028
-0.131083
-0.130082
-0.129024
-0.127906
-0.126729
-0.12549
-0.124191
-0.122832
-0.121413
-0.119937
-0.118405
-0.11682
-0.115186
-0.113506
-0.111784
-0.110025
-0.108235
-0.10642
-0.104588
-0.102745
-0.100903
-0.0990712
-0.0972606
-0.0954827
-0.0937488
-0.0920694
-0.0904539
-0.08891
-0.0874438
-0.0860593
-0.0847591
-0.0835443
-0.0824152
-0.081371
-0.0804106
-0.0795321
-0.0787327
-0.0780092
-0.0773571
-0.0767716
-0.0762473
-0.0757783
-0.0753589
-0.0749835
-0.074647
-0.0743447
-0.0740723
-0.0738262
-0.0736034
-0.0734013
-0.0732172
-0.0730489
-0.0728947
-0.0727526
-0.0726211
-0.0724985
-0.0723834
-0.0722746
-0.0721711
-0.072072
-0.0719766
-0.0718841
-0.0717938
-0.0717054
-0.0716184
-0.0715325
-0.0714473
-0.0713625
-0.0712777
-0.0711927
-0.0711075
-0.0710219
-0.0709357
-0.0708485
-0.07076
-0.0706698
-0.0705774
-0.0704826
-0.0703848
-0.0702838
-0.0701793
-0.0700711
-0.0699591
-0.0698433
-0.0697239
-0.0696012
-0.0694751
-0.0693457
-0.069213
-0.0690768
-0.0689367
-0.0687923
-0.0686432
-0.0684889
-0.0683287
-0.0681626
-0.0679909
-0.0678148
-0.0676366
-0.0674601
-0.0672903
-0.0671334
-0.0669961
-0.0668847
-0.0668044
-0.0667571
-0.0667406
-0.0667464
-0.0667596
-0.0667587
-0.0667168
-0.0666053
-0.0664008
-0.0660913
-0.0656766
-0.0651736
-0.0646152
-0.0640482
-0.0635363
-0.0631574
-0.0630207
-0.0633019
-0.064215
-0.0659178
-0.0683737
-0.0712644
-0.0740669
-0.0762521
-0.077466
-0.0775687
-0.0765857
-0.0746464
-0.0719086
-0.0685088
-0.064553
-0.0601188
-0.0552631
-0.050023
-0.0444347
-0.0385395
-0.0323905
-0.0260601
-0.0196467
-0.0132778
-0.00710724
-0.00132176
0.00386441
0.0082227
0.0114749
0.0134441
0.0135542
0.0126267
0.00677973
0.00999476
-0.137839
-0.138583
-0.139252
-0.13985
-0.140384
-0.140859
-0.141278
-0.141644
-0.14196
-0.14223
-0.142458
-0.142645
-0.142794
-0.142908
-0.14299
-0.14304
-0.143061
-0.143054
-0.14302
-0.142961
-0.142877
-0.142769
-0.142638
-0.142483
-0.142305
-0.142103
-0.141878
-0.141629
-0.141355
-0.141055
-0.140729
-0.140375
-0.139993
-0.139581
-0.139137
-0.13866
-0.138149
-0.1376
-0.137014
-0.136387
-0.135717
-0.135003
-0.134243
-0.133433
-0.132573
-0.13166
-0.130693
-0.129669
-0.128587
-0.127446
-0.126245
-0.124984
-0.123663
-0.122281
-0.120842
-0.119346
-0.117795
-0.116193
-0.114543
-0.112849
-0.111117
-0.109353
-0.107561
-0.105751
-0.103929
-0.102105
-0.100288
-0.0984886
-0.0967164
-0.0949819
-0.0932948
-0.091664
-0.0900975
-0.0886016
-0.0871813
-0.0858402
-0.0845806
-0.0834036
-0.0823093
-0.081297
-0.0803651
-0.0795113
-0.0787327
-0.0780256
-0.0773856
-0.0768081
-0.0762882
-0.0758206
-0.0754005
-0.0750228
-0.074683
-0.0743769
-0.0741007
-0.073851
-0.0736249
-0.0734197
-0.073233
-0.0730625
-0.0729062
-0.0727623
-0.0726292
-0.0725051
-0.0723888
-0.0722789
-0.0721744
-0.0720744
-0.0719782
-0.0718851
-0.0717944
-0.0717059
-0.0716191
-0.0715336
-0.0714489
-0.0713644
-0.0712796
-0.0711944
-0.0711087
-0.0710224
-0.0709356
-0.070848
-0.0707591
-0.0706686
-0.0705761
-0.0704811
-0.0703833
-0.0702823
-0.0701779
-0.0700697
-0.0699577
-0.0698419
-0.0697225
-0.0695996
-0.0694734
-0.0693438
-0.0692107
-0.0690739
-0.0689332
-0.068788
-0.0686382
-0.0684833
-0.0683232
-0.068158
-0.0679883
-0.0678156
-0.0676423
-0.067472
-0.0673092
-0.0671593
-0.0670278
-0.0669197
-0.0668382
-0.0667838
-0.0667528
-0.0667364
-0.0667203
-0.0666851
-0.0666076
-0.0664651
-0.0662419
-0.0659329
-0.0655458
-0.0651032
-0.064641
-0.0642044
-0.0638468
-0.0636297
-0.0636259
-0.0639525
-0.0647686
-0.0662149
-0.0683052
-0.0708289
-0.0733652
-0.0754299
-0.0766472
-0.076826
-0.0759451
-0.0741007
-0.0714337
-0.0680743
-0.0641347
-0.0596994
-0.0548272
-0.0495616
-0.043941
-0.0380084
-0.0318175
-0.0254402
-0.0189741
-0.012546
-0.00630676
-0.000444138
0.00482805
0.00927815
0.0126213
0.0146673
0.0148318
0.0138586
0.00792593
0.0102461
-0.137671
-0.138431
-0.139119
-0.139738
-0.140291
-0.140783
-0.141216
-0.141595
-0.141922
-0.142201
-0.142436
-0.142629
-0.142782
-0.1429
-0.142983
-0.143034
-0.143055
-0.143048
-0.143013
-0.142952
-0.142866
-0.142755
-0.14262
-0.142461
-0.142279
-0.142073
-0.141842
-0.141587
-0.141307
-0.141001
-0.140668
-0.140307
-0.139917
-0.139496
-0.139044
-0.138558
-0.138037
-0.137478
-0.136882
-0.136244
-0.135563
-0.134838
-0.134065
-0.133244
-0.132371
-0.131446
-0.130466
-0.12943
-0.128336
-0.127183
-0.125971
-0.124699
-0.123367
-0.121977
-0.120529
-0.119025
-0.117468
-0.115861
-0.114208
-0.112513
-0.110782
-0.109021
-0.107236
-0.105436
-0.103628
-0.101822
-0.100026
-0.0982509
-0.0965055
-0.0947993
-0.0931412
-0.0915391
-0.0899999
-0.0885296
-0.0871326
-0.0858123
-0.0845709
-0.0834095
-0.0823285
-0.0813269
-0.0804035
-0.0795558
-0.0787811
-0.0780757
-0.0774356
-0.0768565
-0.0763339
-0.0758627
-0.0754384
-0.0750565
-0.0747126
-0.0744025
-0.0741228
-0.07387
-0.0736411
-0.0734336
-0.0732447
-0.0730724
-0.0729146
-0.0727694
-0.072635
-0.0725098
-0.0723925
-0.0722818
-0.0721766
-0.072076
-0.0719792
-0.0718855
-0.0717945
-0.0717059
-0.0716193
-0.0715342
-0.07145
-0.0713658
-0.0712813
-0.071196
-0.07111
-0.0710234
-0.0709361
-0.070848
-0.0707588
-0.0706681
-0.0705754
-0.0704803
-0.0703825
-0.0702816
-0.0701772
-0.0700692
-0.0699573
-0.0698416
-0.0697221
-0.0695992
-0.0694728
-0.0693431
-0.0692097
-0.0690726
-0.0689313
-0.0687855
-0.0686351
-0.0684798
-0.0683196
-0.0681549
-0.0679867
-0.0678164
-0.0676466
-0.0674809
-0.0673235
-0.0671791
-0.0670524
-0.0669472
-0.0668655
-0.0668064
-0.0667653
-0.0667331
-0.0666957
-0.0666352
-0.0665316
-0.0663667
-0.0661293
-0.0658192
-0.0654488
-0.0650447
-0.0646448
-0.0642948
-0.064043
-0.0639428
-0.064048
-0.0644353
-0.0652124
-0.0664781
-0.0682567
-0.0704137
-0.0726354
-0.0745142
-0.075686
-0.0759237
-0.0751559
-0.0734317
-0.0708653
-0.0675832
-0.063681
-0.0592613
-0.0543851
-0.0491023
-0.0434561
-0.0374917
-0.0312647
-0.0248483
-0.0183383
-0.0118634
-0.00557164
0.000348427
0.00568485
0.0102042
0.0136191
0.0157267
0.0159511
0.0149445
0.00900785
0.0103943
-0.137582
-0.138353
-0.139052
-0.139683
-0.140248
-0.14075
-0.141192
-0.141578
-0.141911
-0.142195
-0.142434
-0.14263
-0.142786
-0.142905
-0.142989
-0.143041
-0.143062
-0.143054
-0.143018
-0.142956
-0.142869
-0.142756
-0.142619
-0.142458
-0.142274
-0.142065
-0.141831
-0.141573
-0.14129
-0.140981
-0.140644
-0.14028
-0.139886
-0.139461
-0.139005
-0.138515
-0.137989
-0.137427
-0.136825
-0.136182
-0.135497
-0.134766
-0.133989
-0.133163
-0.132285
-0.131355
-0.13037
-0.12933
-0.128232
-0.127075
-0.12586
-0.124585
-0.123251
-0.121859
-0.12041
-0.118906
-0.11735
-0.115744
-0.114094
-0.112402
-0.110676
-0.108921
-0.107144
-0.105353
-0.103556
-0.101762
-0.0999789
-0.0982172
-0.0964856
-0.0947931
-0.0931479
-0.0915577
-0.0900291
-0.0885677
-0.087178
-0.0858634
-0.0846261
-0.0834674
-0.0823877
-0.0813863
-0.0804619
-0.0796124
-0.0788349
-0.078126
-0.077482
-0.0768986
-0.0763717
-0.075896
-0.0754675
-0.0750815
-0.0747339
-0.0744207
-0.0741382
-0.073883
-0.0736521
-0.0734428
-0.0732525
-0.0730789
-0.07292
-0.0727738
-0.0726386
-0.0725127
-0.0723947
-0.0722834
-0.0721777
-0.0720766
-0.0719794
-0.0718853
-0.0717941
-0.0717054
-0.0716189
-0.0715342
-0.0714505
-0.0713669
-0.0712827
-0.0711976
-0.0711116
-0.0710247
-0.0709371
-0.0708486
-0.0707591
-0.0706681
-0.0705753
-0.0704801
-0.0703824
-0.0702815
-0.0701773
-0.0700694
-0.0699577
-0.0698421
-0.0697227
-0.0695998
-0.0694734
-0.0693434
-0.0692099
-0.0690725
-0.0689308
-0.0687846
-0.0686337
-0.068478
-0.0683176
-0.0681532
-0.0679857
-0.067817
-0.0676496
-0.067487
-0.0673334
-0.0671931
-0.0670701
-0.0669675
-0.0668863
-0.0668248
-0.0667776
-0.066735
-0.0666835
-0.0666061
-0.066485
-0.0663044
-0.0660564
-0.0657436
-0.0653812
-0.0649978
-0.0646325
-0.0643312
-0.0641415
-0.0641117
-0.0642966
-0.0647496
-0.0655392
-0.0667222
-0.0683054
-0.070183
-0.0721155
-0.0737745
-0.074838
-0.0750745
-0.074379
-0.0727587
-0.0702912
-0.0670812
-0.0632467
-0.0588537
-0.0539826
-0.0486912
-0.0430268
-0.0370378
-0.0307825
-0.0243358
-0.0177951
-0.0112867
-0.00495815
0.00100121
0.00638068
0.010947
0.0144134
0.0165661
0.0168471
0.0158281
0.00992592
0.0105046
-0.137549
-0.138325
-0.139031
-0.139668
-0.140238
-0.140744
-0.14119
-0.141579
-0.141915
-0.142201
-0.142441
-0.142638
-0.142795
-0.142915
-0.143
-0.143052
-0.143073
-0.143065
-0.143029
-0.142967
-0.142878
-0.142765
-0.142628
-0.142466
-0.14228
-0.14207
-0.141836
-0.141577
-0.141293
-0.140982
-0.140645
-0.140279
-0.139884
-0.139459
-0.139001
-0.138509
-0.137983
-0.137419
-0.136816
-0.136172
-0.135486
-0.134754
-0.133976
-0.133149
-0.132271
-0.13134
-0.130355
-0.129314
-0.128216
-0.12706
-0.125845
-0.124571
-0.123239
-0.121849
-0.120402
-0.1189
-0.117346
-0.115744
-0.114097
-0.11241
-0.110688
-0.108938
-0.107166
-0.105381
-0.103589
-0.101801
-0.100024
-0.0982673
-0.0965405
-0.0948522
-0.0932104
-0.0916227
-0.0900956
-0.0886347
-0.0872447
-0.085929
-0.0846899
-0.0835287
-0.082446
-0.0814412
-0.080513
-0.0796594
-0.0788777
-0.0781646
-0.0775162
-0.0769286
-0.0763976
-0.0759182
-0.0754863
-0.0750973
-0.0747471
-0.0744315
-0.074147
-0.0738901
-0.0736579
-0.0734474
-0.0732562
-0.0730819
-0.0729223
-0.0727756
-0.0726399
-0.0725136
-0.0723952
-0.0722836
-0.0721776
-0.0720763
-0.0719788
-0.0718846
-0.0717932
-0.0717044
-0.0716181
-0.0715338
-0.0714506
-0.0713676
-0.0712841
-0.0711993
-0.0711134
-0.0710264
-0.0709385
-0.0708496
-0.0707598
-0.0706686
-0.0705757
-0.0704806
-0.0703829
-0.0702822
-0.0701782
-0.0700705
-0.069959
-0.0698435
-0.0697243
-0.0696014
-0.0694749
-0.0693449
-0.0692112
-0.0690736
-0.0689316
-0.0687851
-0.0686338
-0.0684777
-0.068317
-0.0681525
-0.0679853
-0.0678173
-0.0676513
-0.0674906
-0.0673393
-0.0672017
-0.0670814
-0.066981
-0.0669011
-0.0668391
-0.0667891
-0.0667411
-0.0666814
-0.0665935
-0.0664608
-0.0662703
-0.0660144
-0.0656977
-0.0653368
-0.0649613
-0.0646111
-0.0643336
-0.0641782
-0.0641909
-0.0644197
-0.0649275
-0.0657608
-0.066944
-0.0684609
-0.0702018
-0.0719556
-0.0734414
-0.0743792
-0.0745563
-0.0738618
-0.0722816
-0.0698702
-0.0667137
-0.0629098
-0.0585473
-0.0536908
-0.0483965
-0.0427182
-0.0367099
-0.0304323
-0.0239621
-0.0173978
-0.0108641
-0.00451319
0.00146882
0.00687331
0.0114633
0.0149555
0.0171275
0.0174431
0.016423
0.0105495
0.0105396
-0.137574
-0.138352
-0.139061
-0.1397
-0.140271
-0.140779
-0.141226
-0.141615
-0.141952
-0.142238
-0.142478
-0.142675
-0.142831
-0.142951
-0.143035
-0.143086
-0.143107
-0.143099
-0.143062
-0.142999
-0.142911
-0.142798
-0.14266
-0.142498
-0.142312
-0.142102
-0.141868
-0.14161
-0.141326
-0.141015
-0.140678
-0.140313
-0.139919
-0.139495
-0.139038
-0.138548
-0.138022
-0.13746
-0.136859
-0.136217
-0.135532
-0.134803
-0.134026
-0.133202
-0.132326
-0.131398
-0.130416
-0.129378
-0.128283
-0.12713
-0.125919
-0.124649
-0.12332
-0.121933
-0.12049
-0.118992
-0.117442
-0.115843
-0.114199
-0.112515
-0.110796
-0.109048
-0.107278
-0.105494
-0.103703
-0.101914
-0.100136
-0.0983778
-0.0966485
-0.0949568
-0.093311
-0.0917185
-0.0901862
-0.0887197
-0.0873237
-0.0860018
-0.0847563
-0.0835889
-0.0825
-0.0814891
-0.0805551
-0.0796958
-0.0789088
-0.0781906
-0.0775377
-0.0769459
-0.076411
-0.0759284
-0.0754935
-0.0751021
-0.0747497
-0.0744325
-0.0741468
-0.073889
-0.0736561
-0.0734451
-0.0732537
-0.0730792
-0.0729197
-0.072773
-0.0726374
-0.0725111
-0.0723928
-0.0722813
-0.0721754
-0.0720741
-0.0719766
-0.0718822
-0.0717907
-0.0717019
-0.0716159
-0.0715324
-0.0714503
-0.0713687
-0.0712862
-0.0712023
-0.0711166
-0.0710294
-0.070941
-0.0708517
-0.0707615
-0.0706701
-0.0705772
-0.0704822
-0.0703848
-0.0702845
-0.0701809
-0.0700736
-0.0699625
-0.0698473
-0.0697282
-0.0696053
-0.0694788
-0.0693487
-0.0692149
-0.0690771
-0.068935
-0.0687881
-0.0686363
-0.0684796
-0.0683182
-0.0681529
-0.0679852
-0.0678168
-0.067651
-0.067491
-0.067341
-0.0672054
-0.0670876
-0.0669902
-0.0669132
-0.0668536
-0.0668048
-0.0667561
-0.0666931
-0.0665989
-0.066457
-0.0662548
-0.065987
-0.0656595
-0.0652904
-0.064911
-0.0645621
-0.0642923
-0.0641521
-0.0641877
-0.0644576
-0.0650171
-0.0659169
-0.067175
-0.0687619
-0.0705396
-0.0722833
-0.0737137
-0.0745693
-0.0746609
-0.0738944
-0.0722616
-0.0698145
-0.066635
-0.062813
-0.058428
-0.0535485
-0.0482309
-0.0425264
-0.0364882
-0.0301788
-0.0236761
-0.0170797
-0.0105143
-0.00413248
0.00187972
0.00731051
0.0119226
0.0154586
0.0176541
0.0180108
0.0170264
0.011228
0.0109265
-0.143723
-0.143738
-0.143748
-0.14376
-0.14377
-0.143779
-0.143788
-0.143797
-0.143805
-0.143812
-0.143819
-0.143824
-0.143829
-0.143833
-0.143836
-0.143838
-0.143838
-0.143836
-0.143832
-0.143826
-0.143818
-0.143807
-0.143795
-0.14378
-0.143762
-0.143743
-0.143721
-0.143696
-0.14367
-0.14364
-0.143609
-0.143574
-0.143538
-0.143499
-0.143458
-0.143415
-0.14337
-0.143323
-0.143274
-0.143223
-0.143171
-0.143116
-0.14306
-0.143002
-0.142942
-0.14288
-0.142817
-0.142754
-0.14269
-0.142629
-0.142572
-0.142521
-0.142481
-0.142454
-0.142444
-0.142454
-0.142487
-0.142543
-0.142621
-0.142719
-0.142827
-0.142937
-0.143035
-0.143106
-0.14314
-0.143134
-0.1431
-0.143068
-0.143083
-0.143198
-0.143459
-0.143896
-0.144517
-0.145324
-0.146328
-0.147559
-0.149076
-0.150954
-0.153236
-0.155855
-0.158582
-0.161032
-0.162769
-0.163412
-0.162705
-0.160523
-0.156842
-0.151705
-0.14518
-0.137336
-0.128235
-0.117939
-0.106515
-0.0940387
-0.0806311
-0.0664423
-0.0516914
-0.0366553
-0.0216658
-0.00709543
0.00667219
0.0192603
0.0303183
0.0395767
0.0468383
0.052004
0.0550636
0.056095
0.0552572
0.0527661
0.0488733
0.0438472
0.0379563
0.0314554
0.0245768
0.0175238
0.0104686
0.00354961
-0.00312267
-0.00946322
-0.0154115
-0.0209315
-0.0259993
-0.0306091
-0.0347659
-0.0384826
-0.0417772
-0.0446719
-0.0471908
-0.0493591
-0.0512019
-0.0527435
-0.0540072
-0.0550147
-0.0557861
-0.05634
-0.0566929
-0.0568602
-0.0568554
-0.0566909
-0.0563776
-0.0559255
-0.0553438
-0.0546406
-0.0538237
-0.0529002
-0.0518768
-0.0507602
-0.0495569
-0.0482732
-0.0469157
-0.0454912
-0.0440067
-0.0424695
-0.0408874
-0.0392684
-0.0376211
-0.0359542
-0.0342768
-0.0325981
-0.0309272
-0.0292729
-0.0276437
-0.0260476
-0.0244918
-0.0229827
-0.0215258
-0.0201256
-0.018786
-0.0175098
-0.0162993
-0.015156
-0.0140809
-0.0130743
-0.0121358
-0.0112644
-0.0104584
-0.00971537
-0.00903212
-0.00840511
-0.00783041
-0.00730407
-0.00682195
-0.00637977
-0.00597275
-0.00559509
-0.00523985
-0.00489896
-0.00456383
-0.00422638
-0.00388017
-0.00352032
-0.00314478
-0.00275268
-0.00234474
-0.00192348
-0.00149304
-0.00106102
-0.000624412
-0.000212492
-0.143722
-0.143734
-0.143743
-0.143753
-0.143762
-0.143772
-0.14378
-0.143789
-0.143797
-0.143804
-0.14381
-0.143816
-0.143821
-0.143825
-0.143828
-0.14383
-0.14383
-0.143828
-0.143824
-0.143818
-0.14381
-0.143799
-0.143787
-0.143772
-0.143755
-0.143735
-0.143713
-0.143689
-0.143662
-0.143633
-0.143601
-0.143567
-0.143531
-0.143492
-0.143451
-0.143409
-0.143364
-0.143317
-0.143268
-0.143217
-0.143165
-0.14311
-0.143054
-0.142997
-0.142937
-0.142876
-0.142814
-0.142751
-0.142688
-0.142628
-0.142571
-0.142521
-0.142481
-0.142453
-0.142442
-0.14245
-0.142479
-0.142532
-0.142606
-0.142699
-0.142805
-0.142914
-0.143014
-0.143092
-0.143137
-0.143148
-0.143131
-0.143115
-0.143143
-0.143264
-0.143525
-0.143954
-0.14456
-0.14534
-0.146299
-0.147475
-0.148915
-0.150683
-0.152824
-0.155318
-0.157988
-0.160477
-0.162332
-0.16313
-0.162568
-0.160498
-0.156896
-0.151813
-0.145331
-0.137532
-0.128484
-0.11826
-0.1069
-0.0944881
-0.0811307
-0.0669882
-0.0522745
-0.0372646
-0.0222885
-0.00772131
0.00604868
0.0186458
0.0297155
0.0389877
0.0462601
0.0514356
0.054504
0.0555458
0.0547209
0.0522461
0.0483737
0.0433724
0.0375106
0.031043
0.024201
0.0171871
0.0101731
0.00330094
-0.0033223
-0.00962043
-0.0155332
-0.0210115
-0.0260393
-0.0306167
-0.0347478
-0.0384433
-0.0417203
-0.0446005
-0.047108
-0.0492674
-0.0511034
-0.05264
-0.0539
-0.054905
-0.0556747
-0.0562274
-0.0565797
-0.0567465
-0.0567415
-0.0565766
-0.0562631
-0.0558106
-0.0552284
-0.0545246
-0.0537069
-0.0527824
-0.051758
-0.0506402
-0.0494355
-0.0481504
-0.0467915
-0.0453655
-0.0438797
-0.0423414
-0.0407584
-0.0391389
-0.0374915
-0.0358251
-0.0341488
-0.0324719
-0.0308034
-0.0291523
-0.027527
-0.0259355
-0.0243848
-0.0228813
-0.0214304
-0.0200366
-0.0187035
-0.017434
-0.0162302
-0.0150935
-0.0140248
-0.0130244
-0.0120918
-0.011226
-0.010425
-0.00968661
-0.00900751
-0.00838431
-0.00781273
-0.00728901
-0.00680897
-0.0063684
-0.00596267
-0.00558628
-0.00523258
-0.00489371
-0.00456119
-0.00422675
-0.00388351
-0.00352653
-0.0031533
-0.00276303
-0.00235655
-0.00193636
-0.00150609
-0.00107381
-0.000632713
-0.000217205
-0.143718
-0.143732
-0.143739
-0.143749
-0.143758
-0.143766
-0.143775
-0.143783
-0.143791
-0.143798
-0.143805
-0.143811
-0.143816
-0.14382
-0.143823
-0.143825
-0.143825
-0.143823
-0.143819
-0.143813
-0.143805
-0.143795
-0.143782
-0.143767
-0.14375
-0.143731
-0.143709
-0.143685
-0.143658
-0.143629
-0.143597
-0.143563
-0.143527
-0.143488
-0.143448
-0.143405
-0.14336
-0.143313
-0.143264
-0.143213
-0.143161
-0.143107
-0.143051
-0.142994
-0.142934
-0.142874
-0.142812
-0.142749
-0.142687
-0.142627
-0.14257
-0.142519
-0.142477
-0.142447
-0.142433
-0.142439
-0.142465
-0.142514
-0.142587
-0.142679
-0.142787
-0.142901
-0.14301
-0.143101
-0.14316
-0.143182
-0.143173
-0.14316
-0.143184
-0.143295
-0.143541
-0.143949
-0.144526
-0.145268
-0.146191
-0.147304
-0.148668
-0.150396
-0.152611
-0.15533
-0.158349
-0.161225
-0.163396
-0.16437
-0.163838
-0.161692
-0.157966
-0.152755
-0.146172
-0.138313
-0.129243
-0.118996
-0.107641
-0.0952503
-0.0819194
-0.0677982
-0.0530975
-0.0380926
-0.0231126
-0.00853801
0.00523584
0.0178472
0.0289215
0.0381968
0.0454726
0.0506465
0.0537109
0.0547491
0.0539223
0.051449
0.0475831
0.0425945
0.0367522
0.0303109
0.0235017
0.0165265
0.00955604
0.00272866
-0.00384995
-0.0101007
-0.015964
-0.0214028
-0.0263969
-0.0309306
-0.0350195
-0.0386776
-0.0419218
-0.044773
-0.0472548
-0.0493917
-0.0512085
-0.0527287
-0.0539749
-0.0549682
-0.0557283
-0.0562731
-0.0566189
-0.0567805
-0.0567712
-0.0566029
-0.0562865
-0.0558318
-0.0552475
-0.0545419
-0.0537225
-0.0527963
-0.0517701
-0.0506503
-0.0494434
-0.0481558
-0.0467941
-0.0453648
-0.0438752
-0.0423326
-0.0407449
-0.0391202
-0.0374673
-0.0357952
-0.0341131
-0.0324305
-0.0307566
-0.0291006
-0.027471
-0.0258759
-0.0243225
-0.0228172
-0.0213652
-0.0199712
-0.0186386
-0.0173703
-0.0161683
-0.0150339
-0.013968
-0.0129706
-0.0120415
-0.0111793
-0.0103822
-0.0096477
-0.00897254
-0.00835302
-0.007785
-0.00726449
-0.00678735
-0.00634947
-0.00594652
-0.0055731
-0.00522289
-0.00488801
-0.0045598
-0.0042295
-0.0038898
-0.00353578
-0.00316454
-0.00277537
-0.00236922
-0.00194869
-0.00151673
-0.00108443
-0.000634292
-0.000224279
-0.143713
-0.143729
-0.143735
-0.143745
-0.143753
-0.143762
-0.143771
-0.143779
-0.143787
-0.143794
-0.1438
-0.143806
-0.143812
-0.143816
-0.143819
-0.143821
-0.143821
-0.143819
-0.143815
-0.14381
-0.143802
-0.143791
-0.143779
-0.143764
-0.143747
-0.143728
-0.143706
-0.143682
-0.143655
-0.143626
-0.143594
-0.14356
-0.143524
-0.143485
-0.143445
-0.143402
-0.143357
-0.14331
-0.143261
-0.143211
-0.143159
-0.143105
-0.143049
-0.142992
-0.142933
-0.142873
-0.142811
-0.142749
-0.142687
-0.142626
-0.142568
-0.142515
-0.14247
-0.142437
-0.142418
-0.142418
-0.142439
-0.142485
-0.142555
-0.142649
-0.142764
-0.142892
-0.143021
-0.143136
-0.143221
-0.143266
-0.143269
-0.143255
-0.143261
-0.143338
-0.143534
-0.143882
-0.144392
-0.145059
-0.145888
-0.1469
-0.148215
-0.150048
-0.152611
-0.155913
-0.159605
-0.163032
-0.165492
-0.166476
-0.165758
-0.163343
-0.15935
-0.153922
-0.147197
-0.139251
-0.130148
-0.119922
-0.108605
-0.0962561
-0.0829651
-0.0688783
-0.0542056
-0.039226
-0.0242666
-0.00971575
0.00403079
0.016604
0.0276379
0.0368632
0.0440845
0.049202
0.0522133
0.0532067
0.0523472
0.049856
0.0459892
0.0410173
0.0352091
0.0288181
0.0220736
0.015175
0.00828982
0.00155347
-0.00492982
-0.0110826
-0.0168494
-0.0221937
-0.0270956
-0.0315567
-0.0355745
-0.0391647
-0.0423485
-0.0451464
-0.0475813
-0.0496777
-0.0514598
-0.0529507
-0.0541726
-0.0551461
-0.0558903
-0.0564226
-0.056759
-0.0569138
-0.0568998
-0.0567288
-0.056411
-0.055956
-0.0553724
-0.0546681
-0.0538502
-0.0529257
-0.0519011
-0.0507827
-0.0495768
-0.0482895
-0.0469271
-0.0454963
-0.0440039
-0.042457
-0.0408635
-0.0392315
-0.0375696
-0.035887
-0.0341931
-0.0324975
-0.03081
-0.02914
-0.0274966
-0.0258882
-0.0243222
-0.0228054
-0.0213432
-0.0199403
-0.0186002
-0.0173257
-0.0161189
-0.014981
-0.0139129
-0.0129146
-0.0119856
-0.0111246
-0.0103297
-0.00959814
-0.00892646
-0.00831074
-0.00774668
-0.00723006
-0.00675673
-0.00632265
-0.00592364
-0.0055547
-0.00520962
-0.00488049
-0.00455844
-0.00423398
-0.00389931
-0.00354889
-0.00318003
-0.00279197
-0.00238572
-0.00196421
-0.00152914
-0.00109735
-0.000634346
-0.000236355
-0.143707
-0.143727
-0.143732
-0.143741
-0.14375
-0.143758
-0.143767
-0.143775
-0.143783
-0.14379
-0.143797
-0.143803
-0.143809
-0.143813
-0.143816
-0.143818
-0.143819
-0.143817
-0.143813
-0.143807
-0.1438
-0.143789
-0.143777
-0.143762
-0.143745
-0.143726
-0.143704
-0.14368
-0.143653
-0.143624
-0.143593
-0.143559
-0.143523
-0.143484
-0.143443
-0.1434
-0.143355
-0.143308
-0.14326
-0.143209
-0.143157
-0.143104
-0.143049
-0.142992
-0.142934
-0.142874
-0.142813
-0.142751
-0.142688
-0.142626
-0.142566
-0.142509
-0.142459
-0.14242
-0.142393
-0.142385
-0.142399
-0.142439
-0.142508
-0.142608
-0.142737
-0.14289
-0.143054
-0.143213
-0.143344
-0.143425
-0.143452
-0.143433
-0.1434
-0.143399
-0.143481
-0.143685
-0.144035
-0.144531
-0.145176
-0.146069
-0.147437
-0.149616
-0.152858
-0.157029
-0.161492
-0.165364
-0.167893
-0.168674
-0.167628
-0.164878
-0.160613
-0.154999
-0.148161
-0.140178
-0.131081
-0.120889
-0.109625
-0.0973339
-0.0841038
-0.0700779
-0.055467
-0.0405541
-0.0256696
-0.011203
0.00244804
0.0149088
0.0258221
0.0349153
0.042002
0.0469901
0.0498853
0.050783
0.049854
0.0473231
0.0434483
0.0385001
0.0327455
0.0264352
0.0197943
0.0130178
0.00626821
-0.0003237
-0.00665765
-0.01266
-0.0182792
-0.0234817
-0.0282514
-0.0325868
-0.0364919
-0.0399789
-0.0430693
-0.0457843
-0.0481464
-0.0501797
-0.0519077
-0.053353
-0.0545369
-0.0554795
-0.0561991
-0.0567126
-0.0570352
-0.0571807
-0.0571614
-0.0569884
-0.0566715
-0.0562199
-0.0556417
-0.0549442
-0.0541344
-0.0532189
-0.0522037
-0.051095
-0.0498984
-0.04862
-0.0472655
-0.0458411
-0.0443532
-0.0428084
-0.0412141
-0.0395779
-0.0379083
-0.036214
-0.0345047
-0.0327903
-0.0310807
-0.0293862
-0.0277165
-0.0260807
-0.0244871
-0.0229429
-0.0214543
-0.0200263
-0.0186626
-0.0173663
-0.0161397
-0.0149841
-0.0139007
-0.0128897
-0.0119506
-0.0110823
-0.0102827
-0.00954871
-0.00887673
-0.00826239
-0.00770093
-0.00718775
-0.00671838
-0.00628872
-0.0058946
-0.00553124
-0.00519254
-0.00487055
-0.0045559
-0.00423864
-0.0039103
-0.00356499
-0.00319882
-0.0028121
-0.00240557
-0.00198265
-0.00154446
-0.00111058
-0.000634939
-0.000255087
-0.1437
-0.143725
-0.14373
-0.14374
-0.143748
-0.143757
-0.143765
-0.143774
-0.143782
-0.143789
-0.143796
-0.143802
-0.143808
-0.143813
-0.143816
-0.143818
-0.143819
-0.143817
-0.143813
-0.143808
-0.1438
-0.14379
-0.143777
-0.143763
-0.143746
-0.143727
-0.143705
-0.143681
-0.143654
-0.143625
-0.143593
-0.143559
-0.143523
-0.143484
-0.143443
-0.1434
-0.143355
-0.143309
-0.14326
-0.14321
-0.143158
-0.143105
-0.14305
-0.142994
-0.142937
-0.142878
-0.142818
-0.142756
-0.142693
-0.142628
-0.142565
-0.142503
-0.142445
-0.142396
-0.142358
-0.142338
-0.142341
-0.142373
-0.142442
-0.142552
-0.142705
-0.142898
-0.143117
-0.143343
-0.143546
-0.14369
-0.14375
-0.14372
-0.143618
-0.143481
-0.143358
-0.143299
-0.143353
-0.143532
-0.143915
-0.144706
-0.146279
-0.149059
-0.15321
-0.158313
-0.163418
-0.167518
-0.16994
-0.170441
-0.169083
-0.166065
-0.16161
-0.155887
-0.149006
-0.141024
-0.13196
-0.121821
-0.110624
-0.0984088
-0.0852613
-0.0713262
-0.0568189
-0.042024
-0.0272793
-0.0129749
0.00048951
0.0127369
0.0234217
0.0322764
0.0391261
0.0438917
0.0465906
0.0473288
0.0462844
0.0436868
0.0397952
0.034879
0.0292015
0.0230079
0.0165168
0.00991615
0.00336127
-0.00302404
-0.00914555
-0.0149349
-0.0203452
-0.0253473
-0.0299277
-0.0340855
-0.0378273
-0.0411683
-0.0441271
-0.0467239
-0.0489821
-0.0509255
-0.0525764
-0.0539564
-0.0550859
-0.055984
-0.0566684
-0.0571549
-0.057458
-0.0575907
-0.0575646
-0.05739
-0.0570763
-0.0566319
-0.0560642
-0.0553804
-0.0545868
-0.0536894
-0.0526941
-0.0516063
-0.0504314
-0.0491749
-0.0478419
-0.0464379
-0.0449685
-0.0434394
-0.041857
-0.0402281
-0.0385603
-0.0368617
-0.0351416
-0.0334097
-0.0316764
-0.0299523
-0.0282481
-0.0265739
-0.0249392
-0.0233521
-0.0218196
-0.0203474
-0.0189399
-0.0176005
-0.0163317
-0.0151358
-0.0140142
-0.012968
-0.0119976
-0.0111025
-0.0102809
-0.00953014
-0.00884619
-0.00822428
-0.00765904
-0.00714507
-0.00667721
-0.00625076
-0.00586121
-0.00550359
-0.00517169
-0.00485741
-0.00455097
-0.00424189
-0.00392091
-0.00358136
-0.00321947
-0.00283423
-0.00242755
-0.00200295
-0.00156096
-0.00112574
-0.00063316
-0.000281672
-0.143696
-0.143726
-0.143731
-0.14374
-0.143748
-0.143757
-0.143767
-0.143775
-0.143784
-0.143791
-0.143798
-0.143804
-0.14381
-0.143815
-0.143819
-0.143821
-0.143821
-0.14382
-0.143816
-0.143811
-0.143803
-0.143793
-0.143781
-0.143766
-0.143749
-0.14373
-0.143708
-0.143684
-0.143657
-0.143628
-0.143596
-0.143562
-0.143526
-0.143487
-0.143446
-0.143403
-0.143358
-0.143311
-0.143262
-0.143212
-0.143161
-0.143108
-0.143054
-0.142999
-0.142943
-0.142885
-0.142826
-0.142764
-0.1427
-0.142633
-0.142565
-0.142495
-0.142428
-0.142365
-0.142312
-0.142275
-0.142264
-0.142288
-0.142357
-0.142482
-0.142668
-0.142916
-0.143211
-0.143529
-0.143827
-0.144056
-0.144164
-0.144121
-0.143922
-0.143589
-0.143168
-0.142724
-0.142345
-0.142078
-0.142146
-0.142895
-0.144825
-0.148354
-0.153437
-0.159343
-0.164889
-0.169067
-0.171345
-0.171628
-0.170062
-0.166885
-0.162339
-0.156579
-0.149701
-0.141751
-0.132741
-0.122671
-0.111553
-0.0994295
-0.0863874
-0.0725767
-0.0582196
-0.0436069
-0.0290841
-0.0150413
-0.00187732
0.0100342
0.0203625
0.0288536
0.0353493
0.0397884
0.0422047
0.0427174
0.0415133
0.0388264
0.0349161
0.0300483
0.0244802
0.0184486
0.0121627
0.00580046
-0.000492588
-0.00660183
-0.012441
-0.0179488
-0.023084
-0.0278226
-0.0321544
-0.0360805
-0.0396098
-0.0427574
-0.0455442
-0.0479865
-0.0501083
-0.0519331
-0.0534822
-0.0547756
-0.0558328
-0.0566717
-0.0573087
-0.0577589
-0.0580356
-0.0581508
-0.0581152
-0.0579384
-0.0576289
-0.0571944
-0.0566418
-0.0559775
-0.0552074
-0.054337
-0.0533717
-0.0523165
-0.0511763
-0.0499558
-0.0486597
-0.0472925
-0.0458588
-0.0443631
-0.0428104
-0.0412062
-0.0395567
-0.0378688
-0.0361509
-0.034412
-0.0326625
-0.0309133
-0.0291759
-0.0274615
-0.0257808
-0.0241431
-0.0225564
-0.0210271
-0.0195599
-0.0181585
-0.0168257
-0.0155641
-0.0143762
-0.0132643
-0.0122307
-0.0112767
-0.0104024
-0.00960634
-0.00888546
-0.0082351
-0.00764943
-0.00712215
-0.00664692
-0.00621778
-0.00582909
-0.005475
-0.00514864
-0.00484139
-0.00454296
-0.00424227
-0.00392924
-0.00359632
-0.00323916
-0.00285665
-0.00245021
-0.00202398
-0.00157762
-0.00114187
-0.000627292
-0.000316868
-0.143694
-0.14373
-0.143734
-0.143744
-0.143753
-0.143762
-0.143772
-0.143781
-0.143789
-0.143797
-0.143804
-0.14381
-0.143816
-0.143821
-0.143825
-0.143827
-0.143828
-0.143826
-0.143823
-0.143817
-0.143809
-0.143799
-0.143787
-0.143772
-0.143755
-0.143736
-0.143714
-0.14369
-0.143663
-0.143634
-0.143602
-0.143568
-0.143531
-0.143492
-0.143451
-0.143408
-0.143363
-0.143316
-0.143267
-0.143217
-0.143166
-0.143114
-0.143061
-0.143007
-0.142952
-0.142896
-0.142837
-0.142776
-0.142711
-0.142641
-0.142567
-0.142489
-0.142408
-0.142329
-0.142257
-0.142201
-0.142172
-0.142185
-0.142255
-0.142398
-0.142625
-0.142938
-0.143326
-0.143753
-0.144167
-0.144497
-0.144669
-0.14461
-0.144299
-0.143735
-0.142959
-0.142048
-0.141115
-0.140385
-0.140153
-0.14093
-0.143286
-0.147541
-0.153405
-0.159896
-0.16571
-0.169912
-0.172097
-0.172265
-0.170602
-0.16737
-0.162811
-0.157068
-0.150229
-0.142334
-0.133391
-0.123398
-0.112369
-0.10035
-0.0874385
-0.0737928
-0.0596448
-0.045294
-0.0310927
-0.0174298
-0.00469825
0.00673851
0.0165695
0.0245629
0.0305831
0.034592
0.0366436
0.0368719
0.0354732
0.0326848
0.0287645
0.0239722
0.0185556
0.0127401
0.00672211
0.000666715
-0.00529285
-0.0110533
-0.0165383
-0.0216946
-0.0264882
-0.0309005
-0.0349253
-0.0385661
-0.0418335
-0.0447427
-0.0473158
-0.0495683
-0.0515227
-0.0532013
-0.0546243
-0.0558106
-0.056778
-0.0575431
-0.0581212
-0.0585258
-0.0587691
-0.058862
-0.0588141
-0.0586341
-0.0583296
-0.0579074
-0.0573737
-0.0567342
-0.0559942
-0.0551588
-0.0542329
-0.053221
-0.0521276
-0.0509569
-0.0497127
-0.0483987
-0.0470181
-0.0455743
-0.0440706
-0.0425107
-0.0408988
-0.0392405
-0.0375424
-0.0358128
-0.0340614
-0.0322994
-0.0305389
-0.0287923
-0.0270713
-0.0253869
-0.0237478
-0.0221608
-0.0206305
-0.0191599
-0.0177513
-0.0164067
-0.0151289
-0.0139217
-0.0127896
-0.011737
-0.0107678
-0.00988391
-0.0090852
-0.00836901
-0.00773045
-0.00716305
-0.00665942
-0.00621194
-0.005813
-0.00545484
-0.00512895
-0.00482543
-0.00453296
-0.00423957
-0.0039342
-0.0036083
-0.00325659
-0.00287744
-0.00247181
-0.00204452
-0.00159342
-0.00115784
-0.000616029
-0.000361812
-0.143696
-0.14374
-0.143743
-0.143753
-0.143762
-0.143772
-0.143781
-0.143791
-0.143799
-0.143807
-0.143814
-0.143821
-0.143827
-0.143831
-0.143835
-0.143837
-0.143837
-0.143836
-0.143832
-0.143827
-0.143819
-0.143809
-0.143796
-0.143781
-0.143764
-0.143745
-0.143723
-0.143699
-0.143672
-0.143643
-0.143611
-0.143576
-0.143539
-0.1435
-0.143459
-0.143415
-0.14337
-0.143322
-0.143274
-0.143224
-0.143173
-0.143122
-0.14307
-0.143018
-0.142964
-0.142909
-0.142852
-0.142791
-0.142725
-0.142652
-0.142572
-0.142484
-0.142389
-0.142292
-0.142198
-0.14212
-0.142071
-0.142071
-0.142141
-0.142303
-0.142573
-0.142958
-0.143442
-0.143986
-0.144522
-0.144958
-0.145195
-0.145131
-0.144714
-0.143922
-0.142793
-0.141421
-0.13998
-0.138793
-0.138311
-0.139154
-0.141888
-0.146701
-0.153088
-0.159935
-0.165889
-0.170109
-0.172271
-0.17241
-0.170753
-0.167548
-0.163033
-0.157347
-0.150571
-0.142742
-0.133868
-0.123955
-0.113022
-0.101126
-0.0883768
-0.0749472
-0.0610815
-0.0470884
-0.0333249
-0.0201753
-0.00802064
0.00279422
0.0119849
0.019349
0.0247799
0.0282668
0.0298859
0.029787
0.028175
0.0252887
0.0213814
0.0167036
0.0114902
0.00595176
0.000268976
-0.00540875
-0.0109628
-0.0163031
-0.0213645
-0.0261034
-0.0304932
-0.0345212
-0.0381854
-0.0414921
-0.0444536
-0.0470859
-0.0494067
-0.0514374
-0.0531969
-0.0547052
-0.0559811
-0.0570421
-0.0579044
-0.0585831
-0.0590918
-0.0594427
-0.0596465
-0.059713
-0.0596506
-0.0594668
-0.0591681
-0.0587605
-0.0582493
-0.0576396
-0.056936
-0.0561431
-0.0552654
-0.054307
-0.0532718
-0.0521637
-0.0509856
-0.0497404
-0.04843
-0.0470563
-0.0456205
-0.0441244
-0.0425701
-0.040961
-0.0393019
-0.0375997
-0.0358637
-0.0341049
-0.0323363
-0.0305714
-0.0288238
-0.0271058
-0.0254272
-0.023795
-0.0222128
-0.0206818
-0.0192021
-0.0177733
-0.0163971
-0.015077
-0.0138194
-0.0126323
-0.0115243
-0.010503
-0.00957399
-0.00873945
-0.00799818
-0.00734581
-0.0067754
-0.00627835
-0.00584498
-0.00546486
-0.0051267
-0.00481814
-0.00452581
-0.00423606
-0.00393635
-0.00361671
-0.00327056
-0.00289536
-0.00249104
-0.00206328
-0.00160724
-0.00117319
-0.000598334
-0.000421949
-0.143707
-0.143756
-0.143758
-0.143768
-0.143777
-0.143787
-0.143797
-0.143806
-0.143814
-0.143822
-0.143829
-0.143836
-0.143841
-0.143846
-0.143849
-0.143851
-0.143851
-0.143849
-0.143845
-0.143839
-0.143831
-0.143821
-0.143809
-0.143794
-0.143776
-0.143757
-0.143735
-0.14371
-0.143683
-0.143654
-0.143621
-0.143587
-0.14355
-0.14351
-0.143468
-0.143424
-0.143379
-0.143331
-0.143282
-0.143233
-0.143182
-0.143132
-0.143081
-0.14303
-0.142978
-0.142925
-0.142869
-0.142809
-0.142742
-0.142667
-0.14258
-0.142482
-0.142373
-0.142257
-0.142142
-0.14204
-0.14197
-0.141956
-0.142025
-0.142204
-0.142515
-0.142965
-0.143539
-0.14419
-0.144837
-0.145371
-0.14567
-0.145617
-0.145115
-0.144139
-0.142718
-0.140968
-0.139118
-0.137576
-0.136913
-0.137811
-0.140786
-0.145908
-0.152536
-0.159537
-0.165516
-0.169751
-0.171937
-0.172134
-0.170546
-0.167428
-0.162997
-0.157391
-0.150687
-0.142924
-0.13412
-0.124287
-0.113459
-0.10171
-0.0891655
-0.0760169
-0.0625219
-0.0489976
-0.0358013
-0.0233074
-0.011877
-0.001828
0.00658903
0.0132076
0.0179551
0.02085
0.021992
0.0215457
0.0197224
0.0167597
0.0129028
0.00838942
0.00343819
-0.00175855
-0.00703854
-0.0122703
-0.0173517
-0.0222072
-0.0267839
-0.0310482
-0.0349814
-0.0385769
-0.0418367
-0.0447697
-0.0473894
-0.0497117
-0.0517541
-0.0535382
-0.0550807
-0.0563994
-0.0575117
-0.0584332
-0.0591785
-0.0597609
-0.0601922
-0.0604832
-0.0606432
-0.0606803
-0.0606018
-0.060414
-0.0601223
-0.0597316
-0.0592465
-0.0586712
-0.0580098
-0.0572663
-0.0564447
-0.055549
-0.0545828
-0.0535491
-0.0524507
-0.0512891
-0.0500653
-0.048779
-0.0474299
-0.0460169
-0.0445398
-0.0429994
-0.0413985
-0.0397424
-0.0380394
-0.0363008
-0.0345404
-0.0327738
-0.0310166
-0.0292833
-0.027585
-0.025929
-0.0243175
-0.0227489
-0.0212189
-0.019723
-0.0182585
-0.0168269
-0.0154343
-0.0140912
-0.0128111
-0.0116083
-0.010496
-0.0094843
-0.00857909
-0.0077815
-0.00708817
-0.00649185
-0.00598224
-0.0055467
-0.00517076
-0.00483855
-0.00453336
-0.0042386
-0.00393916
-0.00362283
-0.003281
-0.00290967
-0.00250695
-0.00207978
-0.00161816
-0.00118834
-0.000574566
-0.000507821
-0.143728
-0.143781
-0.143782
-0.143791
-0.1438
-0.143809
-0.143819
-0.143827
-0.143835
-0.143842
-0.143849
-0.143855
-0.14386
-0.143864
-0.143867
-0.143868
-0.143868
-0.143866
-0.143862
-0.143855
-0.143847
-0.143836
-0.143823
-0.143808
-0.143791
-0.143771
-0.143749
-0.143724
-0.143696
-0.143666
-0.143634
-0.143599
-0.143561
-0.143522
-0.143479
-0.143435
-0.143389
-0.143341
-0.143292
-0.143242
-0.143192
-0.143142
-0.143092
-0.143043
-0.142993
-0.142942
-0.142888
-0.142829
-0.142762
-0.142684
-0.142593
-0.142486
-0.142363
-0.14223
-0.142094
-0.14197
-0.14188
-0.141852
-0.141918
-0.14211
-0.142453
-0.142956
-0.143602
-0.144337
-0.14507
-0.14568
-0.146028
-0.145985
-0.145439
-0.144347
-0.142734
-0.140733
-0.138622
-0.136854
-0.136079
-0.136997
-0.140048
-0.14524
-0.15187
-0.158778
-0.164713
-0.168938
-0.171193
-0.171482
-0.170009
-0.167009
-0.162681
-0.157157
-0.150521
-0.142817
-0.134076
-0.124326
-0.113619
-0.10205
-0.089767
-0.0769793
-0.0639583
-0.0510255
-0.0385325
-0.026836
-0.0162692
-0.00711445
0.000417469
0.00620073
0.0101993
0.0124621
0.0131108
0.0123226
0.0103121
0.00731193
0.00355568
-0.000735495
-0.00536248
-0.0101538
-0.014968
-0.0196932
-0.024245
-0.0285628
-0.0326067
-0.036353
-0.039791
-0.0429195
-0.0457445
-0.048277
-0.0505312
-0.0525232
-0.05427
-0.0557911
-0.0571024
-0.0582197
-0.0591581
-0.0599315
-0.0605526
-0.0610326
-0.0613819
-0.0616094
-0.0617228
-0.0617291
-0.061634
-0.0614426
-0.0611592
-0.0607877
-0.0603317
-0.0597948
-0.0591803
-0.058492
-0.0577335
-0.0569084
-0.0560201
-0.0550716
-0.0540647
-0.0530004
-0.0518782
-0.0506961
-0.0494513
-0.0481403
-0.0467598
-0.0453078
-0.0437843
-0.0421928
-0.0405407
-0.0388394
-0.0371041
-0.0353528
-0.0336042
-0.0318757
-0.0301808
-0.0285273
-0.0269162
-0.0253419
-0.0237943
-0.0222622
-0.0207363
-0.0192128
-0.0176951
-0.0161942
-0.014727
-0.0133141
-0.011977
-0.0107356
-0.00960547
-0.0085967
-0.00771326
-0.00695298
-0.00630807
-0.00576592
-0.00531007
-0.00492126
-0.00457873
-0.00426168
-0.00395102
-0.00363095
-0.00328958
-0.0029206
-0.00251911
-0.00209368
-0.00162553
-0.00120507
-0.00054144
-0.000637794
-0.143765
-0.143819
-0.143817
-0.143824
-0.143831
-0.143839
-0.143847
-0.143854
-0.143861
-0.143867
-0.143873
-0.143878
-0.143883
-0.143886
-0.143888
-0.143889
-0.143888
-0.143885
-0.14388
-0.143873
-0.143864
-0.143853
-0.14384
-0.143824
-0.143806
-0.143786
-0.143764
-0.143738
-0.143711
-0.14368
-0.143647
-0.143612
-0.143574
-0.143534
-0.143491
-0.143447
-0.1434
-0.143352
-0.143303
-0.143253
-0.143203
-0.143153
-0.143104
-0.143056
-0.143007
-0.142958
-0.142906
-0.142849
-0.142782
-0.142703
-0.142608
-0.142494
-0.142361
-0.142214
-0.142061
-0.141918
-0.141811
-0.14177
-0.141832
-0.142031
-0.142396
-0.142933
-0.143626
-0.144414
-0.145202
-0.145858
-0.146239
-0.146206
-0.145641
-0.144501
-0.142804
-0.140691
-0.138468
-0.136624
-0.13577
-0.136686
-0.139689
-0.144748
-0.151171
-0.157848
-0.163639
-0.167841
-0.170133
-0.170516
-0.169162
-0.166274
-0.162035
-0.156579
-0.149993
-0.142336
-0.133652
-0.123992
-0.113433
-0.102093
-0.0901428
-0.0778113
-0.0653788
-0.0531654
-0.0415089
-0.0307401
-0.0211564
-0.0129981
-0.00643133
-0.00153895
0.00168018
0.00330397
0.00347324
0.00237446
0.000221468
-0.00276219
-0.00635836
-0.0103658
-0.0146077
-0.0189358
-0.0232307
-0.0274013
-0.031381
-0.0351248
-0.038605
-0.0418076
-0.0447291
-0.0473732
-0.0497493
-0.0518698
-0.0537494
-0.0554037
-0.0568484
-0.0581012
-0.0591772
-0.0600897
-0.0608515
-0.0614744
-0.0619692
-0.0623455
-0.0626115
-0.0627747
-0.0628414
-0.0628168
-0.0627057
-0.0625116
-0.0622379
-0.0618875
-0.0614631
-0.0609673
-0.0604033
-0.0597742
-0.0590835
-0.0583348
-0.0575315
-0.0566762
-0.0557706
-0.0548149
-0.0538073
-0.0527441
-0.0516199
-0.0504284
-0.0491629
-0.047818
-0.0463909
-0.0448826
-0.0432992
-0.0416524
-0.0399592
-0.0382405
-0.0365191
-0.0348167
-0.03315
-0.0315283
-0.0299512
-0.0284088
-0.0268839
-0.0253562
-0.0238072
-0.0222252
-0.0206083
-0.0189653
-0.0173148
-0.0156823
-0.0140972
-0.0125891
-0.0111845
-0.00990493
-0.00876463
-0.00777026
-0.00692048
-0.00620641
-0.00561256
-0.00511822
-0.0046993
-0.00433051
-0.00398768
-0.00365001
-0.00330069
-0.0029298
-0.00252767
-0.00210499
-0.0016287
-0.00122626
-0.000497606
-0.000839537
-0.143824
-0.143873
-0.143866
-0.143868
-0.143871
-0.143876
-0.143881
-0.143886
-0.143891
-0.143896
-0.1439
-0.143904
-0.143907
-0.143909
-0.143911
-0.14391
-0.143908
-0.143905
-0.143899
-0.143892
-0.143882
-0.14387
-0.143857
-0.143841
-0.143822
-0.143802
-0.143779
-0.143753
-0.143725
-0.143694
-0.143661
-0.143625
-0.143587
-0.143546
-0.143503
-0.143458
-0.143411
-0.143362
-0.143313
-0.143263
-0.143213
-0.143163
-0.143115
-0.143067
-0.14302
-0.142973
-0.142923
-0.142867
-0.142801
-0.142722
-0.142625
-0.142507
-0.142367
-0.14221
-0.142044
-0.141888
-0.141769
-0.141718
-0.141775
-0.141977
-0.142351
-0.142905
-0.14362
-0.144432
-0.145241
-0.145916
-0.146307
-0.146272
-0.145714
-0.144569
-0.142867
-0.140754
-0.138543
-0.136724
-0.135935
-0.136776
-0.13965
-0.144459
-0.15055
-0.156901
-0.162468
-0.166552
-0.168825
-0.169259
-0.167981
-0.165165
-0.16098
-0.15556
-0.149
-0.141375
-0.13275
-0.123201
-0.112831
-0.101785
-0.090257
-0.0784886
-0.0667643
-0.0553946
-0.044695
-0.0349625
-0.0264523
-0.0193579
-0.0137985
-0.00981412
-0.00736811
-0.00635669
-0.00662384
-0.00797851
-0.0102121
-0.0131142
-0.016486
-0.020149
-0.023951
-0.0277682
-0.0315043
-0.0350887
-0.0384727
-0.0416257
-0.0445316
-0.0471849
-0.0495883
-0.0517497
-0.0536805
-0.0553943
-0.0569054
-0.0582284
-0.0593774
-0.0603683
-0.0612149
-0.0619281
-0.062518
-0.0629945
-0.0633666
-0.0636421
-0.0638276
-0.0639288
-0.0639505
-0.0638969
-0.0637712
-0.063576
-0.0633134
-0.0629853
-0.0625938
-0.0621408
-0.0616289
-0.061061
-0.0604406
-0.0597714
-0.0590568
-0.0582998
-0.0575019
-0.0566627
-0.0557794
-0.0548466
-0.0538564
-0.0527993
-0.0516651
-0.0504445
-0.0491311
-0.0477234
-0.0462259
-0.0446504
-0.0430159
-0.0413469
-0.0396715
-0.0380168
-0.0364041
-0.0348454
-0.0333391
-0.0318706
-0.0304142
-0.0289383
-0.0274128
-0.0258154
-0.024136
-0.0223796
-0.0205643
-0.0187195
-0.0168809
-0.0150874
-0.0133764
-0.0117812
-0.0103282
-0.00903537
-0.00791122
-0.00695453
-0.00615472
-0.00549308
-0.00494471
-0.0044812
-0.00407348
-0.00369493
-0.00332238
-0.00294089
-0.00253355
-0.00211394
-0.0016268
-0.00125559
-0.000437846
-0.00115096
-0.143916
-0.143944
-0.143929
-0.143922
-0.14392
-0.143919
-0.14392
-0.143921
-0.143923
-0.143926
-0.143928
-0.14393
-0.143932
-0.143933
-0.143933
-0.143931
-0.143929
-0.143924
-0.143917
-0.143909
-0.143899
-0.143887
-0.143872
-0.143856
-0.143837
-0.143816
-0.143792
-0.143766
-0.143738
-0.143706
-0.143673
-0.143637
-0.143598
-0.143557
-0.143513
-0.143468
-0.14342
-0.143371
-0.143321
-0.143271
-0.143221
-0.143172
-0.143124
-0.143077
-0.143031
-0.142985
-0.142936
-0.142881
-0.142817
-0.142738
-0.14264
-0.14252
-0.142377
-0.142214
-0.142043
-0.141879
-0.141753
-0.141696
-0.14175
-0.141951
-0.142326
-0.142882
-0.143597
-0.144407
-0.145211
-0.145878
-0.146261
-0.146229
-0.145675
-0.144549
-0.142886
-0.140839
-0.138718
-0.136997
-0.136266
-0.137097
-0.139816
-0.144312
-0.149994
-0.155936
-0.161185
-0.165065
-0.167242
-0.167651
-0.16638
-0.163578
-0.159399
-0.153978
-0.147422
-0.139823
-0.131272
-0.121871
-0.111753
-0.101085
-0.0900804
-0.0789883
-0.0680885
-0.0576736
-0.0480289
-0.0394111
-0.0320287
-0.0260262
-0.0214763
-0.0183781
-0.016663
-0.016206
-0.016841
-0.0183775
-0.0206169
-0.0233663
-0.0264493
-0.0297128
-0.0330306
-0.0363039
-0.0394593
-0.042446
-0.0452317
-0.0477989
-0.0501416
-0.0522614
-0.0541656
-0.0558651
-0.0573724
-0.0587012
-0.0598651
-0.0608771
-0.061749
-0.0624954
-0.0631282
-0.0636556
-0.0640855
-0.0644261
-0.0646845
-0.0648666
-0.0649777
-0.0650219
-0.0650029
-0.0649233
-0.0647854
-0.0645907
-0.0643403
-0.0640354
-0.063677
-0.0632667
-0.0628066
-0.0622996
-0.0617491
-0.0611593
-0.060534
-0.0598766
-0.0591887
-0.0584699
-0.0577164
-0.0569213
-0.0560743
-0.0551627
-0.0541723
-0.0530898
-0.051905
-0.0506129
-0.0492163
-0.0477269
-0.0461659
-0.0445625
-0.0429506
-0.0413645
-0.0398318
-0.038368
-0.0369715
-0.0356223
-0.0342847
-0.0329138
-0.031465
-0.0299023
-0.0282057
-0.0263737
-0.0244232
-0.0223855
-0.0203024
-0.0182209
-0.0161886
-0.0142505
-0.0124451
-0.010803
-0.00934455
-0.00807907
-0.00700457
-0.00610831
-0.00536829
-0.00475594
-0.00423909
-0.00378598
-0.00336645
-0.00295954
-0.00253849
-0.00212066
-0.00161839
-0.00129662
-0.000353164
-0.00161949
-0.144052
-0.144035
-0.144006
-0.143985
-0.143973
-0.143965
-0.14396
-0.143957
-0.143955
-0.143954
-0.143954
-0.143954
-0.143955
-0.143954
-0.143953
-0.14395
-0.143946
-0.14394
-0.143933
-0.143924
-0.143913
-0.1439
-0.143885
-0.143868
-0.143849
-0.143827
-0.143803
-0.143776
-0.143748
-0.143716
-0.143682
-0.143646
-0.143607
-0.143565
-0.143521
-0.143475
-0.143428
-0.143378
-0.143328
-0.143278
-0.143228
-0.143179
-0.143131
-0.143084
-0.143039
-0.142993
-0.142945
-0.142891
-0.142827
-0.142749
-0.142651
-0.142531
-0.142387
-0.142223
-0.14205
-0.141885
-0.141757
-0.141699
-0.141751
-0.141949
-0.142319
-0.142866
-0.143566
-0.144355
-0.145134
-0.145775
-0.146138
-0.146093
-0.145542
-0.144444
-0.142841
-0.140889
-0.138893
-0.1373
-0.136654
-0.137462
-0.139997
-0.144147
-0.149374
-0.154844
-0.159695
-0.163286
-0.165277
-0.165573
-0.164231
-0.161377
-0.157156
-0.151703
-0.14514
-0.13758
-0.129138
-0.119946
-0.11016
-0.0999692
-0.0895964
-0.0792912
-0.0693197
-0.0599489
-0.0514272
-0.0439667
-0.0377268
-0.0328037
-0.0292256
-0.0269549
-0.025896
-0.0259084
-0.0268217
-0.0284518
-0.0306151
-0.0331399
-0.0358751
-0.0386948
-0.0414992
-0.0442139
-0.0467873
-0.0491867
-0.0513941
-0.0534033
-0.0552157
-0.0568385
-0.058282
-0.0595583
-0.0606804
-0.0616611
-0.0625125
-0.0632457
-0.0638701
-0.0643987
-0.0648414
-0.0652038
-0.065492
-0.0657123
-0.0658702
-0.0659702
-0.0660159
-0.0660105
-0.0659563
-0.0658551
-0.065708
-0.0655156
-0.0652784
-0.0649964
-0.0646703
-0.064301
-0.0638904
-0.0634414
-0.0629578
-0.0624441
-0.061905
-0.0613444
-0.0607646
-0.0601652
-0.0595422
-0.0588872
-0.0581877
-0.0574276
-0.056589
-0.0556541
-0.0546083
-0.0534429
-0.0521586
-0.0507669
-0.0492912
-0.0477658
-0.0462321
-0.0447328
-0.0433037
-0.0419658
-0.0407181
-0.0395351
-0.0383698
-0.0371613
-0.0358475
-0.0343761
-0.0327143
-0.0308525
-0.0288045
-0.0266034
-0.0242957
-0.0219362
-0.0195822
-0.0172895
-0.0151088
-0.0130829
-0.0112448
-0.00961599
-0.00820563
-0.00701023
-0.00601454
-0.00519357
-0.00451528
-0.00394497
-0.00344636
-0.00299241
-0.00254439
-0.00212465
-0.00160113
-0.00135131
-0.000231408
-0.00229483
-0.144256
-0.144144
-0.144093
-0.144051
-0.144026
-0.144009
-0.143997
-0.143988
-0.143982
-0.143978
-0.143975
-0.143973
-0.143972
-0.14397
-0.143967
-0.143963
-0.143958
-0.143952
-0.143944
-0.143934
-0.143922
-0.143909
-0.143893
-0.143876
-0.143856
-0.143834
-0.143809
-0.143783
-0.143753
-0.143722
-0.143688
-0.143651
-0.143612
-0.14357
-0.143526
-0.14348
-0.143432
-0.143383
-0.143332
-0.143282
-0.143231
-0.143182
-0.143134
-0.143088
-0.143042
-0.142997
-0.142948
-0.142894
-0.14283
-0.142752
-0.142654
-0.142534
-0.14239
-0.142228
-0.142057
-0.141895
-0.14177
-0.141715
-0.141768
-0.141963
-0.142324
-0.142854
-0.143526
-0.144279
-0.145016
-0.145614
-0.14594
-0.145871
-0.145317
-0.144245
-0.142706
-0.140858
-0.138995
-0.137534
-0.136966
-0.137732
-0.140059
-0.14383
-0.148557
-0.153496
-0.15787
-0.161081
-0.162791
-0.162884
-0.161393
-0.158427
-0.154124
-0.148623
-0.142063
-0.134577
-0.126305
-0.117402
-0.108046
-0.0984389
-0.088805
-0.0793855
-0.0704254
-0.0621589
-0.0547935
-0.048494
-0.0433716
-0.039476
-0.0367953
-0.0352605
-0.0347556
-0.0351311
-0.0362191
-0.0378474
-0.0398521
-0.0420865
-0.0444267
-0.0467742
-0.0490552
-0.0512184
-0.0532314
-0.0550769
-0.0567487
-0.0582486
-0.0595839
-0.0607645
-0.0618023
-0.0627093
-0.0634977
-0.0641787
-0.0647627
-0.0652584
-0.0656726
-0.0660173
-0.0662995
-0.0665229
-0.0666918
-0.0668112
-0.0668849
-0.0669164
-0.0669079
-0.0668617
-0.0667791
-0.0666611
-0.066508
-0.0663197
-0.0660958
-0.0658359
-0.0655399
-0.0652085
-0.0648434
-0.0644474
-0.0640249
-0.0635811
-0.0631215
-0.0626511
-0.0621733
-0.0616879
-0.061191
-0.0606731
-0.0601198
-0.059512
-0.0588275
-0.0580442
-0.0571427
-0.0561103
-0.0549449
-0.0536576
-0.0522742
-0.0508346
-0.0493886
-0.0479895
-0.0466833
-0.0454982
-0.0444354
-0.043464
-0.0425243
-0.0415374
-0.04042
-0.0391007
-0.0375309
-0.0356913
-0.0335913
-0.0312645
-0.0287619
-0.0261453
-0.0234813
-0.0208361
-0.0182716
-0.0158428
-0.0135953
-0.0115633
-0.00976826
-0.0082183
-0.00690798
-0.00581951
-0.00492474
-0.00418934
-0.0035732
-0.00304455
-0.00255166
-0.00212342
-0.00157127
-0.00141801
-6.12624e-05
-0.00320979
-0.144569
-0.144262
-0.144179
-0.144108
-0.144069
-0.144042
-0.144023
-0.144009
-0.143999
-0.143991
-0.143986
-0.143983
-0.14398
-0.143977
-0.143973
-0.143968
-0.143963
-0.143956
-0.143947
-0.143937
-0.143925
-0.143911
-0.143895
-0.143877
-0.143857
-0.143835
-0.14381
-0.143784
-0.143754
-0.143722
-0.143688
-0.143651
-0.143612
-0.14357
-0.143526
-0.14348
-0.143432
-0.143382
-0.143332
-0.143281
-0.143231
-0.143181
-0.143133
-0.143086
-0.14304
-0.142993
-0.142944
-0.142889
-0.142824
-0.142744
-0.142645
-0.142524
-0.142381
-0.14222
-0.142052
-0.141894
-0.141773
-0.141721
-0.141774
-0.141963
-0.14231
-0.142815
-0.14345
-0.144155
-0.144836
-0.145375
-0.145647
-0.14554
-0.144972
-0.143919
-0.142438
-0.140688
-0.138948
-0.137604
-0.137089
-0.137784
-0.139868
-0.143221
-0.1474
-0.151746
-0.155565
-0.158306
-0.159642
-0.159448
-0.157741
-0.154618
-0.150213
-0.144674
-0.138152
-0.1308
-0.12278
-0.114264
-0.105444
-0.0965242
-0.087725
-0.0792699
-0.0713762
-0.064241
-0.0580278
-0.0528548
-0.0487865
-0.0458308
-0.0439412
-0.0430242
-0.0429509
-0.0435702
-0.0447233
-0.0462559
-0.0480278
-0.0499196
-0.0518356
-0.0537041
-0.0554751
-0.0571175
-0.0586148
-0.0599617
-0.0611605
-0.0622185
-0.0631454
-0.0639526
-0.0646515
-0.0652531
-0.0657677
-0.0662048
-0.0665723
-0.0668769
-0.0671222
-0.0673199
-0.0674741
-0.0675869
-0.0676613
-0.0677007
-0.067708
-0.0676855
-0.0676348
-0.0675571
-0.0674532
-0.0673234
-0.0671674
-0.0669845
-0.0667737
-0.0665341
-0.0662652
-0.0659672
-0.0656418
-0.0652921
-0.0649228
-0.0645401
-0.0641506
-0.0637607
-0.0633747
-0.0629936
-0.0626137
-0.0622249
-0.0618112
-0.0613505
-0.0608168
-0.0601833
-0.0594256
-0.0585268
-0.0574814
-0.0562997
-0.0550099
-0.0536577
-0.0523027
-0.0510102
-0.0498388
-0.0488268
-0.0479788
-0.0472594
-0.046595
-0.0458862
-0.0450259
-0.0439199
-0.0425018
-0.0407405
-0.0386396
-0.0362323
-0.0335733
-0.030731
-0.0277801
-0.0247966
-0.0218535
-0.019017
-0.016345
-0.0138844
-0.0116698
-0.00972209
-0.0080477
-0.00663903
-0.00547531
-0.00452626
-0.00375123
-0.00311624
-0.00255705
-0.00211087
-0.00152298
-0.00148914
0.000160814
-0.00435016
-0.145019
-0.144374
-0.144248
-0.14414
-0.144088
-0.144053
-0.144028
-0.144011
-0.143999
-0.14399
-0.143984
-0.143979
-0.143976
-0.143972
-0.143968
-0.143963
-0.143958
-0.14395
-0.143942
-0.143931
-0.143919
-0.143906
-0.14389
-0.143872
-0.143852
-0.14383
-0.143805
-0.143778
-0.143749
-0.143717
-0.143683
-0.143646
-0.143606
-0.143564
-0.14352
-0.143474
-0.143425
-0.143375
-0.143325
-0.143274
-0.143223
-0.143172
-0.143123
-0.143075
-0.143028
-0.142979
-0.142927
-0.142869
-0.142801
-0.142718
-0.142616
-0.142492
-0.142347
-0.142186
-0.142019
-0.141863
-0.141744
-0.141693
-0.141742
-0.141921
-0.142246
-0.142715
-0.1433
-0.143941
-0.144548
-0.14501
-0.145211
-0.145047
-0.144449
-0.1434
-0.141964
-0.140296
-0.138659
-0.137401
-0.136904
-0.137484
-0.139281
-0.142169
-0.14575
-0.149443
-0.152634
-0.154825
-0.15571
-0.155165
-0.153197
-0.149897
-0.145399
-0.139857
-0.133434
-0.126299
-0.118627
-0.110603
-0.102421
-0.0942823
-0.0863938
-0.0789551
-0.0721508
-0.0661381
-0.0610365
-0.056919
-0.0538076
-0.0516741
-0.0504447
-0.0500094
-0.0502346
-0.0509756
-0.0520892
-0.0534439
-0.0549263
-0.0564454
-0.0579327
-0.0593407
-0.06064
-0.0618156
-0.062863
-0.0637849
-0.0645887
-0.065284
-0.0658812
-0.066391
-0.0668232
-0.067187
-0.0674903
-0.0677404
-0.0679433
-0.0681035
-0.0682217
-0.0683083
-0.0683664
-0.0683966
-0.0684005
-0.0683805
-0.0683386
-0.0682764
-0.0681947
-0.0680945
-0.0679758
-0.0678387
-0.0676823
-0.0675056
-0.0673071
-0.0670854
-0.0668396
-0.0665698
-0.0662775
-0.0659661
-0.0656409
-0.0653088
-0.064978
-0.0646561
-0.0643491
-0.0640592
-0.0637833
-0.0635112
-0.0632255
-0.0629017
-0.06251
-0.0620188
-0.0613989
-0.0606283
-0.0596982
-0.0586175
-0.0574163
-0.0561465
-0.0548782
-0.0536905
-0.0526574
-0.0518294
-0.0512172
-0.0507814
-0.0504342
-0.0500533
-0.049505
-0.0486698
-0.0474609
-0.0458337
-0.0437855
-0.0413479
-0.0385785
-0.0355508
-0.0323473
-0.0290523
-0.0257486
-0.0225132
-0.0194156
-0.0165154
-0.0138603
-0.0114846
-0.00940823
-0.00763592
-0.00615721
-0.00494935
-0.00397479
-0.00320055
-0.00255198
-0.00207617
-0.00144785
-0.0015497
0.000424603
-0.00562548
-0.145495
-0.144392
-0.144253
-0.144128
-0.144062
-0.144026
-0.144004
-0.143988
-0.143977
-0.143969
-0.143964
-0.14396
-0.143957
-0.143954
-0.143951
-0.143947
-0.143942
-0.143935
-0.143927
-0.143918
-0.143906
-0.143892
-0.143877
-0.143859
-0.14384
-0.143818
-0.143793
-0.143766
-0.143737
-0.143705
-0.14367
-0.143633
-0.143593
-0.143551
-0.143506
-0.143459
-0.143411
-0.14336
-0.143308
-0.143256
-0.143203
-0.143151
-0.1431
-0.143049
-0.142998
-0.142945
-0.142888
-0.142824
-0.14275
-0.14266
-0.142552
-0.142422
-0.142272
-0.142106
-0.141935
-0.141777
-0.141654
-0.141597
-0.141634
-0.14179
-0.142081
-0.1425
-0.143017
-0.143573
-0.144085
-0.144447
-0.144555
-0.144313
-0.143663
-0.142599
-0.141185
-0.139575
-0.13801
-0.1368
-0.136273
-0.136689
-0.138149
-0.140525
-0.143463
-0.146454
-0.148961
-0.150546
-0.15093
-0.149998
-0.147755
-0.144289
-0.139735
-0.134251
-0.128008
-0.121185
-0.113963
-0.10653
-0.099077
-0.0917937
-0.0848657
-0.0784645
-0.0727387
-0.067805
-0.0637399
-0.0605751
-0.0582958
-0.0568449
-0.0561299
-0.0560335
-0.0564257
-0.0571759
-0.0581624
-0.0592796
-0.0604425
-0.061587
-0.0626689
-0.0636612
-0.0645502
-0.0653323
-0.0660107
-0.0665925
-0.0670867
-0.0675032
-0.0678511
-0.0681392
-0.0683751
-0.0685655
-0.0687163
-0.0688323
-0.0689177
-0.0689752
-0.0690059
-0.0690139
-0.069004
-0.0689763
-0.068931
-0.0688697
-0.0687938
-0.0687042
-0.0686016
-0.0684864
-0.0683586
-0.0682177
-0.0680627
-0.0678923
-0.0677046
-0.067498
-0.0672711
-0.0670238
-0.0667576
-0.066476
-0.066185
-0.0658925
-0.0656079
-0.0653405
-0.065098
-0.0648841
-0.0646967
-0.0645258
-0.064353
-0.0641516
-0.0638884
-0.0635272
-0.0630337
-0.062381
-0.0615562
-0.0605663
-0.0594429
-0.0582439
-0.0570505
-0.0559575
-0.0550563
-0.0544127
-0.054046
-0.0539143
-0.0539149
-0.0539009
-0.0537093
-0.0531929
-0.0522432
-0.0508012
-0.0488568
-0.04644
-0.0436099
-0.0404447
-0.0370321
-0.0334638
-0.0298306
-0.0262189
-0.0227089
-0.0193719
-0.016269
-0.0134484
-0.0109443
-0.00877555
-0.0069444
-0.00543873
-0.00422765
-0.00328261
-0.00252203
-0.00200369
-0.00133478
-0.00157781
0.000705641
-0.0068677
-0.147275
-0.144233
-0.144072
-0.144051
-0.143987
-0.143954
-0.143944
-0.143937
-0.143931
-0.143928
-0.143926
-0.143926
-0.143926
-0.143925
-0.143924
-0.143921
-0.143918
-0.143912
-0.143905
-0.143896
-0.143886
-0.143873
-0.143858
-0.143841
-0.143821
-0.143799
-0.143775
-0.143748
-0.143718
-0.143685
-0.14365
-0.143612
-0.143571
-0.143528
-0.143482
-0.143433
-0.143382
-0.143329
-0.143275
-0.143219
-0.143163
-0.143107
-0.143051
-0.142994
-0.142936
-0.142875
-0.14281
-0.142736
-0.14265
-0.142549
-0.142428
-0.142286
-0.142124
-0.141947
-0.141765
-0.141595
-0.141459
-0.141383
-0.141394
-0.141513
-0.14175
-0.142097
-0.142523
-0.142971
-0.14336
-0.143597
-0.143583
-0.143238
-0.142512
-0.141407
-0.13999
-0.138407
-0.136877
-0.13567
-0.135063
-0.135265
-0.136342
-0.138169
-0.140433
-0.142693
-0.144491
-0.145446
-0.145314
-0.143994
-0.141494
-0.137903
-0.133353
-0.128006
-0.122035
-0.115621
-0.108945
-0.10219
-0.0955366
-0.0891561
-0.0832086
-0.0778335
-0.0731423
-0.0692117
-0.0660787
-0.0637387
-0.0621479
-0.0612289
-0.0608801
-0.060986
-0.0614291
-0.0620986
-0.0628981
-0.0637495
-0.0645943
-0.0653922
-0.0661186
-0.0667617
-0.0673184
-0.0677918
-0.0681886
-0.068517
-0.0687857
-0.0690028
-0.0691754
-0.0693099
-0.0694114
-0.0694845
-0.0695327
-0.0695592
-0.0695664
-0.0695564
-0.069531
-0.0694863
-0.0694317
-0.0693664
-0.0692892
-0.069201
-0.0691031
-0.068996
-0.0688802
-0.0687559
-0.068623
-0.0684808
-0.0683283
-0.0681637
-0.0679852
-0.0677905
-0.0675782
-0.0673479
-0.0671009
-0.0668411
-0.0665749
-0.0663111
-0.0660606
-0.0658343
-0.0656416
-0.065488
-0.0653724
-0.0652857
-0.0652086
-0.0651125
-0.0649612
-0.0647142
-0.0643321
-0.0637828
-0.0630491
-0.0621353
-0.0610741
-0.0599288
-0.0587923
-0.0577759
-0.0569909
-0.0565216
-0.0563984
-0.0565783
-0.0569439
-0.0573217
-0.0575175
-0.0573545
-0.0567014
-0.055485
-0.0536881
-0.0513387
-0.0484974
-0.0452449
-0.0416734
-0.0378792
-0.033959
-0.0300067
-0.0261112
-0.0223548
-0.0188108
-0.0155417
-0.0125966
-0.0100098
-0.00779846
-0.00596368
-0.00448467
-0.00334069
-0.00244768
-0.00187394
-0.00117021
-0.00154702
0.000971838
-0.00786823
)
;

boundaryField
{
    inlet
    {
        type            zeroGradient;
    }
    outlet
    {
        type            fixedValue;
        value           uniform 0;
    }
    walls
    {
        type            zeroGradient;
    }
    frontAndBack
    {
        type            empty;
    }
}


// ************************************************************************* //
