/*--------------------------------*- C++ -*----------------------------------*\
  =========                 |
  \\      /  F ield         | OpenFOAM: The Open Source CFD Toolbox
   \\    /   O peration     | Website:  https://openfoam.org
    \\  /    A nd           | Version:  11
     \\/     M anipulation  |
\*---------------------------------------------------------------------------*/
FoamFile
{
    format      ascii;
    class       volScalarField;
    location    "17";
    object      p;
}
// * * * * * * * * * * * * * * * * * * * * * * * * * * * * * * * * * * * * * //

dimensions      [0 2 -2 0 0 0 0];

internalField   nonuniform List<scalar> 
4096
(
-2.29759e-08
0.00664845
0.0197107
0.0386939
0.0628843
0.0913652
0.123051
0.15673
0.191108
0.224863
0.256692
0.285363
0.309765
0.328951
0.342173
0.348916
0.348916
0.342173
0.328951
0.309765
0.285363
0.256692
0.224863
0.191108
0.15673
0.123051
0.0913652
0.0628843
0.0386939
0.0197107
0.00664846
-1.5922e-08
-1.48918e-08
0.00664678
0.0197044
0.0386837
0.0628708
0.0913485
0.123031
0.156707
0.191082
0.224833
0.256658
0.285326
0.309726
0.328909
0.342129
0.348871
0.348871
0.342129
0.328909
0.309726
0.285326
0.256658
0.224833
0.191082
0.156707
0.123031
0.0913485
0.0628708
0.0386837
0.0197044
0.00664677
-2.3926e-08
0.00664677
0.0132992
0.0263711
0.0453665
0.0695688
0.0980618
0.12976
0.16345
0.197839
0.231604
0.263442
0.292121
0.31653
0.335721
0.348947
0.355692
0.355692
0.348947
0.335721
0.31653
0.292121
0.263442
0.231604
0.197839
0.16345
0.12976
0.0980618
0.0695688
0.0453665
0.0263711
0.0132992
0.00664678
0.00664846
0.0132992
0.0263608
0.0453459
0.0695394
0.0980232
0.129712
0.163392
0.197771
0.231526
0.263353
0.292022
0.316422
0.335606
0.348826
0.355567
0.355567
0.348826
0.335606
0.316422
0.292022
0.263353
0.231526
0.197771
0.163392
0.129712
0.0980232
0.0695394
0.0453459
0.0263608
0.0132992
0.00664845
0.0197044
0.0263608
0.0394446
0.0584572
0.0826782
0.11119
0.142907
0.176616
0.211023
0.244803
0.276655
0.305347
0.329767
0.348966
0.362197
0.368946
0.368946
0.362197
0.348966
0.329767
0.305347
0.276655
0.244803
0.211023
0.176616
0.142907
0.11119
0.0826782
0.0584572
0.0394446
0.0263608
0.0197044
0.0197107
0.0263711
0.0394446
0.0584437
0.082652
0.111151
0.142853
0.176546
0.210936
0.2447
0.276535
0.30521
0.329614
0.3488
0.362021
0.368763
0.368763
0.362021
0.3488
0.329614
0.30521
0.276535
0.2447
0.210936
0.176546
0.142853
0.111151
0.082652
0.0584437
0.0394446
0.0263711
0.0197107
0.0386837
0.0453459
0.0584437
0.0774768
0.101721
0.130257
0.161999
0.195731
0.23016
0.263962
0.295832
0.324539
0.348972
0.368182
0.38142
0.388173
0.388173
0.38142
0.368182
0.348972
0.324539
0.295832
0.263962
0.23016
0.195731
0.161999
0.130257
0.101721
0.0774768
0.0584437
0.0453459
0.0386837
0.0386939
0.0453665
0.0584572
0.0774768
0.101707
0.130227
0.161951
0.195663
0.23007
0.263848
0.295695
0.324379
0.34879
0.36798
0.381204
0.387947
0.387947
0.381204
0.36798
0.34879
0.324379
0.295695
0.263848
0.23007
0.195663
0.161951
0.130227
0.101707
0.0774768
0.0584572
0.0453665
0.0386939
0.0628708
0.0695394
0.082652
0.101707
0.125977
0.15454
0.18631
0.220069
0.254524
0.288349
0.32024
0.348966
0.373414
0.392635
0.405882
0.412639
0.412639
0.405882
0.392635
0.373414
0.348966
0.32024
0.288349
0.254524
0.220069
0.18631
0.15454
0.125977
0.101707
0.082652
0.0695394
0.0628708
0.0628843
0.0695688
0.0826782
0.101721
0.125977
0.154524
0.186273
0.220009
0.254437
0.288234
0.320095
0.348791
0.373211
0.392408
0.405635
0.412379
0.412379
0.405635
0.392408
0.373211
0.348791
0.320095
0.288234
0.254437
0.220009
0.186273
0.154524
0.125977
0.101721
0.0826781
0.0695688
0.0628843
0.0913485
0.0980232
0.111151
0.130227
0.154524
0.183116
0.214914
0.248703
0.283185
0.317034
0.348948
0.377693
0.402156
0.42139
0.434645
0.441408
0.441408
0.434645
0.42139
0.402156
0.377693
0.348948
0.317034
0.283185
0.248703
0.214914
0.183116
0.154524
0.130227
0.111151
0.0980232
0.0913485
0.0913652
0.0980618
0.11119
0.130257
0.15454
0.183116
0.214893
0.248655
0.283107
0.316924
0.348803
0.377513
0.401942
0.421146
0.434377
0.441122
0.441122
0.434377
0.421146
0.401942
0.377513
0.348803
0.316924
0.283107
0.248655
0.214893
0.183116
0.15454
0.130257
0.11119
0.0980618
0.0913652
0.123031
0.129712
0.142853
0.161951
0.186273
0.214893
0.24672
0.280537
0.315046
0.348921
0.380857
0.409621
0.4341
0.453346
0.46661
0.473378
0.473378
0.46661
0.453346
0.4341
0.409621
0.380857
0.348921
0.315046
0.280537
0.24672
0.214893
0.186273
0.161951
0.142853
0.129712
0.123031
0.123051
0.12976
0.142907
0.161999
0.18631
0.214914
0.24672
0.28051
0.314987
0.348825
0.380722
0.409445
0.433885
0.453096
0.466331
0.473077
0.473077
0.466331
0.453096
0.433885
0.409445
0.380722
0.348825
0.314987
0.28051
0.24672
0.214914
0.18631
0.161999
0.142907
0.12976
0.123051
0.156707
0.163392
0.176546
0.195663
0.220009
0.248655
0.28051
0.314354
0.348888
0.382787
0.414744
0.443526
0.46802
0.487278
0.50055
0.507323
0.507323
0.50055
0.487278
0.46802
0.443526
0.414744
0.382787
0.348888
0.314354
0.28051
0.248655
0.220009
0.195663
0.176546
0.163392
0.156707
0.15673
0.16345
0.176616
0.195731
0.220069
0.248703
0.280537
0.314354
0.348855
0.382715
0.414629
0.443366
0.467816
0.487033
0.500272
0.507019
0.507019
0.500272
0.487033
0.467816
0.443366
0.414629
0.382715
0.348855
0.314354
0.280537
0.248703
0.220069
0.195731
0.176616
0.16345
0.15673
0.191082
0.197771
0.210936
0.23007
0.254437
0.283107
0.314987
0.348855
0.383413
0.417333
0.449309
0.478107
0.502615
0.521883
0.535162
0.541939
0.541939
0.535162
0.521883
0.502615
0.478107
0.449309
0.417333
0.383413
0.348855
0.314987
0.283107
0.254437
0.23007
0.210936
0.197771
0.191082
0.191108
0.197839
0.211023
0.23016
0.254524
0.283185
0.315046
0.348888
0.383413
0.417293
0.449223
0.477974
0.502433
0.521655
0.534897
0.541644
0.541644
0.534897
0.521655
0.502433
0.477973
0.449223
0.417293
0.383413
0.348888
0.315046
0.283185
0.254524
0.23016
0.211023
0.197839
0.191108
0.224833
0.231526
0.2447
0.263848
0.288234
0.316924
0.348825
0.382715
0.417293
0.451231
0.483223
0.512035
0.536554
0.55583
0.569116
0.575897
0.575897
0.569116
0.55583
0.536554
0.512035
0.483223
0.451231
0.417293
0.382715
0.348825
0.316924
0.288234
0.263848
0.2447
0.231526
0.224833
0.224863
0.231604
0.244803
0.263962
0.288349
0.317034
0.348921
0.382787
0.417333
0.451231
0.483176
0.511938
0.536405
0.555632
0.568876
0.575622
0.575622
0.568876
0.555632
0.536405
0.511938
0.483176
0.451231
0.417333
0.382787
0.348921
0.317034
0.288349
0.263962
0.244803
0.231604
0.224863
0.256658
0.263353
0.276535
0.295695
0.320095
0.348803
0.380722
0.414629
0.449223
0.483176
0.515181
0.544004
0.568532
0.587815
0.601106
0.60789
0.60789
0.601106
0.587815
0.568532
0.544004
0.515181
0.483176
0.449223
0.414629
0.380722
0.348803
0.320095
0.295695
0.276535
0.263353
0.256658
0.256692
0.263442
0.276655
0.295832
0.32024
0.348948
0.380857
0.414744
0.449309
0.483223
0.515181
0.543952
0.568425
0.587656
0.600901
0.607647
0.607647
0.600901
0.587656
0.568425
0.543952
0.515181
0.483223
0.449309
0.414744
0.380857
0.348948
0.32024
0.295832
0.276655
0.263442
0.256692
0.285326
0.292022
0.30521
0.324379
0.348791
0.377513
0.409445
0.443366
0.477974
0.511938
0.543952
0.572782
0.597316
0.616604
0.629899
0.636685
0.636685
0.629899
0.616604
0.597316
0.572782
0.543952
0.511938
0.477973
0.443366
0.409445
0.377513
0.348791
0.324379
0.30521
0.292022
0.285326
0.285363
0.292121
0.305347
0.324539
0.348966
0.377693
0.409621
0.443526
0.478107
0.512035
0.544004
0.572782
0.59726
0.616494
0.629739
0.636483
0.636483
0.629739
0.616494
0.59726
0.572782
0.544004
0.512035
0.478107
0.443526
0.409621
0.377693
0.348966
0.324539
0.305347
0.292121
0.285363
0.309726
0.316422
0.329614
0.34879
0.373211
0.401942
0.433885
0.467816
0.502433
0.536405
0.568425
0.59726
0.621798
0.641089
0.654385
0.661173
0.661173
0.654385
0.641089
0.621798
0.59726
0.568425
0.536405
0.502433
0.467816
0.433885
0.401942
0.373211
0.34879
0.329614
0.316422
0.309726
0.309765
0.31653
0.329767
0.348972
0.373414
0.402156
0.4341
0.46802
0.502615
0.536554
0.568532
0.597316
0.621798
0.641033
0.654278
0.66102
0.66102
0.654278
0.641033
0.621798
0.597316
0.568531
0.536554
0.502615
0.46802
0.4341
0.402156
0.373414
0.348972
0.329767
0.31653
0.309765
0.328909
0.335606
0.3488
0.36798
0.392408
0.421146
0.453096
0.487033
0.521655
0.555632
0.587656
0.616494
0.641033
0.660325
0.673623
0.680411
0.680411
0.673623
0.660325
0.641033
0.616494
0.587656
0.555632
0.521655
0.487033
0.453096
0.421146
0.392408
0.36798
0.3488
0.335606
0.328909
0.328951
0.335721
0.348966
0.368182
0.392635
0.42139
0.453346
0.487278
0.521883
0.55583
0.587815
0.616604
0.641089
0.660325
0.673569
0.68031
0.68031
0.673569
0.660325
0.641089
0.616604
0.587815
0.55583
0.521883
0.487278
0.453346
0.42139
0.392635
0.368182
0.348966
0.335721
0.328951
0.342129
0.348826
0.362021
0.381204
0.405635
0.434377
0.466331
0.500272
0.534897
0.568876
0.600901
0.629739
0.654278
0.673569
0.686866
0.693653
0.693653
0.686866
0.673569
0.654278
0.629739
0.600901
0.568876
0.534897
0.500272
0.466331
0.434377
0.405635
0.381204
0.362021
0.348826
0.342129
0.342173
0.348947
0.362197
0.38142
0.405882
0.434645
0.46661
0.50055
0.535162
0.569116
0.601106
0.629899
0.654385
0.673623
0.686866
0.693604
0.693604
0.686866
0.673623
0.654385
0.629899
0.601106
0.569116
0.535162
0.50055
0.46661
0.434645
0.405882
0.38142
0.362197
0.348947
0.342173
0.348871
0.355567
0.368763
0.387947
0.412379
0.441122
0.473077
0.507019
0.541644
0.575622
0.607647
0.636483
0.66102
0.68031
0.693604
0.70039
0.70039
0.693604
0.68031
0.66102
0.636483
0.607647
0.575622
0.541644
0.507019
0.473077
0.441122
0.412379
0.387947
0.368763
0.355567
0.348871
0.348916
0.355692
0.368946
0.388173
0.412639
0.441408
0.473378
0.507323
0.541939
0.575897
0.60789
0.636685
0.661173
0.680411
0.693653
0.70039
0.70039
0.693653
0.680411
0.661173
0.636685
0.60789
0.575897
0.541939
0.507323
0.473378
0.441408
0.412639
0.388173
0.368946
0.355692
0.348916
0.348871
0.355567
0.368763
0.387947
0.412379
0.441122
0.473077
0.507019
0.541644
0.575622
0.607647
0.636483
0.66102
0.68031
0.693604
0.70039
0.70039
0.693604
0.68031
0.66102
0.636483
0.607647
0.575622
0.541644
0.507019
0.473077
0.441122
0.412379
0.387947
0.368763
0.355567
0.348871
0.348916
0.355692
0.368946
0.388173
0.412639
0.441408
0.473378
0.507323
0.541939
0.575897
0.60789
0.636685
0.661173
0.680411
0.693653
0.70039
0.70039
0.693653
0.680411
0.661173
0.636685
0.60789
0.575897
0.541939
0.507323
0.473378
0.441408
0.412639
0.388173
0.368946
0.355692
0.348916
0.342129
0.348826
0.362021
0.381204
0.405635
0.434377
0.466331
0.500272
0.534897
0.568876
0.600901
0.629739
0.654278
0.673569
0.686866
0.693653
0.693653
0.686866
0.673569
0.654278
0.629739
0.600901
0.568876
0.534897
0.500272
0.466331
0.434377
0.405635
0.381204
0.362021
0.348826
0.342129
0.342173
0.348947
0.362197
0.38142
0.405882
0.434645
0.46661
0.50055
0.535162
0.569116
0.601106
0.629899
0.654385
0.673623
0.686866
0.693604
0.693604
0.686866
0.673623
0.654385
0.629899
0.601106
0.569116
0.535162
0.50055
0.46661
0.434645
0.405882
0.38142
0.362197
0.348947
0.342173
0.328909
0.335606
0.3488
0.36798
0.392408
0.421146
0.453096
0.487033
0.521655
0.555632
0.587656
0.616494
0.641033
0.660325
0.673623
0.680411
0.680411
0.673623
0.660325
0.641033
0.616494
0.587656
0.555632
0.521655
0.487033
0.453096
0.421146
0.392408
0.36798
0.3488
0.335606
0.328909
0.328951
0.335721
0.348966
0.368182
0.392635
0.42139
0.453346
0.487278
0.521883
0.55583
0.587815
0.616604
0.641089
0.660325
0.673569
0.68031
0.68031
0.673569
0.660325
0.641089
0.616604
0.587815
0.55583
0.521883
0.487278
0.453346
0.42139
0.392635
0.368182
0.348966
0.335721
0.328951
0.309726
0.316422
0.329614
0.34879
0.373211
0.401942
0.433885
0.467816
0.502433
0.536405
0.568425
0.59726
0.621798
0.641089
0.654385
0.661173
0.661173
0.654385
0.641089
0.621798
0.59726
0.568425
0.536405
0.502433
0.467816
0.433885
0.401942
0.373211
0.34879
0.329614
0.316422
0.309726
0.309765
0.31653
0.329767
0.348972
0.373414
0.402156
0.4341
0.46802
0.502615
0.536554
0.568532
0.597316
0.621798
0.641033
0.654278
0.66102
0.66102
0.654278
0.641033
0.621798
0.597316
0.568531
0.536554
0.502615
0.46802
0.4341
0.402156
0.373414
0.348972
0.329767
0.31653
0.309765
0.285326
0.292022
0.30521
0.324379
0.348791
0.377513
0.409445
0.443366
0.477974
0.511938
0.543952
0.572782
0.597316
0.616604
0.629899
0.636685
0.636685
0.629899
0.616604
0.597316
0.572782
0.543952
0.511938
0.477973
0.443366
0.409445
0.377513
0.348791
0.324379
0.30521
0.292022
0.285326
0.285363
0.292121
0.305347
0.324539
0.348966
0.377693
0.409621
0.443526
0.478107
0.512035
0.544004
0.572782
0.59726
0.616494
0.629739
0.636483
0.636483
0.629739
0.616494
0.59726
0.572782
0.544004
0.512035
0.478107
0.443526
0.409621
0.377693
0.348966
0.324539
0.305347
0.292121
0.285363
0.256658
0.263353
0.276535
0.295695
0.320095
0.348803
0.380722
0.414629
0.449223
0.483176
0.515181
0.544004
0.568532
0.587815
0.601106
0.60789
0.60789
0.601106
0.587815
0.568532
0.544004
0.515181
0.483176
0.449223
0.414629
0.380722
0.348803
0.320095
0.295695
0.276535
0.263353
0.256658
0.256692
0.263442
0.276655
0.295832
0.32024
0.348948
0.380857
0.414744
0.449309
0.483223
0.515181
0.543952
0.568425
0.587656
0.600901
0.607647
0.607647
0.600901
0.587656
0.568425
0.543952
0.515181
0.483223
0.449309
0.414744
0.380857
0.348948
0.32024
0.295832
0.276655
0.263442
0.256692
0.224833
0.231526
0.2447
0.263848
0.288234
0.316924
0.348825
0.382715
0.417293
0.451231
0.483223
0.512035
0.536554
0.55583
0.569116
0.575897
0.575897
0.569116
0.55583
0.536554
0.512035
0.483223
0.451231
0.417293
0.382715
0.348825
0.316924
0.288234
0.263848
0.2447
0.231526
0.224833
0.224863
0.231604
0.244803
0.263962
0.288349
0.317034
0.348921
0.382787
0.417333
0.451231
0.483176
0.511938
0.536405
0.555632
0.568876
0.575622
0.575622
0.568876
0.555632
0.536405
0.511938
0.483176
0.451231
0.417333
0.382787
0.348921
0.317034
0.288349
0.263962
0.244803
0.231604
0.224863
0.191082
0.197771
0.210936
0.23007
0.254437
0.283107
0.314987
0.348855
0.383413
0.417333
0.449309
0.478107
0.502615
0.521883
0.535162
0.541939
0.541939
0.535162
0.521883
0.502615
0.478107
0.449309
0.417333
0.383413
0.348855
0.314987
0.283107
0.254437
0.23007
0.210936
0.197771
0.191082
0.191108
0.197839
0.211023
0.23016
0.254524
0.283185
0.315046
0.348888
0.383413
0.417293
0.449223
0.477974
0.502433
0.521655
0.534897
0.541644
0.541644
0.534897
0.521655
0.502433
0.477973
0.449223
0.417293
0.383413
0.348888
0.315046
0.283185
0.254524
0.23016
0.211023
0.197839
0.191108
0.156707
0.163392
0.176546
0.195663
0.220009
0.248655
0.28051
0.314354
0.348888
0.382787
0.414744
0.443526
0.46802
0.487278
0.50055
0.507323
0.507323
0.50055
0.487278
0.46802
0.443526
0.414744
0.382787
0.348888
0.314354
0.28051
0.248655
0.220009
0.195663
0.176546
0.163392
0.156707
0.15673
0.16345
0.176616
0.195731
0.220069
0.248703
0.280537
0.314354
0.348855
0.382715
0.414629
0.443366
0.467816
0.487033
0.500272
0.507019
0.507019
0.500272
0.487033
0.467816
0.443366
0.414629
0.382715
0.348855
0.314354
0.280537
0.248703
0.220069
0.195731
0.176616
0.16345
0.15673
0.123031
0.129712
0.142853
0.161951
0.186273
0.214893
0.24672
0.280537
0.315046
0.348921
0.380857
0.409621
0.4341
0.453346
0.46661
0.473378
0.473378
0.46661
0.453346
0.4341
0.409621
0.380857
0.348921
0.315046
0.280537
0.24672
0.214893
0.186273
0.161951
0.142853
0.129712
0.123031
0.123051
0.12976
0.142907
0.161999
0.18631
0.214914
0.24672
0.28051
0.314987
0.348825
0.380722
0.409445
0.433885
0.453096
0.466331
0.473077
0.473077
0.466331
0.453096
0.433885
0.409445
0.380722
0.348825
0.314987
0.28051
0.24672
0.214914
0.18631
0.161999
0.142907
0.12976
0.123051
0.0913485
0.0980232
0.111151
0.130227
0.154524
0.183116
0.214914
0.248703
0.283185
0.317034
0.348948
0.377693
0.402156
0.42139
0.434645
0.441408
0.441408
0.434645
0.42139
0.402156
0.377693
0.348948
0.317034
0.283185
0.248703
0.214914
0.183116
0.154524
0.130227
0.111151
0.0980232
0.0913485
0.0913652
0.0980618
0.11119
0.130257
0.15454
0.183116
0.214893
0.248655
0.283107
0.316924
0.348803
0.377513
0.401942
0.421146
0.434377
0.441122
0.441122
0.434377
0.421146
0.401942
0.377513
0.348803
0.316924
0.283107
0.248655
0.214893
0.183116
0.15454
0.130257
0.11119
0.0980618
0.0913652
0.0628708
0.0695394
0.082652
0.101707
0.125977
0.15454
0.18631
0.220069
0.254524
0.288349
0.32024
0.348966
0.373414
0.392635
0.405882
0.412639
0.412639
0.405882
0.392635
0.373414
0.348966
0.32024
0.288349
0.254524
0.220069
0.18631
0.15454
0.125977
0.101707
0.082652
0.0695394
0.0628708
0.0628843
0.0695689
0.0826782
0.101721
0.125977
0.154524
0.186273
0.220009
0.254437
0.288234
0.320095
0.348791
0.373211
0.392408
0.405635
0.412379
0.412379
0.405635
0.392408
0.373211
0.348791
0.320095
0.288234
0.254437
0.220009
0.186273
0.154524
0.125977
0.101721
0.0826782
0.0695688
0.0628843
0.0386837
0.0453459
0.0584437
0.0774768
0.101721
0.130257
0.161999
0.195731
0.23016
0.263962
0.295832
0.324539
0.348972
0.368182
0.38142
0.388173
0.388173
0.38142
0.368182
0.348972
0.324539
0.295832
0.263962
0.23016
0.195731
0.161999
0.130257
0.101721
0.0774768
0.0584437
0.0453459
0.0386837
0.0386939
0.0453665
0.0584572
0.0774768
0.101707
0.130227
0.161951
0.195663
0.23007
0.263848
0.295695
0.324379
0.34879
0.36798
0.381204
0.387947
0.387947
0.381204
0.36798
0.34879
0.324379
0.295695
0.263848
0.23007
0.195663
0.161951
0.130227
0.101707
0.0774768
0.0584572
0.0453665
0.0386939
0.0197044
0.0263608
0.0394446
0.0584572
0.0826782
0.11119
0.142907
0.176616
0.211023
0.244803
0.276655
0.305347
0.329767
0.348966
0.362197
0.368946
0.368946
0.362197
0.348966
0.329767
0.305347
0.276655
0.244803
0.211023
0.176616
0.142907
0.11119
0.0826782
0.0584572
0.0394446
0.0263608
0.0197044
0.0197107
0.0263711
0.0394446
0.0584437
0.082652
0.111151
0.142853
0.176546
0.210936
0.2447
0.276535
0.30521
0.329614
0.3488
0.362021
0.368763
0.368763
0.362021
0.3488
0.329614
0.30521
0.276535
0.2447
0.210936
0.176546
0.142853
0.111151
0.082652
0.0584437
0.0394446
0.0263711
0.0197107
0.00664678
0.0132992
0.0263711
0.0453665
0.0695688
0.0980618
0.12976
0.16345
0.197839
0.231604
0.263442
0.292121
0.31653
0.335721
0.348947
0.355692
0.355692
0.348947
0.335721
0.31653
0.292121
0.263442
0.231604
0.197839
0.16345
0.12976
0.0980618
0.0695688
0.0453665
0.0263711
0.0132992
0.00664679
0.00664847
0.0132992
0.0263608
0.0453459
0.0695394
0.0980233
0.129712
0.163392
0.197771
0.231526
0.263353
0.292022
0.316422
0.335606
0.348826
0.355567
0.355567
0.348826
0.335606
0.316422
0.292022
0.263353
0.231526
0.197771
0.163392
0.129712
0.0980232
0.0695394
0.0453459
0.0263608
0.0132992
0.00664846
-1.44418e-08
0.00664846
0.0197107
0.0386939
0.0628843
0.0913652
0.123051
0.15673
0.191108
0.224863
0.256692
0.285363
0.309765
0.328951
0.342173
0.348916
0.348916
0.342173
0.328951
0.309765
0.285363
0.256692
0.224863
0.191108
0.15673
0.123051
0.0913652
0.0628843
0.0386939
0.0197107
0.00664847
-7.97921e-09
-7.17565e-09
0.00664679
0.0197044
0.0386837
0.0628708
0.0913485
0.123031
0.156707
0.191082
0.224833
0.256658
0.285326
0.309726
0.328909
0.342129
0.348871
0.348871
0.342129
0.328909
0.309726
0.285326
0.256658
0.224833
0.191082
0.156707
0.123031
0.0913485
0.0628708
0.0386837
0.0197044
0.00664678
-1.53668e-08
-1.41919e-08
0.00664678
0.0197044
0.0386837
0.0628708
0.0913485
0.123031
0.156707
0.191082
0.224833
0.256658
0.285326
0.309726
0.328909
0.342129
0.348871
0.348871
0.342129
0.328909
0.309726
0.285326
0.256658
0.224833
0.191082
0.156707
0.123031
0.0913485
0.0628708
0.0386837
0.0197044
0.00664679
-7.207e-09
-6.40383e-09
0.00664847
0.0197108
0.0386939
0.0628843
0.0913652
0.123051
0.15673
0.191108
0.224863
0.256692
0.285363
0.309765
0.328951
0.342173
0.348916
0.348916
0.342173
0.328951
0.309765
0.285363
0.256692
0.224863
0.191108
0.15673
0.123051
0.0913652
0.0628843
0.0386939
0.0197107
0.00664846
-1.53376e-08
0.00664846
0.0132992
0.0263608
0.0453459
0.0695394
0.0980232
0.129712
0.163392
0.197771
0.231526
0.263353
0.292022
0.316422
0.335606
0.348826
0.355567
0.355567
0.348826
0.335606
0.316422
0.292022
0.263353
0.231526
0.197771
0.163392
0.129712
0.0980232
0.0695394
0.0453459
0.0263608
0.0132992
0.00664847
0.00664679
0.0132992
0.0263711
0.0453665
0.0695689
0.0980618
0.12976
0.16345
0.197839
0.231604
0.263442
0.292121
0.31653
0.335721
0.348947
0.355692
0.355692
0.348947
0.335721
0.31653
0.292121
0.263442
0.231604
0.197839
0.16345
0.12976
0.0980618
0.0695688
0.0453665
0.0263711
0.0132992
0.00664678
0.0197107
0.0263711
0.0394446
0.0584437
0.082652
0.111151
0.142853
0.176546
0.210936
0.2447
0.276535
0.30521
0.329614
0.3488
0.362021
0.368763
0.368763
0.362021
0.3488
0.329614
0.30521
0.276535
0.2447
0.210936
0.176546
0.142853
0.111151
0.082652
0.0584437
0.0394446
0.0263711
0.0197107
0.0197044
0.0263608
0.0394446
0.0584572
0.0826782
0.11119
0.142907
0.176616
0.211023
0.244803
0.276655
0.305347
0.329767
0.348966
0.362197
0.368946
0.368946
0.362197
0.348966
0.329767
0.305347
0.276655
0.244803
0.211023
0.176616
0.142907
0.11119
0.0826782
0.0584572
0.0394446
0.0263608
0.0197044
0.0386939
0.0453665
0.0584572
0.0774768
0.101707
0.130227
0.161951
0.195663
0.23007
0.263848
0.295695
0.324379
0.34879
0.36798
0.381204
0.387947
0.387947
0.381204
0.36798
0.34879
0.324379
0.295695
0.263848
0.23007
0.195663
0.161951
0.130227
0.101707
0.0774768
0.0584572
0.0453665
0.0386939
0.0386837
0.0453459
0.0584437
0.0774768
0.101721
0.130257
0.161999
0.195731
0.23016
0.263962
0.295832
0.324539
0.348972
0.368182
0.38142
0.388173
0.388173
0.38142
0.368182
0.348972
0.324539
0.295832
0.263962
0.23016
0.195731
0.161999
0.130257
0.101721
0.0774768
0.0584437
0.0453459
0.0386837
0.0628843
0.0695688
0.0826782
0.101721
0.125977
0.154524
0.186273
0.220009
0.254437
0.288234
0.320095
0.348791
0.373211
0.392408
0.405635
0.412379
0.412379
0.405635
0.392408
0.373211
0.348791
0.320095
0.288234
0.254437
0.220009
0.186273
0.154524
0.125977
0.101721
0.0826782
0.0695689
0.0628843
0.0628708
0.0695394
0.082652
0.101707
0.125977
0.15454
0.18631
0.220069
0.254524
0.288349
0.32024
0.348966
0.373414
0.392635
0.405882
0.412639
0.412639
0.405882
0.392635
0.373414
0.348966
0.32024
0.288349
0.254524
0.220069
0.18631
0.15454
0.125977
0.101707
0.082652
0.0695394
0.0628708
0.0913652
0.0980618
0.11119
0.130257
0.15454
0.183116
0.214893
0.248655
0.283107
0.316924
0.348803
0.377513
0.401942
0.421146
0.434377
0.441122
0.441122
0.434377
0.421146
0.401942
0.377513
0.348803
0.316924
0.283107
0.248655
0.214893
0.183116
0.15454
0.130257
0.11119
0.0980618
0.0913652
0.0913485
0.0980233
0.111151
0.130227
0.154524
0.183116
0.214914
0.248703
0.283185
0.317034
0.348948
0.377693
0.402156
0.42139
0.434645
0.441408
0.441408
0.434645
0.42139
0.402156
0.377693
0.348948
0.317034
0.283185
0.248703
0.214914
0.183116
0.154524
0.130227
0.111151
0.0980232
0.0913485
0.123051
0.12976
0.142907
0.161999
0.18631
0.214914
0.24672
0.28051
0.314987
0.348825
0.380722
0.409445
0.433885
0.453096
0.466331
0.473077
0.473077
0.466331
0.453096
0.433885
0.409445
0.380722
0.348825
0.314987
0.28051
0.24672
0.214914
0.18631
0.161999
0.142907
0.12976
0.123051
0.123031
0.129712
0.142853
0.161951
0.186273
0.214893
0.24672
0.280537
0.315046
0.348921
0.380857
0.409621
0.4341
0.453346
0.46661
0.473378
0.473378
0.46661
0.453346
0.4341
0.409621
0.380857
0.348921
0.315046
0.280537
0.24672
0.214893
0.186273
0.161951
0.142853
0.129712
0.123031
0.15673
0.16345
0.176616
0.195731
0.220069
0.248703
0.280537
0.314354
0.348855
0.382715
0.414629
0.443366
0.467816
0.487033
0.500272
0.507019
0.507019
0.500272
0.487033
0.467816
0.443366
0.414629
0.382715
0.348855
0.314354
0.280537
0.248703
0.220069
0.195731
0.176616
0.16345
0.15673
0.156707
0.163392
0.176546
0.195663
0.220009
0.248655
0.28051
0.314354
0.348888
0.382787
0.414744
0.443526
0.46802
0.487278
0.50055
0.507323
0.507323
0.50055
0.487278
0.46802
0.443526
0.414744
0.382787
0.348888
0.314354
0.28051
0.248655
0.220009
0.195663
0.176546
0.163392
0.156707
0.191108
0.197839
0.211023
0.23016
0.254524
0.283185
0.315046
0.348888
0.383413
0.417293
0.449223
0.477974
0.502433
0.521655
0.534897
0.541644
0.541644
0.534897
0.521655
0.502433
0.477974
0.449223
0.417293
0.383413
0.348888
0.315046
0.283185
0.254524
0.23016
0.211023
0.197839
0.191108
0.191082
0.197771
0.210936
0.23007
0.254437
0.283107
0.314987
0.348855
0.383413
0.417333
0.449309
0.478107
0.502615
0.521883
0.535162
0.541939
0.541939
0.535162
0.521883
0.502615
0.478107
0.449309
0.417333
0.383413
0.348855
0.314987
0.283107
0.254437
0.23007
0.210936
0.197771
0.191082
0.224863
0.231604
0.244803
0.263962
0.288349
0.317034
0.348921
0.382787
0.417333
0.451231
0.483176
0.511938
0.536405
0.555632
0.568876
0.575622
0.575622
0.568876
0.555632
0.536405
0.511938
0.483176
0.451231
0.417333
0.382787
0.348921
0.317034
0.288349
0.263962
0.244803
0.231604
0.224863
0.224833
0.231526
0.2447
0.263848
0.288234
0.316924
0.348825
0.382715
0.417293
0.451231
0.483223
0.512035
0.536554
0.55583
0.569116
0.575897
0.575897
0.569116
0.55583
0.536554
0.512035
0.483223
0.451231
0.417293
0.382715
0.348825
0.316924
0.288234
0.263848
0.2447
0.231526
0.224833
0.256692
0.263442
0.276655
0.295832
0.32024
0.348948
0.380857
0.414744
0.449309
0.483223
0.515181
0.543952
0.568425
0.587656
0.600901
0.607647
0.607647
0.600901
0.587656
0.568425
0.543952
0.515181
0.483223
0.449309
0.414744
0.380857
0.348948
0.32024
0.295832
0.276655
0.263442
0.256692
0.256658
0.263353
0.276535
0.295695
0.320095
0.348803
0.380722
0.414629
0.449223
0.483176
0.515181
0.544004
0.568532
0.587815
0.601106
0.60789
0.60789
0.601106
0.587815
0.568532
0.544004
0.515181
0.483176
0.449223
0.414629
0.380722
0.348803
0.320095
0.295695
0.276535
0.263353
0.256658
0.285363
0.292121
0.305347
0.324539
0.348966
0.377693
0.409621
0.443526
0.478107
0.512035
0.544004
0.572782
0.59726
0.616494
0.629739
0.636483
0.636483
0.629739
0.616494
0.59726
0.572782
0.544004
0.512035
0.478107
0.443526
0.409621
0.377693
0.348966
0.324539
0.305347
0.292121
0.285363
0.285326
0.292022
0.30521
0.324379
0.348791
0.377513
0.409445
0.443366
0.477974
0.511938
0.543952
0.572782
0.597316
0.616604
0.629899
0.636685
0.636685
0.629899
0.616604
0.597316
0.572782
0.543952
0.511938
0.477973
0.443366
0.409445
0.377513
0.348791
0.324379
0.30521
0.292022
0.285326
0.309765
0.31653
0.329767
0.348972
0.373414
0.402156
0.4341
0.46802
0.502615
0.536554
0.568532
0.597316
0.621798
0.641033
0.654278
0.66102
0.66102
0.654278
0.641033
0.621798
0.597316
0.568532
0.536554
0.502615
0.46802
0.4341
0.402156
0.373414
0.348972
0.329767
0.31653
0.309765
0.309726
0.316422
0.329614
0.34879
0.373211
0.401942
0.433885
0.467816
0.502433
0.536405
0.568425
0.59726
0.621798
0.641089
0.654385
0.661173
0.661173
0.654385
0.641089
0.621798
0.59726
0.568425
0.536405
0.502433
0.467816
0.433885
0.401942
0.373211
0.34879
0.329614
0.316422
0.309726
0.328951
0.335721
0.348966
0.368182
0.392635
0.42139
0.453346
0.487278
0.521883
0.55583
0.587815
0.616604
0.641089
0.660325
0.673569
0.68031
0.68031
0.673569
0.660325
0.641089
0.616604
0.587815
0.55583
0.521883
0.487278
0.453346
0.42139
0.392635
0.368182
0.348966
0.335721
0.328951
0.328909
0.335606
0.3488
0.36798
0.392408
0.421146
0.453096
0.487033
0.521655
0.555632
0.587656
0.616494
0.641033
0.660325
0.673623
0.680411
0.680411
0.673623
0.660325
0.641033
0.616494
0.587656
0.555632
0.521655
0.487033
0.453096
0.421146
0.392408
0.36798
0.3488
0.335606
0.328909
0.342173
0.348947
0.362197
0.38142
0.405882
0.434645
0.46661
0.50055
0.535162
0.569116
0.601106
0.629899
0.654385
0.673623
0.686866
0.693604
0.693604
0.686866
0.673623
0.654385
0.629899
0.601106
0.569116
0.535162
0.50055
0.46661
0.434645
0.405882
0.38142
0.362197
0.348947
0.342173
0.342129
0.348826
0.362021
0.381204
0.405635
0.434377
0.466331
0.500272
0.534897
0.568876
0.600901
0.629739
0.654278
0.673569
0.686866
0.693653
0.693653
0.686866
0.673569
0.654278
0.629739
0.600901
0.568876
0.534897
0.500272
0.466331
0.434377
0.405635
0.381204
0.362021
0.348826
0.342129
0.348916
0.355692
0.368946
0.388173
0.412639
0.441408
0.473378
0.507323
0.541939
0.575897
0.60789
0.636685
0.661173
0.680411
0.693653
0.70039
0.70039
0.693653
0.680411
0.661173
0.636685
0.60789
0.575897
0.541939
0.507323
0.473378
0.441408
0.412639
0.388173
0.368946
0.355692
0.348916
0.348871
0.355567
0.368763
0.387947
0.412379
0.441122
0.473077
0.507019
0.541644
0.575622
0.607647
0.636483
0.66102
0.68031
0.693604
0.70039
0.70039
0.693604
0.68031
0.66102
0.636483
0.607647
0.575622
0.541644
0.507019
0.473077
0.441122
0.412379
0.387947
0.368763
0.355567
0.348871
0.348916
0.355692
0.368946
0.388173
0.412639
0.441408
0.473378
0.507323
0.541939
0.575897
0.60789
0.636685
0.661173
0.680411
0.693653
0.70039
0.70039
0.693653
0.680411
0.661173
0.636685
0.60789
0.575897
0.541939
0.507323
0.473378
0.441408
0.412639
0.388173
0.368946
0.355692
0.348916
0.348871
0.355567
0.368763
0.387947
0.412379
0.441122
0.473077
0.507019
0.541644
0.575622
0.607647
0.636483
0.66102
0.68031
0.693604
0.70039
0.70039
0.693604
0.68031
0.66102
0.636483
0.607647
0.575622
0.541644
0.507019
0.473077
0.441122
0.412379
0.387947
0.368763
0.355567
0.348871
0.342173
0.348947
0.362197
0.38142
0.405882
0.434645
0.46661
0.50055
0.535162
0.569116
0.601106
0.629899
0.654385
0.673623
0.686866
0.693604
0.693604
0.686866
0.673623
0.654385
0.629899
0.601106
0.569116
0.535162
0.50055
0.46661
0.434645
0.405882
0.38142
0.362197
0.348947
0.342173
0.342129
0.348826
0.362021
0.381204
0.405635
0.434377
0.466331
0.500272
0.534897
0.568876
0.600901
0.629739
0.654278
0.673569
0.686866
0.693653
0.693653
0.686866
0.673569
0.654278
0.629739
0.600901
0.568876
0.534897
0.500272
0.466331
0.434377
0.405635
0.381204
0.362021
0.348826
0.342129
0.328951
0.335721
0.348966
0.368182
0.392635
0.42139
0.453346
0.487278
0.521883
0.55583
0.587815
0.616604
0.641089
0.660325
0.673569
0.68031
0.68031
0.673569
0.660325
0.641089
0.616604
0.587815
0.55583
0.521883
0.487278
0.453346
0.42139
0.392635
0.368182
0.348966
0.335721
0.328951
0.328909
0.335606
0.3488
0.36798
0.392408
0.421146
0.453096
0.487033
0.521655
0.555632
0.587656
0.616494
0.641033
0.660325
0.673623
0.680411
0.680411
0.673623
0.660325
0.641033
0.616494
0.587656
0.555632
0.521655
0.487033
0.453096
0.421146
0.392408
0.36798
0.3488
0.335606
0.328909
0.309765
0.31653
0.329767
0.348972
0.373414
0.402156
0.4341
0.46802
0.502615
0.536554
0.568532
0.597316
0.621798
0.641033
0.654278
0.66102
0.66102
0.654278
0.641033
0.621798
0.597316
0.568531
0.536554
0.502615
0.46802
0.4341
0.402156
0.373414
0.348972
0.329767
0.31653
0.309765
0.309726
0.316422
0.329614
0.34879
0.373211
0.401942
0.433885
0.467816
0.502433
0.536405
0.568425
0.59726
0.621798
0.641089
0.654385
0.661173
0.661173
0.654385
0.641089
0.621798
0.59726
0.568425
0.536405
0.502433
0.467816
0.433885
0.401942
0.373211
0.34879
0.329614
0.316422
0.309726
0.285363
0.292121
0.305347
0.324539
0.348966
0.377693
0.409621
0.443526
0.478107
0.512035
0.544004
0.572782
0.59726
0.616494
0.629739
0.636483
0.636483
0.629739
0.616494
0.59726
0.572782
0.544004
0.512035
0.478107
0.443526
0.409621
0.377693
0.348966
0.324539
0.305347
0.292121
0.285363
0.285326
0.292022
0.30521
0.324379
0.348791
0.377513
0.409445
0.443366
0.477974
0.511938
0.543952
0.572782
0.597316
0.616604
0.629899
0.636685
0.636685
0.629899
0.616604
0.597316
0.572782
0.543952
0.511938
0.477973
0.443366
0.409445
0.377513
0.348791
0.324379
0.30521
0.292022
0.285326
0.256692
0.263442
0.276655
0.295832
0.32024
0.348948
0.380857
0.414744
0.449309
0.483223
0.515181
0.543952
0.568425
0.587656
0.600901
0.607647
0.607647
0.600901
0.587656
0.568425
0.543952
0.515181
0.483223
0.449309
0.414744
0.380857
0.348948
0.32024
0.295832
0.276655
0.263442
0.256692
0.256658
0.263353
0.276535
0.295695
0.320095
0.348803
0.380722
0.414629
0.449223
0.483176
0.515181
0.544004
0.568532
0.587815
0.601106
0.60789
0.60789
0.601106
0.587815
0.568531
0.544004
0.515181
0.483176
0.449223
0.414629
0.380722
0.348803
0.320095
0.295695
0.276535
0.263353
0.256658
0.224863
0.231604
0.244803
0.263962
0.288349
0.317034
0.348921
0.382787
0.417333
0.451231
0.483176
0.511938
0.536405
0.555632
0.568876
0.575622
0.575622
0.568876
0.555632
0.536405
0.511938
0.483176
0.451231
0.417333
0.382787
0.348921
0.317034
0.288349
0.263962
0.244803
0.231604
0.224863
0.224833
0.231526
0.2447
0.263848
0.288234
0.316924
0.348825
0.382715
0.417293
0.451231
0.483223
0.512035
0.536554
0.55583
0.569116
0.575897
0.575897
0.569116
0.55583
0.536554
0.512035
0.483223
0.451231
0.417293
0.382715
0.348825
0.316924
0.288234
0.263848
0.2447
0.231526
0.224833
0.191108
0.197839
0.211023
0.23016
0.254524
0.283185
0.315046
0.348888
0.383413
0.417293
0.449223
0.477973
0.502433
0.521655
0.534897
0.541644
0.541644
0.534897
0.521655
0.502433
0.477973
0.449223
0.417293
0.383413
0.348888
0.315046
0.283185
0.254524
0.23016
0.211023
0.197839
0.191108
0.191082
0.197771
0.210936
0.23007
0.254437
0.283107
0.314987
0.348855
0.383413
0.417333
0.449309
0.478107
0.502615
0.521883
0.535162
0.541939
0.541939
0.535162
0.521883
0.502615
0.478107
0.449309
0.417333
0.383413
0.348855
0.314986
0.283107
0.254437
0.23007
0.210936
0.197771
0.191082
0.15673
0.16345
0.176616
0.195731
0.220069
0.248703
0.280537
0.314354
0.348855
0.382715
0.414629
0.443366
0.467816
0.487033
0.500272
0.507019
0.507019
0.500272
0.487033
0.467816
0.443366
0.414629
0.382715
0.348855
0.314354
0.280537
0.248703
0.220069
0.195731
0.176616
0.16345
0.15673
0.156707
0.163392
0.176546
0.195663
0.220009
0.248655
0.28051
0.314354
0.348888
0.382787
0.414744
0.443526
0.46802
0.487278
0.50055
0.507323
0.507323
0.50055
0.487278
0.46802
0.443526
0.414744
0.382787
0.348888
0.314354
0.28051
0.248655
0.220009
0.195663
0.176546
0.163392
0.156707
0.123051
0.12976
0.142907
0.161999
0.18631
0.214914
0.24672
0.28051
0.314987
0.348825
0.380722
0.409445
0.433885
0.453096
0.466331
0.473077
0.473077
0.466331
0.453096
0.433885
0.409445
0.380722
0.348825
0.314987
0.28051
0.24672
0.214914
0.18631
0.161999
0.142907
0.12976
0.123051
0.123031
0.129712
0.142853
0.161951
0.186273
0.214893
0.24672
0.280537
0.315046
0.348921
0.380857
0.409621
0.4341
0.453346
0.46661
0.473378
0.473378
0.46661
0.453346
0.4341
0.409621
0.380857
0.348921
0.315046
0.280537
0.24672
0.214893
0.186273
0.161951
0.142853
0.129712
0.123031
0.0913652
0.0980618
0.11119
0.130257
0.15454
0.183116
0.214893
0.248655
0.283107
0.316924
0.348803
0.377513
0.401942
0.421146
0.434377
0.441122
0.441122
0.434377
0.421146
0.401942
0.377513
0.348803
0.316924
0.283107
0.248655
0.214893
0.183116
0.15454
0.130257
0.11119
0.0980618
0.0913652
0.0913485
0.0980232
0.111151
0.130227
0.154524
0.183116
0.214914
0.248703
0.283185
0.317034
0.348948
0.377693
0.402156
0.42139
0.434645
0.441408
0.441408
0.434645
0.42139
0.402156
0.377693
0.348948
0.317034
0.283185
0.248703
0.214914
0.183116
0.154524
0.130227
0.111151
0.0980232
0.0913485
0.0628843
0.0695688
0.0826781
0.101721
0.125977
0.154524
0.186273
0.220009
0.254437
0.288234
0.320095
0.348791
0.373211
0.392408
0.405635
0.412379
0.412379
0.405635
0.392408
0.373211
0.348791
0.320095
0.288234
0.254437
0.220009
0.186273
0.154524
0.125977
0.101721
0.0826781
0.0695688
0.0628843
0.0628708
0.0695394
0.082652
0.101707
0.125977
0.15454
0.18631
0.220069
0.254524
0.288349
0.32024
0.348966
0.373414
0.392635
0.405882
0.412639
0.412639
0.405882
0.392635
0.373414
0.348966
0.32024
0.288349
0.254524
0.220069
0.18631
0.15454
0.125977
0.101707
0.082652
0.0695394
0.0628708
0.0386939
0.0453665
0.0584572
0.0774768
0.101707
0.130227
0.161951
0.195663
0.23007
0.263848
0.295695
0.324379
0.34879
0.36798
0.381204
0.387947
0.387947
0.381204
0.36798
0.34879
0.324379
0.295695
0.263848
0.23007
0.195663
0.161951
0.130227
0.101707
0.0774768
0.0584572
0.0453665
0.0386939
0.0386837
0.0453459
0.0584437
0.0774768
0.101721
0.130257
0.161999
0.195731
0.23016
0.263962
0.295832
0.324539
0.348972
0.368182
0.38142
0.388173
0.388173
0.38142
0.368182
0.348972
0.324539
0.295832
0.263962
0.23016
0.195731
0.161999
0.130257
0.101721
0.0774768
0.0584437
0.0453459
0.0386837
0.0197107
0.0263711
0.0394446
0.0584437
0.082652
0.111151
0.142853
0.176546
0.210936
0.2447
0.276535
0.30521
0.329614
0.3488
0.362021
0.368763
0.368763
0.362021
0.3488
0.329614
0.30521
0.276535
0.2447
0.210936
0.176546
0.142853
0.111151
0.082652
0.0584437
0.0394446
0.0263711
0.0197107
0.0197044
0.0263608
0.0394446
0.0584572
0.0826782
0.11119
0.142907
0.176616
0.211023
0.244803
0.276655
0.305347
0.329767
0.348966
0.362197
0.368946
0.368946
0.362197
0.348966
0.329767
0.305347
0.276655
0.244803
0.211023
0.176616
0.142907
0.11119
0.0826781
0.0584572
0.0394446
0.0263608
0.0197044
0.00664845
0.0132992
0.0263608
0.0453459
0.0695394
0.0980232
0.129712
0.163392
0.197771
0.231526
0.263353
0.292022
0.316422
0.335606
0.348826
0.355567
0.355567
0.348826
0.335606
0.316422
0.292022
0.263353
0.231526
0.197771
0.163392
0.129712
0.0980232
0.0695394
0.0453459
0.0263608
0.0132992
0.00664846
0.00664678
0.0132992
0.0263711
0.0453665
0.0695688
0.0980618
0.12976
0.16345
0.197839
0.231604
0.263442
0.292121
0.31653
0.335721
0.348947
0.355692
0.355692
0.348947
0.335721
0.31653
0.292121
0.263442
0.231604
0.197839
0.16345
0.12976
0.0980618
0.0695688
0.0453665
0.0263711
0.0132992
0.00664677
-2.35324e-08
0.00664677
0.0197044
0.0386837
0.0628708
0.0913485
0.123031
0.156707
0.191082
0.224833
0.256658
0.285326
0.309726
0.328909
0.342129
0.348871
0.348871
0.342129
0.328909
0.309726
0.285326
0.256658
0.224833
0.191082
0.156707
0.123031
0.0913485
0.0628708
0.0386837
0.0197044
0.00664678
-1.65662e-08
-1.53179e-08
0.00664846
0.0197107
0.0386939
0.0628843
0.0913652
0.123051
0.15673
0.191108
0.224863
0.256692
0.285363
0.309765
0.328951
0.342173
0.348916
0.348916
0.342173
0.328951
0.309765
0.285363
0.256692
0.224863
0.191108
0.15673
0.123051
0.0913652
0.0628843
0.0386939
0.0197107
0.00664845
-2.44425e-08
)
;

boundaryField
{
    top
    {
        type            cyclic;
    }
    bottom
    {
        type            cyclic;
    }
    left
    {
        type            cyclic;
    }
    right
    {
        type            cyclic;
    }
    frontAndBack
    {
        type            empty;
    }
}


// ************************************************************************* //
