8.707581859606462689e-06
1.268124957527137387e-06
4.067464502180383501e-07
3.822175263197661769e-07
3.601329598889151495e-07
3.525846294940297509e-07
3.512664078229869898e-07
3.509776671649531989e-07
3.506988684755635845e-07
3.505775784076660607e-07
3.501781919148409311e-07
3.498356514109810358e-07
3.489519074690638112e-07
3.469213468217997277e-07
3.438321319481997336e-07
3.397712169778993208e-07
3.383167822442660391e-07
3.361436589063171794e-07
3.360098158343163024e-07
3.358964946109393721e-07
3.357675535221940774e-07
3.355648378646929408e-07
3.353480795962287299e-07
3.350556071169419343e-07
3.346363907775231123e-07
3.339611934963214375e-07
3.321357240000710532e-07
3.312474039297753153e-07
3.280327714940859116e-07
3.265772698247438011e-07
3.261382488337576958e-07
3.258518926241738710e-07
3.257922714202035031e-07
3.257313544484208641e-07
3.256461036065696700e-07
3.254818020850109254e-07
3.251564825628167376e-07
3.244584673334791802e-07
3.232711972063134660e-07
3.216706575720445964e-07
3.207225053970310342e-07
3.204072432527295378e-07
3.201037661018164477e-07
3.199386383885697214e-07
3.196666822337826660e-07
3.192884794636947243e-07
3.189118438071688803e-07
3.182644468094838445e-07
3.178027721416765808e-07
3.173012862677432719e-07
3.166943285250537430e-07
3.162970467533168759e-07
3.158642564580958567e-07
3.157574154288217682e-07
3.155138247407280879e-07
3.151697082823640268e-07
3.146146953568953940e-07
3.133215327393897250e-07
3.124974405372530968e-07
3.114812877026398137e-07
3.107681926857481619e-07
3.105222650412649186e-07
3.100909335259322751e-07
3.098426156126827372e-07
3.096836197421616953e-07
3.095454325874219700e-07
3.094331675191715197e-07
3.092409074664654277e-07
3.090119631415200539e-07
3.087466416923095150e-07
3.083624335753081934e-07
3.080059479966573783e-07
3.075154965417332196e-07
3.068829879333253701e-07
3.057656044632589478e-07
3.047040693149093918e-07
3.033132736594011687e-07
3.029642627140201439e-07
3.026022759814996563e-07
3.023831277611006071e-07
3.020327965156109149e-07
3.016877519423883609e-07
3.014078303857570817e-07
3.011551585505931638e-07
3.008732268766375126e-07
3.005540991832666633e-07
3.001473491887775080e-07
2.999617926776145881e-07
2.998054488801219063e-07
2.996821711939518387e-07
2.994119707186317042e-07
2.990347516946090249e-07
2.987095382030796143e-07
2.981673184071985307e-07
2.979013391426625572e-07
2.977702543579458206e-07
2.976970098929267557e-07
2.975804323096212742e-07
2.975058454376923484e-07
2.974064855778964029e-07
2.971086121599001129e-07
2.966097542258266217e-07
2.958364237476609233e-07
2.952521519632517647e-07
2.943051209138282970e-07
2.940990980217640650e-07
2.938871565637796768e-07
2.937850012178976477e-07
2.936828178419820051e-07
2.936066662369227082e-07
2.935037620708819033e-07
2.933808357812637063e-07
2.931664787010319490e-07
2.929998172135979008e-07
2.926940580528906023e-07
2.924068407642053882e-07
2.922868298464112950e-07
2.921444102387177904e-07
2.920762401378925944e-07
2.918944995742716259e-07
2.916527115724674109e-07
2.915541570471489559e-07
2.910887586992388161e-07
2.909206637400613516e-07
2.908099202146450532e-07
2.907342097338155904e-07
2.907007290750380399e-07
2.906444598978349022e-07
2.906083922002437999e-07
2.905421562262136402e-07
2.904258588700649879e-07
2.901957423517111651e-07
2.896859207750613171e-07
2.889233369930902268e-07
2.880436648606178011e-07
2.871527792558266574e-07
2.866605728763515743e-07
2.861247651829022040e-07
2.853005796942312506e-07
2.848359946259174598e-07
2.840438368969674846e-07
2.835779965395270444e-07
2.834669174968401684e-07
2.833947196934808730e-07
2.832813820184093247e-07
2.831258255958651434e-07
2.829096599275241231e-07
2.824371017545001554e-07
2.821675128237415190e-07
2.817354418084546856e-07
2.815817581174806991e-07
2.813914899385658772e-07
2.813073819766938371e-07
2.811555609178541646e-07
2.810475225424102562e-07
2.809709304800392396e-07
2.809145944464413483e-07
2.808142445163884225e-07
2.806243791864459116e-07
2.804151152599906555e-07
2.802072952900902296e-07
2.800663435771499478e-07
2.799878359033269050e-07
2.799248778889222113e-07
2.798054991577315043e-07
2.795050865881181179e-07
2.790872213964472831e-07
2.785205801682855097e-07
2.777474550073835746e-07
2.774278493991169444e-07
2.771854974906904544e-07
2.765295349421503059e-07
2.764131962405907863e-07
2.762890334749852996e-07
2.762390484864985397e-07
2.761609321792278292e-07
2.759743904735542489e-07
2.756777960190656957e-07
2.752024764308309847e-07
2.746826769888790843e-07
2.739276969460096192e-07
2.736130712970142693e-07
2.731923994811498066e-07
2.729491950473823452e-07
2.726104192210282069e-07
2.723876591150680999e-07
2.721287929108011354e-07
2.718568888215256496e-07
2.717474899099855791e-07
2.716596238257053931e-07
2.716119919394925799e-07
2.715667343083405337e-07
2.715070266578220250e-07
2.714270750187335298e-07
2.713066810501741981e-07
2.711387687889240608e-07
2.710539937031945378e-07
2.708705000119173864e-07
2.706387344708578931e-07
2.704218229309346847e-07
2.701980359506066965e-07
2.699421397846241659e-07
2.696690986237998119e-07
2.693803159052772342e-07
2.691426839465934959e-07
2.685464358102811847e-07
2.682479348961019428e-07
2.677600654736284063e-07
2.674011860081850247e-07
2.672140447391553875e-07
2.671555352991693577e-07
2.670904727039657039e-07
2.670537381616850432e-07
2.669705851027247865e-07
2.668792193153327811e-07
2.667692416435493212e-07
2.665952993237021760e-07
2.663492144105961047e-07
2.659275900198060050e-07
2.649818744794062515e-07
2.645375299474368926e-07
2.638898107868618061e-07
2.635409033544232378e-07
2.633995013833649737e-07
2.632742267013112302e-07
2.631929986759730941e-07
2.631516612232066951e-07
2.631028978347328580e-07
2.630597577815776223e-07
2.629897941765488721e-07
2.628020422355081869e-07
2.626618784540091640e-07
2.624275098525611258e-07
2.622204511083795296e-07
2.620141355402040695e-07
2.617821767663282413e-07
2.610003822464587717e-07
2.607935050832064851e-07
2.603685848109805186e-07
2.599512876914111887e-07
2.593760385283098661e-07
2.587700861877917321e-07
2.582570439168902474e-07
2.578868026893132765e-07
2.577911331599553046e-07
2.576463474689671675e-07
2.574796478611750524e-07
2.573718383112684397e-07
2.571491178213232965e-07
2.570339407579726388e-07
2.568366411882448208e-07
2.566879533583967827e-07
2.564899520982172029e-07
2.562677079604860736e-07
2.560132105002944765e-07
2.556750454499795259e-07
2.553829710051799029e-07
2.552370794529178804e-07
2.550942572398940511e-07
2.550080167333658453e-07
2.549276873449807377e-07
2.547318819246727806e-07
2.545603205632963062e-07
2.543745783381604383e-07
2.542673234421526709e-07
2.541676663188348044e-07
2.540183161467337145e-07
2.537897363564499864e-07
2.530484699908513706e-07
2.526244621884208722e-07
2.523589892664764625e-07
2.520892351789585341e-07
2.520233822987194986e-07
2.519694481628568097e-07
2.518636639631354685e-07
2.517150364247547028e-07
2.515007260102292814e-07
2.511489734200141537e-07
2.503514816984493797e-07
2.492824336089784179e-07
2.477146007490097384e-07
2.462154890298512263e-07
2.457544988760761169e-07
2.456514688078390494e-07
2.455753850765391088e-07
2.454718807408576097e-07
2.453774358119177709e-07
2.453343470610090103e-07
2.452109307459355900e-07
2.451231000935683774e-07
2.449477031877913457e-07
2.446389815303369186e-07
2.444778086689103546e-07
2.441303770729696590e-07
2.439277200396151244e-07
2.438051431001265150e-07
2.436236220697984962e-07
2.432150628894003815e-07
2.424670444976429712e-07
2.414220453527552955e-07
2.403622217311758068e-07
2.398816641076314202e-07
2.397682770307998971e-07
2.396559486480617138e-07
2.395667217891881516e-07
2.394999370371807001e-07
2.394300002789786331e-07
2.393361696347995225e-07
2.390207632251780914e-07
2.385035610947955584e-07
2.375228364204713797e-07
2.352831088704133045e-07
2.338914776571397770e-07
2.327449182667914010e-07
2.322305125890389274e-07
2.320322310059442790e-07
2.319311773438565132e-07
2.318341781872676494e-07
2.317634327557528793e-07
2.316127821381163991e-07
2.314132947563275937e-07
2.310275972187429397e-07
2.304841200837535057e-07
2.299617881506805472e-07
2.295625221359702968e-07
2.294375161924579400e-07
2.293367137374669081e-07
2.292543566652415883e-07
2.289658528621945255e-07
2.285954817580623677e-07
2.280732796901171951e-07
2.274127938057740681e-07
2.271345471529472039e-07
2.269929784625304665e-07
2.268792738339907712e-07
2.267296303768551496e-07
2.265454039516629840e-07
2.262782332388003538e-07
2.259329795337575922e-07
2.255248356310214005e-07
2.248537423119325884e-07
2.245495721590119780e-07
2.239746689748003554e-07
2.237431706948864028e-07
2.236683277602258442e-07
2.236153569769642828e-07
2.234809308316580009e-07
2.233347656866516814e-07
2.231857941339901746e-07
2.227497638367238350e-07
2.225027498556450026e-07
2.220234571094244731e-07
2.206303315632663689e-07
2.198007337626462657e-07
2.193600129510206583e-07
2.190282766461077486e-07
2.188833867477145615e-07
2.186918219349619250e-07
2.184018487922845793e-07
2.180561298416294547e-07
2.178140131475268962e-07
2.176040059328549731e-07
2.174812770457176895e-07
2.174185322674785184e-07
2.173517679570380176e-07
2.173022133764422215e-07
2.172141017881510262e-07
2.171206676038460150e-07
2.170721011982484275e-07
2.169853353532566570e-07
2.168357729451726366e-07
2.164796882199085169e-07
2.158550057511634434e-07
2.149525228903844035e-07
2.139001943494548693e-07
2.137372789537712013e-07
2.127232161969688375e-07
2.125868375166739387e-07
2.123209918619630474e-07
2.122788478130306281e-07
2.122134919448157576e-07
2.120963750867300916e-07
2.118995906836342896e-07
2.117214410621061022e-07
2.115583001376987024e-07
2.113567024572016858e-07
2.112377499592487106e-07
2.110654762615284607e-07
2.108130642375799737e-07
2.104540079530070511e-07
2.103151420615914712e-07
2.096197302158062539e-07
2.087019685775105059e-07
2.074607420333511525e-07
2.052041897941324439e-07
2.040971704246030174e-07
2.037263537364677951e-07
2.034700695385664379e-07
2.033596722544672168e-07
2.029603319837738916e-07
2.024053456376091852e-07
2.021754431945094310e-07
2.018314300820429501e-07
2.016890908470872459e-07
2.015749305265287173e-07
2.014121718204048408e-07
2.009768646905366718e-07
2.006769688953118473e-07
2.000603080269734582e-07
1.997049437299048927e-07
1.993432297700347644e-07
1.987006330625865158e-07
1.977928117173738609e-07
1.966276683353109811e-07
1.956488713647567549e-07
1.951800421777868670e-07
1.945806456161130482e-07
1.944326355925697221e-07
1.942741097707606295e-07
1.939847630825394301e-07
1.938986360875226550e-07
1.937580750085444591e-07
1.936862195649714573e-07
1.935677217587255244e-07
1.933844873199020296e-07
1.930431142779412952e-07
1.924803721401144297e-07
1.922199751547672118e-07
1.919359725925287526e-07
1.918592776619007113e-07
1.918094279937973742e-07
1.916934009670853520e-07
1.914925332192356910e-07
1.911751849341367552e-07
1.905793947440169080e-07
1.899923931370805244e-07
1.896660198251653510e-07
1.893100184731220101e-07
1.891783248539152875e-07
1.890466055778655256e-07
1.888925713250545332e-07
1.887034787143454272e-07
1.883455124234427962e-07
1.879634394717222350e-07
1.874370142929996655e-07
1.872712135065106560e-07
1.870757268122095558e-07
1.869535106504717425e-07
1.868480859239162458e-07
1.867707828472092380e-07
1.867044733310329404e-07
1.866097308343761059e-07
1.865639307287962664e-07
1.865136953416253850e-07
1.864086869872027761e-07
1.863515931857222234e-07
1.862630082537801047e-07
1.860439844354768069e-07
1.859618106547532986e-07
1.858716835173034025e-07
1.857372743997710486e-07
1.855192394787716110e-07
1.852709695537846470e-07
1.850586573357300744e-07
1.848005843834687175e-07
1.841289072272410469e-07
1.835223725385389619e-07
1.826245728006097631e-07
1.815322955899865838e-07
1.812353464995352246e-07
1.809412375861510263e-07
1.807249980334371994e-07
1.806264888081313600e-07
1.805669036513236790e-07
1.804708180497233520e-07
1.803973171141164699e-07
1.802977577191439519e-07
1.802089020776886553e-07
1.801809694856413480e-07
1.801437832813203497e-07
1.801164070811159947e-07
1.800416511358710427e-07
1.799259381143991641e-07
1.797068034907446407e-07
1.795996861671091377e-07
1.793880773805868911e-07
1.792660226506826491e-07
1.792219224851243265e-07
1.791720684404817161e-07
1.791091198902906560e-07
1.790467750974222417e-07
1.789753487246941701e-07
1.788706926570682678e-07
1.786287713788389209e-07
1.781859389011703880e-07
1.774515535401021542e-07
1.771766454819291179e-07
1.765508635374618965e-07
1.764161068490746113e-07
1.763178773977857648e-07
