/*--------------------------------*- C++ -*----------------------------------*\
  =========                 |
  \\      /  F ield         | OpenFOAM: The Open Source CFD Toolbox
   \\    /   O peration     | Website:  https://openfoam.org
    \\  /    A nd           | Version:  11
     \\/     M anipulation  |
\*---------------------------------------------------------------------------*/
FoamFile
{
    format      ascii;
    class       volScalarField;
    location    "21";
    object      p;
}
// * * * * * * * * * * * * * * * * * * * * * * * * * * * * * * * * * * * * * //

dimensions      [0 2 -2 0 0 0 0];

internalField   nonuniform List<scalar> 
8400
(
-0.0952242
-0.101455
-0.108133
-0.114205
-0.120138
-0.126172
-0.132305
-0.13851
-0.14479
-0.151162
-0.157646
-0.164262
-0.171037
-0.178005
-0.185213
-0.192724
-0.200633
-0.209098
-0.218451
-0.230291
-0.0948828
-0.101476
-0.108294
-0.11426
-0.120134
-0.126182
-0.132331
-0.13854
-0.144822
-0.151199
-0.157689
-0.164314
-0.171098
-0.178078
-0.1853
-0.192827
-0.200748
-0.209191
-0.218156
-0.227132
-0.0945689
-0.101454
-0.108426
-0.114302
-0.120101
-0.126154
-0.13232
-0.138527
-0.144802
-0.151173
-0.157658
-0.164273
-0.171045
-0.178006
-0.185199
-0.192675
-0.200487
-0.208655
-0.21689
-0.224071
-0.0942851
-0.101352
-0.108504
-0.114339
-0.120048
-0.126084
-0.132261
-0.138463
-0.144719
-0.15107
-0.157532
-0.164118
-0.17085
-0.177756
-0.184867
-0.192212
-0.199796
-0.207526
-0.214952
-0.220945
-0.0940113
-0.101182
-0.108508
-0.114345
-0.119968
-0.125968
-0.132146
-0.138336
-0.144563
-0.150878
-0.157298
-0.163831
-0.170492
-0.177303
-0.184279
-0.191425
-0.198694
-0.205917
-0.212601
-0.217749
-0.0937393
-0.10097
-0.108437
-0.114298
-0.119851
-0.125803
-0.131969
-0.13814
-0.144326
-0.150589
-0.156947
-0.163403
-0.169963
-0.176639
-0.183434
-0.190325
-0.19723
-0.20394
-0.209983
-0.214545
-0.0934662
-0.100731
-0.108301
-0.114194
-0.11969
-0.125591
-0.131732
-0.137874
-0.144009
-0.150205
-0.156483
-0.162838
-0.16927
-0.17578
-0.182358
-0.188961
-0.195484
-0.201709
-0.207217
-0.21138
-0.0931929
-0.100477
-0.108116
-0.114034
-0.119488
-0.125337
-0.131443
-0.137545
-0.143621
-0.149738
-0.15592
-0.162157
-0.16844
-0.174762
-0.1811
-0.1874
-0.193548
-0.199333
-0.204407
-0.208296
-0.0929239
-0.100218
-0.107897
-0.113828
-0.119247
-0.125048
-0.131114
-0.137168
-0.143176
-0.149206
-0.155282
-0.161389
-0.167509
-0.17363
-0.179721
-0.185721
-0.191514
-0.196915
-0.20164
-0.205341
-0.0926669
-0.0999658
-0.107659
-0.113588
-0.118978
-0.124738
-0.130759
-0.136759
-0.142696
-0.148635
-0.1546
-0.160569
-0.166523
-0.172441
-0.178288
-0.184002
-0.189475
-0.194547
-0.198997
-0.20257
-0.0924315
-0.0997305
-0.107415
-0.113328
-0.118693
-0.12442
-0.130397
-0.136339
-0.142204
-0.148052
-0.153905
-0.159739
-0.165529
-0.171251
-0.176869
-0.182321
-0.187513
-0.192312
-0.196546
-0.200034
-0.0922285
-0.0995229
-0.107177
-0.113059
-0.118406
-0.124109
-0.130044
-0.135928
-0.141722
-0.147485
-0.153232
-0.158937
-0.164573
-0.170115
-0.175526
-0.180748
-0.185702
-0.190278
-0.194348
-0.197782
-0.092069
-0.0993529
-0.106953
-0.112792
-0.11813
-0.123821
-0.129717
-0.135545
-0.141274
-0.146961
-0.152612
-0.158201
-0.1637
-0.169083
-0.174314
-0.179344
-0.184102
-0.188503
-0.192451
-0.195854
-0.0919637
-0.0992279
-0.106747
-0.112536
-0.11788
-0.12357
-0.12943
-0.135207
-0.140881
-0.146502
-0.152072
-0.157562
-0.162944
-0.168195
-0.173279
-0.178152
-0.182758
-0.187027
-0.190889
-0.194277
-0.0919221
-0.0991516
-0.106559
-0.112297
-0.117668
-0.123368
-0.129196
-0.134927
-0.140558
-0.146128
-0.151632
-0.157042
-0.162333
-0.167479
-0.17245
-0.177205
-0.181698
-0.185874
-0.189678
-0.193064
-0.0919525
-0.0991215
-0.106381
-0.112084
-0.117505
-0.123221
-0.129018
-0.134714
-0.140315
-0.145848
-0.151303
-0.156655
-0.161879
-0.16695
-0.171841
-0.176514
-0.18093
-0.185045
-0.188817
-0.192209
-0.0920603
-0.0991239
-0.106209
-0.111903
-0.117398
-0.123131
-0.128899
-0.13457
-0.140153
-0.145664
-0.151088
-0.156401
-0.161582
-0.166607
-0.171447
-0.176071
-0.180442
-0.184524
-0.188281
-0.191684
-0.0922478
-0.099129
-0.106035
-0.11177
-0.117351
-0.123091
-0.128833
-0.134491
-0.140067
-0.145567
-0.150974
-0.156268
-0.161427
-0.166429
-0.171245
-0.175845
-0.180196
-0.184266
-0.188022
-0.191438
-0.0925211
-0.0991122
-0.10587
-0.111696
-0.117354
-0.123088
-0.128812
-0.134467
-0.140045
-0.145543
-0.150946
-0.156236
-0.161391
-0.166388
-0.171201
-0.175799
-0.180151
-0.184226
-0.187991
-0.191422
-0.0928598
-0.0990914
-0.105716
-0.111665
-0.117384
-0.12311
-0.128826
-0.134485
-0.140071
-0.145575
-0.150985
-0.156283
-0.161447
-0.166456
-0.171281
-0.175894
-0.180263
-0.184356
-0.188142
-0.191593
-0.230328
-0.219018
-0.215674
-0.215447
-0.215019
-0.214631
-0.214468
-0.214358
-0.214211
-0.214025
-0.213801
-0.21353
-0.213209
-0.212834
-0.212402
-0.211912
-0.211363
-0.210751
-0.210076
-0.209336
-0.20853
-0.207657
-0.206715
-0.205702
-0.204618
-0.203461
-0.20223
-0.200923
-0.199538
-0.198075
-0.19653
-0.194902
-0.19319
-0.19139
-0.1895
-0.187519
-0.185443
-0.18327
-0.180997
-0.17862
-0.176137
-0.173544
-0.170839
-0.168019
-0.16508
-0.162021
-0.158838
-0.155531
-0.152098
-0.148539
-0.144855
-0.141048
-0.137121
-0.133079
-0.128928
-0.124677
-0.120337
-0.115919
-0.111439
-0.106911
-0.102354
-0.0977877
-0.0932318
-0.0887076
-0.0842366
-0.0798398
-0.0755377
-0.0713497
-0.0672931
-0.0633835
-0.0596338
-0.0560542
-0.0526521
-0.049432
-0.0463953
-0.0435411
-0.0408656
-0.0383629
-0.0360253
-0.0338436
-0.0318073
-0.0299053
-0.0281261
-0.0264579
-0.0248892
-0.023409
-0.0220065
-0.0206721
-0.0193965
-0.0181718
-0.0169904
-0.015846
-0.0147331
-0.0136469
-0.0125834
-0.0115395
-0.0105125
-0.00950051
-0.00850201
-0.00751619
-0.00654243
-0.00558038
-0.00463024
-0.00369225
-0.00276692
-0.00185495
-0.000957149
-7.44201e-05
0.000792287
0.00164198
0.00247367
0.00328635
0.00407906
0.00485088
0.00560094
0.00632845
0.00703266
0.00771292
0.00836867
0.00899942
0.00960475
0.0101844
0.010738
0.0112656
0.011767
0.0122422
0.0126912
0.0131143
0.0135116
0.0138834
0.0142299
0.0145515
0.0148486
0.0151216
0.0153708
0.0155968
0.0158
0.0159809
0.0161401
0.016278
0.016395
0.0164918
0.0165689
0.0166267
0.0166657
0.0166864
0.0166893
0.0166749
0.0166436
0.0165959
0.0165323
0.016453
0.0163587
0.0162496
0.0161261
0.0159887
0.0158377
0.0156734
0.0154963
0.0153065
0.0151045
0.0148906
0.0146651
0.0144282
0.0141803
0.0139215
0.0136523
0.0133728
0.0130833
0.012784
0.0124752
0.0121571
0.0118299
0.0114938
0.011149
0.0107958
0.0104343
0.0100648
0.00968732
0.00930216
0.00890948
0.00850944
0.00810221
0.00768796
0.00726686
0.00683907
0.00640475
0.00596408
0.00551722
0.00506434
0.00460564
0.00414133
0.00367163
0.00319675
0.00271722
0.0022326
0.00174638
0.00124736
0.000778874
0.000154326
-0.227193
-0.219027
-0.215409
-0.215072
-0.21476
-0.214355
-0.214163
-0.214065
-0.213936
-0.21376
-0.213544
-0.213281
-0.212965
-0.212592
-0.21216
-0.211668
-0.211114
-0.210496
-0.209812
-0.209062
-0.208243
-0.207354
-0.206394
-0.205362
-0.204256
-0.203076
-0.201818
-0.200482
-0.199067
-0.19757
-0.195989
-0.194323
-0.19257
-0.190728
-0.188793
-0.186765
-0.184639
-0.182415
-0.180088
-0.177657
-0.175119
-0.172471
-0.169711
-0.166835
-0.163844
-0.160733
-0.157503
-0.154153
-0.150683
-0.147093
-0.143387
-0.139568
-0.135639
-0.131608
-0.127482
-0.123272
-0.118987
-0.114642
-0.110252
-0.105832
-0.1014
-0.0969751
-0.0925765
-0.0882239
-0.0839369
-0.0797344
-0.0756344
-0.0716533
-0.0678058
-0.0641042
-0.0605586
-0.0571762
-0.0539618
-0.0509173
-0.0480423
-0.0453338
-0.0427869
-0.0403949
-0.0381494
-0.0360411
-0.03406
-0.0321954
-0.0304366
-0.0287731
-0.0271944
-0.0256908
-0.0242531
-0.0228729
-0.0215424
-0.0202549
-0.0190044
-0.0177856
-0.016594
-0.0154259
-0.0142783
-0.0131488
-0.0120355
-0.010937
-0.00985241
-0.00878156
-0.00772395
-0.00667966
-0.00564907
-0.00463272
-0.00363133
-0.00264576
-0.00167692
-0.000725815
0.000206528
0.00111907
0.00201077
0.00288061
0.00372764
0.00455091
0.00534959
0.0061229
0.00687012
0.00759065
0.00828396
0.00894961
0.00958727
0.0101967
0.0107777
0.0113302
0.0118542
0.0123499
0.0128172
0.0132566
0.0136682
0.0140525
0.0144097
0.0147403
0.0150449
0.0153238
0.0155777
0.0158071
0.0160125
0.0161945
0.0163538
0.0164909
0.0166063
0.0167008
0.0167748
0.016829
0.016864
0.0168801
0.0168782
0.0168585
0.0168218
0.0167684
0.0166988
0.0166136
0.0165132
0.016398
0.0162685
0.016125
0.0159679
0.0157977
0.0156147
0.0154192
0.0152117
0.0149923
0.0147614
0.0145194
0.0142665
0.014003
0.0137291
0.0134452
0.0131515
0.0128481
0.0125354
0.0122136
0.0118829
0.0115434
0.0111955
0.0108393
0.0104749
0.0101026
0.00972261
0.00933502
0.00894004
0.00853781
0.00812852
0.00771231
0.00728935
0.0068598
0.0064238
0.00598152
0.00553311
0.00507876
0.00461863
0.00415291
0.00368184
0.00320562
0.00272472
0.00223877
0.00175092
0.00125121
0.000778146
0.000166364
-0.224827
-0.219112
-0.215441
-0.214772
-0.214509
-0.21411
-0.213871
-0.213761
-0.213639
-0.21347
-0.213257
-0.212997
-0.212682
-0.212308
-0.211873
-0.211376
-0.210813
-0.210184
-0.209487
-0.20872
-0.207883
-0.206974
-0.205991
-0.204933
-0.2038
-0.202588
-0.201298
-0.199927
-0.198473
-0.196936
-0.195312
-0.193601
-0.1918
-0.189908
-0.187921
-0.185839
-0.183658
-0.181376
-0.178991
-0.176501
-0.173903
-0.171196
-0.168377
-0.165446
-0.1624
-0.15924
-0.155964
-0.152575
-0.149072
-0.145459
-0.141738
-0.137915
-0.133996
-0.129988
-0.1259
-0.121743
-0.117529
-0.113271
-0.108985
-0.104686
-0.100393
-0.0961211
-0.0918902
-0.0877177
-0.0836211
-0.079617
-0.0757206
-0.0719457
-0.0683038
-0.0648046
-0.0614551
-0.05826
-0.0552217
-0.05234
-0.0496128
-0.0470357
-0.044603
-0.0423073
-0.0401403
-0.0380929
-0.0361554
-0.034318
-0.0325711
-0.0309052
-0.0293112
-0.0277807
-0.0263058
-0.0248794
-0.0234952
-0.0221475
-0.0208315
-0.0195429
-0.0182784
-0.0170349
-0.0158103
-0.0146028
-0.0134111
-0.0122343
-0.0110723
-0.00992472
-0.00879165
-0.00767336
-0.00657045
-0.00548369
-0.00441394
-0.00336216
-0.00232937
-0.00131665
-0.00032507
0.00064427
0.00159031
0.00251201
0.00340839
0.00427853
0.00512158
0.00593678
0.00672343
0.00748097
0.00820888
0.00890678
0.00957437
0.0102114
0.0108179
0.0113937
0.0119389
0.0124537
0.0129383
0.013393
0.0138182
0.0142143
0.0145817
0.014921
0.0152327
0.0155175
0.0157759
0.0160086
0.0162162
0.0163995
0.016559
0.0166954
0.0168095
0.0169019
0.0169732
0.017024
0.0170552
0.0170671
0.0170605
0.017036
0.016994
0.0169353
0.0168602
0.0167693
0.0166631
0.0165421
0.0164068
0.0162575
0.0160947
0.0159188
0.0157302
0.0155293
0.0153163
0.0150917
0.0148558
0.0146088
0.0143511
0.014083
0.0138047
0.0135165
0.0132187
0.0129114
0.0125949
0.0122695
0.0119354
0.0115927
0.0112417
0.0108825
0.0105154
0.0101405
0.00975798
0.00936802
0.00897079
0.00856645
0.00815514
0.00773702
0.00731225
0.00688096
0.00644331
0.00599945
0.00554954
0.00509372
0.00463216
0.00416506
0.00369261
0.00321502
0.00273272
0.0022454
0.00175575
0.00125548
0.00077669
0.000182157
-0.222202
-0.218472
-0.215258
-0.214384
-0.214147
-0.213797
-0.213535
-0.213406
-0.213291
-0.213129
-0.212919
-0.212661
-0.212346
-0.21197
-0.21153
-0.211024
-0.210449
-0.209806
-0.209091
-0.208305
-0.207445
-0.206509
-0.205498
-0.204409
-0.203242
-0.201994
-0.200665
-0.199252
-0.197754
-0.19617
-0.194498
-0.192736
-0.190881
-0.188933
-0.186889
-0.184747
-0.182506
-0.180163
-0.177716
-0.175164
-0.172505
-0.169738
-0.166861
-0.163874
-0.160777
-0.15757
-0.154255
-0.150831
-0.147304
-0.143675
-0.13995
-0.136135
-0.132237
-0.128264
-0.124227
-0.120137
-0.116006
-0.111849
-0.107679
-0.103513
-0.0993661
-0.0952559
-0.0911982
-0.0872092
-0.0833039
-0.0794965
-0.0757995
-0.0722239
-0.0687785
-0.0654702
-0.0623036
-0.059281
-0.0564028
-0.0536671
-0.0510706
-0.048608
-0.046273
-0.0440581
-0.0419551
-0.0399554
-0.0380502
-0.0362306
-0.0344879
-0.0328138
-0.0312007
-0.0296413
-0.028129
-0.0266579
-0.0252228
-0.0238191
-0.022443
-0.0210912
-0.019761
-0.0184502
-0.0171571
-0.0158807
-0.0146199
-0.0133744
-0.0121444
-0.0109298
-0.00973065
-0.00854767
-0.00738159
-0.0062333
-0.00510377
-0.00399404
-0.00290522
-0.00183843
-0.000794791
0.000224561
0.00121853
0.00218608
0.0031262
0.00403796
0.00492052
0.00577311
0.00659506
0.0073858
0.00814485
0.00887183
0.00956649
0.0102286
0.0108582
0.0114553
0.0120199
0.0125523
0.0130527
0.0135216
0.0139593
0.0143664
0.0147433
0.0150907
0.0154093
0.0156995
0.0159623
0.0161982
0.016408
0.0165925
0.0167524
0.0168884
0.0170013
0.0170918
0.0171606
0.0172085
0.0172362
0.0172443
0.0172334
0.0172044
0.0171576
0.0170939
0.0170137
0.0169175
0.016806
0.0166796
0.0165388
0.0163841
0.016216
0.0160347
0.0158409
0.0156348
0.0154168
0.0151872
0.0149465
0.0146949
0.0144327
0.0141602
0.0138777
0.0135854
0.0132837
0.0129727
0.0126527
0.0123239
0.0119865
0.0116408
0.0112868
0.0109249
0.0105551
0.0101777
0.00979277
0.00940055
0.00900118
0.0085948
0.00818157
0.00776162
0.0073351
0.00690215
0.00646292
0.00601753
0.00556615
0.00510891
0.00464597
0.0041775
0.0037037
0.00322475
0.00274102
0.00225234
0.00176079
0.00126007
0.000774722
0.000200849
-0.219336
-0.217158
-0.21468
-0.213789
-0.213585
-0.213326
-0.213088
-0.21296
-0.212858
-0.212711
-0.212512
-0.212259
-0.211947
-0.211569
-0.211123
-0.210607
-0.21002
-0.209359
-0.208624
-0.207814
-0.206927
-0.205962
-0.204918
-0.203793
-0.202587
-0.201298
-0.199924
-0.198465
-0.196919
-0.195283
-0.193557
-0.191739
-0.189827
-0.18782
-0.185715
-0.183512
-0.181208
-0.178802
-0.176292
-0.173678
-0.170959
-0.168133
-0.165201
-0.162163
-0.15902
-0.155772
-0.152423
-0.148975
-0.145431
-0.141797
-0.138079
-0.134283
-0.130418
-0.126494
-0.122519
-0.118508
-0.114471
-0.110423
-0.106379
-0.102352
-0.0983576
-0.0944112
-0.0905271
-0.0867192
-0.0830004
-0.0793821
-0.0758745
-0.0724857
-0.0692223
-0.0660886
-0.0630871
-0.0602183
-0.0574808
-0.0548718
-0.0523869
-0.0500204
-0.0477657
-0.0456156
-0.0435624
-0.0415981
-0.0397147
-0.0379044
-0.0361596
-0.0344733
-0.0328388
-0.0312501
-0.0297017
-0.0281889
-0.0267074
-0.0252534
-0.023824
-0.0224166
-0.0210292
-0.0196601
-0.0183081
-0.0169724
-0.0156525
-0.0143487
-0.0130609
-0.0117891
-0.0105339
-0.00929596
-0.00807625
-0.00687569
-0.00569534
-0.00453629
-0.0033997
-0.00228674
-0.00119856
-0.000136327
0.000898845
0.00190588
0.00288378
0.00383159
0.00474846
0.00563361
0.00648638
0.00730619
0.00809259
0.00884519
0.00956376
0.0102481
0.0108983
0.0115143
0.0120962
0.0126444
0.0131591
0.0136408
0.0140899
0.0145069
0.0148926
0.0152474
0.0155722
0.0158676
0.0161344
0.0163733
0.0165853
0.016771
0.0169313
0.017067
0.0171789
0.0172678
0.0173345
0.0173798
0.0174044
0.017409
0.0173944
0.0173613
0.0173102
0.0172419
0.017157
0.0170561
0.0169397
0.0168083
0.0166626
0.0165029
0.0163298
0.0161437
0.015945
0.0157341
0.0155114
0.0152773
0.0150322
0.0147762
0.0145099
0.0142333
0.0139469
0.0136509
0.0133456
0.0130312
0.0127078
0.0123759
0.0120355
0.0116868
0.0113301
0.0109655
0.0105933
0.0102135
0.00982638
0.00943204
0.00903065
0.00862236
0.00820731
0.00778564
0.00735747
0.00692296
0.00648222
0.00603539
0.00558261
0.00512402
0.00465975
0.00418997
0.00371486
0.00323458
0.00274946
0.00225942
0.00176595
0.00126488
0.000772499
0.000221394
-0.216386
-0.215384
-0.2137
-0.212954
-0.212813
-0.212671
-0.212505
-0.212406
-0.21233
-0.212211
-0.21203
-0.211789
-0.211482
-0.211106
-0.210655
-0.21013
-0.209529
-0.20885
-0.208093
-0.207256
-0.20634
-0.205342
-0.204261
-0.203098
-0.201849
-0.200516
-0.199095
-0.197586
-0.195987
-0.194297
-0.192515
-0.190639
-0.188667
-0.186599
-0.184433
-0.182167
-0.1798
-0.177332
-0.174762
-0.172088
-0.169312
-0.166432
-0.16345
-0.160367
-0.157184
-0.153904
-0.150531
-0.147067
-0.143518
-0.13989
-0.136189
-0.132424
-0.128603
-0.124737
-0.120836
-0.116912
-0.112978
-0.109046
-0.105131
-0.101245
-0.0974032
-0.093618
-0.0899022
-0.0862676
-0.0827246
-0.0792826
-0.075949
-0.0727299
-0.0696296
-0.0666504
-0.0637931
-0.0610567
-0.0584387
-0.0559356
-0.0535423
-0.0512532
-0.0490619
-0.0469614
-0.0449446
-0.0430045
-0.041134
-0.0393262
-0.0375747
-0.0358735
-0.034217
-0.0326002
-0.0310186
-0.0294683
-0.0279458
-0.0264482
-0.0249731
-0.0235184
-0.0220826
-0.0206646
-0.0192634
-0.0178786
-0.0165097
-0.0151576
-0.013822
-0.0125031
-0.0112016
-0.00991841
-0.00865447
-0.00741078
-0.00618844
-0.00498858
-0.00381239
-0.00266106
-0.0015358
-0.00043778
0.000631869
0.00167205
0.00268174
0.00365997
0.00460588
0.00551869
0.00639771
0.00724237
0.0080522
0.00882684
0.00956604
0.0102697
0.0109377
0.0115701
0.0121672
0.0127293
0.0132565
0.0137495
0.0142086
0.0146346
0.015028
0.0153895
0.0157199
0.0160199
0.0162904
0.0165322
0.0167461
0.0169331
0.0170939
0.0172294
0.0173405
0.0174281
0.017493
0.017536
0.0175579
0.0175595
0.0175415
0.0175048
0.0174499
0.0173776
0.0172885
0.0171833
0.0170625
0.0169267
0.0167765
0.0166124
0.0164348
0.0162442
0.0160412
0.015826
0.0155991
0.0153609
0.0151117
0.0148518
0.0145816
0.0143014
0.0140115
0.013712
0.0134034
0.0130858
0.0127594
0.0124246
0.0120814
0.0117301
0.0113709
0.0110039
0.0106294
0.0102474
0.00985824
0.00946195
0.0090587
0.00864865
0.00823192
0.00780865
0.00737896
0.00694298
0.00650085
0.00605268
0.00559859
0.00513873
0.00467321
0.0042022
0.00372584
0.0032443
0.00275782
0.00226647
0.00177112
0.00126978
0.000770289
0.000242642
-0.213427
-0.213304
-0.212369
-0.211888
-0.211858
-0.211854
-0.211795
-0.211755
-0.21172
-0.211637
-0.211485
-0.211262
-0.210966
-0.210593
-0.21014
-0.209606
-0.208991
-0.208294
-0.207513
-0.206649
-0.205701
-0.204668
-0.20355
-0.202345
-0.201053
-0.199672
-0.198203
-0.196642
-0.19499
-0.193245
-0.191406
-0.189472
-0.187441
-0.185313
-0.183086
-0.18076
-0.178334
-0.175807
-0.17318
-0.170452
-0.167624
-0.164697
-0.161672
-0.158551
-0.155338
-0.152035
-0.148646
-0.145177
-0.141633
-0.138021
-0.134348
-0.130624
-0.126857
-0.123057
-0.119236
-0.115406
-0.111577
-0.107764
-0.103977
-0.100231
-0.0965357
-0.0929038
-0.0893459
-0.0858714
-0.082489
-0.0792055
-0.0760267
-0.0729565
-0.0699973
-0.06715
-0.0644141
-0.0617875
-0.0592672
-0.0568491
-0.054528
-0.0522986
-0.0501546
-0.0480899
-0.0460981
-0.0441728
-0.042308
-0.0404977
-0.0387366
-0.0370194
-0.0353417
-0.0336991
-0.0320881
-0.0305053
-0.0289479
-0.0274137
-0.0259005
-0.0244069
-0.0229317
-0.0214739
-0.0200329
-0.0186087
-0.0172005
-0.0158096
-0.0144355
-0.0130789
-0.0117404
-0.010421
-0.0091217
-0.00784344
-0.00658739
-0.00535471
-0.00414661
-0.00296431
-0.00180902
-0.000681926
0.000415803
0.00148306
0.0025188
0.00352205
0.00449192
0.00542762
0.00632844
0.00719381
0.00802324
0.00881636
0.00957293
0.0102928
0.0109759
0.0116224
0.0122325
0.0128063
0.0133444
0.013847
0.0143149
0.0147486
0.0151487
0.0155161
0.0158514
0.0161556
0.0164294
0.0166737
0.0168895
0.0170776
0.0172389
0.0173744
0.0174849
0.0175714
0.0176348
0.0176758
0.0176955
0.0176944
0.0176736
0.0176337
0.0175755
0.0174997
0.0174069
0.0172979
0.0171733
0.0170336
0.0168795
0.0167114
0.0165299
0.0163354
0.0161285
0.0159094
0.0156788
0.0154369
0.0151841
0.0149207
0.0146471
0.0143636
0.0140705
0.013768
0.0134564
0.013136
0.0128069
0.0124694
0.0121238
0.0117701
0.0114086
0.0110395
0.0106629
0.010279
0.00988789
0.00948983
0.0090849
0.00867324
0.00825499
0.00783027
0.00739919
0.00696189
0.00651848
0.00606908
0.0056138
0.00515277
0.0046861
0.00421393
0.00373641
0.00325368
0.00276594
0.00227335
0.00177621
0.00127463
0.000768339
0.000263419
-0.210516
-0.211058
-0.210786
-0.210636
-0.210766
-0.210915
-0.210985
-0.211028
-0.211051
-0.211015
-0.210898
-0.210699
-0.210418
-0.210052
-0.209598
-0.209057
-0.208428
-0.207712
-0.206908
-0.206016
-0.205037
-0.203969
-0.202812
-0.201565
-0.200229
-0.198802
-0.197283
-0.195671
-0.193967
-0.192168
-0.190273
-0.188283
-0.186195
-0.18401
-0.181727
-0.179344
-0.176864
-0.174284
-0.171606
-0.16883
-0.165958
-0.162991
-0.159932
-0.156784
-0.153549
-0.150233
-0.146839
-0.143374
-0.139845
-0.136258
-0.132622
-0.128946
-0.125239
-0.121512
-0.117775
-0.114039
-0.110317
-0.106618
-0.102956
-0.0993401
-0.0957817
-0.0922905
-0.0888753
-0.0855437
-0.0823025
-0.0791569
-0.0761106
-0.0731662
-0.0703246
-0.0675857
-0.064948
-0.062409
-0.0599651
-0.0576123
-0.0553455
-0.0531597
-0.0510492
-0.0490085
-0.047032
-0.0451142
-0.0432497
-0.0414337
-0.0396614
-0.0379286
-0.0362313
-0.0345661
-0.0329299
-0.0313199
-0.0297339
-0.0281699
-0.0266262
-0.0251016
-0.0235951
-0.0221059
-0.0206336
-0.019178
-0.0177401
-0.0163188
-0.0149149
-0.013529
-0.0121619
-0.0108144
-0.00948753
-0.00818239
-0.00690006
-0.00564176
-0.00440868
-0.00320205
-0.00202311
-0.000873067
0.00024691
0.00133569
0.00239222
0.00341549
0.00440461
0.00535875
0.00627722
0.0071594
0.0080048
0.00881304
0.00958386
0.0103171
0.0110128
0.0116709
0.0122917
0.0128754
0.0134225
0.0139334
0.0144086
0.0148488
0.0152547
0.0156271
0.0159667
0.0162744
0.0165511
0.0167976
0.017015
0.0172041
0.017366
0.0175015
0.0176116
0.0176972
0.0177593
0.0177988
0.0178165
0.0178133
0.01779
0.0177474
0.0176863
0.0176075
0.0175117
0.0173994
0.0172715
0.0171284
0.0169709
0.0167993
0.0166144
0.0164165
0.0162062
0.0159839
0.0157499
0.0155048
0.0152489
0.0149824
0.0147059
0.0144195
0.0141235
0.0138184
0.0135042
0.0131812
0.0128497
0.01251
0.0121621
0.0118063
0.0114428
0.0110718
0.0106933
0.0103077
0.00991497
0.00951533
0.00910891
0.00869583
0.00827621
0.00785019
0.00741788
0.00697939
0.00653484
0.00608433
0.00562798
0.00516589
0.00469819
0.00422497
0.00374639
0.00326257
0.00277365
0.00227991
0.00178112
0.00127932
0.000766856
0.000282622
-0.207711
-0.208764
-0.209058
-0.209263
-0.20959
-0.209902
-0.210115
-0.21026
-0.210352
-0.21037
-0.210296
-0.210126
-0.209863
-0.209505
-0.209053
-0.208505
-0.207864
-0.20713
-0.206304
-0.205385
-0.204374
-0.203271
-0.202077
-0.20079
-0.199411
-0.197939
-0.196373
-0.194713
-0.192958
-0.191108
-0.189162
-0.18712
-0.18498
-0.182743
-0.180409
-0.177977
-0.175448
-0.172822
-0.170101
-0.167286
-0.164379
-0.161382
-0.158298
-0.15513
-0.151884
-0.148563
-0.145174
-0.141723
-0.138216
-0.134662
-0.131069
-0.127446
-0.123803
-0.120149
-0.116495
-0.112852
-0.10923
-0.10564
-0.102092
-0.0985957
-0.0951597
-0.0917926
-0.0885015
-0.0852927
-0.082171
-0.0791404
-0.0762032
-0.0733608
-0.0706133
-0.0679597
-0.0653981
-0.0629256
-0.0605387
-0.0582335
-0.0560053
-0.0538493
-0.0517608
-0.0497346
-0.047766
-0.0458502
-0.0439825
-0.0421588
-0.0403751
-0.0386278
-0.0369134
-0.035229
-0.033572
-0.03194
-0.0303311
-0.0287436
-0.027176
-0.0256274
-0.0240969
-0.0225838
-0.0210878
-0.019609
-0.0181478
-0.0167036
-0.0152772
-0.0138693
-0.0124806
-0.0111119
-0.00976435
-0.00843889
-0.00713669
-0.00585895
-0.00460687
-0.0033817
-0.00218467
-0.00101701
0.000120098
0.00122551
0.00229816
0.00333702
0.00434117
0.00530979
0.00624215
0.00713761
0.00799568
0.00881596
0.00959818
0.0103422
0.0110479
0.0117154
0.0123449
0.0129367
0.0134912
0.0140088
0.0144901
0.0149357
0.0153464
0.0157229
0.016066
0.0163767
0.0166558
0.0169043
0.017123
0.0173131
0.0174754
0.017611
0.0177208
0.0178057
0.0178668
0.0179049
0.017921
0.017916
0.0178907
0.0178459
0.0177824
0.0177011
0.0176026
0.0174876
0.0173568
0.0172109
0.0170505
0.0168761
0.0166882
0.0164874
0.0162742
0.016049
0.0158123
0.0155644
0.0153057
0.0150367
0.0147576
0.0144687
0.0141703
0.0138628
0.0135464
0.0132213
0.0128877
0.0125459
0.0121961
0.0118385
0.0114733
0.0111006
0.0107206
0.0103334
0.00993925
0.00953824
0.0091305
0.00871618
0.00829538
0.00786822
0.00743482
0.00699529
0.00654973
0.00609826
0.00564095
0.00517793
0.0047093
0.00423516
0.00375562
0.00327082
0.00278085
0.00228605
0.00178579
0.00128372
0.000765984
0.000299296
-0.20507
-0.206522
-0.207289
-0.207842
-0.208386
-0.208868
-0.209229
-0.209485
-0.209657
-0.209735
-0.209706
-0.209568
-0.209325
-0.208979
-0.208529
-0.207977
-0.207325
-0.206574
-0.205726
-0.204782
-0.203742
-0.202607
-0.201377
-0.200052
-0.198633
-0.197119
-0.19551
-0.193806
-0.192006
-0.19011
-0.188118
-0.186029
-0.183844
-0.181562
-0.179184
-0.17671
-0.174141
-0.171478
-0.168723
-0.165877
-0.162944
-0.159926
-0.156826
-0.153649
-0.1504
-0.147083
-0.143706
-0.140275
-0.136797
-0.13328
-0.129733
-0.126165
-0.122585
-0.119003
-0.115428
-0.111872
-0.108342
-0.104849
-0.101402
-0.0980093
-0.0946784
-0.0914163
-0.0882288
-0.0851208
-0.0820961
-0.0791573
-0.0763059
-0.0735426
-0.0708668
-0.0682771
-0.0657715
-0.0633469
-0.0610002
-0.0587275
-0.0565247
-0.0543876
-0.0523118
-0.050293
-0.0483268
-0.0464092
-0.0445362
-0.0427041
-0.0409095
-0.0391492
-0.0374203
-0.0357201
-0.0340464
-0.032397
-0.0307703
-0.0291648
-0.0275791
-0.0260124
-0.0244639
-0.0229332
-0.0214194
-0.0199236
-0.0184451
-0.0169841
-0.0155413
-0.0141173
-0.0127128
-0.0113286
-0.00996587
-0.00862552
-0.00730872
-0.00601665
-0.00475055
-0.00351165
-0.0023012
-0.00112041
2.95105e-05
0.00114741
0.00223219
0.00328284
0.00429841
0.00527805
0.00622103
0.0071267
0.00799453
0.00882413
0.00961519
0.0103675
0.0110812
0.0117561
0.0123925
0.0129906
0.0135509
0.0140739
0.01456
0.0150099
0.0154245
0.0158043
0.0161504
0.0164635
0.0167446
0.0169946
0.0172145
0.0174053
0.0175681
0.0177037
0.0178132
0.0178976
0.0179579
0.017995
0.0180098
0.0180033
0.0179763
0.0179296
0.0178642
0.0177808
0.0176801
0.0175628
0.0174298
0.0172815
0.0171186
0.0169417
0.0167514
0.0165482
0.0163326
0.016105
0.0158659
0.0156157
0.0153548
0.0150835
0.0148022
0.0145112
0.0142108
0.0139013
0.013583
0.013256
0.0129207
0.0125773
0.0122259
0.0118667
0.0115
0.0111258
0.0107445
0.010356
0.00996062
0.00955844
0.00914959
0.00873419
0.00831237
0.00788424
0.00744991
0.00700949
0.00656306
0.00611075
0.00565263
0.0051888
0.00471936
0.0042444
0.00376403
0.00327836
0.00278745
0.0022917
0.00179018
0.00128775
0.000765804
0.000312702
-0.202649
-0.204416
-0.205575
-0.206448
-0.207212
-0.207865
-0.208372
-0.208743
-0.208998
-0.209138
-0.209155
-0.209051
-0.20883
-0.208495
-0.208049
-0.207494
-0.206832
-0.206067
-0.2052
-0.204233
-0.203166
-0.202002
-0.20074
-0.199382
-0.197927
-0.196377
-0.19473
-0.192987
-0.191148
-0.189212
-0.187181
-0.185053
-0.18283
-0.180511
-0.178097
-0.17559
-0.17299
-0.170298
-0.167518
-0.164651
-0.161701
-0.15867
-0.155563
-0.152384
-0.149139
-0.145834
-0.142475
-0.139068
-0.135622
-0.132144
-0.128643
-0.125128
-0.121608
-0.118092
-0.114589
-0.111109
-0.10766
-0.10425
-0.100888
-0.0975819
-0.094337
-0.0911596
-0.0880545
-0.0850255
-0.0820756
-0.0792065
-0.0764193
-0.0737141
-0.0710899
-0.0685454
-0.0660784
-0.0636862
-0.0613657
-0.0591134
-0.0569257
-0.0547988
-0.0527289
-0.050712
-0.0487446
-0.0468229
-0.0449435
-0.043103
-0.0412985
-0.039527
-0.0377859
-0.036073
-0.0343861
-0.0327233
-0.031083
-0.0294638
-0.0278647
-0.0262846
-0.0247228
-0.0231786
-0.0216528
-0.0201444
-0.0186535
-0.0171806
-0.0157261
-0.0142905
-0.0128748
-0.0114796
-0.010106
-0.00875501
-0.00742778
-0.00612548
-0.00484932
-0.00360055
-0.00238042
-0.00119014
-3.09334e-05
0.00109605
0.0021897
0.00324898
0.00427295
0.00526074
0.00621159
0.00712485
0.00799998
0.00883656
0.00963428
0.010393
0.0111125
0.0117931
0.0124347
0.0130377
0.0136025
0.0141296
0.0146195
0.0150728
0.0154903
0.0158728
0.0162211
0.0165361
0.0168187
0.01707
0.0172908
0.0174822
0.0176453
0.017781
0.0178903
0.0179743
0.0180339
0.0180701
0.0180839
0.0180761
0.0180477
0.0179996
0.0179326
0.0178475
0.017745
0.0176259
0.0174909
0.0173407
0.0171758
0.016997
0.0168047
0.0165995
0.0163819
0.0161523
0.0159112
0.0156591
0.0153963
0.0151232
0.0148401
0.0145474
0.0142453
0.0139342
0.0136142
0.0132858
0.012949
0.0126041
0.0122513
0.0118909
0.0115229
0.0111476
0.0107651
0.0103756
0.00997914
0.00957597
0.00916618
0.00874989
0.00832722
0.00789828
0.00746316
0.00702198
0.00657483
0.0061218
0.00566299
0.00519847
0.00472835
0.00425269
0.0037716
0.00328518
0.00279346
0.00229688
0.00179429
0.00129137
0.000766344
0.000322367
-0.200498
-0.202515
-0.203993
-0.20515
-0.206125
-0.206941
-0.207586
-0.208068
-0.208405
-0.208606
-0.208669
-0.208598
-0.208398
-0.208075
-0.207634
-0.207076
-0.206407
-0.205629
-0.204746
-0.203759
-0.202669
-0.20148
-0.200191
-0.198804
-0.19732
-0.195738
-0.194059
-0.192284
-0.190413
-0.188445
-0.186382
-0.184224
-0.181971
-0.179623
-0.177183
-0.174651
-0.172028
-0.169317
-0.16652
-0.163641
-0.160681
-0.157645
-0.154538
-0.151364
-0.148129
-0.144839
-0.141501
-0.138121
-0.134707
-0.131267
-0.12781
-0.124343
-0.120876
-0.117418
-0.113976
-0.11056
-0.107177
-0.103836
-0.100542
-0.097304
-0.094126
-0.0910133
-0.0879702
-0.0849997
-0.0821041
-0.079285
-0.0765428
-0.0738774
-0.071288
-0.0687731
-0.0663306
-0.0639581
-0.0616528
-0.0594116
-0.0572312
-0.0551083
-0.0530394
-0.0510211
-0.04905
-0.0471228
-0.0452365
-0.0433881
-0.0415747
-0.0397937
-0.0380427
-0.0363196
-0.0346223
-0.0329491
-0.0312985
-0.0296691
-0.0280599
-0.02647
-0.0248987
-0.0233453
-0.0218103
-0.0202928
-0.0187932
-0.0173118
-0.015849
-0.0144055
-0.0129818
-0.0115789
-0.0101978
-0.00883942
-0.00750493
-0.00619549
-0.00491233
-0.00365667
-0.00242976
-0.00123283
-6.70975e-05
0.00106628
0.0021662
0.00323161
0.00426155
0.00525515
0.00621165
0.00713036
0.00801075
0.00885238
0.00965493
0.0104182
0.0111422
0.0118268
0.0124723
0.0130789
0.0136471
0.0141772
0.0146698
0.0151257
0.0155454
0.0159298
0.0162798
0.0165962
0.01688
0.0171322
0.0173537
0.0175456
0.0177088
0.0178445
0.0179537
0.0180373
0.0180963
0.0181318
0.0181448
0.018136
0.0181066
0.0180573
0.017989
0.0179025
0.0177985
0.017678
0.0175414
0.0173896
0.0172232
0.0170427
0.0168488
0.016642
0.0164228
0.0161916
0.015949
0.0156953
0.015431
0.0151563
0.0148718
0.0145777
0.0142742
0.0139617
0.0136405
0.0133108
0.0129728
0.0126268
0.0122729
0.0119114
0.0115424
0.0111661
0.0107827
0.0103923
0.009995
0.00959102
0.00918046
0.00876344
0.00834006
0.00791044
0.00747468
0.00703287
0.00658512
0.0061315
0.00567212
0.00520703
0.00473634
0.0042601
0.00377841
0.00329135
0.00279895
0.00230162
0.00179816
0.00129461
0.000767589
0.000328113
-0.198656
-0.200874
-0.202608
-0.204006
-0.205172
-0.206138
-0.206908
-0.20749
-0.207904
-0.208161
-0.208267
-0.208226
-0.208046
-0.207735
-0.207298
-0.206739
-0.206064
-0.205276
-0.204379
-0.203376
-0.202268
-0.201058
-0.199748
-0.198338
-0.196829
-0.195223
-0.193519
-0.191719
-0.189823
-0.187832
-0.185745
-0.183564
-0.181289
-0.178921
-0.176462
-0.173914
-0.171277
-0.168554
-0.165748
-0.162862
-0.1599
-0.156866
-0.153763
-0.150598
-0.147376
-0.144104
-0.140787
-0.137433
-0.134049
-0.130643
-0.127224
-0.123799
-0.120377
-0.116966
-0.113574
-0.110208
-0.106877
-0.103588
-0.100346
-0.097158
-0.0940286
-0.0909624
-0.0879629
-0.0850327
-0.082174
-0.0793878
-0.0766747
-0.0740344
-0.0714661
-0.0689684
-0.0665396
-0.0641773
-0.0618791
-0.0596422
-0.0574636
-0.0553403
-0.0532691
-0.051247
-0.0492709
-0.0473377
-0.0454445
-0.0435886
-0.0417674
-0.0399783
-0.0382191
-0.0364877
-0.0347823
-0.033101
-0.0314425
-0.0298054
-0.0281887
-0.0265916
-0.0250129
-0.0234531
-0.0219113
-0.0203874
-0.0188817
-0.0173943
-0.0159258
-0.0144766
-0.0130475
-0.0116393
-0.0102529
-0.0088895
-0.00755004
-0.00623574
-0.0049478
-0.00368745
-0.00245593
-0.00125447
-8.42844e-05
0.00105347
0.00215767
0.00322727
0.00426131
0.00525891
0.00621929
0.00714177
0.00802581
0.00887095
0.00967687
0.0104434
0.0111704
0.0118579
0.0125061
0.0131153
0.0136858
0.014218
0.0147126
0.0151702
0.0155915
0.0159774
0.0163285
0.0166459
0.0169305
0.0171833
0.0174053
0.0175974
0.0177608
0.0178964
0.0180053
0.0180886
0.0181472
0.0181821
0.0181943
0.0181848
0.0181545
0.0181042
0.0180349
0.0179473
0.0178422
0.0177205
0.0175827
0.0174296
0.0172619
0.0170802
0.016885
0.0166769
0.0164563
0.0162239
0.01598
0.0157251
0.0154595
0.0151837
0.014898
0.0146027
0.0142982
0.0139847
0.0136624
0.0133317
0.0129927
0.0126458
0.012291
0.0119286
0.0115588
0.0111818
0.0107976
0.0104065
0.0100085
0.00960389
0.00919271
0.00877508
0.00835114
0.00792098
0.00748469
0.00704238
0.00659414
0.00614004
0.00568019
0.00521464
0.00474348
0.00426677
0.00378459
0.00329701
0.00280403
0.00230607
0.0018019
0.00129756
0.000769517
0.000330075
-0.197154
-0.199529
-0.201466
-0.203061
-0.204389
-0.205486
-0.206363
-0.207032
-0.207513
-0.20782
-0.207962
-0.207947
-0.207785
-0.207484
-0.207051
-0.206493
-0.205813
-0.205018
-0.20411
-0.203094
-0.201972
-0.200747
-0.19942
-0.197993
-0.196466
-0.194842
-0.193121
-0.191303
-0.189389
-0.187381
-0.185278
-0.183081
-0.180792
-0.178412
-0.175942
-0.173383
-0.170739
-0.168011
-0.165202
-0.162316
-0.159355
-0.156326
-0.153231
-0.150077
-0.146869
-0.143613
-0.140316
-0.136985
-0.133628
-0.130251
-0.126862
-0.123471
-0.120083
-0.116708
-0.113353
-0.110026
-0.106732
-0.10348
-0.100274
-0.0971206
-0.094024
-0.0909884
-0.0880169
-0.0851121
-0.0822758
-0.0795092
-0.0768126
-0.0741859
-0.0716284
-0.0691389
-0.0667157
-0.0643569
-0.0620601
-0.0598228
-0.0576423
-0.0555158
-0.0534403
-0.0514131
-0.0494311
-0.0474917
-0.0455919
-0.0437291
-0.0419009
-0.0401049
-0.0383388
-0.0366006
-0.0348885
-0.0332008
-0.0315361
-0.029893
-0.0282705
-0.0266675
-0.0250839
-0.023519
-0.0219722
-0.0204437
-0.0189335
-0.0174418
-0.0159691
-0.014516
-0.0130831
-0.0116712
-0.0102813
-0.00891432
-0.00757148
-0.00625388
-0.00496271
-0.00369921
-0.00246461
-0.00126013
-8.69825e-05
0.00105367
0.00216071
0.00323309
0.00426984
0.00527008
0.00623303
0.00715801
0.00804446
0.00889193
0.00970008
0.0104687
0.0111977
0.0118872
0.0125372
0.0131481
0.0137201
0.0142538
0.0147497
0.0152084
0.0156308
0.0160174
0.0163694
0.0166874
0.0169725
0.0172256
0.0174478
0.01764
0.0178034
0.0179389
0.0180476
0.0181305
0.0181887
0.0182231
0.0182347
0.0182246
0.0181935
0.0181424
0.0180722
0.0179838
0.0178778
0.0177551
0.0176163
0.0174623
0.0172935
0.0171108
0.0169145
0.0167054
0.0164838
0.0162504
0.0160055
0.0157496
0.0154831
0.0152064
0.0149197
0.0146235
0.0143181
0.0140037
0.0136807
0.0133492
0.0130094
0.0126618
0.0123063
0.0119432
0.0115728
0.0111951
0.0108103
0.0104186
0.0100201
0.00961499
0.00920331
0.00878521
0.00836081
0.00793021
0.00749351
0.00705079
0.00660216
0.00614769
0.00568746
0.00522154
0.00475001
0.00427292
0.00379034
0.00330233
0.0028089
0.0023104
0.00180568
0.0013004
0.000772127
0.000328708
-0.196003
-0.198499
-0.200591
-0.20234
-0.203801
-0.205004
-0.205967
-0.206707
-0.207242
-0.207589
-0.207761
-0.207767
-0.207619
-0.207327
-0.206897
-0.206339
-0.205656
-0.204856
-0.203941
-0.202916
-0.201785
-0.200548
-0.19921
-0.197771
-0.196233
-0.194596
-0.192863
-0.191034
-0.189109
-0.18709
-0.184977
-0.182772
-0.180475
-0.178088
-0.175613
-0.17305
-0.170403
-0.167674
-0.164866
-0.161982
-0.159026
-0.156003
-0.152917
-0.149774
-0.146579
-0.143338
-0.140058
-0.136746
-0.133409
-0.130054
-0.126689
-0.123322
-0.11996
-0.11661
-0.113281
-0.109979
-0.10671
-0.103481
-0.100298
-0.0971663
-0.0940894
-0.0910715
-0.0881158
-0.0852247
-0.0823999
-0.0796427
-0.0769535
-0.0743321
-0.0717781
-0.0692904
-0.0668674
-0.0645074
-0.0622083
-0.0599676
-0.0577829
-0.0556515
-0.0535706
-0.0515376
-0.0495496
-0.0476039
-0.0456978
-0.0438287
-0.0419943
-0.0401922
-0.0384201
-0.0366762
-0.0349585
-0.0332655
-0.0315956
-0.0299477
-0.0283205
-0.0267132
-0.0251254
-0.0235564
-0.0220058
-0.0204737
-0.0189601
-0.0174652
-0.0159894
-0.0145333
-0.0130976
-0.011683
-0.0102905
-0.00892112
-0.00757589
-0.006256
-0.00496262
-0.00369697
-0.00246029
-0.0012538
-7.8695e-05
0.00106386
0.00217275
0.00324692
0.00428542
0.00528736
0.00625194
0.00717851
0.00806648
0.0089154
0.00972495
0.0104949
0.0112252
0.0119158
0.0125669
0.0131788
0.0137518
0.0142863
0.0147829
0.0152424
0.0156653
0.0160524
0.0164047
0.016723
0.0170083
0.0172616
0.0174838
0.017676
0.0178392
0.0179745
0.0180829
0.0181654
0.0182232
0.0182571
0.0182682
0.0182575
0.0182257
0.018174
0.0181031
0.0180139
0.0179072
0.0177836
0.0176441
0.0174892
0.0173197
0.0171361
0.016939
0.0167291
0.0165067
0.0162725
0.0160268
0.0157701
0.0155028
0.0152253
0.014938
0.0146411
0.0143349
0.0140199
0.0136962
0.013364
0.0130237
0.0126755
0.0123194
0.0119558
0.0115849
0.0112067
0.0108215
0.0104293
0.0100304
0.00962482
0.00921275
0.00879428
0.00836952
0.00793857
0.00750153
0.0070585
0.00660956
0.00615478
0.00569426
0.00522804
0.00475622
0.00427883
0.00379594
0.00330759
0.0028138
0.00231484
0.00180971
0.0013034
0.000775481
0.000324781
-0.195198
-0.197784
-0.19999
-0.201853
-0.203412
-0.204695
-0.205723
-0.206515
-0.207091
-0.207468
-0.207661
-0.207683
-0.207546
-0.207259
-0.206833
-0.206275
-0.205591
-0.204787
-0.203868
-0.202837
-0.2017
-0.200457
-0.199111
-0.197665
-0.19612
-0.194477
-0.192737
-0.190901
-0.188971
-0.186946
-0.184829
-0.182619
-0.180319
-0.17793
-0.175452
-0.172889
-0.170243
-0.167516
-0.164711
-0.161831
-0.158881
-0.155865
-0.152787
-0.149653
-0.146468
-0.143239
-0.139972
-0.136674
-0.133351
-0.130012
-0.126663
-0.123311
-0.119965
-0.116632
-0.113318
-0.110031
-0.106777
-0.103561
-0.100391
-0.0972695
-0.0942022
-0.0911926
-0.0882436
-0.0853577
-0.0825368
-0.0797819
-0.0770937
-0.0744721
-0.0719168
-0.0694267
-0.0670005
-0.0646365
-0.0623328
-0.060087
-0.0578968
-0.0557596
-0.0536729
-0.0516338
-0.0496398
-0.047688
-0.045776
-0.0439012
-0.0420612
-0.0402536
-0.0384763
-0.0367273
-0.0350049
-0.0333073
-0.031633
-0.029981
-0.0283497
-0.0267389
-0.0251476
-0.0235752
-0.0220215
-0.0204865
-0.01897
-0.0174725
-0.0159942
-0.0145358
-0.0130978
-0.0116811
-0.0102866
-0.00891532
-0.0075683
-0.00624669
-0.00495168
-0.00368449
-0.00244632
-0.00123841
-6.19561e-05
0.00108189
0.00219202
0.00326737
0.004307
0.00531001
0.00627562
0.00720316
0.00809205
0.00894185
0.00975221
0.0105229
0.0112539
0.0119452
0.0125969
0.0132093
0.0137827
0.0143176
0.0148146
0.0152743
0.0156974
0.0160847
0.0164371
0.0167555
0.0170407
0.0172938
0.0175159
0.0177078
0.0178708
0.0180058
0.0181138
0.0181959
0.0182532
0.0182867
0.0182972
0.0182859
0.0182536
0.0182012
0.0181297
0.0180398
0.0179324
0.0178082
0.017668
0.0175124
0.0173422
0.0171579
0.0169602
0.0167495
0.0165265
0.0162916
0.0160452
0.0157879
0.01552
0.0152419
0.0149539
0.0146564
0.0143498
0.0140342
0.0137099
0.0133773
0.0130365
0.0126877
0.0123313
0.0119672
0.0115959
0.0112173
0.0108316
0.0104391
0.0100399
0.00963397
0.00922158
0.0088028
0.00837774
0.00794652
0.00750921
0.00706592
0.00661672
0.0061617
0.00570094
0.0052345
0.00476244
0.00428481
0.00380167
0.00331307
0.002819
0.00231968
0.00181425
0.00130686
0.00077973
0.000319351
-0.194712
-0.197361
-0.199644
-0.201584
-0.20321
-0.204548
-0.20562
-0.206447
-0.20705
-0.207446
-0.207654
-0.207686
-0.207555
-0.207273
-0.206849
-0.206291
-0.205606
-0.2048
-0.203878
-0.202845
-0.201704
-0.200458
-0.199109
-0.197659
-0.196111
-0.194464
-0.192721
-0.190883
-0.18895
-0.186924
-0.184805
-0.182594
-0.180294
-0.177904
-0.175428
-0.172867
-0.170222
-0.167498
-0.164696
-0.161821
-0.158876
-0.155866
-0.152794
-0.149667
-0.14649
-0.14327
-0.140011
-0.136722
-0.133408
-0.130078
-0.126738
-0.123396
-0.120058
-0.116733
-0.113427
-0.110147
-0.1069
-0.10369
-0.100524
-0.0974063
-0.0943417
-0.0913337
-0.0883853
-0.0854991
-0.0826769
-0.0799199
-0.0772288
-0.0746036
-0.0720441
-0.0695492
-0.0671179
-0.0647485
-0.062439
-0.0601874
-0.0579912
-0.055848
-0.0537553
-0.0517104
-0.0497105
-0.0477532
-0.0458357
-0.0439556
-0.0421105
-0.0402981
-0.0385161
-0.0367627
-0.035036
-0.0333344
-0.0316563
-0.0300005
-0.0283661
-0.026752
-0.0251575
-0.0235822
-0.0220258
-0.0204881
-0.0189693
-0.0174694
-0.0159889
-0.0145284
-0.0130885
-0.01167
-0.0102738
-0.00890086
-0.00755231
-0.00622927
-0.00493291
-0.00366444
-0.00242509
-0.00121606
-3.85553e-05
0.00110627
0.00221731
0.00329351
0.00433393
0.00533767
0.00630395
0.0072321
0.00812155
0.00897185
0.00978266
0.0105538
0.0112851
0.0119767
0.0126286
0.0132412
0.0138147
0.0143497
0.0148468
0.0153064
0.0157295
0.0161166
0.0164689
0.016787
0.017072
0.0173248
0.0175465
0.0177381
0.0179006
0.0180351
0.0181427
0.0182243
0.0182811
0.018314
0.0183239
0.018312
0.0182791
0.0182261
0.018154
0.0180635
0.0179554
0.0178306
0.0176897
0.0175335
0.0173627
0.0171778
0.0169794
0.0167681
0.0165445
0.016309
0.0160621
0.0158042
0.0155358
0.0152571
0.0149686
0.0146707
0.0143635
0.0140474
0.0137228
0.0133897
0.0130485
0.0126993
0.0123425
0.0119781
0.0116063
0.0112274
0.0108415
0.0104487
0.0100491
0.00964292
0.00923026
0.00881122
0.00838592
0.00795446
0.00751693
0.00707341
0.00662401
0.00616878
0.00570783
0.00524119
0.00476894
0.00429113
0.0038078
0.003319
0.00282471
0.00232511
0.00181951
0.00131107
0.000785062
0.000313648
-0.194494
-0.197184
-0.199514
-0.201501
-0.203167
-0.204536
-0.205634
-0.20648
-0.207098
-0.207506
-0.207721
-0.207759
-0.207631
-0.207351
-0.206928
-0.20637
-0.205685
-0.204878
-0.203956
-0.202921
-0.201779
-0.200531
-0.199181
-0.19773
-0.19618
-0.194533
-0.192789
-0.19095
-0.189017
-0.186991
-0.184872
-0.182663
-0.180363
-0.177976
-0.175501
-0.172942
-0.1703
-0.167579
-0.164781
-0.161909
-0.158968
-0.155962
-0.152895
-0.149772
-0.1466
-0.143384
-0.140131
-0.136846
-0.133537
-0.130211
-0.126876
-0.123537
-0.120203
-0.116881
-0.113577
-0.110299
-0.107052
-0.103843
-0.100676
-0.0975577
-0.0944913
-0.0914808
-0.0885293
-0.0856394
-0.0828129
-0.0800513
-0.0773551
-0.0747245
-0.0721593
-0.0696586
-0.0672213
-0.0648458
-0.0625302
-0.0602725
-0.0580704
-0.0559214
-0.053823
-0.0517725
-0.0497673
-0.0478048
-0.0458823
-0.0439975
-0.0421478
-0.040331
-0.0385449
-0.0367876
-0.0350571
-0.0333519
-0.0316704
-0.0300114
-0.0283738
-0.0267568
-0.0251595
-0.0235815
-0.0220226
-0.0204825
-0.0189613
-0.0174592
-0.0159767
-0.0145142
-0.0130724
-0.0116521
-0.0102542
-0.00887971
-0.00752967
-0.00620522
-0.00490754
-0.00363785
-0.00239735
-0.00118726
-8.77897e-06
0.00113694
0.0022488
0.00332575
0.00436683
0.00537116
0.00633797
0.00726657
0.0081564
0.009007
0.00981806
0.0105894
0.0113208
0.0120124
0.0126644
0.0132769
0.0138503
0.0143851
0.0148819
0.0153413
0.0157641
0.0161509
0.0165027
0.0168204
0.0171049
0.0173572
0.0175784
0.0177694
0.0179314
0.0180653
0.0181722
0.0182532
0.0183093
0.0183415
0.0183508
0.0183382
0.0183046
0.018251
0.0181781
0.018087
0.0179782
0.0178527
0.0177112
0.0175544
0.0173829
0.0171973
0.0169983
0.0167865
0.0165623
0.0163262
0.0160788
0.0158203
0.0155514
0.0152722
0.0149833
0.0146848
0.0143772
0.0140607
0.0137356
0.0134022
0.0130606
0.0127111
0.0123539
0.0119891
0.0116171
0.0112378
0.0108516
0.0104585
0.0100587
0.00965224
0.00923933
0.00882006
0.00839454
0.00796286
0.00752512
0.00708141
0.00663182
0.00617641
0.00571528
0.00524847
0.00477606
0.00429809
0.0038146
0.00332564
0.00283121
0.0023314
0.00182572
0.00131635
0.000791872
0.000309173
-0.1945
-0.197215
-0.199572
-0.201582
-0.203268
-0.204653
-0.205761
-0.206616
-0.20724
-0.207652
-0.207869
-0.207907
-0.207781
-0.2075
-0.207077
-0.206518
-0.205832
-0.205024
-0.2041
-0.203065
-0.201921
-0.200673
-0.199322
-0.197871
-0.196321
-0.194674
-0.192931
-0.191092
-0.18916
-0.187135
-0.185018
-0.18281
-0.180512
-0.178126
-0.175654
-0.173097
-0.170458
-0.167739
-0.164943
-0.162074
-0.159135
-0.156132
-0.153067
-0.149947
-0.146778
-0.143563
-0.140312
-0.137028
-0.133721
-0.130395
-0.12706
-0.123721
-0.120386
-0.117063
-0.113757
-0.110476
-0.107227
-0.104014
-0.100843
-0.09772
-0.0946485
-0.0916326
-0.0886753
-0.0857794
-0.0829466
-0.0801784
-0.0774756
-0.0748383
-0.0722664
-0.069759
-0.067315
-0.064933
-0.0626111
-0.0603473
-0.0581392
-0.0559844
-0.0538804
-0.0518246
-0.0498143
-0.0478469
-0.0459198
-0.0440305
-0.0421766
-0.0403558
-0.0385658
-0.0368048
-0.0350708
-0.0333622
-0.0316775
-0.0300154
-0.0283748
-0.0267548
-0.0251547
-0.0235741
-0.0220125
-0.0204699
-0.0189462
-0.0174418
-0.015957
-0.0144923
-0.0130484
-0.0116261
-0.0102262
-0.00884987
-0.00749804
-0.00617191
-0.00487263
-0.00360143
-0.00235953
-0.00114813
3.15621e-05
0.00117839
0.00229126
0.00336911
0.00441099
0.00541602
0.00638342
0.00731251
0.00820273
0.00905363
0.00986488
0.0106363
0.0113677
0.0120593
0.012711
0.0133233
0.0138964
0.0144309
0.0149272
0.0153861
0.0158082
0.0161944
0.0165455
0.0168624
0.0171462
0.0173977
0.017618
0.0178082
0.0179692
0.0181023
0.0182083
0.0182883
0.0183435
0.0183748
0.0183832
0.0183696
0.0183351
0.0182806
0.0182068
0.0181148
0.0180052
0.0178788
0.0177365
0.0175788
0.0174066
0.0172203
0.0170205
0.016808
0.0165831
0.0163463
0.0160982
0.0158392
0.0155696
0.0152899
0.0150004
0.0147015
0.0143933
0.0140764
0.0137508
0.0134169
0.0130749
0.012725
0.0123674
0.0120023
0.0116299
0.0112503
0.0108637
0.0104703
0.0100702
0.0096635
0.00925032
0.00883079
0.00840503
0.00797311
0.00753515
0.00709123
0.00664143
0.00618584
0.00572452
0.00525754
0.00478496
0.00430683
0.00382319
0.00333408
0.00283952
0.00233955
0.00183387
0.00132377
0.000801459
0.00030858
-0.194691
-0.197424
-0.199795
-0.201817
-0.203509
-0.204898
-0.206007
-0.206862
-0.207483
-0.207892
-0.208107
-0.208142
-0.208011
-0.207728
-0.207301
-0.206739
-0.20605
-0.20524
-0.204314
-0.203277
-0.202132
-0.200883
-0.199532
-0.19808
-0.19653
-0.194883
-0.19314
-0.191303
-0.189372
-0.187348
-0.185232
-0.183025
-0.180729
-0.178345
-0.175875
-0.173319
-0.170682
-0.167965
-0.16517
-0.162303
-0.159366
-0.156363
-0.153299
-0.150179
-0.14701
-0.143795
-0.140542
-0.137258
-0.133948
-0.13062
-0.127282
-0.123939
-0.1206
-0.117272
-0.113961
-0.110675
-0.107419
-0.104199
-0.101022
-0.0978914
-0.0948124
-0.0917886
-0.0888235
-0.0859195
-0.0830788
-0.0803026
-0.0775919
-0.0749469
-0.0723673
-0.0698526
-0.0674015
-0.0650126
-0.0626841
-0.0604139
-0.0581997
-0.0560392
-0.0539298
-0.0518687
-0.0498535
-0.0478815
-0.0459499
-0.0440564
-0.0421985
-0.0403738
-0.0385802
-0.0368156
-0.0350782
-0.0333662
-0.0316783
-0.0300131
-0.0283694
-0.0267465
-0.0251435
-0.0235599
-0.0219955
-0.0204501
-0.0189238
-0.0174167
-0.0159292
-0.014462
-0.0130155
-0.0115907
-0.0101885
-0.00880978
-0.0074557
-0.0061274
-0.00482606
-0.00355289
-0.00230912
-0.00109598
8.5342e-05
0.00123367
0.0023479
0.00342699
0.00446996
0.00547595
0.00644415
0.00737391
0.00826465
0.00911593
0.00992742
0.0106989
0.0114303
0.0121217
0.0127732
0.0133851
0.0139577
0.0144915
0.0149871
0.0154452
0.0158664
0.0162517
0.0166018
0.0169176
0.0172002
0.0174506
0.0176697
0.0178586
0.0180184
0.0181501
0.0182548
0.0183336
0.0183874
0.0184174
0.0184245
0.0184097
0.018374
0.0183182
0.0182432
0.01815
0.0180392
0.0179118
0.0177684
0.0176097
0.0174363
0.0172491
0.0170484
0.0168349
0.0166091
0.0163715
0.0161226
0.0158628
0.0155925
0.0153121
0.0150219
0.0147223
0.0144135
0.014096
0.0137698
0.0134354
0.0130928
0.0127424
0.0123844
0.0120188
0.011646
0.011266
0.0108791
0.0104853
0.0100848
0.00967777
0.00926427
0.00884444
0.00841839
0.0079862
0.00754797
0.0071038
0.00665376
0.00619794
0.00573641
0.00526922
0.00479645
0.00431814
0.00383434
0.00334508
0.00285038
0.00235029
0.0018446
0.00133413
0.000814252
0.000314448
-0.213606
-0.213807
-0.213941
-0.214029
-0.214067
-0.214067
-0.214032
-0.213962
-0.213852
-0.2137
-0.213503
-0.213256
-0.212958
-0.212606
-0.212198
-0.211733
-0.211209
-0.210626
-0.20998
-0.209273
-0.208502
-0.207666
-0.206765
-0.205797
-0.204761
-0.203657
-0.202483
-0.201238
-0.199921
-0.198531
-0.197066
-0.195524
-0.193905
-0.192205
-0.190424
-0.188558
-0.186606
-0.184565
-0.182431
-0.180202
-0.177874
-0.175443
-0.172906
-0.170257
-0.167493
-0.164609
-0.161598
-0.158458
-0.155181
-0.151763
-0.148198
-0.144483
-0.140613
-0.136585
-0.132396
-0.128046
-0.123534
-0.118864
-0.114039
-0.109068
-0.10396
-0.098727
-0.0933857
-0.0879549
-0.0824564
-0.0769148
-0.0713575
-0.0658138
-0.0603146
-0.0548918
-0.0495773
-0.044403
-0.0393989
-0.0345935
-0.0300126
-0.0256784
-0.0216097
-0.0178211
-0.0143226
-0.0111201
-0.00821502
-0.00560467
-0.0032825
-0.00123852
0.000540326
0.00206956
0.00336666
0.00445051
0.00534088
0.00605796
0.00662193
0.00705256
0.0073689
0.00758902
0.00772982
0.00780687
0.00783434
0.00782495
0.00778995
0.00773919
0.00768112
0.00762288
0.00757043
0.00752859
0.00750117
0.00749089
0.00750034
0.00753056
0.00758232
0.00765594
0.00775125
0.0078677
0.00800441
0.00816029
0.00833404
0.00852423
0.0087293
0.00894765
0.00917761
0.00941753
0.00966573
0.00992057
0.0101804
0.0104438
0.0107091
0.0109749
0.0112398
0.0115025
0.0117617
0.0120164
0.0122653
0.0125075
0.012742
0.0129679
0.0131844
0.0133907
0.0135862
0.0137702
0.0139422
0.0141016
0.014248
0.014381
0.0145002
0.0146054
0.0146963
0.0147726
0.0148342
0.0148811
0.014913
0.0149299
0.0149318
0.0149186
0.0148906
0.0148476
0.0147897
0.0147172
0.01463
0.0145284
0.0144125
0.0142824
0.0141385
0.0139808
0.0138096
0.0136252
0.0134277
0.0132174
0.0129946
0.0127595
0.0125123
0.0122534
0.0119829
0.0117013
0.0114086
0.0111052
0.0107914
0.0104674
0.0101335
0.00978993
0.00943695
0.00907482
0.0087038
0.00832413
0.00793605
0.00753982
0.00713566
0.0067238
0.00630448
0.00587792
0.00544433
0.00500394
0.00455695
0.00410356
0.00364398
0.00317839
0.00270698
0.00222994
0.00174734
0.00125972
0.000765082
0.000278318
-0.213573
-0.213748
-0.213852
-0.213926
-0.21396
-0.213959
-0.213925
-0.213856
-0.213749
-0.213598
-0.213402
-0.213157
-0.212861
-0.212511
-0.212105
-0.211642
-0.21112
-0.210538
-0.209895
-0.209189
-0.208419
-0.207585
-0.206685
-0.205718
-0.204684
-0.203581
-0.202409
-0.201165
-0.199849
-0.19846
-0.196996
-0.195455
-0.193837
-0.192138
-0.190358
-0.188493
-0.186542
-0.184501
-0.182369
-0.180141
-0.177814
-0.175384
-0.172848
-0.170201
-0.167439
-0.164557
-0.161549
-0.158411
-0.155138
-0.151724
-0.148165
-0.144456
-0.140593
-0.136573
-0.132393
-0.128052
-0.123552
-0.118894
-0.114083
-0.109126
-0.104033
-0.0988163
-0.093492
-0.0880786
-0.0825977
-0.0770738
-0.0715339
-0.066007
-0.0605239
-0.0551161
-0.0498155
-0.0446534
-0.0396599
-0.0348634
-0.0302893
-0.02596
-0.0218942
-0.0181063
-0.0146068
-0.0114015
-0.00849191
-0.00587547
-0.00354567
-0.00149262
0.000296576
0.00183726
0.00314672
0.00424365
0.00514764
0.0058787
0.00645683
0.00690164
0.00723202
0.00746593
0.00762013
0.0077101
0.00774993
0.00775226
0.00772831
0.00768787
0.00763937
0.00758995
0.00754556
0.00751103
0.00749019
0.00748606
0.00750053
0.00753537
0.00759112
0.00766815
0.00776634
0.00788517
0.00802382
0.00818122
0.00835612
0.00854711
0.00875269
0.00897126
0.00920121
0.0094409
0.00968869
0.00994295
0.0102021
0.0104646
0.010729
0.0109937
0.0112576
0.0115191
0.0117772
0.0120307
0.0122784
0.0125194
0.0127526
0.0129773
0.0131926
0.0133978
0.0135921
0.013775
0.0139459
0.0141042
0.0142497
0.0143817
0.0145
0.0146042
0.0146943
0.0147698
0.0148307
0.0148768
0.014908
0.0149243
0.0149257
0.014912
0.0148834
0.01484
0.0147817
0.0147088
0.0146213
0.0145194
0.0144032
0.0142729
0.0141288
0.0139709
0.0137996
0.0136151
0.0134175
0.0132071
0.0129843
0.0127491
0.012502
0.0122431
0.0119727
0.011691
0.0113984
0.0110951
0.0107814
0.0104575
0.0101237
0.00978024
0.00942738
0.00906539
0.00869451
0.00831498
0.00792706
0.00753098
0.00712698
0.00671529
0.00629614
0.00586974
0.00543633
0.00499611
0.00454929
0.00409608
0.00363667
0.00317126
0.00270001
0.00222313
0.00174067
0.00125334
0.000757642
0.000274859
-0.213518
-0.213698
-0.213784
-0.213846
-0.213876
-0.213875
-0.213843
-0.213776
-0.213671
-0.213523
-0.213329
-0.213087
-0.212792
-0.212444
-0.212041
-0.21158
-0.21106
-0.210479
-0.209838
-0.209134
-0.208366
-0.207533
-0.206635
-0.20567
-0.204637
-0.203535
-0.202364
-0.201122
-0.199807
-0.19842
-0.196957
-0.195418
-0.1938
-0.192103
-0.190324
-0.188461
-0.186511
-0.184472
-0.182341
-0.180115
-0.17779
-0.175363
-0.172829
-0.170185
-0.167426
-0.164547
-0.161543
-0.15841
-0.155141
-0.151733
-0.14818
-0.144478
-0.140622
-0.13661
-0.132439
-0.128108
-0.123617
-0.118969
-0.114169
-0.109224
-0.104142
-0.0989366
-0.0936234
-0.0882208
-0.0827503
-0.0772362
-0.0717054
-0.066187
-0.0607113
-0.0553101
-0.050015
-0.0448574
-0.0398676
-0.0350736
-0.0305011
-0.0261725
-0.0221064
-0.0183175
-0.0148159
-0.0116076
-0.00869417
-0.00607308
-0.00373792
-0.00167883
0.000116996
0.00166486
0.00298198
0.004087
0.00499944
0.00573924
0.00632633
0.00678023
0.00711979
0.00736286
0.00752615
0.00762507
0.00767365
0.00768447
0.00766871
0.0076361
0.00759506
0.00755268
0.00751491
0.00748655
0.00747143
0.0074725
0.00749165
0.00753088
0.00759053
0.00767104
0.00777231
0.00789383
0.0080348
0.00819418
0.00837073
0.00856308
0.00876973
0.00898913
0.00921967
0.00945974
0.00970772
0.00996201
0.010221
0.0104833
0.0107472
0.0110115
0.0112748
0.0115357
0.0117931
0.0120458
0.0122927
0.0125329
0.0127653
0.0129891
0.0132035
0.0134078
0.0136013
0.0137833
0.0139533
0.0141108
0.0142554
0.0143866
0.0145041
0.0146077
0.014697
0.0147718
0.014832
0.0148775
0.0149081
0.0149238
0.0149246
0.0149105
0.0148814
0.0148375
0.0147789
0.0147055
0.0146177
0.0145154
0.0143989
0.0142684
0.014124
0.0139659
0.0137944
0.0136096
0.0134119
0.0132014
0.0129784
0.0127431
0.0124959
0.0122369
0.0119665
0.0116848
0.0113922
0.0110889
0.0107751
0.0104513
0.0101175
0.00977403
0.00942122
0.00905927
0.00868844
0.00830898
0.00792113
0.00752512
0.00712119
0.00670959
0.00629052
0.00586422
0.0054309
0.00499078
0.00454406
0.00409095
0.00363164
0.00316634
0.0026952
0.00221844
0.00173604
0.00124909
0.000752463
0.000274669
-0.213453
-0.213659
-0.213735
-0.213791
-0.213817
-0.213816
-0.213786
-0.213722
-0.21362
-0.213475
-0.213284
-0.213044
-0.212752
-0.212406
-0.212005
-0.211546
-0.211028
-0.210449
-0.209809
-0.209107
-0.208341
-0.20751
-0.206613
-0.205649
-0.204618
-0.203518
-0.202348
-0.201107
-0.199794
-0.198408
-0.196946
-0.195409
-0.193793
-0.192097
-0.19032
-0.188459
-0.186511
-0.184474
-0.182346
-0.180122
-0.1778
-0.175376
-0.172846
-0.170206
-0.167451
-0.164577
-0.161578
-0.158451
-0.155189
-0.151788
-0.148242
-0.144548
-0.140701
-0.136697
-0.132535
-0.128214
-0.123733
-0.119095
-0.114304
-0.109367
-0.104294
-0.0990971
-0.0937912
-0.0883949
-0.0829298
-0.0774201
-0.0718927
-0.0663766
-0.0609024
-0.0555017
-0.0502064
-0.0450481
-0.0400568
-0.0352612
-0.0306867
-0.0263558
-0.0222872
-0.0184955
-0.0149911
-0.0117798
-0.00886337
-0.00623912
-0.00390065
-0.00183806
-3.84995e-05
0.00151337
0.00283481
0.00394449
0.00486193
0.00560709
0.00619989
0.00665982
0.00700571
0.00725536
0.00742544
0.0075313
0.00758692
0.00760482
0.00759612
0.0075705
0.00753631
0.00750062
0.00746931
0.00744716
0.00743798
0.00744465
0.00746917
0.0075132
0.00757748
0.00766224
0.0077674
0.00789245
0.00803661
0.00819884
0.00837793
0.0085725
0.00878109
0.00900215
0.00923409
0.00947533
0.00972424
0.00997926
0.0102388
0.0105014
0.0107656
0.01103
0.0112932
0.011554
0.0118111
0.0120635
0.01231
0.0125496
0.0127815
0.0130047
0.0132185
0.0134221
0.0136149
0.0137962
0.0139655
0.0141223
0.0142661
0.0143967
0.0145135
0.0146163
0.0147049
0.0147791
0.0148386
0.0148835
0.0149135
0.0149286
0.0149288
0.014914
0.0148844
0.01484
0.0147809
0.0147071
0.0146188
0.0145161
0.0143992
0.0142683
0.0141236
0.0139652
0.0137933
0.0136083
0.0134103
0.0131996
0.0129764
0.0127409
0.0124935
0.0122343
0.0119637
0.0116819
0.0113892
0.0110858
0.0107719
0.010448
0.0101141
0.00977062
0.00941776
0.00905577
0.00868492
0.00830544
0.00791757
0.00752156
0.00711764
0.00670604
0.00628699
0.00586071
0.00542742
0.00498733
0.00454065
0.00408758
0.00362832
0.00316307
0.002692
0.00221532
0.00173296
0.00124637
0.000749193
0.000276008
-0.213393
-0.213636
-0.213707
-0.213757
-0.213782
-0.213782
-0.213754
-0.213694
-0.213595
-0.213453
-0.213265
-0.213028
-0.212738
-0.212395
-0.211995
-0.211538
-0.211021
-0.210445
-0.209806
-0.209105
-0.208341
-0.207511
-0.206616
-0.205653
-0.204623
-0.203525
-0.202356
-0.201117
-0.199805
-0.19842
-0.196961
-0.195425
-0.193811
-0.192117
-0.190342
-0.188483
-0.186537
-0.184503
-0.182378
-0.180158
-0.177839
-0.175419
-0.172894
-0.170259
-0.167509
-0.164641
-0.16165
-0.158529
-0.155275
-0.151882
-0.148346
-0.144661
-0.140824
-0.13683
-0.132679
-0.128367
-0.123896
-0.119268
-0.114486
-0.109558
-0.104492
-0.0993017
-0.0940012
-0.0886092
-0.0831471
-0.0776393
-0.0721126
-0.0665963
-0.0611211
-0.0557187
-0.0504212
-0.0452604
-0.0402664
-0.0354679
-0.0308907
-0.0265573
-0.0224864
-0.0186927
-0.0151866
-0.0119739
-0.00905605
-0.00643049
-0.00409062
-0.00202646
-0.000225041
0.00132908
0.00265323
0.00376615
0.00468743
0.00543703
0.00603487
0.00650046
0.00685256
0.00710895
0.00728623
0.00739969
0.00746322
0.00748927
0.00748888
0.00747165
0.00744585
0.00741848
0.00739535
0.0073812
0.00737976
0.00739389
0.0074257
0.00747629
0.00754697
0.00763778
0.00774853
0.00787878
0.00802772
0.00819434
0.00837741
0.00857558
0.00878739
0.00901132
0.0092458
0.00948924
0.00974007
0.00999671
0.0102576
0.0105214
0.0107864
0.0110515
0.0113152
0.0115763
0.0118336
0.0120859
0.0123323
0.0125718
0.0128033
0.0130262
0.0132395
0.0134425
0.0136347
0.0138154
0.013984
0.0141401
0.0142832
0.0144129
0.014529
0.014631
0.0147189
0.0147923
0.0148511
0.0148951
0.0149244
0.0149387
0.0149382
0.0149228
0.0148925
0.0148474
0.0147876
0.0147132
0.0146243
0.0145211
0.0144037
0.0142722
0.014127
0.0139681
0.0137958
0.0136104
0.013412
0.0132009
0.0129773
0.0127416
0.0124938
0.0122344
0.0119635
0.0116815
0.0113885
0.0110849
0.0107709
0.0104467
0.0101127
0.00976906
0.00941607
0.00905396
0.008683
0.00830342
0.00791548
0.00751939
0.00711541
0.00670376
0.00628466
0.00585834
0.00542502
0.00498491
0.00453821
0.00408515
0.0036259
0.00316066
0.00268962
0.002213
0.00173069
0.00124439
0.000747005
0.000277067
-0.213354
-0.213639
-0.213706
-0.213753
-0.213777
-0.213779
-0.213755
-0.213698
-0.213602
-0.213463
-0.213278
-0.213042
-0.212755
-0.212413
-0.212015
-0.211559
-0.211044
-0.210469
-0.209831
-0.209131
-0.208368
-0.207539
-0.206645
-0.205683
-0.204655
-0.203557
-0.20239
-0.201151
-0.199841
-0.198458
-0.196999
-0.195465
-0.193853
-0.192161
-0.190388
-0.188532
-0.186589
-0.184559
-0.182436
-0.18022
-0.177906
-0.175491
-0.172971
-0.170342
-0.167599
-0.164738
-0.161754
-0.158642
-0.155397
-0.152013
-0.148487
-0.144812
-0.140985
-0.137003
-0.132861
-0.12856
-0.124099
-0.11948
-0.114707
-0.109786
-0.104727
-0.099542
-0.0942456
-0.0888565
-0.0833963
-0.0778893
-0.0723626
-0.0668455
-0.0613691
-0.0559652
-0.0506661
-0.0455037
-0.0405086
-0.0357093
-0.0311318
-0.0267986
-0.0227284
-0.018936
-0.0154314
-0.0122204
-0.00930443
-0.00668052
-0.00434201
-0.00227872
-0.000477531
0.00107713
0.00240272
0.00351805
0.00444275
0.00519683
0.00580018
0.00627228
0.00663183
0.00689654
0.00708291
0.00720612
0.00727994
0.00731673
0.00732738
0.0073214
0.00730694
0.00729091
0.007279
0.00727588
0.0072852
0.00730976
0.00735155
0.00741181
0.00749164
0.00759113
0.00771005
0.00784793
0.00800398
0.00817717
0.0083663
0.00857
0.00878686
0.00901534
0.00925391
0.009501
0.00975505
0.0100145
0.0102779
0.0105437
0.0108106
0.0110771
0.011342
0.011604
0.011862
0.0121149
0.0123616
0.0126011
0.0128326
0.0130553
0.0132683
0.0134709
0.0136626
0.0138426
0.0140106
0.0141659
0.0143082
0.0144371
0.0145523
0.0146534
0.0147403
0.0148128
0.0148707
0.0149138
0.0149421
0.0149555
0.0149541
0.0149377
0.0149066
0.0148606
0.0148
0.0147247
0.014635
0.014531
0.0144128
0.0142807
0.0141347
0.0139752
0.0138023
0.0136162
0.0134173
0.0132056
0.0129815
0.0127453
0.0124971
0.0122372
0.0119659
0.0116835
0.0113902
0.0110862
0.0107719
0.0104474
0.0101132
0.00976927
0.00941604
0.00905373
0.00868257
0.00830281
0.00791469
0.00751846
0.00711433
0.00670256
0.00628335
0.00585693
0.00542352
0.00498333
0.00453657
0.00408345
0.00362416
0.00315891
0.00268786
0.00221128
0.00172903
0.0012429
0.000745688
0.000276773
-0.213351
-0.213679
-0.213743
-0.213789
-0.213813
-0.213817
-0.213795
-0.213741
-0.213647
-0.21351
-0.213326
-0.213092
-0.212806
-0.212465
-0.212067
-0.211612
-0.211097
-0.210522
-0.209885
-0.209186
-0.208422
-0.207594
-0.2067
-0.205739
-0.204711
-0.203614
-0.202447
-0.20121
-0.199901
-0.198518
-0.197062
-0.195529
-0.193919
-0.192229
-0.190458
-0.188605
-0.186665
-0.184638
-0.182519
-0.180307
-0.177998
-0.175588
-0.173074
-0.170451
-0.167716
-0.164862
-0.161887
-0.158783
-0.155548
-0.152174
-0.148657
-0.144993
-0.141176
-0.137204
-0.133073
-0.128781
-0.124329
-0.119718
-0.114952
-0.110038
-0.104984
-0.0998033
-0.0945102
-0.0891235
-0.0836649
-0.078159
-0.0726331
-0.0671168
-0.0616411
-0.0562384
-0.0509411
-0.0457812
-0.0407894
-0.0359943
-0.0314219
-0.0270945
-0.0230309
-0.0192454
-0.015748
-0.0125442
-0.00963505
-0.00701743
-0.00468437
-0.00262545
-0.000827344
0.000725699
0.00205126
0.00316823
0.00409628
0.00485539
0.00546544
0.00594581
0.00631509
0.00659084
0.00678941
0.00692583
0.0070137
0.00706518
0.007091
0.00710051
0.00710171
0.00710135
0.00710501
0.00711722
0.00714154
0.00718066
0.00723648
0.00731034
0.00740306
0.00751481
0.00764534
0.00779413
0.00796038
0.00814307
0.00834098
0.00855279
0.00877707
0.00901232
0.00925703
0.00950966
0.00976866
0.0100325
0.0102998
0.010569
0.0108388
0.0111078
0.0113748
0.0116386
0.011898
0.0121519
0.0123994
0.0126395
0.0128713
0.013094
0.0133069
0.0135092
0.0137004
0.0138799
0.0140471
0.0142017
0.0143431
0.014471
0.0145852
0.0146852
0.014771
0.0148423
0.014899
0.0149409
0.014968
0.0149803
0.0149776
0.0149601
0.0149278
0.0148807
0.0148189
0.0147425
0.0146518
0.0145467
0.0144275
0.0142944
0.0141475
0.013987
0.0138133
0.0136264
0.0134266
0.0132142
0.0129894
0.0127524
0.0125036
0.0122431
0.0119712
0.0116882
0.0113944
0.0110899
0.0107751
0.0104503
0.0101156
0.0097713
0.00941773
0.00905508
0.00868361
0.00830357
0.00791519
0.00751871
0.00711436
0.00670237
0.00628297
0.00585638
0.0054228
0.00498247
0.00453559
0.00408236
0.00362298
0.00315767
0.0026866
0.00221002
0.00172785
0.00124172
0.000745174
0.000274326
-0.213399
-0.213768
-0.213827
-0.213872
-0.213896
-0.213901
-0.21388
-0.213826
-0.213733
-0.213597
-0.213412
-0.213178
-0.212891
-0.212549
-0.21215
-0.211694
-0.211179
-0.210603
-0.209966
-0.209265
-0.208501
-0.207673
-0.206779
-0.205818
-0.204789
-0.203693
-0.202526
-0.201289
-0.199981
-0.198599
-0.197144
-0.195612
-0.194004
-0.192316
-0.190548
-0.188696
-0.18676
-0.184736
-0.182622
-0.180414
-0.17811
-0.175705
-0.173197
-0.170581
-0.167852
-0.165007
-0.162039
-0.158944
-0.155717
-0.152353
-0.148845
-0.14519
-0.141383
-0.13742
-0.133297
-0.129014
-0.124569
-0.119965
-0.115205
-0.110295
-0.105246
-0.100069
-0.0947787
-0.0893949
-0.0839392
-0.0784364
-0.0729141
-0.0674022
-0.0619319
-0.0565358
-0.0512464
-0.046096
-0.041115
-0.0363322
-0.0317731
-0.0274602
-0.0234116
-0.0196415
-0.0161595
-0.0129705
-0.0100752
-0.00747016
-0.00514801
-0.00309802
-0.0013066
0.000242198
0.00156608
0.00268401
0.00361564
0.00438092
0.0049996
0.00549089
0.0058732
0.00616388
0.00637904
0.00653345
0.00664046
0.00671198
0.00675852
0.00678917
0.00681174
0.00683276
0.00685766
0.00689078
0.00693556
0.00699457
0.00706957
0.007162
0.00727242
0.00740102
0.0075475
0.00771131
0.00789165
0.00808749
0.00829763
0.00852075
0.00875544
0.00900023
0.00925363
0.00951413
0.00978023
0.0100505
0.0103234
0.0105976
0.0108717
0.0111445
0.0114147
0.0116812
0.0119429
0.0121986
0.0124475
0.0126886
0.0129211
0.0131442
0.0133572
0.0135594
0.0137503
0.0139292
0.0140957
0.0142494
0.0143898
0.0145166
0.0146295
0.0147282
0.0148126
0.0148825
0.0149377
0.0149781
0.0150037
0.0150144
0.0150103
0.0149912
0.0149573
0.0149087
0.0148455
0.0147677
0.0146755
0.0145691
0.0144485
0.0143141
0.0141659
0.0140043
0.0138293
0.0136413
0.0134405
0.013227
0.0130012
0.0127633
0.0125136
0.0122523
0.0119796
0.0116958
0.0114013
0.0110962
0.0107807
0.0104553
0.01012
0.00977523
0.00942115
0.00905805
0.00868615
0.0083057
0.00791695
0.00752012
0.00711544
0.00670314
0.00628346
0.0058566
0.00542279
0.00498224
0.00453516
0.00408176
0.00362225
0.00315682
0.00268569
0.00220907
0.001727
0.00124066
0.000745417
0.000269176
-0.213515
-0.213919
-0.213969
-0.21401
-0.214032
-0.214035
-0.214012
-0.213956
-0.21386
-0.213721
-0.213534
-0.213296
-0.213006
-0.212662
-0.212261
-0.211803
-0.211285
-0.210707
-0.210068
-0.209366
-0.208601
-0.207771
-0.206876
-0.205914
-0.204885
-0.203788
-0.202621
-0.201384
-0.200076
-0.198695
-0.19724
-0.19571
-0.194102
-0.192416
-0.19065
-0.188801
-0.186868
-0.184847
-0.182737
-0.180533
-0.178234
-0.175834
-0.173332
-0.170722
-0.168
-0.165161
-0.162201
-0.159113
-0.155894
-0.152537
-0.149038
-0.14539
-0.14159
-0.137634
-0.133517
-0.12924
-0.1248
-0.120201
-0.115446
-0.11054
-0.105495
-0.100321
-0.0950351
-0.0896561
-0.084206
-0.0787102
-0.0731964
-0.0676948
-0.0622371
-0.0568557
-0.0515834
-0.0464523
-0.0414928
-0.0367332
-0.032199
-0.0279118
-0.0238896
-0.0201458
-0.0166894
-0.0135248
-0.0106521
-0.0080674
-0.00576275
-0.00372709
-0.00194652
-0.000404885
0.00091564
0.00203403
0.00296991
0.00374307
0.00437305
0.00487884
0.00527854
0.00558916
0.00582647
0.0060049
0.00613745
0.0062357
0.0063098
0.00636856
0.00641949
0.00646888
0.00652191
0.00658274
0.00665462
0.00673996
0.0068406
0.00695735
0.00709122
0.00724215
0.00740977
0.00759353
0.0077926
0.00800597
0.00823242
0.00847066
0.0087193
0.00897691
0.00924204
0.0095132
0.00978896
0.0100679
0.0103485
0.0106296
0.0109099
0.0111879
0.0114627
0.0117331
0.011998
0.0122564
0.0125074
0.0127502
0.0129839
0.0132078
0.0134212
0.0136235
0.0138141
0.0139925
0.0141582
0.0143109
0.0144502
0.0145756
0.0146871
0.0147843
0.014867
0.0149351
0.0149885
0.015027
0.0150507
0.0150595
0.0150534
0.0150324
0.0149966
0.0149461
0.0148809
0.0148013
0.0147073
0.0145991
0.0144768
0.0143407
0.0141909
0.0140277
0.0138512
0.0136617
0.0134595
0.0132447
0.0130176
0.0127785
0.0125276
0.0122652
0.0119914
0.0117067
0.0114112
0.0111052
0.0107889
0.0104627
0.0101267
0.00978118
0.00942645
0.00906272
0.00869025
0.00830926
0.00792
0.0075227
0.00711757
0.00670487
0.0062848
0.00585759
0.00542345
0.00498259
0.00453524
0.0040816
0.00362188
0.00315629
0.00268505
0.00220834
0.0017264
0.00123964
0.000746408
0.00026109
-0.213717
-0.214144
-0.214178
-0.214208
-0.214222
-0.214217
-0.214188
-0.214125
-0.214023
-0.213877
-0.213684
-0.213441
-0.213146
-0.212797
-0.212392
-0.21193
-0.211409
-0.210828
-0.210186
-0.209481
-0.208713
-0.207881
-0.206984
-0.206021
-0.204991
-0.203892
-0.202725
-0.201488
-0.200179
-0.198798
-0.197344
-0.195814
-0.194208
-0.192523
-0.190759
-0.188912
-0.186981
-0.184964
-0.182856
-0.180657
-0.178362
-0.175967
-0.173469
-0.170864
-0.168147
-0.165314
-0.162359
-0.159278
-0.156064
-0.152713
-0.149218
-0.145576
-0.141781
-0.137828
-0.133716
-0.129442
-0.125006
-0.120409
-0.115657
-0.110755
-0.105713
-0.100544
-0.0952644
-0.0898934
-0.0844536
-0.0789706
-0.0734726
-0.06799
-0.0625545
-0.0571989
-0.0519557
-0.0468567
-0.041932
-0.0372096
-0.0327141
-0.0284666
-0.0244843
-0.0207797
-0.0173611
-0.0142322
-0.0113922
-0.00883649
-0.00655671
-0.00454128
-0.00277598
-0.00124445
7.12191e-05
0.00118997
0.00213129
0.00291472
0.00355952
0.00408428
0.0045067
0.00484333
0.00510949
0.00531912
0.00548477
0.00561756
0.00572725
0.00582223
0.00590966
0.0059955
0.00608465
0.00618101
0.00628759
0.00640666
0.00653986
0.00668807
0.00685196
0.00703144
0.00722613
0.00743545
0.00765855
0.0078944
0.00814182
0.00839953
0.00866618
0.00894036
0.00922067
0.00950568
0.009794
0.0100843
0.0103751
0.0106653
0.0109535
0.0112386
0.0115195
0.0117952
0.0120645
0.0123266
0.0125806
0.0128257
0.0130612
0.0132863
0.0135005
0.0137031
0.0138936
0.0140715
0.0142365
0.0143881
0.014526
0.01465
0.0147597
0.014855
0.0149357
0.0150017
0.0150528
0.0150891
0.0151104
0.0151168
0.0151083
0.0150849
0.0150467
0.0149938
0.0149263
0.0148444
0.0147481
0.0146376
0.0145132
0.014375
0.0142231
0.0140579
0.0138796
0.0136883
0.0134842
0.0132678
0.0130391
0.0127984
0.012546
0.0122822
0.0120071
0.0117211
0.0114244
0.0111173
0.0107999
0.0104727
0.0101357
0.00978936
0.00943379
0.00906928
0.00869606
0.00831438
0.00792447
0.00752655
0.00712086
0.00670762
0.00628705
0.00585938
0.0054248
0.00498355
0.00453584
0.00408187
0.00362187
0.00315605
0.00268465
0.00220779
0.00172601
0.00123863
0.000748144
0.00025016
-0.214026
-0.214454
-0.214458
-0.214466
-0.214462
-0.214443
-0.2144
-0.214325
-0.214212
-0.214056
-0.213854
-0.213603
-0.213301
-0.212945
-0.212534
-0.212067
-0.211541
-0.210955
-0.210309
-0.209601
-0.20883
-0.207995
-0.207096
-0.20613
-0.205098
-0.203998
-0.20283
-0.201592
-0.200283
-0.198901
-0.197447
-0.195918
-0.194312
-0.192629
-0.190866
-0.189021
-0.187092
-0.185077
-0.182972
-0.180775
-0.178483
-0.176091
-0.173597
-0.170995
-0.168282
-0.165452
-0.162501
-0.159423
-0.156212
-0.152863
-0.149371
-0.145731
-0.141937
-0.137986
-0.133874
-0.129601
-0.125166
-0.120571
-0.11582
-0.110921
-0.105885
-0.100723
-0.0954533
-0.0900954
-0.0846724
-0.0792104
-0.0737378
-0.0682853
-0.0628846
-0.0575684
-0.0523689
-0.0473174
-0.0424436
-0.0377745
-0.033334
-0.0291422
-0.0252151
-0.0215643
-0.018197
-0.0151159
-0.0123194
-0.00980203
-0.00755476
-0.00556554
-0.0038198
-0.00230101
-0.000991241
0.000128351
0.001077
0.0018739
0.00253788
0.003087
0.00353842
0.0039081
0.00421075
0.00445973
0.004667
0.00484313
0.00499735
0.00513757
0.00527051
0.00540174
0.0055358
0.00567629
0.00582595
0.00598688
0.00616057
0.00634774
0.00654878
0.00676363
0.00699188
0.00723289
0.0074858
0.00774958
0.00802306
0.008305
0.00859406
0.00888892
0.0091882
0.00949056
0.00979464
0.0100992
0.0104028
0.0107045
0.0110029
0.011297
0.0115857
0.0118681
0.0121431
0.0124101
0.012668
0.0129163
0.0131542
0.0133811
0.0135964
0.0137995
0.0139901
0.0141677
0.0143318
0.0144823
0.0146187
0.0147409
0.0148486
0.0149417
0.01502
0.0150835
0.015132
0.0151655
0.015184
0.0151875
0.0151761
0.0151498
0.0151088
0.015053
0.0149826
0.0148978
0.0147988
0.0146856
0.0145585
0.0144177
0.0142634
0.0140958
0.0139151
0.0137215
0.0135153
0.0132968
0.0130661
0.0128235
0.0125693
0.0123037
0.0120271
0.0117395
0.0114413
0.0111328
0.0108141
0.0104856
0.0101475
0.00980001
0.0094434
0.00907791
0.00870378
0.00832123
0.00793051
0.00753183
0.00712543
0.00671152
0.00629033
0.00586207
0.00542695
0.0049852
0.00453702
0.00408265
0.00362228
0.00315615
0.00268452
0.00220746
0.00172585
0.00123765
0.000750598
0.000236777
-0.214467
-0.214859
-0.21481
-0.214779
-0.214745
-0.214701
-0.214637
-0.214544
-0.214415
-0.214245
-0.214031
-0.213769
-0.213458
-0.213094
-0.212676
-0.212202
-0.21167
-0.211079
-0.210428
-0.209716
-0.208942
-0.208104
-0.207201
-0.206233
-0.205199
-0.204098
-0.202928
-0.201688
-0.200378
-0.198997
-0.197542
-0.196013
-0.194408
-0.192725
-0.190962
-0.189118
-0.187191
-0.185176
-0.183073
-0.180878
-0.178587
-0.176197
-0.173704
-0.171103
-0.168391
-0.165562
-0.162611
-0.159533
-0.156322
-0.152972
-0.149479
-0.145836
-0.14204
-0.138087
-0.133973
-0.129698
-0.125262
-0.120667
-0.115919
-0.111024
-0.105995
-0.100844
-0.09559
-0.0902524
-0.084855
-0.0794244
-0.0739893
-0.0685804
-0.0632295
-0.0579688
-0.05283
-0.0478438
-0.043039
-0.0384414
-0.0340738
-0.029955
-0.0260997
-0.0225182
-0.0192164
-0.0161958
-0.0134537
-0.0109839
-0.0087765
-0.00681904
-0.00509661
-0.00359253
-0.00228894
-0.00116722
-0.000208498
0.000605935
0.0012943
0.00187403
0.00236155
0.00277211
0.00311968
0.00341689
0.00367498
0.00390388
0.00411218
0.00430723
0.00449524
0.0046813
0.00486954
0.00506321
0.00526477
0.00547616
0.00569855
0.00593248
0.00617819
0.00643558
0.00670419
0.00698333
0.00727211
0.00756952
0.00787441
0.00818556
0.0085017
0.00882154
0.00914379
0.00946716
0.00979039
0.0101123
0.0104316
0.0107472
0.0110581
0.0113632
0.0116615
0.0119523
0.0122345
0.0125074
0.0127704
0.0130227
0.0132637
0.0134929
0.0137098
0.0139138
0.0141046
0.0142819
0.0144453
0.0145945
0.0147293
0.0148495
0.014955
0.0150455
0.0151211
0.0151816
0.015227
0.0152573
0.0152725
0.0152726
0.0152578
0.0152281
0.0151835
0.0151243
0.0150506
0.0149624
0.0148601
0.0147437
0.0146135
0.0144696
0.0143123
0.0141417
0.0139582
0.013762
0.0135532
0.0133321
0.0130991
0.0128542
0.0125979
0.0123302
0.0120516
0.0117621
0.0114622
0.011152
0.0108317
0.0105017
0.0101622
0.00981337
0.00945551
0.00908884
0.0087136
0.00833001
0.00793831
0.00753871
0.00713144
0.00671673
0.00629478
0.0058658
0.00543003
0.00498766
0.00453891
0.00408402
0.0036232
0.00315667
0.00268474
0.0022074
0.00172595
0.00123677
0.000753698
0.000221586
-0.215076
-0.215366
-0.215229
-0.215134
-0.215052
-0.214972
-0.214879
-0.214762
-0.214613
-0.214427
-0.214199
-0.213925
-0.213603
-0.21323
-0.212804
-0.212323
-0.211785
-0.211189
-0.210533
-0.209817
-0.209039
-0.208197
-0.207292
-0.206322
-0.205285
-0.204182
-0.20301
-0.201769
-0.200458
-0.199076
-0.19762
-0.19609
-0.194485
-0.192802
-0.191039
-0.189195
-0.187267
-0.185252
-0.183149
-0.180953
-0.178661
-0.17627
-0.173776
-0.171174
-0.168459
-0.165628
-0.162673
-0.159591
-0.156375
-0.15302
-0.149521
-0.145873
-0.142071
-0.138112
-0.133993
-0.129714
-0.125275
-0.12068
-0.115935
-0.111048
-0.10603
-0.100896
-0.0956642
-0.0903559
-0.0849952
-0.0796088
-0.0742256
-0.0688763
-0.0635923
-0.0584054
-0.0533464
-0.0484451
-0.0437289
-0.0392223
-0.0349466
-0.0309189
-0.0271524
-0.0236559
-0.0204336
-0.0174857
-0.0148086
-0.0123948
-0.0102339
-0.00831288
-0.00661651
-0.00512811
-0.00382998
-0.00270385
-0.00173138
-0.000894495
-0.000175715
0.000441579
0.00097295
0.00143277
0.00183414
0.00218883
0.00250728
0.00279863
0.00307078
0.00333041
0.00358314
0.00383354
0.00408531
0.00434127
0.00460357
0.00487399
0.00515326
0.00544178
0.00573969
0.0060468
0.00636257
0.00668627
0.00701702
0.00735378
0.00769544
0.00804083
0.00838873
0.00873792
0.00908717
0.00943528
0.00978107
0.0101234
0.0104612
0.0107935
0.0111191
0.0114373
0.0117472
0.0120479
0.0123387
0.012619
0.012888
0.0131452
0.0133901
0.0136222
0.013841
0.0140463
0.0142376
0.0144147
0.0145773
0.0147253
0.0148583
0.0149763
0.0150792
0.0151669
0.0152393
0.0152964
0.0153383
0.0153649
0.0153763
0.0153726
0.0153538
0.0153201
0.0152715
0.0152084
0.0151307
0.0150386
0.0149324
0.0148123
0.0146784
0.0145309
0.0143701
0.0141962
0.0140094
0.01381
0.0135982
0.0133743
0.0131384
0.0128909
0.012632
0.0123619
0.0120809
0.0117893
0.0114873
0.0111751
0.010853
0.0105212
0.01018
0.00982967
0.00947033
0.00910228
0.00872573
0.00834091
0.00794805
0.00754737
0.00713909
0.00672341
0.00630056
0.00587074
0.00543418
0.00499107
0.00454164
0.00408612
0.00362474
0.00315772
0.00268541
0.0022077
0.00172637
0.0012361
0.000757313
0.000205437
-0.215903
-0.215976
-0.215699
-0.215507
-0.215359
-0.215231
-0.215103
-0.214959
-0.214788
-0.214584
-0.214341
-0.214055
-0.213723
-0.213341
-0.212907
-0.21242
-0.211876
-0.211275
-0.210615
-0.209894
-0.209112
-0.208268
-0.20736
-0.206387
-0.205348
-0.204243
-0.203069
-0.201827
-0.200514
-0.19913
-0.197674
-0.196142
-0.194535
-0.192851
-0.191087
-0.189241
-0.187311
-0.185294
-0.183188
-0.180988
-0.178693
-0.176298
-0.173799
-0.171191
-0.16847
-0.165631
-0.162669
-0.159578
-0.156352
-0.152988
-0.149478
-0.14582
-0.142008
-0.13804
-0.133913
-0.129628
-0.125187
-0.120593
-0.115853
-0.110976
-0.105975
-0.100866
-0.0956663
-0.0903988
-0.0850879
-0.0797607
-0.074446
-0.0691743
-0.0639765
-0.0588833
-0.0539247
-0.0491289
-0.0445218
-0.0401263
-0.0359616
-0.0320431
-0.0283821
-0.0249854
-0.0218558
-0.018992
-0.016389
-0.0140385
-0.0119293
-0.0100479
-0.00837897
-0.00690593
-0.00561135
-0.00447749
-0.00348666
-0.0026216
-0.00186574
-0.00120344
-0.000620121
-0.000102438
0.000361709
0.000783125
0.00117134
0.00153463
0.00188009
0.00221371
0.00254045
0.00286433
0.00318851
0.0035155
0.00384699
0.00418445
0.00452833
0.0048789
0.00523617
0.0055998
0.0059692
0.00634361
0.00672211
0.00710369
0.00748727
0.00787172
0.00825588
0.0086386
0.00901874
0.00939518
0.00976686
0.0101327
0.0104918
0.0108432
0.0111859
0.0115193
0.0118425
0.0121548
0.0124556
0.0127444
0.0130205
0.0132836
0.0135331
0.0137687
0.01399
0.0141969
0.0143889
0.014566
0.0147278
0.0148744
0.0150055
0.0151212
0.0152212
0.0153057
0.0153747
0.015428
0.0154659
0.0154884
0.0154955
0.0154873
0.0154641
0.0154259
0.0153728
0.0153051
0.0152229
0.0151265
0.0150159
0.0148915
0.0147534
0.0146018
0.014437
0.0142593
0.0140688
0.0138658
0.0136505
0.0134232
0.0131842
0.0129336
0.0126718
0.012399
0.0121154
0.0118212
0.0115168
0.0112024
0.0108781
0.0105443
0.0102012
0.00984907
0.00948804
0.00911838
0.00874033
0.0083541
0.00795991
0.00755798
0.00714851
0.00673173
0.00630784
0.00587704
0.00543955
0.00499559
0.00454536
0.0040891
0.00362705
0.00315942
0.00268662
0.00220845
0.00172718
0.00123574
0.000761259
0.000189317
-0.217024
-0.216679
-0.216191
-0.215865
-0.215633
-0.21545
-0.215283
-0.21511
-0.214919
-0.214698
-0.214442
-0.214145
-0.213804
-0.213415
-0.212975
-0.212481
-0.211933
-0.211328
-0.210664
-0.20994
-0.209155
-0.208308
-0.207398
-0.206422
-0.205381
-0.204274
-0.203098
-0.201854
-0.200539
-0.199153
-0.197694
-0.19616
-0.19455
-0.192862
-0.191094
-0.189244
-0.18731
-0.185288
-0.183175
-0.18097
-0.178667
-0.176263
-0.173754
-0.171136
-0.168404
-0.165552
-0.162577
-0.159471
-0.156232
-0.152852
-0.149327
-0.145654
-0.141829
-0.137848
-0.133712
-0.129421
-0.124978
-0.120387
-0.115656
-0.110795
-0.105819
-0.100743
-0.0955878
-0.0903746
-0.085129
-0.079878
-0.0746503
-0.0694759
-0.0643847
-0.0594064
-0.0545694
-0.0499002
-0.0454228
-0.0411579
-0.0371227
-0.0333303
-0.02979
-0.0265066
-0.0234811
-0.0207107
-0.0181892
-0.0159072
-0.0138531
-0.0120128
-0.0103712
-0.00891171
-0.00761753
-0.00647154
-0.00545692
-0.00455738
-0.0037574
-0.00304247
-0.00239914
-0.00181521
-0.00127968
-0.000782796
-0.000316041
0.000127946
0.000555416
0.000971588
0.00138074
0.00178626
0.0021908
0.00259638
0.00300482
0.00341645
0.00383182
0.00425109
0.00467406
0.00510028
0.0055291
0.00595969
0.00639115
0.00682246
0.00725259
0.00768045
0.00810494
0.00852501
0.00893959
0.00934766
0.00974826
0.0101405
0.0105234
0.0108962
0.0112582
0.0116086
0.0119469
0.0122724
0.0125846
0.012883
0.0131673
0.013437
0.0136918
0.0139315
0.0141558
0.0143646
0.0145576
0.0147347
0.0148959
0.0150411
0.0151702
0.0152833
0.0153803
0.0154614
0.0155265
0.0155758
0.0156093
0.0156271
0.0156295
0.0156165
0.0155883
0.0155451
0.015487
0.0154143
0.0153271
0.0152257
0.0151103
0.014981
0.0148383
0.0146821
0.0145129
0.0143309
0.0141362
0.0139292
0.01371
0.013479
0.0132364
0.0129824
0.0127173
0.0124414
0.0121548
0.0118578
0.0115508
0.0112338
0.0109072
0.0105711
0.0102259
0.00987165
0.00950872
0.00913727
0.00875752
0.00836969
0.007974
0.00757065
0.00715986
0.00674182
0.00631674
0.00588483
0.0054463
0.00500134
0.0045502
0.00409308
0.00363024
0.0031619
0.00268851
0.00220977
0.00172843
0.00123577
0.000765305
0.000174271
-0.218557
-0.217451
-0.216659
-0.216162
-0.215833
-0.215593
-0.21539
-0.215194
-0.214986
-0.214753
-0.214488
-0.214183
-0.213836
-0.213442
-0.212997
-0.212501
-0.211949
-0.211341
-0.210675
-0.209949
-0.209162
-0.208312
-0.207399
-0.206422
-0.205379
-0.204269
-0.203091
-0.201843
-0.200525
-0.199135
-0.197672
-0.196134
-0.194519
-0.192825
-0.191051
-0.189193
-0.18725
-0.185219
-0.183097
-0.180879
-0.178564
-0.176147
-0.173623
-0.170989
-0.168239
-0.165369
-0.162374
-0.159249
-0.155989
-0.152589
-0.149044
-0.145352
-0.14151
-0.137515
-0.133369
-0.129072
-0.124628
-0.120044
-0.115328
-0.110491
-0.10555
-0.10052
-0.0954215
-0.0902783
-0.0851152
-0.0799591
-0.0748383
-0.0697819
-0.0648185
-0.0599764
-0.0552821
-0.05076
-0.0464317
-0.0423157
-0.0384266
-0.0347753
-0.0313686
-0.0282094
-0.0252969
-0.0226268
-0.0201915
-0.017981
-0.015983
-0.0141834
-0.012567
-0.0111179
-0.00981978
-0.00865641
-0.00761199
-0.00667136
-0.00582022
-0.00504528
-0.00433436
-0.00367648
-0.00306182
-0.00248177
-0.00192884
-0.00139665
-0.000879826
-0.000373935
0.000124597
0.000618549
0.00111002
0.0016008
0.00209188
0.00258352
0.00307605
0.00356942
0.00406328
0.00455704
0.00504999
0.00554128
0.00602998
0.0065151
0.00699563
0.00747053
0.0079388
0.00839943
0.00885146
0.00929398
0.00972611
0.010147
0.010556
0.0109524
0.0113354
0.0117046
0.0120595
0.0123995
0.0127243
0.0130335
0.0133268
0.013604
0.0138648
0.0141092
0.0143369
0.0145479
0.0147421
0.0149195
0.01508
0.0152238
0.0153509
0.0154613
0.0155551
0.0156324
0.0156935
0.0157383
0.015767
0.01578
0.0157772
0.0157589
0.0157253
0.0156766
0.0156131
0.0155349
0.0154423
0.0153355
0.0152148
0.0150803
0.0149324
0.0147713
0.0145972
0.0144104
0.0142112
0.0139998
0.0137764
0.0135413
0.0132947
0.013037
0.0127683
0.012489
0.0121991
0.0118991
0.011589
0.0112693
0.01094
0.0106014
0.0102538
0.00989741
0.00953236
0.00915893
0.00877731
0.00838773
0.00799037
0.00758546
0.00717319
0.00675376
0.00632736
0.00589421
0.00545451
0.00500845
0.00455627
0.00409818
0.00363444
0.00316527
0.00269116
0.00221173
0.00173016
0.00123629
0.000769202
0.000161326
-0.220658
-0.218226
-0.217039
-0.216346
-0.215917
-0.215629
-0.215401
-0.215192
-0.214975
-0.214737
-0.214468
-0.214162
-0.213812
-0.213417
-0.212971
-0.212473
-0.21192
-0.211311
-0.210643
-0.209916
-0.209127
-0.208276
-0.207361
-0.206381
-0.205335
-0.204222
-0.20304
-0.201788
-0.200465
-0.199069
-0.197599
-0.196053
-0.19443
-0.192727
-0.190942
-0.189073
-0.187117
-0.185071
-0.182933
-0.180699
-0.178365
-0.175928
-0.173383
-0.170726
-0.167952
-0.165057
-0.162036
-0.158885
-0.155598
-0.152172
-0.148604
-0.144889
-0.141027
-0.137018
-0.132861
-0.12856
-0.12412
-0.119548
-0.114855
-0.110053
-0.105158
-0.100187
-0.0951625
-0.0901066
-0.0850447
-0.0800034
-0.07501
-0.0700924
-0.0652779
-0.0605925
-0.0560606
-0.0517043
-0.0475425
-0.0435909
-0.0398618
-0.0363633
-0.0331001
-0.0300729
-0.027279
-0.0247128
-0.0223657
-0.0202269
-0.0182837
-0.0165222
-0.0149274
-0.0134841
-0.0121767
-0.0109901
-0.00990963
-0.00892143
-0.0080125
-0.0071709
-0.00638578
-0.00564745
-0.00494732
-0.00427794
-0.00363288
-0.00300675
-0.00239505
-0.00179414
-0.00120114
-0.000613848
-3.0766e-05
0.000549586
0.00112755
0.00170336
0.00227704
0.00284834
0.00341675
0.00398158
0.00454205
0.00509728
0.00564633
0.00618823
0.006722
0.00724665
0.00776126
0.00826489
0.00875667
0.0092358
0.00970151
0.0101531
0.0105899
0.0110114
0.0114171
0.0118064
0.0121791
0.0125347
0.0128731
0.013194
0.0134971
0.0137825
0.0140499
0.0142994
0.0145309
0.0147444
0.0149401
0.0151179
0.0152779
0.0154203
0.0155453
0.0156529
0.0157433
0.0158168
0.0158735
0.0159137
0.0159374
0.0159451
0.0159368
0.0159129
0.0158736
0.0158192
0.0157498
0.0156657
0.0155673
0.0154547
0.0153283
0.0151883
0.0150349
0.0148684
0.0146891
0.0144972
0.0142931
0.0140769
0.0138489
0.0136094
0.0133587
0.0130969
0.0128244
0.0125413
0.012248
0.0119446
0.0116314
0.0113086
0.0109764
0.0106352
0.010285
0.00992619
0.00955887
0.00918329
0.00879965
0.00840815
0.00800899
0.00760238
0.0071885
0.00676755
0.00633973
0.00590523
0.00546424
0.00501697
0.00456365
0.00410447
0.00363972
0.0031696
0.00269465
0.00221442
0.00173241
0.00123734
0.0007727
0.00015142
-0.223576
-0.218874
-0.217231
-0.216368
-0.21585
-0.215531
-0.2153
-0.215093
-0.21488
-0.214646
-0.214381
-0.214078
-0.213731
-0.213338
-0.212894
-0.212398
-0.211846
-0.211237
-0.210569
-0.20984
-0.20905
-0.208197
-0.207279
-0.206295
-0.205245
-0.204126
-0.202938
-0.201679
-0.200348
-0.198943
-0.197463
-0.195906
-0.194269
-0.192552
-0.190752
-0.188865
-0.186891
-0.184825
-0.182664
-0.180406
-0.178047
-0.175582
-0.173008
-0.170321
-0.167516
-0.164589
-0.161536
-0.158352
-0.155034
-0.151578
-0.147981
-0.144242
-0.14036
-0.136335
-0.132171
-0.12787
-0.12344
-0.11889
-0.114229
-0.109474
-0.104639
-0.0997434
-0.0948091
-0.089859
-0.0849177
-0.0800111
-0.0751654
-0.0704068
-0.0657605
-0.0612504
-0.0568983
-0.0527235
-0.0487422
-0.0449673
-0.0414081
-0.0380705
-0.0349565
-0.0320651
-0.0293919
-0.0269299
-0.0246697
-0.0225999
-0.020708
-0.01898
-0.0174016
-0.0159584
-0.0146358
-0.0134199
-0.0122974
-0.0112558
-0.0102834
-0.00936966
-0.00850521
-0.00768161
-0.00689154
-0.00612866
-0.00538764
-0.00466401
-0.00395416
-0.0032552
-0.00256493
-0.00188188
-0.00120445
-0.000532353
0.000134721
0.000796822
0.0014537
0.00210488
0.00274973
0.00338749
0.00401729
0.00463823
0.00524935
0.00584971
0.00643836
0.00701437
0.00757686
0.008125
0.00865799
0.00917511
0.00967572
0.0101592
0.0106251
0.0110728
0.0115021
0.0119126
0.012304
0.0126762
0.0130289
0.0133621
0.0136757
0.0139698
0.0142443
0.0144993
0.0147349
0.0149513
0.0151486
0.0153269
0.0154865
0.0156277
0.0157505
0.0158553
0.0159423
0.0160118
0.0160641
0.0160994
0.016118
0.0161202
0.0161062
0.0160765
0.0160312
0.0159706
0.0158951
0.0158049
0.0157004
0.0155818
0.0154494
0.0153034
0.0151443
0.0149721
0.0147873
0.0145901
0.0143808
0.0141596
0.0139268
0.0136827
0.0134275
0.0131614
0.0128848
0.0125978
0.0123008
0.0119938
0.0116773
0.0113513
0.0110161
0.010672
0.0103192
0.00995776
0.00958802
0.00921015
0.00882435
0.00843082
0.00802974
0.00762131
0.00720572
0.00678316
0.0063538
0.00591785
0.00547548
0.00502691
0.00457234
0.00411199
0.00364612
0.00317495
0.00269902
0.00221786
0.00173518
0.00123898
0.000775564
0.00014534
-0.227972
-0.219266
-0.21704
-0.216215
-0.215634
-0.215296
-0.215088
-0.214903
-0.214705
-0.214484
-0.214231
-0.213937
-0.213598
-0.21321
-0.212771
-0.212277
-0.211727
-0.211119
-0.21045
-0.20972
-0.208928
-0.208071
-0.207148
-0.206159
-0.205101
-0.203974
-0.202777
-0.201507
-0.200164
-0.198745
-0.19725
-0.195676
-0.194022
-0.192284
-0.190462
-0.188551
-0.186551
-0.184457
-0.182267
-0.179978
-0.177585
-0.175085
-0.172475
-0.16975
-0.166907
-0.163941
-0.160849
-0.157627
-0.154273
-0.150783
-0.147156
-0.143392
-0.139491
-0.135454
-0.131286
-0.126993
-0.122581
-0.118061
-0.113447
-0.108751
-0.103992
-0.0991893
-0.0943636
-0.0895381
-0.0847366
-0.0799839
-0.0753047
-0.070723
-0.0662618
-0.0619424
-0.0577839
-0.0538024
-0.0500114
-0.0464207
-0.043037
-0.0398635
-0.0369003
-0.0341443
-0.0315899
-0.0292288
-0.0270511
-0.0250453
-0.0231987
-0.0214981
-0.0199299
-0.0184805
-0.0171367
-0.0158859
-0.014716
-0.013616
-0.0125758
-0.0115862
-0.0106392
-0.00972761
-0.00884534
-0.00798718
-0.00714879
-0.00632662
-0.00551786
-0.00472032
-0.00393241
-0.00315327
-0.00238178
-0.00161798
-0.000861793
-0.000113458
0.000626544
0.00135758
0.00207888
0.0027896
0.00348884
0.00417565
0.00484908
0.00550818
0.00615205
0.0067798
0.00739061
0.00798371
0.00855841
0.00911406
0.00965011
0.0101661
0.0106615
0.0111361
0.0115896
0.0120218
0.0124325
0.0128216
0.0131891
0.0135351
0.0138596
0.0141627
0.0144446
0.0147054
0.0149455
0.0151649
0.015364
0.0155431
0.0157024
0.0158423
0.0159631
0.0160652
0.0161488
0.0162143
0.016262
0.0162924
0.0163057
0.0163023
0.0162826
0.0162468
0.0161954
0.0161286
0.0160468
0.0159503
0.0158395
0.0157147
0.0155761
0.015424
0.0152589
0.015081
0.0148905
0.0146878
0.0144731
0.0142467
0.0140089
0.01376
0.0135001
0.0132297
0.0129488
0.0126578
0.0123568
0.0120462
0.0117262
0.0113969
0.0110586
0.0107115
0.0103558
0.00999171
0.00961945
0.0092392
0.00885115
0.00845549
0.00805241
0.00764208
0.0072247
0.00680044
0.00636947
0.00593198
0.00548817
0.00503821
0.00458232
0.0041207
0.00365363
0.0031813
0.00270427
0.00222206
0.00173845
0.0012412
0.000777606
0.000143651
-0.234206
-0.21935
-0.216348
-0.215889
-0.215329
-0.214967
-0.214792
-0.214646
-0.214474
-0.214271
-0.214032
-0.213751
-0.213421
-0.21304
-0.212605
-0.212115
-0.211566
-0.210957
-0.210287
-0.209554
-0.208756
-0.207893
-0.206963
-0.205964
-0.204896
-0.203757
-0.202545
-0.20126
-0.199899
-0.198461
-0.196945
-0.195348
-0.193668
-0.191903
-0.190051
-0.188109
-0.186075
-0.183946
-0.181718
-0.179389
-0.176955
-0.174412
-0.171758
-0.168988
-0.1661
-0.163089
-0.159954
-0.15669
-0.153297
-0.149772
-0.146115
-0.142327
-0.13841
-0.134367
-0.130203
-0.125925
-0.121543
-0.117067
-0.112512
-0.107892
-0.103226
-0.0985327
-0.0938336
-0.0891507
-0.0845068
-0.0799252
-0.0754284
-0.0710384
-0.0667754
-0.0626579
-0.058702
-0.0549208
-0.0513246
-0.0479206
-0.0447128
-0.0417021
-0.0388865
-0.0362615
-0.03382
-0.0315532
-0.029451
-0.0275016
-0.025693
-0.0240125
-0.0224475
-0.0209856
-0.0196149
-0.0183241
-0.0171027
-0.0159411
-0.0148305
-0.0137633
-0.0127327
-0.0117328
-0.0107585
-0.00980584
-0.00887128
-0.00795213
-0.00704631
-0.00615231
-0.00526927
-0.00439616
-0.00353304
-0.00267987
-0.00183689
-0.00100458
-0.000183618
0.000625219
0.00142107
0.00220301
0.00297008
0.0037213
0.00445573
0.00517244
0.00587053
0.00654917
0.00720759
0.00784507
0.008461
0.00905482
0.00962604
0.0101743
0.0106992
0.0112006
0.0116783
0.0121322
0.0125623
0.0129685
0.013351
0.0137099
0.0140455
0.0143578
0.0146473
0.0149142
0.0151588
0.0153814
0.0155825
0.0157625
0.0159216
0.0160604
0.0161793
0.0162786
0.0163589
0.0164205
0.0164638
0.0164893
0.0164973
0.0164884
0.0164628
0.016421
0.0163634
0.0162904
0.0162023
0.0160994
0.0159823
0.0158511
0.0157063
0.0155481
0.0153769
0.0151931
0.0149968
0.0147885
0.0145684
0.0143368
0.0140939
0.0138401
0.0135755
0.0133005
0.0130153
0.0127202
0.0124153
0.0121009
0.0117773
0.0114446
0.0111031
0.010753
0.0103944
0.0100276
0.00965273
0.00927004
0.00887968
0.00848184
0.00807669
0.00766442
0.00724518
0.00681917
0.00638654
0.00594747
0.00550215
0.00505075
0.00459347
0.00413052
0.00366217
0.0031886
0.00271036
0.00222699
0.0017422
0.00124401
0.000778719
0.000146649
)
;

boundaryField
{
    inlet
    {
        type            zeroGradient;
    }
    outlet
    {
        type            fixedValue;
        value           uniform 0;
    }
    walls
    {
        type            zeroGradient;
    }
    frontAndBack
    {
        type            empty;
    }
}


// ************************************************************************* //
