/*--------------------------------*- C++ -*----------------------------------*\
  =========                 |
  \\      /  F ield         | OpenFOAM: The Open Source CFD Toolbox
   \\    /   O peration     | Website:  https://openfoam.org
    \\  /    A nd           | Version:  11
     \\/     M anipulation  |
\*---------------------------------------------------------------------------*/
FoamFile
{
    format      ascii;
    class       volScalarField;
    location    "18";
    object      p;
}
// * * * * * * * * * * * * * * * * * * * * * * * * * * * * * * * * * * * * * //

dimensions      [0 2 -2 0 0 0 0];

internalField   nonuniform List<scalar> 
8400
(
-0.0951041
-0.101335
-0.108013
-0.114085
-0.120018
-0.126052
-0.132185
-0.13839
-0.14467
-0.151043
-0.157527
-0.164143
-0.170918
-0.177887
-0.185095
-0.192608
-0.200517
-0.208983
-0.218338
-0.230179
-0.0947626
-0.101355
-0.108174
-0.114139
-0.120014
-0.126062
-0.132211
-0.13842
-0.144702
-0.151079
-0.15757
-0.164195
-0.170979
-0.177959
-0.185182
-0.19271
-0.200632
-0.209076
-0.218043
-0.227021
-0.0944487
-0.101334
-0.108306
-0.114182
-0.119981
-0.126034
-0.1322
-0.138408
-0.144682
-0.151054
-0.157539
-0.164154
-0.170926
-0.177888
-0.185082
-0.192558
-0.200371
-0.20854
-0.216776
-0.223959
-0.0941648
-0.101232
-0.108384
-0.114218
-0.119928
-0.125964
-0.132141
-0.138343
-0.144599
-0.150951
-0.157413
-0.163999
-0.170731
-0.177637
-0.184749
-0.192095
-0.19968
-0.20741
-0.214838
-0.220832
-0.093891
-0.101062
-0.108388
-0.114224
-0.119848
-0.125848
-0.132026
-0.138216
-0.144443
-0.150758
-0.157179
-0.163712
-0.170374
-0.177184
-0.184161
-0.191307
-0.198577
-0.205802
-0.212486
-0.217635
-0.093619
-0.100849
-0.108317
-0.114178
-0.11973
-0.125683
-0.131849
-0.13802
-0.144206
-0.150469
-0.156828
-0.163283
-0.169844
-0.17652
-0.183316
-0.190207
-0.197113
-0.203824
-0.209867
-0.21443
-0.0933459
-0.10061
-0.108181
-0.114073
-0.11957
-0.125471
-0.131612
-0.137753
-0.143889
-0.150085
-0.156363
-0.162718
-0.169151
-0.175661
-0.182239
-0.188843
-0.195366
-0.201591
-0.2071
-0.211264
-0.0930724
-0.100356
-0.107995
-0.113913
-0.119367
-0.125216
-0.131323
-0.137425
-0.1435
-0.149617
-0.1558
-0.162037
-0.16832
-0.174642
-0.180981
-0.187281
-0.193429
-0.199215
-0.204289
-0.208178
-0.0928034
-0.100098
-0.107776
-0.113707
-0.119127
-0.124928
-0.130993
-0.137048
-0.143056
-0.149086
-0.155162
-0.161268
-0.167389
-0.17351
-0.179602
-0.185601
-0.191395
-0.196796
-0.201521
-0.205222
-0.0925463
-0.0998451
-0.107538
-0.113468
-0.118858
-0.124617
-0.130639
-0.136639
-0.142576
-0.148515
-0.154479
-0.160449
-0.166403
-0.172321
-0.178168
-0.183881
-0.189355
-0.194427
-0.198876
-0.202449
-0.0923108
-0.0996097
-0.107294
-0.113207
-0.118573
-0.124299
-0.130276
-0.136218
-0.142083
-0.147931
-0.153784
-0.159618
-0.165408
-0.17113
-0.176748
-0.1822
-0.187392
-0.19219
-0.196424
-0.199912
-0.0921077
-0.099402
-0.107056
-0.112938
-0.118285
-0.123988
-0.129923
-0.135807
-0.141601
-0.147364
-0.153111
-0.158816
-0.164452
-0.169993
-0.175404
-0.180626
-0.18558
-0.190156
-0.194225
-0.197659
-0.091948
-0.0992319
-0.106832
-0.112671
-0.118009
-0.1237
-0.129596
-0.135424
-0.141153
-0.146839
-0.152491
-0.15808
-0.163578
-0.168961
-0.174192
-0.179221
-0.183979
-0.18838
-0.192327
-0.195729
-0.0918426
-0.0991068
-0.106626
-0.112415
-0.117759
-0.123449
-0.129309
-0.135086
-0.14076
-0.146381
-0.15195
-0.15744
-0.162822
-0.168072
-0.173156
-0.178029
-0.182634
-0.186903
-0.190764
-0.194151
-0.0918009
-0.0990304
-0.106437
-0.112176
-0.117546
-0.123247
-0.129074
-0.134806
-0.140436
-0.146006
-0.15151
-0.15692
-0.16221
-0.167356
-0.172327
-0.177082
-0.181573
-0.185749
-0.189552
-0.192937
-0.0918313
-0.0990003
-0.10626
-0.111962
-0.117383
-0.1231
-0.128897
-0.134593
-0.140193
-0.145726
-0.151181
-0.156533
-0.161756
-0.166827
-0.171717
-0.17639
-0.180805
-0.18492
-0.188691
-0.192081
-0.091939
-0.0990027
-0.106088
-0.111782
-0.117277
-0.12301
-0.128778
-0.134449
-0.140032
-0.145542
-0.150965
-0.156279
-0.161459
-0.166484
-0.171324
-0.175946
-0.180317
-0.184398
-0.188154
-0.191556
-0.0921265
-0.0990077
-0.105914
-0.111648
-0.11723
-0.122969
-0.128712
-0.134369
-0.139946
-0.145445
-0.150852
-0.156145
-0.161304
-0.166305
-0.171121
-0.17572
-0.180071
-0.18414
-0.187895
-0.191309
-0.0923998
-0.098991
-0.105748
-0.111575
-0.117233
-0.122966
-0.12869
-0.134345
-0.139923
-0.145421
-0.150824
-0.156113
-0.161268
-0.166265
-0.171077
-0.175675
-0.180026
-0.1841
-0.187864
-0.191294
-0.0927385
-0.0989701
-0.105595
-0.111544
-0.117263
-0.122988
-0.128704
-0.134364
-0.139949
-0.145453
-0.150863
-0.15616
-0.161325
-0.166332
-0.171157
-0.17577
-0.180138
-0.18423
-0.188015
-0.191465
-0.230218
-0.218908
-0.215564
-0.215336
-0.214908
-0.21452
-0.214357
-0.214247
-0.2141
-0.213914
-0.213689
-0.213419
-0.213097
-0.212722
-0.21229
-0.2118
-0.21125
-0.210638
-0.209962
-0.209222
-0.208416
-0.207541
-0.206598
-0.205584
-0.204499
-0.20334
-0.202107
-0.200798
-0.199411
-0.197944
-0.196396
-0.194765
-0.193048
-0.191243
-0.189348
-0.18736
-0.185276
-0.183094
-0.180811
-0.178423
-0.175928
-0.173321
-0.170601
-0.167763
-0.164805
-0.161724
-0.158518
-0.155185
-0.151724
-0.148134
-0.144417
-0.140575
-0.136611
-0.132531
-0.12834
-0.124049
-0.119667
-0.115208
-0.110688
-0.106122
-0.101529
-0.0969303
-0.0923462
-0.0877987
-0.08331
-0.0789019
-0.0745953
-0.0704098
-0.0663629
-0.0624702
-0.0587443
-0.0551951
-0.0518294
-0.0486511
-0.0456608
-0.0428567
-0.0402341
-0.0377864
-0.0355049
-0.0333795
-0.0313992
-0.0295521
-0.0278261
-0.0262091
-0.0246892
-0.023255
-0.0218957
-0.0206013
-0.0193629
-0.0181722
-0.017022
-0.0159059
-0.0148185
-0.0137553
-0.0127124
-0.0116867
-0.0106759
-0.00967808
-0.00869198
-0.0077171
-0.00675236
-0.00579825
-0.00485471
-0.00392214
-0.00300119
-0.00209265
-0.0011974
-0.000316423
0.000549257
0.00139859
0.0022305
0.00304396
0.00383795
0.0046115
0.0053637
0.0060937
0.00680074
0.00748414
0.00814328
0.00877765
0.00938682
0.00997046
0.0105283
0.0110601
0.0115659
0.0120456
0.0124993
0.012927
0.013329
0.0137055
0.0140567
0.014383
0.0146847
0.0149623
0.0152162
0.0154467
0.0156544
0.0158398
0.0160033
0.0161454
0.0162667
0.0163676
0.0164487
0.0165104
0.0165532
0.0165777
0.0165843
0.0165735
0.0165457
0.0165014
0.016441
0.016365
0.0162737
0.0161677
0.0160472
0.0159126
0.0157644
0.0156029
0.0154284
0.0152412
0.0150418
0.0148303
0.0146071
0.0143725
0.0141269
0.0138703
0.0136032
0.0133258
0.0130383
0.012741
0.0124341
0.0121179
0.0117925
0.0114582
0.0111152
0.0107637
0.0104039
0.010036
0.0096601
0.0092765
0.00888533
0.00848677
0.008081
0.00766817
0.00724846
0.00682203
0.00638905
0.00594968
0.00550409
0.00505248
0.00459501
0.0041319
0.00366339
0.00318967
0.00271128
0.00222778
0.00174266
0.00124474
0.000777244
0.000154089
-0.227082
-0.218917
-0.215298
-0.214961
-0.21465
-0.214244
-0.214052
-0.213953
-0.213824
-0.213649
-0.213432
-0.213169
-0.212852
-0.212479
-0.212047
-0.211555
-0.211
-0.210381
-0.209696
-0.208945
-0.208125
-0.207235
-0.206274
-0.20524
-0.204132
-0.202949
-0.201689
-0.20035
-0.198931
-0.19743
-0.195846
-0.194175
-0.192416
-0.190567
-0.188626
-0.186589
-0.184455
-0.18222
-0.179882
-0.177438
-0.174886
-0.172222
-0.169444
-0.16655
-0.163537
-0.160403
-0.157149
-0.153771
-0.150272
-0.146652
-0.142912
-0.139058
-0.135094
-0.131025
-0.126862
-0.122613
-0.118291
-0.113909
-0.109483
-0.10503
-0.100568
-0.0961169
-0.0916967
-0.0873276
-0.0830299
-0.0788229
-0.0747248
-0.0707523
-0.06692
-0.0632402
-0.0597223
-0.0563735
-0.0531976
-0.050196
-0.0473675
-0.0447084
-0.0422128
-0.0398733
-0.0376807
-0.0356252
-0.033696
-0.0318819
-0.0301718
-0.0285547
-0.0270201
-0.0255579
-0.0241589
-0.0228147
-0.0215175
-0.0202605
-0.0190378
-0.0178443
-0.0166757
-0.0155283
-0.0143994
-0.0132865
-0.012188
-0.0111026
-0.0100297
-0.00896894
-0.00792002
-0.00688338
-0.00585929
-0.00484839
-0.00385152
-0.0028696
-0.00190362
-0.000954642
-2.37475e-05
0.000887965
0.00177941
0.00264953
0.00349731
0.00432179
0.00512208
0.00589737
0.00664693
0.0073701
0.00806634
0.00873518
0.00937625
0.00998928
0.0105741
0.0111305
0.0116587
0.0121585
0.0126302
0.0130739
0.01349
0.0138787
0.0142404
0.0145756
0.0148846
0.0151681
0.0154264
0.0156602
0.01587
0.0160563
0.0162198
0.0163611
0.0164806
0.0165791
0.0166571
0.0167152
0.0167538
0.0167737
0.0167753
0.0167592
0.0167258
0.0166757
0.0166094
0.0165274
0.01643
0.0163178
0.0161912
0.0160505
0.0158962
0.0157287
0.0155482
0.0153553
0.0151502
0.0149332
0.0147047
0.014465
0.0142143
0.0139529
0.0136812
0.0133993
0.0131075
0.0128061
0.0124953
0.0121754
0.0118464
0.0115088
0.0111625
0.010808
0.0104453
0.0100746
0.00969614
0.00931008
0.00891658
0.00851581
0.00810795
0.00769313
0.00727154
0.00684331
0.00640862
0.00596761
0.00552046
0.00506732
0.00460839
0.00414385
0.00367393
0.00319883
0.00271903
0.00223416
0.00174735
0.00124872
0.000776485
0.000166567
-0.224716
-0.219001
-0.21533
-0.214661
-0.214398
-0.213998
-0.21376
-0.213648
-0.213527
-0.213357
-0.213144
-0.212883
-0.212568
-0.212194
-0.211758
-0.211259
-0.210696
-0.210066
-0.209367
-0.2086
-0.207761
-0.20685
-0.205865
-0.204805
-0.203668
-0.202454
-0.20116
-0.199785
-0.198327
-0.196785
-0.195156
-0.193439
-0.191631
-0.189731
-0.187736
-0.185643
-0.183451
-0.181158
-0.178759
-0.176255
-0.173641
-0.170916
-0.168078
-0.165126
-0.162058
-0.158873
-0.155571
-0.152153
-0.148621
-0.144976
-0.141223
-0.137366
-0.133412
-0.129369
-0.125246
-0.121054
-0.116805
-0.112515
-0.108198
-0.103872
-0.0995544
-0.0952631
-0.0910171
-0.0868347
-0.0827339
-0.0787316
-0.0748431
-0.0710821
-0.0674601
-0.0639865
-0.0606679
-0.0575084
-0.0545098
-0.0516713
-0.04899
-0.0464608
-0.0440772
-0.0418311
-0.0397137
-0.0377151
-0.0358254
-0.0340342
-0.0323315
-0.0307077
-0.0291535
-0.0276603
-0.0262203
-0.0248263
-0.0234719
-0.0221517
-0.0208609
-0.0195953
-0.0183517
-0.0171272
-0.0159198
-0.0147277
-0.0135499
-0.0123856
-0.0112347
-0.010097
-0.00897252
-0.00786183
-0.00676554
-0.00568446
-0.00461954
-0.00357179
-0.00254231
-0.0015322
-0.000542594
0.00042537
0.00137059
0.00229199
0.00318855
0.00405933
0.00490343
0.00572007
0.00650854
0.00726821
0.00799857
0.00869919
0.00936975
0.01001
0.0106199
0.0111993
0.0117483
0.012267
0.0127556
0.0132144
0.0136438
0.0140441
0.0144159
0.0147595
0.0150756
0.0153647
0.0156274
0.0158644
0.0160763
0.0162638
0.0164274
0.016568
0.0166861
0.0167824
0.0168575
0.0169122
0.016947
0.0169626
0.0169595
0.0169384
0.0168998
0.0168443
0.0167724
0.0166846
0.0165815
0.0164634
0.0163309
0.0161844
0.0160243
0.0158511
0.015665
0.0154666
0.015256
0.0150338
0.0148002
0.0145554
0.0142999
0.0140339
0.0137577
0.0134715
0.0131757
0.0128703
0.0125558
0.0122322
0.0118998
0.0115589
0.0112095
0.010852
0.0104865
0.0101132
0.0097322
0.00934375
0.00894798
0.00854507
0.00813516
0.00771842
0.00729498
0.006865
0.00642863
0.00598602
0.00553732
0.00508269
0.00462231
0.00415634
0.00368501
0.00320851
0.00272725
0.00224099
0.00175233
0.00125311
0.000775006
0.000182757
-0.22209
-0.21836
-0.215147
-0.214272
-0.214035
-0.213684
-0.213422
-0.213293
-0.213177
-0.213014
-0.212804
-0.212545
-0.21223
-0.211853
-0.211412
-0.210904
-0.210329
-0.209684
-0.208968
-0.208179
-0.207316
-0.206379
-0.205365
-0.204273
-0.203102
-0.20185
-0.200516
-0.199099
-0.197595
-0.196005
-0.194326
-0.192556
-0.190693
-0.188736
-0.186681
-0.184528
-0.182274
-0.179917
-0.177456
-0.174887
-0.17221
-0.169423
-0.166526
-0.163517
-0.160396
-0.157163
-0.15382
-0.150368
-0.14681
-0.143151
-0.139394
-0.135546
-0.131615
-0.127609
-0.123539
-0.119418
-0.115257
-0.111071
-0.106876
-0.102688
-0.0985233
-0.0943994
-0.0903328
-0.0863401
-0.0824365
-0.0786364
-0.0749524
-0.0713952
-0.0679735
-0.0646937
-0.06156
-0.0585742
-0.0557361
-0.0530431
-0.0504911
-0.0480744
-0.0457859
-0.0436175
-0.0415605
-0.0396059
-0.0377444
-0.0359669
-0.0342644
-0.0326286
-0.0310515
-0.0295258
-0.0280451
-0.0266033
-0.0251954
-0.0238168
-0.0224638
-0.0211332
-0.0198224
-0.0185294
-0.0172525
-0.0159907
-0.0147433
-0.01351
-0.012291
-0.0110861
-0.00989568
-0.00872048
-0.00756131
-0.00641909
-0.00529483
-0.00418964
-0.00310465
-0.00204104
-0.00099996
1.7416e-05
0.00100997
0.00197661
0.00291631
0.00382812
0.00471116
0.00556465
0.00638787
0.00718023
0.00794124
0.00867049
0.0093677
0.0100327
0.0106653
0.0112656
0.0118336
0.0123696
0.0128738
0.0133466
0.0137883
0.0141994
0.0145805
0.014932
0.0152547
0.0155492
0.0158162
0.0160563
0.0162703
0.0164589
0.0166228
0.0167628
0.0168797
0.0169741
0.0170467
0.0170983
0.0171296
0.0171413
0.017134
0.0171083
0.0170649
0.0170043
0.0169273
0.0168342
0.0167256
0.0166021
0.0164642
0.0163122
0.0161467
0.0159681
0.0157768
0.0155731
0.0153575
0.0151303
0.0148918
0.0146424
0.0143824
0.014112
0.0138316
0.0135413
0.0132416
0.0129325
0.0126143
0.0122873
0.0119517
0.0116077
0.0112554
0.0108951
0.0105269
0.010151
0.00976763
0.0093769
0.00897897
0.00857401
0.00816215
0.00774355
0.00731834
0.00688668
0.0064487
0.00600454
0.00555435
0.00509827
0.00463647
0.00416911
0.00369639
0.00321849
0.00273579
0.00224811
0.00175751
0.00125782
0.00077303
0.00020179
-0.219223
-0.217045
-0.214567
-0.213676
-0.213472
-0.213212
-0.212973
-0.212845
-0.212742
-0.212595
-0.212394
-0.21214
-0.211827
-0.211448
-0.211001
-0.210483
-0.209894
-0.209232
-0.208495
-0.207682
-0.206792
-0.205823
-0.204776
-0.203647
-0.202436
-0.201142
-0.199763
-0.198298
-0.196744
-0.195101
-0.193367
-0.19154
-0.189618
-0.187599
-0.185483
-0.183266
-0.180947
-0.178526
-0.175999
-0.173367
-0.170628
-0.167781
-0.164827
-0.161765
-0.158596
-0.155322
-0.151945
-0.148468
-0.144894
-0.14123
-0.137481
-0.133654
-0.129758
-0.125803
-0.121799
-0.11776
-0.113698
-0.109627
-0.105562
-0.101518
-0.0975119
-0.0935576
-0.0896703
-0.0858642
-0.0821523
-0.0785461
-0.0750555
-0.0716887
-0.0684517
-0.0653485
-0.0623811
-0.0595495
-0.0568517
-0.0542842
-0.051842
-0.049519
-0.047308
-0.0452012
-0.0431906
-0.0412677
-0.0394244
-0.0376525
-0.0359444
-0.0342929
-0.0326912
-0.0311333
-0.0296139
-0.028128
-0.0266715
-0.0252408
-0.023833
-0.0224456
-0.0210765
-0.0197243
-0.0183879
-0.0170666
-0.01576
-0.0144682
-0.0131913
-0.0119294
-0.0106832
-0.00945341
-0.00824103
-0.00704702
-0.00587246
-0.0047185
-0.00358633
-0.00247714
-0.00139213
-0.000332483
0.000700654
0.00170619
0.00268307
0.00363035
0.00454714
0.00543265
0.00628618
0.00710713
0.00789501
0.00864944
0.00937015
0.010057
0.0107098
0.0113287
0.0119138
0.0124653
0.0129835
0.0134688
0.0139216
0.0143426
0.0147321
0.015091
0.0154198
0.0157193
0.0159902
0.0162333
0.0164493
0.016639
0.0168033
0.016943
0.0170588
0.0171516
0.017222
0.017271
0.0172992
0.0173073
0.0172962
0.0172664
0.0172186
0.0171535
0.0170717
0.0169738
0.0168604
0.0167319
0.0165889
0.016432
0.0162615
0.016078
0.0158818
0.0156734
0.0154531
0.0152213
0.0149784
0.0147246
0.0144604
0.014186
0.0139016
0.0136076
0.0133042
0.0129916
0.0126701
0.01234
0.0120013
0.0116544
0.0112993
0.0109364
0.0105657
0.0101875
0.00980182
0.00940894
0.00900899
0.00860209
0.0081884
0.00776805
0.00734119
0.00690793
0.00646843
0.0060228
0.00557119
0.00511373
0.00465058
0.00418188
0.00370782
0.00322856
0.00274443
0.00225536
0.00176279
0.00126275
0.000770819
0.000222612
-0.216271
-0.215269
-0.213585
-0.212839
-0.212697
-0.212555
-0.212388
-0.212289
-0.212212
-0.212091
-0.211909
-0.211667
-0.211359
-0.210981
-0.210528
-0.210001
-0.209397
-0.208716
-0.207956
-0.207116
-0.206196
-0.205193
-0.204109
-0.20294
-0.201686
-0.200346
-0.198918
-0.197402
-0.195795
-0.194096
-0.192304
-0.190417
-0.188434
-0.186353
-0.184172
-0.181892
-0.179509
-0.177024
-0.174434
-0.171741
-0.168943
-0.166041
-0.163035
-0.159927
-0.156718
-0.153411
-0.150009
-0.146517
-0.142938
-0.13928
-0.13555
-0.131756
-0.127907
-0.124013
-0.120086
-0.116139
-0.112183
-0.108233
-0.104302
-0.100406
-0.0965566
-0.0927687
-0.0890548
-0.0854266
-0.0818949
-0.0784687
-0.0751555
-0.0719609
-0.0688888
-0.0659412
-0.0631183
-0.0604188
-0.0578395
-0.0553762
-0.0530237
-0.0507755
-0.0486249
-0.0465646
-0.0445873
-0.0426854
-0.0408517
-0.0390792
-0.0373614
-0.0356922
-0.0340659
-0.0324776
-0.0309229
-0.0293977
-0.0278987
-0.0264231
-0.0249685
-0.0235329
-0.0221149
-0.0207133
-0.0193274
-0.0179568
-0.0166013
-0.0152614
-0.0139368
-0.0126281
-0.011336
-0.0100614
-0.00880529
-0.00756866
-0.00635266
-0.00515845
-0.00398727
-0.00284031
-0.00171882
-0.00062397
0.000443059
0.00148116
0.00248928
0.00346644
0.00441174
0.0053244
0.00620369
0.00704903
0.00785992
0.00863598
0.00937693
0.0100826
0.010753
0.0113881
0.011988
0.0125531
0.0130836
0.01358
0.0140427
0.0144724
0.0148695
0.0152349
0.0155692
0.0158733
0.0161478
0.0163935
0.0166115
0.0168024
0.0169672
0.0171066
0.0172216
0.017313
0.0173816
0.0174282
0.0174537
0.0174588
0.0174443
0.0174108
0.0173592
0.0172901
0.0172041
0.0171019
0.016984
0.0168511
0.0167037
0.0165422
0.0163673
0.0161793
0.0159787
0.015766
0.0155415
0.0153055
0.0150586
0.0148009
0.0145328
0.0142547
0.0139668
0.0136693
0.0133626
0.0130469
0.0127224
0.0123893
0.0120478
0.0116982
0.0113407
0.0109753
0.0106023
0.0102219
0.0098342
0.00943935
0.00903753
0.00862885
0.00821346
0.0077915
0.00736309
0.00692837
0.00648744
0.00604045
0.00558752
0.00512877
0.00466434
0.00419438
0.00371905
0.0032385
0.00275299
0.00226258
0.00176809
0.00126775
0.000768638
0.000244067
-0.213311
-0.213188
-0.212253
-0.211771
-0.21174
-0.211736
-0.211676
-0.211634
-0.211599
-0.211515
-0.211361
-0.211136
-0.210838
-0.210463
-0.210008
-0.209471
-0.208853
-0.208152
-0.207368
-0.2065
-0.205547
-0.204509
-0.203385
-0.202175
-0.200876
-0.199488
-0.19801
-0.196441
-0.194779
-0.193023
-0.191173
-0.189226
-0.187182
-0.185039
-0.182797
-0.180454
-0.17801
-0.175464
-0.172817
-0.170067
-0.167217
-0.164266
-0.161216
-0.15807
-0.15483
-0.151499
-0.148083
-0.144585
-0.141013
-0.137372
-0.133672
-0.129921
-0.126128
-0.122304
-0.118461
-0.11461
-0.110765
-0.106938
-0.103141
-0.0993876
-0.0956901
-0.09206
-0.0885081
-0.0850441
-0.0816763
-0.0784117
-0.0752554
-0.0722113
-0.0692814
-0.0664661
-0.0637643
-0.0611737
-0.0586907
-0.0563106
-0.054028
-0.051837
-0.0497312
-0.0477039
-0.0457486
-0.0438587
-0.0420279
-0.0402504
-0.0385205
-0.0368332
-0.0351837
-0.0335679
-0.0319821
-0.0304232
-0.0288883
-0.0273752
-0.0258819
-0.0244069
-0.0229491
-0.0215076
-0.0200819
-0.0186716
-0.0172772
-0.0158986
-0.014536
-0.0131899
-0.0118613
-0.010551
-0.00925995
-0.00798927
-0.0067401
-0.00551362
-0.00431107
-0.00313369
-0.00198271
-0.000859344
0.00023523
0.00129988
0.00233355
0.00333523
0.00430402
0.00523911
0.00613977
0.0070054
0.0078355
0.00862967
0.00938765
0.0101093
0.0107945
0.0114433
0.0120559
0.0126326
0.0131737
0.0136796
0.0141509
0.0145881
0.0149919
0.015363
0.0157022
0.0160102
0.0162879
0.0165362
0.0167559
0.0169479
0.0171131
0.0172525
0.0173668
0.0174571
0.0175242
0.0175689
0.017592
0.0175945
0.0175771
0.0175405
0.0174855
0.0174129
0.0173232
0.0172172
0.0170955
0.0169587
0.0168073
0.0166419
0.016463
0.0162711
0.0160666
0.01585
0.0156218
0.0153821
0.0151316
0.0148704
0.0145989
0.0143175
0.0140264
0.0137259
0.0134162
0.0130976
0.0127704
0.0124346
0.0120907
0.0117387
0.0113788
0.0110113
0.0106363
0.0102539
0.0098643
0.00946768
0.00906415
0.00865386
0.00823694
0.00781351
0.0073837
0.00694763
0.00650542
0.00605718
0.00560303
0.0051431
0.0046775
0.00420637
0.00372985
0.00324809
0.00276128
0.0022696
0.0017733
0.0012727
0.000766735
0.000264982
-0.210398
-0.21094
-0.210667
-0.210517
-0.210646
-0.210794
-0.210863
-0.210905
-0.210926
-0.210888
-0.210769
-0.210569
-0.210285
-0.209916
-0.209459
-0.208915
-0.208283
-0.207562
-0.206754
-0.205857
-0.204872
-0.203798
-0.202635
-0.201381
-0.200037
-0.198601
-0.197073
-0.195451
-0.193735
-0.191924
-0.190017
-0.188013
-0.18591
-0.183709
-0.181409
-0.179008
-0.176508
-0.173908
-0.171208
-0.16841
-0.165514
-0.162523
-0.159438
-0.156263
-0.153002
-0.149658
-0.146237
-0.142745
-0.139188
-0.135575
-0.131913
-0.128212
-0.124482
-0.120734
-0.116978
-0.113226
-0.109491
-0.105783
-0.102114
-0.0984958
-0.094939
-0.0914532
-0.0880475
-0.0847294
-0.0815054
-0.0783805
-0.0753583
-0.0724409
-0.0696289
-0.0669217
-0.0643175
-0.0618132
-0.059405
-0.0570883
-0.0548579
-0.0527081
-0.0506334
-0.0486277
-0.0466853
-0.0448005
-0.042968
-0.0411827
-0.0394398
-0.0377351
-0.0360646
-0.034425
-0.032813
-0.031226
-0.0296618
-0.0281183
-0.0265941
-0.0250879
-0.0235987
-0.0221259
-0.0206692
-0.0192281
-0.0178035
-0.0163948
-0.0150027
-0.0136278
-0.012271
-0.010933
-0.00961489
-0.00831779
-0.00704283
-0.00579122
-0.00456418
-0.00336297
-0.00218883
-0.00104299
7.33653e-05
0.00115908
0.00221309
0.00323436
0.00422199
0.00517513
0.00609305
0.00697514
0.00782087
0.00862984
0.00940177
0.0101365
0.0108339
0.0114942
0.0121173
0.0127037
0.0132536
0.0137676
0.0142461
0.0146897
0.0150991
0.0154751
0.0158185
0.0161299
0.0164105
0.0166609
0.0168822
0.0170752
0.0172409
0.0173802
0.0174941
0.0175835
0.0176493
0.0176924
0.0177136
0.0177139
0.017694
0.0176547
0.0175969
0.0175212
0.0174284
0.0173192
0.0171942
0.017054
0.0168992
0.0167303
0.016548
0.0163527
0.0161449
0.0159249
0.0156934
0.0154505
0.0151968
0.0149326
0.0146581
0.0143738
0.0140799
0.0137767
0.0134644
0.0131433
0.0128136
0.0124756
0.0121295
0.0117754
0.0114135
0.011044
0.0106672
0.010283
0.00989178
0.00949357
0.00908854
0.00867681
0.00825852
0.00783379
0.00740273
0.00696546
0.00652209
0.00607273
0.00561749
0.00515649
0.00468983
0.00421763
0.00374002
0.00325715
0.00276915
0.0022763
0.00177832
0.00127748
0.00076531
0.000284256
-0.207591
-0.208644
-0.208937
-0.209142
-0.209468
-0.209778
-0.20999
-0.210133
-0.210224
-0.21024
-0.210163
-0.20999
-0.209724
-0.209364
-0.208908
-0.208356
-0.207711
-0.206972
-0.20614
-0.205216
-0.204199
-0.203089
-0.201887
-0.200592
-0.199204
-0.197722
-0.196145
-0.194474
-0.192707
-0.190844
-0.188884
-0.186826
-0.18467
-0.182416
-0.180063
-0.177611
-0.175062
-0.172414
-0.169671
-0.166832
-0.1639
-0.160878
-0.157768
-0.154574
-0.151301
-0.147953
-0.144538
-0.14106
-0.137527
-0.133948
-0.130332
-0.126686
-0.123023
-0.119351
-0.115682
-0.112026
-0.108395
-0.104799
-0.101248
-0.0977524
-0.0943211
-0.0909624
-0.0876834
-0.0844902
-0.0813875
-0.0783789
-0.0754665
-0.0726514
-0.0699333
-0.0673108
-0.0647816
-0.0623426
-0.0599898
-0.0577188
-0.055525
-0.0534032
-0.0513482
-0.0493551
-0.0474186
-0.045534
-0.0436967
-0.0419022
-0.0401465
-0.0384261
-0.0367375
-0.0350778
-0.0334444
-0.0318348
-0.0302473
-0.0286801
-0.0271319
-0.0256016
-0.0240884
-0.0225918
-0.0211112
-0.0196474
-0.0181998
-0.0167686
-0.0153544
-0.0139578
-0.0125797
-0.011221
-0.00988257
-0.00856557
-0.00727116
-0.00600053
-0.00475492
-0.00353558
-0.00234376
-0.00118071
-4.76177e-05
0.00105435
0.0021241
0.0031606
0.00416292
0.0051302
0.00606169
0.00695676
0.00781487
0.00863561
0.00941868
0.0101639
0.0108712
0.0115406
0.0121723
0.0127666
0.0133237
0.0138442
0.0143286
0.0147776
0.0151917
0.0155717
0.0159185
0.016233
0.0165158
0.0167681
0.0169907
0.0171846
0.0173508
0.0174902
0.0176037
0.0176924
0.0177571
0.0177989
0.0178185
0.017817
0.017795
0.0177536
0.0176933
0.0176152
0.0175197
0.0174078
0.0172799
0.0171369
0.0169792
0.0168074
0.0166222
0.016424
0.0162133
0.0159905
0.0157561
0.0155105
0.0152541
0.0149872
0.0147102
0.0144234
0.0141271
0.0138215
0.013507
0.0131837
0.012852
0.012512
0.0121639
0.011808
0.0114443
0.0110732
0.0106947
0.0103091
0.0099164
0.00951681
0.00911046
0.00869748
0.00827799
0.00785212
0.00741996
0.00698164
0.00653725
0.00608691
0.00563071
0.00516876
0.00470116
0.00422801
0.00374944
0.00326557
0.00277649
0.00228256
0.0017831
0.00128195
0.000764506
0.00030094
-0.204949
-0.2064
-0.207167
-0.207719
-0.208261
-0.208741
-0.209101
-0.209355
-0.209525
-0.2096
-0.209568
-0.209428
-0.209182
-0.208831
-0.208377
-0.207821
-0.207164
-0.206408
-0.205554
-0.204603
-0.203556
-0.202413
-0.201175
-0.199841
-0.198412
-0.196887
-0.195266
-0.19355
-0.191736
-0.189826
-0.187818
-0.185713
-0.18351
-0.18121
-0.178812
-0.176317
-0.173726
-0.171041
-0.168262
-0.165393
-0.162434
-0.15939
-0.156264
-0.153061
-0.149786
-0.146443
-0.14304
-0.139584
-0.136082
-0.132542
-0.128973
-0.125385
-0.121788
-0.11819
-0.114603
-0.111037
-0.107501
-0.104005
-0.100558
-0.0971688
-0.093845
-0.0905935
-0.0874199
-0.0843289
-0.0813242
-0.0784081
-0.0755818
-0.0728456
-0.0701986
-0.0676392
-0.0651648
-0.0627724
-0.0604582
-0.0582183
-0.0560482
-0.0539435
-0.0518997
-0.0499123
-0.0479768
-0.0460891
-0.0442451
-0.0424412
-0.0406737
-0.0389395
-0.0372358
-0.0355597
-0.0339091
-0.032282
-0.0306764
-0.0290911
-0.0275248
-0.0259764
-0.0244453
-0.0229311
-0.0214332
-0.0199523
-0.0184878
-0.0170401
-0.0156097
-0.0141974
-0.0128039
-0.0114299
-0.0100767
-0.00874514
-0.00743647
-0.00615187
-0.00489258
-0.00365985
-0.00245493
-0.00127908
-0.000133502
0.000980635
0.00206222
0.00311022
0.00412367
0.0051017
0.00604356
0.00694859
0.00781623
0.00864606
0.00943777
0.0101912
0.0109062
0.0115828
0.0122212
0.0128217
0.0133846
0.0139103
0.0143995
0.0148526
0.0152705
0.0156538
0.0160034
0.0163202
0.016605
0.0168588
0.0170826
0.0172772
0.0174438
0.0175832
0.0176965
0.0177846
0.0178485
0.0178892
0.0179075
0.0179045
0.0178809
0.0178376
0.0177754
0.0176951
0.0175975
0.0174833
0.0173531
0.0172077
0.0170476
0.0168734
0.0166857
0.0164851
0.0162719
0.0160468
0.01581
0.0155621
0.0153034
0.0150343
0.0147552
0.0144663
0.0141679
0.0138604
0.0135439
0.0132188
0.0128853
0.0125436
0.0121939
0.0118364
0.0114713
0.0110988
0.0107189
0.010332
0.00993806
0.0095373
0.00912983
0.00871577
0.00829526
0.0078684
0.00743531
0.00699608
0.00655082
0.00609963
0.0056426
0.00517983
0.00471141
0.00423744
0.00375801
0.00327325
0.00278322
0.00228833
0.00178759
0.00128605
0.000764401
0.000314303
-0.202526
-0.204292
-0.20545
-0.206322
-0.207085
-0.207736
-0.20824
-0.208609
-0.208862
-0.208999
-0.209013
-0.208906
-0.208681
-0.208342
-0.207891
-0.207331
-0.206664
-0.205893
-0.205019
-0.204044
-0.20297
-0.201797
-0.200526
-0.199158
-0.197692
-0.19613
-0.19447
-0.192714
-0.19086
-0.188909
-0.186861
-0.184716
-0.182474
-0.180136
-0.177702
-0.175173
-0.17255
-0.169836
-0.167031
-0.16414
-0.161164
-0.158108
-0.154975
-0.151771
-0.1485
-0.145169
-0.141785
-0.138355
-0.134886
-0.131387
-0.127867
-0.124334
-0.120799
-0.11727
-0.113757
-0.110269
-0.106816
-0.103405
-0.100046
-0.0967453
-0.0935093
-0.090344
-0.0872539
-0.0842428
-0.0813133
-0.0784671
-0.0757048
-0.0730262
-0.0704302
-0.0679151
-0.0654783
-0.0631169
-0.0608276
-0.0586067
-0.0564504
-0.0543547
-0.0523155
-0.0503289
-0.0483911
-0.0464984
-0.0446471
-0.042834
-0.041056
-0.0393101
-0.0375938
-0.0359047
-0.0342407
-0.0325999
-0.0309808
-0.0293818
-0.027802
-0.0262403
-0.0246961
-0.0231688
-0.0216588
-0.0201655
-0.0186889
-0.0172294
-0.0157876
-0.014364
-0.0129595
-0.0115748
-0.010211
-0.0088691
-0.00755027
-0.0062557
-0.00498663
-0.00374429
-0.00252996
-0.00134487
-0.000190255
0.000932722
0.00202294
0.00307934
0.00410097
0.00508694
0.00603647
0.00694889
0.00782364
0.00866028
0.00945849
0.010218
0.0109389
0.011621
0.0122645
0.0128698
0.013437
0.0139668
0.0144596
0.014916
0.0153368
0.0157227
0.0160745
0.0163932
0.0166795
0.0169345
0.0171591
0.0173544
0.0175212
0.0176607
0.0177737
0.0178614
0.0179247
0.0179645
0.0179818
0.0179775
0.0179525
0.0179078
0.017844
0.017762
0.0176626
0.0175465
0.0174145
0.0172671
0.017105
0.0169289
0.0167392
0.0165366
0.0163214
0.0160943
0.0158556
0.0156058
0.0153452
0.0150743
0.0147933
0.0145027
0.0142026
0.0138934
0.0135754
0.0132488
0.0129138
0.0125707
0.0122197
0.0118609
0.0114945
0.0111208
0.0107398
0.0103518
0.00995683
0.00955508
0.00914667
0.00873172
0.00831034
0.00788266
0.00744878
0.00700878
0.00656279
0.00611088
0.00565315
0.00518968
0.00472057
0.00424589
0.00376573
0.00328021
0.00278936
0.0022936
0.00179178
0.00128974
0.000765018
0.00032388
-0.200373
-0.20239
-0.203866
-0.205021
-0.205995
-0.20681
-0.207452
-0.207931
-0.208266
-0.208463
-0.208523
-0.208448
-0.208245
-0.207917
-0.20747
-0.206907
-0.206232
-0.205448
-0.204557
-0.203562
-0.202464
-0.201265
-0.199967
-0.198569
-0.197072
-0.195478
-0.193786
-0.191997
-0.19011
-0.188126
-0.186046
-0.183869
-0.181597
-0.179229
-0.176768
-0.174213
-0.171568
-0.168834
-0.166013
-0.163108
-0.160123
-0.157062
-0.153929
-0.15073
-0.14747
-0.144156
-0.140794
-0.137391
-0.133956
-0.130497
-0.127021
-0.123539
-0.120059
-0.11659
-0.11314
-0.109718
-0.106333
-0.102993
-0.0997035
-0.096472
-0.093304
-0.0902043
-0.0871768
-0.0842245
-0.0813495
-0.078553
-0.0758354
-0.0731961
-0.0706341
-0.0681476
-0.0657344
-0.0633918
-0.0611167
-0.0589058
-0.0567558
-0.054663
-0.0526239
-0.050635
-0.0486928
-0.046794
-0.0449353
-0.0431137
-0.0413264
-0.0395708
-0.0378443
-0.0361449
-0.0344704
-0.0328192
-0.0311897
-0.0295806
-0.0279908
-0.0264194
-0.0248654
-0.0233293
-0.0218102
-0.020308
-0.0188229
-0.0173552
-0.0159053
-0.0144739
-0.0130617
-0.0116695
-0.0102984
-0.00894931
-0.00762342
-0.00632192
-0.00504604
-0.00379701
-0.0025761
-0.00138456
-0.000223598
0.000905597
0.0020019
0.00306426
0.00409169
0.00508331
0.00603833
0.00695606
0.00783593
0.00867749
0.0094804
0.0102444
0.0109695
0.0116556
0.012303
0.0129117
0.0134822
0.014015
0.0145105
0.0149694
0.0153923
0.0157801
0.0161336
0.0164536
0.0167411
0.0169969
0.0172222
0.0174178
0.0175849
0.0177243
0.0178372
0.0179245
0.0179872
0.0180263
0.0180428
0.0180375
0.0180115
0.0179655
0.0179005
0.0178171
0.0177163
0.0175987
0.0174652
0.0173162
0.0171526
0.0169748
0.0167835
0.0165793
0.0163625
0.0161338
0.0158935
0.0156422
0.0153801
0.0151077
0.0148252
0.0145332
0.0142317
0.0139212
0.0136019
0.0132741
0.0129379
0.0125936
0.0122415
0.0118816
0.0115142
0.0111395
0.0107576
0.0103687
0.00997291
0.00957035
0.00916116
0.00874547
0.00832339
0.00789503
0.00746049
0.00701987
0.00657326
0.00612076
0.00566245
0.0051984
0.00472871
0.00425344
0.00377268
0.00328651
0.00279495
0.00229845
0.00179574
0.00129303
0.000766343
0.000329504
-0.19853
-0.200747
-0.20248
-0.203876
-0.20504
-0.206004
-0.206771
-0.207351
-0.207762
-0.208016
-0.208117
-0.208072
-0.207889
-0.207572
-0.20713
-0.206565
-0.205883
-0.205089
-0.204184
-0.203172
-0.202055
-0.200835
-0.199514
-0.198093
-0.196572
-0.194952
-0.193235
-0.19142
-0.189508
-0.1875
-0.185395
-0.183195
-0.1809
-0.178512
-0.176032
-0.173461
-0.170801
-0.168054
-0.165224
-0.162314
-0.159326
-0.156267
-0.153139
-0.149949
-0.146703
-0.143407
-0.140067
-0.136692
-0.133288
-0.129864
-0.126429
-0.12299
-0.119556
-0.116135
-0.112736
-0.109367
-0.106035
-0.102748
-0.0995109
-0.0963306
-0.093212
-0.0901591
-0.0871754
-0.0842636
-0.0814252
-0.0786614
-0.0759723
-0.0733575
-0.0708159
-0.068346
-0.0659456
-0.0636124
-0.0613436
-0.0591362
-0.0569872
-0.0548934
-0.0528514
-0.0508582
-0.0489104
-0.0470051
-0.0451392
-0.0433099
-0.0415145
-0.0397506
-0.0380158
-0.036308
-0.0346253
-0.032966
-0.0313286
-0.0297118
-0.0281147
-0.0265364
-0.0249752
-0.0234324
-0.0219068
-0.0203983
-0.0189072
-0.0174337
-0.0159782
-0.0145413
-0.0131238
-0.0117265
-0.0103503
-0.00899628
-0.00766558
-0.00635936
-0.00507884
-0.00382527
-0.0025999
-0.00140396
-0.000238686
0.000894745
0.00199521
0.00306163
0.00409304
0.00508854
0.00604733
0.00696873
0.00785214
0.00869711
0.0095033
0.0102705
0.0109985
0.0116875
0.0123374
0.0129486
0.0135214
0.0140563
0.0145537
0.0150143
0.0154388
0.0158279
0.0161825
0.0165035
0.0167917
0.0170482
0.0172739
0.0174698
0.0176369
0.0177763
0.017889
0.0179759
0.0180382
0.0180767
0.0180925
0.0180864
0.0180595
0.0180126
0.0179465
0.0178621
0.0177601
0.0176413
0.0175065
0.0173563
0.0171914
0.0170124
0.0168198
0.0166143
0.0163963
0.0161663
0.0159248
0.0156722
0.0154089
0.0151352
0.0148517
0.0145585
0.0142559
0.0139443
0.013624
0.0132952
0.012958
0.0126128
0.0122598
0.0118991
0.0115309
0.0111554
0.0107728
0.0103831
0.00998662
0.0095834
0.00917359
0.0087573
0.00833465
0.00790574
0.00747067
0.00702954
0.00658244
0.00612946
0.00567067
0.00520616
0.00473599
0.00426024
0.00377898
0.00329227
0.00280014
0.00230298
0.00179956
0.00129604
0.00076835
0.000331321
-0.197027
-0.1994
-0.201336
-0.202929
-0.204256
-0.20535
-0.206224
-0.206891
-0.207369
-0.207672
-0.20781
-0.207791
-0.207624
-0.207318
-0.206879
-0.206314
-0.205628
-0.204825
-0.203909
-0.202885
-0.201753
-0.200518
-0.199179
-0.19774
-0.196201
-0.194563
-0.192828
-0.190994
-0.189064
-0.187039
-0.184917
-0.182702
-0.180393
-0.177992
-0.1755
-0.172919
-0.170251
-0.167499
-0.164666
-0.161755
-0.15877
-0.155716
-0.152597
-0.149418
-0.146187
-0.142908
-0.13959
-0.136238
-0.132861
-0.129467
-0.126064
-0.122659
-0.119261
-0.115878
-0.112517
-0.109186
-0.105893
-0.102643
-0.0994428
-0.0962976
-0.0932119
-0.0901897
-0.0872341
-0.0843474
-0.0815313
-0.0787866
-0.0761136
-0.0735119
-0.0709805
-0.0685181
-0.0661228
-0.0637924
-0.0615244
-0.0593161
-0.0571646
-0.0550671
-0.0530205
-0.0510217
-0.0490679
-0.047156
-0.0452833
-0.043447
-0.0416445
-0.0398736
-0.0381318
-0.0364172
-0.0347279
-0.0330621
-0.0314185
-0.0297958
-0.0281928
-0.0266083
-0.0250429
-0.023495
-0.0219646
-0.0204515
-0.018956
-0.0174783
-0.0160188
-0.0145781
-0.0131568
-0.0117559
-0.0103762
-0.00901887
-0.00768489
-0.00637548
-0.00509184
-0.00383522
-0.00260686
-0.001408
-0.000239862
0.000896376
0.00199958
0.0030687
0.00410274
0.0051008
0.00606208
0.0069859
0.00787165
0.00871888
0.00952723
0.0102965
0.0110265
0.0117173
0.012369
0.0129818
0.0135561
0.0140923
0.014591
0.0150527
0.0154782
0.0158682
0.0162235
0.0165451
0.0168338
0.0170906
0.0173165
0.0175125
0.0176796
0.0178189
0.0179313
0.0180179
0.0180797
0.0181178
0.0181329
0.0181262
0.0180986
0.0180509
0.0179839
0.0178986
0.0177957
0.0176761
0.0175403
0.0173891
0.0172232
0.0170431
0.0168495
0.016643
0.0164239
0.0161929
0.0159504
0.0156968
0.0154326
0.015158
0.0148735
0.0145794
0.014276
0.0139636
0.0136424
0.0133128
0.0129749
0.012629
0.0122752
0.0119138
0.011545
0.0111689
0.0107857
0.0103954
0.0099984
0.00959466
0.00918435
0.00876759
0.00834448
0.00791513
0.00747964
0.00703811
0.00659062
0.00613725
0.00567808
0.0052132
0.00474265
0.00426652
0.00378485
0.00329771
0.00280511
0.0023074
0.00180342
0.00129894
0.000771039
0.000329794
-0.195875
-0.198369
-0.20046
-0.202207
-0.203665
-0.204866
-0.205827
-0.206564
-0.207095
-0.207439
-0.207606
-0.207608
-0.207455
-0.207157
-0.206722
-0.206157
-0.205467
-0.204659
-0.203736
-0.202702
-0.201561
-0.200314
-0.198964
-0.197513
-0.195962
-0.194312
-0.192564
-0.190719
-0.188778
-0.186741
-0.18461
-0.182385
-0.180068
-0.17766
-0.175163
-0.172578
-0.169908
-0.167155
-0.164323
-0.161415
-0.158435
-0.155387
-0.152277
-0.14911
-0.145892
-0.142629
-0.139328
-0.135996
-0.132641
-0.12927
-0.12589
-0.12251
-0.119138
-0.115781
-0.112446
-0.109142
-0.105873
-0.102648
-0.0994707
-0.0963469
-0.0932809
-0.0902764
-0.0873364
-0.0844632
-0.0816582
-0.0789226
-0.0762565
-0.0736597
-0.0711314
-0.0686703
-0.0662747
-0.0639427
-0.0616719
-0.0594599
-0.0573039
-0.0552012
-0.0531489
-0.0511441
-0.049184
-0.0472657
-0.0453866
-0.0435439
-0.0417352
-0.0399581
-0.0382104
-0.03649
-0.0347951
-0.0331241
-0.0314754
-0.0298479
-0.0282402
-0.0266518
-0.025082
-0.0235301
-0.0219959
-0.0204794
-0.0189806
-0.0174997
-0.0160371
-0.0145936
-0.0131696
-0.011766
-0.0103839
-0.00902411
-0.00768783
-0.0063762
-0.00509041
-0.00383172
-0.00260134
-0.00140053
-0.000230501
0.000907578
0.00201258
0.00308343
0.00411916
0.00511886
0.00608173
0.00700707
0.0078943
0.00874294
0.00955263
0.0103232
0.0110544
0.0117463
0.0123991
0.0130129
0.0135881
0.0141251
0.0146245
0.0150869
0.0155129
0.0159034
0.0162591
0.0165809
0.0168698
0.0171267
0.0173526
0.0175486
0.0177155
0.0178546
0.0179667
0.0180529
0.0181143
0.0181519
0.0181665
0.0181592
0.0181309
0.0180825
0.0180149
0.0179289
0.0178252
0.0177048
0.0175682
0.0174162
0.0172494
0.0170686
0.0168742
0.0166668
0.0164469
0.0162151
0.0159718
0.0157175
0.0154525
0.0151771
0.0148919
0.0145971
0.014293
0.0139799
0.0136581
0.0133278
0.0129893
0.0126428
0.0122885
0.0119266
0.0115573
0.0111806
0.0107969
0.0104063
0.0100088
0.00960466
0.00919395
0.0087768
0.00835333
0.00792363
0.00748781
0.00704595
0.00659815
0.00614447
0.00568501
0.00521982
0.00474898
0.00427254
0.00379055
0.00330308
0.00281011
0.00231194
0.00180754
0.00130199
0.000774477
0.000325707
-0.195069
-0.197654
-0.199858
-0.201719
-0.203276
-0.204556
-0.205582
-0.206371
-0.206943
-0.207316
-0.207505
-0.207522
-0.20738
-0.207088
-0.206656
-0.206091
-0.205399
-0.204587
-0.20366
-0.202621
-0.201473
-0.200219
-0.198863
-0.197404
-0.195846
-0.194189
-0.192434
-0.190582
-0.188635
-0.186593
-0.184457
-0.182228
-0.179908
-0.177497
-0.174998
-0.172413
-0.169744
-0.166993
-0.164164
-0.16126
-0.158286
-0.155246
-0.152144
-0.148987
-0.14578
-0.142529
-0.139241
-0.135924
-0.132583
-0.129228
-0.125864
-0.122501
-0.119145
-0.115805
-0.112486
-0.109197
-0.105943
-0.102731
-0.0995659
-0.096453
-0.0933965
-0.0904001
-0.0874666
-0.0845982
-0.0817968
-0.0790632
-0.0763977
-0.0738004
-0.0712704
-0.0688066
-0.0664075
-0.0640712
-0.0617955
-0.0595782
-0.0574165
-0.0553078
-0.0532495
-0.0512385
-0.0492723
-0.047348
-0.0454628
-0.0436143
-0.0418
-0.0400174
-0.0382645
-0.0365391
-0.0348395
-0.0331639
-0.031511
-0.0298794
-0.0282678
-0.0266758
-0.0251025
-0.0235473
-0.0220101
-0.0204906
-0.0189891
-0.0175056
-0.0160406
-0.0145947
-0.0131686
-0.011763
-0.0103789
-0.00901727
-0.00767924
-0.00636594
-0.00507858
-0.00381837
-0.00258656
-0.00138438
-0.000213032
0.0009263
0.0020325
0.0031045
0.00414132
0.00514206
0.00610592
0.0070322
0.00792032
0.0087698
0.00958029
0.0103515
0.0110834
0.011776
0.0124293
0.0130437
0.0136193
0.0141567
0.0146564
0.0151191
0.0155453
0.0159359
0.0162916
0.0166135
0.0169023
0.0171591
0.0173849
0.0175806
0.0177472
0.017886
0.0179977
0.0180836
0.0181445
0.0181815
0.0181956
0.0181878
0.0181589
0.0181099
0.0180416
0.0179549
0.0178506
0.0177295
0.0175922
0.0174395
0.0172721
0.0170905
0.0168954
0.0166874
0.0164668
0.0162344
0.0159904
0.0157354
0.0154698
0.0151938
0.014908
0.0146126
0.014308
0.0139943
0.013672
0.0133412
0.0130022
0.0126553
0.0123005
0.0119381
0.0115684
0.0111914
0.0108073
0.0104163
0.0100184
0.00961395
0.00920292
0.00878547
0.0083617
0.00793172
0.00749562
0.0070535
0.00660544
0.00615152
0.00569182
0.0052264
0.00475532
0.00427864
0.0037964
0.00330867
0.00281541
0.00231687
0.00181217
0.00130551
0.000778815
0.000320128
-0.194582
-0.197231
-0.199512
-0.20145
-0.203074
-0.204409
-0.205478
-0.206302
-0.206901
-0.207294
-0.207497
-0.207524
-0.207388
-0.2071
-0.20667
-0.206105
-0.205413
-0.204599
-0.203669
-0.202627
-0.201476
-0.200219
-0.198858
-0.197396
-0.195835
-0.194174
-0.192416
-0.190562
-0.188612
-0.186568
-0.184431
-0.182201
-0.179881
-0.17747
-0.174972
-0.172389
-0.169721
-0.166974
-0.164148
-0.161249
-0.15828
-0.155246
-0.152151
-0.149001
-0.145802
-0.14256
-0.139281
-0.135972
-0.132641
-0.129295
-0.125941
-0.122587
-0.119241
-0.115908
-0.112598
-0.109316
-0.106068
-0.102862
-0.0997011
-0.0965918
-0.0935378
-0.0905428
-0.0876096
-0.0847407
-0.0819377
-0.0792017
-0.0765331
-0.0739319
-0.0713974
-0.0689287
-0.0665242
-0.0641823
-0.0619008
-0.0596774
-0.0575096
-0.0553949
-0.0533305
-0.0513136
-0.0493415
-0.0474115
-0.045521
-0.0436672
-0.0418478
-0.0400604
-0.0383028
-0.036573
-0.0348692
-0.0331897
-0.0315329
-0.0298975
-0.0282829
-0.0266877
-0.0251113
-0.0235533
-0.0220133
-0.0204913
-0.0189873
-0.0175016
-0.0160345
-0.0145866
-0.0131585
-0.0117511
-0.0103653
-0.00900213
-0.00766261
-0.0063479
-0.00505922
-0.00379777
-0.0025648
-0.00136153
-0.00018916
0.000951127
0.00205821
0.00313104
0.00416863
0.00517008
0.00613459
0.00706147
0.00795013
0.00880009
0.00961101
0.0103826
0.0111149
0.0118077
0.0124613
0.0130758
0.0136515
0.014189
0.0146887
0.0151513
0.0155775
0.0159679
0.0163235
0.0166451
0.0169337
0.0171902
0.0174156
0.0176109
0.0177772
0.0179155
0.0180267
0.0181121
0.0181725
0.0182089
0.0182225
0.018214
0.0181845
0.0181349
0.018066
0.0179787
0.0178738
0.017752
0.0176141
0.0174608
0.0172927
0.0171105
0.0169148
0.0167061
0.016485
0.016252
0.0160074
0.0157519
0.0154857
0.0152092
0.0149229
0.014627
0.0143219
0.0140078
0.013685
0.0133538
0.0130144
0.012667
0.0123119
0.0119491
0.011579
0.0112017
0.0108173
0.0104259
0.0100278
0.00962304
0.00921174
0.00879403
0.00837001
0.00793979
0.00750347
0.00706113
0.00661286
0.00615873
0.00569883
0.00523321
0.00476194
0.00428507
0.00380264
0.0033147
0.00282124
0.00232241
0.00181753
0.0013098
0.000784252
0.0003143
-0.194364
-0.197053
-0.199381
-0.201366
-0.203029
-0.204397
-0.205491
-0.206335
-0.206949
-0.207353
-0.207564
-0.207596
-0.207464
-0.207178
-0.206749
-0.206184
-0.205492
-0.204677
-0.203746
-0.202703
-0.20155
-0.200292
-0.19893
-0.197466
-0.195903
-0.194242
-0.192484
-0.190629
-0.188679
-0.186635
-0.184499
-0.18227
-0.17995
-0.177542
-0.175045
-0.172464
-0.1698
-0.167055
-0.164233
-0.161338
-0.158373
-0.155343
-0.152253
-0.149108
-0.145913
-0.142676
-0.139402
-0.136098
-0.132772
-0.129431
-0.126081
-0.122731
-0.119387
-0.116058
-0.11275
-0.109469
-0.106222
-0.103016
-0.099855
-0.0967444
-0.0936884
-0.0906907
-0.0877542
-0.0848814
-0.082074
-0.0793331
-0.0766592
-0.0740524
-0.071512
-0.0690373
-0.0666267
-0.0642786
-0.0619909
-0.0597614
-0.0575876
-0.055467
-0.0533968
-0.0513744
-0.049397
-0.0474618
-0.0455663
-0.0437078
-0.0418838
-0.0400921
-0.0383305
-0.0365968
-0.0348892
-0.0332061
-0.031546
-0.0299076
-0.0282898
-0.0266916
-0.0251125
-0.0235518
-0.0220094
-0.020485
-0.0189787
-0.0174908
-0.0160217
-0.0145718
-0.0131419
-0.0117328
-0.0103453
-0.00898057
-0.00763958
-0.00632349
-0.00503351
-0.00377086
-0.00253676
-0.00133244
-0.000159111
0.00098206
0.00208995
0.00316351
0.00420176
0.00520379
0.00616881
0.00709613
0.00798517
0.00883544
0.00964659
0.0104184
0.0111507
0.0118436
0.0124972
0.0131116
0.0136873
0.0142246
0.0147241
0.0151864
0.0156122
0.0160023
0.0163575
0.0166787
0.0169668
0.0172228
0.0174477
0.0176424
0.0178081
0.0179457
0.0180564
0.0181411
0.0182008
0.0182366
0.0182495
0.0182404
0.0182102
0.0181599
0.0180903
0.0180023
0.0178967
0.0177743
0.0176357
0.0174817
0.017313
0.0171302
0.0169339
0.0167246
0.016503
0.0162693
0.0160243
0.0157682
0.0155015
0.0152245
0.0149377
0.0146413
0.0143357
0.0140212
0.013698
0.0133664
0.0130266
0.0126789
0.0123234
0.0119603
0.0115899
0.0112122
0.0108275
0.0104359
0.0100375
0.0096325
0.00922095
0.008803
0.00837876
0.00794833
0.00751179
0.00706926
0.00662079
0.00616649
0.0057064
0.00524062
0.00476918
0.00429215
0.00380957
0.00332146
0.00282784
0.00232881
0.00182385
0.00131518
0.000791186
0.00030974
-0.19437
-0.197084
-0.199439
-0.201447
-0.203131
-0.204513
-0.205619
-0.206471
-0.207091
-0.207498
-0.207712
-0.207745
-0.207614
-0.207328
-0.206898
-0.206332
-0.205639
-0.204823
-0.203891
-0.202846
-0.201693
-0.200434
-0.199072
-0.197608
-0.196045
-0.194384
-0.192626
-0.190772
-0.188823
-0.18678
-0.184645
-0.182418
-0.1801
-0.177693
-0.175199
-0.17262
-0.169958
-0.167216
-0.164397
-0.161504
-0.158542
-0.155515
-0.152427
-0.149284
-0.146092
-0.142857
-0.139585
-0.136283
-0.132958
-0.129617
-0.126267
-0.122917
-0.119572
-0.116241
-0.112931
-0.109648
-0.106398
-0.103188
-0.100023
-0.0969071
-0.0938459
-0.0908425
-0.0879001
-0.085021
-0.0822071
-0.0794595
-0.0767789
-0.0741652
-0.0716181
-0.0691365
-0.0667192
-0.0643646
-0.0620705
-0.0598348
-0.057655
-0.0555286
-0.0534529
-0.0514252
-0.0494427
-0.0475027
-0.0456026
-0.0437397
-0.0419116
-0.0401159
-0.0383504
-0.0366131
-0.0349021
-0.0332157
-0.0315524
-0.0299109
-0.0282901
-0.0266891
-0.0251072
-0.0235439
-0.0219988
-0.020472
-0.0189633
-0.0174731
-0.0160017
-0.0145497
-0.0131177
-0.0117065
-0.0103172
-0.00895055
-0.00760779
-0.00629003
-0.00499847
-0.00373433
-0.00249883
-0.00129321
-0.000118681
0.00102359
0.00213249
0.00320695
0.00424599
0.00524872
0.00621433
0.00714215
0.00803157
0.00888213
0.00969349
0.0104654
0.0111978
0.0118906
0.0125439
0.0131581
0.0137335
0.0142704
0.0147694
0.0152312
0.0156565
0.0160459
0.0164004
0.0167209
0.0170082
0.0172634
0.0174874
0.0176813
0.0178461
0.0179829
0.0180926
0.0181764
0.0182352
0.0182701
0.018282
0.018272
0.0182409
0.0181897
0.0181192
0.0180303
0.0179238
0.0178005
0.0176612
0.0175064
0.0173369
0.0171533
0.0169563
0.0167463
0.0165239
0.0162896
0.0160439
0.0157872
0.0155199
0.0152424
0.014955
0.0146581
0.014352
0.014037
0.0137134
0.0133813
0.0130411
0.012693
0.0123371
0.0119736
0.0116029
0.0112249
0.0108398
0.0104479
0.0100492
0.00964391
0.00923209
0.00881389
0.0083894
0.00795873
0.00752198
0.00707922
0.00663056
0.00617605
0.00571579
0.00524982
0.00477822
0.00430103
0.00381829
0.00333004
0.00283629
0.0023371
0.00183213
0.00132272
0.000800937
0.000309138
-0.194561
-0.197293
-0.199663
-0.201682
-0.203372
-0.204758
-0.205865
-0.206716
-0.207335
-0.20774
-0.20795
-0.20798
-0.207845
-0.207555
-0.207122
-0.206554
-0.205858
-0.20504
-0.204105
-0.203059
-0.201905
-0.200645
-0.199282
-0.197818
-0.196255
-0.194594
-0.192837
-0.190984
-0.189036
-0.186994
-0.18486
-0.182635
-0.180319
-0.177914
-0.175422
-0.172845
-0.170184
-0.167444
-0.164627
-0.161735
-0.158774
-0.155748
-0.152661
-0.149519
-0.146326
-0.143091
-0.139817
-0.136514
-0.133187
-0.129843
-0.12649
-0.123136
-0.119787
-0.116452
-0.113136
-0.109847
-0.10659
-0.103373
-0.100201
-0.0970781
-0.0940091
-0.0909979
-0.0880474
-0.0851602
-0.0823381
-0.0795824
-0.0768938
-0.0742723
-0.0717175
-0.0692285
-0.0668041
-0.0644425
-0.0621419
-0.0598998
-0.0577141
-0.055582
-0.0535009
-0.051468
-0.0494807
-0.0475361
-0.0456316
-0.0437646
-0.0419325
-0.040133
-0.038364
-0.0366232
-0.0349088
-0.0332191
-0.0315527
-0.0299081
-0.0282843
-0.0266804
-0.0250956
-0.0235295
-0.0219817
-0.0204521
-0.0189407
-0.0174478
-0.0159738
-0.0145192
-0.0130847
-0.0116712
-0.0102794
-0.00891048
-0.00756549
-0.00624558
-0.00495196
-0.00368585
-0.00244851
-0.00124115
-6.49936e-05
0.00107878
0.00218904
0.00326473
0.00430487
0.00530855
0.00627499
0.00720347
0.00809342
0.00894438
0.00975598
0.010528
0.0112603
0.011953
0.0126061
0.0132199
0.0137948
0.0143311
0.0148294
0.0152904
0.0157148
0.0161033
0.0164568
0.0167762
0.0170624
0.0173164
0.0175392
0.0177319
0.0178954
0.0180309
0.0181393
0.0182218
0.0182793
0.0183129
0.0183236
0.0183123
0.0182799
0.0182275
0.0181558
0.0180658
0.0179581
0.0178337
0.0176933
0.0175374
0.0173669
0.0171824
0.0169844
0.0167735
0.0165502
0.0163151
0.0160685
0.015811
0.015543
0.0152647
0.0149767
0.0146792
0.0143724
0.0140568
0.0137326
0.0134
0.0130593
0.0127106
0.0123543
0.0119904
0.0116192
0.0112408
0.0108553
0.0104631
0.010064
0.00965837
0.00924623
0.00882772
0.00840294
0.00797199
0.00753497
0.00709196
0.00664306
0.00618833
0.00572784
0.00526167
0.00478988
0.0043125
0.0038296
0.0033412
0.00284732
0.002348
0.00184303
0.00133325
0.00081394
0.000315108
-0.213495
-0.213696
-0.213831
-0.213918
-0.213957
-0.213957
-0.213922
-0.213851
-0.213742
-0.21359
-0.213392
-0.213145
-0.212847
-0.212495
-0.212087
-0.211623
-0.211099
-0.210515
-0.20987
-0.209162
-0.208391
-0.207555
-0.206653
-0.205685
-0.204649
-0.203545
-0.20237
-0.201124
-0.199807
-0.198415
-0.196949
-0.195406
-0.193785
-0.192083
-0.190299
-0.18843
-0.186475
-0.184429
-0.18229
-0.180055
-0.17772
-0.175281
-0.172734
-0.170074
-0.167297
-0.164397
-0.161369
-0.158208
-0.154908
-0.151464
-0.147871
-0.144122
-0.140215
-0.136146
-0.131912
-0.127511
-0.122945
-0.118216
-0.113329
-0.108292
-0.103115
-0.0978111
-0.0923974
-0.0868937
-0.0813233
-0.0757121
-0.0700887
-0.064484
-0.0589301
-0.0534603
-0.0481079
-0.0429055
-0.0378843
-0.0330733
-0.0284984
-0.0241822
-0.0201431
-0.0163951
-0.0129477
-0.00980574
-0.00696952
-0.00443516
-0.00219476
-0.000236925
0.00145276
0.00289115
0.00409698
0.00509028
0.00589186
0.00652282
0.00700409
0.00735604
0.00759822
0.00774902
0.00782557
0.00784355
0.00781716
0.00775905
0.00768033
0.00759067
0.00749829
0.00741007
0.0073317
0.00726772
0.00722166
0.00719593
0.00719272
0.00721289
0.00725702
0.00732513
0.0074168
0.00753126
0.00766744
0.00782406
0.00799965
0.00819263
0.00840132
0.00862397
0.00885883
0.00910413
0.00935812
0.00961907
0.0098853
0.0101552
0.0104272
0.0106998
0.0109716
0.0112413
0.0115075
0.0117691
0.0120249
0.012274
0.0125152
0.0127479
0.012971
0.0131838
0.0133857
0.013576
0.0137542
0.0139197
0.0140721
0.0142109
0.0143359
0.0144466
0.014543
0.0146246
0.0146915
0.0147434
0.0147802
0.0148019
0.0148085
0.0147999
0.0147762
0.0147375
0.0146839
0.0146153
0.0145321
0.0144342
0.014322
0.0141955
0.014055
0.0139006
0.0137327
0.0135513
0.0133568
0.0131495
0.0129295
0.0126971
0.0124526
0.0121962
0.0119283
0.011649
0.0113587
0.0110576
0.010746
0.0104242
0.0100924
0.00975088
0.00939991
0.00903974
0.00867063
0.00829283
0.00790659
0.00751216
0.00710976
0.00669965
0.00628204
0.00585716
0.00542524
0.0049865
0.00454114
0.00408937
0.0036314
0.00316742
0.00269761
0.00222217
0.00174118
0.00125515
0.000762203
0.000276709
-0.213463
-0.213638
-0.213742
-0.213815
-0.213849
-0.213849
-0.213815
-0.213746
-0.213638
-0.213488
-0.213292
-0.213047
-0.21275
-0.2124
-0.211994
-0.211531
-0.211009
-0.210427
-0.209784
-0.209078
-0.208308
-0.207474
-0.206574
-0.205607
-0.204572
-0.203469
-0.202296
-0.201051
-0.199735
-0.198344
-0.196879
-0.195337
-0.193717
-0.192016
-0.190233
-0.188365
-0.18641
-0.184365
-0.182227
-0.179993
-0.177659
-0.175221
-0.172675
-0.170017
-0.167241
-0.164344
-0.161319
-0.158161
-0.154865
-0.151425
-0.147837
-0.144095
-0.140195
-0.136133
-0.131908
-0.127518
-0.122964
-0.118248
-0.113375
-0.108353
-0.103191
-0.0979042
-0.092508
-0.0870224
-0.0814702
-0.0758771
-0.0702716
-0.0646842
-0.0591467
-0.0536922
-0.0483538
-0.0431637
-0.0381531
-0.0333507
-0.0287825
-0.0244708
-0.0204341
-0.0166865
-0.0132376
-0.0100923
-0.00725104
-0.00470998
-0.0024613
-0.000493725
0.00120698
0.00265747
0.0038763
0.00488329
0.00569907
0.00634454
0.00684045
0.00720702
0.00746362
0.00762855
0.00771878
0.00774992
0.00773608
0.00768983
0.00762225
0.00754297
0.00746019
0.00738079
0.00731045
0.0072537
0.00721407
0.00719425
0.00719627
0.00722094
0.00726893
0.00734033
0.00743476
0.00755147
0.00768946
0.00784748
0.0080241
0.00821777
0.00842684
0.00864961
0.00888435
0.00912932
0.00938279
0.00964306
0.00990849
0.0101775
0.0104485
0.01072
0.0109906
0.0112591
0.0115241
0.0117844
0.012039
0.0122867
0.0125267
0.0127581
0.01298
0.0131916
0.0133923
0.0135815
0.0137585
0.0139229
0.0140743
0.0142121
0.0143361
0.014446
0.0145414
0.0146223
0.0146883
0.0147395
0.0147756
0.0147967
0.0148027
0.0147936
0.0147694
0.0147303
0.0146762
0.0146072
0.0145236
0.0144255
0.014313
0.0141862
0.0140455
0.013891
0.0137229
0.0135414
0.0133468
0.0131394
0.0129194
0.0126869
0.0124424
0.0121861
0.0119182
0.011639
0.0113487
0.0110477
0.0107362
0.0104145
0.0100828
0.00974134
0.00939049
0.00903045
0.00866148
0.00828383
0.00789774
0.00750346
0.00710123
0.00669127
0.00627383
0.00584912
0.00541737
0.0049788
0.00453362
0.00408202
0.00362423
0.00316042
0.00269077
0.0022155
0.00173464
0.00124891
0.000754942
0.000273331
-0.213407
-0.213587
-0.213673
-0.213736
-0.213766
-0.213765
-0.213733
-0.213666
-0.213561
-0.213413
-0.213219
-0.212976
-0.212682
-0.212334
-0.21193
-0.211469
-0.210949
-0.210369
-0.209727
-0.209023
-0.208255
-0.207422
-0.206523
-0.205558
-0.204525
-0.203423
-0.202251
-0.201008
-0.199693
-0.198304
-0.19684
-0.195299
-0.19368
-0.19198
-0.190199
-0.188332
-0.186379
-0.184335
-0.182199
-0.179967
-0.177634
-0.175199
-0.172656
-0.17
-0.167228
-0.164334
-0.161313
-0.158159
-0.154868
-0.151434
-0.147852
-0.144117
-0.140225
-0.136172
-0.131956
-0.127576
-0.123032
-0.118326
-0.113465
-0.108454
-0.103304
-0.0980287
-0.092644
-0.0871695
-0.0816279
-0.0760449
-0.0704487
-0.0648696
-0.0593397
-0.0538918
-0.0485588
-0.0433733
-0.0383661
-0.0335661
-0.0289993
-0.0246881
-0.020651
-0.0169021
-0.0134508
-0.0103022
-0.00745679
-0.00491075
-0.00265637
-0.000682434
0.00102524
0.00248327
0.00371011
0.00472554
0.00555011
0.00620466
0.00670985
0.00708583
0.0073519
0.00752626
0.00762584
0.00766616
0.00766127
0.0076237
0.00756447
0.00749316
0.00741794
0.00734567
0.00728201
0.00723149
0.00719766
0.00718308
0.0071897
0.0072187
0.00727058
0.00734541
0.00744287
0.00756222
0.00770247
0.0078624
0.00804061
0.00823556
0.00844564
0.00866917
0.00890443
0.00914971
0.0094033
0.00966354
0.00992877
0.0101974
0.010468
0.010739
0.011009
0.0112767
0.011541
0.0118005
0.0120542
0.0123011
0.0125402
0.0127707
0.0129916
0.0132023
0.0134021
0.0135904
0.0137666
0.0139301
0.0140806
0.0142176
0.0143408
0.0144499
0.0145446
0.0146247
0.0146901
0.0147406
0.0147761
0.0147966
0.014802
0.0147924
0.0147677
0.0147281
0.0146735
0.0146042
0.0145203
0.0144218
0.0143089
0.0141819
0.0140409
0.0138861
0.0137178
0.0135362
0.0133414
0.0131339
0.0129137
0.0126812
0.0124366
0.0121801
0.0119122
0.0116329
0.0113426
0.0110416
0.0107301
0.0104084
0.0100767
0.00973529
0.00938447
0.00902448
0.00865556
0.00827796
0.00789194
0.00749773
0.00709557
0.0066857
0.00626834
0.00584373
0.00541207
0.00497359
0.00452851
0.00407702
0.00361932
0.00315562
0.00268608
0.00221093
0.00173013
0.00124477
0.000749913
0.000273116
-0.213342
-0.213548
-0.213625
-0.21368
-0.213706
-0.213706
-0.213676
-0.213612
-0.213509
-0.213364
-0.213173
-0.212933
-0.212641
-0.212296
-0.211894
-0.211435
-0.210917
-0.210339
-0.209699
-0.208996
-0.20823
-0.207398
-0.206501
-0.205537
-0.204506
-0.203405
-0.202235
-0.200993
-0.199679
-0.198292
-0.196829
-0.19529
-0.193672
-0.191975
-0.190195
-0.18833
-0.186379
-0.184337
-0.182204
-0.179974
-0.177645
-0.175212
-0.172673
-0.170021
-0.167253
-0.164364
-0.161349
-0.158201
-0.154917
-0.15149
-0.147916
-0.144189
-0.140306
-0.136262
-0.132056
-0.127685
-0.123151
-0.118456
-0.113604
-0.108603
-0.103462
-0.0981944
-0.092817
-0.0873489
-0.0818127
-0.0762341
-0.0706412
-0.0650644
-0.0595358
-0.0540883
-0.048755
-0.0435685
-0.0385599
-0.0337582
-0.0291893
-0.0248757
-0.020836
-0.0170842
-0.01363
-0.0104784
-0.00762991
-0.00508064
-0.00282286
-0.00084532
0.000866222
0.00232841
0.00355976
0.00458006
0.00540988
0.00607005
0.00658123
0.00696354
0.00723624
0.00741749
0.00752416
0.00757172
0.00757416
0.00754393
0.00749202
0.00742793
0.00735978
0.0072944
0.00723738
0.00719323
0.00716546
0.0071567
0.00716851
0.00720255
0.0072591
0.00733822
0.00743958
0.00756247
0.00770592
0.00786869
0.00804942
0.00824658
0.00845856
0.00868371
0.00892034
0.00916674
0.00942123
0.00968215
0.00994789
0.0102169
0.0104876
0.0107586
0.0110285
0.0112961
0.01156
0.0118191
0.0120724
0.0123187
0.0125573
0.0127871
0.0130074
0.0132174
0.0134165
0.013604
0.0137794
0.0139422
0.0140919
0.0142282
0.0143506
0.014459
0.014553
0.0146324
0.0146971
0.014747
0.0147819
0.0148017
0.0148066
0.0147963
0.0147711
0.0147309
0.0146759
0.0146061
0.0145217
0.0144228
0.0143095
0.0141821
0.0140408
0.0138857
0.013717
0.0135351
0.0133401
0.0131323
0.0129119
0.0126791
0.0124343
0.0121777
0.0119096
0.0116302
0.0113398
0.0110387
0.0107271
0.0104052
0.0100735
0.00973203
0.00938117
0.00902113
0.00865218
0.00827457
0.00788853
0.00749431
0.00709216
0.00668229
0.00626494
0.00584035
0.00540871
0.00497027
0.00452522
0.00407377
0.00361612
0.00315247
0.00268299
0.00220791
0.00172716
0.00124214
0.000746764
0.000274351
-0.213283
-0.213526
-0.213596
-0.213647
-0.213671
-0.213671
-0.213644
-0.213583
-0.213484
-0.213343
-0.213154
-0.212917
-0.212627
-0.212284
-0.211884
-0.211427
-0.210911
-0.210334
-0.209696
-0.208995
-0.20823
-0.2074
-0.206504
-0.205542
-0.204511
-0.203412
-0.202243
-0.201003
-0.19969
-0.198304
-0.196843
-0.195306
-0.19369
-0.191994
-0.190216
-0.188354
-0.186405
-0.184367
-0.182236
-0.18001
-0.177684
-0.175256
-0.172721
-0.170075
-0.167313
-0.16443
-0.161421
-0.158282
-0.155005
-0.151587
-0.148022
-0.144305
-0.140432
-0.136399
-0.132203
-0.127843
-0.123319
-0.118634
-0.113792
-0.108799
-0.103666
-0.0984052
-0.0930332
-0.0875694
-0.0820362
-0.0764594
-0.0708671
-0.0652901
-0.0597603
-0.054311
-0.0489754
-0.0437864
-0.038775
-0.0339704
-0.0293989
-0.0250828
-0.021041
-0.0172874
-0.0138316
-0.0106787
-0.00782894
-0.00527843
-0.00301929
-0.00104016
0.000673318
0.00213788
0.00337213
0.00439592
0.00522986
0.0058948
0.00641141
0.00679977
0.00707911
0.00726754
0.00738186
0.00743746
0.00744825
0.0074266
0.0073834
0.00732808
0.00726868
0.00721194
0.00716341
0.00712752
0.00710774
0.0071066
0.00712577
0.00716673
0.00722982
0.00731507
0.00742212
0.00755029
0.00769857
0.00786577
0.0080505
0.00825127
0.00846648
0.00869449
0.00893363
0.00918222
0.00943859
0.0097011
0.00996816
0.0102382
0.0105098
0.0107814
0.0110518
0.0113196
0.0115837
0.0118428
0.0120959
0.012342
0.0125801
0.0128095
0.0130293
0.0132387
0.0134372
0.013624
0.0137987
0.0139608
0.0141097
0.0142452
0.0143669
0.0144744
0.0145676
0.0146462
0.0147101
0.0147592
0.0147933
0.0148124
0.0148165
0.0148056
0.0147796
0.0147388
0.0146831
0.0146127
0.0145276
0.0144281
0.0143143
0.0141864
0.0140445
0.013889
0.0137199
0.0135375
0.0133421
0.0131339
0.0129131
0.01268
0.0124349
0.012178
0.0119096
0.01163
0.0113393
0.011038
0.0107262
0.0104042
0.0100722
0.00973066
0.00937965
0.00901949
0.00865043
0.00827272
0.00788659
0.0074923
0.00709007
0.00668015
0.00626275
0.00583811
0.00540645
0.00496798
0.00452291
0.00407145
0.00361381
0.00315017
0.00268072
0.00220569
0.00172499
0.00124024
0.000744684
0.000275256
-0.213244
-0.213529
-0.213595
-0.213643
-0.213667
-0.213669
-0.213644
-0.213587
-0.213491
-0.213353
-0.213167
-0.212932
-0.212644
-0.212302
-0.211904
-0.211449
-0.210933
-0.210358
-0.209721
-0.20902
-0.208257
-0.207428
-0.206533
-0.205572
-0.204542
-0.203444
-0.202276
-0.201037
-0.199726
-0.198342
-0.196882
-0.195346
-0.193732
-0.192039
-0.190263
-0.188403
-0.186457
-0.184422
-0.182295
-0.180073
-0.177752
-0.175329
-0.172799
-0.170159
-0.167404
-0.164528
-0.161528
-0.158397
-0.15513
-0.151721
-0.148167
-0.14446
-0.140598
-0.136576
-0.132391
-0.128042
-0.123528
-0.118853
-0.114019
-0.109034
-0.103907
-0.0986523
-0.0932845
-0.0878236
-0.0822923
-0.0767162
-0.0711239
-0.0655461
-0.0600152
-0.0545644
-0.0492273
-0.0440369
-0.0390246
-0.0342196
-0.029648
-0.0253326
-0.0212919
-0.0175399
-0.014086
-0.0109352
-0.00808746
-0.0055388
-0.00328111
-0.00130286
0.000410461
0.00187575
0.00311169
0.00413824
0.00497604
0.00564595
0.00616861
0.00656408
0.0068515
0.00704889
0.00717296
0.00723896
0.00726069
0.00725039
0.00721884
0.00717534
0.00712782
0.00708291
0.00704605
0.00702161
0.00701295
0.00702257
0.00705214
0.00710292
0.00717541
0.00726953
0.00738491
0.00752085
0.00767635
0.00785021
0.00804106
0.00824742
0.0084677
0.00870029
0.00894353
0.00919576
0.00945534
0.00972066
0.00999015
0.0102623
0.0105356
0.0108087
0.0110802
0.0113489
0.0116136
0.0118731
0.0121265
0.0123727
0.0126107
0.0128399
0.0130593
0.0132683
0.0134661
0.0136523
0.0138263
0.0139875
0.0141357
0.0142703
0.014391
0.0144976
0.0145898
0.0146675
0.0147305
0.0147785
0.0148117
0.0148298
0.0148329
0.0148211
0.0147942
0.0147525
0.0146959
0.0146246
0.0145388
0.0144385
0.0143239
0.0141953
0.0140527
0.0138964
0.0137267
0.0135437
0.0133477
0.0131389
0.0129176
0.0126841
0.0124385
0.0121811
0.0119123
0.0116323
0.0113413
0.0110396
0.0107274
0.0104051
0.0100729
0.00973108
0.00937984
0.00901946
0.00865019
0.00827229
0.00788599
0.00749154
0.00708917
0.00667911
0.0062616
0.00583685
0.00540509
0.00496653
0.00452139
0.00406988
0.00361219
0.00314853
0.00267907
0.00220408
0.00172343
0.00123882
0.00074347
0.000274773
-0.213241
-0.213569
-0.213632
-0.213678
-0.213703
-0.213706
-0.213685
-0.21363
-0.213537
-0.2134
-0.213216
-0.212982
-0.212695
-0.212354
-0.211956
-0.211501
-0.210986
-0.210411
-0.209774
-0.209075
-0.208311
-0.207483
-0.206588
-0.205627
-0.204599
-0.203501
-0.202334
-0.201096
-0.199786
-0.198403
-0.196944
-0.19541
-0.193798
-0.192106
-0.190333
-0.188476
-0.186533
-0.184502
-0.182378
-0.180161
-0.177845
-0.175427
-0.172904
-0.17027
-0.167522
-0.164655
-0.161662
-0.158541
-0.155283
-0.151885
-0.148341
-0.144645
-0.140793
-0.136782
-0.132607
-0.128268
-0.123764
-0.119097
-0.114271
-0.109292
-0.104171
-0.0989206
-0.0935562
-0.0880978
-0.0825682
-0.0769934
-0.071402
-0.0658252
-0.0602954
-0.0548462
-0.0495114
-0.0443241
-0.0393157
-0.0345155
-0.0299498
-0.0256409
-0.0216074
-0.017863
-0.0144169
-0.0112737
-0.0084333
-0.0058912
-0.00363911
-0.00166522
4.51669e-05
0.00150912
0.00274545
0.00377418
0.00461596
0.00529165
0.00582182
0.00622642
0.00652447
0.00673382
0.00687102
0.00695116
0.00698783
0.0069931
0.00697756
0.00695034
0.00691922
0.00689068
0.00687002
0.00686149
0.00686835
0.006893
0.00693711
0.00700175
0.00708748
0.00719418
0.00732141
0.00746845
0.00763433
0.00781782
0.00801758
0.00823213
0.0084599
0.00869931
0.00894872
0.00920649
0.00947103
0.00974074
0.0100141
0.0102896
0.0105658
0.0108413
0.0111149
0.0113853
0.0116514
0.0119119
0.012166
0.0124126
0.012651
0.0128801
0.0130993
0.013308
0.0135054
0.0136909
0.0138641
0.0140245
0.0141717
0.0143053
0.014425
0.0145304
0.0146215
0.014698
0.0147597
0.0148066
0.0148385
0.0148554
0.0148573
0.0148442
0.0148161
0.0147732
0.0147155
0.0146431
0.0145561
0.0144547
0.0143391
0.0142095
0.0140659
0.0139087
0.0137381
0.0135543
0.0133574
0.0131479
0.0129258
0.0126916
0.0124453
0.0121873
0.0119179
0.0116373
0.0113458
0.0110436
0.010731
0.0104082
0.0100756
0.00973336
0.00938176
0.00902104
0.00865146
0.00827327
0.0078867
0.00749199
0.00708938
0.00667911
0.0062614
0.00583647
0.00540454
0.00496583
0.00452056
0.00406893
0.00361115
0.00314741
0.00267792
0.00220291
0.00172234
0.00123769
0.000743054
0.000272117
-0.213289
-0.213658
-0.213717
-0.213762
-0.213786
-0.213791
-0.21377
-0.213716
-0.213623
-0.213486
-0.213302
-0.213067
-0.21278
-0.212438
-0.21204
-0.211584
-0.211068
-0.210492
-0.209855
-0.209154
-0.20839
-0.207562
-0.206667
-0.205706
-0.204677
-0.20358
-0.202413
-0.201176
-0.199866
-0.198484
-0.197027
-0.195494
-0.193883
-0.192194
-0.190423
-0.188569
-0.186629
-0.184601
-0.182481
-0.180268
-0.177957
-0.175545
-0.173028
-0.170401
-0.167661
-0.164801
-0.161818
-0.158704
-0.155456
-0.152068
-0.148533
-0.144847
-0.141005
-0.137003
-0.132837
-0.128507
-0.12401
-0.11935
-0.114529
-0.109556
-0.10444
-0.0991927
-0.0938317
-0.0883765
-0.0828501
-0.0772788
-0.0716915
-0.0661196
-0.0605959
-0.0551542
-0.0498283
-0.0446514
-0.039655
-0.0348683
-0.0303171
-0.0260238
-0.0220065
-0.0182785
-0.0148486
-0.0117209
-0.0088949
-0.00636572
-0.00412468
-0.00215965
-0.000455668
0.0010045
0.0022398
0.00327029
0.00411661
0.00479951
0.00533945
0.00575618
0.00606851
0.00629406
0.00644911
0.00654848
0.00660551
0.00663199
0.00663828
0.00663325
0.00662447
0.00661823
0.00661964
0.00663279
0.0066608
0.00670596
0.00676988
0.00685352
0.00695739
0.00708131
0.0072248
0.00738715
0.00756735
0.0077642
0.00797634
0.00820231
0.0084406
0.00868961
0.00894776
0.00921344
0.00948509
0.00976116
0.0100402
0.0103206
0.0106011
0.0108804
0.0111572
0.0114303
0.0116985
0.0119608
0.0122162
0.0124638
0.0127028
0.0129323
0.0131516
0.01336
0.013557
0.0137419
0.0139143
0.0140738
0.0142199
0.0143523
0.0144707
0.0145748
0.0146644
0.0147394
0.0147996
0.0148449
0.0148752
0.0148906
0.0148909
0.0148762
0.0148466
0.0148022
0.0147429
0.014669
0.0145806
0.0144778
0.0143608
0.0142298
0.014085
0.0139266
0.0137547
0.0135698
0.0133718
0.0131612
0.0129382
0.0127029
0.0124558
0.012197
0.0119267
0.0116453
0.0113531
0.0110502
0.0107369
0.0104136
0.0100804
0.00973758
0.00938547
0.00902428
0.00865426
0.00827565
0.00788869
0.00749362
0.00709068
0.00668009
0.00626208
0.00583688
0.00540471
0.00496577
0.00452029
0.00406848
0.00361055
0.00314669
0.00267713
0.00220206
0.00172158
0.0012367
0.000743395
0.000266754
-0.213405
-0.213808
-0.213859
-0.2139
-0.213921
-0.213924
-0.213901
-0.213845
-0.21375
-0.21361
-0.213423
-0.213186
-0.212896
-0.212551
-0.212151
-0.211692
-0.211175
-0.210597
-0.209957
-0.209255
-0.20849
-0.20766
-0.206764
-0.205802
-0.204773
-0.203675
-0.202508
-0.20127
-0.199961
-0.198579
-0.197123
-0.195591
-0.193982
-0.192295
-0.190526
-0.188674
-0.186737
-0.184713
-0.182597
-0.180389
-0.178083
-0.175675
-0.173165
-0.170544
-0.167811
-0.164958
-0.161982
-0.158877
-0.155636
-0.152256
-0.148729
-0.145051
-0.141217
-0.137222
-0.133063
-0.128738
-0.124247
-0.119591
-0.114776
-0.109807
-0.104694
-0.0994514
-0.0940949
-0.0886448
-0.0831247
-0.0775611
-0.0719833
-0.0664229
-0.0609129
-0.0554874
-0.0501801
-0.0450242
-0.040051
-0.0352892
-0.0307645
-0.0264987
-0.0225091
-0.0188087
-0.0154056
-0.0123033
-0.00950051
-0.00699198
-0.00476851
-0.00281761
-0.00112401
0.000329723
0.00156261
0.00259472
0.00344659
0.00413882
0.00469161
0.00512445
0.00545581
0.00570297
0.00588183
0.00600684
0.00609097
0.00614567
0.00618093
0.00620534
0.00622617
0.00624943
0.00628002
0.00632182
0.00637778
0.00645004
0.00654013
0.00664892
0.00677675
0.00692344
0.00708848
0.00727112
0.00747034
0.00768494
0.00791359
0.00815485
0.00840721
0.00866914
0.00893908
0.00921548
0.0094968
0.00978156
0.0100683
0.0103556
0.0106422
0.0109267
0.011208
0.0114849
0.0117563
0.0120213
0.0122788
0.012528
0.012768
0.0129982
0.0132178
0.0134262
0.0136229
0.0138072
0.0139788
0.0141373
0.0142821
0.0144131
0.01453
0.0146324
0.0147203
0.0147935
0.0148518
0.0148952
0.0149235
0.0149369
0.0149352
0.0149185
0.014887
0.0148405
0.0147794
0.0147036
0.0146133
0.0145087
0.0143899
0.0142572
0.0141107
0.0139507
0.0137773
0.0135908
0.0133915
0.0131795
0.0129551
0.0127187
0.0124703
0.0122104
0.011939
0.0116566
0.0113634
0.0110596
0.0107455
0.0104213
0.0100874
0.00974388
0.0093911
0.00902928
0.00865867
0.0082795
0.00789202
0.00749647
0.00709307
0.00668206
0.00626365
0.00583808
0.00540556
0.00496631
0.00452055
0.00406848
0.00361033
0.00314629
0.00267661
0.00220144
0.00172107
0.00123573
0.000744483
0.00025847
-0.213607
-0.214033
-0.214067
-0.214098
-0.214111
-0.214107
-0.214077
-0.214014
-0.213912
-0.213766
-0.213574
-0.213331
-0.213036
-0.212687
-0.212282
-0.211819
-0.211298
-0.210717
-0.210075
-0.20937
-0.208602
-0.20777
-0.206873
-0.205909
-0.204879
-0.20378
-0.202612
-0.201374
-0.200065
-0.198683
-0.197227
-0.195696
-0.194088
-0.192402
-0.190635
-0.188786
-0.186852
-0.18483
-0.182718
-0.180513
-0.178212
-0.17581
-0.173303
-0.170688
-0.16796
-0.165113
-0.162143
-0.159043
-0.155809
-0.152434
-0.148913
-0.14524
-0.141411
-0.13742
-0.133265
-0.128944
-0.124456
-0.119804
-0.114991
-0.110026
-0.104918
-0.09968
-0.0943304
-0.0888892
-0.0833803
-0.0778308
-0.0722702
-0.0667305
-0.0612448
-0.055847
-0.050571
-0.0454495
-0.0405135
-0.0357911
-0.0313075
-0.0270834
-0.0231356
-0.0194762
-0.0161123
-0.0130466
-0.0102771
-0.00779796
-0.00559931
-0.00366822
-0.00198915
-0.000544474
0.000684883
0.0017189
0.00257796
0.00328237
0.00385198
0.00430587
0.00466206
0.00493733
0.0051471
0.00530532
0.00542447
0.00551556
0.00558813
0.00565038
0.0057092
0.00577029
0.00583825
0.0059167
0.00600837
0.00611531
0.00623886
0.00637975
0.00653819
0.00671398
0.00690656
0.00711515
0.00733872
0.00757609
0.00782594
0.00808685
0.00835736
0.00863596
0.00892116
0.00921146
0.00950538
0.00980149
0.0100984
0.0103948
0.0106893
0.0109808
0.0112682
0.0115503
0.011826
0.0120946
0.012355
0.0126065
0.0128482
0.0130796
0.0132998
0.0135085
0.0137049
0.0138887
0.0140595
0.0142167
0.0143602
0.0144896
0.0146046
0.0147051
0.0147909
0.0148618
0.0149179
0.0149588
0.0149848
0.0149957
0.0149916
0.0149724
0.0149384
0.0148895
0.0148259
0.0147478
0.0146552
0.0145483
0.0144273
0.0142925
0.0141439
0.0139818
0.0138065
0.0136181
0.013417
0.0132033
0.0129773
0.0127392
0.0124894
0.012228
0.0119553
0.0116716
0.0113771
0.0110722
0.010757
0.0104318
0.0100969
0.00975248
0.00939884
0.00903621
0.00866484
0.00828496
0.00789682
0.00750064
0.00709665
0.00668509
0.00626617
0.00584012
0.00540715
0.00496749
0.00452135
0.00406894
0.00361049
0.00314621
0.00267634
0.00220101
0.00172078
0.00123478
0.000746315
0.000247374
-0.213915
-0.214343
-0.214347
-0.214356
-0.214352
-0.214333
-0.21429
-0.214215
-0.214101
-0.213946
-0.213744
-0.213493
-0.21319
-0.212835
-0.212424
-0.211956
-0.21143
-0.210845
-0.210198
-0.20949
-0.208719
-0.207884
-0.206984
-0.206019
-0.204986
-0.203886
-0.202717
-0.201478
-0.200168
-0.198786
-0.197331
-0.1958
-0.194193
-0.192508
-0.190743
-0.188895
-0.186963
-0.184944
-0.182835
-0.180633
-0.178334
-0.175936
-0.173432
-0.170821
-0.168096
-0.165253
-0.162287
-0.159191
-0.155959
-0.152587
-0.149068
-0.145397
-0.141569
-0.13758
-0.133426
-0.129105
-0.124619
-0.119968
-0.115158
-0.110196
-0.105093
-0.0998637
-0.0945249
-0.0890981
-0.0836076
-0.0780809
-0.0725479
-0.0670405
-0.0615922
-0.0562366
-0.0510072
-0.0459363
-0.0410541
-0.0363881
-0.0319622
-0.0277963
-0.0239061
-0.0203023
-0.0169913
-0.0139745
-0.0112492
-0.00880854
-0.00664213
-0.00473656
-0.00307596
-0.00164257
-0.000417335
0.000619556
0.00148819
0.00220847
0.00279976
0.00328057
0.00366834
0.0039792
0.00422796
0.00442794
0.00459101
0.0047276
0.00484674
0.00495612
0.00506219
0.00517025
0.00528456
0.00540843
0.00554436
0.00569424
0.00585921
0.00603977
0.00623607
0.00644783
0.00667449
0.0069152
0.00716895
0.00743455
0.0077107
0.00799603
0.00828911
0.0085885
0.00889275
0.00920044
0.00951015
0.00982052
0.0101302
0.010438
0.0107427
0.0110432
0.0113382
0.011627
0.0119084
0.0121817
0.012446
0.0127005
0.0129446
0.0131776
0.0133989
0.013608
0.0138044
0.0139878
0.0141576
0.0143136
0.0144555
0.014583
0.014696
0.0147942
0.0148775
0.0149458
0.0149991
0.0150372
0.0150603
0.0150682
0.0150611
0.015039
0.015002
0.0149502
0.0148837
0.0148026
0.0147072
0.0145975
0.0144738
0.0143363
0.0141852
0.0140207
0.013843
0.0136523
0.0134489
0.0132331
0.0130051
0.0127651
0.0125134
0.0122502
0.0119759
0.0116906
0.0113946
0.0110883
0.0107717
0.0104453
0.0101091
0.00976361
0.0094089
0.00904528
0.00867297
0.00829221
0.00790323
0.00750627
0.00710156
0.00668931
0.00626975
0.00584309
0.00540957
0.00496938
0.00452276
0.00406992
0.00361109
0.00314647
0.00267636
0.0022008
0.00172072
0.00123387
0.00074886
0.000233873
-0.214357
-0.214749
-0.214699
-0.214669
-0.214634
-0.21459
-0.214526
-0.214433
-0.214304
-0.214134
-0.21392
-0.213659
-0.213347
-0.212983
-0.212565
-0.212091
-0.211559
-0.210969
-0.210318
-0.209606
-0.208831
-0.207993
-0.20709
-0.206122
-0.205088
-0.203986
-0.202815
-0.201575
-0.200265
-0.198882
-0.197426
-0.195896
-0.194289
-0.192604
-0.19084
-0.188993
-0.187062
-0.185044
-0.182937
-0.180736
-0.178439
-0.176042
-0.17354
-0.17093
-0.168207
-0.165364
-0.162398
-0.159302
-0.15607
-0.152697
-0.149177
-0.145504
-0.141673
-0.137682
-0.133525
-0.129203
-0.124715
-0.120065
-0.115257
-0.110301
-0.105206
-0.0999888
-0.0946669
-0.089262
-0.0837993
-0.0783064
-0.0728137
-0.0673531
-0.0619578
-0.0566613
-0.0514963
-0.0464944
-0.0416848
-0.0370938
-0.0327441
-0.0286543
-0.0248384
-0.021306
-0.0180621
-0.0151069
-0.0124365
-0.0100434
-0.00791631
-0.00604145
-0.00440262
-0.00298202
-0.0017607
-0.000719127
0.000162346
0.000903075
0.00152178
0.00203625
0.00246317
0.00281791
0.00311448
0.00336546
0.003582
0.00377384
0.00394937
0.00411571
0.00427879
0.00444345
0.00461354
0.00479202
0.00498116
0.00518264
0.00539726
0.00562541
0.00586712
0.00612207
0.00638962
0.00666891
0.0069589
0.00725843
0.00756623
0.00788097
0.00820126
0.00852575
0.00885303
0.00918177
0.00951063
0.00983834
0.0101637
0.0104854
0.0108025
0.0111139
0.0114185
0.0117156
0.0120041
0.0122833
0.0125524
0.0128109
0.013058
0.0132932
0.0135159
0.0137258
0.0139224
0.0141053
0.0142742
0.0144289
0.014569
0.0146945
0.014805
0.0149006
0.014981
0.0150463
0.0150964
0.0151312
0.0151509
0.0151554
0.0151448
0.0151191
0.0150786
0.0150232
0.0149532
0.0148688
0.01477
0.014657
0.0145301
0.0143895
0.0142353
0.0140678
0.0138872
0.0136938
0.0134878
0.0132695
0.013039
0.0127967
0.0125428
0.0122775
0.0120011
0.011714
0.0114162
0.0111081
0.01079
0.010462
0.0101244
0.00977752
0.00942154
0.00905671
0.00868327
0.00830144
0.00791147
0.00751356
0.00710796
0.00669488
0.00627454
0.00584715
0.00541294
0.00497212
0.00452491
0.00407153
0.00361221
0.00314717
0.00267674
0.00220087
0.00172094
0.00123308
0.000752043
0.00021863
-0.214966
-0.215256
-0.215118
-0.215023
-0.214941
-0.214861
-0.214768
-0.214651
-0.214503
-0.214316
-0.214088
-0.213815
-0.213493
-0.21312
-0.212694
-0.212213
-0.211675
-0.211079
-0.210423
-0.209706
-0.208928
-0.208086
-0.207181
-0.20621
-0.205174
-0.20407
-0.202898
-0.201656
-0.200345
-0.198961
-0.197505
-0.195974
-0.194367
-0.192682
-0.190917
-0.18907
-0.187139
-0.185121
-0.183013
-0.180812
-0.178514
-0.176116
-0.173613
-0.171001
-0.168275
-0.16543
-0.16246
-0.15936
-0.156123
-0.152745
-0.149219
-0.145539
-0.141703
-0.137705
-0.133543
-0.129217
-0.124727
-0.120077
-0.115273
-0.110324
-0.105242
-0.100043
-0.0947458
-0.0893727
-0.0839493
-0.0785038
-0.0730665
-0.0676694
-0.0623452
-0.0571267
-0.052046
-0.0471333
-0.0424166
-0.0379206
-0.0336665
-0.0296711
-0.0259468
-0.0225015
-0.0193387
-0.0164572
-0.0138521
-0.0115146
-0.00943311
-0.00759313
-0.00597835
-0.00457098
-0.00335231
-0.00230324
-0.00140471
-0.000638081
1.45524e-05
0.000570116
0.00104437
0.00145176
0.0018054
0.00211698
0.0023968
0.00265383
0.00289573
0.00312897
0.00335888
0.00358979
0.0038251
0.00406739
0.0043187
0.00458033
0.00485282
0.00513643
0.0054311
0.0057364
0.00605164
0.00637594
0.00670825
0.00704742
0.00739221
0.00774135
0.00809353
0.00844743
0.00880177
0.00915525
0.00950667
0.00985482
0.0101986
0.0105369
0.0108687
0.0111931
0.0115091
0.011816
0.012113
0.0123994
0.0126745
0.0129377
0.0131886
0.0134266
0.0136512
0.0138622
0.0140592
0.0142418
0.0144098
0.014563
0.0147013
0.0148244
0.0149323
0.0150249
0.0151021
0.0151639
0.0152103
0.0152414
0.0152571
0.0152576
0.0152429
0.0152132
0.0151686
0.0151092
0.0150351
0.0149467
0.014844
0.0147272
0.0145965
0.0144522
0.0142945
0.0141236
0.0139397
0.0137431
0.013534
0.0133127
0.0130794
0.0128343
0.0125778
0.0123101
0.0120314
0.011742
0.0114421
0.011132
0.010812
0.0104822
0.0101429
0.00979444
0.00943696
0.00907071
0.00869594
0.00831286
0.0079217
0.00752269
0.00711604
0.00670198
0.00628071
0.00585246
0.00541743
0.00497585
0.00452793
0.00407389
0.00361399
0.00314843
0.00267758
0.00220132
0.00172148
0.0012325
0.000755727
0.000202507
-0.215792
-0.215865
-0.215588
-0.215396
-0.215248
-0.215121
-0.214993
-0.214848
-0.214678
-0.214474
-0.214231
-0.213945
-0.213613
-0.213231
-0.212797
-0.212309
-0.211765
-0.211164
-0.210504
-0.209784
-0.209002
-0.208157
-0.207249
-0.206276
-0.205237
-0.204131
-0.202957
-0.201714
-0.200401
-0.199016
-0.197558
-0.196026
-0.194418
-0.192731
-0.190965
-0.189116
-0.187183
-0.185163
-0.183052
-0.180848
-0.178546
-0.176144
-0.173636
-0.171018
-0.168285
-0.165432
-0.162454
-0.159345
-0.156098
-0.152709
-0.149173
-0.145483
-0.141636
-0.137629
-0.133459
-0.129127
-0.124635
-0.119986
-0.115188
-0.110251
-0.105188
-0.100015
-0.0947522
-0.0894229
-0.0840529
-0.0786704
-0.0733059
-0.067991
-0.0627578
-0.0576382
-0.0526628
-0.0478607
-0.0432579
-0.0388774
-0.0347383
-0.0308555
-0.0272395
-0.0238962
-0.0208275
-0.0180307
-0.0154997
-0.0132247
-0.0111934
-0.00939109
-0.00780123
-0.0064062
-0.00518772
-0.00412728
-0.00320657
-0.00240784
-0.00171415
-0.00110963
-0.000579582
-0.000110596
0.000309379
0.000691046
0.00104378
0.00137566
0.00169356
0.00200322
0.00230935
0.0026157
0.00292517
0.00323995
0.00356192
0.00389174
0.00422984
0.00457637
0.0049311
0.00529353
0.0056629
0.0060383
0.00641868
0.00680291
0.00718981
0.00757813
0.00796664
0.00835412
0.00873934
0.00912115
0.00949839
0.00987001
0.010235
0.0105923
0.0109411
0.0112805
0.0116098
0.0119282
0.0122351
0.0125298
0.0128119
0.0130809
0.0133362
0.0135775
0.0138046
0.014017
0.0142145
0.0143969
0.0145641
0.0147159
0.0148521
0.0149727
0.0150776
0.0151669
0.0152405
0.0152984
0.0153407
0.0153675
0.0153789
0.0153748
0.0153556
0.0153213
0.015272
0.015208
0.0151294
0.0150364
0.0149293
0.0148081
0.0146732
0.0145247
0.0143629
0.0141881
0.0140004
0.0138001
0.0135875
0.0133628
0.0131263
0.0128781
0.0126187
0.0123481
0.0120667
0.0117748
0.0114725
0.0111601
0.0108379
0.010506
0.0101648
0.00981453
0.00945532
0.00908745
0.00871114
0.00832662
0.0079341
0.00753381
0.00712596
0.00671076
0.00628842
0.00585916
0.00542318
0.00498071
0.00453196
0.00407716
0.00361655
0.00315036
0.002679
0.00220224
0.00172242
0.00123224
0.000759725
0.000186496
-0.216913
-0.216569
-0.21608
-0.215754
-0.215522
-0.215339
-0.215172
-0.215
-0.214808
-0.214588
-0.214332
-0.214035
-0.213694
-0.213304
-0.212864
-0.212371
-0.211822
-0.211217
-0.210553
-0.209829
-0.209045
-0.208197
-0.207287
-0.206311
-0.20527
-0.204162
-0.202986
-0.201741
-0.200426
-0.199039
-0.197578
-0.196044
-0.194432
-0.192742
-0.190972
-0.18912
-0.187182
-0.185156
-0.183039
-0.180828
-0.178518
-0.176107
-0.173589
-0.170961
-0.168216
-0.165351
-0.162358
-0.159234
-0.155973
-0.152568
-0.149016
-0.145311
-0.14145
-0.13743
-0.133251
-0.128913
-0.124419
-0.119774
-0.114986
-0.110067
-0.10503
-0.0998934
-0.0946777
-0.0894064
-0.0841058
-0.0788042
-0.0735318
-0.0683195
-0.0631986
-0.0581995
-0.0533514
-0.0486813
-0.0442133
-0.0399682
-0.0359627
-0.0322094
-0.0287168
-0.0254888
-0.0225252
-0.0198221
-0.017372
-0.0151643
-0.0131861
-0.0114223
-0.00985658
-0.00847159
-0.00724961
-0.0061729
-0.00522412
-0.00438654
-0.0036444
-0.00298297
-0.00238876
-0.00184956
-0.00135444
-0.00089379
-0.000459251
-4.36701e-05
0.000358972
0.000753654
0.00114439
0.00153436
0.00192605
0.00232109
0.00272098
0.00312608
0.00353666
0.00395269
0.00437378
0.00479933
0.00522853
0.00566045
0.00609403
0.00652818
0.00696173
0.00739353
0.0078224
0.00824721
0.00866683
0.00908019
0.00948627
0.00988411
0.0102728
0.0106515
0.0110193
0.0113757
0.0117199
0.0120513
0.0123694
0.0126737
0.0129638
0.0132393
0.0134998
0.0137451
0.0139749
0.0141891
0.0143875
0.0145699
0.0147362
0.0148864
0.0150205
0.0151384
0.0152402
0.0153259
0.0153956
0.0154492
0.0154871
0.0155091
0.0155156
0.0155066
0.0154823
0.0154429
0.0153885
0.0153194
0.0152357
0.0151377
0.0150255
0.0148995
0.0147598
0.0146067
0.0144404
0.0142612
0.0140693
0.0138649
0.0136483
0.0134199
0.0131797
0.0129281
0.0126653
0.0123916
0.0121072
0.0118124
0.0115074
0.0111924
0.0108677
0.0105336
0.0101902
0.00983786
0.00947671
0.00910701
0.00872898
0.00834283
0.00794878
0.00754704
0.00713783
0.00672134
0.00629779
0.00586739
0.00543034
0.00498685
0.00453715
0.00408146
0.00362003
0.00315309
0.00268109
0.00220373
0.0017238
0.00123238
0.000763805
0.000171646
-0.218447
-0.21734
-0.216548
-0.216052
-0.215723
-0.215482
-0.21528
-0.215084
-0.214875
-0.214642
-0.214377
-0.214073
-0.213726
-0.213331
-0.212887
-0.21239
-0.211839
-0.21123
-0.210564
-0.209838
-0.209051
-0.208201
-0.207288
-0.206311
-0.205267
-0.204157
-0.202978
-0.20173
-0.200412
-0.199021
-0.197556
-0.196017
-0.1944
-0.192704
-0.190928
-0.189067
-0.187121
-0.185086
-0.182958
-0.180735
-0.178413
-0.175988
-0.173454
-0.170809
-0.168046
-0.165162
-0.16215
-0.159005
-0.155722
-0.152296
-0.148723
-0.144998
-0.14112
-0.137086
-0.132896
-0.128552
-0.124058
-0.119421
-0.11465
-0.109757
-0.104757
-0.0996696
-0.0945153
-0.0893183
-0.084105
-0.0789038
-0.0737441
-0.0686558
-0.0636689
-0.0588122
-0.0541128
-0.0495955
-0.045282
-0.0411904
-0.0373351
-0.0337262
-0.0303696
-0.0272673
-0.0244174
-0.0218143
-0.0194494
-0.0173113
-0.0153867
-0.0136603
-0.0121162
-0.0107375
-0.00950717
-0.00840852
-0.00742527
-0.00654193
-0.005744
-0.00501808
-0.00435197
-0.00373472
-0.00315664
-0.00260926
-0.00208527
-0.0015785
-0.00108381
-0.000596996
-0.000114748
0.000365492
0.000845632
0.00132743
0.00181114
0.00229725
0.00278584
0.00327665
0.00376918
0.0042627
0.00475636
0.0052492
0.00574019
0.00622823
0.00671221
0.00719105
0.00766364
0.00812893
0.0085859
0.00903358
0.00947106
0.00989749
0.0103121
0.0107141
0.0111029
0.0114779
0.0118385
0.0121842
0.0125148
0.0128297
0.0131286
0.0134114
0.0136778
0.0139276
0.0141607
0.014377
0.0145764
0.0147589
0.0149245
0.0150732
0.015205
0.0153201
0.0154186
0.0155004
0.0155658
0.0156149
0.0156479
0.0156649
0.0156661
0.0156517
0.0156219
0.0155769
0.015517
0.0154423
0.0153531
0.0152496
0.015132
0.0150007
0.0148558
0.0146976
0.0145264
0.0143423
0.0141458
0.013937
0.0137161
0.0134835
0.0132393
0.0129839
0.0127175
0.0124403
0.0121526
0.0118546
0.0115466
0.0112288
0.0109015
0.0105648
0.0102191
0.00986441
0.00950112
0.0091294
0.00874946
0.00836152
0.00796578
0.00756244
0.00715172
0.00673381
0.00630892
0.00587724
0.00543899
0.00499436
0.00454359
0.00408689
0.00362453
0.00315672
0.00268397
0.00220588
0.00172568
0.00123301
0.000767717
0.000158966
-0.220548
-0.218116
-0.216929
-0.216235
-0.215807
-0.215518
-0.215291
-0.215081
-0.214865
-0.214627
-0.214358
-0.214051
-0.213702
-0.213306
-0.21286
-0.212362
-0.21181
-0.2112
-0.210533
-0.209805
-0.209017
-0.208165
-0.20725
-0.20627
-0.205224
-0.20411
-0.202927
-0.201674
-0.20035
-0.198954
-0.197482
-0.195935
-0.19431
-0.192604
-0.190817
-0.188944
-0.186985
-0.184935
-0.182791
-0.180551
-0.178209
-0.175763
-0.173208
-0.170539
-0.167751
-0.164841
-0.161801
-0.158629
-0.155319
-0.151867
-0.148268
-0.144521
-0.140623
-0.136573
-0.132373
-0.128026
-0.123537
-0.118914
-0.114167
-0.109311
-0.104361
-0.0993366
-0.09426
-0.0891553
-0.0840489
-0.0789684
-0.0739425
-0.0689997
-0.0641682
-0.0594748
-0.0549441
-0.0505984
-0.0464566
-0.0425342
-0.0388425
-0.0353894
-0.0321782
-0.0292089
-0.0264777
-0.0239777
-0.0216992
-0.0196303
-0.0177573
-0.0160653
-0.0145386
-0.0131611
-0.0119168
-0.01079
-0.00976584
-0.00883006
-0.0079696
-0.00717245
-0.0064278
-0.00572603
-0.0050587
-0.00441849
-0.00379921
-0.00319564
-0.00260351
-0.00201942
-0.00144074
-0.000865506
-0.000292117
0.000280332
0.000852001
0.00142312
0.00199355
0.00256282
0.0031303
0.00369518
0.00425656
0.00481346
0.00536484
0.00590964
0.00644681
0.0069753
0.00749409
0.00800223
0.00849877
0.00898288
0.00945373
0.00991061
0.0103528
0.0107798
0.011191
0.0115859
0.0119641
0.0123254
0.0126693
0.0129957
0.0133043
0.0135951
0.0138679
0.0141227
0.0143594
0.0145781
0.0147788
0.0149615
0.0151264
0.0152736
0.0154033
0.0155155
0.0156104
0.0156883
0.0157492
0.0157935
0.0158214
0.015833
0.0158286
0.0158085
0.0157729
0.015722
0.0156561
0.0155754
0.0154803
0.0153709
0.0152476
0.0151105
0.0149601
0.0147965
0.0146199
0.0144308
0.0142292
0.0140156
0.0137901
0.013553
0.0133046
0.0130451
0.0127747
0.0124938
0.0122025
0.0119012
0.01159
0.0112691
0.0109389
0.0105995
0.0102511
0.00989403
0.00952843
0.00915452
0.00877252
0.00838264
0.00798506
0.00757999
0.00716763
0.00674818
0.00632182
0.00588875
0.00544918
0.00500331
0.00455136
0.00409355
0.00363013
0.00316134
0.0026877
0.00220876
0.00172808
0.00123419
0.000771211
0.000149408
-0.223466
-0.218764
-0.217121
-0.216258
-0.21574
-0.21542
-0.215189
-0.214982
-0.214769
-0.214535
-0.21427
-0.213967
-0.213621
-0.213227
-0.212784
-0.212287
-0.211735
-0.211126
-0.210458
-0.209729
-0.208939
-0.208085
-0.207167
-0.206183
-0.205132
-0.204013
-0.202824
-0.201564
-0.200232
-0.198826
-0.197344
-0.195785
-0.194147
-0.192427
-0.190623
-0.188733
-0.186754
-0.184683
-0.182516
-0.180251
-0.177883
-0.175409
-0.172824
-0.170124
-0.167304
-0.16436
-0.161287
-0.158082
-0.154739
-0.151255
-0.147628
-0.143855
-0.139936
-0.135872
-0.131664
-0.127318
-0.12284
-0.118239
-0.113528
-0.108721
-0.103836
-0.0988912
-0.0939102
-0.0889171
-0.0839375
-0.0789984
-0.0741269
-0.06935
-0.0646937
-0.0601822
-0.0558376
-0.0516791
-0.0477228
-0.0439812
-0.0404628
-0.0371728
-0.0341123
-0.0312791
-0.0286679
-0.0262706
-0.0240766
-0.0220737
-0.0202483
-0.0185856
-0.0170708
-0.0156885
-0.014424
-0.013263
-0.0121917
-0.0111975
-0.0102688
-0.00939508
-0.00856687
-0.00777591
-0.00701501
-0.00627804
-0.00555984
-0.00485615
-0.00416355
-0.00347939
-0.00280168
-0.00212907
-0.00146029
-0.000795129
-0.00013347
0.000524608
0.00117871
0.00182823
0.0024724
0.00311034
0.0037411
0.00436369
0.00497706
0.0055802
0.00617208
0.00675172
0.00731819
0.00787059
0.00840809
0.00892994
0.00943545
0.00992398
0.010395
0.010848
0.0112826
0.0116984
0.0120952
0.0124727
0.0128308
0.0131693
0.0134882
0.0137875
0.0140672
0.0143273
0.014568
0.0147894
0.0149916
0.0151747
0.0153391
0.0154849
0.0156123
0.0157215
0.0158129
0.0158867
0.0159431
0.0159824
0.016005
0.016011
0.0160008
0.0159747
0.015933
0.0158759
0.0158038
0.0157169
0.0156156
0.0155
0.0153706
0.0152276
0.0150713
0.014902
0.0147199
0.0145253
0.0143185
0.0140998
0.0138694
0.0136276
0.0133747
0.0131109
0.0128364
0.0125515
0.0122565
0.0119516
0.0116369
0.0113129
0.0109795
0.0106372
0.0102861
0.00992644
0.00955839
0.00918216
0.00879798
0.00840602
0.00800649
0.00759958
0.00718547
0.00676436
0.00633644
0.00590189
0.00546091
0.0050137
0.00456046
0.00410143
0.00363686
0.00316698
0.00269231
0.00221241
0.001731
0.00123596
0.000774052
0.000143733
-0.227862
-0.219156
-0.21693
-0.216105
-0.215524
-0.215186
-0.214977
-0.214792
-0.214595
-0.214374
-0.21412
-0.213826
-0.213487
-0.2131
-0.21266
-0.212166
-0.211616
-0.211007
-0.210339
-0.209609
-0.208816
-0.207958
-0.207035
-0.206045
-0.204987
-0.20386
-0.202661
-0.20139
-0.200046
-0.198626
-0.197128
-0.195552
-0.193895
-0.192154
-0.190328
-0.188413
-0.186407
-0.184307
-0.18211
-0.179812
-0.17741
-0.1749
-0.172277
-0.169538
-0.166678
-0.163694
-0.160581
-0.157336
-0.153956
-0.150438
-0.14678
-0.142981
-0.139043
-0.134966
-0.130756
-0.126418
-0.12196
-0.117393
-0.11273
-0.107987
-0.103182
-0.0983353
-0.0934686
-0.0886063
-0.0837733
-0.078995
-0.0742971
-0.0697042
-0.0652399
-0.0609257
-0.0567806
-0.0528208
-0.0490593
-0.0455055
-0.0421653
-0.0390411
-0.0361319
-0.0334338
-0.03094
-0.0286414
-0.0265271
-0.0245845
-0.0228003
-0.0211604
-0.0196508
-0.0182574
-0.0169666
-0.0157654
-0.0146418
-0.0135845
-0.0125835
-0.0116296
-0.0107149
-0.00983226
-0.00897587
-0.00814065
-0.00732244
-0.00651789
-0.00572437
-0.00493991
-0.0041634
-0.0033933
-0.00262949
-0.00187186
-0.00112048
-0.000375736
0.000361775
0.0010913
0.00181198
0.00252287
0.00322297
0.00391127
0.00458673
0.00524837
0.00589519
0.00652628
0.00714076
0.00773782
0.00831671
0.00887678
0.00941742
0.00993812
0.0104384
0.010918
0.0113765
0.0118137
0.0122295
0.0126238
0.0129965
0.0133476
0.0136772
0.0139854
0.0142723
0.0145381
0.014783
0.0150073
0.0152111
0.0153949
0.0155588
0.0157032
0.0158285
0.0159348
0.0160227
0.0160923
0.0161441
0.0161784
0.0161956
0.0161959
0.0161798
0.0161476
0.0160997
0.0160363
0.0159578
0.0158645
0.0157568
0.0156349
0.0154993
0.0153501
0.0151878
0.0150125
0.0148247
0.0146245
0.0144123
0.0141883
0.0139529
0.0137063
0.0134486
0.0131803
0.0129016
0.0126126
0.0123137
0.012005
0.0116869
0.0113594
0.0110229
0.0106776
0.0103236
0.00996125
0.00959064
0.009212
0.00882553
0.00843142
0.00802985
0.007621
0.00720507
0.00678223
0.00635266
0.00591655
0.00547408
0.00502545
0.00457085
0.00411052
0.0036447
0.00317362
0.00269782
0.00221682
0.00173443
0.00123831
0.000776059
0.00014249
-0.234096
-0.219239
-0.216238
-0.215778
-0.215219
-0.214857
-0.214682
-0.214535
-0.214363
-0.21416
-0.213922
-0.21364
-0.21331
-0.212929
-0.212494
-0.212003
-0.211454
-0.210845
-0.210175
-0.209441
-0.208643
-0.207779
-0.206848
-0.205849
-0.20478
-0.20364
-0.202427
-0.20114
-0.199777
-0.198337
-0.196818
-0.195218
-0.193535
-0.191766
-0.189909
-0.187962
-0.185922
-0.183785
-0.181549
-0.17921
-0.176765
-0.17421
-0.171542
-0.168757
-0.16585
-0.16282
-0.159662
-0.156374
-0.152954
-0.149399
-0.14571
-0.141888
-0.137933
-0.133851
-0.129645
-0.125325
-0.120898
-0.116378
-0.111779
-0.107116
-0.102408
-0.0976768
-0.0929429
-0.0882299
-0.0835614
-0.0789613
-0.0744531
-0.0700589
-0.0657994
-0.0616932
-0.0577563
-0.0540015
-0.0504387
-0.0470745
-0.0439121
-0.0409515
-0.0381898
-0.0356214
-0.0332386
-0.0310316
-0.0289891
-0.027099
-0.0253482
-0.0237237
-0.0222124
-0.0208015
-0.0194787
-0.0182326
-0.0170527
-0.0159293
-0.0148537
-0.0138182
-0.0128163
-0.0118421
-0.0108908
-0.00995852
-0.0090419
-0.00813845
-0.00724623
-0.00636381
-0.00549096
-0.00462633
-0.00377018
-0.00292267
-0.00208415
-0.00125524
-0.0004367
0.000370599
0.00116571
0.00194762
0.0027153
0.00346772
0.00420386
0.00492275
0.00562342
0.00630502
0.00696672
0.00760778
0.00822753
0.00882539
0.00940084
0.00995348
0.010483
0.010989
0.0114714
0.0119301
0.012365
0.0127761
0.0131636
0.0135274
0.0138678
0.0141851
0.0144794
0.0147511
0.0150004
0.0152277
0.0154335
0.015618
0.0157816
0.0159248
0.016048
0.0161515
0.0162359
0.0163015
0.0163487
0.0163781
0.0163899
0.0163846
0.0163626
0.0163243
0.01627
0.0162003
0.0161154
0.0160157
0.0159015
0.0157733
0.0156313
0.0154759
0.0153075
0.0151263
0.0149326
0.0147268
0.0145091
0.0142798
0.0140392
0.0137876
0.0135253
0.0132524
0.0129693
0.0126761
0.0123732
0.0120608
0.011739
0.0114082
0.0110684
0.01072
0.0103631
0.00999796
0.00962473
0.00924362
0.0088548
0.00845848
0.00805481
0.00764399
0.00722617
0.00680155
0.00637029
0.00593256
0.00548854
0.00503843
0.00458243
0.00412073
0.00365359
0.00318122
0.00270417
0.00222196
0.00173833
0.00124125
0.000777127
0.000145951
)
;

boundaryField
{
    inlet
    {
        type            zeroGradient;
    }
    outlet
    {
        type            fixedValue;
        value           uniform 0;
    }
    walls
    {
        type            zeroGradient;
    }
    frontAndBack
    {
        type            empty;
    }
}


// ************************************************************************* //
