/*--------------------------------*- C++ -*----------------------------------*\
  =========                 |
  \\      /  F ield         | OpenFOAM: The Open Source CFD Toolbox
   \\    /   O peration     | Website:  https://openfoam.org
    \\  /    A nd           | Version:  11
     \\/     M anipulation  |
\*---------------------------------------------------------------------------*/
FoamFile
{
    format      ascii;
    class       volScalarField;
    location    "2";
    object      p;
}
// * * * * * * * * * * * * * * * * * * * * * * * * * * * * * * * * * * * * * //

dimensions      [0 2 -2 0 0 0 0];

internalField   nonuniform List<scalar> 
4096
(
9.04697e-10
-0.00952806
-0.028275
-0.0555205
-0.0902139
-0.131024
-0.176382
-0.224545
-0.273658
-0.321835
-0.367224
-0.408081
-0.442838
-0.470161
-0.489003
-0.498646
-0.498726
-0.489226
-0.470487
-0.443238
-0.408537
-0.367722
-0.322357
-0.274185
-0.225056
-0.17686
-0.131449
-0.090569
-0.0557927
-0.0284575
-0.00962063
6.66189e-09
6.57654e-09
-0.00962063
-0.0284575
-0.0557927
-0.090569
-0.131449
-0.17686
-0.225056
-0.274185
-0.322357
-0.367722
-0.408537
-0.443238
-0.470487
-0.489226
-0.498726
-0.498646
-0.489003
-0.470161
-0.442838
-0.408081
-0.367224
-0.321835
-0.273658
-0.224545
-0.176382
-0.131024
-0.0902139
-0.0555205
-0.028275
-0.00952806
7.63405e-10
-0.00962064
-0.0191521
-0.0379011
-0.0651465
-0.0998386
-0.140646
-0.186001
-0.23416
-0.283269
-0.331441
-0.376826
-0.417678
-0.452431
-0.47975
-0.498589
-0.508229
-0.508307
-0.498805
-0.480065
-0.452813
-0.41811
-0.377292
-0.331925
-0.283749
-0.234618
-0.186418
-0.141002
-0.100117
-0.0653348
-0.0379938
-0.0191521
-0.00952805
-0.00952805
-0.0191521
-0.0379938
-0.0653348
-0.100117
-0.141002
-0.186418
-0.234618
-0.283749
-0.331925
-0.377292
-0.41811
-0.452813
-0.480065
-0.498805
-0.508307
-0.508229
-0.498589
-0.47975
-0.452431
-0.417678
-0.376826
-0.331441
-0.283269
-0.23416
-0.186001
-0.140646
-0.0998386
-0.0651465
-0.0379011
-0.0191521
-0.00962064
-0.0284575
-0.0379938
-0.0567459
-0.0839917
-0.118683
-0.159488
-0.204839
-0.252993
-0.302096
-0.350263
-0.395641
-0.436488
-0.471235
-0.498549
-0.517383
-0.527019
-0.527096
-0.517592
-0.498849
-0.471595
-0.43689
-0.396069
-0.3507
-0.302522
-0.253388
-0.205185
-0.159766
-0.118877
-0.084091
-0.0567459
-0.0379011
-0.028275
-0.028275
-0.0379011
-0.0567459
-0.084091
-0.118877
-0.159766
-0.205185
-0.253388
-0.302522
-0.3507
-0.396069
-0.43689
-0.471595
-0.498849
-0.517592
-0.527096
-0.527019
-0.517383
-0.498549
-0.471235
-0.436488
-0.395641
-0.350263
-0.302096
-0.252993
-0.204839
-0.159488
-0.118683
-0.0839917
-0.0567459
-0.0379938
-0.0284575
-0.0557927
-0.0653348
-0.084091
-0.111338
-0.146029
-0.186833
-0.23218
-0.280329
-0.329426
-0.377586
-0.422957
-0.463796
-0.498536
-0.525843
-0.544671
-0.554302
-0.554375
-0.544868
-0.526121
-0.498864
-0.464156
-0.423333
-0.377961
-0.329781
-0.280644
-0.232439
-0.187018
-0.146126
-0.111338
-0.0839917
-0.0651465
-0.0555204
-0.0555204
-0.0651465
-0.0839917
-0.111338
-0.146126
-0.187018
-0.232439
-0.280644
-0.329781
-0.377961
-0.423333
-0.464156
-0.498864
-0.526121
-0.544868
-0.554375
-0.554302
-0.544671
-0.525843
-0.498536
-0.463796
-0.422957
-0.377586
-0.329426
-0.280329
-0.23218
-0.186833
-0.146029
-0.111338
-0.084091
-0.0653348
-0.0557927
-0.090569
-0.100117
-0.118877
-0.146126
-0.180818
-0.221619
-0.266964
-0.315107
-0.364198
-0.412349
-0.457712
-0.498543
-0.533273
-0.560571
-0.579392
-0.589017
-0.589086
-0.579576
-0.560827
-0.533566
-0.498856
-0.458031
-0.412658
-0.364477
-0.315339
-0.267132
-0.22171
-0.180818
-0.146029
-0.118683
-0.0998386
-0.0902139
-0.0902139
-0.0998386
-0.118683
-0.146029
-0.180818
-0.22171
-0.267132
-0.315339
-0.364477
-0.412658
-0.458031
-0.498856
-0.533566
-0.560827
-0.579576
-0.589086
-0.589017
-0.579392
-0.560571
-0.533273
-0.498543
-0.457712
-0.412349
-0.364198
-0.315107
-0.266964
-0.221619
-0.180818
-0.146126
-0.118877
-0.100117
-0.090569
-0.131449
-0.141002
-0.159766
-0.187018
-0.22171
-0.262511
-0.307852
-0.35599
-0.405074
-0.453218
-0.498571
-0.539392
-0.574113
-0.601402
-0.620214
-0.629833
-0.629897
-0.620384
-0.601632
-0.574368
-0.539656
-0.498831
-0.453457
-0.405276
-0.356138
-0.307932
-0.262511
-0.221619
-0.186833
-0.159488
-0.140646
-0.131024
-0.131024
-0.140646
-0.159488
-0.186833
-0.221619
-0.262511
-0.307932
-0.356138
-0.405276
-0.453457
-0.498831
-0.539656
-0.574368
-0.601632
-0.620384
-0.629897
-0.629833
-0.620214
-0.601402
-0.574113
-0.539392
-0.498571
-0.453218
-0.405074
-0.35599
-0.307852
-0.262511
-0.22171
-0.187018
-0.159766
-0.141002
-0.131449
-0.17686
-0.186418
-0.205185
-0.232439
-0.267132
-0.307932
-0.35327
-0.401403
-0.450481
-0.498617
-0.543961
-0.584772
-0.619483
-0.646761
-0.665564
-0.675175
-0.675235
-0.665719
-0.646964
-0.619699
-0.584986
-0.544162
-0.498789
-0.45061
-0.401474
-0.35327
-0.307852
-0.266964
-0.23218
-0.204839
-0.186001
-0.176382
-0.176382
-0.186001
-0.204839
-0.23218
-0.266964
-0.307852
-0.35327
-0.401474
-0.45061
-0.498789
-0.544162
-0.584986
-0.619699
-0.646964
-0.665719
-0.675235
-0.675175
-0.665564
-0.646761
-0.619483
-0.584772
-0.543961
-0.498617
-0.450481
-0.401403
-0.35327
-0.307932
-0.267132
-0.232439
-0.205185
-0.186418
-0.17686
-0.225056
-0.234618
-0.253388
-0.280644
-0.315339
-0.356138
-0.401474
-0.449603
-0.498674
-0.546802
-0.592137
-0.632937
-0.667636
-0.694904
-0.713697
-0.723301
-0.723356
-0.713837
-0.69508
-0.667814
-0.633102
-0.59228
-0.546911
-0.498734
-0.449603
-0.401403
-0.35599
-0.315107
-0.280329
-0.252993
-0.23416
-0.224545
-0.224545
-0.23416
-0.252993
-0.280329
-0.315107
-0.35599
-0.401403
-0.449603
-0.498734
-0.546911
-0.59228
-0.633102
-0.667814
-0.69508
-0.713837
-0.723356
-0.723301
-0.713697
-0.694904
-0.667636
-0.632937
-0.592137
-0.546802
-0.498674
-0.449603
-0.401474
-0.356138
-0.315339
-0.280644
-0.253388
-0.234618
-0.225056
-0.274185
-0.283749
-0.302522
-0.329781
-0.364477
-0.405276
-0.45061
-0.498734
-0.5478
-0.59592
-0.641245
-0.682035
-0.716723
-0.743979
-0.762761
-0.772357
-0.772407
-0.762887
-0.744128
-0.716863
-0.682154
-0.641335
-0.595971
-0.5478
-0.498674
-0.450481
-0.405074
-0.364198
-0.329426
-0.302096
-0.283269
-0.273658
-0.273658
-0.283269
-0.302096
-0.329426
-0.364198
-0.405074
-0.450481
-0.498674
-0.5478
-0.595971
-0.641335
-0.682154
-0.716863
-0.744128
-0.762887
-0.772408
-0.772357
-0.762761
-0.743979
-0.716723
-0.682035
-0.641245
-0.59592
-0.5478
-0.498734
-0.45061
-0.405276
-0.364477
-0.329781
-0.302522
-0.283749
-0.274185
-0.322357
-0.331925
-0.3507
-0.377961
-0.412658
-0.453457
-0.498789
-0.546911
-0.595971
-0.644084
-0.6894
-0.730179
-0.764855
-0.792099
-0.81087
-0.820457
-0.820503
-0.810981
-0.792222
-0.764958
-0.730254
-0.689442
-0.644084
-0.59592
-0.546802
-0.498617
-0.453218
-0.412349
-0.377586
-0.350263
-0.331441
-0.321835
-0.321835
-0.331441
-0.350263
-0.377586
-0.412349
-0.453218
-0.498617
-0.546802
-0.59592
-0.644084
-0.689442
-0.730254
-0.764958
-0.792222
-0.810981
-0.820503
-0.820457
-0.81087
-0.792099
-0.764855
-0.730179
-0.6894
-0.644084
-0.595971
-0.546911
-0.498789
-0.453457
-0.412658
-0.377961
-0.3507
-0.331925
-0.322357
-0.367722
-0.377292
-0.396069
-0.423333
-0.458031
-0.498831
-0.544162
-0.59228
-0.641335
-0.689442
-0.73475
-0.775519
-0.810184
-0.837416
-0.856175
-0.865752
-0.865793
-0.85627
-0.837511
-0.810251
-0.775554
-0.73475
-0.6894
-0.641245
-0.592137
-0.543961
-0.498571
-0.457712
-0.422957
-0.395641
-0.376826
-0.367224
-0.367224
-0.376826
-0.395641
-0.422957
-0.457712
-0.498571
-0.543961
-0.592137
-0.641245
-0.6894
-0.73475
-0.775554
-0.810251
-0.837511
-0.85627
-0.865793
-0.865752
-0.856175
-0.837416
-0.810184
-0.775519
-0.73475
-0.689442
-0.641335
-0.59228
-0.544162
-0.498831
-0.458031
-0.423333
-0.396069
-0.377292
-0.367722
-0.408537
-0.41811
-0.43689
-0.464156
-0.498856
-0.539656
-0.584986
-0.633102
-0.682154
-0.730254
-0.775554
-0.816313
-0.850966
-0.878187
-0.896934
-0.906501
-0.906536
-0.897013
-0.878255
-0.851001
-0.816313
-0.775519
-0.730179
-0.682035
-0.632937
-0.584772
-0.539392
-0.498543
-0.463796
-0.436488
-0.417678
-0.408081
-0.408081
-0.417678
-0.436488
-0.463796
-0.498543
-0.539392
-0.584772
-0.632937
-0.682035
-0.730179
-0.775519
-0.816313
-0.851001
-0.878255
-0.897013
-0.906536
-0.906501
-0.896934
-0.878187
-0.850966
-0.816313
-0.775554
-0.730254
-0.682154
-0.633102
-0.584986
-0.539656
-0.498856
-0.464156
-0.43689
-0.41811
-0.408537
-0.443238
-0.452813
-0.471595
-0.498864
-0.533566
-0.574368
-0.619699
-0.667814
-0.716863
-0.764958
-0.810251
-0.851001
-0.885643
-0.912849
-0.931583
-0.941138
-0.941168
-0.931644
-0.912888
-0.885643
-0.850966
-0.810184
-0.764855
-0.716723
-0.667636
-0.619483
-0.574113
-0.533273
-0.498536
-0.471235
-0.452431
-0.442838
-0.442838
-0.452431
-0.471235
-0.498536
-0.533273
-0.574113
-0.619483
-0.667636
-0.716723
-0.764855
-0.810184
-0.850966
-0.885643
-0.912888
-0.931644
-0.941168
-0.941138
-0.931583
-0.912849
-0.885643
-0.851001
-0.810251
-0.764958
-0.716863
-0.667814
-0.619699
-0.574368
-0.533566
-0.498864
-0.471595
-0.452813
-0.443238
-0.470487
-0.480065
-0.498849
-0.526121
-0.560827
-0.601632
-0.646964
-0.69508
-0.744128
-0.792222
-0.837511
-0.878255
-0.912888
-0.940082
-0.958799
-0.968337
-0.968358
-0.958833
-0.940082
-0.912849
-0.878187
-0.837416
-0.792099
-0.743979
-0.694904
-0.646761
-0.601402
-0.560571
-0.525843
-0.498549
-0.47975
-0.470161
-0.470161
-0.47975
-0.498549
-0.525843
-0.560571
-0.601402
-0.646761
-0.694904
-0.743979
-0.792099
-0.837416
-0.878187
-0.912849
-0.940082
-0.958833
-0.968358
-0.968337
-0.958799
-0.940082
-0.912888
-0.878255
-0.837511
-0.792222
-0.744128
-0.69508
-0.646964
-0.601632
-0.560827
-0.526121
-0.498849
-0.480065
-0.470487
-0.489226
-0.498805
-0.517592
-0.544868
-0.579576
-0.620384
-0.665719
-0.713837
-0.762887
-0.810981
-0.85627
-0.897013
-0.931644
-0.958833
-0.977541
-0.987063
-0.987068
-0.977541
-0.958799
-0.931583
-0.896934
-0.856175
-0.81087
-0.762761
-0.713697
-0.665564
-0.620214
-0.579392
-0.544671
-0.517383
-0.498589
-0.489003
-0.489003
-0.498589
-0.517383
-0.544671
-0.579392
-0.620214
-0.665564
-0.713697
-0.762761
-0.81087
-0.856175
-0.896934
-0.931583
-0.958799
-0.977541
-0.987068
-0.987063
-0.977541
-0.958833
-0.931644
-0.897013
-0.85627
-0.810981
-0.762887
-0.713837
-0.665719
-0.620384
-0.579576
-0.544868
-0.517592
-0.498805
-0.489226
-0.498726
-0.508307
-0.527096
-0.554375
-0.589086
-0.629897
-0.675235
-0.723356
-0.772408
-0.820503
-0.865793
-0.906536
-0.941168
-0.968358
-0.987068
-0.996592
-0.996592
-0.987063
-0.968337
-0.941138
-0.906501
-0.865752
-0.820457
-0.772357
-0.723301
-0.675175
-0.629833
-0.589017
-0.554302
-0.527019
-0.508229
-0.498646
-0.498646
-0.508229
-0.527019
-0.554302
-0.589017
-0.629833
-0.675175
-0.723301
-0.772357
-0.820457
-0.865752
-0.906501
-0.941138
-0.968337
-0.987063
-0.996592
-0.996592
-0.987068
-0.968358
-0.941168
-0.906536
-0.865793
-0.820503
-0.772408
-0.723356
-0.675235
-0.629897
-0.589086
-0.554375
-0.527096
-0.508307
-0.498726
-0.498646
-0.508229
-0.527019
-0.554302
-0.589017
-0.629833
-0.675175
-0.723301
-0.772357
-0.820457
-0.865752
-0.906501
-0.941138
-0.968337
-0.987063
-0.996592
-0.996592
-0.987068
-0.968358
-0.941168
-0.906536
-0.865793
-0.820503
-0.772408
-0.723356
-0.675235
-0.629897
-0.589086
-0.554375
-0.527096
-0.508307
-0.498726
-0.498726
-0.508307
-0.527096
-0.554375
-0.589086
-0.629897
-0.675235
-0.723356
-0.772408
-0.820503
-0.865793
-0.906536
-0.941168
-0.968358
-0.987068
-0.996592
-0.996592
-0.987063
-0.968337
-0.941138
-0.906501
-0.865752
-0.820457
-0.772357
-0.723301
-0.675175
-0.629833
-0.589017
-0.554302
-0.527019
-0.508229
-0.498646
-0.489003
-0.498589
-0.517383
-0.544671
-0.579392
-0.620214
-0.665564
-0.713697
-0.762761
-0.81087
-0.856175
-0.896934
-0.931583
-0.958799
-0.977541
-0.987068
-0.987063
-0.977541
-0.958833
-0.931644
-0.897013
-0.85627
-0.810981
-0.762887
-0.713837
-0.665719
-0.620384
-0.579576
-0.544868
-0.517592
-0.498805
-0.489226
-0.489226
-0.498805
-0.517592
-0.544868
-0.579576
-0.620384
-0.665719
-0.713837
-0.762887
-0.810981
-0.85627
-0.897013
-0.931644
-0.958833
-0.977541
-0.987063
-0.987068
-0.977541
-0.958799
-0.931583
-0.896934
-0.856175
-0.81087
-0.762761
-0.713697
-0.665564
-0.620214
-0.579392
-0.544671
-0.517383
-0.498589
-0.489003
-0.470161
-0.47975
-0.498549
-0.525843
-0.560571
-0.601402
-0.646761
-0.694904
-0.743979
-0.792099
-0.837416
-0.878187
-0.912849
-0.940082
-0.958833
-0.968358
-0.968337
-0.958799
-0.940082
-0.912888
-0.878255
-0.837511
-0.792222
-0.744128
-0.69508
-0.646964
-0.601632
-0.560827
-0.526121
-0.498849
-0.480065
-0.470487
-0.470487
-0.480065
-0.498849
-0.526121
-0.560827
-0.601632
-0.646964
-0.69508
-0.744128
-0.792222
-0.837511
-0.878255
-0.912888
-0.940082
-0.958799
-0.968337
-0.968358
-0.958833
-0.940082
-0.912849
-0.878187
-0.837416
-0.792099
-0.743979
-0.694904
-0.646761
-0.601402
-0.560571
-0.525843
-0.498549
-0.47975
-0.470161
-0.442838
-0.452431
-0.471235
-0.498536
-0.533273
-0.574113
-0.619483
-0.667636
-0.716723
-0.764855
-0.810184
-0.850966
-0.885643
-0.912888
-0.931644
-0.941168
-0.941138
-0.931583
-0.912849
-0.885643
-0.851001
-0.810251
-0.764958
-0.716863
-0.667814
-0.619699
-0.574368
-0.533566
-0.498864
-0.471595
-0.452813
-0.443238
-0.443238
-0.452813
-0.471595
-0.498864
-0.533566
-0.574368
-0.619699
-0.667814
-0.716863
-0.764958
-0.810251
-0.851001
-0.885643
-0.912849
-0.931583
-0.941138
-0.941168
-0.931644
-0.912888
-0.885643
-0.850966
-0.810184
-0.764855
-0.716723
-0.667636
-0.619483
-0.574113
-0.533273
-0.498536
-0.471235
-0.452431
-0.442838
-0.408081
-0.417678
-0.436488
-0.463796
-0.498543
-0.539392
-0.584772
-0.632937
-0.682035
-0.730179
-0.775519
-0.816313
-0.851001
-0.878255
-0.897013
-0.906536
-0.906501
-0.896934
-0.878187
-0.850966
-0.816313
-0.775554
-0.730254
-0.682154
-0.633102
-0.584986
-0.539656
-0.498856
-0.464156
-0.43689
-0.41811
-0.408537
-0.408537
-0.41811
-0.43689
-0.464156
-0.498856
-0.539656
-0.584986
-0.633102
-0.682154
-0.730254
-0.775554
-0.816313
-0.850966
-0.878187
-0.896934
-0.906501
-0.906536
-0.897013
-0.878255
-0.851001
-0.816313
-0.775519
-0.730179
-0.682035
-0.632937
-0.584772
-0.539392
-0.498543
-0.463796
-0.436488
-0.417678
-0.408081
-0.367224
-0.376826
-0.395642
-0.422957
-0.457712
-0.498571
-0.543961
-0.592137
-0.641245
-0.6894
-0.73475
-0.775554
-0.810251
-0.837511
-0.85627
-0.865793
-0.865752
-0.856175
-0.837416
-0.810184
-0.775519
-0.73475
-0.689442
-0.641335
-0.59228
-0.544162
-0.498831
-0.458031
-0.423333
-0.396069
-0.377292
-0.367722
-0.367722
-0.377292
-0.396069
-0.423333
-0.458031
-0.498831
-0.544162
-0.59228
-0.641335
-0.689442
-0.73475
-0.775519
-0.810184
-0.837416
-0.856175
-0.865752
-0.865793
-0.85627
-0.837511
-0.810251
-0.775554
-0.73475
-0.6894
-0.641245
-0.592137
-0.543961
-0.498571
-0.457712
-0.422957
-0.395642
-0.376826
-0.367224
-0.321835
-0.331441
-0.350263
-0.377586
-0.412349
-0.453218
-0.498617
-0.546802
-0.59592
-0.644084
-0.689442
-0.730254
-0.764958
-0.792222
-0.810981
-0.820503
-0.820457
-0.81087
-0.792099
-0.764855
-0.730179
-0.6894
-0.644084
-0.595971
-0.546911
-0.498789
-0.453457
-0.412658
-0.377961
-0.3507
-0.331925
-0.322357
-0.322357
-0.331925
-0.3507
-0.377961
-0.412658
-0.453457
-0.498789
-0.546911
-0.595971
-0.644084
-0.6894
-0.730179
-0.764855
-0.792099
-0.81087
-0.820457
-0.820503
-0.810981
-0.792222
-0.764958
-0.730254
-0.689442
-0.644084
-0.59592
-0.546802
-0.498617
-0.453218
-0.412349
-0.377586
-0.350263
-0.331441
-0.321835
-0.273658
-0.283269
-0.302096
-0.329426
-0.364198
-0.405074
-0.450481
-0.498674
-0.5478
-0.595971
-0.641335
-0.682154
-0.716863
-0.744128
-0.762887
-0.772408
-0.772357
-0.762761
-0.743979
-0.716723
-0.682035
-0.641245
-0.59592
-0.5478
-0.498734
-0.45061
-0.405276
-0.364477
-0.329781
-0.302522
-0.283749
-0.274185
-0.274185
-0.283749
-0.302522
-0.329781
-0.364477
-0.405276
-0.45061
-0.498734
-0.5478
-0.59592
-0.641245
-0.682035
-0.716723
-0.743979
-0.762761
-0.772357
-0.772408
-0.762887
-0.744128
-0.716863
-0.682154
-0.641335
-0.595971
-0.5478
-0.498674
-0.450481
-0.405074
-0.364198
-0.329426
-0.302096
-0.283269
-0.273658
-0.224545
-0.23416
-0.252993
-0.280329
-0.315107
-0.35599
-0.401403
-0.449603
-0.498734
-0.546911
-0.59228
-0.633102
-0.667814
-0.69508
-0.713837
-0.723356
-0.723301
-0.713697
-0.694904
-0.667636
-0.632937
-0.592137
-0.546802
-0.498674
-0.449603
-0.401474
-0.356138
-0.315339
-0.280644
-0.253388
-0.234618
-0.225056
-0.225056
-0.234618
-0.253388
-0.280644
-0.315339
-0.356138
-0.401474
-0.449603
-0.498674
-0.546802
-0.592137
-0.632937
-0.667636
-0.694904
-0.713697
-0.723301
-0.723356
-0.713837
-0.69508
-0.667814
-0.633102
-0.59228
-0.546911
-0.498734
-0.449603
-0.401403
-0.35599
-0.315107
-0.280329
-0.252993
-0.23416
-0.224545
-0.176382
-0.186001
-0.204839
-0.23218
-0.266964
-0.307852
-0.35327
-0.401474
-0.45061
-0.498789
-0.544162
-0.584986
-0.619699
-0.646964
-0.665719
-0.675235
-0.675175
-0.665564
-0.646761
-0.619483
-0.584772
-0.543961
-0.498617
-0.450481
-0.401403
-0.35327
-0.307932
-0.267132
-0.232439
-0.205185
-0.186418
-0.17686
-0.17686
-0.186418
-0.205185
-0.232439
-0.267132
-0.307932
-0.35327
-0.401403
-0.450481
-0.498617
-0.543961
-0.584772
-0.619483
-0.646761
-0.665564
-0.675175
-0.675235
-0.665719
-0.646964
-0.619699
-0.584986
-0.544162
-0.498789
-0.45061
-0.401474
-0.35327
-0.307852
-0.266964
-0.23218
-0.204839
-0.186001
-0.176382
-0.131024
-0.140646
-0.159488
-0.186833
-0.221619
-0.262511
-0.307932
-0.356138
-0.405276
-0.453457
-0.498831
-0.539656
-0.574368
-0.601632
-0.620384
-0.629897
-0.629833
-0.620214
-0.601402
-0.574113
-0.539392
-0.498571
-0.453218
-0.405074
-0.35599
-0.307852
-0.262511
-0.22171
-0.187018
-0.159766
-0.141002
-0.131449
-0.131449
-0.141002
-0.159766
-0.187018
-0.22171
-0.262511
-0.307852
-0.35599
-0.405074
-0.453218
-0.498571
-0.539392
-0.574113
-0.601402
-0.620214
-0.629833
-0.629897
-0.620384
-0.601632
-0.574368
-0.539656
-0.498831
-0.453457
-0.405276
-0.356138
-0.307932
-0.262511
-0.221619
-0.186833
-0.159488
-0.140646
-0.131024
-0.0902139
-0.0998386
-0.118683
-0.146029
-0.180818
-0.22171
-0.267132
-0.315339
-0.364477
-0.412658
-0.458031
-0.498856
-0.533566
-0.560827
-0.579576
-0.589086
-0.589017
-0.579392
-0.560571
-0.533273
-0.498543
-0.457712
-0.412349
-0.364198
-0.315107
-0.266964
-0.221619
-0.180818
-0.146126
-0.118877
-0.100117
-0.090569
-0.090569
-0.100117
-0.118877
-0.146126
-0.180818
-0.221619
-0.266964
-0.315107
-0.364198
-0.412349
-0.457712
-0.498543
-0.533273
-0.560571
-0.579392
-0.589017
-0.589086
-0.579576
-0.560827
-0.533566
-0.498856
-0.458031
-0.412658
-0.364477
-0.315339
-0.267132
-0.22171
-0.180818
-0.146029
-0.118683
-0.0998386
-0.0902139
-0.0555205
-0.0651465
-0.0839917
-0.111338
-0.146126
-0.187018
-0.232439
-0.280644
-0.329781
-0.377961
-0.423333
-0.464156
-0.498864
-0.526121
-0.544868
-0.554375
-0.554302
-0.544671
-0.525843
-0.498536
-0.463796
-0.422957
-0.377586
-0.329426
-0.280329
-0.23218
-0.186833
-0.146029
-0.111338
-0.084091
-0.0653348
-0.0557927
-0.0557927
-0.0653348
-0.084091
-0.111338
-0.146029
-0.186833
-0.23218
-0.280329
-0.329426
-0.377586
-0.422957
-0.463796
-0.498536
-0.525843
-0.544671
-0.554302
-0.554375
-0.544868
-0.526121
-0.498864
-0.464156
-0.423333
-0.377961
-0.329781
-0.280644
-0.232439
-0.187018
-0.146126
-0.111338
-0.0839917
-0.0651465
-0.0555205
-0.028275
-0.0379011
-0.0567459
-0.0840911
-0.118877
-0.159766
-0.205185
-0.253388
-0.302522
-0.3507
-0.396069
-0.43689
-0.471595
-0.498849
-0.517592
-0.527096
-0.527019
-0.517383
-0.498549
-0.471235
-0.436488
-0.395641
-0.350263
-0.302096
-0.252993
-0.204839
-0.159488
-0.118683
-0.0839917
-0.0567459
-0.0379938
-0.0284575
-0.0284575
-0.0379938
-0.0567459
-0.0839917
-0.118683
-0.159488
-0.204839
-0.252993
-0.302096
-0.350263
-0.395641
-0.436488
-0.471235
-0.498549
-0.517383
-0.527019
-0.527096
-0.517592
-0.498849
-0.471595
-0.43689
-0.396069
-0.3507
-0.302522
-0.253388
-0.205185
-0.159766
-0.118877
-0.0840911
-0.0567459
-0.0379011
-0.028275
-0.00952806
-0.0191522
-0.0379938
-0.0653348
-0.100117
-0.141002
-0.186418
-0.234618
-0.283749
-0.331925
-0.377292
-0.41811
-0.452813
-0.480065
-0.498805
-0.508307
-0.508229
-0.498589
-0.47975
-0.452431
-0.417678
-0.376826
-0.331441
-0.283269
-0.23416
-0.186001
-0.140646
-0.0998386
-0.0651465
-0.0379011
-0.0191521
-0.00962064
-0.00962064
-0.0191521
-0.0379011
-0.0651465
-0.0998386
-0.140646
-0.186001
-0.23416
-0.283269
-0.331441
-0.376826
-0.417678
-0.452431
-0.47975
-0.498589
-0.508229
-0.508307
-0.498805
-0.480065
-0.452813
-0.41811
-0.377292
-0.331925
-0.283749
-0.234618
-0.186418
-0.141002
-0.100117
-0.0653348
-0.0379938
-0.0191522
-0.00952806
-4.66042e-09
-0.00962064
-0.0284575
-0.0557927
-0.0905691
-0.131449
-0.17686
-0.225056
-0.274185
-0.322357
-0.367722
-0.408537
-0.443238
-0.470487
-0.489226
-0.498726
-0.498646
-0.489003
-0.470161
-0.442838
-0.408081
-0.367224
-0.321835
-0.273658
-0.224545
-0.176382
-0.131024
-0.0902139
-0.0555205
-0.028275
-0.00952806
9.97787e-10
9.54628e-10
-0.00952806
-0.028275
-0.0555205
-0.0902139
-0.131024
-0.176382
-0.224545
-0.273658
-0.321835
-0.367224
-0.408081
-0.442838
-0.470161
-0.489003
-0.498646
-0.498726
-0.489226
-0.470487
-0.443238
-0.408537
-0.367722
-0.322357
-0.274185
-0.225056
-0.17686
-0.131449
-0.0905691
-0.0557927
-0.0284575
-0.00962064
-5.06858e-09
-4.75152e-09
-0.00962064
-0.0284575
-0.0557927
-0.0905691
-0.131449
-0.17686
-0.225056
-0.274185
-0.322357
-0.367722
-0.408537
-0.443238
-0.470487
-0.489226
-0.498726
-0.498646
-0.489003
-0.470161
-0.442838
-0.408081
-0.367224
-0.321835
-0.273658
-0.224545
-0.176382
-0.131024
-0.0902139
-0.0555205
-0.028275
-0.00952806
9.46738e-10
9.29483e-10
-0.00952806
-0.028275
-0.0555205
-0.0902139
-0.131024
-0.176382
-0.224545
-0.273658
-0.321835
-0.367224
-0.408081
-0.442838
-0.470161
-0.489003
-0.498646
-0.498726
-0.489226
-0.470487
-0.443238
-0.408537
-0.367722
-0.322357
-0.274185
-0.225056
-0.17686
-0.131449
-0.0905691
-0.0557927
-0.0284575
-0.00962064
-5.00186e-09
-0.00952806
-0.0191522
-0.0379938
-0.0653348
-0.100117
-0.141002
-0.186418
-0.234618
-0.283749
-0.331925
-0.377292
-0.41811
-0.452813
-0.480065
-0.498805
-0.508307
-0.508229
-0.498589
-0.47975
-0.452431
-0.417678
-0.376826
-0.331441
-0.283269
-0.23416
-0.186001
-0.140646
-0.0998386
-0.0651465
-0.0379011
-0.0191521
-0.00962064
-0.00962064
-0.0191521
-0.0379011
-0.0651465
-0.0998386
-0.140646
-0.186001
-0.23416
-0.283269
-0.331441
-0.376826
-0.417678
-0.452431
-0.47975
-0.498589
-0.508229
-0.508307
-0.498805
-0.480065
-0.452813
-0.41811
-0.377292
-0.331925
-0.283749
-0.234618
-0.186418
-0.141002
-0.100117
-0.0653348
-0.0379938
-0.0191522
-0.00952806
-0.028275
-0.0379011
-0.0567459
-0.0840911
-0.118877
-0.159766
-0.205185
-0.253388
-0.302522
-0.3507
-0.396069
-0.43689
-0.471595
-0.498849
-0.517592
-0.527096
-0.527019
-0.517383
-0.498549
-0.471235
-0.436488
-0.395641
-0.350263
-0.302096
-0.252993
-0.204839
-0.159488
-0.118683
-0.0839917
-0.0567459
-0.0379938
-0.0284575
-0.0284575
-0.0379938
-0.0567459
-0.0839917
-0.118683
-0.159488
-0.204839
-0.252993
-0.302096
-0.350263
-0.395641
-0.436488
-0.471235
-0.498549
-0.517383
-0.527019
-0.527096
-0.517592
-0.498849
-0.471595
-0.43689
-0.396069
-0.3507
-0.302522
-0.253388
-0.205185
-0.159766
-0.118877
-0.0840911
-0.0567459
-0.0379011
-0.028275
-0.0555205
-0.0651465
-0.0839917
-0.111338
-0.146126
-0.187018
-0.232439
-0.280644
-0.329781
-0.377961
-0.423333
-0.464156
-0.498864
-0.526121
-0.544868
-0.554375
-0.554302
-0.544671
-0.525843
-0.498536
-0.463796
-0.422957
-0.377586
-0.329426
-0.280329
-0.23218
-0.186833
-0.146029
-0.111338
-0.084091
-0.0653348
-0.0557927
-0.0557927
-0.0653348
-0.084091
-0.111338
-0.146029
-0.186833
-0.23218
-0.280329
-0.329426
-0.377586
-0.422957
-0.463796
-0.498536
-0.525843
-0.544671
-0.554302
-0.554375
-0.544868
-0.526121
-0.498864
-0.464156
-0.423333
-0.377961
-0.329781
-0.280644
-0.232439
-0.187018
-0.146126
-0.111338
-0.0839917
-0.0651465
-0.0555205
-0.0902139
-0.0998386
-0.118683
-0.146029
-0.180818
-0.22171
-0.267132
-0.315339
-0.364477
-0.412658
-0.458031
-0.498856
-0.533566
-0.560827
-0.579576
-0.589086
-0.589017
-0.579392
-0.560571
-0.533273
-0.498543
-0.457712
-0.412349
-0.364198
-0.315107
-0.266964
-0.221619
-0.180818
-0.146126
-0.118877
-0.100117
-0.090569
-0.090569
-0.100117
-0.118877
-0.146126
-0.180818
-0.221619
-0.266964
-0.315107
-0.364198
-0.412349
-0.457712
-0.498543
-0.533273
-0.560571
-0.579392
-0.589017
-0.589086
-0.579576
-0.560827
-0.533566
-0.498856
-0.458031
-0.412658
-0.364477
-0.315339
-0.267132
-0.22171
-0.180818
-0.146029
-0.118683
-0.0998386
-0.0902139
-0.131024
-0.140646
-0.159488
-0.186833
-0.221619
-0.262511
-0.307932
-0.356138
-0.405276
-0.453457
-0.498831
-0.539656
-0.574368
-0.601632
-0.620384
-0.629897
-0.629833
-0.620214
-0.601402
-0.574113
-0.539392
-0.498571
-0.453218
-0.405074
-0.35599
-0.307852
-0.262511
-0.22171
-0.187018
-0.159766
-0.141002
-0.131449
-0.131449
-0.141002
-0.159766
-0.187018
-0.22171
-0.262511
-0.307852
-0.35599
-0.405074
-0.453218
-0.498571
-0.539392
-0.574113
-0.601402
-0.620214
-0.629833
-0.629897
-0.620384
-0.601632
-0.574368
-0.539656
-0.498831
-0.453457
-0.405276
-0.356138
-0.307932
-0.262511
-0.221619
-0.186833
-0.159488
-0.140646
-0.131024
-0.176382
-0.186001
-0.204839
-0.23218
-0.266964
-0.307852
-0.35327
-0.401474
-0.45061
-0.498789
-0.544162
-0.584986
-0.619699
-0.646964
-0.665719
-0.675235
-0.675175
-0.665564
-0.646761
-0.619483
-0.584772
-0.543961
-0.498617
-0.450481
-0.401403
-0.35327
-0.307932
-0.267132
-0.232439
-0.205185
-0.186418
-0.17686
-0.17686
-0.186418
-0.205185
-0.232439
-0.267132
-0.307932
-0.35327
-0.401403
-0.450481
-0.498617
-0.543961
-0.584772
-0.619483
-0.646761
-0.665564
-0.675175
-0.675235
-0.665719
-0.646964
-0.619699
-0.584986
-0.544162
-0.498789
-0.45061
-0.401474
-0.35327
-0.307852
-0.266964
-0.23218
-0.204839
-0.186001
-0.176382
-0.224545
-0.23416
-0.252993
-0.280329
-0.315107
-0.35599
-0.401403
-0.449603
-0.498734
-0.546911
-0.59228
-0.633102
-0.667814
-0.69508
-0.713837
-0.723356
-0.723301
-0.713697
-0.694904
-0.667636
-0.632937
-0.592137
-0.546802
-0.498674
-0.449603
-0.401474
-0.356138
-0.315339
-0.280644
-0.253388
-0.234618
-0.225056
-0.225056
-0.234618
-0.253388
-0.280644
-0.315339
-0.356138
-0.401474
-0.449603
-0.498674
-0.546802
-0.592137
-0.632937
-0.667636
-0.694904
-0.713697
-0.723301
-0.723356
-0.713837
-0.69508
-0.667814
-0.633102
-0.59228
-0.546911
-0.498734
-0.449603
-0.401403
-0.35599
-0.315107
-0.280329
-0.252993
-0.23416
-0.224545
-0.273658
-0.283269
-0.302096
-0.329426
-0.364198
-0.405074
-0.450481
-0.498674
-0.5478
-0.595971
-0.641335
-0.682154
-0.716863
-0.744128
-0.762887
-0.772408
-0.772357
-0.762761
-0.743979
-0.716723
-0.682035
-0.641245
-0.59592
-0.5478
-0.498734
-0.45061
-0.405276
-0.364477
-0.329781
-0.302522
-0.283749
-0.274185
-0.274185
-0.283749
-0.302522
-0.329781
-0.364477
-0.405276
-0.45061
-0.498734
-0.5478
-0.59592
-0.641245
-0.682035
-0.716723
-0.743979
-0.762761
-0.772357
-0.772408
-0.762887
-0.744128
-0.716863
-0.682154
-0.641335
-0.595971
-0.5478
-0.498674
-0.450481
-0.405074
-0.364198
-0.329426
-0.302096
-0.283269
-0.273658
-0.321835
-0.331441
-0.350263
-0.377586
-0.412349
-0.453218
-0.498617
-0.546802
-0.59592
-0.644084
-0.689442
-0.730254
-0.764958
-0.792222
-0.810981
-0.820503
-0.820457
-0.81087
-0.792099
-0.764855
-0.730179
-0.6894
-0.644084
-0.595971
-0.546911
-0.498789
-0.453457
-0.412658
-0.377961
-0.3507
-0.331925
-0.322357
-0.322357
-0.331925
-0.3507
-0.377961
-0.412658
-0.453457
-0.498789
-0.546911
-0.595971
-0.644084
-0.6894
-0.730179
-0.764855
-0.792099
-0.81087
-0.820457
-0.820503
-0.810981
-0.792222
-0.764958
-0.730254
-0.689442
-0.644084
-0.59592
-0.546802
-0.498617
-0.453218
-0.412349
-0.377586
-0.350263
-0.331441
-0.321835
-0.367224
-0.376826
-0.395642
-0.422957
-0.457712
-0.498571
-0.543961
-0.592137
-0.641245
-0.6894
-0.73475
-0.775554
-0.810251
-0.837511
-0.85627
-0.865793
-0.865752
-0.856175
-0.837416
-0.810184
-0.775519
-0.73475
-0.689442
-0.641335
-0.59228
-0.544162
-0.498831
-0.458031
-0.423333
-0.396069
-0.377292
-0.367722
-0.367722
-0.377292
-0.396069
-0.423333
-0.458031
-0.498831
-0.544162
-0.59228
-0.641335
-0.689442
-0.73475
-0.775519
-0.810184
-0.837416
-0.856175
-0.865752
-0.865793
-0.85627
-0.837511
-0.810251
-0.775554
-0.73475
-0.6894
-0.641245
-0.592137
-0.543961
-0.498571
-0.457712
-0.422957
-0.395642
-0.376826
-0.367224
-0.408081
-0.417678
-0.436488
-0.463796
-0.498543
-0.539392
-0.584772
-0.632937
-0.682035
-0.730179
-0.775519
-0.816313
-0.851001
-0.878255
-0.897013
-0.906536
-0.906501
-0.896934
-0.878187
-0.850966
-0.816313
-0.775554
-0.730254
-0.682154
-0.633102
-0.584986
-0.539656
-0.498856
-0.464156
-0.43689
-0.41811
-0.408537
-0.408537
-0.41811
-0.43689
-0.464156
-0.498856
-0.539656
-0.584986
-0.633102
-0.682154
-0.730254
-0.775554
-0.816313
-0.850966
-0.878187
-0.896934
-0.906501
-0.906536
-0.897013
-0.878255
-0.851001
-0.816313
-0.775519
-0.730179
-0.682035
-0.632937
-0.584772
-0.539392
-0.498543
-0.463796
-0.436488
-0.417678
-0.408081
-0.442838
-0.452431
-0.471235
-0.498536
-0.533273
-0.574113
-0.619483
-0.667636
-0.716723
-0.764855
-0.810184
-0.850966
-0.885643
-0.912888
-0.931644
-0.941168
-0.941138
-0.931583
-0.912849
-0.885643
-0.851001
-0.810251
-0.764958
-0.716863
-0.667814
-0.619699
-0.574368
-0.533566
-0.498864
-0.471595
-0.452813
-0.443238
-0.443238
-0.452813
-0.471595
-0.498864
-0.533566
-0.574368
-0.619699
-0.667814
-0.716863
-0.764958
-0.810251
-0.851001
-0.885643
-0.912849
-0.931583
-0.941138
-0.941168
-0.931644
-0.912888
-0.885643
-0.850966
-0.810184
-0.764855
-0.716723
-0.667636
-0.619483
-0.574113
-0.533273
-0.498536
-0.471235
-0.452431
-0.442838
-0.470161
-0.47975
-0.498549
-0.525843
-0.560571
-0.601402
-0.646761
-0.694904
-0.743979
-0.792099
-0.837416
-0.878187
-0.912849
-0.940082
-0.958833
-0.968358
-0.968337
-0.958799
-0.940082
-0.912888
-0.878255
-0.837511
-0.792222
-0.744128
-0.69508
-0.646964
-0.601632
-0.560827
-0.526121
-0.498849
-0.480065
-0.470487
-0.470487
-0.480065
-0.498849
-0.526121
-0.560827
-0.601632
-0.646964
-0.69508
-0.744128
-0.792222
-0.837511
-0.878255
-0.912888
-0.940082
-0.958799
-0.968337
-0.968358
-0.958833
-0.940082
-0.912849
-0.878187
-0.837416
-0.792099
-0.743979
-0.694904
-0.646761
-0.601402
-0.560571
-0.525843
-0.498549
-0.47975
-0.470161
-0.489003
-0.498589
-0.517383
-0.544671
-0.579392
-0.620214
-0.665564
-0.713697
-0.762761
-0.81087
-0.856175
-0.896934
-0.931583
-0.958799
-0.977541
-0.987068
-0.987063
-0.977541
-0.958833
-0.931644
-0.897013
-0.85627
-0.810981
-0.762887
-0.713837
-0.665719
-0.620384
-0.579576
-0.544868
-0.517592
-0.498805
-0.489226
-0.489226
-0.498805
-0.517592
-0.544868
-0.579576
-0.620384
-0.665719
-0.713837
-0.762887
-0.810981
-0.85627
-0.897013
-0.931644
-0.958833
-0.977541
-0.987063
-0.987068
-0.977541
-0.958799
-0.931583
-0.896934
-0.856175
-0.81087
-0.762761
-0.713697
-0.665564
-0.620214
-0.579392
-0.544671
-0.517383
-0.498589
-0.489003
-0.498646
-0.508229
-0.527019
-0.554302
-0.589017
-0.629833
-0.675175
-0.723301
-0.772357
-0.820457
-0.865752
-0.906501
-0.941138
-0.968337
-0.987063
-0.996592
-0.996592
-0.987068
-0.968358
-0.941168
-0.906536
-0.865793
-0.820503
-0.772408
-0.723356
-0.675235
-0.629897
-0.589086
-0.554375
-0.527096
-0.508307
-0.498726
-0.498726
-0.508307
-0.527096
-0.554375
-0.589086
-0.629897
-0.675235
-0.723356
-0.772408
-0.820503
-0.865793
-0.906536
-0.941168
-0.968358
-0.987068
-0.996592
-0.996592
-0.987063
-0.968337
-0.941138
-0.906501
-0.865752
-0.820457
-0.772357
-0.723301
-0.675175
-0.629833
-0.589017
-0.554302
-0.527019
-0.508229
-0.498646
-0.498726
-0.508307
-0.527096
-0.554375
-0.589086
-0.629897
-0.675235
-0.723356
-0.772408
-0.820503
-0.865793
-0.906536
-0.941168
-0.968358
-0.987068
-0.996592
-0.996592
-0.987063
-0.968337
-0.941138
-0.906501
-0.865752
-0.820457
-0.772357
-0.723301
-0.675175
-0.629833
-0.589017
-0.554302
-0.527019
-0.508229
-0.498646
-0.498646
-0.508229
-0.527019
-0.554302
-0.589017
-0.629833
-0.675175
-0.723301
-0.772357
-0.820457
-0.865752
-0.906501
-0.941138
-0.968337
-0.987063
-0.996592
-0.996592
-0.987068
-0.968358
-0.941168
-0.906536
-0.865793
-0.820503
-0.772408
-0.723356
-0.675235
-0.629897
-0.589086
-0.554375
-0.527096
-0.508307
-0.498726
-0.489226
-0.498805
-0.517592
-0.544868
-0.579576
-0.620384
-0.665719
-0.713837
-0.762887
-0.810981
-0.85627
-0.897013
-0.931644
-0.958833
-0.977541
-0.987063
-0.987068
-0.977541
-0.958799
-0.931583
-0.896934
-0.856175
-0.81087
-0.762761
-0.713697
-0.665564
-0.620214
-0.579392
-0.544671
-0.517383
-0.498589
-0.489003
-0.489003
-0.498589
-0.517383
-0.544671
-0.579392
-0.620214
-0.665564
-0.713697
-0.762761
-0.81087
-0.856175
-0.896934
-0.931583
-0.958799
-0.977541
-0.987068
-0.987063
-0.977541
-0.958833
-0.931644
-0.897013
-0.85627
-0.810981
-0.762887
-0.713837
-0.665719
-0.620384
-0.579576
-0.544868
-0.517592
-0.498805
-0.489226
-0.470487
-0.480065
-0.498849
-0.526121
-0.560827
-0.601632
-0.646964
-0.69508
-0.744128
-0.792222
-0.837511
-0.878255
-0.912888
-0.940082
-0.958799
-0.968337
-0.968358
-0.958833
-0.940082
-0.912849
-0.878187
-0.837416
-0.792099
-0.743979
-0.694904
-0.646761
-0.601402
-0.560571
-0.525843
-0.498549
-0.47975
-0.470161
-0.470161
-0.47975
-0.498549
-0.525843
-0.560571
-0.601402
-0.646761
-0.694904
-0.743979
-0.792099
-0.837416
-0.878187
-0.912849
-0.940082
-0.958833
-0.968358
-0.968337
-0.958799
-0.940082
-0.912888
-0.878255
-0.837511
-0.792222
-0.744128
-0.69508
-0.646964
-0.601632
-0.560827
-0.526121
-0.498849
-0.480065
-0.470487
-0.443238
-0.452813
-0.471595
-0.498864
-0.533566
-0.574368
-0.619699
-0.667814
-0.716863
-0.764958
-0.810251
-0.851001
-0.885643
-0.912849
-0.931583
-0.941138
-0.941168
-0.931644
-0.912888
-0.885643
-0.850966
-0.810184
-0.764855
-0.716723
-0.667636
-0.619483
-0.574113
-0.533273
-0.498536
-0.471235
-0.452431
-0.442838
-0.442838
-0.452431
-0.471235
-0.498536
-0.533273
-0.574113
-0.619483
-0.667636
-0.716723
-0.764855
-0.810184
-0.850966
-0.885643
-0.912888
-0.931644
-0.941168
-0.941138
-0.931583
-0.912849
-0.885643
-0.851001
-0.810251
-0.764958
-0.716863
-0.667814
-0.619699
-0.574368
-0.533566
-0.498864
-0.471595
-0.452813
-0.443238
-0.408537
-0.41811
-0.43689
-0.464156
-0.498856
-0.539656
-0.584986
-0.633102
-0.682154
-0.730254
-0.775554
-0.816313
-0.850966
-0.878187
-0.896934
-0.906501
-0.906536
-0.897013
-0.878255
-0.851001
-0.816313
-0.775519
-0.730179
-0.682035
-0.632937
-0.584772
-0.539392
-0.498543
-0.463796
-0.436488
-0.417678
-0.408081
-0.408081
-0.417678
-0.436488
-0.463796
-0.498543
-0.539392
-0.584772
-0.632937
-0.682035
-0.730179
-0.775519
-0.816313
-0.851001
-0.878255
-0.897013
-0.906536
-0.906501
-0.896934
-0.878187
-0.850966
-0.816313
-0.775554
-0.730254
-0.682154
-0.633102
-0.584986
-0.539656
-0.498856
-0.464156
-0.43689
-0.41811
-0.408537
-0.367722
-0.377292
-0.396069
-0.423333
-0.458031
-0.498831
-0.544162
-0.59228
-0.641335
-0.689442
-0.73475
-0.775519
-0.810184
-0.837416
-0.856175
-0.865752
-0.865793
-0.85627
-0.837511
-0.810251
-0.775554
-0.73475
-0.6894
-0.641245
-0.592137
-0.543961
-0.498571
-0.457712
-0.422957
-0.395641
-0.376826
-0.367224
-0.367224
-0.376826
-0.395641
-0.422957
-0.457712
-0.498571
-0.543961
-0.592137
-0.641245
-0.6894
-0.73475
-0.775554
-0.810251
-0.837511
-0.85627
-0.865793
-0.865752
-0.856175
-0.837416
-0.810184
-0.775519
-0.73475
-0.689442
-0.641335
-0.59228
-0.544162
-0.498831
-0.458031
-0.423333
-0.396069
-0.377292
-0.367722
-0.322357
-0.331925
-0.3507
-0.377961
-0.412658
-0.453457
-0.498789
-0.546911
-0.595971
-0.644084
-0.6894
-0.730179
-0.764855
-0.792099
-0.81087
-0.820457
-0.820503
-0.810981
-0.792222
-0.764958
-0.730254
-0.689442
-0.644084
-0.59592
-0.546802
-0.498617
-0.453218
-0.412349
-0.377586
-0.350263
-0.331441
-0.321835
-0.321835
-0.331441
-0.350263
-0.377586
-0.412349
-0.453218
-0.498617
-0.546802
-0.59592
-0.644084
-0.689442
-0.730254
-0.764958
-0.792222
-0.810981
-0.820503
-0.820457
-0.81087
-0.792099
-0.764855
-0.730179
-0.6894
-0.644084
-0.595971
-0.546911
-0.498789
-0.453457
-0.412658
-0.377961
-0.3507
-0.331925
-0.322357
-0.274185
-0.283749
-0.302522
-0.329781
-0.364477
-0.405276
-0.45061
-0.498734
-0.5478
-0.59592
-0.641245
-0.682035
-0.716723
-0.743979
-0.762761
-0.772357
-0.772407
-0.762887
-0.744128
-0.716863
-0.682154
-0.641335
-0.595971
-0.5478
-0.498674
-0.450481
-0.405074
-0.364198
-0.329426
-0.302096
-0.283269
-0.273658
-0.273658
-0.283269
-0.302096
-0.329426
-0.364198
-0.405074
-0.450481
-0.498674
-0.5478
-0.595971
-0.641335
-0.682154
-0.716863
-0.744128
-0.762887
-0.772408
-0.772357
-0.762761
-0.743979
-0.716723
-0.682035
-0.641245
-0.59592
-0.5478
-0.498734
-0.45061
-0.405276
-0.364477
-0.329781
-0.302522
-0.283749
-0.274185
-0.225056
-0.234618
-0.253388
-0.280644
-0.315339
-0.356138
-0.401474
-0.449603
-0.498674
-0.546802
-0.592137
-0.632937
-0.667636
-0.694904
-0.713697
-0.723301
-0.723356
-0.713837
-0.69508
-0.667814
-0.633102
-0.59228
-0.546911
-0.498734
-0.449603
-0.401403
-0.35599
-0.315107
-0.280329
-0.252993
-0.23416
-0.224545
-0.224545
-0.23416
-0.252993
-0.280329
-0.315107
-0.35599
-0.401403
-0.449603
-0.498734
-0.546911
-0.59228
-0.633102
-0.667814
-0.69508
-0.713837
-0.723356
-0.723301
-0.713697
-0.694904
-0.667636
-0.632937
-0.592137
-0.546802
-0.498674
-0.449603
-0.401474
-0.356138
-0.315339
-0.280644
-0.253388
-0.234618
-0.225056
-0.17686
-0.186418
-0.205185
-0.232439
-0.267132
-0.307932
-0.35327
-0.401403
-0.450481
-0.498617
-0.543961
-0.584772
-0.619483
-0.646761
-0.665564
-0.675175
-0.675235
-0.665719
-0.646964
-0.619699
-0.584986
-0.544162
-0.498789
-0.45061
-0.401474
-0.35327
-0.307852
-0.266964
-0.23218
-0.204839
-0.186001
-0.176382
-0.176382
-0.186001
-0.204839
-0.23218
-0.266964
-0.307852
-0.35327
-0.401474
-0.45061
-0.498789
-0.544162
-0.584986
-0.619699
-0.646964
-0.665719
-0.675235
-0.675175
-0.665564
-0.646761
-0.619483
-0.584772
-0.543961
-0.498617
-0.450481
-0.401403
-0.35327
-0.307932
-0.267132
-0.232439
-0.205185
-0.186418
-0.17686
-0.131449
-0.141002
-0.159766
-0.187018
-0.22171
-0.262511
-0.307852
-0.35599
-0.405074
-0.453218
-0.498571
-0.539392
-0.574113
-0.601402
-0.620214
-0.629833
-0.629897
-0.620384
-0.601632
-0.574368
-0.539656
-0.498831
-0.453457
-0.405276
-0.356138
-0.307932
-0.262511
-0.221619
-0.186833
-0.159488
-0.140646
-0.131024
-0.131024
-0.140646
-0.159488
-0.186833
-0.221619
-0.262511
-0.307932
-0.356138
-0.405276
-0.453457
-0.498831
-0.539656
-0.574368
-0.601632
-0.620384
-0.629897
-0.629833
-0.620214
-0.601402
-0.574113
-0.539392
-0.498571
-0.453218
-0.405074
-0.35599
-0.307852
-0.262511
-0.22171
-0.187018
-0.159766
-0.141002
-0.131449
-0.090569
-0.100117
-0.118877
-0.146126
-0.180818
-0.221619
-0.266964
-0.315107
-0.364198
-0.412349
-0.457712
-0.498543
-0.533273
-0.560571
-0.579392
-0.589017
-0.589086
-0.579576
-0.560827
-0.533566
-0.498856
-0.458031
-0.412658
-0.364477
-0.315339
-0.267132
-0.22171
-0.180818
-0.146029
-0.118683
-0.0998386
-0.0902139
-0.0902139
-0.0998386
-0.118683
-0.146029
-0.180818
-0.22171
-0.267132
-0.315339
-0.364477
-0.412658
-0.458031
-0.498856
-0.533566
-0.560827
-0.579576
-0.589086
-0.589017
-0.579392
-0.560571
-0.533273
-0.498543
-0.457712
-0.412349
-0.364198
-0.315107
-0.266964
-0.221619
-0.180818
-0.146126
-0.118877
-0.100117
-0.090569
-0.0557927
-0.0653348
-0.084091
-0.111338
-0.146029
-0.186833
-0.23218
-0.280329
-0.329426
-0.377586
-0.422957
-0.463796
-0.498536
-0.525843
-0.544671
-0.554302
-0.554375
-0.544868
-0.526121
-0.498864
-0.464156
-0.423333
-0.377961
-0.329781
-0.280644
-0.232439
-0.187018
-0.146126
-0.111338
-0.0839917
-0.0651465
-0.0555204
-0.0555204
-0.0651465
-0.0839917
-0.111338
-0.146126
-0.187018
-0.232439
-0.280644
-0.329781
-0.377961
-0.423333
-0.464156
-0.498864
-0.526121
-0.544868
-0.554375
-0.554302
-0.544671
-0.525843
-0.498536
-0.463796
-0.422957
-0.377586
-0.329426
-0.280329
-0.23218
-0.186833
-0.146029
-0.111338
-0.084091
-0.0653348
-0.0557927
-0.0284575
-0.0379938
-0.0567459
-0.0839917
-0.118683
-0.159488
-0.204839
-0.252993
-0.302096
-0.350263
-0.395641
-0.436488
-0.471235
-0.498549
-0.517383
-0.527019
-0.527096
-0.517592
-0.498849
-0.471595
-0.43689
-0.396069
-0.3507
-0.302522
-0.253388
-0.205185
-0.159766
-0.118877
-0.084091
-0.0567459
-0.0379011
-0.028275
-0.028275
-0.0379011
-0.0567459
-0.084091
-0.118877
-0.159766
-0.205185
-0.253388
-0.302522
-0.3507
-0.396069
-0.43689
-0.471595
-0.498849
-0.517592
-0.527096
-0.527019
-0.517383
-0.498549
-0.471235
-0.436488
-0.395641
-0.350263
-0.302096
-0.252993
-0.204839
-0.159488
-0.118683
-0.0839917
-0.0567459
-0.0379938
-0.0284575
-0.00962064
-0.0191521
-0.0379011
-0.0651465
-0.0998386
-0.140646
-0.186001
-0.23416
-0.283269
-0.331441
-0.376826
-0.417678
-0.452431
-0.47975
-0.498589
-0.508229
-0.508307
-0.498805
-0.480065
-0.452813
-0.41811
-0.377292
-0.331925
-0.283749
-0.234618
-0.186418
-0.141002
-0.100117
-0.0653348
-0.0379938
-0.0191521
-0.00952805
-0.00952805
-0.0191521
-0.0379938
-0.0653348
-0.100117
-0.141002
-0.186418
-0.234618
-0.283749
-0.331925
-0.377292
-0.41811
-0.452813
-0.480065
-0.498805
-0.508307
-0.508229
-0.498589
-0.47975
-0.452431
-0.417678
-0.376826
-0.331441
-0.283269
-0.23416
-0.186001
-0.140646
-0.0998386
-0.0651465
-0.0379011
-0.0191521
-0.00962064
8.50997e-10
-0.00952806
-0.028275
-0.0555205
-0.0902139
-0.131024
-0.176382
-0.224545
-0.273658
-0.321835
-0.367224
-0.408081
-0.442838
-0.470161
-0.489003
-0.498646
-0.498726
-0.489226
-0.470487
-0.443238
-0.408537
-0.367722
-0.322357
-0.274185
-0.225056
-0.17686
-0.131449
-0.090569
-0.0557927
-0.0284575
-0.00962063
6.63961e-09
6.59705e-09
-0.00962063
-0.0284575
-0.0557927
-0.090569
-0.131449
-0.17686
-0.225056
-0.274185
-0.322357
-0.367722
-0.408537
-0.443238
-0.470487
-0.489226
-0.498726
-0.498646
-0.489003
-0.470161
-0.442838
-0.408081
-0.367224
-0.321835
-0.273658
-0.224545
-0.176382
-0.131024
-0.0902139
-0.0555205
-0.028275
-0.00952806
8.70584e-10
)
;

boundaryField
{
    top
    {
        type            cyclic;
    }
    bottom
    {
        type            cyclic;
    }
    left
    {
        type            cyclic;
    }
    right
    {
        type            cyclic;
    }
    frontAndBack
    {
        type            empty;
    }
}


// ************************************************************************* //
