/*--------------------------------*- C++ -*----------------------------------*\
  =========                 |
  \\      /  F ield         | OpenFOAM: The Open Source CFD Toolbox
   \\    /   O peration     | Website:  https://openfoam.org
    \\  /    A nd           | Version:  11
     \\/     M anipulation  |
\*---------------------------------------------------------------------------*/
FoamFile
{
    format      ascii;
    class       volScalarField;
    location    "5";
    object      p;
}
// * * * * * * * * * * * * * * * * * * * * * * * * * * * * * * * * * * * * * //

dimensions      [0 2 -2 0 0 0 0];

internalField   nonuniform List<scalar> 
8400
(
-0.136486
-0.13944
-0.142724
-0.145732
-0.14868
-0.151692
-0.154764
-0.157882
-0.161046
-0.164265
-0.167549
-0.170908
-0.174352
-0.177899
-0.181567
-0.185384
-0.189387
-0.193635
-0.198205
-0.203583
-0.136297
-0.13943
-0.142805
-0.145773
-0.148682
-0.151694
-0.154776
-0.157896
-0.16106
-0.164281
-0.167567
-0.170928
-0.174375
-0.177925
-0.181596
-0.185415
-0.189415
-0.193634
-0.198016
-0.202116
-0.136112
-0.139401
-0.142872
-0.145801
-0.148661
-0.151668
-0.154758
-0.157879
-0.161038
-0.164253
-0.167534
-0.170888
-0.174326
-0.177862
-0.181514
-0.1853
-0.189237
-0.193307
-0.197316
-0.200639
-0.135923
-0.139316
-0.142892
-0.145813
-0.148623
-0.151613
-0.154706
-0.157824
-0.160972
-0.164173
-0.167439
-0.170775
-0.174188
-0.177691
-0.181296
-0.18501
-0.188824
-0.192669
-0.196287
-0.199096
-0.135726
-0.139185
-0.142858
-0.145792
-0.148559
-0.151521
-0.154611
-0.157722
-0.160852
-0.164031
-0.16727
-0.170573
-0.173945
-0.177393
-0.180923
-0.184528
-0.188177
-0.191766
-0.195032
-0.197482
-0.135519
-0.139021
-0.14277
-0.145726
-0.148459
-0.151391
-0.154468
-0.157566
-0.160673
-0.163819
-0.16702
-0.170277
-0.17359
-0.176962
-0.180391
-0.183859
-0.187318
-0.19065
-0.193612
-0.195814
-0.135303
-0.138833
-0.142637
-0.145614
-0.148322
-0.151222
-0.154279
-0.157359
-0.160435
-0.16354
-0.166693
-0.169891
-0.17313
-0.176408
-0.179717
-0.183031
-0.186291
-0.189379
-0.192087
-0.194117
-0.13508
-0.138627
-0.142469
-0.145461
-0.148149
-0.151018
-0.154052
-0.157106
-0.160146
-0.163204
-0.166298
-0.169426
-0.17258
-0.175752
-0.178929
-0.182081
-0.185144
-0.188011
-0.190509
-0.192416
-0.134856
-0.138414
-0.142276
-0.145276
-0.147947
-0.150787
-0.153793
-0.156817
-0.159816
-0.162822
-0.165853
-0.168904
-0.171964
-0.175023
-0.178064
-0.181053
-0.183931
-0.186602
-0.188928
-0.190746
-0.134637
-0.138201
-0.14207
-0.145068
-0.147722
-0.150538
-0.153515
-0.156505
-0.159461
-0.162411
-0.165376
-0.168347
-0.171311
-0.174255
-0.177161
-0.179996
-0.182704
-0.185205
-0.18739
-0.189144
-0.134433
-0.137997
-0.141861
-0.144848
-0.147486
-0.150281
-0.15323
-0.156184
-0.159096
-0.161992
-0.16489
-0.167781
-0.170651
-0.173484
-0.176262
-0.178954
-0.181512
-0.183868
-0.185941
-0.187647
-0.134251
-0.137811
-0.141658
-0.144625
-0.14725
-0.150029
-0.152952
-0.155871
-0.158739
-0.161582
-0.164417
-0.167233
-0.170013
-0.172744
-0.175406
-0.177972
-0.1804
-0.182637
-0.18462
-0.186291
-0.134102
-0.137651
-0.141469
-0.144409
-0.147023
-0.149793
-0.152694
-0.155578
-0.158405
-0.161202
-0.16398
-0.166727
-0.169427
-0.172067
-0.174628
-0.177085
-0.179406
-0.181546
-0.183461
-0.185107
-0.133993
-0.137525
-0.141298
-0.144207
-0.146817
-0.149584
-0.152466
-0.155319
-0.158111
-0.160867
-0.163596
-0.166284
-0.168916
-0.171479
-0.173956
-0.176325
-0.17856
-0.180626
-0.182489
-0.184119
-0.133932
-0.137436
-0.141148
-0.144024
-0.146641
-0.149413
-0.152277
-0.155103
-0.157866
-0.160591
-0.16328
-0.165921
-0.168498
-0.171
-0.173411
-0.175713
-0.177882
-0.179893
-0.181721
-0.183342
-0.133924
-0.137384
-0.141016
-0.143863
-0.146501
-0.149284
-0.152133
-0.154936
-0.157679
-0.160381
-0.163041
-0.165646
-0.168183
-0.17064
-0.173003
-0.175257
-0.177381
-0.179356
-0.18116
-0.182778
-0.133972
-0.137364
-0.140898
-0.14373
-0.146403
-0.1492
-0.152035
-0.154821
-0.157552
-0.160239
-0.16288
-0.165461
-0.167972
-0.1704
-0.172733
-0.174956
-0.177053
-0.179006
-0.180798
-0.182417
-0.134072
-0.137359
-0.140789
-0.143629
-0.146349
-0.149157
-0.151979
-0.154755
-0.15748
-0.160161
-0.162791
-0.165359
-0.167855
-0.170268
-0.172586
-0.174793
-0.176876
-0.17882
-0.180609
-0.182231
-0.134217
-0.13735
-0.140686
-0.143566
-0.146337
-0.149148
-0.151959
-0.15473
-0.157455
-0.160134
-0.16276
-0.165325
-0.167816
-0.170225
-0.172538
-0.174741
-0.176822
-0.178765
-0.180556
-0.182183
-0.1344
-0.137354
-0.140606
-0.143534
-0.146344
-0.149158
-0.151964
-0.154736
-0.157465
-0.160147
-0.162776
-0.165343
-0.167838
-0.170251
-0.172568
-0.174777
-0.176864
-0.178814
-0.180613
-0.182248
-0.203092
-0.198298
-0.197161
-0.197266
-0.197152
-0.19701
-0.196967
-0.196954
-0.196929
-0.196894
-0.196854
-0.196807
-0.19675
-0.196681
-0.196601
-0.196507
-0.196399
-0.196277
-0.19614
-0.195988
-0.19582
-0.195639
-0.195444
-0.195238
-0.195021
-0.194794
-0.194558
-0.19431
-0.194046
-0.193757
-0.193432
-0.193054
-0.192603
-0.192059
-0.191403
-0.190623
-0.189718
-0.188704
-0.187617
-0.186509
-0.185451
-0.184512
-0.183754
-0.183204
-0.182847
-0.182608
-0.182357
-0.181921
-0.181105
-0.17972
-0.177605
-0.174644
-0.170779
-0.166011
-0.160397
-0.154046
-0.147112
-0.139782
-0.132271
-0.124806
-0.117613
-0.110902
-0.104854
-0.0996069
-0.0952462
-0.0918008
-0.0892449
-0.0875051
-0.0864728
-0.0860178
-0.0860035
-0.0862993
-0.0867897
-0.0873802
-0.0879983
-0.0885925
-0.0891299
-0.0895915
-0.0899691
-0.0902619
-0.0904734
-0.0906103
-0.0906803
-0.0906922
-0.0906546
-0.0905758
-0.0904636
-0.0903253
-0.09017
-0.0899786
-0.0897759
-0.0895484
-0.089286
-0.0889764
-0.0886038
-0.0881504
-0.0875996
-0.0869403
-0.0861717
-0.0853088
-0.0843865
-0.083462
-0.0826129
-0.081931
-0.0815097
-0.0814284
-0.0817341
-0.0824269
-0.0834521
-0.0847034
-0.0860355
-0.0872847
-0.0882899
-0.0889108
-0.0890388
-0.088601
-0.0875587
-0.0859018
-0.083643
-0.0808119
-0.0774512
-0.073614
-0.0693631
-0.0647711
-0.0599202
-0.0549026
-0.0498194
-0.0447779
-0.0398885
-0.0352596
-0.0309919
-0.0271723
-0.0238682
-0.0211227
-0.0189515
-0.0173418
-0.016254
-0.0156249
-0.0153736
-0.0154078
-0.0156314
-0.0159511
-0.0162825
-0.0165546
-0.0167142
-0.016728
-0.0165855
-0.0163006
-0.0159124
-0.0154853
-0.0151064
-0.0148807
-0.0149217
-0.0153391
-0.0162237
-0.0176313
-0.0195693
-0.0219928
-0.024797
-0.0278372
-0.0309381
-0.0339133
-0.0365864
-0.0388064
-0.0404544
-0.0414467
-0.0417341
-0.0412981
-0.0401474
-0.0383157
-0.03586
-0.0328595
-0.0294129
-0.0256342
-0.021645
-0.017566
-0.0135066
-0.00955655
-0.00577921
-0.00220908
0.00114702
0.00430488
0.00729509
0.0101533
0.0129101
0.0155809
0.0181575
0.0206011
0.0228387
0.0247622
0.0262329
0.0270905
0.0271703
0.0263259
0.024464
0.0215554
0.017735
0.0130316
0.00832537
0.00149122
-0.201812
-0.198304
-0.19696
-0.197032
-0.197004
-0.196865
-0.196809
-0.196802
-0.196784
-0.196752
-0.196711
-0.196661
-0.1966
-0.196524
-0.196434
-0.196329
-0.196207
-0.196068
-0.19591
-0.195734
-0.195539
-0.195326
-0.195095
-0.194847
-0.194582
-0.1943
-0.194001
-0.193681
-0.193334
-0.192952
-0.192522
-0.192027
-0.19145
-0.190771
-0.189973
-0.189047
-0.187993
-0.186825
-0.185577
-0.184294
-0.183036
-0.181859
-0.180812
-0.179911
-0.179134
-0.17841
-0.177625
-0.176629
-0.175258
-0.173357
-0.170799
-0.167499
-0.163427
-0.158604
-0.153103
-0.147042
-0.140576
-0.133886
-0.127169
-0.120627
-0.114452
-0.108811
-0.10384
-0.0996273
-0.0962138
-0.0935906
-0.0917044
-0.0904671
-0.0897686
-0.0894895
-0.0895131
-0.0897348
-0.0900676
-0.0904441
-0.0908159
-0.0911512
-0.0914314
-0.0916478
-0.0917982
-0.0918848
-0.091912
-0.091886
-0.0918132
-0.0917007
-0.0915552
-0.0913833
-0.0911911
-0.0909833
-0.0907573
-0.0905371
-0.0902967
-0.09004
-0.089757
-0.0894331
-0.0890507
-0.08859
-0.0880317
-0.0873621
-0.086578
-0.0856927
-0.0847415
-0.0837841
-0.0829043
-0.0822025
-0.0817837
-0.0817388
-0.0821248
-0.0829467
-0.0841488
-0.085617
-0.0871936
-0.0886998
-0.0899605
-0.0908241
-0.091174
-0.0909327
-0.0900591
-0.0885416
-0.0863911
-0.0836343
-0.0803093
-0.0764633
-0.072152
-0.0674405
-0.0624045
-0.0571306
-0.0517173
-0.0462725
-0.0409116
-0.0357518
-0.0309071
-0.026481
-0.0225604
-0.019209
-0.0164633
-0.01433
-0.0127861
-0.0117814
-0.0112429
-0.011082
-0.011201
-0.0115009
-0.0118885
-0.0122825
-0.0126179
-0.0128502
-0.0129579
-0.0129444
-0.012839
-0.0126957
-0.0125909
-0.0126176
-0.0128766
-0.013465
-0.0144619
-0.0159152
-0.0178302
-0.0201543
-0.0228025
-0.0256379
-0.0284992
-0.0312176
-0.033632
-0.0356036
-0.0370232
-0.0378156
-0.037939
-0.0373828
-0.0361648
-0.0343291
-0.0319433
-0.0290955
-0.0258903
-0.0224419
-0.0188659
-0.0152695
-0.0117429
-0.00835137
-0.00513183
-0.00209226
0.000784341
0.00353332
0.00619932
0.00882619
0.0114469
0.0140741
0.0166928
0.0192536
0.0216702
0.0238189
0.0255425
0.0266608
0.0269869
0.0263513
0.0246388
0.0218044
0.0179752
0.0132079
0.00833721
0.00168616
-0.200867
-0.198438
-0.196979
-0.196855
-0.19685
-0.196716
-0.196632
-0.196613
-0.196595
-0.196559
-0.196512
-0.196453
-0.19638
-0.19629
-0.196183
-0.196056
-0.195909
-0.195741
-0.19555
-0.195336
-0.195099
-0.194838
-0.194552
-0.194243
-0.193909
-0.193549
-0.193162
-0.192743
-0.192286
-0.191781
-0.191215
-0.190574
-0.189839
-0.188993
-0.188023
-0.186919
-0.185683
-0.184331
-0.182888
-0.181398
-0.179908
-0.178464
-0.177103
-0.175832
-0.174628
-0.173427
-0.17213
-0.170612
-0.16874
-0.166392
-0.163473
-0.159929
-0.155751
-0.150979
-0.145697
-0.140025
-0.134113
-0.128128
-0.122246
-0.116637
-0.111455
-0.106826
-0.102838
-0.0995395
-0.0969327
-0.0949808
-0.0936144
-0.0927416
-0.0922602
-0.0920681
-0.0920723
-0.0921943
-0.0923724
-0.0925618
-0.0927325
-0.0928664
-0.0929543
-0.0929929
-0.0929828
-0.092927
-0.0928294
-0.0926948
-0.0925283
-0.0923349
-0.0921201
-0.091889
-0.0916463
-0.0913962
-0.0911402
-0.0908887
-0.0906261
-0.0903532
-0.0900596
-0.0897296
-0.0893438
-0.0888806
-0.0883185
-0.0876413
-0.0868433
-0.0859364
-0.0849556
-0.0839631
-0.0830479
-0.082319
-0.0818923
-0.0818704
-0.0823202
-0.0832521
-0.0846092
-0.0862698
-0.0880632
-0.0897962
-0.0912801
-0.0923529
-0.0928917
-0.0928165
-0.0920855
-0.0906876
-0.0886335
-0.0859482
-0.082666
-0.0788284
-0.0744839
-0.0696891
-0.0645111
-0.0590291
-0.0533358
-0.0475367
-0.0417483
-0.0360939
-0.0306978
-0.0256782
-0.02114
-0.0171673
-0.0138181
-0.0111201
-0.00906907
-0.00763071
-0.00674389
-0.00632672
-0.00628364
-0.00651334
-0.00691638
-0.00740218
-0.0078949
-0.00833808
-0.00869799
-0.00896581
-0.00915835
-0.00931708
-0.0095051
-0.00980151
-0.010293
-0.011063
-0.0121789
-0.0136797
-0.0155663
-0.0177914
-0.0202759
-0.022896
-0.0255067
-0.0279563
-0.0301003
-0.031814
-0.0330008
-0.0335959
-0.0335672
-0.0329138
-0.0316637
-0.0298706
-0.027611
-0.0249793
-0.0220818
-0.0190289
-0.0159259
-0.0128634
-0.00990946
-0.00710416
-0.0044578
-0.00195319
0.000448496
0.00279952
0.0051558
0.00756671
0.0100654
0.0126602
0.0153281
0.0180093
0.0206045
0.0229754
0.024948
0.0263223
0.026889
0.0264533
0.0248745
0.0220887
0.0182175
0.0133445
0.00830993
0.00173435
-0.199659
-0.198097
-0.196796
-0.196553
-0.196568
-0.196468
-0.196374
-0.19634
-0.196318
-0.196277
-0.196219
-0.196146
-0.196055
-0.195943
-0.195809
-0.195652
-0.195469
-0.19526
-0.195022
-0.194756
-0.194459
-0.194132
-0.193773
-0.193381
-0.192955
-0.192494
-0.191994
-0.19145
-0.190856
-0.1902
-0.189472
-0.188656
-0.187737
-0.186699
-0.18553
-0.184224
-0.182784
-0.181222
-0.179565
-0.177846
-0.176106
-0.174382
-0.1727
-0.171064
-0.16945
-0.167803
-0.166041
-0.164063
-0.161768
-0.159063
-0.155884
-0.1522
-0.148026
-0.143411
-0.138446
-0.133248
-0.127955
-0.122717
-0.11768
-0.112983
-0.108738
-0.105032
-0.101912
-0.0993908
-0.0974427
-0.0960142
-0.0950302
-0.0944046
-0.0940498
-0.0938847
-0.0938399
-0.09386
-0.0939042
-0.0939446
-0.0939639
-0.0939523
-0.0939057
-0.0938235
-0.0937069
-0.0935584
-0.0933811
-0.0931781
-0.0929532
-0.0927103
-0.0924533
-0.0921866
-0.0919141
-0.0916395
-0.0913651
-0.0910947
-0.0908224
-0.0905419
-0.0902435
-0.0899118
-0.0895258
-0.0890621
-0.0884976
-0.0878137
-0.0870026
-0.0860747
-0.0850646
-0.0840368
-0.0830847
-0.0823254
-0.0818848
-0.0818771
-0.0823786
-0.0834049
-0.0848981
-0.0867283
-0.0887121
-0.0906416
-0.0923152
-0.0935616
-0.0942533
-0.094309
-0.0936888
-0.0923835
-0.0904053
-0.0877789
-0.084536
-0.0807132
-0.076352
-0.0715003
-0.0662158
-0.0605686
-0.0546435
-0.0485406
-0.0423745
-0.0362711
-0.0303616
-0.0247764
-0.0196363
-0.0150448
-0.0110811
-0.00779425
-0.00520085
-0.00328449
-0.00199854
-0.00127117
-0.00101218
-0.00112091
-0.0014943
-0.00203464
-0.00265622
-0.00329089
-0.0038921
-0.00443746
-0.00492965
-0.00539553
-0.00588306
-0.00645586
-0.00718526
-0.0081402
-0.00937601
-0.0109234
-0.0127797
-0.014902
-0.0172179
-0.019618
-0.0219738
-0.0241515
-0.0260242
-0.0274834
-0.0284465
-0.0288611
-0.0287064
-0.0279919
-0.026755
-0.0250582
-0.0229841
-0.0206298
-0.0180999
-0.0154971
-0.012913
-0.0104195
-0.00806142
-0.00585337
-0.00378032
-0.00180185
0.000140186
0.00211208
0.00417811
0.00639045
0.00878025
0.0113502
0.0140688
0.0168659
0.0196309
0.0222121
0.0244204
0.0260373
0.0268306
0.026579
0.0251145
0.0223522
0.0184113
0.0134023
0.00822315
0.00162171
-0.198252
-0.197378
-0.196384
-0.196108
-0.196128
-0.196074
-0.19599
-0.195949
-0.195923
-0.195877
-0.195807
-0.195717
-0.195603
-0.195463
-0.195295
-0.195097
-0.194868
-0.194605
-0.194307
-0.193973
-0.193602
-0.193191
-0.192739
-0.192246
-0.191708
-0.191124
-0.190488
-0.189797
-0.189042
-0.188213
-0.1873
-0.186288
-0.185164
-0.183915
-0.182531
-0.181008
-0.179349
-0.177568
-0.175685
-0.173731
-0.171738
-0.169737
-0.167746
-0.165767
-0.16378
-0.161738
-0.159579
-0.157224
-0.154599
-0.15164
-0.148308
-0.144595
-0.140529
-0.136169
-0.131605
-0.126945
-0.122313
-0.117833
-0.113623
-0.109784
-0.106393
-0.103498
-0.101114
-0.0992251
-0.0977906
-0.0967495
-0.0960306
-0.0955602
-0.0952688
-0.0950962
-0.094994
-0.0949256
-0.0948654
-0.0947968
-0.09471
-0.0946002
-0.0944655
-0.094306
-0.0941226
-0.0939171
-0.0936914
-0.0934477
-0.0931885
-0.0929167
-0.0926356
-0.0923488
-0.0920598
-0.091772
-0.0914876
-0.0912081
-0.0909301
-0.0906475
-0.0903469
-0.0900148
-0.0896289
-0.0891644
-0.0885968
-0.0879057
-0.0870819
-0.0861342
-0.0850973
-0.0840372
-0.0830515
-0.0822639
-0.0818097
-0.0818132
-0.0823597
-0.0834694
-0.085083
-0.0870626
-0.0892119
-0.0913086
-0.0931389
-0.0945231
-0.0953304
-0.0954804
-0.0949361
-0.0936922
-0.0917639
-0.0891768
-0.0859613
-0.0821502
-0.0777785
-0.0728862
-0.0675214
-0.0617444
-0.0556304
-0.0492723
-0.04278
-0.0362785
-0.0299031
-0.0237929
-0.018082
-0.0128913
-0.0083199
-0.00443855
-0.0012849
0.00113794
0.00286004
0.00394062
0.00446174
0.00452065
0.00422144
0.00366691
0.00295111
0.00215308
0.00133218
0.000524966
-0.00025609
-0.00102191
-0.00180401
-0.00264938
-0.00361316
-0.00474952
-0.00610171
-0.00769237
-0.00951586
-0.011534
-0.0136816
-0.0158635
-0.0179683
-0.019881
-0.021493
-0.0227131
-0.023474
-0.0237367
-0.0234921
-0.0227599
-0.0215861
-0.0200394
-0.0182057
-0.0161817
-0.0140666
-0.0119526
-0.00991575
-0.00800766
-0.0062501
-0.0046333
-0.00311857
-0.0016446
-0.000136747
0.00148228
0.00328207
0.00531494
0.00760808
0.0101573
0.0129226
0.0158246
0.0187424
0.0215135
0.0239352
0.0257718
0.0267694
0.0266801
0.0253088
0.0225495
0.0185197
0.0133582
0.00805999
0.00137555
-0.196732
-0.196385
-0.195734
-0.1955
-0.195531
-0.195526
-0.195472
-0.195435
-0.195407
-0.195357
-0.195276
-0.195165
-0.195024
-0.194851
-0.194641
-0.194394
-0.194108
-0.193782
-0.193412
-0.192997
-0.192536
-0.192027
-0.191467
-0.190855
-0.190188
-0.189462
-0.188674
-0.187817
-0.186885
-0.185867
-0.184753
-0.183532
-0.182193
-0.180723
-0.179116
-0.177371
-0.17549
-0.173487
-0.171381
-0.169197
-0.166963
-0.164703
-0.162431
-0.16015
-0.157843
-0.155475
-0.152999
-0.15036
-0.147507
-0.144401
-0.141024
-0.137387
-0.133525
-0.129502
-0.125402
-0.12132
-0.11736
-0.11362
-0.110185
-0.107123
-0.104478
-0.102265
-0.100476
-0.0990781
-0.098023
-0.0972525
-0.0967054
-0.0963237
-0.0960562
-0.0958612
-0.0957067
-0.0955698
-0.0954347
-0.0952919
-0.0951357
-0.0949634
-0.094774
-0.0945675
-0.0943443
-0.0941053
-0.0938517
-0.0935848
-0.0933064
-0.0930189
-0.092725
-0.0924278
-0.0921306
-0.0918364
-0.0915471
-0.0912636
-0.0909825
-0.0906964
-0.090396
-0.0900624
-0.0896746
-0.089207
-0.0886343
-0.0879352
-0.0870994
-0.0861352
-0.0850774
-0.0839933
-0.0829837
-0.0821775
-0.0817175
-0.081736
-0.082326
-0.0835115
-0.0852318
-0.0873412
-0.0896312
-0.0918661
-0.0938204
-0.0953072
-0.0961935
-0.0964013
-0.095898
-0.0946835
-0.0927769
-0.0902058
-0.0870006
-0.0831911
-0.0788071
-0.0738813
-0.0684531
-0.0625727
-0.0563058
-0.0497363
-0.0429675
-0.036121
-0.0293329
-0.0227476
-0.0165097
-0.0107547
-0.00559998
-0.00113645
0.00257718
0.00551766
0.00769717
0.00916042
0.00997913
0.0102447
0.01006
0.00953073
0.00875766
0.00782961
0.00681814
0.00577393
0.00472497
0.00367686
0.0026152
0.00151014
0.00032305
-0.000985524
-0.00244703
-0.00407646
-0.00586577
-0.00778177
-0.0097663
-0.0117388
-0.0136053
-0.0152694
-0.0166417
-0.0176482
-0.0182378
-0.0183849
-0.018092
-0.0173878
-0.016325
-0.0149762
-0.0134279
-0.0117731
-0.0101031
-0.00849778
-0.0070165
-0.0056909
-0.00452048
-0.00347255
-0.00248682
-0.00148368
-0.000375023
0.000924246
0.0024859
0.00435984
0.00656754
0.00909734
0.011901
0.014891
0.0179383
0.0208708
0.0234745
0.0254982
0.0266688
0.0267157
0.0254186
0.0226493
0.0185211
0.0132045
0.00781089
0.00104611
-0.195145
-0.195193
-0.194867
-0.194734
-0.194796
-0.194845
-0.194833
-0.194811
-0.194785
-0.194731
-0.194638
-0.194506
-0.194336
-0.194123
-0.193867
-0.193565
-0.193214
-0.192815
-0.192363
-0.191858
-0.191296
-0.190677
-0.189997
-0.189254
-0.188445
-0.187566
-0.186613
-0.185579
-0.184459
-0.183243
-0.181923
-0.180488
-0.178929
-0.177239
-0.175412
-0.173449
-0.171354
-0.169139
-0.166823
-0.164428
-0.161975
-0.159487
-0.156976
-0.154445
-0.151882
-0.149265
-0.146562
-0.143736
-0.140759
-0.13761
-0.134291
-0.130821
-0.127243
-0.123618
-0.120018
-0.116525
-0.113218
-0.110166
-0.107427
-0.105037
-0.103012
-0.101345
-0.100011
-0.0989725
-0.0981811
-0.0975871
-0.0971428
-0.0968056
-0.0965405
-0.0963201
-0.0961242
-0.0959385
-0.0957534
-0.095563
-0.0953636
-0.0951533
-0.0949312
-0.0946972
-0.0944511
-0.0941932
-0.0939242
-0.0936448
-0.0933565
-0.0930611
-0.0927611
-0.0924592
-0.0921584
-0.0918613
-0.0915698
-0.0912838
-0.0910002
-0.0907117
-0.0904072
-0.0900692
-0.089676
-0.0892019
-0.0886218
-0.0879144
-0.0870694
-0.0860955
-0.0850279
-0.0839351
-0.0829193
-0.0821123
-0.0816609
-0.0817028
-0.0823366
-0.0835902
-0.085402
-0.0876193
-0.0900228
-0.092365
-0.0944104
-0.0959661
-0.096897
-0.097129
-0.0966349
-0.0954203
-0.0935088
-0.0909309
-0.0877173
-0.083896
-0.0794926
-0.0745338
-0.0690511
-0.0630858
-0.0566941
-0.0499505
-0.0429507
-0.0358109
-0.0286654
-0.0216611
-0.0149495
-0.008678
-0.00297934
0.00203708
0.00629265
0.00974425
0.0123857
0.0142459
0.0153848
0.0158859
0.0158487
0.0153801
0.0145856
0.0135626
0.0123939
0.0111435
0.00985491
0.00854999
0.0072315
0.00588668
0.00449311
0.00302568
0.0014642
-0.000199289
-0.00195483
-0.00377394
-0.00560608
-0.0073848
-0.00903331
-0.0104736
-0.0116349
-0.0124609
-0.0129158
-0.0129872
-0.012688
-0.0120544
-0.0111438
-0.0100302
-0.00879786
-0.00753409
-0.00632054
-0.00522397
-0.00428737
-0.00352308
-0.00290964
-0.00239319
-0.00189406
-0.00131715
-0.000564171
0.000454363
0.00180934
0.00354592
0.00567861
0.00818809
0.0110186
0.0140757
0.0172231
0.0202812
0.0230259
0.0251945
0.0264999
0.026655
0.0254173
0.0226345
0.018409
0.0129475
0.00747833
0.000690534
-0.19353
-0.193874
-0.193837
-0.193839
-0.193956
-0.19406
-0.194098
-0.1941
-0.19408
-0.194024
-0.19392
-0.193766
-0.193563
-0.19331
-0.193002
-0.19264
-0.19222
-0.191742
-0.191202
-0.190599
-0.18993
-0.189193
-0.188386
-0.187505
-0.186547
-0.185509
-0.184386
-0.183172
-0.181861
-0.180447
-0.178922
-0.177277
-0.175506
-0.173604
-0.171569
-0.169401
-0.167108
-0.164702
-0.1622
-0.15962
-0.156984
-0.154309
-0.15161
-0.148889
-0.146143
-0.143359
-0.140518
-0.137603
-0.134598
-0.131503
-0.128327
-0.125099
-0.12186
-0.118665
-0.115574
-0.112647
-0.109941
-0.107499
-0.105352
-0.103511
-0.101973
-0.100716
-0.0997104
-0.0989172
-0.0982962
-0.0978083
-0.097419
-0.0970996
-0.0968271
-0.0965843
-0.0963582
-0.0961398
-0.0959228
-0.0957028
-0.0954772
-0.0952443
-0.0950032
-0.0947533
-0.0944943
-0.0942261
-0.0939489
-0.0936632
-0.0933702
-0.0930714
-0.0927689
-0.0924653
-0.0921632
-0.0918649
-0.0915716
-0.091283
-0.0909955
-0.0907018
-0.0903902
-0.0900439
-0.0896416
-0.0891576
-0.0885686
-0.0878545
-0.0870065
-0.0860346
-0.0849747
-0.0838952
-0.0828972
-0.0821117
-0.0816856
-0.0817587
-0.0824335
-0.0837421
-0.0856243
-0.0879228
-0.0904096
-0.0928259
-0.094928
-0.0965207
-0.0974672
-0.097696
-0.0971858
-0.0959479
-0.0940105
-0.091407
-0.0881688
-0.0843226
-0.0798913
-0.0748963
-0.0693629
-0.0633246
-0.056829
-0.049942
-0.042751
-0.035366
-0.0279176
-0.0205526
-0.0134266
-0.00669557
-0.000504759
0.00502057
0.00978383
0.0137231
0.0168142
0.01907
0.0205374
0.0212909
0.021425
0.0210456
0.0202619
0.0191778
0.0178861
0.0164635
0.0149676
0.0134364
0.0118889
0.010329
0.00874965
0.00713929
0.00548826
0.00379498
0.00207076
0.000339917
-0.00135507
-0.00296112
-0.00441786
-0.00566502
-0.00664958
-0.00733193
-0.00769076
-0.00772583
-0.00745865
-0.00693132
-0.00620368
-0.00534876
-0.00444682
-0.00357798
-0.00281379
-0.002208
-0.00178788
-0.00154769
-0.00144636
-0.00141073
-0.00134427
-0.00113956
-0.000691775
8.9485e-05
0.00127145
0.00289276
0.00496029
0.00744719
0.0102909
0.0133905
0.0166038
0.0197441
0.0225805
0.0248439
0.0262417
0.0264779
0.0252908
0.0225005
0.0181907
0.0126074
0.00708043
0.000363004
-0.191928
-0.192497
-0.192707
-0.192856
-0.193046
-0.193209
-0.193298
-0.193331
-0.193323
-0.193266
-0.193152
-0.192976
-0.192741
-0.192444
-0.192085
-0.19166
-0.191168
-0.190608
-0.189978
-0.189274
-0.188495
-0.187639
-0.186702
-0.185682
-0.184575
-0.183378
-0.182087
-0.180697
-0.179202
-0.177597
-0.175876
-0.174034
-0.172066
-0.169969
-0.167745
-0.165395
-0.16293
-0.16036
-0.157702
-0.154974
-0.152196
-0.149384
-0.146551
-0.143707
-0.140851
-0.13798
-0.135088
-0.13217
-0.129224
-0.12626
-0.123294
-0.120356
-0.117484
-0.114721
-0.112113
-0.1097
-0.107515
-0.105581
-0.103906
-0.102486
-0.101305
-0.100335
-0.099548
-0.0989096
-0.098389
-0.0979581
-0.0975938
-0.0972773
-0.0969941
-0.0967332
-0.0964861
-0.0962463
-0.0960091
-0.0957709
-0.0955294
-0.095283
-0.0950307
-0.0947717
-0.0945054
-0.0942316
-0.0939502
-0.0936616
-0.0933666
-0.0930667
-0.0927636
-0.0924597
-0.092157
-0.0918575
-0.091562
-0.0912693
-0.0909756
-0.0906735
-0.0903514
-0.089993
-0.0895778
-0.0890823
-0.0884853
-0.0877692
-0.0869281
-0.0859739
-0.0849431
-0.0839018
-0.0829471
-0.0822048
-0.0818177
-0.0819249
-0.0826316
-0.0839745
-0.0858968
-0.0882411
-0.0907745
-0.0932313
-0.0953604
-0.096961
-0.0979008
-0.0981083
-0.0975664
-0.0962912
-0.0943152
-0.0916742
-0.0884005
-0.0845201
-0.0800535
-0.0750187
-0.0694357
-0.0633321
-0.0567481
-0.049742
-0.0423937
-0.0348066
-0.0271066
-0.0194385
-0.0119598
-0.00483184
0.00179064
0.00776943
0.0129925
0.017381
0.0208939
0.0235286
0.0253186
0.0263286
0.0266467
0.0263769
0.0256297
0.0245145
0.0231326
0.0215717
0.0199026
0.0181779
0.0164321
0.0146842
0.0129417
0.0112055
0.00947556
0.00775586
0.00605864
0.00440461
0.00282808
0.0013698
7.48052e-05
-0.0010131
-0.00185734
-0.0024336
-0.00273369
-0.00276767
-0.00256416
-0.00216904
-0.00164267
-0.00105558
-0.000482794
3.23588e-06
0.000340966
0.000489049
0.000435109
0.000201943
-0.000151325
-0.000534467
-0.000837209
-0.000943554
-0.000745863
-0.000156054
0.00088728
0.0024152
0.00442675
0.00688781
0.00972929
0.0128442
0.0160843
0.0192576
0.0221306
0.0244351
0.0258823
0.0261751
0.0250352
0.0222532
0.0178848
0.0122162
0.00665148
0.000109825
-0.190381
-0.191124
-0.191538
-0.191833
-0.192106
-0.19233
-0.192472
-0.19254
-0.192547
-0.192492
-0.192368
-0.192172
-0.191904
-0.191566
-0.191154
-0.190667
-0.190105
-0.189464
-0.188744
-0.187941
-0.187055
-0.186082
-0.185019
-0.183864
-0.182614
-0.181266
-0.179816
-0.178259
-0.176592
-0.174812
-0.172913
-0.170893
-0.16875
-0.166484
-0.164097
-0.161596
-0.158989
-0.156289
-0.153513
-0.150679
-0.147803
-0.144905
-0.141998
-0.139092
-0.136196
-0.133313
-0.130445
-0.127596
-0.124776
-0.121997
-0.11928
-0.116651
-0.114141
-0.11178
-0.109599
-0.10762
-0.105857
-0.104316
-0.102992
-0.10187
-0.100929
-0.100145
-0.0994898
-0.0989394
-0.098471
-0.0980657
-0.0977086
-0.0973877
-0.0970936
-0.0968189
-0.096557
-0.0963029
-0.0960525
-0.0958026
-0.0955511
-0.0952963
-0.0950371
-0.0947727
-0.0945022
-0.0942254
-0.0939419
-0.093652
-0.0933565
-0.0930565
-0.0927536
-0.0924496
-0.0921463
-0.091845
-0.0915459
-0.0912475
-0.0909454
-0.0906322
-0.0902963
-0.0899234
-0.0894927
-0.0889866
-0.0883845
-0.0876736
-0.0868513
-0.0859317
-0.0849506
-0.08397
-0.0830808
-0.0823987
-0.0820597
-0.0821986
-0.0829217
-0.0842707
-0.0861945
-0.0885415
-0.0910795
-0.0935399
-0.0956673
-0.0972577
-0.0981762
-0.0983545
-0.097776
-0.0964601
-0.094442
-0.0917598
-0.0884462
-0.084527
-0.0800211
-0.0749441
-0.0693125
-0.063149
-0.0564883
-0.0493825
-0.0419051
-0.0341535
-0.0262486
-0.0183321
-0.0105615
-0.00310114
0.00388771
0.0102569
0.0158817
0.020669
0.0245627
0.0275458
0.029639
0.0308968
0.0314006
0.0312509
0.0305586
0.0294367
0.0279934
0.0263259
0.0245167
0.0226313
0.0207181
0.01881
0.0169275
0.0150827
0.0132839
0.0115401
0.00986416
0.00827356
0.00679481
0.00545746
0.00429275
0.00332959
0.00258987
0.00208436
0.00180997
0.00174818
0.00186507
0.00211264
0.00243137
0.00275423
0.00301192
0.00313972
0.00308584
0.00282097
0.00234699
0.00170257
0.000962804
0.000231914
-0.000369947
-0.000722231
-0.000718
-0.000273956
0.000664109
0.00211927
0.00408283
0.00651357
0.00933582
0.0124363
0.0156612
0.0188161
0.02167
0.023963
0.0254194
0.0257471
0.0246553
0.0219052
0.0175177
0.0118146
0.00623851
-3.37567e-05
-0.18893
-0.189807
-0.190389
-0.190819
-0.191178
-0.191465
-0.191659
-0.191763
-0.191788
-0.191736
-0.191604
-0.191389
-0.191092
-0.190713
-0.190251
-0.189706
-0.189076
-0.188359
-0.187554
-0.186658
-0.18567
-0.184588
-0.183408
-0.182129
-0.180748
-0.179261
-0.177666
-0.175961
-0.174142
-0.172207
-0.170155
-0.167983
-0.165693
-0.163287
-0.160771
-0.158151
-0.155438
-0.152647
-0.149793
-0.146894
-0.143968
-0.141033
-0.138104
-0.135196
-0.132319
-0.129482
-0.126696
-0.123969
-0.121315
-0.118748
-0.116289
-0.113956
-0.111773
-0.109757
-0.107924
-0.106283
-0.104834
-0.103573
-0.102486
-0.101556
-0.100763
-0.100085
-0.0995011
-0.0989937
-0.0985471
-0.0981491
-0.0977899
-0.0974616
-0.0971576
-0.0968719
-0.0965992
-0.096335
-0.0960755
-0.0958176
-0.0955593
-0.0952989
-0.0950353
-0.0947673
-0.0944944
-0.0942157
-0.0939312
-0.0936409
-0.0933454
-0.0930457
-0.092743
-0.0924388
-0.0921344
-0.0918305
-0.0915267
-0.091221
-0.0909087
-0.0905824
-0.0902311
-0.089843
-0.0893977
-0.0888818
-0.0882792
-0.0875811
-0.0867884
-0.0859176
-0.0850018
-0.0840988
-0.0832902
-0.0826804
-0.082394
-0.0825588
-0.0832795
-0.0846023
-0.0864857
-0.0887885
-0.0912862
-0.0937127
-0.095812
-0.0973772
-0.0982699
-0.0984193
-0.097809
-0.096458
-0.0944032
-0.0916832
-0.0883316
-0.0843738
-0.0798283
-0.074709
-0.0690302
-0.0628115
-0.0560836
-0.048894
-0.0413111
-0.0334272
-0.0253586
-0.0172438
-0.00923886
-0.00150921
0.00577967
0.0124726
0.0184352
0.0235626
0.027786
0.0310759
0.0334413
0.0349269
0.0356072
0.0355786
0.034951
0.03384
0.0323588
0.0306124
0.0286932
0.0266779
0.024627
0.0225855
0.0205853
0.0186481
0.0167898
0.0150234
0.0133621
0.0118208
0.0104186
0.0091754
0.00811022
0.00723906
0.00657101
0.00610536
0.00582962
0.00571857
0.00573451
0.00582845
0.00594259
0.00601389
0.00597915
0.00578171
0.00537982
0.00475611
0.00392591
0.00294178
0.00189164
0.00088958
6.13586e-05
-0.000471703
-0.000606135
-0.000264983
0.000598243
0.00199871
0.00392022
0.00631446
0.00909912
0.0121548
0.0153234
0.0184114
0.021196
0.0234311
0.0248607
0.0252029
0.0241612
0.0214726
0.0171183
0.0114453
0.00589415
-4.73073e-05
-0.187612
-0.188595
-0.189312
-0.189861
-0.190305
-0.190653
-0.190896
-0.191035
-0.191079
-0.191032
-0.190893
-0.190662
-0.190338
-0.189923
-0.189417
-0.188818
-0.188126
-0.18734
-0.186458
-0.185479
-0.1844
-0.18322
-0.181937
-0.180548
-0.179051
-0.177445
-0.175727
-0.173895
-0.171948
-0.169886
-0.167707
-0.165414
-0.16301
-0.160498
-0.157886
-0.155183
-0.152402
-0.149557
-0.146663
-0.14374
-0.140805
-0.137877
-0.134972
-0.132106
-0.129292
-0.126544
-0.123874
-0.121295
-0.11882
-0.116463
-0.11424
-0.112165
-0.110249
-0.108502
-0.106928
-0.105525
-0.104288
-0.103206
-0.102263
-0.101443
-0.100729
-0.100104
-0.0995521
-0.0990605
-0.0986187
-0.0982184
-0.097853
-0.0975165
-0.0972035
-0.0969089
-0.0966279
-0.0963559
-0.0960895
-0.0958258
-0.0955625
-0.0952981
-0.0950313
-0.094761
-0.0944863
-0.0942065
-0.0939214
-0.093631
-0.0933357
-0.0930363
-0.0927337
-0.092429
-0.0921229
-0.0918157
-0.0915064
-0.0911924
-0.0908691
-0.0905292
-0.0901628
-0.0897584
-0.0893007
-0.0887779
-0.0881791
-0.0874996
-0.086744
-0.0859298
-0.0850893
-0.0842737
-0.0835541
-0.083023
-0.082791
-0.0829755
-0.0836765
-0.0849425
-0.0867462
-0.0889592
-0.0913716
-0.093727
-0.0957729
-0.0973003
-0.098166
-0.0982937
-0.097663
-0.0962896
-0.0942094
-0.0914611
-0.0880783
-0.0840863
-0.0795039
-0.0743444
-0.068621
-0.0623518
-0.055565
-0.0483047
-0.0406361
-0.0326474
-0.024451
-0.0161823
-0.00799556
-5.59473e-05
0.0074689
0.0144192
0.0206535
0.0260583
0.0305545
0.034102
0.0367
0.0383843
0.0392227
0.0393071
0.0387461
0.0376562
0.0361543
0.0343516
0.0323484
0.0302306
0.028069
0.0259187
0.0238214
0.0218069
0.0198972
0.018109
0.0164556
0.0149496
0.0136039
0.0124296
0.0114357
0.0106273
0.0100026
0.00955136
0.00925341
0.00907824
0.00898537
0.00892564
0.00884363
0.00868108
0.00838186
0.0078984
0.0071996
0.00627962
0.0051653
0.00391978
0.00263943
0.00144372
0.000459925
-0.000192832
-0.000416299
-0.000140498
0.00067352
0.00203351
0.00391613
0.00626614
0.00899494
0.0119779
0.0150549
0.0180363
0.0207089
0.0228516
0.024223
0.0245591
0.0235674
0.0209706
0.0167115
0.0111454
0.00566569
7.0387e-05
-0.186459
-0.187525
-0.188352
-0.189002
-0.189523
-0.189928
-0.190216
-0.190387
-0.19045
-0.190409
-0.190266
-0.190021
-0.189674
-0.189228
-0.188683
-0.188038
-0.187293
-0.186448
-0.1855
-0.184449
-0.183294
-0.182032
-0.180662
-0.179182
-0.17759
-0.175886
-0.174068
-0.172136
-0.170089
-0.167928
-0.165655
-0.163273
-0.160787
-0.158203
-0.155531
-0.15278
-0.149964
-0.147099
-0.1442
-0.141286
-0.138376
-0.135486
-0.132635
-0.12984
-0.127114
-0.124473
-0.12193
-0.119498
-0.117189
-0.115015
-0.112985
-0.111108
-0.109389
-0.107829
-0.106426
-0.105174
-0.104063
-0.103081
-0.102215
-0.101449
-0.10077
-0.100164
-0.0996212
-0.0991306
-0.0986852
-0.0982786
-0.0979055
-0.097561
-0.0972402
-0.0969381
-0.0966501
-0.0963719
-0.0961001
-0.0958317
-0.0955646
-0.0952971
-0.0950279
-0.0947557
-0.0944797
-0.0941992
-0.0939138
-0.0936233
-0.0933282
-0.093029
-0.0927263
-0.0924207
-0.0921126
-0.0918017
-0.0914864
-0.091164
-0.0908297
-0.0904765
-0.0900957
-0.0896769
-0.0892087
-0.0886819
-0.08809
-0.0874322
-0.0867164
-0.085961
-0.0851972
-0.0844707
-0.0838428
-0.0833931
-0.0832172
-0.0834184
-0.0840881
-0.0852765
-0.0869664
-0.0890495
-0.0913359
-0.0935855
-0.0955535
-0.0970308
-0.0978685
-0.0979826
-0.0973448
-0.0959653
-0.0938746
-0.0911108
-0.0877069
-0.0836879
-0.0790739
-0.0738783
-0.0681142
-0.0617994
-0.054961
-0.0476416
-0.0399039
-0.0318338
-0.0235404
-0.0151565
-0.00683461
0.00126131
0.00896284
0.0161075
0.0225495
0.0281688
0.0328789
0.0366314
0.0394173
0.041265
0.0422362
0.0424188
0.041919
0.0408537
0.0393423
0.0375003
0.0354341
0.0332371
0.0309883
0.0287511
0.0265748
0.0244963
0.0225426
0.020733
0.0190814
0.017598
0.0162903
0.0151627
0.0142156
0.0134448
0.0128398
0.0123822
0.0120457
0.0117954
0.0115889
0.011378
0.0111109
0.0107357
0.010205
0.00948158
0.00854472
0.00739826
0.00607717
0.00465065
0.0032189
0.00190258
0.000827343
0.000108156
-0.000162697
7.79868e-05
0.000862346
0.00219157
0.00403593
0.00633383
0.00899165
0.0118802
0.0148407
0.0176888
0.0202252
0.0222458
0.0235322
0.0238397
0.0228919
0.0204125
0.0163128
0.0109357
0.00558053
0.000298605
-0.185498
-0.186629
-0.187541
-0.188274
-0.188863
-0.189319
-0.189645
-0.189846
-0.189926
-0.189892
-0.189746
-0.18949
-0.189125
-0.188654
-0.188078
-0.187395
-0.186608
-0.185714
-0.184714
-0.183606
-0.18239
-0.181063
-0.179625
-0.178075
-0.176411
-0.174633
-0.172741
-0.170735
-0.168616
-0.166387
-0.16405
-0.16161
-0.159075
-0.15645
-0.153748
-0.150979
-0.148157
-0.145298
-0.142419
-0.139537
-0.136671
-0.133838
-0.131055
-0.128339
-0.125706
-0.123169
-0.120741
-0.118434
-0.116258
-0.114222
-0.112331
-0.110589
-0.108996
-0.107551
-0.106247
-0.105076
-0.104029
-0.103094
-0.102259
-0.101513
-0.100843
-0.10024
-0.0996941
-0.099198
-0.0987456
-0.0983315
-0.0979509
-0.0975992
-0.0972714
-0.0969629
-0.096669
-0.0963856
-0.0961092
-0.095837
-0.0955668
-0.0952969
-0.0950257
-0.0947521
-0.0944751
-0.094194
-0.0939083
-0.0936178
-0.0933229
-0.0930237
-0.0927207
-0.0924142
-0.0921039
-0.0917892
-0.0914682
-0.0911377
-0.0907931
-0.0904279
-0.0900342
-0.0896033
-0.0891265
-0.0885976
-0.0880136
-0.0873773
-0.0866994
-0.0859994
-0.0853074
-0.0846652
-0.0841261
-0.0837572
-0.0836389
-0.0838583
-0.0844947
-0.0855956
-0.0871524
-0.0890768
-0.0912043
-0.0933169
-0.0951829
-0.0965964
-0.0974033
-0.0975098
-0.0968767
-0.0955049
-0.0934201
-0.0906542
-0.0872404
-0.0832031
-0.0785644
-0.0733379
-0.0675378
-0.0611827
-0.0542999
-0.0469314
-0.0391391
-0.0310074
-0.0226433
-0.0141774
-0.00576067
0.00244454
0.0102699
0.017552
0.0241423
0.0299168
0.0347838
0.0386889
0.0416167
0.0435899
0.0446649
0.0449259
0.0444769
0.0434345
0.0419192
0.0400498
0.0379369
0.0356798
0.0333634
0.0310578
0.0288185
0.0266876
0.0246961
0.0228657
0.0212106
0.0197388
0.0184534
0.0173532
0.0164316
0.0156768
0.0150708
0.0145887
0.0141989
0.0138636
0.01354
0.0131826
0.0127452
0.0121847
0.0114634
0.010554
0.00944432
0.00814449
0.00669325
0.00516155
0.00364954
0.00227598
0.00116285
0.000419943
0.00013368
0.000361339
0.00112943
0.00243369
0.00423925
0.00648007
0.0090565
0.0118394
0.0146705
0.0173726
0.0197591
0.0216414
0.0228221
0.0230768
0.0221589
0.0198099
0.015924
0.0108115
0.00563212
0.000596497
-0.184743
-0.185924
-0.186902
-0.187701
-0.188344
-0.188843
-0.189202
-0.189427
-0.189522
-0.189495
-0.189348
-0.189084
-0.188707
-0.188217
-0.187617
-0.186906
-0.186087
-0.185158
-0.184119
-0.182969
-0.181709
-0.180336
-0.17885
-0.17725
-0.175537
-0.173709
-0.171768
-0.169714
-0.167551
-0.16528
-0.162907
-0.160437
-0.157877
-0.155238
-0.152529
-0.149763
-0.146954
-0.144119
-0.141272
-0.138432
-0.135617
-0.132842
-0.130125
-0.127482
-0.124927
-0.122475
-0.120135
-0.117919
-0.115835
-0.113888
-0.112082
-0.110418
-0.108894
-0.107507
-0.106249
-0.105114
-0.104091
-0.10317
-0.102343
-0.101597
-0.100925
-0.100316
-0.0997625
-0.0992588
-0.0987988
-0.0983775
-0.0979902
-0.0976321
-0.0972983
-0.0969843
-0.0966854
-0.0963976
-0.0961175
-0.0958422
-0.0955695
-0.0952976
-0.0950249
-0.0947501
-0.0944722
-0.0941906
-0.0939047
-0.0936143
-0.0933194
-0.0930203
-0.092717
-0.0924094
-0.0920971
-0.0917788
-0.0914526
-0.0911149
-0.0907612
-0.0903855
-0.0899808
-0.0895398
-0.0890562
-0.088526
-0.0879494
-0.087332
-0.0866868
-0.0860346
-0.0854052
-0.0848375
-0.0843789
-0.0840866
-0.0840266
-0.0842698
-0.0848808
-0.0859002
-0.0873231
-0.0890788
-0.0910285
-0.0929803
-0.0947213
-0.0960533
-0.0968196
-0.0969174
-0.0962951
-0.0949419
-0.0928737
-0.0901211
-0.0867092
-0.0826614
-0.078005
-0.0727537
-0.0669229
-0.0605329
-0.0536124
-0.0462036
-0.0383692
-0.0301926
-0.0217797
-0.0132597
-0.00478212
0.00349247
0.0113964
0.0187664
0.0254527
0.0313293
0.0363012
0.04031
0.0433359
0.0453972
0.0465463
0.0468642
0.0464528
0.0454278
0.0439105
0.0420213
0.0398739
0.0375715
0.0352037
0.0328454
0.0305566
0.0283829
0.0263592
0.0245089
0.022846
0.021376
0.020099
0.0190089
0.0180933
0.0173343
0.0167076
0.0161833
0.0157265
0.0152985
0.0148585
0.014366
0.0137825
0.0130738
0.0122114
0.0111755
0.0099591
0.00857457
0.00706104
0.00548828
0.0039539
0.00257291
0.00146242
0.000726875
0.000447448
0.000676746
0.00143708
0.00272009
0.00448756
0.00666884
0.00916263
0.0118381
0.0145397
0.0170967
0.0193324
0.0210697
0.0221344
0.0223115
0.0214011
0.0191761
0.0155327
0.0107369
0.00577408
0.000911086
-0.184197
-0.185416
-0.186442
-0.187291
-0.187976
-0.188509
-0.188893
-0.189137
-0.189245
-0.189223
-0.189077
-0.188809
-0.188423
-0.187921
-0.187305
-0.186576
-0.185736
-0.184783
-0.183719
-0.182543
-0.181254
-0.179852
-0.178337
-0.176708
-0.174965
-0.173108
-0.17114
-0.169061
-0.166874
-0.164584
-0.162196
-0.159716
-0.157152
-0.154515
-0.151814
-0.149063
-0.146276
-0.143469
-0.140657
-0.137856
-0.135085
-0.132359
-0.129694
-0.127105
-0.124606
-0.122209
-0.119926
-0.117764
-0.115732
-0.113832
-0.112068
-0.11044
-0.108945
-0.107579
-0.106336
-0.105208
-0.104188
-0.103266
-0.102434
-0.101682
-0.101001
-0.100383
-0.0998221
-0.0993108
-0.0988439
-0.0984164
-0.0980233
-0.0976598
-0.0973211
-0.0970025
-0.0966994
-0.096408
-0.0961249
-0.0958471
-0.0955725
-0.0952989
-0.095025
-0.0947492
-0.0944707
-0.0941887
-0.0939026
-0.0936123
-0.0933175
-0.0930184
-0.0927148
-0.0924063
-0.0920922
-0.0917709
-0.0914402
-0.0910964
-0.0907351
-0.0903506
-0.0899367
-0.0894875
-0.0889982
-0.088467
-0.0878961
-0.0872936
-0.0866742
-0.0860603
-0.0854816
-0.0849758
-0.0845856
-0.0843618
-0.0843586
-0.0846328
-0.0852341
-0.0861925
-0.0875016
-0.089102
-0.0908769
-0.0926602
-0.0942611
-0.0954941
-0.0962044
-0.0962826
-0.0956664
-0.0943327
-0.0922863
-0.0895478
-0.0861532
-0.0820995
-0.0774321
-0.0721618
-0.0663059
-0.0598867
-0.0529346
-0.0454939
-0.0376276
-0.0294198
-0.0209758
-0.0124238
-0.00391303
0.00439854
0.012344
0.019761
0.0264998
0.0324337
0.0374661
0.0415361
0.0446214
0.046737
0.0479326
0.0482864
0.0478989
0.0468844
0.0453643
0.04346
0.0412869
0.0389508
0.0365444
0.034146
0.0318186
0.0296101
0.0275586
0.025689
0.0240137
0.0225358
0.0212532
0.020156
0.0192273
0.0184441
0.0177785
0.0171976
0.0166659
0.0161462
0.015602
0.0149987
0.0143054
0.0134949
0.0125449
0.0114395
0.0101736
0.00875964
0.00723551
0.00566862
0.00415303
0.00279897
0.00171826
0.00101017
0.000751583
0.000991714
0.00175011
0.00301561
0.0047481
0.00687365
0.00928984
0.0118658
0.0144487
0.0168728
0.0189682
0.0205671
0.0215144
0.0215921
0.0206615
0.0185319
0.0151212
0.0106538
0.0059286
0.0011908
-0.183851
-0.185096
-0.186157
-0.18704
-0.187755
-0.188311
-0.188714
-0.188971
-0.189088
-0.189072
-0.188927
-0.188657
-0.188267
-0.187758
-0.187134
-0.186395
-0.185543
-0.184578
-0.183501
-0.182311
-0.181007
-0.179591
-0.178061
-0.176418
-0.174661
-0.172793
-0.170813
-0.168725
-0.166532
-0.164238
-0.161849
-0.159371
-0.156813
-0.154185
-0.151498
-0.148764
-0.145999
-0.143215
-0.14043
-0.13766
-0.134919
-0.132225
-0.129592
-0.127035
-0.124567
-0.122201
-0.119945
-0.117808
-0.115797
-0.113915
-0.112165
-0.110546
-0.109057
-0.107692
-0.106447
-0.105315
-0.104288
-0.103358
-0.102516
-0.101755
-0.101065
-0.100439
-0.0998707
-0.0993528
-0.0988802
-0.0984475
-0.0980498
-0.0976821
-0.0973394
-0.0970172
-0.0967109
-0.0964167
-0.0961312
-0.0958515
-0.0955753
-0.0953006
-0.0950257
-0.0947493
-0.0944703
-0.094188
-0.0939019
-0.0936116
-0.093317
-0.0930179
-0.0927141
-0.0924049
-0.0920894
-0.0917657
-0.0914314
-0.0910827
-0.0907152
-0.0903236
-0.0899023
-0.0894463
-0.0889522
-0.0884195
-0.0878523
-0.0872602
-0.0866597
-0.086074
-0.0855336
-0.0850752
-0.08474
-0.0845738
-0.0846228
-0.0849335
-0.0855429
-0.0864694
-0.0877008
-0.0891822
-0.0908106
-0.0924412
-0.0939042
-0.0950297
-0.0956693
-0.0957117
-0.095087
-0.0937622
-0.0917321
-0.0890085
-0.0856059
-0.08157
-0.0768962
-0.0716102
-0.0657327
-0.0592889
-0.052311
-0.0448455
-0.0369563
-0.0287279
-0.0202675
-0.0117004
-0.00317701
0.00514701
0.0131059
0.0205388
0.0272967
0.0332533
0.0383113
0.0424091
0.0455226
0.0476652
0.0488843
0.0492565
0.0488806
0.04787
0.0463457
0.0444291
0.0422367
0.0398757
0.0374407
0.0350118
0.0326538
0.0304164
0.0283391
0.0264497
0.0247549
0.0232584
0.0219564
0.020836
0.0198774
0.0190555
0.0183405
0.0176997
0.0170989
0.0165039
0.0158826
0.0152052
0.0144453
0.0135797
0.0125888
0.0114579
0.0101824
0.00877448
0.00727113
0.00573752
0.00426397
0.00295579
0.00191946
0.00124963
0.00101969
0.00127654
0.00203819
0.00329235
0.00499529
0.00707376
0.00942406
0.0119161
0.0143992
0.0167111
0.0186856
0.020158
0.020956
0.0209669
0.0199918
0.0179131
0.014685
0.010508
0.00601478
0.00139616
-0.183676
-0.184939
-0.186021
-0.186925
-0.187659
-0.188229
-0.188644
-0.18891
-0.189033
-0.18902
-0.188877
-0.188608
-0.188217
-0.187706
-0.187079
-0.186337
-0.18548
-0.184511
-0.183429
-0.182234
-0.180926
-0.179505
-0.177971
-0.176324
-0.174565
-0.172694
-0.170714
-0.168626
-0.166435
-0.164144
-0.16176
-0.159289
-0.15674
-0.154122
-0.151447
-0.148728
-0.145977
-0.14321
-0.140442
-0.137688
-0.134964
-0.132286
-0.129668
-0.127125
-0.124669
-0.122313
-0.120065
-0.117934
-0.115926
-0.114046
-0.112294
-0.110672
-0.109177
-0.107805
-0.106552
-0.10541
-0.104374
-0.103434
-0.102583
-0.101813
-0.101115
-0.100482
-0.0999071
-0.099384
-0.0989069
-0.0984704
-0.0980693
-0.0976985
-0.097353
-0.0970281
-0.0967195
-0.0964233
-0.0961361
-0.0958551
-0.0955779
-0.0953024
-0.0950269
-0.09475
-0.0944707
-0.0941883
-0.0939022
-0.093612
-0.0933176
-0.0930186
-0.0927148
-0.0924052
-0.0920888
-0.0917634
-0.0914264
-0.0910741
-0.0907019
-0.0903048
-0.0898776
-0.089416
-0.0889174
-0.0883826
-0.0878167
-0.0872308
-0.0866422
-0.0860755
-0.0855615
-0.085137
-0.0848426
-0.0847221
-0.0848154
-0.0851645
-0.0857964
-0.08672
-0.087916
-0.0893278
-0.0908588
-0.0923767
-0.0937277
-0.0947557
-0.0953214
-0.0953158
-0.0946658
-0.0933325
-0.0913035
-0.0885845
-0.0851882
-0.0811424
-0.0764594
-0.0711605
-0.0652632
-0.0587974
-0.0517972
-0.0443109
-0.0364039
-0.0281617
-0.0196916
-0.0111205
-0.00259622
0.00572477
0.0136789
0.0211067
0.0278607
0.0338157
0.0388746
0.0429759
0.0460949
0.048244
0.0494695
0.0498467
0.0494731
0.0484612
0.0469313
0.0450046
0.0427978
0.0404185
0.0379624
0.0355107
0.0331291
0.0308661
0.0287662
0.026851
0.0251299
0.0236069
0.0222761
0.0211234
0.0201284
0.0192655
0.0185054
0.0178167
0.0171671
0.016525
0.0158607
0.0151466
0.014358
0.0134725
0.012471
0.0113394
0.0100735
0.00868639
0.00721492
0.00572296
0.00429771
0.00304003
0.0020517
0.00142338
0.00122565
0.00150364
0.00227441
0.00352528
0.00520821
0.00725329
0.0095552
0.0119846
0.0143926
0.0166188
0.0184993
0.0198714
0.020576
0.0204842
0.0194447
0.0173684
0.0142475
0.010282
0.00598618
0.00151102
-0.183636
-0.18491
-0.186004
-0.18692
-0.187663
-0.188242
-0.188662
-0.188933
-0.18906
-0.18905
-0.188909
-0.188642
-0.188251
-0.187742
-0.187115
-0.186373
-0.185517
-0.184548
-0.183467
-0.182272
-0.180965
-0.179546
-0.178014
-0.176369
-0.174612
-0.172745
-0.170768
-0.168685
-0.166499
-0.164214
-0.161836
-0.159372
-0.15683
-0.154221
-0.151554
-0.148842
-0.1461
-0.14334
-0.140579
-0.137831
-0.135112
-0.132438
-0.129823
-0.127281
-0.124825
-0.122467
-0.120216
-0.118081
-0.116067
-0.114179
-0.11242
-0.110788
-0.109283
-0.107901
-0.106638
-0.105486
-0.10444
-0.103491
-0.102631
-0.101854
-0.101149
-0.10051
-0.0999308
-0.0994038
-0.0989235
-0.0984845
-0.0980812
-0.0977085
-0.0973613
-0.0970349
-0.096725
-0.0964276
-0.0961395
-0.0958578
-0.09558
-0.0953042
-0.0950284
-0.0947514
-0.0944721
-0.0941897
-0.0939036
-0.0936137
-0.0933195
-0.0930208
-0.0927172
-0.0924077
-0.0920909
-0.0917647
-0.0914261
-0.0910713
-0.0906957
-0.0902943
-0.0898623
-0.0893955
-0.0888922
-0.0883537
-0.0877862
-0.0872016
-0.0866183
-0.0860617
-0.0855634
-0.0851607
-0.0848946
-0.084807
-0.0849386
-0.0853264
-0.0859919
-0.0869383
-0.0881394
-0.0895347
-0.0910272
-0.0924891
-0.0937743
-0.0947358
-0.0952418
-0.0951877
-0.0945016
-0.0931428
-0.091096
-0.088363
-0.0849559
-0.0808937
-0.0761918
-0.0708699
-0.0649522
-0.0584618
-0.0514362
-0.0439257
-0.0359971
-0.0277371
-0.0192533
-0.0106734
-0.00214408
0.00617743
0.0141276
0.021548
0.0282918
0.0342353
0.0392827
0.0433733
0.0464825
0.0486224
0.0498391
0.0502073
0.0498239
0.0488008
0.0472578
0.0453158
0.0430912
0.0406917
0.0382129
0.0357378
0.0333347
0.0310462
0.0289194
0.0269739
0.0252228
0.0236692
0.0223068
0.0211217
0.020094
0.019199
0.0184084
0.0176919
0.0170184
0.0163572
0.0156788
0.014956
0.0141633
0.013278
0.0122805
0.0111568
0.00990399
0.00853638
0.00709204
0.00563477
0.00425007
0.00303589
0.00209064
0.00150198
0.0013382
0.0016428
0.00243168
0.00369094
0.005371
0.00740389
0.00968198
0.0120766
0.0144398
0.0166123
0.0184303
0.0197316
0.0203604
0.0201808
0.0190624
0.0169418
0.0138416
0.00998982
0.00584166
0.0015365
-0.18371
-0.184993
-0.186094
-0.187016
-0.187764
-0.188346
-0.18877
-0.189043
-0.189172
-0.189164
-0.189025
-0.188758
-0.18837
-0.187862
-0.187237
-0.186497
-0.185644
-0.184678
-0.183599
-0.182408
-0.181105
-0.17969
-0.178162
-0.176523
-0.174771
-0.172909
-0.170938
-0.168861
-0.16668
-0.164401
-0.162028
-0.159569
-0.157032
-0.154426
-0.151763
-0.149054
-0.146312
-0.143553
-0.14079
-0.13804
-0.135318
-0.132638
-0.130017
-0.127468
-0.125003
-0.122636
-0.120374
-0.118228
-0.116203
-0.114303
-0.112531
-0.110887
-0.10937
-0.107977
-0.106702
-0.105541
-0.104485
-0.103528
-0.102661
-0.101877
-0.101167
-0.100524
-0.099941
-0.0994114
-0.0989293
-0.098489
-0.0980849
-0.0977117
-0.0973641
-0.0970373
-0.0967271
-0.0964295
-0.0961413
-0.0958595
-0.0955818
-0.0953061
-0.0950305
-0.0947537
-0.0944746
-0.0941924
-0.0939065
-0.0936169
-0.0933231
-0.093025
-0.0927219
-0.0924129
-0.0920965
-0.0917702
-0.091431
-0.0910749
-0.090697
-0.0902923
-0.0898558
-0.0893837
-0.0888744
-0.0883298
-0.0877567
-0.0871679
-0.0865827
-0.0860274
-0.0855349
-0.0851436
-0.0848957
-0.0848345
-0.0849962
-0.0854247
-0.0861349
-0.0871271
-0.0883703
-0.0897983
-0.0913095
-0.0927738
-0.0940455
-0.0949805
-0.0954516
-0.0953588
-0.0946338
-0.0932381
-0.0911569
-0.0883918
-0.0849542
-0.0808612
-0.0761276
-0.070772
-0.0648173
-0.0582889
-0.0512239
-0.0436732
-0.035705
-0.0274074
-0.0188893
-0.0102798
-0.00172597
0.0066144
0.0145778
0.0220055
0.0287523
0.034695
0.0397375
0.043819
0.0469149
0.0490374
0.0502328
0.050576
0.0501642
0.0491097
0.0475328
0.0455548
0.043293
0.0408554
0.0383388
0.0358228
0.0333701
0.031048
0.0288822
0.0268988
0.0251113
0.0235228
0.0221278
0.0209134
0.0198605
0.0189452
0.01814
0.0174147
0.0167382
0.0160792
0.0154076
0.0146945
0.0139133
0.0130397
0.0120532
0.0109396
0.00969677
0.00834076
0.00691158
0.00547438
0.00411505
0.00293083
0.00201875
0.00146476
0.00133541
0.00167246
0.00248975
0.00377271
0.00548072
0.00752666
0.00981097
0.0122041
0.0145577
0.0167117
0.0185013
0.0197621
0.0203361
0.0200819
0.0188757
0.0166454
0.0134808
0.00964735
0.00559768
0.00147485
-0.196616
-0.196664
-0.1967
-0.196727
-0.196743
-0.19675
-0.196752
-0.196748
-0.196739
-0.196723
-0.1967
-0.196668
-0.196628
-0.196578
-0.196519
-0.196449
-0.19637
-0.196282
-0.196183
-0.196075
-0.195957
-0.19583
-0.195694
-0.195548
-0.195393
-0.195228
-0.19505
-0.194859
-0.194652
-0.194428
-0.194184
-0.19392
-0.193637
-0.193339
-0.193035
-0.19274
-0.192471
-0.192253
-0.192116
-0.192091
-0.192212
-0.192508
-0.193006
-0.193722
-0.194658
-0.195787
-0.197043
-0.198313
-0.199427
-0.200162
-0.200262
-0.199459
-0.197499
-0.194164
-0.18928
-0.182726
-0.174428
-0.164365
-0.152583
-0.139169
-0.124282
-0.10815
-0.0910759
-0.0734371
-0.0556705
-0.0382526
-0.0216741
-0.00640516
0.00716272
0.0186138
0.0277415
0.0344266
0.0386547
0.0405187
0.0402103
0.0379884
0.0341559
0.0290354
0.0229494
0.0162035
0.00907427
0.00180274
-0.00540928
-0.0124034
-0.0190568
-0.0252665
-0.0309767
-0.0361561
-0.0407875
-0.0448687
-0.0484092
-0.0514276
-0.0539485
-0.0560002
-0.0576138
-0.0588208
-0.0596533
-0.0601429
-0.0603204
-0.0602155
-0.0598568
-0.0592717
-0.0584863
-0.0575256
-0.0564137
-0.0551739
-0.0538285
-0.0523994
-0.0509079
-0.049375
-0.0478211
-0.0462659
-0.0447283
-0.0432259
-0.0417745
-0.0403881
-0.0390778
-0.0378523
-0.0367172
-0.0356754
-0.034728
-0.0338742
-0.0331128
-0.0324425
-0.0318617
-0.031369
-0.0309623
-0.0306389
-0.030395
-0.0302254
-0.0301233
-0.0300791
-0.0300807
-0.0301132
-0.0301589
-0.0301981
-0.0302098
-0.0301728
-0.0300667
-0.0298739
-0.0295805
-0.0291767
-0.0286639
-0.0280485
-0.0273475
-0.0265877
-0.0258048
-0.0250429
-0.0243528
-0.023791
-0.0234191
-0.0233016
-0.0235033
-0.024084
-0.0250943
-0.0265749
-0.0285261
-0.030924
-0.0337021
-0.0367475
-0.0399011
-0.0431037
-0.045955
-0.0483907
-0.0502418
-0.0513863
-0.0517458
-0.0512818
-0.0499886
-0.0478867
-0.0450056
-0.0413872
-0.0370816
-0.0321417
-0.0266384
-0.0206527
-0.0142766
-0.00761605
-0.00078993
0.00607527
0.0128479
0.0193981
0.0256036
0.0313526
0.0365486
0.0411082
0.0449638
0.048059
0.0503456
0.0517792
0.0523148
0.0519034
0.0504894
0.0480109
0.0443952
0.0395773
0.0334358
0.0260503
0.0167722
0.00784647
-0.196609
-0.196652
-0.196679
-0.196701
-0.196715
-0.196722
-0.196724
-0.196721
-0.196712
-0.196696
-0.196673
-0.196641
-0.196601
-0.196551
-0.196492
-0.196423
-0.196344
-0.196256
-0.196157
-0.196049
-0.195931
-0.195804
-0.195667
-0.195521
-0.195366
-0.1952
-0.195022
-0.194831
-0.194625
-0.194403
-0.194161
-0.1939
-0.193622
-0.193329
-0.19303
-0.192738
-0.19247
-0.19225
-0.192106
-0.192067
-0.192164
-0.192428
-0.192883
-0.193544
-0.194415
-0.195473
-0.19666
-0.197872
-0.198948
-0.199674
-0.199797
-0.199045
-0.197158
-0.19391
-0.189124
-0.182675
-0.174488
-0.164531
-0.152863
-0.139565
-0.124783
-0.108744
-0.0917526
-0.0741813
-0.0564658
-0.0390823
-0.0225228
-0.00726755
0.00632056
0.0177735
0.0269147
0.0336148
0.0378593
0.0397473
0.0394703
0.0372877
0.0335019
0.0284351
0.0224089
0.0157271
0.00866471
0.00146073
-0.00568484
-0.0126093
-0.0191918
-0.0253553
-0.0310099
-0.0361405
-0.0407316
-0.0447782
-0.048289
-0.0512822
-0.053782
-0.0558164
-0.0574157
-0.0586111
-0.0594343
-0.0599166
-0.0600884
-0.0599792
-0.0596174
-0.0590301
-0.0582433
-0.0572819
-0.0561699
-0.0549305
-0.053586
-0.0521584
-0.0506692
-0.0491395
-0.0475899
-0.0460403
-0.0445097
-0.0430159
-0.0415748
-0.0402002
-0.0389031
-0.0376918
-0.0365717
-0.0355453
-0.034613
-0.0337736
-0.0330255
-0.0323671
-0.0317966
-0.0313124
-0.0309126
-0.0305945
-0.0303545
-0.0301879
-0.0300878
-0.0300454
-0.0300489
-0.0300838
-0.0301329
-0.0301766
-0.0301943
-0.0301647
-0.0300677
-0.0298851
-0.0296024
-0.0292117
-0.02871
-0.0281043
-0.0274107
-0.0266551
-0.0258729
-0.0251079
-0.0244105
-0.0238369
-0.0234478
-0.023307
-0.0234793
-0.0240238
-0.024994
-0.0264234
-0.0283273
-0.0306812
-0.0334223
-0.03645
-0.0396165
-0.0427874
-0.0456836
-0.0481616
-0.0500603
-0.0512549
-0.0516641
-0.051247
-0.049997
-0.0479362
-0.0450931
-0.0415111
-0.0372395
-0.032334
-0.0268601
-0.0209019
-0.0145506
-0.00791178
-0.00110423
0.0057448
0.012503
0.0190398
0.0252317
0.0309659
0.0361455
0.0406879
0.0445257
0.0476035
0.049874
0.051294
0.0518196
0.0514029
0.0499889
0.0475168
0.0439126
0.0391166
0.0329842
0.025666
0.0162041
0.00794753
-0.196596
-0.19664
-0.196663
-0.196682
-0.196694
-0.1967
-0.196702
-0.196699
-0.196691
-0.196676
-0.196653
-0.196622
-0.196582
-0.196532
-0.196473
-0.196405
-0.196326
-0.196237
-0.196138
-0.19603
-0.195912
-0.195784
-0.195648
-0.195501
-0.195346
-0.19518
-0.195002
-0.194813
-0.194608
-0.194388
-0.194149
-0.193891
-0.193616
-0.193325
-0.193026
-0.192732
-0.192458
-0.192226
-0.192064
-0.192
-0.192064
-0.192287
-0.192696
-0.193312
-0.194143
-0.19518
-0.196378
-0.197641
-0.198812
-0.199668
-0.199941
-0.199341
-0.197593
-0.194464
-0.189774
-0.183403
-0.17528
-0.165369
-0.153767
-0.140502
-0.12575
-0.109737
-0.09276
-0.0751913
-0.0574684
-0.0400719
-0.0234973
-0.00825326
0.00540162
0.01685
0.0260069
0.0327219
0.0369791
0.038879
0.0386145
0.036447
0.032681
0.0276399
0.0216458
0.0150026
0.00798483
0.000830641
-0.00626106
-0.0131311
-0.0196598
-0.0257576
-0.031378
-0.0364535
-0.0409938
-0.0449949
-0.0484644
-0.0514203
-0.0538866
-0.0558911
-0.0574638
-0.0586356
-0.0594379
-0.0599016
-0.0600569
-0.0599329
-0.059558
-0.0589589
-0.0581614
-0.0571904
-0.0560694
-0.0548215
-0.0534689
-0.0520334
-0.0505366
-0.0489996
-0.0474432
-0.0458877
-0.0443525
-0.0428557
-0.0414135
-0.0400399
-0.0387463
-0.0375408
-0.0364285
-0.0354115
-0.0344897
-0.0336613
-0.0329241
-0.0322758
-0.0317145
-0.0312386
-0.0308459
-0.030534
-0.0302996
-0.0301378
-0.0300425
-0.0300052
-0.0300144
-0.0300559
-0.0301128
-0.0301656
-0.0301934
-0.0301751
-0.0300898
-0.0299191
-0.029648
-0.0292672
-0.0287734
-0.0281722
-0.0274788
-0.0267185
-0.0259263
-0.025146
-0.0244282
-0.0238289
-0.0234088
-0.023232
-0.0233647
-0.023865
-0.0247944
-0.0261887
-0.0280671
-0.0304124
-0.0331656
-0.0362327
-0.0394621
-0.0426879
-0.0456691
-0.0482263
-0.0501932
-0.0514425
-0.0518926
-0.0515043
-0.0502724
-0.0482289
-0.0454004
-0.0418341
-0.0375723
-0.0326775
-0.0272106
-0.0212584
-0.0149095
-0.00826956
-0.00145864
0.00539528
0.0121584
0.0186986
0.0248912
0.0306228
0.0357956
0.0403276
0.0441526
0.0472167
0.0494748
0.0508855
0.0514066
0.0509918
0.0495874
0.0471335
0.043555
0.0387975
0.0326915
0.0254588
0.015828
0.00845789
-0.196579
-0.196631
-0.196651
-0.196668
-0.196678
-0.196684
-0.196686
-0.196684
-0.196676
-0.196661
-0.196639
-0.196608
-0.196568
-0.196519
-0.196461
-0.196392
-0.196313
-0.196225
-0.196126
-0.196017
-0.195899
-0.195771
-0.195634
-0.195487
-0.195332
-0.195166
-0.19499
-0.194802
-0.1946
-0.194383
-0.194148
-0.193893
-0.19362
-0.19333
-0.193028
-0.192725
-0.192435
-0.19218
-0.191985
-0.191879
-0.191894
-0.192062
-0.192419
-0.192996
-0.19382
-0.194899
-0.196203
-0.197642
-0.199042
-0.200154
-0.200672
-0.200279
-0.198683
-0.195653
-0.191021
-0.184678
-0.176568
-0.166713
-0.155089
-0.14184
-0.127106
-0.111105
-0.0941329
-0.0765622
-0.0588334
-0.0414328
-0.0248491
-0.00957885
0.00401891
0.0154752
0.0246111
0.031298
0.0355264
0.0374009
0.0371187
0.0349449
0.0311866
0.0261686
0.020213
0.0136228
0.00667069
-0.000407708
-0.0074166
-0.0142001
-0.02064
-0.0266505
-0.0321749
-0.0371809
-0.0416446
-0.0455742
-0.0489791
-0.0518765
-0.0542905
-0.0562485
-0.0577799
-0.0589151
-0.0596848
-0.0601196
-0.060249
-0.060102
-0.0597062
-0.0590884
-0.0582739
-0.0572871
-0.0561513
-0.054889
-0.0535218
-0.0520712
-0.0505584
-0.0490042
-0.0474296
-0.0458551
-0.0443006
-0.0427851
-0.0413256
-0.0399371
-0.0386315
-0.0374176
-0.0363007
-0.0352828
-0.0343632
-0.0335394
-0.0328085
-0.0321675
-0.0316139
-0.0311456
-0.0307604
-0.0304558
-0.0302283
-0.0300736
-0.0299856
-0.0299564
-0.0299748
-0.0300269
-0.0300957
-0.0301617
-0.0302038
-0.0302001
-0.0301296
-0.029973
-0.0297144
-0.0293436
-0.0288562
-0.0282564
-0.0275583
-0.0267862
-0.025975
-0.0251684
-0.0244174
-0.0237785
-0.0233131
-0.0230863
-0.0231643
-0.0236184
-0.0245059
-0.0258744
-0.0277505
-0.0301244
-0.0329408
-0.0361032
-0.0394538
-0.0427988
-0.0459028
-0.0485635
-0.050607
-0.0519052
-0.052381
-0.052001
-0.0507626
-0.0487213
-0.0458959
-0.0423233
-0.0380622
-0.0331689
-0.0276968
-0.0217413
-0.0153842
-0.00873147
-0.00190614
0.00496321
0.0117396
0.0182885
0.0244833
0.0302097
0.0353697
0.0398827
0.0436843
0.0467232
0.048957
0.0503473
0.0508544
0.0504344
0.0490352
0.0465987
0.0430495
0.0383389
0.0322753
0.0251508
0.0154217
0.00892832
-0.196562
-0.196625
-0.196643
-0.196658
-0.196667
-0.196673
-0.196675
-0.196674
-0.196666
-0.196652
-0.196631
-0.1966
-0.196561
-0.196512
-0.196454
-0.196386
-0.196307
-0.196218
-0.196119
-0.19601
-0.195891
-0.195763
-0.195625
-0.195479
-0.195323
-0.195159
-0.194984
-0.194799
-0.194601
-0.194388
-0.194158
-0.193908
-0.193637
-0.193346
-0.193037
-0.192719
-0.192404
-0.192111
-0.191865
-0.191695
-0.191637
-0.191732
-0.192029
-0.192581
-0.193438
-0.194633
-0.196142
-0.197861
-0.199583
-0.201007
-0.201785
-0.201576
-0.200086
-0.1971
-0.192474
-0.186123
-0.178012
-0.168143
-0.156551
-0.143333
-0.128631
-0.112664
-0.0957269
-0.078192
-0.0605022
-0.0431436
-0.0266147
-0.0114032
0.00208953
0.0134625
0.0225017
0.0290913
0.0332307
0.0350317
0.0346978
0.0324986
0.0287434
0.0237576
0.017862
0.0113565
0.00450983
-0.00244727
-0.00932403
-0.0159693
-0.022269
-0.0281415
-0.0335332
-0.0384128
-0.0427619
-0.0465853
-0.0498936
-0.0527047
-0.0550424
-0.0569335
-0.0584064
-0.0594908
-0.0602163
-0.0606126
-0.0607087
-0.0605327
-0.0601119
-0.0594724
-0.0586393
-0.057636
-0.0564854
-0.0552088
-0.0538271
-0.0523603
-0.0508285
-0.0492517
-0.0476503
-0.0460446
-0.044455
-0.0429015
-0.0414025
-0.0399747
-0.038632
-0.0373848
-0.0362396
-0.0351994
-0.0342637
-0.0334298
-0.0326939
-0.032052
-0.0315007
-0.0310369
-0.0306579
-0.0303604
-0.0301409
-0.0299949
-0.0299165
-0.0298979
-0.0299285
-0.0299944
-0.0300785
-0.0301612
-0.0302209
-0.0302352
-0.0301822
-0.030042
-0.029798
-0.0294383
-0.0289574
-0.0283579
-0.0276523
-0.0268636
-0.026026
-0.0251832
-0.0243869
-0.0236949
-0.0231702
-0.0228806
-0.0228972
-0.0232951
-0.0241424
-0.0254973
-0.0273959
-0.0298352
-0.0327605
-0.0360671
-0.0395814
-0.0430825
-0.0463263
-0.0490937
-0.0512056
-0.052538
-0.0530222
-0.052635
-0.0513714
-0.0493365
-0.0464965
-0.0429212
-0.0386606
-0.0337713
-0.028289
-0.0223321
-0.0159648
-0.0092986
-0.00245746
0.00442644
0.0112132
0.0177654
0.0239543
0.0296647
0.0347991
0.0392785
0.0430413
0.0460395
0.0482344
0.0495909
0.0500729
0.0496388
0.0482389
0.0458176
0.0423001
0.0376441
0.0316423
0.0246504
0.0149226
0.0091756
-0.196547
-0.196625
-0.196642
-0.196656
-0.196664
-0.19667
-0.196673
-0.196672
-0.196665
-0.196652
-0.196631
-0.196601
-0.196562
-0.196514
-0.196456
-0.196387
-0.196308
-0.196219
-0.196119
-0.19601
-0.19589
-0.195761
-0.195623
-0.195477
-0.195322
-0.195158
-0.194987
-0.194805
-0.194612
-0.194406
-0.194183
-0.193939
-0.193671
-0.193377
-0.193058
-0.192718
-0.192366
-0.192019
-0.1917
-0.191443
-0.19129
-0.191297
-0.191534
-0.192082
-0.19302
-0.194395
-0.196179
-0.198232
-0.200294
-0.202011
-0.203
-0.202912
-0.20147
-0.198485
-0.193841
-0.187476
-0.179367
-0.169519
-0.157968
-0.144801
-0.130162
-0.114265
-0.0974092
-0.0799652
-0.0623807
-0.0451452
-0.028761
-0.0137127
-0.000415656
0.0107642
0.019607
0.0260085
0.0299809
0.0316466
0.0312168
0.0289662
0.0252065
0.0202621
0.0144503
0.00806557
0.00136988
-0.00541338
-0.012101
-0.0185489
-0.0246492
-0.0303256
-0.0355286
-0.0402296
-0.0444152
-0.0480901
-0.0512638
-0.0539556
-0.0561888
-0.0579891
-0.0593839
-0.0604014
-0.0610701
-0.0614184
-0.0614744
-0.0612653
-0.0608178
-0.0601573
-0.0593083
-0.0582937
-0.0571351
-0.0558526
-0.0544652
-0.052991
-0.0514477
-0.0498531
-0.0482255
-0.0465842
-0.0449492
-0.0433409
-0.0417795
-0.0402839
-0.0388712
-0.0375549
-0.0363448
-0.0352465
-0.0342615
-0.0333882
-0.0326227
-0.0319606
-0.0313971
-0.0309277
-0.0305483
-0.0302544
-0.0300413
-0.029904
-0.0298362
-0.02983
-0.0298748
-0.0299569
-0.030059
-0.0301612
-0.0302412
-0.0302761
-0.0302432
-0.0301218
-0.0298942
-0.0295472
-0.0290738
-0.0284746
-0.0277599
-0.026951
-0.0260807
-0.0251927
-0.0243398
-0.0235818
-0.0229848
-0.0226209
-0.0225677
-0.0229076
-0.0237207
-0.0250773
-0.0270231
-0.0295603
-0.0326304
-0.0361096
-0.0398086
-0.0434757
-0.046855
-0.049716
-0.0518797
-0.05323
-0.0537104
-0.0533135
-0.0520823
-0.0499887
-0.0471417
-0.0435694
-0.0393144
-0.034427
-0.0289562
-0.0229935
-0.0166187
-0.00994158
-0.00308823
0.00380497
0.0105949
0.017141
0.0233124
0.0289933
0.0340871
0.0385172
0.0422254
0.0451676
0.0473095
0.0486198
0.0490658
0.0486093
0.0472029
0.044794
0.0413096
0.0367144
0.0307944
0.0239542
0.014334
0.00916979
-0.19654
-0.196633
-0.19665
-0.196664
-0.196672
-0.196678
-0.196681
-0.196681
-0.196675
-0.196662
-0.196642
-0.196612
-0.196574
-0.196525
-0.196467
-0.196398
-0.196319
-0.196229
-0.196129
-0.196018
-0.195898
-0.195768
-0.195629
-0.195482
-0.195328
-0.195167
-0.194998
-0.194822
-0.194636
-0.194438
-0.194223
-0.193987
-0.193723
-0.193427
-0.193094
-0.192725
-0.192325
-0.191909
-0.1915
-0.191136
-0.190873
-0.190785
-0.19097
-0.191538
-0.192592
-0.194181
-0.196256
-0.19863
-0.200988
-0.202931
-0.204061
-0.204038
-0.202609
-0.199613
-0.194958
-0.1886
-0.180518
-0.170716
-0.15923
-0.146146
-0.131602
-0.115819
-0.0990959
-0.0818104
-0.064414
-0.0474001
-0.0312725
-0.0165114
-0.00353159
0.00732706
0.0158537
0.0219601
0.0256754
0.0271353
0.0265609
0.0242322
0.0204621
0.015572
0.00987318
0.00365181
-0.00284015
-0.00938973
-0.015824
-0.0220084
-0.0278434
-0.0332596
-0.0382128
-0.0426784
-0.0466467
-0.0501258
-0.053123
-0.0556584
-0.0577551
-0.0594376
-0.0607315
-0.0616636
-0.0622608
-0.06255
-0.062558
-0.0623111
-0.0618353
-0.0611556
-0.0602958
-0.0592782
-0.0581233
-0.0568496
-0.0554737
-0.0540106
-0.0524746
-0.0508795
-0.0492402
-0.0475727
-0.0458949
-0.0442267
-0.0425887
-0.0410025
-0.0394883
-0.0380644
-0.0367456
-0.0355425
-0.0344612
-0.0335035
-0.0326679
-0.0319505
-0.0313462
-0.0308491
-0.0304531
-0.0301517
-0.0299383
-0.0298059
-0.0297472
-0.0297532
-0.029813
-0.0299126
-0.0300344
-0.0301579
-0.0302605
-0.0303183
-0.0303078
-0.0302073
-0.0299982
-0.0296658
-0.0292014
-0.0286034
-0.0278792
-0.0270478
-0.02614
-0.0251992
-0.0242796
-0.0234441
-0.0227637
-0.0223163
-0.0221877
-0.0224703
-0.0232569
-0.0246295
-0.0266421
-0.0292981
-0.0325302
-0.0361922
-0.0400692
-0.0438919
-0.0473886
-0.0503242
-0.0525244
-0.0538834
-0.0543574
-0.0539511
-0.0526993
-0.0506188
-0.0477803
-0.0442211
-0.0399811
-0.0351061
-0.0296483
-0.0236874
-0.0173102
-0.0106274
-0.00376867
0.00312523
0.00990747
0.0164342
0.0225728
0.0282074
0.033243
0.0376062
0.0412428
0.0441137
0.0461888
0.0474413
0.0478421
0.0473559
0.0459382
0.0435394
0.0400898
0.0355614
0.0297437
0.0230706
0.013664
0.00891924
-0.196545
-0.196655
-0.196671
-0.196685
-0.196693
-0.196699
-0.196703
-0.196703
-0.196698
-0.196685
-0.196665
-0.196635
-0.196597
-0.196548
-0.196489
-0.19642
-0.19634
-0.196249
-0.196148
-0.196036
-0.195914
-0.195783
-0.195644
-0.195497
-0.195343
-0.195184
-0.195019
-0.194849
-0.194671
-0.194483
-0.194279
-0.194052
-0.193793
-0.193494
-0.193146
-0.192744
-0.19229
-0.191795
-0.191286
-0.190807
-0.190428
-0.190248
-0.190392
-0.190996
-0.192176
-0.193974
-0.196306
-0.198938
-0.201514
-0.203607
-0.204817
-0.204824
-0.203399
-0.200404
-0.195763
-0.189438
-0.181408
-0.171675
-0.160277
-0.147298
-0.132884
-0.117259
-0.100729
-0.083681
-0.0665708
-0.0498947
-0.0341547
-0.0198222
-0.00730053
0.00309619
0.011177
0.0168754
0.0202411
0.0214262
0.0206626
0.0182351
0.0144558
0.00964087
0.00409212
-0.00191616
-0.00814528
-0.0143959
-0.0205082
-0.0263596
-0.0318607
-0.0369506
-0.0415918
-0.045765
-0.0494658
-0.0526971
-0.0554755
-0.0578178
-0.0597457
-0.0612826
-0.0624523
-0.0632796
-0.0637895
-0.0640072
-0.063958
-0.0636675
-0.0631608
-0.0624626
-0.0615967
-0.0605848
-0.0594466
-0.058199
-0.0568558
-0.0554285
-0.0539265
-0.0523586
-0.0507338
-0.0490632
-0.0473604
-0.0456424
-0.0439291
-0.0422427
-0.0406068
-0.0390442
-0.0375761
-0.0362199
-0.0349887
-0.0338908
-0.0329301
-0.0321062
-0.0314158
-0.0308529
-0.03041
-0.0300782
-0.0298482
-0.0297102
-0.029654
-0.0296688
-0.0297421
-0.0298588
-0.0300008
-0.0301468
-0.0302735
-0.030356
-0.03037
-0.0302925
-0.0301039
-0.0297884
-0.0293348
-0.0287395
-0.0280069
-0.0271525
-0.0262047
-0.025206
-0.024212
-0.0232897
-0.0225167
-0.0219789
-0.0217719
-0.0219993
-0.0227659
-0.0241641
-0.0262531
-0.0290329
-0.0324238
-0.0362572
-0.0402935
-0.0442475
-0.0478386
-0.0508316
-0.053059
-0.0544262
-0.0548996
-0.0544948
-0.0532455
-0.0511865
-0.0483713
-0.0448381
-0.040624
-0.0357707
-0.0303309
-0.0243791
-0.0180061
-0.0113256
-0.00447126
0.00241116
0.00917078
0.0156609
0.0217474
0.0273156
0.0322731
0.0365504
0.0400986
0.0428837
0.0448805
0.0460666
0.046416
0.0458963
0.0444654
0.042077
0.038666
0.0342115
0.0285171
0.0220245
0.0129345
0.00844598
-0.196568
-0.196695
-0.196709
-0.196722
-0.196731
-0.196737
-0.196741
-0.196741
-0.196735
-0.196722
-0.196701
-0.196671
-0.196632
-0.196582
-0.196523
-0.196452
-0.196371
-0.196279
-0.196176
-0.196063
-0.195939
-0.195807
-0.195666
-0.195518
-0.195365
-0.195208
-0.195048
-0.194884
-0.194716
-0.194539
-0.194347
-0.194131
-0.19388
-0.193579
-0.193217
-0.192782
-0.192272
-0.191698
-0.191088
-0.190496
-0.190009
-0.189748
-0.189861
-0.190505
-0.191796
-0.193761
-0.196281
-0.199086
-0.201793
-0.203965
-0.205213
-0.205237
-0.203823
-0.200849
-0.196242
-0.189964
-0.181998
-0.172348
-0.161053
-0.148204
-0.133953
-0.118535
-0.102267
-0.0855469
-0.0688349
-0.0526277
-0.0374204
-0.0236691
-0.0117562
-0.00196565
0.0055401
0.0107218
0.0136534
0.0145049
0.0135189
0.0109836
0.00720792
0.00249898
-0.00285431
-0.00859323
-0.0144959
-0.0203796
-0.0261004
-0.0315496
-0.0366498
-0.04135
-0.04562
-0.0494462
-0.0528271
-0.0557698
-0.0582902
-0.0604052
-0.0621351
-0.0635013
-0.0645256
-0.0652303
-0.0656383
-0.0657728
-0.0656576
-0.0653172
-0.0647764
-0.06406
-0.0631917
-0.0621936
-0.0610847
-0.0598807
-0.0585927
-0.0572281
-0.0557909
-0.0542831
-0.0527069
-0.051066
-0.0493677
-0.0476239
-0.0458515
-0.0440717
-0.0423097
-0.0405923
-0.0389464
-0.0373971
-0.0359662
-0.0346711
-0.0335238
-0.0325311
-0.0316947
-0.0310117
-0.030475
-0.0300747
-0.0297986
-0.0296334
-0.0295651
-0.0295793
-0.0296606
-0.0297915
-0.0299525
-0.030121
-0.0302725
-0.0303812
-0.0304214
-0.0303691
-0.0302032
-0.0299065
-0.0294663
-0.0288759
-0.028137
-0.0272613
-0.026274
-0.0252159
-0.0241437
-0.0231292
-0.0222575
-0.0216249
-0.0213378
-0.0215115
-0.0222616
-0.023688
-0.0258514
-0.0287452
-0.0322748
-0.0362525
-0.0404177
-0.044474
-0.0481369
-0.051174
-0.053426
-0.0548077
-0.0552965
-0.0549077
-0.0536824
-0.0516587
-0.0488819
-0.0453877
-0.0412094
-0.0363863
-0.0309702
-0.0250346
-0.0186737
-0.0120055
-0.00516854
0.00168624
0.00840397
0.0148356
0.0208471
0.0263258
0.0311832
0.0353555
0.0387995
0.0414869
0.0433976
0.0445129
0.0448097
0.0442575
0.0428162
0.0404423
0.0370766
0.0327047
0.0271545
0.0208533
0.0121752
0.007777
-0.196616
-0.196757
-0.196768
-0.19678
-0.196788
-0.196793
-0.196796
-0.196795
-0.196788
-0.196773
-0.196751
-0.196719
-0.196679
-0.196628
-0.196567
-0.196495
-0.196412
-0.196318
-0.196213
-0.196097
-0.195972
-0.195837
-0.195695
-0.195546
-0.195394
-0.195239
-0.195083
-0.194926
-0.194767
-0.194601
-0.194423
-0.19422
-0.193978
-0.193678
-0.193305
-0.192841
-0.192281
-0.191635
-0.190935
-0.190244
-0.189665
-0.189337
-0.189428
-0.190102
-0.19147
-0.19354
-0.196166
-0.199053
-0.201816
-0.20401
-0.205268
-0.205297
-0.203896
-0.200946
-0.196378
-0.190155
-0.182258
-0.172696
-0.161514
-0.148814
-0.134761
-0.119606
-0.103678
-0.0873872
-0.0711975
-0.0556013
-0.0410796
-0.0280655
-0.016911
-0.00786357
-0.00105042
0.00352113
0.00595138
0.00642867
0.00520481
0.00256894
-0.00117695
-0.00573829
-0.0108431
-0.016252
-0.021763
-0.027213
-0.0324758
-0.0374587
-0.0420973
-0.0463511
-0.0501982
-0.0536306
-0.0566504
-0.0592674
-0.0614974
-0.0633572
-0.0648652
-0.0660406
-0.0669025
-0.0674707
-0.0677652
-0.0678072
-0.0676188
-0.0672237
-0.0666462
-0.0659116
-0.0650445
-0.0640676
-0.0630002
-0.0618568
-0.0606464
-0.0593721
-0.0580317
-0.0566198
-0.0551298
-0.0535569
-0.0518998
-0.0501635
-0.0483597
-0.0465068
-0.0446295
-0.0427571
-0.0409212
-0.0391541
-0.0374864
-0.0359454
-0.0345536
-0.033328
-0.0322788
-0.0314098
-0.0307181
-0.0301952
-0.029828
-0.0296002
-0.0294937
-0.0294891
-0.0295664
-0.0297045
-0.0298805
-0.0300698
-0.030246
-0.0303817
-0.0304498
-0.0304248
-0.030284
-0.0300086
-0.0295841
-0.0290017
-0.0282597
-0.0273665
-0.0263436
-0.0252294
-0.0240807
-0.0229737
-0.0220022
-0.0212733
-0.0209056
-0.0210261
-0.0217589
-0.0232084
-0.0254336
-0.0284191
-0.0320561
-0.0361407
-0.0403986
-0.0445266
-0.0482404
-0.0513125
-0.0535906
-0.0549971
-0.0555153
-0.0551634
-0.0539815
-0.0520085
-0.0492835
-0.0458387
-0.0417042
-0.0369175
-0.0315306
-0.0256181
-0.0192784
-0.0126352
-0.00583241
0.000973913
0.00762548
0.0139723
0.0198817
0.0252451
0.0299798
0.0340286
0.0373551
0.039937
0.041759
0.0428052
0.0430544
0.0424767
0.0410334
0.0386828
0.0353723
0.0310932
0.0257069
0.0196046
0.0114197
0.00694578
-0.196698
-0.196849
-0.196853
-0.196861
-0.196865
-0.196868
-0.196868
-0.196864
-0.196854
-0.196837
-0.196812
-0.196778
-0.196735
-0.196682
-0.196619
-0.196545
-0.19646
-0.196363
-0.196256
-0.196138
-0.19601
-0.195873
-0.195728
-0.195579
-0.195426
-0.195272
-0.19512
-0.194969
-0.194819
-0.194666
-0.194501
-0.194311
-0.194079
-0.193784
-0.193404
-0.192919
-0.192321
-0.191619
-0.190847
-0.19008
-0.189431
-0.189054
-0.189126
-0.189812
-0.191213
-0.193322
-0.195973
-0.198866
-0.201609
-0.203777
-0.205011
-0.205028
-0.203629
-0.200697
-0.196162
-0.189984
-0.182148
-0.17267
-0.161607
-0.149076
-0.135261
-0.120431
-0.104933
-0.0891838
-0.0736499
-0.0588118
-0.0451284
-0.0330007
-0.0227416
-0.0145559
-0.00853058
-0.00463804
-0.00275123
-0.00266488
-0.0041205
-0.0068318
-0.0105076
-0.0148702
-0.0196684
-0.0246854
-0.029742
-0.034697
-0.0394434
-0.0439054
-0.0480325
-0.051795
-0.055179
-0.0581823
-0.0608104
-0.0630753
-0.0649923
-0.0665776
-0.0678477
-0.068819
-0.0695077
-0.0699304
-0.0701044
-0.0700481
-0.0697822
-0.0693292
-0.0687137
-0.0679618
-0.0670994
-0.0661509
-0.0651364
-0.0640703
-0.0629596
-0.061803
-0.060592
-0.0593126
-0.0579486
-0.0564846
-0.0549095
-0.0532194
-0.0514189
-0.0495222
-0.0475519
-0.0455377
-0.0435149
-0.0415212
-0.0395954
-0.0377747
-0.0360925
-0.0345774
-0.0332509
-0.032127
-0.0312108
-0.0304993
-0.0299817
-0.0296411
-0.0294561
-0.0294027
-0.0294552
-0.0295867
-0.0297698
-0.0299758
-0.0301752
-0.0303383
-0.0304359
-0.0304407
-0.0303279
-0.0300769
-0.0296714
-0.0291004
-0.0283598
-0.0274545
-0.0264031
-0.0252414
-0.0240243
-0.0228319
-0.0217657
-0.0209439
-0.0204973
-0.0205637
-0.0212744
-0.0227355
-0.0250016
-0.028048
-0.0317537
-0.0359034
-0.0402153
-0.0443845
-0.04813
-0.0512295
-0.0535369
-0.0549792
-0.0555418
-0.0552434
-0.054121
-0.0522112
-0.0495479
-0.0461592
-0.0420732
-0.0373267
-0.0319734
-0.0260911
-0.0197841
-0.013182
-0.00643494
0.000296624
0.00685233
0.013083
0.0188601
0.0240808
0.0286704
0.0325797
0.0357796
0.0382538
0.0399908
0.0409768
0.0411904
0.0406013
0.0391702
0.0368566
0.0336143
0.0294391
0.0242332
0.0183327
0.0107016
0.00599374
-0.196826
-0.196978
-0.196968
-0.196967
-0.196964
-0.196961
-0.196955
-0.196946
-0.196931
-0.19691
-0.196882
-0.196844
-0.196798
-0.196742
-0.196676
-0.196599
-0.196511
-0.196412
-0.196302
-0.196181
-0.19605
-0.19591
-0.195764
-0.195612
-0.195459
-0.195306
-0.195157
-0.195012
-0.194869
-0.194726
-0.194573
-0.194396
-0.194175
-0.193887
-0.193505
-0.193009
-0.192387
-0.191647
-0.19083
-0.190014
-0.189321
-0.188911
-0.188964
-0.189642
-0.191036
-0.193121
-0.195729
-0.198556
-0.201219
-0.203315
-0.204486
-0.204457
-0.203034
-0.200094
-0.195565
-0.189407
-0.181612
-0.172208
-0.161268
-0.14893
-0.135402
-0.120971
-0.106002
-0.0909175
-0.0761768
-0.0622415
-0.049539
-0.0384293
-0.029179
-0.0219454
-0.016772
-0.0135959
-0.0122646
-0.0125589
-0.0142176
-0.0169616
-0.020515
-0.0246211
-0.029053
-0.0336194
-0.0381662
-0.042575
-0.0467592
-0.0506599
-0.0542406
-0.0574821
-0.0603781
-0.0629316
-0.0651511
-0.06705
-0.0686431
-0.0699454
-0.070971
-0.0717332
-0.072245
-0.0725194
-0.0725707
-0.0724147
-0.0720699
-0.0715583
-0.0709048
-0.0701369
-0.0692828
-0.0683691
-0.0674182
-0.0664449
-0.0654548
-0.0644427
-0.0633933
-0.0622834
-0.0610859
-0.0597733
-0.0583232
-0.0567212
-0.0549636
-0.0530583
-0.0510246
-0.0488916
-0.0466963
-0.0444811
-0.0422913
-0.0401727
-0.0381695
-0.0363217
-0.0346636
-0.0332212
-0.0320112
-0.0310398
-0.0303028
-0.0297865
-0.0294692
-0.0293236
-0.0293187
-0.0294211
-0.0295968
-0.0298114
-0.0300305
-0.0302208
-0.0303498
-0.0303874
-0.0303066
-0.0300845
-0.0297026
-0.0291481
-0.0284147
-0.0275053
-0.0264343
-0.0252378
-0.0239672
-0.0227043
-0.0215568
-0.0206522
-0.0201326
-0.0201452
-0.0208271
-0.0222841
-0.024565
-0.0276368
-0.0313691
-0.0355406
-0.0398675
-0.0440477
-0.0478055
-0.0509242
-0.0532621
-0.0547484
-0.0553667
-0.0551339
-0.0540817
-0.0522426
-0.0496453
-0.0463148
-0.0422781
-0.0375731
-0.0322572
-0.0264137
-0.0201537
-0.0136139
-0.00694991
-0.000325474
0.00609915
0.0121784
0.0177902
0.0228407
0.0272647
0.0310222
0.0340919
0.0364628
0.0381261
0.0390681
0.0392658
0.0386859
0.0372872
0.0350285
0.0318696
0.0278095
0.0227956
0.0170945
0.0100509
0.00497009
-0.197017
-0.197148
-0.197115
-0.197097
-0.197081
-0.197067
-0.197053
-0.197036
-0.197015
-0.196988
-0.196954
-0.196913
-0.196863
-0.196803
-0.196734
-0.196654
-0.196563
-0.196461
-0.196348
-0.196224
-0.19609
-0.195947
-0.195798
-0.195645
-0.195491
-0.195338
-0.195191
-0.195049
-0.194913
-0.194778
-0.194634
-0.194467
-0.194256
-0.193974
-0.193596
-0.193096
-0.192463
-0.191707
-0.190868
-0.190029
-0.189316
-0.188889
-0.188927
-0.189582
-0.190933
-0.192948
-0.195454
-0.198156
-0.200684
-0.202649
-0.203705
-0.203583
-0.202088
-0.199094
-0.194528
-0.188353
-0.180574
-0.171232
-0.160425
-0.148314
-0.135133
-0.121189
-0.106859
-0.0925649
-0.0787516
-0.0658519
-0.0542528
-0.0442657
-0.0361051
-0.029878
-0.0255842
-0.0231269
-0.0223315
-0.0229692
-0.024781
-0.0275
-0.0308703
-0.0346598
-0.0386689
-0.042734
-0.0467271
-0.0505531
-0.0541458
-0.0574628
-0.0604805
-0.0631894
-0.06559
-0.0676897
-0.0694993
-0.0710325
-0.0723035
-0.0733256
-0.0741102
-0.0746672
-0.0750058
-0.0751357
-0.0750675
-0.0748143
-0.0743928
-0.073824
-0.0731338
-0.0723515
-0.0715085
-0.0706349
-0.0697561
-0.0688889
-0.0680381
-0.0671951
-0.0663377
-0.0654331
-0.0644419
-0.0633237
-0.0620427
-0.0605728
-0.0589003
-0.0570259
-0.0549641
-0.0527423
-0.050398
-0.0479769
-0.0455295
-0.0431092
-0.0407693
-0.0385609
-0.0365306
-0.0347175
-0.0331515
-0.0318512
-0.0308228
-0.03006
-0.0295453
-0.0292512
-0.0291433
-0.0291825
-0.0293276
-0.0295366
-0.0297685
-0.029984
-0.0301461
-0.0302207
-0.0301777
-0.0299911
-0.02964
-0.0291096
-0.0283919
-0.0274881
-0.0264129
-0.0251946
-0.02389
-0.022579
-0.0213724
-0.0204035
-0.0198235
-0.0197869
-0.0204349
-0.0218718
-0.0241409
-0.0272018
-0.0309189
-0.0350694
-0.0393729
-0.0435334
-0.0472827
-0.0504093
-0.0527741
-0.0543074
-0.0549866
-0.054824
-0.0538451
-0.0520766
-0.0495431
-0.0462672
-0.0422768
-0.0376129
-0.0323389
-0.0265455
-0.0203517
-0.0139013
-0.00735446
-0.000875812
0.00537747
0.0112667
0.0166796
0.0215336
0.025775
0.0293737
0.0323159
0.034595
0.0362032
0.0371249
0.0373328
0.0367889
0.0354475
0.033265
0.0302059
0.026271
0.0214542
0.0159449
0.00949177
0.00393185
-0.197293
-0.197367
-0.197293
-0.197247
-0.19721
-0.197181
-0.197154
-0.197128
-0.197098
-0.197064
-0.197024
-0.196978
-0.196923
-0.19686
-0.196787
-0.196704
-0.19661
-0.196505
-0.196389
-0.196262
-0.196125
-0.19598
-0.195829
-0.195674
-0.195518
-0.195365
-0.195219
-0.195079
-0.194947
-0.194817
-0.194679
-0.194519
-0.194314
-0.194038
-0.193663
-0.193164
-0.192532
-0.191775
-0.190935
-0.190095
-0.189381
-0.188952
-0.188976
-0.189594
-0.190875
-0.192778
-0.195133
-0.197653
-0.199984
-0.201756
-0.202634
-0.202354
-0.200724
-0.197616
-0.192959
-0.186728
-0.178938
-0.169656
-0.159003
-0.147169
-0.13441
-0.121053
-0.107477
-0.0940978
-0.0813345
-0.0695825
-0.0591804
-0.0503852
-0.0433565
-0.0381506
-0.0347253
-0.0329536
-0.0326439
-0.0335635
-0.0354611
-0.0380873
-0.04121
-0.0446255
-0.0481635
-0.0516891
-0.0551006
-0.0583257
-0.0613175
-0.0640485
-0.0665069
-0.0686912
-0.0706077
-0.0722668
-0.0736807
-0.0748631
-0.0758267
-0.0765827
-0.0771395
-0.0775033
-0.0776799
-0.077675
-0.0774956
-0.0771518
-0.0766584
-0.0760359
-0.0753111
-0.0745159
-0.0736856
-0.0728551
-0.0720542
-0.0713027
-0.0706061
-0.0699528
-0.0693142
-0.0686472
-0.0678995
-0.0670165
-0.0659479
-0.0646543
-0.0631109
-0.0613096
-0.0592594
-0.0569844
-0.0545219
-0.0519193
-0.0492313
-0.0465173
-0.0438386
-0.0412561
-0.0388276
-0.0366052
-0.0346325
-0.0329422
-0.0315537
-0.030472
-0.0296879
-0.0291785
-0.0289096
-0.0288388
-0.0289184
-0.0290987
-0.0293302
-0.0295658
-0.0297617
-0.0298782
-0.0298805
-0.0297388
-0.0294292
-0.0289344
-0.0282448
-0.0273604
-0.0262946
-0.0250766
-0.0237609
-0.022429
-0.0211928
-0.0201864
-0.0195671
-0.0194934
-0.020108
-0.0215132
-0.0237475
-0.0267653
-0.030429
-0.034519
-0.038762
-0.0428718
-0.0465892
-0.0497078
-0.0520912
-0.0536643
-0.0543997
-0.0543021
-0.0533896
-0.0516833
-0.0492039
-0.0459738
-0.0420234
-0.0374
-0.0321748
-0.0264474
-0.0203456
-0.0140192
-0.0076306
-0.00134228
0.00469541
0.0103545
0.0155355
0.0201698
0.0242163
0.0276551
0.0304792
0.0326847
0.034263
0.035194
0.0354441
0.0349674
0.0337116
0.0316286
0.0286856
0.0248839
0.020262
0.0149323
0.00903988
0.00294448
-0.197689
-0.197635
-0.197496
-0.197406
-0.197341
-0.197291
-0.197249
-0.19721
-0.197171
-0.197129
-0.197083
-0.197031
-0.196972
-0.196905
-0.196829
-0.196743
-0.196646
-0.196539
-0.19642
-0.196291
-0.196153
-0.196006
-0.195852
-0.195696
-0.195539
-0.195386
-0.195239
-0.1951
-0.194969
-0.19484
-0.194705
-0.194546
-0.194342
-0.194067
-0.193694
-0.193197
-0.192568
-0.191816
-0.190985
-0.190158
-0.189456
-0.189029
-0.189036
-0.189604
-0.190789
-0.192542
-0.194695
-0.196976
-0.199047
-0.200555
-0.201183
-0.200671
-0.198833
-0.195546
-0.190747
-0.184423
-0.17661
-0.1674
-0.156942
-0.145451
-0.133206
-0.120543
-0.107837
-0.0954853
-0.0838745
-0.0733533
-0.0642061
-0.0566322
-0.0507359
-0.046525
-0.0439193
-0.0427674
-0.0428671
-0.0439878
-0.0458921
-0.0483529
-0.0511662
-0.0541586
-0.0571905
-0.0601554
-0.0629768
-0.0656039
-0.0680067
-0.070171
-0.0720941
-0.0737814
-0.0752428
-0.0764909
-0.0775383
-0.0783973
-0.0790796
-0.0795937
-0.0799444
-0.0801347
-0.0801664
-0.0800416
-0.0797634
-0.079339
-0.078781
-0.0781096
-0.0773526
-0.0765453
-0.0757277
-0.0749405
-0.0742193
-0.0735886
-0.0730555
-0.0726068
-0.0722077
-0.0718049
-0.0713326
-0.0707211
-0.0699045
-0.068829
-0.0674576
-0.0657725
-0.0637759
-0.0614878
-0.0589439
-0.0561921
-0.0532899
-0.0503011
-0.0472937
-0.0443367
-0.0414982
-0.038842
-0.0364253
-0.0342951
-0.0324858
-0.0310164
-0.0298898
-0.0290921
-0.028594
-0.0283537
-0.0283199
-0.0284362
-0.0286446
-0.0288886
-0.0291155
-0.0292779
-0.0293342
-0.0292496
-0.0289961
-0.0285533
-0.0279094
-0.0270635
-0.0260285
-0.0248344
-0.0235364
-0.0222169
-0.0209813
-0.0199708
-0.0193407
-0.0192503
-0.0198403
-0.0212103
-0.0233947
-0.0263449
-0.0299242
-0.0339196
-0.0380686
-0.0420962
-0.0457554
-0.0488451
-0.0512282
-0.0528244
-0.0535997
-0.0535504
-0.0526869
-0.0510249
-0.0485833
-0.0453859
-0.0414687
-0.0368871
-0.0317224
-0.0260843
-0.0201083
-0.0139485
-0.00776615
-0.0017176
0.00405788
0.0094467
0.0143656
0.0187612
0.0226058
0.0258896
0.028611
0.030767
0.0323458
0.0333204
0.033648
0.0332726
0.0321325
0.0301728
0.0273609
0.0236976
0.019261
0.0140957
0.00870117
0.00208081
-0.198255
-0.197946
-0.197707
-0.197557
-0.197455
-0.197381
-0.197322
-0.197271
-0.197223
-0.197174
-0.197122
-0.197066
-0.197003
-0.196933
-0.196854
-0.196766
-0.196667
-0.196558
-0.196438
-0.196308
-0.196168
-0.196019
-0.195865
-0.195707
-0.195549
-0.195395
-0.195247
-0.195107
-0.194974
-0.194843
-0.194704
-0.194542
-0.194333
-0.194053
-0.193674
-0.193175
-0.192545
-0.191799
-0.190978
-0.190165
-0.189473
-0.189044
-0.189021
-0.189516
-0.190571
-0.192131
-0.194031
-0.196011
-0.197753
-0.198924
-0.199222
-0.198401
-0.196284
-0.192759
-0.187775
-0.181338
-0.17351
-0.164407
-0.154206
-0.143145
-0.131515
-0.119654
-0.107926
-0.0966972
-0.0863134
-0.0770712
-0.0691969
-0.062832
-0.0580273
-0.0547466
-0.0528781
-0.0522529
-0.0526652
-0.053894
-0.0557215
-0.0579474
-0.0603983
-0.0629328
-0.0654414
-0.0678448
-0.0700896
-0.0721435
-0.0739909
-0.0756279
-0.077059
-0.078294
-0.0793451
-0.0802255
-0.0809475
-0.0815212
-0.0819572
-0.082261
-0.0824339
-0.0824755
-0.0823842
-0.0821579
-0.0817963
-0.0813033
-0.0806896
-0.0799748
-0.0791881
-0.0783684
-0.0775613
-0.0768144
-0.0761705
-0.07566
-0.0752937
-0.0750573
-0.0749108
-0.0747908
-0.074618
-0.0743066
-0.0737748
-0.0729536
-0.0717929
-0.0702648
-0.0683637
-0.0661046
-0.0635203
-0.060658
-0.0575762
-0.0543418
-0.0510271
-0.047708
-0.044461
-0.0413606
-0.0384763
-0.0358694
-0.0335896
-0.0316716
-0.030133
-0.0289729
-0.0281713
-0.0276919
-0.0274839
-0.0274873
-0.0276369
-0.0278669
-0.0281146
-0.0283226
-0.0284407
-0.0284268
-0.0282471
-0.0278772
-0.0273024
-0.0265206
-0.025544
-0.0244036
-0.0231548
-0.021879
-0.0206839
-0.0197068
-0.0190998
-0.0190194
-0.0196019
-0.0209423
-0.0230713
-0.0259389
-0.0294121
-0.0332866
-0.0373125
-0.0412274
-0.0448017
-0.0478342
-0.0501883
-0.0517795
-0.0525668
-0.0525377
-0.0516958
-0.0500532
-0.0476283
-0.0444496
-0.0405608
-0.036028
-0.0309437
-0.0254272
-0.0196203
-0.0136776
-0.00775547
-0.00199931
0.00346696
0.00854766
0.0131779
0.017321
0.0209627
0.0241018
0.0267407
0.0288753
0.030488
0.0315427
0.0319847
0.0317453
0.0307512
0.0289376
0.0262698
0.022747
0.0184795
0.013461
0.00847137
0.00141426
-0.199063
-0.198277
-0.197897
-0.19767
-0.197529
-0.197432
-0.197358
-0.197298
-0.197243
-0.19719
-0.197135
-0.197075
-0.197011
-0.196939
-0.196858
-0.196769
-0.196669
-0.196559
-0.196438
-0.196307
-0.196166
-0.196017
-0.195861
-0.195702
-0.195543
-0.195387
-0.195236
-0.195092
-0.194954
-0.194816
-0.194668
-0.194493
-0.194271
-0.193976
-0.193582
-0.19307
-0.192432
-0.191681
-0.190862
-0.190051
-0.189356
-0.188906
-0.188828
-0.189216
-0.190099
-0.191415
-0.193002
-0.194616
-0.195956
-0.196713
-0.196605
-0.195404
-0.192948
-0.189141
-0.183953
-0.17741
-0.169599
-0.160664
-0.150804
-0.14027
-0.129362
-0.118406
-0.107745
-0.0977081
-0.0885926
-0.0806389
-0.0740148
-0.0688057
-0.0650138
-0.0625651
-0.0613242
-0.0611128
-0.0617297
-0.0629702
-0.0646414
-0.0665734
-0.068625
-0.070686
-0.0726758
-0.0745393
-0.0762429
-0.0777695
-0.0791145
-0.0802814
-0.0812793
-0.0821201
-0.0828171
-0.0833831
-0.0838291
-0.0841623
-0.0843925
-0.0845221
-0.084549
-0.0844699
-0.0842796
-0.0839722
-0.0835439
-0.0829954
-0.0823354
-0.0815827
-0.0807683
-0.0799347
-0.0791338
-0.0784209
-0.0778474
-0.0774512
-0.0772478
-0.0772237
-0.0773342
-0.0775063
-0.077647
-0.0776546
-0.0774308
-0.0768911
-0.0759724
-0.074636
-0.0728684
-0.070679
-0.0680966
-0.0651664
-0.0619462
-0.0585036
-0.0549139
-0.0512571
-0.0476165
-0.0440753
-0.0407142
-0.0376078
-0.0348206
-0.032404
-0.0303918
-0.0287988
-0.0276185
-0.0268243
-0.026371
-0.0261993
-0.0262401
-0.02642
-0.0266665
-0.0269112
-0.0270935
-0.0271617
-0.0270745
-0.0268014
-0.0263239
-0.0256372
-0.0247529
-0.023702
-0.0225395
-0.0213466
-0.020231
-0.0193256
-0.0187783
-0.0187385
-0.0193363
-0.0206601
-0.0227364
-0.0255155
-0.0288692
-0.0326042
-0.0364837
-0.0402664
-0.0437177
-0.046658
-0.048947
-0.0504964
-0.0512584
-0.0512132
-0.0503593
-0.0487071
-0.046278
-0.0431073
-0.0392492
-0.0347816
-0.0298084
-0.0244568
-0.0188715
-0.0132037
-0.00759975
-0.00218955
0.0029223
0.0076609
0.0119812
0.0158635
0.0193062
0.0223155
0.0248954
0.0270387
0.0287197
0.0298908
0.0304834
0.0304136
0.0295937
0.0279471
0.0254336
0.0220505
0.0179302
0.0130386
0.00833708
0.00100276
-0.200199
-0.198562
-0.19802
-0.197713
-0.197536
-0.197423
-0.197343
-0.197279
-0.197223
-0.197169
-0.197113
-0.197054
-0.196989
-0.196918
-0.196837
-0.196748
-0.196648
-0.196538
-0.196416
-0.196284
-0.196142
-0.195992
-0.195835
-0.195674
-0.19551
-0.195349
-0.195192
-0.19504
-0.19489
-0.194737
-0.194571
-0.194374
-0.194126
-0.193803
-0.19338
-0.192839
-0.192176
-0.191405
-0.190568
-0.189737
-0.189013
-0.18851
-0.188338
-0.188574
-0.189232
-0.190245
-0.191456
-0.192634
-0.193501
-0.193775
-0.193196
-0.191561
-0.188728
-0.184624
-0.179239
-0.172626
-0.164895
-0.15621
-0.146788
-0.136886
-0.1268
-0.116838
-0.107309
-0.0985017
-0.0906588
-0.083964
-0.0785282
-0.0743851
-0.0714949
-0.0697544
-0.0690135
-0.0690935
-0.0698058
-0.0709682
-0.0724169
-0.0740141
-0.0756507
-0.0772459
-0.0787442
-0.0801113
-0.0813293
-0.0823924
-0.0833032
-0.0840697
-0.0847033
-0.0852165
-0.085622
-0.0859315
-0.0861547
-0.0862945
-0.0863612
-0.0863537
-0.0862672
-0.0860955
-0.0858301
-0.0854619
-0.0849833
-0.0843922
-0.0836948
-0.0829095
-0.0820684
-0.0812182
-0.0804171
-0.0797292
-0.0792153
-0.0789223
-0.0788718
-0.0790523
-0.0794154
-0.079879
-0.0803367
-0.0806707
-0.0807663
-0.0805241
-0.0798679
-0.0787487
-0.0771452
-0.0750608
-0.0725201
-0.0695648
-0.0662504
-0.0626434
-0.0588193
-0.0548601
-0.0508533
-0.0468885
-0.0430559
-0.0394417
-0.0361248
-0.0331726
-0.0306363
-0.0285481
-0.0269177
-0.0257324
-0.0249573
-0.0245383
-0.024407
-0.024486
-0.0246946
-0.0249543
-0.025193
-0.0253481
-0.0253684
-0.0252156
-0.0248652
-0.0243086
-0.0235549
-0.0226342
-0.0216004
-0.0205335
-0.0195389
-0.018745
-0.0182936
-0.018326
-0.0189635
-0.0202871
-0.0223186
-0.0250088
-0.0282348
-0.0318167
-0.0355298
-0.0391464
-0.0424492
-0.0452611
-0.0474454
-0.0489114
-0.0496062
-0.0495055
-0.0486053
-0.0469174
-0.0444689
-0.0413048
-0.0374912
-0.0331181
-0.0282991
-0.0231666
-0.0178637
-0.0125334
-0.00730701
-0.00229458
0.00242174
0.00678971
0.0107847
0.0144035
0.0176555
0.0205525
0.0230982
0.02528
0.0270622
0.0283839
0.0291604
0.0292906
0.0286701
0.0272083
0.0248563
0.0216087
0.0176097
0.0128204
0.00827859
0.000865894
-0.201941
-0.19867
-0.197944
-0.197659
-0.197457
-0.197336
-0.197265
-0.197209
-0.197158
-0.197108
-0.197056
-0.197
-0.196938
-0.196868
-0.196789
-0.1967
-0.196601
-0.19649
-0.196368
-0.196234
-0.196089
-0.195935
-0.195773
-0.195605
-0.195434
-0.195263
-0.195093
-0.194924
-0.194753
-0.194574
-0.194375
-0.194141
-0.19385
-0.19348
-0.193007
-0.192417
-0.191705
-0.190888
-0.190005
-0.189123
-0.188332
-0.187734
-0.187419
-0.187449
-0.187823
-0.188471
-0.189241
-0.18992
-0.190255
-0.189991
-0.188899
-0.186803
-0.183587
-0.179202
-0.173663
-0.167044
-0.159477
-0.151141
-0.14226
-0.133091
-0.123913
-0.115009
-0.10665
-0.0990738
-0.0924705
-0.0869676
-0.0826232
-0.079426
-0.0773029
-0.0761312
-0.0757559
-0.0760068
-0.0767152
-0.0777263
-0.0789076
-0.0801532
-0.0813837
-0.0825443
-0.0836004
-0.0845334
-0.0853367
-0.0860118
-0.0865654
-0.0870077
-0.0873499
-0.0876039
-0.0877811
-0.0878916
-0.0879432
-0.0879355
-0.0878793
-0.0877698
-0.0876002
-0.087362
-0.0870438
-0.086633
-0.0861191
-0.0854966
-0.0847698
-0.0839559
-0.0830885
-0.0822179
-0.081409
-0.0807349
-0.080267
-0.080062
-0.0801493
-0.0805203
-0.0811236
-0.0818689
-0.0826363
-0.0832927
-0.0837071
-0.0837655
-0.0833797
-0.0824914
-0.0810719
-0.0791192
-0.0766531
-0.0737116
-0.0703464
-0.066621
-0.0626085
-0.0583905
-0.0540554
-0.0496972
-0.0454123
-0.0412971
-0.0374432
-0.0339332
-0.0308359
-0.0282017
-0.0260587
-0.0244108
-0.0232373
-0.0224943
-0.0221187
-0.0220332
-0.0221527
-0.0223907
-0.0226644
-0.0228997
-0.0230342
-0.0230196
-0.0228236
-0.0224315
-0.0218481
-0.0211006
-0.0202404
-0.0193444
-0.0185143
-0.0178724
-0.0175527
-0.0176871
-0.0183876
-0.0197269
-0.0217223
-0.024326
-0.0274207
-0.0308307
-0.0343584
-0.0377857
-0.0409082
-0.0435552
-0.0455948
-0.0469358
-0.0475232
-0.0473311
-0.0463566
-0.0446163
-0.0421457
-0.039001
-0.0352608
-0.0310258
-0.0264167
-0.0215666
-0.0166123
-0.0116835
-0.00689186
-0.00232427
0.00196178
0.00593744
0.00959805
0.0129555
0.0160285
0.018832
0.0213677
0.0236155
0.0255282
0.0270299
0.0280187
0.0283745
0.0279744
0.0267111
0.0245244
0.0214041
0.0174974
0.012779
0.00827296
0.000967152
-0.204734
-0.198538
-0.197546
-0.197491
-0.19731
-0.19718
-0.197129
-0.197094
-0.197055
-0.197013
-0.196968
-0.196917
-0.196858
-0.196791
-0.196713
-0.196623
-0.196522
-0.196408
-0.196282
-0.196142
-0.19599
-0.195827
-0.195654
-0.195473
-0.195285
-0.195094
-0.194899
-0.1947
-0.194493
-0.194271
-0.194021
-0.193728
-0.193372
-0.19293
-0.192382
-0.191713
-0.190922
-0.190025
-0.18906
-0.188087
-0.187186
-0.186442
-0.185932
-0.185697
-0.18573
-0.185955
-0.186231
-0.186364
-0.186128
-0.1853
-0.183684
-0.181135
-0.177564
-0.172948
-0.167325
-0.160789
-0.153486
-0.145603
-0.137364
-0.129015
-0.12081
-0.113
-0.105812
-0.0994343
-0.0940021
-0.0895911
-0.0862129
-0.0838204
-0.0823168
-0.0815707
-0.081432
-0.0817471
-0.0823725
-0.0831835
-0.0840788
-0.0849822
-0.0858399
-0.086618
-0.0872975
-0.087871
-0.0883388
-0.0887062
-0.0889814
-0.0891744
-0.0892956
-0.0893551
-0.0893626
-0.0893267
-0.0892541
-0.0891382
-0.0889948
-0.0888142
-0.0885877
-0.0883051
-0.0879525
-0.0875146
-0.0869776
-0.0863332
-0.0855832
-0.0847438
-0.0838495
-0.082954
-0.082129
-0.0814568
-0.0810198
-0.0808855
-0.081092
-0.0816345
-0.0824598
-0.0834693
-0.0845304
-0.0854945
-0.0862154
-0.0865652
-0.0864448
-0.0857877
-0.0845596
-0.0827535
-0.0803855
-0.0774889
-0.0741111
-0.070311
-0.0661574
-0.0617284
-0.0571109
-0.0523994
-0.0476944
-0.0430992
-0.0387163
-0.0346422
-0.0309624
-0.0277456
-0.0250397
-0.0228673
-0.0212249
-0.0200827
-0.0193871
-0.019066
-0.0190342
-0.0192001
-0.0194728
-0.0197676
-0.0200104
-0.0201419
-0.0201198
-0.0199211
-0.0195443
-0.019011
-0.0183679
-0.0176869
-0.0170635
-0.0166125
-0.0164584
-0.0167225
-0.0175066
-0.018875
-0.0208403
-0.023356
-0.0263079
-0.0295394
-0.0328633
-0.0360764
-0.0389878
-0.0414358
-0.0432941
-0.0444738
-0.0449211
-0.0446122
-0.0435486
-0.0417543
-0.0392754
-0.0361799
-0.0325576
-0.0285177
-0.0241836
-0.0196846
-0.0151463
-0.01068
-0.00637452
-0.0022911
0.00153829
0.00510781
0.00843144
0.0115341
0.0144417
0.0171705
0.0197177
0.0220547
0.0241216
0.0258266
0.0270493
0.0276501
0.0274855
0.0264298
0.0244081
0.0214026
0.0175561
0.0128686
0.00829638
0.00121542
)
;

boundaryField
{
    inlet
    {
        type            zeroGradient;
    }
    outlet
    {
        type            fixedValue;
        value           uniform 0;
    }
    walls
    {
        type            zeroGradient;
    }
    frontAndBack
    {
        type            empty;
    }
}


// ************************************************************************* //
