/*--------------------------------*- C++ -*----------------------------------*\
  =========                 |
  \\      /  F ield         | OpenFOAM: The Open Source CFD Toolbox
   \\    /   O peration     | Website:  https://openfoam.org
    \\  /    A nd           | Version:  11
     \\/     M anipulation  |
\*---------------------------------------------------------------------------*/
FoamFile
{
    format      ascii;
    class       volScalarField;
    location    "13";
    object      p;
}
// * * * * * * * * * * * * * * * * * * * * * * * * * * * * * * * * * * * * * //

dimensions      [0 2 -2 0 0 0 0];

internalField   nonuniform List<scalar> 
4096
(
8.67776e-10
-0.00939897
-0.0278927
-0.0547709
-0.0889958
-0.129251
-0.173985
-0.221473
-0.269885
-0.31736
-0.362072
-0.402309
-0.436528
-0.463421
-0.481964
-0.491451
-0.491529
-0.48218
-0.463739
-0.436917
-0.402753
-0.362558
-0.31787
-0.270402
-0.221976
-0.174457
-0.129672
-0.0893488
-0.0550417
-0.028074
-0.00949044
5.80821e-09
5.80118e-09
-0.00949044
-0.028074
-0.0550417
-0.0893488
-0.129672
-0.174457
-0.221976
-0.270402
-0.31787
-0.362558
-0.402753
-0.436917
-0.463739
-0.48218
-0.491529
-0.491451
-0.481964
-0.463421
-0.436528
-0.402309
-0.362072
-0.31736
-0.269885
-0.221473
-0.173985
-0.129251
-0.0889958
-0.0547709
-0.0278927
-0.00939897
7.59157e-10
-0.00949044
-0.0188929
-0.037389
-0.064268
-0.0984927
-0.138746
-0.183477
-0.23096
-0.279366
-0.326833
-0.371537
-0.411765
-0.445976
-0.472862
-0.491399
-0.500882
-0.500958
-0.491609
-0.473168
-0.446347
-0.412185
-0.371992
-0.327305
-0.279837
-0.23141
-0.183888
-0.139099
-0.0987694
-0.0644558
-0.0374816
-0.0188929
-0.00939897
-0.00939897
-0.0188929
-0.0374816
-0.0644559
-0.0987694
-0.139099
-0.183888
-0.23141
-0.279837
-0.327305
-0.371992
-0.412185
-0.446347
-0.473168
-0.491609
-0.500958
-0.500882
-0.491399
-0.472862
-0.445976
-0.411765
-0.371537
-0.326833
-0.279366
-0.23096
-0.183477
-0.138746
-0.0984927
-0.064268
-0.037389
-0.0188929
-0.00949044
-0.028074
-0.0374816
-0.0559819
-0.0828632
-0.117089
-0.157341
-0.202067
-0.249542
-0.297938
-0.345393
-0.390084
-0.430297
-0.464494
-0.491368
-0.509895
-0.519371
-0.519445
-0.510097
-0.491659
-0.464843
-0.430687
-0.3905
-0.345819
-0.298355
-0.24993
-0.202407
-0.157616
-0.117281
-0.082962
-0.0559819
-0.037389
-0.0278927
-0.0278927
-0.037389
-0.0559819
-0.082962
-0.117281
-0.157616
-0.202407
-0.24993
-0.298355
-0.345819
-0.3905
-0.430687
-0.464843
-0.491659
-0.510097
-0.519445
-0.519371
-0.509895
-0.491368
-0.464494
-0.430297
-0.390084
-0.345393
-0.297938
-0.249542
-0.202067
-0.157341
-0.117089
-0.0828632
-0.0559819
-0.0374816
-0.028074
-0.0550417
-0.0644559
-0.082962
-0.109847
-0.144074
-0.184324
-0.229044
-0.276509
-0.32489
-0.372327
-0.416998
-0.45719
-0.491367
-0.518223
-0.536735
-0.546203
-0.546273
-0.536925
-0.518492
-0.491684
-0.457538
-0.417363
-0.372692
-0.325237
-0.276819
-0.229299
-0.184507
-0.144171
-0.109847
-0.0828632
-0.064268
-0.0547709
-0.0547709
-0.064268
-0.0828632
-0.109847
-0.144171
-0.184507
-0.229299
-0.276819
-0.325237
-0.372692
-0.417363
-0.457538
-0.491684
-0.518492
-0.536925
-0.546273
-0.546203
-0.536735
-0.518223
-0.491367
-0.45719
-0.416998
-0.372327
-0.32489
-0.276509
-0.229044
-0.184324
-0.144074
-0.109847
-0.082962
-0.0644559
-0.0550417
-0.0893488
-0.0987694
-0.117281
-0.144171
-0.178398
-0.218645
-0.263355
-0.310804
-0.359165
-0.406578
-0.451222
-0.491388
-0.525538
-0.55237
-0.570863
-0.580319
-0.580385
-0.57104
-0.552615
-0.52582
-0.49169
-0.451532
-0.406878
-0.359438
-0.311032
-0.263521
-0.218734
-0.178398
-0.144074
-0.117089
-0.0984927
-0.0889958
-0.0889958
-0.0984927
-0.117089
-0.144074
-0.178398
-0.218734
-0.263521
-0.311032
-0.359438
-0.406878
-0.451532
-0.49169
-0.52582
-0.552615
-0.57104
-0.580385
-0.580319
-0.570863
-0.55237
-0.525538
-0.491388
-0.451222
-0.406578
-0.359165
-0.310804
-0.263355
-0.218645
-0.178398
-0.144171
-0.117281
-0.0987694
-0.0893488
-0.129672
-0.139099
-0.157616
-0.184507
-0.218734
-0.258973
-0.303669
-0.351099
-0.399435
-0.446818
-0.49143
-0.531562
-0.56568
-0.592484
-0.610955
-0.620396
-0.620457
-0.611116
-0.592702
-0.565923
-0.531815
-0.49168
-0.44705
-0.399632
-0.351244
-0.303748
-0.258973
-0.218644
-0.184324
-0.15734
-0.138746
-0.129251
-0.129251
-0.138746
-0.15734
-0.184324
-0.218644
-0.258973
-0.303748
-0.351244
-0.399632
-0.44705
-0.49168
-0.531815
-0.565923
-0.592702
-0.611116
-0.620457
-0.620396
-0.610955
-0.592484
-0.56568
-0.531562
-0.49143
-0.446818
-0.399435
-0.351099
-0.303669
-0.258973
-0.218734
-0.184507
-0.157616
-0.139099
-0.129672
-0.174457
-0.183888
-0.202407
-0.229299
-0.263521
-0.303748
-0.348427
-0.395833
-0.444138
-0.491486
-0.53606
-0.576153
-0.610233
-0.637003
-0.655447
-0.664871
-0.664928
-0.655593
-0.637194
-0.610437
-0.576356
-0.536252
-0.491652
-0.444262
-0.395901
-0.348427
-0.303669
-0.263355
-0.229044
-0.202067
-0.183477
-0.173985
-0.173985
-0.183477
-0.202067
-0.229044
-0.263355
-0.303669
-0.348427
-0.395901
-0.444262
-0.491652
-0.536252
-0.576356
-0.610437
-0.637194
-0.655593
-0.664928
-0.664871
-0.655447
-0.637003
-0.610233
-0.576153
-0.53606
-0.491486
-0.444138
-0.395833
-0.348427
-0.303748
-0.263521
-0.229299
-0.202407
-0.183888
-0.174457
-0.221976
-0.23141
-0.24993
-0.276819
-0.311032
-0.351244
-0.395901
-0.443277
-0.491548
-0.538856
-0.583387
-0.623435
-0.657472
-0.684203
-0.702616
-0.712021
-0.712073
-0.702746
-0.684366
-0.657637
-0.62359
-0.583522
-0.53896
-0.491606
-0.443277
-0.395833
-0.351099
-0.310804
-0.276509
-0.249542
-0.23096
-0.221473
-0.221473
-0.23096
-0.249542
-0.276509
-0.310804
-0.351099
-0.395833
-0.443277
-0.491606
-0.53896
-0.583522
-0.62359
-0.657637
-0.684366
-0.702746
-0.712073
-0.712021
-0.702616
-0.684203
-0.657472
-0.623435
-0.583387
-0.538856
-0.491548
-0.443277
-0.395901
-0.351244
-0.311032
-0.276819
-0.24993
-0.23141
-0.221976
-0.270402
-0.279837
-0.298355
-0.325237
-0.359438
-0.399632
-0.444262
-0.491606
-0.539837
-0.587102
-0.631584
-0.671582
-0.70557
-0.732256
-0.750634
-0.760018
-0.760064
-0.750748
-0.732392
-0.705697
-0.671692
-0.631668
-0.587149
-0.539837
-0.491548
-0.444138
-0.399435
-0.359165
-0.32489
-0.297938
-0.279366
-0.269885
-0.269885
-0.279366
-0.297938
-0.32489
-0.359165
-0.399435
-0.444138
-0.491548
-0.539837
-0.587149
-0.631668
-0.671692
-0.705697
-0.732392
-0.750748
-0.760064
-0.760018
-0.750634
-0.732256
-0.70557
-0.671582
-0.631584
-0.587102
-0.539837
-0.491606
-0.444262
-0.399632
-0.359438
-0.325237
-0.298355
-0.279837
-0.270402
-0.31787
-0.327305
-0.345819
-0.372692
-0.406878
-0.44705
-0.491652
-0.53896
-0.587149
-0.634366
-0.678796
-0.718739
-0.752672
-0.779308
-0.797646
-0.807004
-0.807045
-0.797744
-0.779417
-0.752764
-0.718807
-0.678834
-0.634366
-0.587102
-0.538856
-0.491486
-0.446818
-0.406578
-0.372327
-0.345393
-0.326833
-0.31736
-0.31736
-0.326833
-0.345393
-0.372327
-0.406578
-0.446818
-0.491486
-0.538856
-0.587102
-0.634366
-0.678834
-0.718807
-0.752764
-0.779417
-0.797744
-0.807045
-0.807004
-0.797646
-0.779308
-0.752672
-0.718739
-0.678796
-0.634366
-0.587149
-0.53896
-0.491652
-0.44705
-0.406878
-0.372692
-0.345819
-0.327305
-0.31787
-0.362558
-0.371992
-0.3905
-0.417363
-0.451532
-0.49168
-0.536252
-0.583523
-0.631668
-0.678834
-0.723209
-0.763093
-0.796967
-0.823547
-0.841838
-0.851168
-0.851203
-0.84192
-0.82363
-0.797025
-0.763124
-0.723209
-0.678796
-0.631584
-0.583387
-0.53606
-0.49143
-0.451222
-0.416998
-0.390084
-0.371537
-0.362072
-0.362072
-0.371537
-0.390084
-0.416998
-0.451222
-0.49143
-0.53606
-0.583387
-0.631584
-0.678796
-0.723209
-0.763124
-0.797025
-0.82363
-0.84192
-0.851203
-0.851168
-0.841838
-0.823547
-0.796967
-0.763093
-0.723209
-0.678834
-0.631668
-0.583523
-0.536252
-0.49168
-0.451532
-0.417363
-0.3905
-0.371992
-0.362558
-0.402753
-0.412185
-0.430687
-0.457538
-0.49169
-0.531815
-0.576356
-0.62359
-0.671692
-0.718807
-0.763124
-0.802946
-0.836755
-0.863275
-0.881515
-0.890811
-0.890841
-0.88158
-0.863332
-0.836784
-0.802946
-0.763093
-0.718739
-0.671582
-0.623435
-0.576153
-0.531562
-0.491388
-0.45719
-0.430297
-0.411765
-0.402309
-0.402309
-0.411765
-0.430297
-0.45719
-0.491388
-0.531562
-0.576153
-0.623435
-0.671582
-0.718739
-0.763093
-0.802946
-0.836784
-0.863332
-0.88158
-0.890841
-0.890811
-0.881515
-0.863275
-0.836755
-0.802946
-0.763124
-0.718807
-0.671692
-0.62359
-0.576356
-0.531815
-0.49169
-0.457538
-0.430687
-0.412185
-0.402753
-0.436917
-0.446347
-0.464843
-0.491684
-0.52582
-0.565923
-0.610437
-0.657637
-0.705697
-0.752764
-0.797025
-0.836784
-0.870526
-0.896979
-0.915161
-0.924421
-0.924444
-0.91521
-0.89701
-0.870526
-0.836755
-0.796967
-0.752672
-0.70557
-0.657472
-0.610233
-0.56568
-0.525538
-0.491367
-0.464494
-0.445976
-0.436528
-0.436528
-0.445976
-0.464494
-0.491367
-0.525538
-0.56568
-0.610233
-0.657472
-0.70557
-0.752672
-0.796967
-0.836755
-0.870526
-0.89701
-0.91521
-0.924444
-0.924421
-0.915161
-0.896979
-0.870526
-0.836784
-0.797025
-0.752764
-0.705697
-0.657637
-0.610437
-0.565923
-0.52582
-0.491684
-0.464843
-0.446347
-0.436917
-0.463739
-0.473168
-0.491659
-0.518492
-0.552615
-0.592702
-0.637194
-0.684366
-0.732392
-0.779417
-0.82363
-0.863332
-0.89701
-0.923397
-0.941517
-0.950732
-0.950747
-0.941542
-0.923397
-0.896979
-0.863275
-0.823547
-0.779308
-0.732256
-0.684203
-0.637003
-0.592484
-0.55237
-0.518223
-0.491368
-0.472862
-0.463421
-0.463421
-0.472862
-0.491368
-0.518223
-0.55237
-0.592484
-0.637003
-0.684203
-0.732256
-0.779308
-0.823547
-0.863275
-0.896979
-0.923397
-0.941542
-0.950747
-0.950732
-0.941517
-0.923397
-0.89701
-0.863332
-0.82363
-0.779417
-0.732392
-0.684366
-0.637194
-0.592702
-0.552615
-0.518492
-0.491659
-0.473168
-0.463739
-0.48218
-0.491609
-0.510097
-0.536925
-0.57104
-0.611116
-0.655593
-0.702746
-0.750748
-0.797744
-0.84192
-0.88158
-0.91521
-0.941542
-0.95961
-0.968785
-0.968788
-0.95961
-0.941517
-0.915161
-0.881515
-0.841838
-0.797646
-0.750634
-0.702616
-0.655447
-0.610955
-0.570863
-0.536735
-0.509895
-0.491399
-0.481964
-0.481964
-0.491399
-0.509895
-0.536735
-0.570863
-0.610955
-0.655447
-0.702616
-0.750634
-0.797646
-0.841838
-0.881515
-0.915161
-0.941517
-0.95961
-0.968788
-0.968785
-0.95961
-0.941542
-0.91521
-0.88158
-0.84192
-0.797744
-0.750748
-0.702746
-0.655593
-0.611116
-0.57104
-0.536925
-0.510097
-0.491609
-0.48218
-0.491529
-0.500958
-0.519445
-0.546273
-0.580385
-0.620457
-0.664928
-0.712073
-0.760064
-0.807045
-0.851203
-0.890841
-0.924444
-0.950747
-0.968788
-0.977944
-0.977944
-0.968785
-0.950732
-0.924421
-0.890811
-0.851168
-0.807004
-0.760018
-0.712021
-0.664871
-0.620396
-0.580319
-0.546203
-0.519371
-0.500882
-0.491451
-0.491451
-0.500882
-0.519371
-0.546203
-0.580319
-0.620396
-0.664871
-0.712021
-0.760018
-0.807004
-0.851168
-0.890811
-0.924421
-0.950732
-0.968785
-0.977944
-0.977944
-0.968788
-0.950747
-0.924444
-0.890841
-0.851203
-0.807045
-0.760064
-0.712073
-0.664928
-0.620457
-0.580385
-0.546273
-0.519445
-0.500958
-0.491529
-0.491451
-0.500882
-0.519371
-0.546203
-0.580319
-0.620396
-0.664871
-0.712021
-0.760018
-0.807004
-0.851168
-0.890811
-0.924421
-0.950732
-0.968785
-0.977944
-0.977944
-0.968788
-0.950747
-0.924444
-0.890841
-0.851203
-0.807045
-0.760064
-0.712073
-0.664928
-0.620457
-0.580385
-0.546273
-0.519445
-0.500958
-0.491529
-0.491529
-0.500958
-0.519445
-0.546273
-0.580385
-0.620457
-0.664928
-0.712073
-0.760064
-0.807045
-0.851203
-0.890841
-0.924444
-0.950747
-0.968788
-0.977944
-0.977944
-0.968785
-0.950732
-0.924421
-0.890811
-0.851168
-0.807004
-0.760018
-0.712021
-0.664871
-0.620396
-0.580319
-0.546203
-0.519371
-0.500882
-0.491451
-0.481964
-0.491399
-0.509895
-0.536735
-0.570863
-0.610955
-0.655447
-0.702616
-0.750634
-0.797646
-0.841838
-0.881515
-0.915161
-0.941517
-0.95961
-0.968788
-0.968785
-0.95961
-0.941542
-0.91521
-0.88158
-0.84192
-0.797744
-0.750748
-0.702746
-0.655593
-0.611116
-0.57104
-0.536925
-0.510097
-0.491609
-0.48218
-0.48218
-0.491609
-0.510097
-0.536925
-0.57104
-0.611116
-0.655593
-0.702746
-0.750748
-0.797744
-0.84192
-0.88158
-0.91521
-0.941542
-0.95961
-0.968785
-0.968788
-0.95961
-0.941517
-0.915161
-0.881515
-0.841838
-0.797646
-0.750634
-0.702616
-0.655447
-0.610955
-0.570863
-0.536735
-0.509895
-0.491399
-0.481964
-0.463421
-0.472862
-0.491368
-0.518223
-0.55237
-0.592484
-0.637003
-0.684203
-0.732256
-0.779308
-0.823547
-0.863275
-0.896979
-0.923397
-0.941542
-0.950747
-0.950732
-0.941517
-0.923397
-0.89701
-0.863332
-0.82363
-0.779417
-0.732392
-0.684366
-0.637194
-0.592702
-0.552615
-0.518492
-0.491659
-0.473168
-0.463739
-0.463739
-0.473168
-0.491659
-0.518492
-0.552615
-0.592702
-0.637194
-0.684366
-0.732392
-0.779417
-0.82363
-0.863332
-0.89701
-0.923397
-0.941517
-0.950732
-0.950747
-0.941542
-0.923397
-0.896979
-0.863275
-0.823547
-0.779308
-0.732256
-0.684203
-0.637003
-0.592484
-0.55237
-0.518223
-0.491368
-0.472862
-0.463421
-0.436528
-0.445976
-0.464494
-0.491367
-0.525538
-0.56568
-0.610233
-0.657472
-0.70557
-0.752672
-0.796967
-0.836755
-0.870526
-0.89701
-0.91521
-0.924444
-0.924421
-0.915161
-0.896979
-0.870526
-0.836784
-0.797025
-0.752764
-0.705697
-0.657637
-0.610437
-0.565923
-0.52582
-0.491684
-0.464843
-0.446347
-0.436917
-0.436917
-0.446347
-0.464843
-0.491684
-0.52582
-0.565923
-0.610437
-0.657637
-0.705697
-0.752764
-0.797025
-0.836784
-0.870526
-0.896979
-0.915161
-0.924421
-0.924444
-0.91521
-0.89701
-0.870526
-0.836755
-0.796967
-0.752672
-0.70557
-0.657472
-0.610233
-0.56568
-0.525538
-0.491367
-0.464494
-0.445976
-0.436528
-0.402309
-0.411765
-0.430297
-0.45719
-0.491388
-0.531562
-0.576153
-0.623435
-0.671582
-0.718739
-0.763093
-0.802946
-0.836784
-0.863332
-0.88158
-0.890841
-0.890811
-0.881515
-0.863275
-0.836755
-0.802946
-0.763124
-0.718807
-0.671692
-0.62359
-0.576356
-0.531815
-0.49169
-0.457538
-0.430687
-0.412185
-0.402753
-0.402753
-0.412185
-0.430687
-0.457538
-0.49169
-0.531815
-0.576356
-0.62359
-0.671692
-0.718807
-0.763124
-0.802946
-0.836755
-0.863275
-0.881515
-0.890811
-0.890841
-0.88158
-0.863332
-0.836784
-0.802946
-0.763093
-0.718739
-0.671582
-0.623435
-0.576153
-0.531562
-0.491388
-0.45719
-0.430297
-0.411765
-0.402309
-0.362072
-0.371537
-0.390084
-0.416998
-0.451222
-0.49143
-0.53606
-0.583387
-0.631584
-0.678796
-0.723209
-0.763124
-0.797025
-0.82363
-0.84192
-0.851203
-0.851168
-0.841838
-0.823547
-0.796967
-0.763093
-0.723209
-0.678834
-0.631668
-0.583523
-0.536252
-0.49168
-0.451532
-0.417363
-0.3905
-0.371992
-0.362558
-0.362558
-0.371992
-0.3905
-0.417363
-0.451532
-0.49168
-0.536252
-0.583523
-0.631668
-0.678834
-0.723209
-0.763093
-0.796967
-0.823547
-0.841838
-0.851168
-0.851203
-0.84192
-0.82363
-0.797025
-0.763124
-0.723209
-0.678796
-0.631584
-0.583387
-0.53606
-0.49143
-0.451222
-0.416998
-0.390084
-0.371537
-0.362072
-0.31736
-0.326833
-0.345393
-0.372327
-0.406578
-0.446818
-0.491486
-0.538856
-0.587102
-0.634366
-0.678834
-0.718807
-0.752764
-0.779417
-0.797744
-0.807045
-0.807004
-0.797646
-0.779308
-0.752672
-0.718739
-0.678796
-0.634366
-0.587149
-0.53896
-0.491652
-0.44705
-0.406878
-0.372692
-0.345819
-0.327305
-0.31787
-0.31787
-0.327305
-0.345819
-0.372692
-0.406878
-0.44705
-0.491652
-0.53896
-0.587149
-0.634366
-0.678796
-0.718739
-0.752672
-0.779308
-0.797646
-0.807004
-0.807045
-0.797744
-0.779417
-0.752764
-0.718807
-0.678834
-0.634366
-0.587102
-0.538856
-0.491486
-0.446818
-0.406578
-0.372327
-0.345393
-0.326833
-0.31736
-0.269885
-0.279366
-0.297938
-0.32489
-0.359165
-0.399435
-0.444138
-0.491548
-0.539837
-0.587149
-0.631668
-0.671692
-0.705697
-0.732392
-0.750748
-0.760064
-0.760018
-0.750634
-0.732256
-0.70557
-0.671582
-0.631584
-0.587102
-0.539837
-0.491606
-0.444262
-0.399632
-0.359438
-0.325237
-0.298355
-0.279837
-0.270402
-0.270402
-0.279837
-0.298355
-0.325237
-0.359438
-0.399632
-0.444262
-0.491606
-0.539837
-0.587102
-0.631584
-0.671582
-0.70557
-0.732256
-0.750634
-0.760018
-0.760064
-0.750748
-0.732392
-0.705697
-0.671692
-0.631668
-0.587149
-0.539837
-0.491548
-0.444138
-0.399435
-0.359165
-0.32489
-0.297938
-0.279366
-0.269885
-0.221473
-0.23096
-0.249542
-0.276509
-0.310804
-0.351099
-0.395833
-0.443277
-0.491606
-0.53896
-0.583523
-0.62359
-0.657637
-0.684366
-0.702746
-0.712073
-0.712021
-0.702616
-0.684203
-0.657472
-0.623435
-0.583387
-0.538856
-0.491548
-0.443277
-0.395901
-0.351244
-0.311032
-0.276819
-0.24993
-0.23141
-0.221976
-0.221976
-0.23141
-0.24993
-0.276819
-0.311032
-0.351244
-0.395901
-0.443277
-0.491548
-0.538856
-0.583387
-0.623435
-0.657472
-0.684203
-0.702616
-0.712021
-0.712073
-0.702746
-0.684366
-0.657637
-0.62359
-0.583523
-0.53896
-0.491606
-0.443277
-0.395833
-0.351099
-0.310804
-0.276509
-0.249542
-0.23096
-0.221473
-0.173985
-0.183477
-0.202067
-0.229044
-0.263355
-0.303669
-0.348427
-0.395901
-0.444262
-0.491652
-0.536252
-0.576356
-0.610437
-0.637194
-0.655593
-0.664928
-0.664871
-0.655447
-0.637003
-0.610233
-0.576153
-0.53606
-0.491486
-0.444138
-0.395833
-0.348427
-0.303748
-0.263521
-0.229299
-0.202407
-0.183888
-0.174457
-0.174457
-0.183888
-0.202407
-0.229299
-0.263521
-0.303748
-0.348427
-0.395833
-0.444138
-0.491486
-0.53606
-0.576153
-0.610233
-0.637003
-0.655447
-0.664871
-0.664928
-0.655593
-0.637194
-0.610437
-0.576356
-0.536252
-0.491652
-0.444262
-0.395901
-0.348427
-0.303669
-0.263355
-0.229044
-0.202067
-0.183477
-0.173985
-0.129251
-0.138746
-0.157341
-0.184324
-0.218645
-0.258973
-0.303748
-0.351244
-0.399632
-0.44705
-0.49168
-0.531815
-0.565923
-0.592702
-0.611116
-0.620457
-0.620396
-0.610955
-0.592484
-0.56568
-0.531562
-0.49143
-0.446818
-0.399435
-0.351099
-0.303669
-0.258973
-0.218734
-0.184507
-0.157616
-0.139099
-0.129672
-0.129672
-0.139099
-0.157616
-0.184507
-0.218734
-0.258973
-0.303669
-0.351099
-0.399435
-0.446818
-0.49143
-0.531562
-0.56568
-0.592484
-0.610955
-0.620396
-0.620457
-0.611116
-0.592702
-0.565923
-0.531815
-0.49168
-0.44705
-0.399632
-0.351244
-0.303748
-0.258973
-0.218645
-0.184324
-0.157341
-0.138746
-0.129251
-0.0889958
-0.0984927
-0.117089
-0.144074
-0.178398
-0.218734
-0.263521
-0.311032
-0.359438
-0.406878
-0.451532
-0.49169
-0.52582
-0.552615
-0.57104
-0.580385
-0.580319
-0.570863
-0.55237
-0.525538
-0.491388
-0.451222
-0.406578
-0.359165
-0.310804
-0.263355
-0.218645
-0.178398
-0.144171
-0.117281
-0.0987694
-0.0893488
-0.0893488
-0.0987694
-0.117281
-0.144171
-0.178398
-0.218645
-0.263355
-0.310804
-0.359165
-0.406578
-0.451222
-0.491388
-0.525538
-0.55237
-0.570863
-0.580319
-0.580385
-0.57104
-0.552615
-0.52582
-0.49169
-0.451532
-0.406878
-0.359438
-0.311032
-0.263521
-0.218734
-0.178398
-0.144074
-0.117089
-0.0984927
-0.0889958
-0.0547709
-0.064268
-0.0828632
-0.109847
-0.144171
-0.184507
-0.229299
-0.276819
-0.325237
-0.372692
-0.417363
-0.457538
-0.491684
-0.518492
-0.536925
-0.546273
-0.546203
-0.536735
-0.518223
-0.491367
-0.45719
-0.416998
-0.372327
-0.32489
-0.276509
-0.229044
-0.184324
-0.144074
-0.109847
-0.082962
-0.0644559
-0.0550417
-0.0550417
-0.0644559
-0.082962
-0.109847
-0.144074
-0.184324
-0.229044
-0.276509
-0.32489
-0.372327
-0.416998
-0.45719
-0.491367
-0.518223
-0.536735
-0.546203
-0.546273
-0.536925
-0.518492
-0.491684
-0.457538
-0.417363
-0.372692
-0.325237
-0.276819
-0.229299
-0.184507
-0.144171
-0.109847
-0.0828632
-0.064268
-0.0547709
-0.0278927
-0.037389
-0.0559819
-0.082962
-0.117281
-0.157616
-0.202407
-0.24993
-0.298355
-0.345819
-0.3905
-0.430687
-0.464843
-0.491659
-0.510097
-0.519445
-0.519371
-0.509895
-0.491368
-0.464494
-0.430297
-0.390084
-0.345393
-0.297938
-0.249542
-0.202067
-0.157341
-0.117089
-0.0828632
-0.0559819
-0.0374816
-0.028074
-0.028074
-0.0374816
-0.0559819
-0.0828632
-0.117089
-0.157341
-0.202067
-0.249542
-0.297938
-0.345393
-0.390084
-0.430297
-0.464494
-0.491368
-0.509895
-0.519371
-0.519445
-0.510097
-0.491659
-0.464843
-0.430687
-0.3905
-0.345819
-0.298355
-0.24993
-0.202407
-0.157616
-0.117281
-0.082962
-0.0559819
-0.037389
-0.0278927
-0.00939898
-0.0188929
-0.0374816
-0.0644559
-0.0987694
-0.139099
-0.183888
-0.23141
-0.279837
-0.327305
-0.371992
-0.412185
-0.446347
-0.473168
-0.491609
-0.500958
-0.500882
-0.491399
-0.472862
-0.445976
-0.411765
-0.371537
-0.326833
-0.279366
-0.23096
-0.183477
-0.138746
-0.0984927
-0.064268
-0.037389
-0.0188929
-0.00949044
-0.00949044
-0.0188929
-0.037389
-0.064268
-0.0984927
-0.138746
-0.183477
-0.23096
-0.279366
-0.326833
-0.371537
-0.411765
-0.445976
-0.472862
-0.491399
-0.500882
-0.500958
-0.491609
-0.473168
-0.446347
-0.412185
-0.371992
-0.327305
-0.279837
-0.23141
-0.183888
-0.139099
-0.0987694
-0.0644559
-0.0374816
-0.0188929
-0.00939898
-4.7822e-09
-0.00949045
-0.028074
-0.0550417
-0.0893488
-0.129672
-0.174457
-0.221976
-0.270402
-0.31787
-0.362558
-0.402753
-0.436917
-0.463739
-0.48218
-0.491529
-0.491451
-0.481964
-0.463421
-0.436528
-0.402309
-0.362072
-0.31736
-0.269885
-0.221473
-0.173985
-0.129251
-0.0889958
-0.0547709
-0.0278927
-0.00939897
9.37713e-10
8.81494e-10
-0.00939897
-0.0278927
-0.0547709
-0.0889958
-0.129251
-0.173985
-0.221473
-0.269885
-0.31736
-0.362072
-0.402309
-0.436528
-0.463421
-0.481964
-0.491451
-0.491529
-0.48218
-0.463739
-0.436917
-0.402753
-0.362558
-0.31787
-0.270402
-0.221976
-0.174457
-0.129672
-0.0893488
-0.0550417
-0.028074
-0.00949045
-4.04179e-09
-4.83521e-09
-0.00949045
-0.028074
-0.0550417
-0.0893488
-0.129672
-0.174457
-0.221976
-0.270402
-0.31787
-0.362558
-0.402753
-0.436917
-0.463739
-0.48218
-0.491529
-0.491451
-0.481964
-0.463421
-0.436528
-0.402309
-0.362072
-0.31736
-0.269885
-0.221473
-0.173985
-0.129251
-0.0889958
-0.0547709
-0.0278927
-0.00939897
8.90321e-10
8.65373e-10
-0.00939897
-0.0278927
-0.0547709
-0.0889958
-0.129251
-0.173985
-0.221473
-0.269885
-0.31736
-0.362072
-0.402309
-0.436528
-0.463421
-0.481964
-0.491451
-0.491529
-0.48218
-0.463739
-0.436917
-0.402753
-0.362558
-0.31787
-0.270402
-0.221976
-0.174457
-0.129672
-0.0893488
-0.0550417
-0.028074
-0.00949045
-4.03184e-09
-0.00939898
-0.0188929
-0.0374816
-0.0644559
-0.0987694
-0.139099
-0.183888
-0.23141
-0.279837
-0.327305
-0.371992
-0.412185
-0.446347
-0.473168
-0.491609
-0.500958
-0.500882
-0.491399
-0.472862
-0.445976
-0.411765
-0.371537
-0.326833
-0.279366
-0.23096
-0.183477
-0.138746
-0.0984927
-0.064268
-0.037389
-0.0188929
-0.00949044
-0.00949044
-0.0188929
-0.037389
-0.064268
-0.0984927
-0.138746
-0.183477
-0.23096
-0.279366
-0.326833
-0.371537
-0.411765
-0.445976
-0.472862
-0.491399
-0.500882
-0.500958
-0.491609
-0.473168
-0.446347
-0.412185
-0.371992
-0.327305
-0.279837
-0.23141
-0.183888
-0.139099
-0.0987694
-0.0644559
-0.0374816
-0.0188929
-0.00939898
-0.0278927
-0.037389
-0.0559819
-0.082962
-0.117281
-0.157616
-0.202407
-0.24993
-0.298355
-0.345819
-0.3905
-0.430687
-0.464843
-0.491659
-0.510097
-0.519445
-0.519371
-0.509895
-0.491368
-0.464494
-0.430297
-0.390084
-0.345393
-0.297938
-0.249542
-0.202067
-0.157341
-0.117089
-0.0828632
-0.0559819
-0.0374816
-0.028074
-0.028074
-0.0374816
-0.0559819
-0.0828632
-0.117089
-0.157341
-0.202067
-0.249542
-0.297938
-0.345393
-0.390084
-0.430297
-0.464494
-0.491368
-0.509895
-0.519371
-0.519445
-0.510097
-0.491659
-0.464843
-0.430687
-0.3905
-0.345819
-0.298355
-0.24993
-0.202407
-0.157616
-0.117281
-0.082962
-0.0559819
-0.037389
-0.0278927
-0.0547709
-0.064268
-0.0828632
-0.109847
-0.144171
-0.184507
-0.229299
-0.276819
-0.325237
-0.372692
-0.417363
-0.457538
-0.491684
-0.518492
-0.536925
-0.546273
-0.546203
-0.536735
-0.518223
-0.491367
-0.45719
-0.416998
-0.372327
-0.32489
-0.276509
-0.229044
-0.184324
-0.144074
-0.109847
-0.082962
-0.0644559
-0.0550417
-0.0550417
-0.0644559
-0.082962
-0.109847
-0.144074
-0.184324
-0.229044
-0.276509
-0.32489
-0.372327
-0.416998
-0.45719
-0.491367
-0.518223
-0.536735
-0.546203
-0.546273
-0.536925
-0.518492
-0.491684
-0.457538
-0.417363
-0.372692
-0.325237
-0.276819
-0.229299
-0.184507
-0.144171
-0.109847
-0.0828632
-0.064268
-0.0547709
-0.0889958
-0.0984927
-0.117089
-0.144074
-0.178398
-0.218734
-0.263521
-0.311032
-0.359438
-0.406878
-0.451532
-0.49169
-0.52582
-0.552615
-0.57104
-0.580385
-0.580319
-0.570863
-0.55237
-0.525538
-0.491388
-0.451222
-0.406578
-0.359165
-0.310804
-0.263355
-0.218645
-0.178398
-0.144171
-0.117281
-0.0987694
-0.0893488
-0.0893488
-0.0987694
-0.117281
-0.144171
-0.178398
-0.218645
-0.263355
-0.310804
-0.359165
-0.406578
-0.451222
-0.491388
-0.525538
-0.55237
-0.570863
-0.580319
-0.580385
-0.57104
-0.552615
-0.52582
-0.49169
-0.451532
-0.406878
-0.359438
-0.311032
-0.263521
-0.218734
-0.178398
-0.144074
-0.117089
-0.0984927
-0.0889958
-0.129251
-0.138746
-0.157341
-0.184324
-0.218645
-0.258973
-0.303748
-0.351244
-0.399632
-0.44705
-0.49168
-0.531815
-0.565923
-0.592702
-0.611116
-0.620457
-0.620396
-0.610955
-0.592484
-0.56568
-0.531562
-0.49143
-0.446818
-0.399435
-0.351099
-0.303669
-0.258973
-0.218734
-0.184507
-0.157616
-0.139099
-0.129672
-0.129672
-0.139099
-0.157616
-0.184507
-0.218734
-0.258973
-0.303669
-0.351099
-0.399435
-0.446818
-0.49143
-0.531562
-0.56568
-0.592484
-0.610955
-0.620396
-0.620457
-0.611116
-0.592702
-0.565923
-0.531815
-0.49168
-0.44705
-0.399632
-0.351244
-0.303748
-0.258973
-0.218645
-0.184324
-0.157341
-0.138746
-0.129251
-0.173985
-0.183477
-0.202067
-0.229044
-0.263355
-0.303669
-0.348427
-0.395901
-0.444262
-0.491652
-0.536252
-0.576356
-0.610437
-0.637194
-0.655593
-0.664928
-0.664871
-0.655447
-0.637003
-0.610233
-0.576153
-0.53606
-0.491486
-0.444138
-0.395833
-0.348427
-0.303748
-0.263521
-0.229299
-0.202407
-0.183888
-0.174457
-0.174457
-0.183888
-0.202407
-0.229299
-0.263521
-0.303748
-0.348427
-0.395833
-0.444138
-0.491486
-0.53606
-0.576153
-0.610233
-0.637003
-0.655447
-0.664871
-0.664928
-0.655593
-0.637194
-0.610437
-0.576356
-0.536252
-0.491652
-0.444262
-0.395901
-0.348427
-0.303669
-0.263355
-0.229044
-0.202067
-0.183477
-0.173985
-0.221473
-0.23096
-0.249542
-0.276509
-0.310804
-0.351099
-0.395833
-0.443277
-0.491606
-0.53896
-0.583523
-0.62359
-0.657637
-0.684366
-0.702746
-0.712073
-0.712021
-0.702616
-0.684203
-0.657472
-0.623435
-0.583387
-0.538856
-0.491548
-0.443277
-0.395901
-0.351244
-0.311032
-0.276819
-0.24993
-0.23141
-0.221976
-0.221976
-0.23141
-0.24993
-0.276819
-0.311032
-0.351244
-0.395901
-0.443277
-0.491548
-0.538856
-0.583387
-0.623435
-0.657472
-0.684203
-0.702616
-0.712021
-0.712073
-0.702746
-0.684366
-0.657637
-0.62359
-0.583523
-0.53896
-0.491606
-0.443277
-0.395833
-0.351099
-0.310804
-0.276509
-0.249542
-0.23096
-0.221473
-0.269885
-0.279366
-0.297938
-0.32489
-0.359165
-0.399435
-0.444138
-0.491548
-0.539837
-0.587149
-0.631668
-0.671692
-0.705697
-0.732392
-0.750748
-0.760064
-0.760018
-0.750634
-0.732256
-0.70557
-0.671582
-0.631584
-0.587102
-0.539837
-0.491606
-0.444262
-0.399632
-0.359438
-0.325237
-0.298355
-0.279837
-0.270402
-0.270402
-0.279837
-0.298355
-0.325237
-0.359438
-0.399632
-0.444262
-0.491606
-0.539837
-0.587102
-0.631584
-0.671582
-0.70557
-0.732256
-0.750634
-0.760018
-0.760064
-0.750748
-0.732392
-0.705697
-0.671692
-0.631668
-0.587149
-0.539837
-0.491548
-0.444138
-0.399435
-0.359165
-0.32489
-0.297938
-0.279366
-0.269885
-0.31736
-0.326833
-0.345393
-0.372327
-0.406578
-0.446818
-0.491486
-0.538856
-0.587102
-0.634366
-0.678834
-0.718807
-0.752764
-0.779417
-0.797744
-0.807045
-0.807004
-0.797646
-0.779308
-0.752672
-0.718739
-0.678796
-0.634366
-0.587149
-0.53896
-0.491652
-0.44705
-0.406878
-0.372692
-0.345819
-0.327305
-0.31787
-0.31787
-0.327305
-0.345819
-0.372692
-0.406878
-0.44705
-0.491652
-0.53896
-0.587149
-0.634366
-0.678796
-0.718739
-0.752672
-0.779308
-0.797646
-0.807004
-0.807045
-0.797744
-0.779417
-0.752764
-0.718807
-0.678834
-0.634366
-0.587102
-0.538856
-0.491486
-0.446818
-0.406578
-0.372327
-0.345393
-0.326833
-0.31736
-0.362072
-0.371537
-0.390084
-0.416998
-0.451222
-0.49143
-0.53606
-0.583387
-0.631584
-0.678796
-0.723209
-0.763124
-0.797025
-0.82363
-0.84192
-0.851203
-0.851168
-0.841838
-0.823547
-0.796967
-0.763093
-0.723209
-0.678834
-0.631668
-0.583523
-0.536252
-0.49168
-0.451532
-0.417363
-0.3905
-0.371992
-0.362558
-0.362558
-0.371992
-0.3905
-0.417363
-0.451532
-0.49168
-0.536252
-0.583523
-0.631668
-0.678834
-0.723209
-0.763093
-0.796967
-0.823547
-0.841838
-0.851168
-0.851203
-0.84192
-0.82363
-0.797025
-0.763124
-0.723209
-0.678796
-0.631584
-0.583387
-0.53606
-0.49143
-0.451222
-0.416998
-0.390084
-0.371537
-0.362072
-0.402309
-0.411765
-0.430297
-0.45719
-0.491388
-0.531562
-0.576153
-0.623435
-0.671582
-0.718739
-0.763093
-0.802946
-0.836784
-0.863332
-0.88158
-0.890841
-0.890811
-0.881515
-0.863275
-0.836755
-0.802946
-0.763124
-0.718807
-0.671692
-0.62359
-0.576356
-0.531815
-0.49169
-0.457538
-0.430687
-0.412185
-0.402753
-0.402753
-0.412185
-0.430687
-0.457538
-0.49169
-0.531815
-0.576356
-0.62359
-0.671692
-0.718807
-0.763124
-0.802946
-0.836755
-0.863275
-0.881515
-0.890811
-0.890841
-0.88158
-0.863332
-0.836784
-0.802946
-0.763093
-0.718739
-0.671582
-0.623435
-0.576153
-0.531562
-0.491388
-0.45719
-0.430297
-0.411765
-0.402309
-0.436528
-0.445976
-0.464494
-0.491367
-0.525538
-0.56568
-0.610233
-0.657472
-0.70557
-0.752672
-0.796967
-0.836755
-0.870526
-0.89701
-0.91521
-0.924444
-0.924421
-0.915161
-0.896979
-0.870526
-0.836784
-0.797025
-0.752764
-0.705697
-0.657637
-0.610437
-0.565923
-0.52582
-0.491684
-0.464843
-0.446347
-0.436917
-0.436917
-0.446347
-0.464843
-0.491684
-0.52582
-0.565923
-0.610437
-0.657637
-0.705697
-0.752764
-0.797025
-0.836784
-0.870526
-0.896979
-0.915161
-0.924421
-0.924444
-0.91521
-0.89701
-0.870526
-0.836755
-0.796967
-0.752672
-0.70557
-0.657472
-0.610233
-0.56568
-0.525538
-0.491367
-0.464494
-0.445976
-0.436528
-0.463421
-0.472862
-0.491368
-0.518223
-0.55237
-0.592484
-0.637003
-0.684203
-0.732256
-0.779308
-0.823547
-0.863275
-0.896979
-0.923397
-0.941542
-0.950747
-0.950732
-0.941517
-0.923397
-0.89701
-0.863332
-0.82363
-0.779417
-0.732392
-0.684366
-0.637194
-0.592702
-0.552615
-0.518492
-0.491659
-0.473168
-0.463739
-0.463739
-0.473168
-0.491659
-0.518492
-0.552615
-0.592702
-0.637194
-0.684366
-0.732392
-0.779417
-0.82363
-0.863332
-0.89701
-0.923397
-0.941517
-0.950732
-0.950747
-0.941542
-0.923397
-0.896979
-0.863275
-0.823547
-0.779308
-0.732256
-0.684203
-0.637003
-0.592484
-0.55237
-0.518223
-0.491368
-0.472862
-0.463421
-0.481964
-0.491399
-0.509895
-0.536735
-0.570863
-0.610955
-0.655447
-0.702616
-0.750634
-0.797646
-0.841838
-0.881515
-0.915161
-0.941517
-0.95961
-0.968788
-0.968785
-0.95961
-0.941542
-0.91521
-0.88158
-0.84192
-0.797744
-0.750748
-0.702746
-0.655593
-0.611116
-0.57104
-0.536925
-0.510097
-0.491609
-0.48218
-0.48218
-0.491609
-0.510097
-0.536925
-0.57104
-0.611116
-0.655593
-0.702746
-0.750748
-0.797744
-0.84192
-0.88158
-0.91521
-0.941542
-0.95961
-0.968785
-0.968788
-0.95961
-0.941517
-0.915161
-0.881515
-0.841838
-0.797646
-0.750634
-0.702616
-0.655447
-0.610955
-0.570863
-0.536735
-0.509895
-0.491399
-0.481964
-0.491451
-0.500882
-0.519371
-0.546203
-0.580319
-0.620396
-0.664871
-0.712021
-0.760018
-0.807004
-0.851168
-0.890811
-0.924421
-0.950732
-0.968785
-0.977944
-0.977944
-0.968788
-0.950747
-0.924444
-0.890841
-0.851203
-0.807045
-0.760064
-0.712073
-0.664928
-0.620457
-0.580385
-0.546273
-0.519445
-0.500958
-0.491529
-0.491529
-0.500958
-0.519445
-0.546273
-0.580385
-0.620457
-0.664928
-0.712073
-0.760064
-0.807045
-0.851203
-0.890841
-0.924444
-0.950747
-0.968788
-0.977944
-0.977944
-0.968785
-0.950732
-0.924421
-0.890811
-0.851168
-0.807004
-0.760018
-0.712021
-0.664871
-0.620396
-0.580319
-0.546203
-0.519371
-0.500882
-0.491451
-0.491529
-0.500958
-0.519445
-0.546273
-0.580385
-0.620457
-0.664928
-0.712073
-0.760064
-0.807045
-0.851203
-0.890841
-0.924444
-0.950747
-0.968788
-0.977944
-0.977944
-0.968785
-0.950732
-0.924421
-0.890811
-0.851168
-0.807004
-0.760018
-0.712021
-0.664871
-0.620396
-0.580319
-0.546203
-0.519371
-0.500882
-0.491451
-0.491451
-0.500882
-0.519371
-0.546203
-0.580319
-0.620396
-0.664871
-0.712021
-0.760018
-0.807004
-0.851168
-0.890811
-0.924421
-0.950732
-0.968785
-0.977944
-0.977944
-0.968788
-0.950747
-0.924444
-0.890841
-0.851203
-0.807045
-0.760064
-0.712073
-0.664928
-0.620457
-0.580385
-0.546273
-0.519445
-0.500958
-0.491529
-0.48218
-0.491609
-0.510097
-0.536925
-0.57104
-0.611116
-0.655593
-0.702746
-0.750748
-0.797744
-0.84192
-0.88158
-0.91521
-0.941542
-0.95961
-0.968785
-0.968788
-0.95961
-0.941517
-0.915161
-0.881515
-0.841838
-0.797646
-0.750634
-0.702616
-0.655447
-0.610955
-0.570863
-0.536735
-0.509895
-0.491399
-0.481964
-0.481964
-0.491399
-0.509895
-0.536735
-0.570863
-0.610955
-0.655447
-0.702616
-0.750634
-0.797646
-0.841838
-0.881515
-0.915161
-0.941517
-0.95961
-0.968788
-0.968785
-0.95961
-0.941542
-0.91521
-0.88158
-0.84192
-0.797744
-0.750748
-0.702746
-0.655593
-0.611116
-0.57104
-0.536925
-0.510097
-0.491609
-0.48218
-0.463739
-0.473168
-0.491659
-0.518492
-0.552615
-0.592702
-0.637194
-0.684366
-0.732392
-0.779417
-0.82363
-0.863332
-0.89701
-0.923397
-0.941517
-0.950732
-0.950747
-0.941542
-0.923397
-0.896979
-0.863275
-0.823547
-0.779308
-0.732256
-0.684203
-0.637003
-0.592484
-0.55237
-0.518223
-0.491368
-0.472862
-0.463421
-0.463421
-0.472862
-0.491368
-0.518223
-0.55237
-0.592484
-0.637003
-0.684203
-0.732256
-0.779308
-0.823547
-0.863275
-0.896979
-0.923397
-0.941542
-0.950747
-0.950732
-0.941517
-0.923397
-0.89701
-0.863332
-0.82363
-0.779417
-0.732392
-0.684366
-0.637194
-0.592702
-0.552615
-0.518492
-0.491659
-0.473168
-0.463739
-0.436917
-0.446347
-0.464843
-0.491684
-0.52582
-0.565923
-0.610437
-0.657637
-0.705697
-0.752764
-0.797025
-0.836784
-0.870526
-0.896979
-0.915161
-0.924421
-0.924444
-0.91521
-0.89701
-0.870526
-0.836755
-0.796967
-0.752672
-0.70557
-0.657472
-0.610233
-0.56568
-0.525538
-0.491367
-0.464494
-0.445976
-0.436528
-0.436528
-0.445976
-0.464494
-0.491367
-0.525538
-0.56568
-0.610233
-0.657472
-0.70557
-0.752672
-0.796967
-0.836755
-0.870526
-0.89701
-0.91521
-0.924444
-0.924421
-0.915161
-0.896979
-0.870526
-0.836784
-0.797025
-0.752764
-0.705697
-0.657637
-0.610437
-0.565923
-0.52582
-0.491684
-0.464843
-0.446347
-0.436917
-0.402753
-0.412185
-0.430687
-0.457538
-0.49169
-0.531815
-0.576356
-0.62359
-0.671692
-0.718807
-0.763124
-0.802946
-0.836755
-0.863275
-0.881515
-0.890811
-0.890841
-0.88158
-0.863332
-0.836784
-0.802946
-0.763093
-0.718739
-0.671582
-0.623435
-0.576153
-0.531562
-0.491388
-0.45719
-0.430297
-0.411765
-0.402309
-0.402309
-0.411765
-0.430297
-0.45719
-0.491388
-0.531562
-0.576153
-0.623435
-0.671582
-0.718739
-0.763093
-0.802946
-0.836784
-0.863332
-0.88158
-0.890841
-0.890811
-0.881515
-0.863275
-0.836755
-0.802946
-0.763124
-0.718807
-0.671692
-0.62359
-0.576356
-0.531815
-0.49169
-0.457538
-0.430687
-0.412185
-0.402753
-0.362558
-0.371992
-0.3905
-0.417363
-0.451532
-0.49168
-0.536252
-0.583523
-0.631668
-0.678834
-0.723209
-0.763093
-0.796967
-0.823547
-0.841838
-0.851168
-0.851203
-0.84192
-0.82363
-0.797025
-0.763124
-0.723209
-0.678796
-0.631584
-0.583387
-0.53606
-0.49143
-0.451222
-0.416998
-0.390084
-0.371537
-0.362072
-0.362072
-0.371537
-0.390084
-0.416998
-0.451222
-0.49143
-0.53606
-0.583387
-0.631584
-0.678796
-0.723209
-0.763124
-0.797025
-0.82363
-0.84192
-0.851203
-0.851168
-0.841838
-0.823547
-0.796967
-0.763093
-0.723209
-0.678834
-0.631668
-0.583523
-0.536252
-0.49168
-0.451532
-0.417363
-0.3905
-0.371992
-0.362558
-0.31787
-0.327305
-0.345819
-0.372692
-0.406878
-0.44705
-0.491652
-0.53896
-0.587149
-0.634366
-0.678796
-0.718739
-0.752672
-0.779308
-0.797646
-0.807004
-0.807045
-0.797744
-0.779417
-0.752764
-0.718807
-0.678834
-0.634366
-0.587102
-0.538856
-0.491486
-0.446818
-0.406578
-0.372327
-0.345393
-0.326833
-0.31736
-0.31736
-0.326833
-0.345393
-0.372327
-0.406578
-0.446818
-0.491486
-0.538856
-0.587102
-0.634366
-0.678834
-0.718807
-0.752764
-0.779417
-0.797744
-0.807045
-0.807004
-0.797646
-0.779308
-0.752672
-0.718739
-0.678796
-0.634366
-0.587149
-0.53896
-0.491652
-0.44705
-0.406878
-0.372692
-0.345819
-0.327305
-0.31787
-0.270402
-0.279837
-0.298355
-0.325237
-0.359438
-0.399632
-0.444262
-0.491606
-0.539837
-0.587102
-0.631584
-0.671582
-0.70557
-0.732256
-0.750634
-0.760018
-0.760064
-0.750748
-0.732392
-0.705697
-0.671692
-0.631668
-0.587149
-0.539837
-0.491548
-0.444138
-0.399435
-0.359165
-0.32489
-0.297938
-0.279366
-0.269885
-0.269885
-0.279366
-0.297938
-0.32489
-0.359165
-0.399435
-0.444138
-0.491548
-0.539837
-0.587149
-0.631668
-0.671692
-0.705697
-0.732392
-0.750748
-0.760064
-0.760018
-0.750634
-0.732256
-0.70557
-0.671582
-0.631584
-0.587102
-0.539837
-0.491606
-0.444262
-0.399632
-0.359438
-0.325237
-0.298355
-0.279837
-0.270402
-0.221976
-0.23141
-0.24993
-0.276819
-0.311032
-0.351244
-0.395901
-0.443277
-0.491548
-0.538856
-0.583387
-0.623435
-0.657472
-0.684203
-0.702616
-0.712021
-0.712073
-0.702746
-0.684366
-0.657637
-0.62359
-0.583522
-0.53896
-0.491606
-0.443277
-0.395833
-0.351099
-0.310804
-0.276509
-0.249542
-0.23096
-0.221473
-0.221473
-0.23096
-0.249542
-0.276509
-0.310804
-0.351099
-0.395833
-0.443277
-0.491606
-0.53896
-0.583522
-0.62359
-0.657637
-0.684366
-0.702746
-0.712073
-0.712021
-0.702616
-0.684203
-0.657472
-0.623435
-0.583387
-0.538856
-0.491548
-0.443277
-0.395901
-0.351244
-0.311032
-0.276819
-0.24993
-0.23141
-0.221976
-0.174457
-0.183888
-0.202407
-0.229299
-0.263521
-0.303748
-0.348427
-0.395833
-0.444138
-0.491486
-0.53606
-0.576153
-0.610233
-0.637003
-0.655447
-0.664871
-0.664928
-0.655593
-0.637194
-0.610437
-0.576356
-0.536252
-0.491652
-0.444262
-0.395901
-0.348427
-0.303669
-0.263355
-0.229044
-0.202067
-0.183477
-0.173985
-0.173985
-0.183477
-0.202067
-0.229044
-0.263355
-0.303669
-0.348427
-0.395901
-0.444262
-0.491652
-0.536252
-0.576356
-0.610437
-0.637194
-0.655593
-0.664928
-0.664871
-0.655447
-0.637003
-0.610233
-0.576153
-0.53606
-0.491486
-0.444138
-0.395833
-0.348427
-0.303748
-0.263521
-0.229299
-0.202407
-0.183888
-0.174457
-0.129672
-0.139099
-0.157616
-0.184507
-0.218734
-0.258973
-0.303669
-0.351099
-0.399435
-0.446818
-0.49143
-0.531562
-0.56568
-0.592484
-0.610955
-0.620396
-0.620457
-0.611116
-0.592702
-0.565923
-0.531815
-0.49168
-0.44705
-0.399632
-0.351244
-0.303748
-0.258973
-0.218644
-0.184324
-0.15734
-0.138746
-0.129251
-0.129251
-0.138746
-0.15734
-0.184324
-0.218644
-0.258973
-0.303748
-0.351244
-0.399632
-0.44705
-0.49168
-0.531815
-0.565923
-0.592702
-0.611116
-0.620457
-0.620396
-0.610955
-0.592484
-0.56568
-0.531562
-0.49143
-0.446818
-0.399435
-0.351099
-0.303669
-0.258973
-0.218734
-0.184507
-0.157616
-0.139099
-0.129672
-0.0893488
-0.0987694
-0.117281
-0.144171
-0.178398
-0.218645
-0.263355
-0.310804
-0.359165
-0.406578
-0.451222
-0.491388
-0.525538
-0.55237
-0.570863
-0.580319
-0.580385
-0.57104
-0.552615
-0.52582
-0.49169
-0.451532
-0.406878
-0.359438
-0.311032
-0.263521
-0.218734
-0.178398
-0.144074
-0.117089
-0.0984927
-0.0889958
-0.0889958
-0.0984927
-0.117089
-0.144074
-0.178398
-0.218734
-0.263521
-0.311032
-0.359438
-0.406878
-0.451532
-0.49169
-0.52582
-0.552615
-0.57104
-0.580385
-0.580319
-0.570863
-0.55237
-0.525538
-0.491388
-0.451222
-0.406578
-0.359165
-0.310804
-0.263355
-0.218645
-0.178398
-0.144171
-0.117281
-0.0987694
-0.0893488
-0.0550417
-0.0644559
-0.082962
-0.109847
-0.144074
-0.184324
-0.229044
-0.276509
-0.32489
-0.372327
-0.416998
-0.45719
-0.491367
-0.518223
-0.536735
-0.546203
-0.546273
-0.536925
-0.518492
-0.491684
-0.457538
-0.417363
-0.372692
-0.325237
-0.276819
-0.229299
-0.184507
-0.144171
-0.109847
-0.0828632
-0.064268
-0.0547709
-0.0547709
-0.064268
-0.0828632
-0.109847
-0.144171
-0.184507
-0.229299
-0.276819
-0.325237
-0.372692
-0.417363
-0.457538
-0.491684
-0.518492
-0.536925
-0.546273
-0.546203
-0.536735
-0.518223
-0.491367
-0.45719
-0.416998
-0.372327
-0.32489
-0.276509
-0.229044
-0.184324
-0.144074
-0.109847
-0.082962
-0.0644559
-0.0550417
-0.028074
-0.0374816
-0.0559819
-0.0828632
-0.117089
-0.157341
-0.202067
-0.249542
-0.297938
-0.345393
-0.390084
-0.430297
-0.464494
-0.491368
-0.509895
-0.519371
-0.519445
-0.510097
-0.491659
-0.464843
-0.430687
-0.3905
-0.345819
-0.298355
-0.24993
-0.202407
-0.157616
-0.117281
-0.082962
-0.0559819
-0.037389
-0.0278927
-0.0278927
-0.037389
-0.0559819
-0.082962
-0.117281
-0.157616
-0.202407
-0.24993
-0.298355
-0.345819
-0.3905
-0.430687
-0.464843
-0.491659
-0.510097
-0.519445
-0.519371
-0.509895
-0.491368
-0.464494
-0.430297
-0.390084
-0.345393
-0.297938
-0.249542
-0.202067
-0.157341
-0.117089
-0.0828632
-0.0559819
-0.0374816
-0.028074
-0.00949044
-0.0188929
-0.037389
-0.064268
-0.0984927
-0.138746
-0.183477
-0.23096
-0.279366
-0.326833
-0.371537
-0.411765
-0.445976
-0.472862
-0.491399
-0.500882
-0.500958
-0.491609
-0.473168
-0.446347
-0.412185
-0.371992
-0.327305
-0.279837
-0.23141
-0.183888
-0.139099
-0.0987694
-0.0644558
-0.0374816
-0.0188929
-0.00939897
-0.00939897
-0.0188929
-0.0374816
-0.0644559
-0.0987694
-0.139099
-0.183888
-0.23141
-0.279837
-0.327305
-0.371992
-0.412185
-0.446347
-0.473168
-0.491609
-0.500958
-0.500882
-0.491399
-0.472862
-0.445976
-0.411765
-0.371537
-0.326833
-0.279366
-0.23096
-0.183477
-0.138746
-0.0984927
-0.064268
-0.037389
-0.0188929
-0.00949044
7.68675e-10
-0.00939897
-0.0278927
-0.0547709
-0.0889958
-0.129251
-0.173985
-0.221473
-0.269885
-0.31736
-0.362072
-0.402309
-0.436528
-0.463421
-0.481964
-0.491451
-0.491529
-0.48218
-0.463739
-0.436917
-0.402753
-0.362558
-0.31787
-0.270402
-0.221976
-0.174457
-0.129672
-0.0893488
-0.0550417
-0.028074
-0.00949044
6.41164e-09
6.28426e-09
-0.00949044
-0.028074
-0.0550417
-0.0893488
-0.129672
-0.174457
-0.221976
-0.270402
-0.31787
-0.362558
-0.402753
-0.436917
-0.463739
-0.48218
-0.491529
-0.491451
-0.481964
-0.463421
-0.436528
-0.402309
-0.362072
-0.31736
-0.269885
-0.221473
-0.173985
-0.129251
-0.0889958
-0.0547709
-0.0278927
-0.00939897
9.23679e-10
)
;

boundaryField
{
    top
    {
        type            cyclic;
    }
    bottom
    {
        type            cyclic;
    }
    left
    {
        type            cyclic;
    }
    right
    {
        type            cyclic;
    }
    frontAndBack
    {
        type            empty;
    }
}


// ************************************************************************* //
