/*--------------------------------*- C++ -*----------------------------------*\
  =========                 |
  \\      /  F ield         | OpenFOAM: The Open Source CFD Toolbox
   \\    /   O peration     | Website:  https://openfoam.org
    \\  /    A nd           | Version:  11
     \\/     M anipulation  |
\*---------------------------------------------------------------------------*/
FoamFile
{
    format      ascii;
    class       volScalarField;
    location    "7";
    object      p;
}
// * * * * * * * * * * * * * * * * * * * * * * * * * * * * * * * * * * * * * //

dimensions      [0 2 -2 0 0 0 0];

internalField   nonuniform List<scalar> 
4096
(
-3.20983e-08
0.00822604
0.0243869
0.0478681
0.0777812
0.112986
0.152135
0.193725
0.236159
0.277802
0.31705
0.35239
0.382457
0.406089
0.422371
0.430673
0.430673
0.422371
0.406089
0.382457
0.35239
0.31705
0.277802
0.236159
0.193725
0.152135
0.112986
0.0777812
0.0478681
0.0243869
0.00822604
-2.83555e-08
-2.71025e-08
0.00822384
0.0243786
0.0478548
0.0777637
0.112964
0.152109
0.193696
0.236125
0.277764
0.317008
0.352344
0.382407
0.406036
0.422316
0.430617
0.430617
0.422316
0.406036
0.382407
0.352344
0.317008
0.277764
0.236125
0.193696
0.152109
0.112964
0.0777637
0.0478548
0.0243786
0.00822384
-2.9011e-08
0.00822384
0.0164538
0.032625
0.0561189
0.0860434
0.121259
0.160418
0.202019
0.244462
0.286114
0.32537
0.360717
0.39079
0.414427
0.430713
0.439018
0.439018
0.430713
0.414427
0.39079
0.360717
0.32537
0.286114
0.244462
0.202019
0.160418
0.121259
0.0860434
0.0561189
0.032625
0.0164538
0.00822384
0.00822605
0.0164538
0.0326115
0.0560921
0.0860052
0.12121
0.160357
0.201945
0.244376
0.286015
0.325258
0.360593
0.390655
0.414282
0.430561
0.438861
0.438861
0.430561
0.414282
0.390655
0.360593
0.325258
0.286015
0.244376
0.201945
0.160357
0.12121
0.0860052
0.0560921
0.0326115
0.0164538
0.00822604
0.0243786
0.0326115
0.0487936
0.0723036
0.102244
0.137476
0.176651
0.218266
0.260723
0.302387
0.341655
0.377012
0.407094
0.430738
0.447029
0.455337
0.455337
0.447029
0.430738
0.407094
0.377012
0.341655
0.302387
0.260723
0.218266
0.176651
0.137476
0.102244
0.0723036
0.0487936
0.0326115
0.0243786
0.0243869
0.032625
0.0487936
0.0722861
0.102211
0.137425
0.176582
0.218177
0.260613
0.302257
0.341503
0.376839
0.406902
0.430529
0.446807
0.455107
0.455107
0.446807
0.430529
0.406902
0.376839
0.341503
0.302257
0.260613
0.218177
0.176582
0.137425
0.102211
0.0722861
0.0487936
0.032625
0.0243869
0.0478548
0.0560921
0.0722861
0.0958134
0.125773
0.161023
0.200217
0.24185
0.284324
0.326004
0.365286
0.400655
0.430748
0.4544
0.470697
0.479009
0.479009
0.470697
0.4544
0.430748
0.400655
0.365286
0.326004
0.284324
0.24185
0.200217
0.161023
0.125773
0.0958134
0.072286
0.0560921
0.0478548
0.0478682
0.0561189
0.0723036
0.0958134
0.125755
0.160985
0.200156
0.241764
0.28421
0.325861
0.365113
0.400453
0.430518
0.454147
0.470425
0.478724
0.478724
0.470425
0.454147
0.430518
0.400453
0.365113
0.325861
0.284209
0.241764
0.200156
0.160985
0.125755
0.0958134
0.0723036
0.0561189
0.0478682
0.0777637
0.0860052
0.102211
0.125755
0.155734
0.191005
0.230219
0.271871
0.314363
0.356061
0.395358
0.430742
0.460845
0.484507
0.500811
0.509127
0.509127
0.500811
0.484507
0.460845
0.430742
0.395358
0.356061
0.314363
0.271871
0.230219
0.191005
0.155734
0.125755
0.102211
0.0860052
0.0777637
0.0777812
0.0860434
0.102244
0.125773
0.155734
0.190984
0.230172
0.271794
0.314253
0.355915
0.395175
0.430522
0.460591
0.484221
0.500501
0.508799
0.508799
0.500501
0.484221
0.460591
0.430522
0.395175
0.355915
0.314253
0.271794
0.230172
0.190984
0.155734
0.125773
0.102244
0.0860434
0.0777812
0.112964
0.12121
0.137425
0.160985
0.190984
0.226274
0.265508
0.307181
0.349692
0.391407
0.430721
0.466118
0.496234
0.519906
0.536216
0.544537
0.544537
0.536216
0.519906
0.496234
0.466118
0.430721
0.391407
0.349692
0.307181
0.265508
0.226274
0.190984
0.160985
0.137425
0.12121
0.112964
0.112986
0.121259
0.137476
0.161023
0.191005
0.226274
0.265481
0.307121
0.349594
0.391268
0.430538
0.465891
0.495965
0.519598
0.535879
0.544177
0.544177
0.535879
0.519598
0.495965
0.465891
0.430538
0.391268
0.349594
0.307121
0.265481
0.226274
0.191005
0.161023
0.137476
0.121259
0.112986
0.152109
0.160357
0.176582
0.200156
0.230172
0.265481
0.304734
0.346426
0.388955
0.430688
0.470017
0.505428
0.535556
0.559238
0.575555
0.58388
0.58388
0.575555
0.559238
0.535556
0.505428
0.470017
0.430688
0.388955
0.346426
0.304734
0.265481
0.230172
0.200156
0.176582
0.160357
0.152109
0.152135
0.160418
0.176651
0.200217
0.230219
0.265508
0.304734
0.346392
0.38888
0.430567
0.469847
0.505207
0.535286
0.558923
0.575204
0.583502
0.583502
0.575204
0.558923
0.535286
0.505207
0.469847
0.430567
0.38888
0.346391
0.304734
0.265508
0.230219
0.200217
0.176651
0.160418
0.152135
0.193696
0.201945
0.218177
0.241764
0.271794
0.307121
0.346392
0.388101
0.430647
0.472395
0.511739
0.547164
0.577303
0.600993
0.617317
0.625647
0.625647
0.617317
0.600993
0.577303
0.547164
0.511739
0.472395
0.430647
0.388101
0.346391
0.307121
0.271794
0.241764
0.218177
0.201945
0.193696
0.193725
0.202019
0.218266
0.24185
0.271871
0.307181
0.346426
0.388101
0.430605
0.472304
0.511594
0.546963
0.577046
0.600685
0.616968
0.625265
0.625265
0.616968
0.600685
0.577046
0.546963
0.511594
0.472304
0.430605
0.388101
0.346426
0.307181
0.271871
0.24185
0.218266
0.202019
0.193725
0.236125
0.244376
0.260613
0.284209
0.314253
0.349594
0.38888
0.430605
0.473166
0.514928
0.554285
0.589721
0.61987
0.643569
0.659899
0.668232
0.668232
0.659899
0.643569
0.61987
0.589721
0.554285
0.514928
0.473166
0.430605
0.38888
0.349594
0.314253
0.284209
0.260613
0.244376
0.236125
0.236159
0.244462
0.260723
0.284324
0.314363
0.349692
0.388955
0.430647
0.473166
0.514878
0.554178
0.589553
0.619641
0.643283
0.659566
0.667861
0.667861
0.659566
0.643283
0.619641
0.589553
0.554178
0.514878
0.473166
0.430647
0.388955
0.349692
0.314363
0.284324
0.260723
0.244462
0.236159
0.277764
0.286015
0.302257
0.325861
0.355915
0.391268
0.430567
0.472304
0.514878
0.556652
0.596019
0.631465
0.661622
0.685328
0.701663
0.71
0.71
0.701663
0.685328
0.661622
0.631465
0.596019
0.556652
0.514878
0.472304
0.430567
0.391268
0.355915
0.325861
0.302257
0.286015
0.277764
0.277802
0.286114
0.302387
0.326004
0.356061
0.391407
0.430688
0.472395
0.514928
0.556652
0.595961
0.631343
0.661435
0.685078
0.701361
0.709655
0.709655
0.701361
0.685078
0.661435
0.631343
0.595961
0.556652
0.514928
0.472395
0.430688
0.391407
0.356061
0.326004
0.302387
0.286114
0.277802
0.317008
0.325258
0.341503
0.365113
0.395175
0.430538
0.469847
0.511594
0.554178
0.595961
0.635337
0.67079
0.700953
0.724664
0.741004
0.749344
0.749344
0.741004
0.724664
0.700953
0.67079
0.635337
0.595961
0.554178
0.511594
0.469847
0.430538
0.395175
0.365113
0.341503
0.325258
0.317008
0.31705
0.32537
0.341655
0.365286
0.395358
0.430721
0.470017
0.511739
0.554285
0.596019
0.635337
0.670724
0.700819
0.724464
0.740747
0.749038
0.749038
0.740747
0.724464
0.700819
0.670724
0.635337
0.596019
0.554285
0.511739
0.470017
0.430721
0.395358
0.365286
0.341655
0.32537
0.31705
0.352344
0.360593
0.376839
0.400453
0.430522
0.465891
0.505207
0.546963
0.589553
0.631343
0.670724
0.706182
0.73635
0.760064
0.776407
0.784749
0.784749
0.776407
0.760064
0.73635
0.706182
0.670724
0.631343
0.589553
0.546963
0.505207
0.465891
0.430522
0.400453
0.376839
0.360593
0.352344
0.35239
0.360717
0.377012
0.400655
0.430742
0.466118
0.505428
0.547164
0.589721
0.631465
0.67079
0.706182
0.73628
0.759925
0.776207
0.784496
0.784496
0.776207
0.759925
0.73628
0.706182
0.67079
0.631465
0.589721
0.547164
0.505428
0.466118
0.430742
0.400655
0.377012
0.360717
0.35239
0.382407
0.390655
0.406902
0.430518
0.460591
0.495965
0.535286
0.577046
0.619641
0.661435
0.700819
0.73628
0.76645
0.790166
0.806511
0.814854
0.814854
0.806511
0.790166
0.76645
0.73628
0.700819
0.661435
0.619641
0.577046
0.535286
0.495965
0.460591
0.430518
0.406902
0.390655
0.382407
0.382457
0.39079
0.407094
0.430748
0.460845
0.496234
0.535556
0.577303
0.61987
0.661622
0.700953
0.73635
0.76645
0.790096
0.806376
0.814662
0.814662
0.806376
0.790096
0.76645
0.73635
0.700953
0.661622
0.61987
0.577303
0.535556
0.496234
0.460845
0.430748
0.407094
0.39079
0.382457
0.406036
0.414282
0.430529
0.454147
0.484221
0.519598
0.558923
0.600685
0.643283
0.685078
0.724464
0.759925
0.790096
0.813812
0.830158
0.838501
0.838501
0.830158
0.813812
0.790096
0.759925
0.724464
0.685078
0.643283
0.600685
0.558923
0.519598
0.484221
0.454147
0.430529
0.414282
0.406036
0.406089
0.414427
0.430738
0.4544
0.484507
0.519906
0.559238
0.600993
0.643569
0.685328
0.724664
0.760064
0.790166
0.813812
0.830091
0.838374
0.838374
0.830091
0.813812
0.790166
0.760064
0.724664
0.685328
0.643569
0.600993
0.559238
0.519906
0.484507
0.4544
0.430738
0.414427
0.406089
0.422316
0.430561
0.446807
0.470425
0.500501
0.535879
0.575204
0.616968
0.659566
0.701361
0.740747
0.776207
0.806376
0.830091
0.846435
0.854777
0.854777
0.846435
0.830091
0.806376
0.776207
0.740747
0.701361
0.659566
0.616968
0.575204
0.535879
0.500501
0.470425
0.446807
0.430561
0.422316
0.422371
0.430713
0.447029
0.470697
0.500811
0.536216
0.575555
0.617317
0.659899
0.701663
0.741004
0.776407
0.806511
0.830158
0.846435
0.854715
0.854715
0.846435
0.830158
0.806511
0.776407
0.741004
0.701663
0.659899
0.617317
0.575555
0.536216
0.500811
0.470697
0.447029
0.430713
0.422371
0.430617
0.438861
0.455107
0.478724
0.508799
0.544177
0.583502
0.625265
0.667861
0.709655
0.749038
0.784496
0.814662
0.838374
0.854715
0.863055
0.863055
0.854715
0.838374
0.814662
0.784496
0.749038
0.709655
0.667861
0.625265
0.583502
0.544177
0.508799
0.478724
0.455107
0.438861
0.430617
0.430673
0.439018
0.455337
0.479009
0.509127
0.544537
0.58388
0.625647
0.668232
0.71
0.749344
0.784749
0.814854
0.838501
0.854777
0.863055
0.863055
0.854777
0.838501
0.814854
0.784749
0.749344
0.71
0.668232
0.625647
0.58388
0.544537
0.509127
0.479009
0.455337
0.439018
0.430673
0.430617
0.438861
0.455107
0.478724
0.508799
0.544177
0.583502
0.625265
0.667861
0.709655
0.749038
0.784496
0.814662
0.838374
0.854715
0.863055
0.863055
0.854715
0.838374
0.814662
0.784496
0.749038
0.709655
0.667861
0.625265
0.583502
0.544177
0.508799
0.478724
0.455107
0.438861
0.430617
0.430673
0.439018
0.455337
0.479009
0.509127
0.544537
0.58388
0.625647
0.668232
0.71
0.749344
0.784749
0.814854
0.838501
0.854777
0.863055
0.863055
0.854777
0.838501
0.814854
0.784749
0.749344
0.71
0.668232
0.625647
0.58388
0.544537
0.509127
0.479009
0.455337
0.439018
0.430673
0.422316
0.430561
0.446807
0.470425
0.500501
0.535879
0.575204
0.616968
0.659566
0.701361
0.740747
0.776207
0.806376
0.830091
0.846435
0.854777
0.854777
0.846435
0.830091
0.806376
0.776207
0.740747
0.701361
0.659566
0.616968
0.575204
0.535879
0.500501
0.470425
0.446807
0.430561
0.422316
0.422371
0.430713
0.447029
0.470697
0.500811
0.536216
0.575555
0.617317
0.659899
0.701663
0.741004
0.776407
0.806511
0.830158
0.846435
0.854715
0.854715
0.846435
0.830158
0.806511
0.776407
0.741004
0.701663
0.659899
0.617317
0.575555
0.536216
0.500811
0.470697
0.447029
0.430713
0.422371
0.406036
0.414282
0.430529
0.454147
0.484221
0.519598
0.558923
0.600685
0.643283
0.685078
0.724464
0.759925
0.790096
0.813812
0.830158
0.838501
0.838501
0.830158
0.813812
0.790096
0.759925
0.724464
0.685078
0.643283
0.600685
0.558923
0.519598
0.484221
0.454147
0.430529
0.414282
0.406036
0.406089
0.414427
0.430738
0.4544
0.484507
0.519906
0.559238
0.600993
0.643569
0.685328
0.724664
0.760064
0.790166
0.813812
0.830091
0.838374
0.838374
0.830091
0.813812
0.790166
0.760064
0.724664
0.685328
0.643569
0.600993
0.559238
0.519906
0.484507
0.4544
0.430738
0.414427
0.406089
0.382407
0.390655
0.406902
0.430518
0.460591
0.495965
0.535286
0.577046
0.619641
0.661435
0.700819
0.73628
0.76645
0.790166
0.806511
0.814854
0.814854
0.806511
0.790166
0.76645
0.73628
0.700819
0.661435
0.619641
0.577046
0.535286
0.495965
0.460591
0.430518
0.406902
0.390655
0.382407
0.382457
0.39079
0.407094
0.430748
0.460845
0.496234
0.535556
0.577303
0.61987
0.661622
0.700953
0.73635
0.76645
0.790096
0.806376
0.814662
0.814662
0.806376
0.790096
0.76645
0.73635
0.700953
0.661622
0.61987
0.577303
0.535556
0.496234
0.460845
0.430748
0.407094
0.39079
0.382457
0.352344
0.360593
0.376839
0.400453
0.430522
0.465891
0.505207
0.546963
0.589553
0.631343
0.670724
0.706182
0.73635
0.760064
0.776407
0.784749
0.784749
0.776407
0.760064
0.73635
0.706182
0.670724
0.631343
0.589553
0.546963
0.505207
0.465891
0.430522
0.400453
0.376839
0.360593
0.352344
0.35239
0.360717
0.377012
0.400655
0.430742
0.466118
0.505428
0.547164
0.589721
0.631465
0.67079
0.706182
0.73628
0.759925
0.776207
0.784496
0.784496
0.776207
0.759925
0.73628
0.706182
0.67079
0.631465
0.589721
0.547164
0.505428
0.466118
0.430742
0.400655
0.377012
0.360717
0.35239
0.317008
0.325258
0.341503
0.365113
0.395175
0.430538
0.469847
0.511594
0.554178
0.595961
0.635337
0.67079
0.700953
0.724664
0.741004
0.749344
0.749344
0.741004
0.724664
0.700953
0.67079
0.635337
0.595961
0.554178
0.511594
0.469847
0.430538
0.395175
0.365113
0.341503
0.325258
0.317008
0.31705
0.32537
0.341655
0.365286
0.395358
0.430721
0.470017
0.511739
0.554285
0.596019
0.635337
0.670724
0.700819
0.724464
0.740747
0.749038
0.749038
0.740747
0.724464
0.700819
0.670724
0.635337
0.596019
0.554285
0.511739
0.470017
0.430721
0.395358
0.365286
0.341655
0.32537
0.31705
0.277764
0.286015
0.302257
0.325861
0.355915
0.391268
0.430567
0.472304
0.514878
0.556652
0.596019
0.631465
0.661622
0.685328
0.701663
0.71
0.71
0.701663
0.685328
0.661622
0.631465
0.596019
0.556652
0.514878
0.472304
0.430567
0.391268
0.355915
0.325861
0.302257
0.286015
0.277764
0.277802
0.286114
0.302387
0.326004
0.356061
0.391407
0.430688
0.472395
0.514928
0.556652
0.595961
0.631343
0.661435
0.685078
0.701361
0.709655
0.709655
0.701361
0.685078
0.661435
0.631343
0.595961
0.556652
0.514928
0.472395
0.430688
0.391407
0.356061
0.326004
0.302387
0.286114
0.277802
0.236125
0.244376
0.260613
0.28421
0.314253
0.349594
0.38888
0.430605
0.473166
0.514928
0.554285
0.589721
0.61987
0.643569
0.659899
0.668232
0.668232
0.659899
0.643569
0.61987
0.589721
0.554285
0.514928
0.473166
0.430605
0.38888
0.349594
0.314253
0.284209
0.260613
0.244376
0.236125
0.236159
0.244462
0.260723
0.284324
0.314363
0.349692
0.388955
0.430647
0.473166
0.514878
0.554178
0.589553
0.619641
0.643283
0.659566
0.667861
0.667861
0.659566
0.643283
0.619641
0.589553
0.554178
0.514878
0.473166
0.430647
0.388955
0.349692
0.314363
0.284324
0.260723
0.244462
0.236159
0.193696
0.201945
0.218177
0.241764
0.271794
0.307121
0.346392
0.388101
0.430647
0.472395
0.511739
0.547164
0.577303
0.600993
0.617317
0.625647
0.625647
0.617317
0.600993
0.577303
0.547164
0.511739
0.472395
0.430647
0.388101
0.346391
0.307121
0.271794
0.241764
0.218177
0.201945
0.193696
0.193725
0.202019
0.218266
0.24185
0.271871
0.307181
0.346426
0.388101
0.430605
0.472304
0.511594
0.546963
0.577046
0.600685
0.616968
0.625265
0.625265
0.616968
0.600685
0.577046
0.546963
0.511594
0.472304
0.430605
0.388101
0.346426
0.307181
0.271871
0.24185
0.218266
0.202019
0.193725
0.152109
0.160357
0.176582
0.200156
0.230172
0.265481
0.304734
0.346426
0.388955
0.430688
0.470017
0.505428
0.535556
0.559238
0.575555
0.58388
0.58388
0.575555
0.559238
0.535556
0.505428
0.470017
0.430688
0.388955
0.346426
0.304734
0.265481
0.230172
0.200156
0.176582
0.160357
0.152109
0.152135
0.160418
0.176651
0.200217
0.230219
0.265508
0.304734
0.346391
0.38888
0.430567
0.469847
0.505207
0.535286
0.558923
0.575204
0.583502
0.583502
0.575204
0.558923
0.535286
0.505207
0.469847
0.430567
0.38888
0.346391
0.304734
0.265508
0.230219
0.200217
0.176651
0.160418
0.152135
0.112964
0.12121
0.137425
0.160985
0.190984
0.226274
0.265508
0.307181
0.349692
0.391407
0.430721
0.466118
0.496234
0.519906
0.536216
0.544537
0.544537
0.536216
0.519906
0.496234
0.466118
0.430721
0.391407
0.349692
0.307181
0.265508
0.226274
0.190984
0.160985
0.137425
0.12121
0.112964
0.112986
0.121259
0.137476
0.161023
0.191005
0.226274
0.265481
0.307121
0.349594
0.391268
0.430538
0.465891
0.495965
0.519598
0.535879
0.544177
0.544177
0.535879
0.519598
0.495965
0.465891
0.430538
0.391268
0.349594
0.307121
0.265481
0.226274
0.191005
0.161023
0.137476
0.121259
0.112986
0.0777637
0.0860052
0.102211
0.125755
0.155734
0.191005
0.230219
0.271871
0.314363
0.356061
0.395358
0.430742
0.460845
0.484507
0.500811
0.509127
0.509127
0.500811
0.484507
0.460845
0.430742
0.395358
0.356061
0.314363
0.271871
0.230219
0.191005
0.155734
0.125755
0.102211
0.0860052
0.0777637
0.0777812
0.0860434
0.102244
0.125773
0.155734
0.190984
0.230172
0.271794
0.314253
0.355915
0.395175
0.430522
0.460591
0.484221
0.500501
0.508799
0.508799
0.500501
0.484221
0.460591
0.430522
0.395175
0.355915
0.314253
0.271794
0.230172
0.190984
0.155734
0.125773
0.102244
0.0860434
0.0777812
0.0478548
0.0560921
0.0722861
0.0958134
0.125773
0.161023
0.200217
0.24185
0.284324
0.326004
0.365286
0.400655
0.430748
0.4544
0.470697
0.479009
0.479009
0.470697
0.4544
0.430748
0.400655
0.365286
0.326004
0.284324
0.24185
0.200217
0.161023
0.125773
0.0958134
0.0722861
0.0560921
0.0478548
0.0478682
0.0561189
0.0723036
0.0958134
0.125755
0.160985
0.200156
0.241764
0.28421
0.325861
0.365113
0.400453
0.430518
0.454147
0.470425
0.478724
0.478724
0.470425
0.454147
0.430518
0.400453
0.365113
0.325861
0.284209
0.241764
0.200156
0.160985
0.125755
0.0958134
0.0723036
0.0561189
0.0478682
0.0243786
0.0326115
0.0487936
0.0723036
0.102244
0.137476
0.176651
0.218266
0.260723
0.302387
0.341655
0.377012
0.407094
0.430738
0.447029
0.455337
0.455337
0.447029
0.430738
0.407094
0.377012
0.341655
0.302387
0.260723
0.218266
0.176651
0.137476
0.102244
0.0723036
0.0487936
0.0326115
0.0243786
0.0243869
0.032625
0.0487936
0.0722861
0.102211
0.137425
0.176582
0.218177
0.260613
0.302257
0.341503
0.376839
0.406902
0.430529
0.446807
0.455107
0.455107
0.446807
0.430529
0.406902
0.376839
0.341503
0.302257
0.260613
0.218177
0.176582
0.137425
0.102211
0.0722861
0.0487936
0.032625
0.0243869
0.00822384
0.0164538
0.032625
0.0561189
0.0860434
0.121259
0.160418
0.202019
0.244462
0.286114
0.32537
0.360717
0.39079
0.414427
0.430713
0.439018
0.439018
0.430713
0.414427
0.39079
0.360717
0.32537
0.286114
0.244462
0.202019
0.160418
0.121259
0.0860434
0.0561189
0.032625
0.0164538
0.00822384
0.00822605
0.0164538
0.0326115
0.0560921
0.0860052
0.12121
0.160357
0.201945
0.244376
0.286015
0.325258
0.360593
0.390655
0.414282
0.430561
0.438861
0.438861
0.430561
0.414282
0.390655
0.360593
0.325258
0.286015
0.244376
0.201945
0.160357
0.12121
0.0860052
0.0560921
0.0326115
0.0164538
0.00822605
-2.59219e-08
0.00822605
0.0243869
0.0478682
0.0777812
0.112986
0.152135
0.193725
0.236159
0.277802
0.31705
0.35239
0.382457
0.406089
0.422371
0.430673
0.430673
0.422371
0.406089
0.382457
0.35239
0.31705
0.277802
0.236159
0.193725
0.152135
0.112986
0.0777812
0.0478682
0.0243869
0.00822605
-2.3701e-08
-2.33014e-08
0.00822385
0.0243786
0.0478548
0.0777637
0.112964
0.152109
0.193696
0.236125
0.277764
0.317008
0.352344
0.382407
0.406036
0.422316
0.430617
0.430617
0.422316
0.406036
0.382407
0.352344
0.317008
0.277764
0.236125
0.193696
0.152109
0.112964
0.0777637
0.0478548
0.0243786
0.00822384
-2.69983e-08
-2.61523e-08
0.00822384
0.0243786
0.0478548
0.0777637
0.112964
0.152109
0.193696
0.236125
0.277764
0.317008
0.352344
0.382407
0.406036
0.422316
0.430617
0.430617
0.422316
0.406036
0.382407
0.352344
0.317008
0.277764
0.236125
0.193696
0.152109
0.112964
0.0777637
0.0478548
0.0243786
0.00822385
-2.28431e-08
-2.24401e-08
0.00822605
0.0243869
0.0478682
0.0777812
0.112986
0.152135
0.193725
0.236159
0.277802
0.31705
0.35239
0.382457
0.406089
0.422371
0.430673
0.430673
0.422371
0.406089
0.382457
0.35239
0.31705
0.277802
0.236159
0.193725
0.152135
0.112986
0.0777812
0.0478681
0.0243869
0.00822604
-2.71762e-08
0.00822605
0.0164538
0.0326115
0.0560921
0.0860052
0.12121
0.160357
0.201945
0.244376
0.286015
0.325258
0.360593
0.390655
0.414282
0.430561
0.438861
0.438861
0.430561
0.414282
0.390655
0.360593
0.325258
0.286015
0.244376
0.201945
0.160357
0.12121
0.0860052
0.0560921
0.0326115
0.0164538
0.00822605
0.00822385
0.0164538
0.032625
0.056119
0.0860434
0.121259
0.160418
0.202019
0.244462
0.286114
0.32537
0.360717
0.39079
0.414427
0.430713
0.439018
0.439018
0.430713
0.414427
0.39079
0.360717
0.32537
0.286114
0.244462
0.202019
0.160418
0.121259
0.0860434
0.0561189
0.032625
0.0164538
0.00822384
0.0243869
0.032625
0.0487936
0.0722861
0.102211
0.137425
0.176582
0.218177
0.260613
0.302257
0.341503
0.376839
0.406902
0.430529
0.446807
0.455107
0.455107
0.446807
0.430529
0.406902
0.376839
0.341503
0.302257
0.260613
0.218177
0.176582
0.137425
0.102211
0.0722861
0.0487936
0.032625
0.0243869
0.0243786
0.0326115
0.0487936
0.0723036
0.102244
0.137476
0.176651
0.218266
0.260723
0.302387
0.341655
0.377012
0.407094
0.430738
0.447029
0.455337
0.455337
0.447029
0.430738
0.407094
0.377012
0.341655
0.302387
0.260723
0.218266
0.176651
0.137476
0.102244
0.0723036
0.0487936
0.0326115
0.0243786
0.0478682
0.0561189
0.0723036
0.0958134
0.125755
0.160985
0.200156
0.241764
0.28421
0.325861
0.365113
0.400453
0.430518
0.454147
0.470425
0.478724
0.478724
0.470425
0.454147
0.430518
0.400453
0.365113
0.325861
0.284209
0.241764
0.200156
0.160985
0.125755
0.0958134
0.0723036
0.056119
0.0478682
0.0478548
0.0560921
0.0722861
0.0958134
0.125773
0.161023
0.200217
0.24185
0.284324
0.326004
0.365286
0.400655
0.430748
0.4544
0.470697
0.479009
0.479009
0.470697
0.4544
0.430748
0.400655
0.365286
0.326004
0.284324
0.24185
0.200217
0.161023
0.125773
0.0958134
0.0722861
0.0560921
0.0478548
0.0777812
0.0860434
0.102244
0.125773
0.155734
0.190984
0.230172
0.271794
0.314253
0.355915
0.395175
0.430522
0.460591
0.484221
0.500501
0.508799
0.508799
0.500501
0.484221
0.460591
0.430522
0.395175
0.355915
0.314253
0.271794
0.230172
0.190984
0.155734
0.125773
0.102244
0.0860434
0.0777812
0.0777637
0.0860052
0.102211
0.125755
0.155734
0.191005
0.230219
0.271871
0.314363
0.356061
0.395358
0.430742
0.460845
0.484507
0.500811
0.509127
0.509127
0.500811
0.484507
0.460845
0.430742
0.395358
0.356061
0.314363
0.271871
0.230219
0.191005
0.155734
0.125755
0.102211
0.0860052
0.0777637
0.112986
0.121259
0.137476
0.161023
0.191005
0.226274
0.265481
0.307121
0.349594
0.391268
0.430538
0.465891
0.495965
0.519598
0.535879
0.544177
0.544177
0.535879
0.519598
0.495965
0.465891
0.430538
0.391268
0.349594
0.307121
0.265481
0.226274
0.191005
0.161023
0.137476
0.121259
0.112986
0.112964
0.12121
0.137425
0.160985
0.190984
0.226274
0.265508
0.307181
0.349692
0.391407
0.430721
0.466118
0.496234
0.519906
0.536216
0.544537
0.544537
0.536216
0.519906
0.496234
0.466118
0.430721
0.391407
0.349692
0.307181
0.265508
0.226274
0.190984
0.160985
0.137425
0.12121
0.112964
0.152135
0.160418
0.176651
0.200217
0.230219
0.265508
0.304734
0.346392
0.38888
0.430567
0.469847
0.505207
0.535286
0.558923
0.575204
0.583502
0.583502
0.575204
0.558923
0.535286
0.505207
0.469847
0.430567
0.38888
0.346391
0.304734
0.265508
0.230219
0.200217
0.176651
0.160418
0.152135
0.152109
0.160357
0.176582
0.200156
0.230172
0.265481
0.304734
0.346426
0.388955
0.430688
0.470017
0.505428
0.535556
0.559238
0.575555
0.58388
0.58388
0.575555
0.559238
0.535556
0.505428
0.470017
0.430688
0.388955
0.346426
0.304734
0.265481
0.230172
0.200156
0.176582
0.160357
0.152109
0.193725
0.202019
0.218266
0.24185
0.271871
0.307181
0.346426
0.388101
0.430605
0.472304
0.511594
0.546963
0.577046
0.600685
0.616968
0.625265
0.625265
0.616968
0.600685
0.577046
0.546963
0.511594
0.472304
0.430605
0.388101
0.346426
0.307181
0.271871
0.24185
0.218266
0.202019
0.193725
0.193696
0.201945
0.218177
0.241764
0.271794
0.307121
0.346392
0.388101
0.430647
0.472395
0.511739
0.547164
0.577303
0.600993
0.617317
0.625647
0.625647
0.617317
0.600993
0.577303
0.547164
0.511739
0.472395
0.430647
0.388101
0.346391
0.307121
0.271794
0.241764
0.218177
0.201945
0.193696
0.236159
0.244462
0.260723
0.284324
0.314363
0.349692
0.388955
0.430647
0.473166
0.514878
0.554178
0.589553
0.619641
0.643283
0.659566
0.667861
0.667861
0.659566
0.643283
0.619641
0.589553
0.554178
0.514878
0.473166
0.430647
0.388955
0.349692
0.314363
0.284324
0.260723
0.244462
0.236159
0.236125
0.244376
0.260613
0.28421
0.314253
0.349594
0.38888
0.430605
0.473166
0.514928
0.554285
0.589721
0.61987
0.643569
0.659899
0.668232
0.668232
0.659899
0.643569
0.61987
0.589721
0.554285
0.514928
0.473166
0.430605
0.38888
0.349594
0.314253
0.284209
0.260613
0.244376
0.236125
0.277802
0.286114
0.302387
0.326004
0.356061
0.391407
0.430688
0.472395
0.514928
0.556652
0.595961
0.631343
0.661435
0.685078
0.701361
0.709655
0.709655
0.701361
0.685078
0.661435
0.631343
0.595961
0.556652
0.514928
0.472395
0.430688
0.391407
0.356061
0.326004
0.302387
0.286114
0.277802
0.277764
0.286015
0.302257
0.325861
0.355915
0.391268
0.430567
0.472304
0.514878
0.556652
0.596019
0.631465
0.661622
0.685328
0.701663
0.71
0.71
0.701663
0.685328
0.661622
0.631465
0.596019
0.556652
0.514878
0.472304
0.430567
0.391268
0.355915
0.325861
0.302257
0.286015
0.277764
0.31705
0.32537
0.341655
0.365286
0.395358
0.430721
0.470017
0.511739
0.554285
0.596019
0.635337
0.670724
0.700819
0.724464
0.740747
0.749038
0.749038
0.740747
0.724464
0.700819
0.670724
0.635337
0.596019
0.554285
0.511739
0.470017
0.430721
0.395358
0.365286
0.341655
0.32537
0.31705
0.317008
0.325258
0.341503
0.365113
0.395175
0.430538
0.469847
0.511594
0.554178
0.595961
0.635337
0.67079
0.700953
0.724664
0.741004
0.749344
0.749344
0.741004
0.724664
0.700953
0.67079
0.635337
0.595961
0.554178
0.511594
0.469847
0.430538
0.395175
0.365113
0.341503
0.325258
0.317008
0.35239
0.360717
0.377012
0.400655
0.430742
0.466118
0.505428
0.547164
0.589721
0.631465
0.67079
0.706182
0.73628
0.759925
0.776207
0.784496
0.784496
0.776207
0.759925
0.73628
0.706182
0.67079
0.631465
0.589721
0.547164
0.505428
0.466118
0.430742
0.400655
0.377012
0.360717
0.35239
0.352344
0.360593
0.376839
0.400453
0.430522
0.465891
0.505207
0.546963
0.589553
0.631343
0.670724
0.706182
0.73635
0.760064
0.776407
0.784749
0.784749
0.776407
0.760064
0.73635
0.706182
0.670724
0.631343
0.589553
0.546963
0.505207
0.465891
0.430522
0.400453
0.376839
0.360593
0.352344
0.382457
0.39079
0.407094
0.430748
0.460845
0.496234
0.535556
0.577303
0.61987
0.661622
0.700953
0.73635
0.76645
0.790096
0.806376
0.814662
0.814662
0.806376
0.790096
0.76645
0.73635
0.700953
0.661622
0.61987
0.577303
0.535556
0.496234
0.460845
0.430748
0.407094
0.39079
0.382457
0.382407
0.390655
0.406902
0.430518
0.460591
0.495965
0.535286
0.577046
0.619641
0.661435
0.700819
0.73628
0.76645
0.790166
0.806511
0.814854
0.814854
0.806511
0.790166
0.76645
0.73628
0.700819
0.661435
0.619641
0.577046
0.535286
0.495965
0.460591
0.430518
0.406902
0.390655
0.382407
0.406089
0.414427
0.430738
0.4544
0.484507
0.519906
0.559238
0.600993
0.643569
0.685328
0.724664
0.760064
0.790166
0.813812
0.830091
0.838374
0.838374
0.830091
0.813812
0.790166
0.760064
0.724664
0.685328
0.643569
0.600993
0.559238
0.519906
0.484507
0.4544
0.430738
0.414427
0.406089
0.406036
0.414282
0.430529
0.454147
0.484222
0.519598
0.558923
0.600685
0.643283
0.685078
0.724464
0.759925
0.790096
0.813812
0.830158
0.838501
0.838501
0.830158
0.813812
0.790096
0.759925
0.724464
0.685078
0.643283
0.600685
0.558923
0.519598
0.484221
0.454147
0.430529
0.414282
0.406036
0.422371
0.430713
0.447029
0.470697
0.500811
0.536216
0.575555
0.617317
0.659899
0.701663
0.741004
0.776407
0.806511
0.830158
0.846435
0.854715
0.854715
0.846435
0.830158
0.806511
0.776407
0.741004
0.701663
0.659899
0.617317
0.575555
0.536216
0.500811
0.470697
0.447029
0.430713
0.422371
0.422316
0.430561
0.446807
0.470425
0.500501
0.535879
0.575204
0.616968
0.659566
0.701361
0.740747
0.776207
0.806376
0.830091
0.846435
0.854777
0.854777
0.846435
0.830091
0.806376
0.776207
0.740747
0.701361
0.659566
0.616968
0.575204
0.535879
0.500501
0.470425
0.446807
0.430561
0.422316
0.430673
0.439018
0.455337
0.479009
0.509127
0.544537
0.58388
0.625647
0.668232
0.71
0.749344
0.784749
0.814854
0.838501
0.854777
0.863055
0.863055
0.854777
0.838501
0.814854
0.784749
0.749344
0.71
0.668232
0.625647
0.58388
0.544537
0.509127
0.479009
0.455337
0.439018
0.430673
0.430617
0.438861
0.455107
0.478724
0.508799
0.544177
0.583502
0.625265
0.667861
0.709655
0.749038
0.784496
0.814662
0.838374
0.854715
0.863055
0.863055
0.854715
0.838374
0.814662
0.784496
0.749038
0.709655
0.667861
0.625265
0.583502
0.544177
0.508799
0.478724
0.455107
0.438861
0.430617
0.430673
0.439018
0.455337
0.479009
0.509127
0.544537
0.58388
0.625647
0.668232
0.71
0.749344
0.784749
0.814854
0.838501
0.854777
0.863055
0.863055
0.854777
0.838501
0.814854
0.784749
0.749344
0.71
0.668232
0.625647
0.58388
0.544537
0.509127
0.479009
0.455337
0.439018
0.430673
0.430617
0.438861
0.455107
0.478724
0.508799
0.544177
0.583502
0.625265
0.667861
0.709655
0.749038
0.784496
0.814662
0.838374
0.854715
0.863055
0.863055
0.854715
0.838374
0.814662
0.784496
0.749038
0.709655
0.667861
0.625265
0.583502
0.544177
0.508799
0.478724
0.455107
0.438861
0.430617
0.422371
0.430713
0.447029
0.470697
0.500811
0.536216
0.575555
0.617317
0.659899
0.701663
0.741004
0.776407
0.806511
0.830158
0.846435
0.854715
0.854715
0.846435
0.830158
0.806511
0.776407
0.741004
0.701663
0.659899
0.617317
0.575555
0.536216
0.500811
0.470697
0.447029
0.430713
0.422371
0.422316
0.430561
0.446807
0.470425
0.500501
0.535879
0.575204
0.616968
0.659566
0.701361
0.740747
0.776207
0.806376
0.830091
0.846435
0.854777
0.854777
0.846435
0.830091
0.806376
0.776207
0.740747
0.701361
0.659566
0.616968
0.575204
0.535879
0.500501
0.470425
0.446807
0.430561
0.422316
0.406089
0.414427
0.430738
0.4544
0.484507
0.519906
0.559238
0.600993
0.643569
0.685328
0.724664
0.760064
0.790166
0.813812
0.830091
0.838374
0.838374
0.830091
0.813812
0.790166
0.760064
0.724664
0.685328
0.643569
0.600993
0.559238
0.519906
0.484507
0.4544
0.430738
0.414427
0.406089
0.406036
0.414282
0.430529
0.454147
0.484221
0.519598
0.558923
0.600685
0.643283
0.685078
0.724464
0.759925
0.790096
0.813812
0.830158
0.838501
0.838501
0.830158
0.813812
0.790096
0.759925
0.724464
0.685078
0.643283
0.600685
0.558923
0.519598
0.484221
0.454147
0.430529
0.414282
0.406036
0.382457
0.39079
0.407094
0.430748
0.460845
0.496234
0.535556
0.577303
0.61987
0.661622
0.700953
0.73635
0.76645
0.790096
0.806376
0.814662
0.814662
0.806376
0.790096
0.76645
0.73635
0.700953
0.661622
0.61987
0.577303
0.535556
0.496234
0.460845
0.430748
0.407094
0.39079
0.382457
0.382407
0.390655
0.406902
0.430518
0.460591
0.495965
0.535286
0.577046
0.619641
0.661435
0.700819
0.73628
0.76645
0.790166
0.806511
0.814854
0.814854
0.806511
0.790166
0.76645
0.73628
0.700819
0.661435
0.619641
0.577046
0.535286
0.495965
0.460591
0.430518
0.406902
0.390655
0.382407
0.35239
0.360717
0.377012
0.400655
0.430742
0.466118
0.505428
0.547164
0.589721
0.631465
0.67079
0.706182
0.73628
0.759925
0.776207
0.784496
0.784496
0.776207
0.759925
0.73628
0.706182
0.67079
0.631465
0.589721
0.547164
0.505428
0.466118
0.430742
0.400655
0.377012
0.360717
0.35239
0.352344
0.360593
0.376839
0.400453
0.430522
0.465891
0.505207
0.546963
0.589553
0.631343
0.670724
0.706182
0.73635
0.760064
0.776407
0.784749
0.784749
0.776407
0.760064
0.73635
0.706182
0.670724
0.631343
0.589553
0.546963
0.505207
0.465891
0.430522
0.400453
0.376839
0.360593
0.352344
0.31705
0.32537
0.341655
0.365286
0.395358
0.430721
0.470017
0.511739
0.554285
0.596019
0.635337
0.670724
0.700819
0.724464
0.740747
0.749038
0.749038
0.740747
0.724464
0.700819
0.670724
0.635337
0.596019
0.554285
0.511739
0.470017
0.430721
0.395358
0.365286
0.341655
0.32537
0.31705
0.317008
0.325258
0.341503
0.365113
0.395175
0.430538
0.469847
0.511594
0.554178
0.595961
0.635337
0.67079
0.700953
0.724664
0.741004
0.749344
0.749344
0.741004
0.724664
0.700953
0.67079
0.635337
0.595961
0.554178
0.511594
0.469847
0.430538
0.395175
0.365113
0.341503
0.325258
0.317008
0.277802
0.286114
0.302387
0.326004
0.356061
0.391407
0.430688
0.472395
0.514928
0.556652
0.595961
0.631343
0.661435
0.685078
0.701361
0.709655
0.709655
0.701361
0.685078
0.661435
0.631343
0.595961
0.556652
0.514928
0.472395
0.430688
0.391407
0.356061
0.326004
0.302387
0.286114
0.277802
0.277764
0.286015
0.302257
0.325861
0.355915
0.391268
0.430567
0.472304
0.514878
0.556652
0.596019
0.631465
0.661622
0.685328
0.701663
0.71
0.71
0.701663
0.685328
0.661622
0.631465
0.596019
0.556652
0.514878
0.472304
0.430567
0.391268
0.355915
0.325861
0.302257
0.286015
0.277764
0.236159
0.244462
0.260723
0.284324
0.314363
0.349692
0.388955
0.430647
0.473166
0.514878
0.554178
0.589553
0.619641
0.643283
0.659566
0.667861
0.667861
0.659566
0.643283
0.619641
0.589553
0.554178
0.514878
0.473166
0.430647
0.388955
0.349692
0.314363
0.284324
0.260723
0.244462
0.236159
0.236125
0.244376
0.260613
0.28421
0.314253
0.349594
0.38888
0.430605
0.473166
0.514928
0.554285
0.589721
0.61987
0.643569
0.659899
0.668232
0.668232
0.659899
0.643569
0.61987
0.589721
0.554285
0.514928
0.473166
0.430605
0.38888
0.349594
0.314253
0.284209
0.260613
0.244376
0.236125
0.193725
0.202019
0.218266
0.24185
0.271871
0.307181
0.346426
0.388101
0.430605
0.472304
0.511594
0.546963
0.577046
0.600685
0.616968
0.625265
0.625265
0.616968
0.600685
0.577046
0.546963
0.511594
0.472304
0.430605
0.388101
0.346426
0.307181
0.271871
0.24185
0.218266
0.202019
0.193725
0.193696
0.201945
0.218177
0.241764
0.271794
0.307121
0.346392
0.388101
0.430647
0.472395
0.511739
0.547164
0.577303
0.600993
0.617317
0.625647
0.625647
0.617317
0.600993
0.577303
0.547164
0.511739
0.472395
0.430647
0.388101
0.346391
0.307121
0.271794
0.241764
0.218177
0.201945
0.193696
0.152135
0.160418
0.176651
0.200217
0.230219
0.265508
0.304734
0.346391
0.38888
0.430567
0.469847
0.505207
0.535286
0.558923
0.575204
0.583502
0.583502
0.575204
0.558923
0.535286
0.505207
0.469847
0.430567
0.38888
0.346391
0.304734
0.265508
0.230219
0.200217
0.176651
0.160418
0.152135
0.152109
0.160357
0.176582
0.200156
0.230172
0.265481
0.304734
0.346426
0.388955
0.430688
0.470017
0.505428
0.535556
0.559238
0.575555
0.58388
0.58388
0.575555
0.559238
0.535556
0.505428
0.470017
0.430688
0.388955
0.346426
0.304734
0.265481
0.230172
0.200156
0.176582
0.160357
0.152109
0.112986
0.121259
0.137476
0.161023
0.191005
0.226274
0.265481
0.307121
0.349594
0.391268
0.430538
0.465891
0.495965
0.519598
0.535879
0.544177
0.544177
0.535879
0.519598
0.495965
0.465891
0.430538
0.391268
0.349594
0.307121
0.265481
0.226274
0.191005
0.161023
0.137476
0.121259
0.112986
0.112964
0.12121
0.137425
0.160985
0.190984
0.226274
0.265508
0.307181
0.349692
0.391407
0.430721
0.466118
0.496234
0.519906
0.536216
0.544537
0.544537
0.536216
0.519906
0.496234
0.466118
0.430721
0.391407
0.349692
0.307181
0.265508
0.226274
0.190984
0.160985
0.137425
0.12121
0.112964
0.0777812
0.0860434
0.102244
0.125773
0.155734
0.190984
0.230172
0.271794
0.314253
0.355915
0.395175
0.430522
0.460591
0.484221
0.500501
0.508799
0.508799
0.500501
0.484221
0.460591
0.430522
0.395175
0.355915
0.314253
0.271794
0.230172
0.190984
0.155734
0.125773
0.102244
0.0860434
0.0777812
0.0777637
0.0860052
0.102211
0.125755
0.155734
0.191005
0.230219
0.271871
0.314363
0.356061
0.395358
0.430742
0.460845
0.484507
0.500811
0.509127
0.509127
0.500811
0.484507
0.460845
0.430742
0.395358
0.356061
0.314363
0.271871
0.230219
0.191005
0.155734
0.125755
0.102211
0.0860052
0.0777637
0.0478681
0.0561189
0.0723036
0.0958134
0.125755
0.160985
0.200156
0.241764
0.284209
0.325861
0.365113
0.400453
0.430518
0.454147
0.470425
0.478724
0.478724
0.470425
0.454147
0.430518
0.400453
0.365113
0.325861
0.284209
0.241764
0.200156
0.160985
0.125755
0.0958134
0.0723036
0.0561189
0.0478682
0.0478548
0.0560921
0.0722861
0.0958134
0.125773
0.161023
0.200217
0.24185
0.284324
0.326004
0.365286
0.400655
0.430748
0.4544
0.470697
0.479009
0.479009
0.470697
0.4544
0.430748
0.400655
0.365286
0.326004
0.284324
0.24185
0.200217
0.161023
0.125773
0.0958134
0.072286
0.0560921
0.0478548
0.0243869
0.032625
0.0487936
0.072286
0.102211
0.137425
0.176582
0.218177
0.260613
0.302257
0.341503
0.376839
0.406902
0.430529
0.446807
0.455107
0.455107
0.446807
0.430529
0.406902
0.376839
0.341503
0.302257
0.260613
0.218177
0.176582
0.137425
0.102211
0.072286
0.0487936
0.032625
0.0243869
0.0243786
0.0326115
0.0487936
0.0723036
0.102244
0.137476
0.176651
0.218266
0.260723
0.302387
0.341655
0.377012
0.407094
0.430738
0.447029
0.455337
0.455337
0.447029
0.430738
0.407094
0.377012
0.341655
0.302387
0.260723
0.218266
0.176651
0.137476
0.102244
0.0723036
0.0487936
0.0326115
0.0243786
0.00822604
0.0164538
0.0326115
0.0560921
0.0860052
0.12121
0.160357
0.201945
0.244376
0.286015
0.325258
0.360593
0.390655
0.414282
0.430561
0.438861
0.438861
0.430561
0.414282
0.390655
0.360593
0.325258
0.286015
0.244376
0.201945
0.160357
0.12121
0.0860052
0.0560921
0.0326115
0.0164538
0.00822605
0.00822384
0.0164538
0.032625
0.0561189
0.0860434
0.121259
0.160418
0.202019
0.244462
0.286114
0.32537
0.360717
0.39079
0.414427
0.430713
0.439018
0.439018
0.430713
0.414427
0.39079
0.360717
0.32537
0.286114
0.244462
0.202019
0.160418
0.121259
0.0860434
0.0561189
0.032625
0.0164538
0.00822384
-3.01058e-08
0.00822384
0.0243786
0.0478548
0.0777637
0.112964
0.152109
0.193696
0.236125
0.277764
0.317008
0.352344
0.382407
0.406036
0.422316
0.430617
0.430617
0.422316
0.406036
0.382407
0.352344
0.317008
0.277764
0.236125
0.193696
0.152109
0.112964
0.0777637
0.0478548
0.0243786
0.00822384
-2.78451e-08
-2.66133e-08
0.00822605
0.0243869
0.0478682
0.0777812
0.112986
0.152135
0.193725
0.236159
0.277802
0.31705
0.35239
0.382457
0.406089
0.422371
0.430673
0.430673
0.422371
0.406089
0.382457
0.35239
0.31705
0.277802
0.236159
0.193725
0.152135
0.112986
0.0777812
0.0478681
0.0243869
0.00822604
-3.31044e-08
)
;

boundaryField
{
    top
    {
        type            cyclic;
    }
    bottom
    {
        type            cyclic;
    }
    left
    {
        type            cyclic;
    }
    right
    {
        type            cyclic;
    }
    frontAndBack
    {
        type            empty;
    }
}


// ************************************************************************* //
