/*--------------------------------*- C++ -*----------------------------------*\
  =========                 |
  \\      /  F ield         | OpenFOAM: The Open Source CFD Toolbox
   \\    /   O peration     | Website:  https://openfoam.org
    \\  /    A nd           | Version:  11
     \\/     M anipulation  |
\*---------------------------------------------------------------------------*/
FoamFile
{
    format      ascii;
    class       volScalarField;
    location    "20";
    object      p;
}
// * * * * * * * * * * * * * * * * * * * * * * * * * * * * * * * * * * * * * //

dimensions      [0 2 -2 0 0 0 0];

internalField   nonuniform List<scalar> 
8400
(
-0.0951923
-0.101423
-0.108101
-0.114173
-0.120107
-0.12614
-0.132273
-0.138478
-0.144758
-0.151131
-0.157614
-0.16423
-0.171005
-0.177973
-0.185181
-0.192693
-0.200603
-0.209068
-0.218421
-0.230261
-0.0948508
-0.101444
-0.108262
-0.114228
-0.120102
-0.12615
-0.132299
-0.138508
-0.14479
-0.151167
-0.157658
-0.164282
-0.171066
-0.178046
-0.185268
-0.192796
-0.200717
-0.20916
-0.218126
-0.227103
-0.0945369
-0.101422
-0.108394
-0.11427
-0.120069
-0.126123
-0.132288
-0.138496
-0.14477
-0.151141
-0.157626
-0.164242
-0.171013
-0.177975
-0.185168
-0.192644
-0.200456
-0.208625
-0.21686
-0.224041
-0.0942531
-0.10132
-0.108472
-0.114307
-0.120016
-0.126052
-0.132229
-0.138431
-0.144687
-0.151038
-0.157501
-0.164087
-0.170818
-0.177724
-0.184836
-0.192181
-0.199765
-0.207495
-0.214922
-0.220915
-0.0939793
-0.10115
-0.108476
-0.114313
-0.119936
-0.125936
-0.132114
-0.138304
-0.144531
-0.150846
-0.157267
-0.1638
-0.170461
-0.177271
-0.184248
-0.191393
-0.198663
-0.205887
-0.212571
-0.217719
-0.0937074
-0.100938
-0.108405
-0.114266
-0.119819
-0.125771
-0.131937
-0.138108
-0.144294
-0.150557
-0.156915
-0.163371
-0.169931
-0.176607
-0.183402
-0.190294
-0.197199
-0.203909
-0.209952
-0.214515
-0.0934343
-0.100699
-0.108269
-0.114162
-0.119658
-0.125559
-0.131701
-0.137842
-0.143977
-0.150173
-0.156451
-0.162806
-0.169238
-0.175749
-0.182327
-0.18893
-0.195453
-0.201678
-0.207186
-0.211349
-0.0931609
-0.100445
-0.108084
-0.114002
-0.119456
-0.125305
-0.131411
-0.137513
-0.143589
-0.149706
-0.155888
-0.162125
-0.168408
-0.17473
-0.181069
-0.187369
-0.193516
-0.199302
-0.204375
-0.208264
-0.0928919
-0.100186
-0.107865
-0.113796
-0.119215
-0.125016
-0.131082
-0.137136
-0.143144
-0.149174
-0.15525
-0.161357
-0.167478
-0.173599
-0.17969
-0.185689
-0.191483
-0.196883
-0.201609
-0.20531
-0.0926349
-0.0999337
-0.107627
-0.113556
-0.118946
-0.124706
-0.130727
-0.136727
-0.142664
-0.148603
-0.154568
-0.160537
-0.166491
-0.172409
-0.178256
-0.18397
-0.189443
-0.194515
-0.198965
-0.202538
-0.0923995
-0.0996984
-0.107383
-0.113296
-0.118661
-0.124388
-0.130365
-0.136307
-0.142171
-0.14802
-0.153873
-0.159707
-0.165497
-0.171219
-0.176837
-0.182289
-0.187481
-0.19228
-0.196514
-0.200002
-0.0921964
-0.0994908
-0.107145
-0.113027
-0.118374
-0.124077
-0.130011
-0.135896
-0.14169
-0.147453
-0.1532
-0.158905
-0.164541
-0.170083
-0.175493
-0.180716
-0.18567
-0.190246
-0.194316
-0.19775
-0.0920369
-0.0993207
-0.106921
-0.11276
-0.118098
-0.123789
-0.129685
-0.135513
-0.141242
-0.146928
-0.15258
-0.158169
-0.163668
-0.16905
-0.174282
-0.179311
-0.184069
-0.188471
-0.192418
-0.195821
-0.0919315
-0.0991957
-0.106715
-0.112503
-0.117847
-0.123538
-0.129398
-0.135175
-0.140849
-0.14647
-0.15204
-0.157529
-0.162912
-0.168162
-0.173246
-0.17812
-0.182725
-0.186995
-0.190856
-0.194244
-0.0918899
-0.0991194
-0.106526
-0.112265
-0.117635
-0.123336
-0.129163
-0.134895
-0.140526
-0.146096
-0.1516
-0.15701
-0.1623
-0.167446
-0.172417
-0.177173
-0.181665
-0.185841
-0.189645
-0.19303
-0.0919203
-0.0990893
-0.106349
-0.112051
-0.117472
-0.123189
-0.128986
-0.134682
-0.140282
-0.145816
-0.151271
-0.156623
-0.161846
-0.166918
-0.171808
-0.176481
-0.180897
-0.185012
-0.188784
-0.192175
-0.0920281
-0.0990917
-0.106177
-0.111871
-0.117366
-0.123099
-0.128867
-0.134538
-0.140121
-0.145631
-0.151055
-0.156369
-0.16155
-0.166574
-0.171414
-0.176038
-0.180409
-0.184491
-0.188248
-0.19165
-0.0922155
-0.0990968
-0.106003
-0.111737
-0.117319
-0.123059
-0.128801
-0.134459
-0.140035
-0.145534
-0.150941
-0.156235
-0.161395
-0.166396
-0.171212
-0.175812
-0.180163
-0.184233
-0.187989
-0.191404
-0.0924889
-0.09908
-0.105837
-0.111664
-0.117322
-0.123055
-0.128779
-0.134434
-0.140013
-0.14551
-0.150914
-0.156203
-0.161359
-0.166356
-0.171168
-0.175766
-0.180118
-0.184192
-0.187958
-0.191389
-0.0928276
-0.0990592
-0.105684
-0.111633
-0.117352
-0.123077
-0.128793
-0.134453
-0.140039
-0.145543
-0.150953
-0.15625
-0.161415
-0.166423
-0.171248
-0.175861
-0.18023
-0.184323
-0.188108
-0.19156
-0.230299
-0.218989
-0.215645
-0.215418
-0.214989
-0.214602
-0.214438
-0.214328
-0.214182
-0.213996
-0.213771
-0.213501
-0.213179
-0.212804
-0.212372
-0.211883
-0.211333
-0.210721
-0.210046
-0.209306
-0.2085
-0.207627
-0.206684
-0.205671
-0.204587
-0.20343
-0.202198
-0.20089
-0.199505
-0.19804
-0.196495
-0.194866
-0.193152
-0.191351
-0.18946
-0.187477
-0.1854
-0.183224
-0.180948
-0.178569
-0.176082
-0.173486
-0.170777
-0.167952
-0.165009
-0.161944
-0.158755
-0.155441
-0.152001
-0.148434
-0.144741
-0.140925
-0.136988
-0.132936
-0.128774
-0.124513
-0.120162
-0.115733
-0.111242
-0.106704
-0.102138
-0.0975631
-0.0929997
-0.0884693
-0.0839934
-0.0795935
-0.0752901
-0.0711025
-0.0670482
-0.0631428
-0.0593991
-0.0558272
-0.0524343
-0.0492248
-0.0462001
-0.0433587
-0.0406967
-0.0382082
-0.035885
-0.0337178
-0.031696
-0.0298081
-0.0280427
-0.0263877
-0.0248317
-0.0233633
-0.0219721
-0.020648
-0.0193821
-0.0181662
-0.0169929
-0.015856
-0.0147497
-0.0136695
-0.0126115
-0.0115724
-0.0105496
-0.00954134
-0.00854604
-0.00756372
-0.00659234
-0.00563238
-0.00468407
-0.00374766
-0.00282368
-0.0019128
-0.00101586
-0.000133794
0.000732431
0.00158181
0.00241334
0.003226
0.00401882
0.00479087
0.00554127
0.00626922
0.00697395
0.00765483
0.00831127
0.00894277
0.00954893
0.0101294
0.010684
0.0112125
0.0117149
0.0121912
0.0126413
0.0130656
0.013464
0.0138369
0.0141846
0.0145074
0.0148057
0.0150798
0.0153302
0.0155574
0.0157618
0.0159438
0.0161041
0.0162431
0.0163613
0.0164592
0.0165373
0.0165961
0.0166361
0.0166578
0.0166617
0.0166482
0.0166179
0.016571
0.0165082
0.0164298
0.0163363
0.016228
0.0161053
0.0159686
0.0158183
0.0156547
0.0154783
0.0152892
0.0150879
0.0148746
0.0146497
0.0144134
0.0141661
0.0139079
0.0136392
0.0133603
0.0130713
0.0127726
0.0124643
0.0121467
0.0118199
0.0114844
0.0111401
0.0107873
0.0104263
0.0100572
0.00968018
0.00929545
0.00890318
0.00850354
0.00809671
0.00768285
0.00726212
0.00683469
0.00640073
0.0059604
0.00551388
0.00506134
0.00460296
0.00413896
0.00366956
0.00319499
0.00271574
0.0022314
0.00174546
0.00124672
0.000778479
0.000154271
-0.227163
-0.218998
-0.21538
-0.215043
-0.214731
-0.214325
-0.214133
-0.214035
-0.213906
-0.213731
-0.213514
-0.213251
-0.212935
-0.212562
-0.21213
-0.211638
-0.211084
-0.210466
-0.209782
-0.209031
-0.208212
-0.207323
-0.206363
-0.20533
-0.204224
-0.203042
-0.201784
-0.200448
-0.199031
-0.197533
-0.195952
-0.194285
-0.19253
-0.190686
-0.188749
-0.186719
-0.184591
-0.182364
-0.180035
-0.1776
-0.175058
-0.172406
-0.169641
-0.166761
-0.163764
-0.160647
-0.157411
-0.154054
-0.150576
-0.146978
-0.143264
-0.139435
-0.135497
-0.131456
-0.12732
-0.1231
-0.118805
-0.114451
-0.110051
-0.105622
-0.101182
-0.0967503
-0.0923459
-0.0879889
-0.0836989
-0.079495
-0.0753953
-0.0714162
-0.0675725
-0.0638763
-0.0603377
-0.0569638
-0.0537592
-0.0507257
-0.0478626
-0.0451668
-0.042633
-0.0402545
-0.0380226
-0.0359279
-0.0339601
-0.0321086
-0.0303624
-0.0287108
-0.0271435
-0.0256506
-0.0242229
-0.022852
-0.0215302
-0.0202506
-0.0190073
-0.0177951
-0.0166095
-0.0154468
-0.0143041
-0.013179
-0.0120696
-0.0109745
-0.00989243
-0.0088253
-0.00777005
-0.0067278
-0.00569903
-0.00468427
-0.00368427
-0.00269987
-0.00173199
-0.000781663
0.000150069
0.00106215
0.00195354
0.00282321
0.00367019
0.00449353
0.00529239
0.00606597
0.00681357
0.00753456
0.00822841
0.00889469
0.00953304
0.0101432
0.010725
0.0112784
0.0118034
0.0123
0.0127683
0.0132087
0.0136214
0.0140068
0.0143651
0.0146969
0.0150026
0.0152827
0.0155377
0.0157683
0.0159748
0.016158
0.0163184
0.0164566
0.0165731
0.0166687
0.0167437
0.016799
0.0168349
0.016852
0.016851
0.0168323
0.0167964
0.0167439
0.0166752
0.0165908
0.0164912
0.0163768
0.016248
0.0161052
0.0159489
0.0157794
0.015597
0.0154022
0.0151953
0.0149765
0.0147463
0.0145049
0.0142526
0.0139897
0.0137164
0.013433
0.0131398
0.012837
0.0125248
0.0122035
0.0118733
0.0115343
0.0111869
0.0108311
0.0104672
0.0100954
0.00971583
0.00932867
0.00893409
0.00853227
0.00812336
0.00770753
0.00728494
0.00685573
0.00642008
0.00597813
0.00553005
0.00507601
0.00461618
0.00415076
0.00367998
0.00320403
0.0027234
0.00223771
0.00175011
0.00125065
0.000777777
0.000166429
-0.224798
-0.219082
-0.215411
-0.214743
-0.21448
-0.21408
-0.213842
-0.213731
-0.21361
-0.21344
-0.213227
-0.212967
-0.212652
-0.212278
-0.211843
-0.211345
-0.210782
-0.210153
-0.209455
-0.208688
-0.207851
-0.206941
-0.205958
-0.2049
-0.203765
-0.202553
-0.201262
-0.199889
-0.198435
-0.196896
-0.195271
-0.193559
-0.191756
-0.189862
-0.187873
-0.185788
-0.183604
-0.181319
-0.178931
-0.176437
-0.173835
-0.171123
-0.168299
-0.165362
-0.162311
-0.159144
-0.155862
-0.152465
-0.148954
-0.145333
-0.141604
-0.137772
-0.133844
-0.129827
-0.125729
-0.121563
-0.11734
-0.113074
-0.108779
-0.104473
-0.100173
-0.0958964
-0.0916614
-0.0874861
-0.0833883
-0.0793844
-0.0754899
-0.0717184
-0.0680815
-0.0645887
-0.061247
-0.058061
-0.0550328
-0.0521622
-0.0494467
-0.0468819
-0.0444618
-0.0421788
-0.0400245
-0.0379896
-0.0360644
-0.034239
-0.0325035
-0.0308484
-0.0292647
-0.0277438
-0.0262779
-0.0248599
-0.0234834
-0.0221428
-0.0208333
-0.0195507
-0.0182916
-0.0170531
-0.015833
-0.0146295
-0.0134415
-0.0122682
-0.0111098
-0.00996406
-0.00883344
-0.00771735
-0.00661632
-0.00553122
-0.00446294
-0.00341244
-0.00238074
-0.00136894
-0.000378126
0.000590594
0.00153615
0.0024575
0.00335366
0.0042237
0.00506676
0.00588207
0.00666894
0.00742678
0.00815509
0.00885347
0.00952162
0.0101593
0.0107665
0.011343
0.0118891
0.0124048
0.0128903
0.013346
0.0137722
0.0141693
0.0145378
0.0148782
0.015191
0.0154769
0.0157364
0.0159703
0.016179
0.0163634
0.016524
0.0166616
0.0167767
0.0168701
0.0169425
0.0169944
0.0170265
0.0170394
0.0170337
0.0170101
0.016969
0.0169111
0.0168369
0.0167468
0.0166414
0.0165212
0.0163866
0.016238
0.0160759
0.0159007
0.0157128
0.0155125
0.0153002
0.0150762
0.0148409
0.0145945
0.0143375
0.0140699
0.0137922
0.0135046
0.0132073
0.0129006
0.0125847
0.0122598
0.0119261
0.011584
0.0112334
0.0108747
0.0105081
0.0101336
0.00975154
0.00936201
0.00896519
0.00856123
0.00815031
0.00773256
0.00730814
0.0068772
0.00643988
0.00599634
0.00554673
0.00509121
0.00462994
0.00416311
0.00369094
0.0032136
0.00273154
0.00224447
0.00175504
0.00125499
0.000776343
0.00018233
-0.222172
-0.218442
-0.215229
-0.214354
-0.214118
-0.213767
-0.213505
-0.213376
-0.21326
-0.213098
-0.212889
-0.21263
-0.212316
-0.211939
-0.211499
-0.210992
-0.210418
-0.209774
-0.209059
-0.208272
-0.207411
-0.206475
-0.205463
-0.204374
-0.203205
-0.201956
-0.200626
-0.199212
-0.197713
-0.196127
-0.194453
-0.192689
-0.190832
-0.188882
-0.186835
-0.18469
-0.182446
-0.180099
-0.177648
-0.175092
-0.172428
-0.169656
-0.166774
-0.163781
-0.160678
-0.157464
-0.154141
-0.150711
-0.147175
-0.143538
-0.139805
-0.135982
-0.132075
-0.128094
-0.124048
-0.119949
-0.115811
-0.111645
-0.107469
-0.103297
-0.0991456
-0.0950316
-0.0909715
-0.0869813
-0.0830763
-0.0792706
-0.0755768
-0.0720057
-0.0685663
-0.0652652
-0.0621069
-0.0590937
-0.0562257
-0.053501
-0.0509158
-0.048465
-0.0461419
-0.0439389
-0.0418477
-0.0398596
-0.0379656
-0.0361568
-0.0344245
-0.0327602
-0.0311564
-0.0296056
-0.0281014
-0.0266379
-0.0252098
-0.0238126
-0.0224425
-0.0210962
-0.019771
-0.0184648
-0.017176
-0.0159034
-0.0146462
-0.0134041
-0.0121772
-0.0109647
-0.00976812
-0.00858744
-0.00742332
-0.00627678
-0.00514885
-0.00404054
-0.00295296
-0.00188725
-0.000844549
0.00017401
0.00116733
0.00213435
0.00307407
0.00398555
0.00486795
0.00572049
0.00654249
0.00733338
0.00809268
0.00882
0.00951509
0.0101778
0.0108079
0.0114056
0.011971
0.0125042
0.0130055
0.0134752
0.0139139
0.014322
0.0146999
0.0150484
0.015368
0.0156594
0.0159232
0.0161603
0.0163712
0.0165568
0.0167177
0.0168548
0.0169688
0.0170603
0.0171302
0.0171791
0.0172078
0.0172168
0.017207
0.0171788
0.0171329
0.01707
0.0169906
0.0168953
0.0167845
0.0166589
0.0165189
0.0163649
0.0161974
0.0160169
0.0158237
0.0156182
0.0154008
0.0151719
0.0149318
0.0146808
0.0144192
0.0141473
0.0138654
0.0135738
0.0132726
0.0129622
0.0126427
0.0123144
0.0119776
0.0116323
0.0112789
0.0109174
0.0105481
0.0101711
0.00978664
0.00939485
0.00899589
0.0085899
0.00817704
0.00775745
0.00733128
0.00689867
0.00645975
0.00601468
0.00556359
0.00510662
0.00464396
0.00417575
0.0037022
0.00322349
0.00273999
0.00225152
0.00176017
0.00125966
0.000774399
0.000201113
-0.219306
-0.217128
-0.21465
-0.213759
-0.213555
-0.213295
-0.213057
-0.21293
-0.212827
-0.21268
-0.21248
-0.212227
-0.211915
-0.211537
-0.211091
-0.210574
-0.209987
-0.209326
-0.20859
-0.207779
-0.206891
-0.205925
-0.20488
-0.203755
-0.202547
-0.201257
-0.199882
-0.198421
-0.196873
-0.195236
-0.193508
-0.191687
-0.189773
-0.187762
-0.185655
-0.183448
-0.18114
-0.17873
-0.176216
-0.173597
-0.170872
-0.168041
-0.165104
-0.162059
-0.158909
-0.155655
-0.152298
-0.148843
-0.145291
-0.14165
-0.137923
-0.134119
-0.130246
-0.126313
-0.122332
-0.118313
-0.114269
-0.110215
-0.106165
-0.102134
-0.0981363
-0.0941877
-0.0903026
-0.086495
-0.0827778
-0.0791625
-0.0756591
-0.0722759
-0.0690191
-0.0658932
-0.0629003
-0.060041
-0.0573136
-0.0547152
-0.0522412
-0.0498858
-0.0476423
-0.0455034
-0.0434611
-0.0415074
-0.0396342
-0.0378338
-0.0360984
-0.034421
-0.0327949
-0.0312141
-0.0296732
-0.0281673
-0.0266922
-0.0252442
-0.0238204
-0.0224182
-0.0210355
-0.0196707
-0.0183228
-0.0169909
-0.0156746
-0.014374
-0.0130891
-0.0118199
-0.0105672
-0.0093316
-0.00811396
-0.00691529
-0.00573667
-0.00457919
-0.00344401
-0.00233229
-0.00124522
-0.000183954
0.000850388
0.00185673
0.00283405
0.00378141
0.00469795
0.00558289
0.00643556
0.00725538
0.00804188
0.0087947
0.00951357
0.0101983
0.010849
0.0114655
0.0120481
0.012597
0.0131125
0.013595
0.014045
0.014463
0.0148496
0.0152055
0.0155313
0.0158277
0.0160956
0.0163357
0.0165487
0.0167355
0.0168969
0.0170337
0.0171467
0.0172367
0.0173044
0.0173507
0.0173762
0.0173818
0.0173682
0.0173359
0.0172857
0.0172183
0.0171342
0.0170341
0.0169184
0.0167878
0.0166428
0.0164839
0.0163114
0.016126
0.015928
0.0157177
0.0154957
0.0152623
0.0150177
0.0147624
0.0144966
0.0142207
0.0139349
0.0136395
0.0133347
0.0130208
0.0126981
0.0123666
0.0120268
0.0116786
0.0113224
0.0109583
0.0105866
0.0102072
0.00982054
0.00942662
0.00902564
0.00861774
0.00820306
0.00778174
0.00735392
0.00691973
0.0064793
0.00603277
0.00558027
0.00512194
0.00465793
0.0041884
0.00371352
0.00323346
0.00274855
0.0022587
0.00176541
0.00126454
0.000772203
0.000221732
-0.216355
-0.215353
-0.21367
-0.212923
-0.212782
-0.21264
-0.212474
-0.212375
-0.212299
-0.212179
-0.211998
-0.211756
-0.21145
-0.211073
-0.210622
-0.210096
-0.209494
-0.208815
-0.208057
-0.207219
-0.206302
-0.205303
-0.204221
-0.203056
-0.201807
-0.200471
-0.199048
-0.197537
-0.195937
-0.194244
-0.19246
-0.190581
-0.188606
-0.186535
-0.184365
-0.182095
-0.179724
-0.177252
-0.174677
-0.171998
-0.169216
-0.166331
-0.163342
-0.160253
-0.157063
-0.153776
-0.150395
-0.146924
-0.143367
-0.139731
-0.136023
-0.13225
-0.128422
-0.124548
-0.12064
-0.11671
-0.11277
-0.108834
-0.104914
-0.101026
-0.0971817
-0.0933957
-0.0896802
-0.0860471
-0.0825069
-0.0790688
-0.0757403
-0.0725274
-0.0694343
-0.0664631
-0.0636145
-0.0608875
-0.0582794
-0.0557865
-0.0534036
-0.051125
-0.048944
-0.0468538
-0.0448472
-0.0429168
-0.0410557
-0.0392569
-0.0375141
-0.035821
-0.0341723
-0.0325628
-0.0309881
-0.0294442
-0.0279277
-0.0264357
-0.0249659
-0.0235161
-0.0220849
-0.0206711
-0.0192739
-0.0178927
-0.0165276
-0.0151787
-0.013846
-0.0125298
-0.0112309
-0.00995016
-0.00868844
-0.00744678
-0.00622631
-0.00502817
-0.00385354
-0.00270364
-0.00157965
-0.000482754
0.000585899
0.00162522
0.00263417
0.0036118
0.00455723
0.00546967
0.00634845
0.00719298
0.00800279
0.00877752
0.00951691
0.0102208
0.0108892
0.0115221
0.0121198
0.0126824
0.0132104
0.0137041
0.0141641
0.014591
0.0149853
0.0153478
0.0156792
0.0159803
0.0162519
0.0164947
0.0167097
0.0168978
0.0170597
0.0171963
0.0173085
0.0173971
0.0174631
0.017507
0.0175299
0.0175325
0.0175155
0.0174796
0.0174256
0.0173541
0.0172659
0.0171614
0.0170414
0.0169064
0.0167569
0.0165935
0.0164166
0.0162267
0.0160243
0.0158098
0.0155835
0.0153459
0.0150974
0.0148381
0.0145685
0.0142889
0.0139996
0.0137008
0.0133927
0.0130757
0.0127499
0.0124156
0.0120729
0.0117221
0.0113634
0.010997
0.0106229
0.0102414
0.00985266
0.00945679
0.00905395
0.00864428
0.00822791
0.00780499
0.00737564
0.00693999
0.00649815
0.00605026
0.00559645
0.00513684
0.00467157
0.00420079
0.00372464
0.00324331
0.00275703
0.00226585
0.00177065
0.00126949
0.000770022
0.000243033
-0.213396
-0.213274
-0.212338
-0.211857
-0.211827
-0.211823
-0.211763
-0.211723
-0.211688
-0.211605
-0.211452
-0.211228
-0.210932
-0.210559
-0.210105
-0.209571
-0.208955
-0.208256
-0.207475
-0.20661
-0.205661
-0.204627
-0.203507
-0.2023
-0.201007
-0.199624
-0.198152
-0.196589
-0.194935
-0.193187
-0.191345
-0.189407
-0.187373
-0.185241
-0.18301
-0.18068
-0.178249
-0.175718
-0.173085
-0.170352
-0.167518
-0.164584
-0.161553
-0.158426
-0.155206
-0.151895
-0.148499
-0.145023
-0.141471
-0.137852
-0.134172
-0.130441
-0.126667
-0.122861
-0.119034
-0.115198
-0.111365
-0.107548
-0.103759
-0.10001
-0.0963145
-0.092683
-0.0891264
-0.0856545
-0.0822757
-0.078997
-0.0758239
-0.0727603
-0.0698085
-0.0669693
-0.0642421
-0.0616247
-0.0591139
-0.0567055
-0.0543943
-0.0521747
-0.0500404
-0.0479853
-0.0460028
-0.0440865
-0.0422304
-0.0404285
-0.0386753
-0.0369658
-0.0352952
-0.0336595
-0.0320549
-0.0304782
-0.0289265
-0.0273977
-0.0258897
-0.0244009
-0.0229301
-0.0214765
-0.0200394
-0.0186187
-0.0172144
-0.0158267
-0.0144557
-0.0131019
-0.0117661
-0.0104493
-0.0091523
-0.00787622
-0.00662218
-0.00539137
-0.00418498
-0.00300425
-0.00185037
-0.000724566
0.000372018
0.00143827
0.00247313
0.00347563
0.00444488
0.00538008
0.00628053
0.00714565
0.00797494
0.00876804
0.0095247
0.0102448
0.0109282
0.0115751
0.0121856
0.01276
0.0132987
0.0138021
0.0142708
0.0147053
0.0151063
0.0154747
0.015811
0.0161162
0.016391
0.0166364
0.0168532
0.0170424
0.0172048
0.0173414
0.017453
0.0175406
0.0176049
0.017647
0.0176676
0.0176675
0.0176476
0.0176086
0.0175513
0.0174763
0.0173844
0.0172762
0.0171523
0.0170134
0.01686
0.0166926
0.0165118
0.016318
0.0161117
0.0158934
0.0156634
0.0154221
0.0151699
0.0149072
0.0146342
0.0143513
0.0140588
0.0137569
0.0134459
0.013126
0.0127975
0.0124606
0.0121155
0.0117623
0.0114013
0.0110327
0.0106566
0.0102731
0.00988253
0.00948489
0.00908037
0.00866909
0.0082512
0.00782683
0.00739608
0.00695909
0.00651598
0.00606685
0.00561183
0.00515105
0.00468461
0.00421266
0.00373535
0.00325281
0.00276524
0.00227282
0.00177581
0.0012744
0.000768103
0.000263845
-0.210484
-0.211027
-0.210754
-0.210605
-0.210735
-0.210882
-0.210953
-0.210996
-0.211018
-0.210981
-0.210864
-0.210665
-0.210383
-0.210016
-0.209561
-0.209019
-0.20839
-0.207673
-0.206868
-0.205975
-0.204993
-0.203924
-0.202765
-0.201517
-0.200178
-0.198749
-0.197228
-0.195614
-0.193906
-0.192104
-0.190206
-0.188212
-0.186121
-0.183932
-0.181644
-0.179257
-0.176771
-0.174186
-0.171502
-0.168721
-0.165842
-0.162869
-0.159804
-0.156648
-0.153407
-0.150083
-0.146682
-0.14321
-0.139674
-0.13608
-0.132438
-0.128755
-0.125042
-0.121309
-0.117567
-0.113827
-0.110101
-0.1064
-0.102736
-0.0991194
-0.0955613
-0.0920714
-0.0886584
-0.0853303
-0.0820934
-0.078953
-0.0759128
-0.0729752
-0.0701412
-0.0674103
-0.0647812
-0.062251
-0.0598162
-0.0574726
-0.0552151
-0.0530385
-0.0509371
-0.0489053
-0.0469375
-0.0450281
-0.0431718
-0.0413636
-0.0395988
-0.0378731
-0.0361826
-0.0345239
-0.0328939
-0.0312898
-0.0297093
-0.0281505
-0.0266118
-0.0250919
-0.0235899
-0.0221049
-0.0206365
-0.0191849
-0.0177504
-0.0163325
-0.0149317
-0.0135488
-0.0121844
-0.0108396
-0.00951524
-0.00821239
-0.00693221
-0.0056759
-0.00444466
-0.00323973
-0.00206235
-0.000913714
0.000204988
0.00129263
0.00234815
0.00337056
0.00435893
0.00531247
0.00623045
0.00711228
0.00795744
0.00876557
0.00953639
0.0102697
0.0109656
0.0116241
0.0122453
0.0128295
0.0133772
0.0138887
0.0143647
0.0148058
0.0152125
0.0155858
0.0159264
0.0162351
0.0165128
0.0167604
0.0169788
0.0171691
0.017332
0.0174686
0.0175797
0.0176664
0.0177296
0.01777
0.0177887
0.0177864
0.0177641
0.0177224
0.0176622
0.0175842
0.0174892
0.0173778
0.0172506
0.0171083
0.0169515
0.0167807
0.0165964
0.0163992
0.0161896
0.0159679
0.0157346
0.0154901
0.0152348
0.014969
0.0146931
0.0144073
0.014112
0.0138074
0.0134938
0.0131714
0.0128405
0.0125013
0.012154
0.0117987
0.0114357
0.0110652
0.0106873
0.0103021
0.00990981
0.00951059
0.00910457
0.00869187
0.00827262
0.00784694
0.00741495
0.00697677
0.0065325
0.00608226
0.00562617
0.00516432
0.00469683
0.00422382
0.00374543
0.00326179
0.00277304
0.00227945
0.00178078
0.00127913
0.00076665
0.000283065
-0.207679
-0.208732
-0.209026
-0.209231
-0.209558
-0.209869
-0.210082
-0.210226
-0.210318
-0.210336
-0.21026
-0.21009
-0.209826
-0.209468
-0.209014
-0.208466
-0.207824
-0.207089
-0.206261
-0.205341
-0.204328
-0.203224
-0.202027
-0.200738
-0.199357
-0.197882
-0.196313
-0.194651
-0.192893
-0.191039
-0.18909
-0.187043
-0.184899
-0.182658
-0.180319
-0.177882
-0.175347
-0.172716
-0.169989
-0.167168
-0.164254
-0.161251
-0.15816
-0.154986
-0.151732
-0.148405
-0.145008
-0.14155
-0.138037
-0.134476
-0.130877
-0.127248
-0.123599
-0.119941
-0.116283
-0.112637
-0.109012
-0.105421
-0.101872
-0.0983752
-0.0949404
-0.0915753
-0.0882872
-0.0850823
-0.0819655
-0.0789404
-0.0760095
-0.073174
-0.070434
-0.0677883
-0.065235
-0.062771
-0.0603928
-0.0580963
-0.0558768
-0.0537296
-0.0516496
-0.0496319
-0.0476714
-0.0457635
-0.0439036
-0.0420873
-0.0403107
-0.0385702
-0.0368623
-0.0351842
-0.0335332
-0.0319069
-0.0303035
-0.0287211
-0.0271585
-0.0256146
-0.0240886
-0.0225798
-0.0210875
-0.0196128
-0.0181551
-0.0167144
-0.0152912
-0.0138864
-0.0125005
-0.0111346
-0.00978963
-0.00846658
-0.00716663
-0.00589099
-0.00464087
-0.00341751
-0.00222215
-0.00105601
7.97185e-05
0.00118389
0.00225543
0.00329331
0.00429663
0.00526455
0.00619633
0.00709135
0.0079491
0.00876918
0.00955132
0.0102953
0.0110012
0.011669
0.0122989
0.0128911
0.0134461
0.0139644
0.0144464
0.0148928
0.0153043
0.0156817
0.0160258
0.0163375
0.0166176
0.0168671
0.0170869
0.0172781
0.0174415
0.0175781
0.0176889
0.0177749
0.017837
0.0178762
0.0178933
0.0178892
0.0178648
0.0178209
0.0177583
0.0176779
0.0175802
0.017466
0.017336
0.0171909
0.0170311
0.0168574
0.0166703
0.0164702
0.0162576
0.0160331
0.015797
0.0155498
0.0152918
0.0150234
0.0147449
0.0144566
0.0141589
0.013852
0.0135361
0.0132116
0.0128786
0.0125374
0.0121882
0.0118311
0.0114664
0.0110942
0.0107146
0.010328
0.00993424
0.00953366
0.00912632
0.00871238
0.00829194
0.00786512
0.00743205
0.00699281
0.00654754
0.00609632
0.00563927
0.00517648
0.00470806
0.00423411
0.00375476
0.00327012
0.00278031
0.00228565
0.00178551
0.00128356
0.000765806
0.000299739
-0.205038
-0.206489
-0.207257
-0.20781
-0.208353
-0.208834
-0.209195
-0.209451
-0.209622
-0.209699
-0.209669
-0.209531
-0.209287
-0.20894
-0.208489
-0.207936
-0.207282
-0.20653
-0.205681
-0.204735
-0.203693
-0.202556
-0.201324
-0.199997
-0.198575
-0.197059
-0.195447
-0.193739
-0.191936
-0.190036
-0.18804
-0.185947
-0.183757
-0.18147
-0.179087
-0.176608
-0.174033
-0.171364
-0.168603
-0.165751
-0.162811
-0.159786
-0.15668
-0.153496
-0.15024
-0.146917
-0.143533
-0.140095
-0.136611
-0.133088
-0.129535
-0.125962
-0.122377
-0.118791
-0.115213
-0.111654
-0.108122
-0.104629
-0.101182
-0.0977896
-0.0944604
-0.0912009
-0.0880169
-0.0849132
-0.0818936
-0.0789605
-0.0761155
-0.0733591
-0.0706906
-0.0681087
-0.065611
-0.0631946
-0.0608562
-0.0585918
-0.0563974
-0.0542685
-0.0522008
-0.05019
-0.0482316
-0.0463216
-0.044456
-0.042631
-0.0408433
-0.0390896
-0.037367
-0.035673
-0.0340051
-0.0323614
-0.0307401
-0.0291397
-0.0275589
-0.0259969
-0.024453
-0.0229269
-0.0214166
-0.0199247
-0.01845
-0.0169925
-0.015553
-0.0141322
-0.0127306
-0.0113493
-0.00998919
-0.00865134
-0.00733688
-0.00604701
-0.00478296
-0.00354596
-0.00233725
-0.00115808
-9.62902e-06
0.00110694
0.00219053
0.00324013
0.00425478
0.00523364
0.00617597
0.00708112
0.00794858
0.00877791
0.00956883
0.0103212
0.0110349
0.01171
0.0123467
0.0129453
0.0135061
0.0140296
0.0145164
0.0149672
0.0153825
0.0157632
0.0161102
0.0164243
0.0167064
0.0169574
0.0171784
0.0173703
0.0175341
0.0176708
0.0177814
0.0178669
0.0179282
0.0179662
0.0179821
0.0179765
0.0179504
0.0179047
0.0178402
0.0177576
0.0176577
0.0175413
0.017409
0.0172614
0.0170993
0.0169232
0.0167336
0.0165311
0.0163161
0.0160892
0.0158507
0.0156012
0.0153409
0.0150703
0.0147896
0.0144992
0.0141995
0.0138906
0.0135729
0.0132465
0.0129118
0.0125689
0.012218
0.0118594
0.0114932
0.0111196
0.0107387
0.0103507
0.00995575
0.00955399
0.00914554
0.00873053
0.00830907
0.00788128
0.00744727
0.00700713
0.00656099
0.00610893
0.00565105
0.00518745
0.00471821
0.00424345
0.00376324
0.00327773
0.00278697
0.00229135
0.00178994
0.00128762
0.000765654
0.000313131
-0.202616
-0.204383
-0.205542
-0.206415
-0.207178
-0.207831
-0.208337
-0.208708
-0.208962
-0.209101
-0.209118
-0.209013
-0.208791
-0.208455
-0.208007
-0.207451
-0.206788
-0.206021
-0.205152
-0.204183
-0.203115
-0.201948
-0.200684
-0.199323
-0.197866
-0.196312
-0.194662
-0.192915
-0.191072
-0.189133
-0.187097
-0.184965
-0.182737
-0.180413
-0.177994
-0.175481
-0.172875
-0.170178
-0.167391
-0.164518
-0.161561
-0.158523
-0.15541
-0.152224
-0.148973
-0.145661
-0.142295
-0.138882
-0.13543
-0.131947
-0.128441
-0.124921
-0.121397
-0.117878
-0.114372
-0.11089
-0.107439
-0.104029
-0.100668
-0.0973632
-0.0941205
-0.0909461
-0.0878448
-0.0848203
-0.0818756
-0.0790123
-0.0762315
-0.073533
-0.070916
-0.068379
-0.0659197
-0.0635353
-0.0612227
-0.0589784
-0.0567987
-0.0546797
-0.0526176
-0.0506085
-0.0486486
-0.0467342
-0.0448619
-0.0430284
-0.0412305
-0.0394655
-0.0377308
-0.0360239
-0.0343428
-0.0326855
-0.0310506
-0.0294366
-0.0278423
-0.0262669
-0.0247097
-0.0231694
-0.0216482
-0.0201436
-0.0186565
-0.0171871
-0.015736
-0.0143037
-0.012891
-0.0114987
-0.0101278
-0.00877938
-0.00745456
-0.00615452
-0.00488048
-0.00363369
-0.00241537
-0.00122678
-6.91063e-05
0.00105648
0.00214887
0.00320704
0.00423003
0.00521698
0.00616713
0.00707982
0.00795451
0.00879078
0.00958831
0.0103469
0.0110666
0.0117473
0.0123892
0.0129926
0.0135579
0.0140855
0.014576
0.0150301
0.0154484
0.0158317
0.016181
0.0164969
0.0167806
0.0170328
0.0172547
0.0174472
0.0176113
0.0177481
0.0178585
0.0179435
0.0180041
0.0180414
0.0180561
0.0180493
0.0180219
0.0179747
0.0179086
0.0178243
0.0177227
0.0176044
0.0174702
0.0173207
0.0171566
0.0169785
0.0167869
0.0165824
0.0163654
0.0161365
0.0158961
0.0156447
0.0153825
0.01511
0.0148276
0.0145355
0.014234
0.0139235
0.0136042
0.0132763
0.0129401
0.0125958
0.0122436
0.0118837
0.0115162
0.0111414
0.0107594
0.0103704
0.00997439
0.00957164
0.00916225
0.00874634
0.00832403
0.00789541
0.00746062
0.00701973
0.00657285
0.00612008
0.0056615
0.0051972
0.00472727
0.00425181
0.00377088
0.00328461
0.00279303
0.00229657
0.00179408
0.00129127
0.000766217
0.00032277
-0.200465
-0.202482
-0.20396
-0.205116
-0.20609
-0.206907
-0.207551
-0.208032
-0.208368
-0.208568
-0.20863
-0.208558
-0.208358
-0.208034
-0.207591
-0.207032
-0.206361
-0.205582
-0.204696
-0.203707
-0.202616
-0.201424
-0.200132
-0.198743
-0.197255
-0.19567
-0.193988
-0.192209
-0.190334
-0.188362
-0.186295
-0.184131
-0.181873
-0.179521
-0.177075
-0.174537
-0.171908
-0.169191
-0.166388
-0.163502
-0.160536
-0.157493
-0.15438
-0.151199
-0.147958
-0.144661
-0.141316
-0.137931
-0.134511
-0.131066
-0.127604
-0.124134
-0.120663
-0.117202
-0.113758
-0.11034
-0.106957
-0.103616
-0.100323
-0.0970864
-0.0939109
-0.0908016
-0.0877624
-0.0847965
-0.0819062
-0.0790927
-0.0763568
-0.0736981
-0.0711156
-0.068608
-0.0661729
-0.063808
-0.0615104
-0.0592769
-0.0571043
-0.054989
-0.0529276
-0.0509168
-0.048953
-0.047033
-0.0451537
-0.0433121
-0.0415053
-0.0397307
-0.0379859
-0.0362688
-0.0345773
-0.0329097
-0.0312644
-0.0296402
-0.0280359
-0.0264508
-0.0248838
-0.0233348
-0.0218041
-0.0202905
-0.0187947
-0.0173169
-0.0158576
-0.0144173
-0.0129967
-0.0115968
-0.0102184
-0.00886269
-0.00753067
-0.00622355
-0.00494255
-0.00368892
-0.00246388
-0.00126869
-0.000104539
0.0010274
0.00212601
0.00319026
0.00421918
0.00521189
0.00616764
0.00708575
0.00796566
0.00880694
0.00960928
0.0103725
0.0110964
0.0117812
0.012427
0.013034
0.0136026
0.0141332
0.0146265
0.015083
0.0155036
0.0158888
0.0162397
0.0165571
0.0168419
0.0170951
0.0173176
0.0175106
0.0176749
0.0178116
0.0179218
0.0180065
0.0180666
0.0181031
0.018117
0.0181093
0.0180808
0.0180324
0.017965
0.0178793
0.0177762
0.0176565
0.0175207
0.0173697
0.017204
0.0170243
0.0168311
0.0166249
0.0164064
0.0161759
0.0159339
0.0156809
0.0154172
0.0151433
0.0148594
0.0145658
0.014263
0.0139512
0.0136306
0.0133014
0.012964
0.0126186
0.0122653
0.0119043
0.0115358
0.01116
0.0107771
0.0103872
0.00999034
0.00958679
0.00917662
0.00875998
0.00833695
0.00790766
0.00747222
0.0070307
0.00658322
0.00612986
0.0056707
0.00520583
0.00473533
0.00425927
0.00377774
0.00329083
0.00279856
0.00230135
0.00179798
0.00129453
0.000767485
0.000328483
-0.198623
-0.20084
-0.202574
-0.203972
-0.205137
-0.206103
-0.206871
-0.207453
-0.207867
-0.208123
-0.208227
-0.208185
-0.208005
-0.207692
-0.207254
-0.206694
-0.206017
-0.205227
-0.204328
-0.203322
-0.202212
-0.201
-0.199687
-0.198273
-0.196762
-0.195152
-0.193445
-0.191641
-0.189741
-0.187745
-0.185654
-0.183467
-0.181187
-0.178815
-0.17635
-0.173795
-0.171153
-0.168424
-0.165612
-0.162719
-0.159751
-0.15671
-0.153601
-0.150429
-0.147201
-0.143922
-0.140599
-0.13724
-0.133851
-0.13044
-0.127017
-0.123588
-0.120163
-0.116749
-0.113355
-0.109989
-0.106657
-0.103368
-0.100128
-0.0969416
-0.093815
-0.0907521
-0.0877566
-0.0848311
-0.0819775
-0.079197
-0.07649
-0.0738562
-0.0712947
-0.0688041
-0.0663825
-0.0640276
-0.0617369
-0.0595075
-0.0573364
-0.0552206
-0.0531568
-0.051142
-0.0491731
-0.0472469
-0.0453607
-0.0435115
-0.0416968
-0.0399141
-0.0381611
-0.0364357
-0.034736
-0.0330603
-0.0314071
-0.0297752
-0.0281634
-0.0265711
-0.0249969
-0.0234415
-0.0219039
-0.020384
-0.0188821
-0.0173984
-0.0159333
-0.0144874
-0.0130615
-0.0116563
-0.0102728
-0.00891197
-0.00757502
-0.00626307
-0.00497734
-0.00371905
-0.00248944
-0.00128975
-0.00012119
0.00101508
0.00211795
0.00318635
0.00421934
0.00521602
0.00617562
0.00709747
0.007981
0.00882577
0.00963145
0.0103978
0.0111248
0.0118125
0.0124609
0.0130704
0.0136413
0.0141741
0.0146694
0.0151277
0.0155498
0.0159364
0.0162885
0.0166068
0.0168924
0.0171462
0.0173692
0.0175624
0.0177268
0.0178635
0.0179735
0.0180578
0.0181174
0.0181534
0.0181666
0.0181581
0.0181287
0.0180793
0.0180109
0.0179241
0.0178199
0.017699
0.017562
0.0174097
0.0172428
0.0170617
0.0168673
0.0166598
0.01644
0.0162082
0.015965
0.0157108
0.0154459
0.0151707
0.0148856
0.014591
0.0142871
0.0139741
0.0136525
0.0133224
0.012984
0.0126377
0.0122835
0.0119216
0.0115523
0.0111758
0.0107921
0.0104014
0.0100039
0.00959973
0.00918894
0.0087717
0.00834811
0.00791827
0.0074823
0.00704028
0.0065923
0.00613846
0.00567883
0.00521349
0.00474252
0.00426599
0.00378396
0.00329652
0.00280367
0.00230582
0.00180174
0.00129749
0.000769433
0.000330408
-0.19712
-0.199495
-0.201431
-0.203026
-0.204354
-0.20545
-0.206326
-0.206995
-0.207475
-0.207781
-0.207922
-0.207906
-0.207743
-0.207441
-0.207006
-0.206446
-0.205764
-0.204967
-0.204058
-0.203039
-0.201915
-0.200687
-0.199357
-0.197927
-0.196397
-0.194769
-0.193044
-0.191222
-0.189304
-0.187291
-0.185184
-0.182982
-0.180688
-0.178302
-0.175827
-0.173262
-0.170612
-0.167878
-0.165062
-0.16217
-0.159203
-0.156167
-0.153066
-0.149905
-0.146691
-0.143429
-0.140127
-0.136791
-0.133428
-0.130047
-0.126654
-0.123259
-0.119869
-0.116492
-0.113135
-0.109807
-0.106513
-0.103261
-0.100057
-0.0969054
-0.0938116
-0.0907793
-0.0878118
-0.0849116
-0.0820805
-0.0793194
-0.0766288
-0.0740085
-0.0714577
-0.068975
-0.066559
-0.0642073
-0.0619178
-0.0596879
-0.0575148
-0.0553956
-0.0533275
-0.0513075
-0.0493326
-0.0474001
-0.0455072
-0.0436511
-0.0418295
-0.0400398
-0.0382798
-0.0365476
-0.0348413
-0.0331591
-0.0314997
-0.0298618
-0.0282443
-0.026646
-0.0250671
-0.0235065
-0.021964
-0.0204395
-0.0189332
-0.0174452
-0.015976
-0.0145262
-0.0130964
-0.0116875
-0.0103005
-0.00893622
-0.00759591
-0.0062807
-0.00499177
-0.00373035
-0.00249769
-0.00129501
-0.000123507
0.00101564
0.00212132
0.00319248
0.00422815
0.00522746
0.00618962
0.00711394
0.00799987
0.00884694
0.00965484
0.0104233
0.0111523
0.0118419
0.0124921
0.0131033
0.0136758
0.01421
0.0147065
0.0151659
0.015589
0.0159765
0.0163293
0.0166483
0.0169344
0.0171885
0.0174117
0.017605
0.0177694
0.017906
0.0180158
0.0180997
0.0181589
0.0181944
0.018207
0.0181978
0.0181677
0.0181175
0.0180483
0.0179606
0.0178555
0.0177336
0.0175957
0.0174424
0.0172744
0.0170924
0.0168969
0.0166884
0.0164676
0.0162348
0.0159906
0.0157353
0.0154695
0.0151934
0.0149074
0.0146119
0.0143071
0.0139933
0.0136708
0.0133399
0.0130008
0.0126537
0.0122988
0.0119363
0.0115664
0.0111892
0.0108049
0.0104137
0.0100156
0.00961089
0.0091996
0.00878188
0.00835784
0.00792756
0.00749117
0.00704874
0.00660038
0.00614615
0.00568614
0.00522044
0.00474909
0.00427218
0.00378975
0.00330188
0.00280857
0.00231017
0.00180554
0.00130035
0.000772061
0.000329001
-0.195969
-0.198465
-0.200557
-0.202305
-0.203765
-0.204967
-0.20593
-0.206669
-0.207203
-0.20755
-0.20772
-0.207725
-0.207576
-0.207282
-0.206851
-0.206291
-0.205607
-0.204804
-0.203887
-0.20286
-0.201726
-0.200487
-0.199146
-0.197703
-0.196162
-0.194522
-0.192785
-0.190952
-0.189023
-0.186999
-0.184882
-0.182671
-0.180369
-0.177977
-0.175495
-0.172927
-0.170274
-0.167539
-0.164724
-0.161834
-0.158872
-0.155843
-0.152751
-0.149601
-0.1464
-0.143154
-0.139868
-0.136551
-0.133209
-0.12985
-0.126481
-0.12311
-0.119745
-0.116394
-0.113063
-0.10976
-0.106491
-0.103264
-0.100082
-0.096952
-0.0938778
-0.0908633
-0.0879116
-0.085025
-0.0822053
-0.0794536
-0.0767702
-0.0741551
-0.0716077
-0.0691267
-0.0667107
-0.0643578
-0.0620659
-0.0598325
-0.057655
-0.0555309
-0.0534573
-0.0514314
-0.0494505
-0.0475117
-0.0456124
-0.0437501
-0.0419221
-0.0401263
-0.0383604
-0.0366225
-0.0349106
-0.0332231
-0.0315586
-0.0299159
-0.0282937
-0.0266912
-0.025108
-0.0235434
-0.0219971
-0.020469
-0.0189593
-0.017468
-0.0159958
-0.014543
-0.0131105
-0.0116989
-0.0103093
-0.00894263
-0.00759996
-0.00628247
-0.00499134
-0.00372781
-0.00249308
-0.0012884
-0.000114958
0.00102608
0.00213359
0.00320654
0.00424394
0.00524493
0.00620871
0.0071346
0.00802204
0.00887056
0.00967984
0.0104496
0.0111799
0.0118706
0.0125219
0.0131341
0.0137075
0.0142425
0.0147398
0.0151999
0.0156236
0.0160116
0.0163647
0.016684
0.0169702
0.0172245
0.0174477
0.017641
0.0178052
0.0179416
0.0180511
0.0181347
0.0181935
0.0182284
0.0182405
0.0182307
0.0182
0.0181492
0.0180792
0.0179908
0.0178849
0.0177622
0.0176235
0.0174694
0.0173006
0.0171177
0.0169214
0.0167121
0.0164905
0.0162569
0.0160119
0.0157559
0.0154893
0.0152124
0.0149257
0.0146294
0.0143239
0.0140095
0.0136864
0.0133549
0.0130152
0.0126675
0.012312
0.0119489
0.0115785
0.0112008
0.0108161
0.0104244
0.0100259
0.00962078
0.0092091
0.008791
0.00836659
0.00793597
0.00749924
0.00705649
0.00660781
0.00615328
0.00569298
0.00522697
0.00475533
0.00427812
0.00379537
0.00330717
0.00281349
0.00231464
0.00180959
0.00130335
0.000775431
0.000325036
-0.195164
-0.19775
-0.199955
-0.201817
-0.203376
-0.204658
-0.205686
-0.206477
-0.207052
-0.207428
-0.20762
-0.207641
-0.207502
-0.207214
-0.206786
-0.206226
-0.20554
-0.204734
-0.203813
-0.202781
-0.20164
-0.200395
-0.199046
-0.197597
-0.196048
-0.194402
-0.192658
-0.190818
-0.188883
-0.186854
-0.184732
-0.182517
-0.180212
-0.177817
-0.175334
-0.172765
-0.170113
-0.167379
-0.164568
-0.161682
-0.158726
-0.155703
-0.152619
-0.149479
-0.146289
-0.143054
-0.139782
-0.136478
-0.133151
-0.129807
-0.126454
-0.1231
-0.119751
-0.116416
-0.113101
-0.109813
-0.106559
-0.103344
-0.100175
-0.097056
-0.0939914
-0.0909851
-0.08804
-0.0851586
-0.0823426
-0.0795931
-0.0769107
-0.0742953
-0.0717464
-0.069263
-0.0668437
-0.0644867
-0.0621901
-0.0599516
-0.0577686
-0.0556387
-0.0535591
-0.0515272
-0.0495402
-0.0475954
-0.0456902
-0.043822
-0.0419885
-0.0401872
-0.0384161
-0.0366731
-0.0349564
-0.0332644
-0.0315955
-0.0299487
-0.0283225
-0.0267165
-0.0251298
-0.0235618
-0.0220124
-0.0204814
-0.0189688
-0.017475
-0.0160003
-0.0145452
-0.0131104
-0.0116968
-0.0103051
-0.00893657
-0.00759212
-0.00627293
-0.00498019
-0.00371511
-0.00247892
-0.00127283
-9.80472e-05
0.00104427
0.00215301
0.00322713
0.00426566
0.00526771
0.00623251
0.00715937
0.00804772
0.0088971
0.00970719
0.0104778
0.0112087
0.0119001
0.012552
0.0131647
0.0137385
0.0142739
0.0147715
0.0152319
0.0156558
0.0160439
0.0163972
0.0167164
0.0170027
0.0172568
0.0174799
0.0176729
0.0178369
0.0179729
0.018082
0.0181652
0.0182235
0.018258
0.0182695
0.0182592
0.0182278
0.0181764
0.0181058
0.0180168
0.0179102
0.0177868
0.0176474
0.0174926
0.0173231
0.0171396
0.0169426
0.0167326
0.0165103
0.0162761
0.0160304
0.0157737
0.0155065
0.015229
0.0149417
0.0146449
0.0143388
0.0140238
0.0137002
0.0133682
0.013028
0.0126798
0.0123239
0.0119604
0.0115895
0.0112115
0.0108263
0.0104343
0.0100354
0.00962997
0.00921797
0.00879956
0.00837486
0.00794396
0.00750696
0.00706395
0.00661501
0.00616024
0.00569969
0.00523345
0.00476158
0.00428412
0.00380114
0.00331267
0.00281871
0.0023195
0.00181415
0.00130682
0.000779697
0.000319571
-0.194678
-0.197327
-0.199609
-0.201549
-0.203174
-0.204511
-0.205583
-0.206409
-0.20701
-0.207406
-0.207612
-0.207643
-0.207511
-0.207227
-0.206802
-0.206242
-0.205555
-0.204747
-0.203824
-0.202788
-0.201644
-0.200395
-0.199043
-0.197591
-0.196038
-0.194388
-0.192642
-0.190799
-0.188862
-0.186831
-0.184707
-0.182492
-0.180186
-0.177791
-0.175309
-0.172742
-0.170092
-0.167361
-0.164554
-0.161672
-0.158721
-0.155704
-0.152627
-0.149494
-0.146311
-0.143085
-0.139821
-0.136526
-0.133208
-0.129874
-0.12653
-0.123185
-0.119845
-0.116518
-0.113211
-0.10993
-0.106682
-0.103473
-0.100309
-0.0971933
-0.0941313
-0.0911266
-0.0881821
-0.0853003
-0.0824829
-0.0797313
-0.0770459
-0.0744268
-0.0718736
-0.0693854
-0.0669609
-0.0645985
-0.0622961
-0.0600516
-0.0578627
-0.0557267
-0.0536412
-0.0516033
-0.0496105
-0.0476601
-0.0457494
-0.043876
-0.0420374
-0.0402313
-0.0384555
-0.0367081
-0.0349872
-0.0332912
-0.0316185
-0.0299678
-0.0283385
-0.0267292
-0.0251394
-0.0235685
-0.0220164
-0.0204828
-0.0189678
-0.0174717
-0.0159948
-0.0145376
-0.0131009
-0.0116855
-0.0102921
-0.00892195
-0.00757598
-0.00625537
-0.00496128
-0.00369494
-0.00245756
-0.00125036
-7.4541e-05
0.00106875
0.0021784
0.00325336
0.00429267
0.00529545
0.00626091
0.00718838
0.00807728
0.00892717
0.0097377
0.0105087
0.0112399
0.0119316
0.0125837
0.0131966
0.0137706
0.0143061
0.0148037
0.0152641
0.0156878
0.0160759
0.0164289
0.016748
0.0170339
0.0172878
0.0175105
0.0177032
0.0178667
0.0180023
0.0181109
0.0181936
0.0182514
0.0182853
0.0182963
0.0182853
0.0182534
0.0182013
0.0181301
0.0180404
0.0179332
0.0178092
0.0176692
0.0175138
0.0173437
0.0171595
0.0169618
0.0167513
0.0165284
0.0162935
0.0160473
0.0157901
0.0155223
0.0152443
0.0149565
0.0146592
0.0143526
0.0140372
0.0137131
0.0133806
0.01304
0.0126914
0.0123351
0.0119713
0.0116001
0.0112217
0.0108362
0.0104438
0.0100447
0.00963896
0.00922669
0.00880802
0.00838307
0.00795194
0.00751471
0.00707147
0.00662233
0.00616735
0.00570661
0.00524018
0.00476811
0.00429046
0.00380729
0.00331862
0.00282445
0.00232495
0.00181943
0.00131105
0.00078505
0.000313839
-0.19446
-0.19715
-0.199479
-0.201465
-0.20313
-0.204499
-0.205596
-0.206442
-0.207059
-0.207466
-0.20768
-0.207716
-0.207587
-0.207306
-0.206881
-0.206321
-0.205634
-0.204826
-0.203901
-0.202864
-0.201719
-0.200468
-0.199115
-0.197661
-0.196108
-0.194457
-0.192709
-0.190866
-0.188929
-0.186898
-0.184775
-0.18256
-0.180256
-0.177862
-0.175382
-0.172817
-0.17017
-0.167442
-0.164638
-0.16176
-0.158813
-0.1558
-0.152727
-0.149599
-0.146421
-0.1432
-0.139941
-0.136651
-0.133338
-0.130008
-0.126668
-0.123327
-0.11999
-0.116666
-0.113361
-0.110082
-0.106835
-0.103627
-0.100462
-0.097345
-0.0942812
-0.0912739
-0.0883262
-0.0854406
-0.082619
-0.0798626
-0.0771721
-0.0745476
-0.0719887
-0.0694946
-0.0670641
-0.0646955
-0.062387
-0.0601365
-0.0579416
-0.0557998
-0.0537085
-0.0516651
-0.0496669
-0.0477113
-0.0457957
-0.0439175
-0.0420744
-0.0402639
-0.038484
-0.0367327
-0.035008
-0.0333084
-0.0316323
-0.0299785
-0.028346
-0.0267338
-0.0251412
-0.0235677
-0.022013
-0.0204769
-0.0189597
-0.0174613
-0.0159824
-0.0145233
-0.0130847
-0.0116675
-0.0102725
-0.0089007
-0.00755325
-0.00623124
-0.00493584
-0.00366828
-0.00242976
-0.00122151
-4.47093e-05
0.00109947
0.00220994
0.00328564
0.00432561
0.00532898
0.00629497
0.00722288
0.00811217
0.00896236
0.00977313
0.0105443
0.0112757
0.0119674
0.0126195
0.0132323
0.0138062
0.0143415
0.0148389
0.015299
0.0157225
0.0161102
0.0164628
0.0167815
0.0170669
0.0173203
0.0175425
0.0177345
0.0178975
0.0180325
0.0181405
0.0182225
0.0182797
0.0183129
0.0183232
0.0183116
0.018279
0.0182262
0.0181543
0.018064
0.0179561
0.0178314
0.0176907
0.0175346
0.0173639
0.0171791
0.0169808
0.0167697
0.0165462
0.0163108
0.016064
0.0158063
0.015538
0.0152595
0.0149712
0.0146734
0.0143664
0.0140505
0.013726
0.0133932
0.0130522
0.0127032
0.0123466
0.0119824
0.0116108
0.0112321
0.0108464
0.0104537
0.0100543
0.00964832
0.0092358
0.0088169
0.00839172
0.00796037
0.00752293
0.0070795
0.00663017
0.00617501
0.00571409
0.00524749
0.00477525
0.00429745
0.00381411
0.00332529
0.00283096
0.00233126
0.00182565
0.00131635
0.000791883
0.000309345
-0.194466
-0.197181
-0.199537
-0.201546
-0.203232
-0.204616
-0.205724
-0.206578
-0.207201
-0.207611
-0.207827
-0.207865
-0.207737
-0.207455
-0.207029
-0.206469
-0.205781
-0.204971
-0.204045
-0.203008
-0.201862
-0.20061
-0.199257
-0.197802
-0.196249
-0.194598
-0.192851
-0.191009
-0.189072
-0.187043
-0.184921
-0.182708
-0.180405
-0.178013
-0.175535
-0.172973
-0.170327
-0.167602
-0.164801
-0.161926
-0.158981
-0.155971
-0.152901
-0.149775
-0.146599
-0.143379
-0.140122
-0.136834
-0.133522
-0.130192
-0.126853
-0.123511
-0.120174
-0.116849
-0.113542
-0.11026
-0.10701
-0.103798
-0.100629
-0.0975074
-0.0944385
-0.0914257
-0.0884722
-0.0855805
-0.0827526
-0.0799896
-0.0772924
-0.0746611
-0.0720955
-0.0695947
-0.0671575
-0.0647824
-0.0624676
-0.0602109
-0.05801
-0.0558624
-0.0537656
-0.0517169
-0.0497136
-0.0477531
-0.0458329
-0.0439503
-0.0421029
-0.0402884
-0.0385047
-0.0367496
-0.0350215
-0.0333185
-0.0316392
-0.0299823
-0.0283468
-0.0267316
-0.0251362
-0.02356
-0.0220028
-0.0204642
-0.0189445
-0.0174438
-0.0159626
-0.0145013
-0.0130606
-0.0116414
-0.0102444
-0.00887082
-0.00752159
-0.00619789
-0.00490091
-0.00363184
-0.00239192
-0.00118236
-4.3585e-06
0.00114093
0.0022524
0.003329
0.00436978
0.00537384
0.00634042
0.00726883
0.0081585
0.00900899
0.00981996
0.0105912
0.0113226
0.0120142
0.0126662
0.0132788
0.0138523
0.0143873
0.0148842
0.0153437
0.0157666
0.0161537
0.0165057
0.0168235
0.0171082
0.0173608
0.0175821
0.0177733
0.0179354
0.0180695
0.0181766
0.0182577
0.0183139
0.0183462
0.0183556
0.018343
0.0183095
0.0182559
0.018183
0.0180918
0.0179831
0.0178576
0.017716
0.0175592
0.0173876
0.0172021
0.0170031
0.0167912
0.016567
0.016331
0.0160836
0.0158252
0.0155563
0.0152772
0.0149884
0.0146901
0.0143826
0.0140662
0.0137413
0.0134079
0.0130665
0.0127172
0.0123601
0.0119956
0.0116237
0.0112446
0.0108586
0.0104656
0.0100659
0.00965962
0.00924683
0.00882768
0.00840225
0.00797067
0.00753301
0.00708936
0.00663982
0.00618447
0.00572336
0.00525658
0.00478419
0.00430622
0.00382273
0.00333376
0.00283931
0.00233944
0.00183383
0.00132379
0.000801504
0.000308749
-0.194657
-0.19739
-0.19976
-0.201781
-0.203473
-0.204861
-0.20597
-0.206823
-0.207444
-0.207852
-0.208065
-0.208099
-0.207968
-0.207682
-0.207254
-0.20669
-0.205999
-0.205187
-0.204259
-0.20322
-0.202073
-0.200821
-0.199466
-0.198011
-0.196458
-0.194808
-0.193061
-0.191219
-0.189284
-0.187256
-0.185135
-0.182923
-0.180622
-0.178233
-0.175757
-0.173196
-0.170552
-0.167829
-0.165029
-0.162155
-0.159212
-0.156203
-0.153133
-0.150007
-0.146832
-0.143612
-0.140353
-0.137064
-0.133749
-0.130418
-0.127075
-0.12373
-0.120388
-0.117058
-0.113746
-0.110459
-0.107202
-0.103984
-0.100807
-0.0976787
-0.0946022
-0.0915816
-0.0886202
-0.0857205
-0.0828844
-0.0801135
-0.0774084
-0.0747693
-0.0721961
-0.0696879
-0.0672436
-0.0648616
-0.0625401
-0.0602771
-0.0580702
-0.0559168
-0.0538146
-0.0517607
-0.0497525
-0.0477874
-0.0458627
-0.0439759
-0.0421245
-0.0403062
-0.0385188
-0.0367602
-0.0350286
-0.0333224
-0.0316399
-0.0299799
-0.0283413
-0.0267232
-0.0251249
-0.0235459
-0.0219857
-0.0204445
-0.018922
-0.0174187
-0.0159348
-0.0144709
-0.0130277
-0.011606
-0.0102067
-0.00883073
-0.00747926
-0.0061534
-0.00485435
-0.00358332
-0.00234154
-0.00113024
4.93861e-05
0.00119617
0.00230901
0.00338684
0.00442871
0.00543373
0.00640111
0.00733018
0.00822038
0.00907125
0.00988246
0.0106538
0.0113852
0.0120767
0.0127284
0.0133405
0.0139136
0.0144479
0.0149441
0.0154029
0.0158249
0.016211
0.0165619
0.0168787
0.0171623
0.0174137
0.0176338
0.0178238
0.0179846
0.0181174
0.0182232
0.018303
0.0183579
0.0183889
0.018397
0.0183832
0.0183484
0.0182935
0.0182195
0.0181271
0.0180172
0.0178906
0.017748
0.01759
0.0174175
0.017231
0.017031
0.0168182
0.0165932
0.0163563
0.016108
0.0158489
0.0155792
0.0152995
0.0150099
0.0147109
0.0144028
0.0140859
0.0137603
0.0134265
0.0130845
0.0127347
0.0123772
0.0120122
0.0116399
0.0112604
0.010874
0.0104806
0.0100806
0.00967395
0.00926084
0.00884138
0.00841567
0.0079838
0.00754587
0.00710198
0.0066522
0.00619661
0.00573529
0.00526831
0.00479572
0.00431757
0.00383392
0.00334479
0.0028502
0.00235021
0.0018446
0.00133419
0.00081434
0.000314638
-0.213576
-0.213777
-0.213912
-0.213999
-0.214038
-0.214038
-0.214003
-0.213932
-0.213823
-0.213671
-0.213473
-0.213227
-0.212928
-0.212576
-0.212169
-0.211704
-0.21118
-0.210596
-0.209951
-0.209244
-0.208472
-0.207637
-0.206735
-0.205767
-0.204732
-0.203627
-0.202453
-0.201208
-0.199891
-0.1985
-0.197035
-0.195493
-0.193873
-0.192173
-0.190391
-0.188525
-0.186572
-0.184529
-0.182394
-0.180164
-0.177834
-0.175401
-0.172861
-0.170209
-0.167442
-0.164553
-0.161539
-0.158392
-0.155109
-0.151685
-0.148113
-0.144389
-0.140509
-0.13647
-0.132269
-0.127906
-0.12338
-0.118694
-0.113853
-0.108865
-0.103739
-0.0984872
-0.0931271
-0.0876773
-0.08216
-0.0766003
-0.0710259
-0.0654663
-0.0599528
-0.0545177
-0.0491934
-0.0440117
-0.0390031
-0.0341962
-0.0296167
-0.0252871
-0.0212259
-0.0174477
-0.0139624
-0.0107755
-0.00788814
-0.0052974
-0.00299636
-0.000974652
0.000781125
0.00228684
0.00356029
0.00462065
0.00548799
0.00618271
0.0067252
0.00713538
0.00743243
0.00763452
0.00775859
0.00782026
0.0078337
0.00781161
0.00776522
0.00770431
0.00763728
0.00757122
0.007512
0.00746438
0.0074321
0.00741784
0.00742392
0.00745152
0.0075013
0.00757347
0.00766783
0.00778375
0.00792031
0.00807637
0.00825058
0.00844147
0.00864746
0.0088669
0.0090981
0.00933937
0.00958902
0.00984539
0.0101068
0.0103718
0.0106387
0.0109062
0.0111728
0.0114372
0.0116981
0.0119545
0.012205
0.0124489
0.012685
0.0129125
0.0131306
0.0133384
0.0135354
0.0137209
0.0138944
0.0140553
0.0142031
0.0143375
0.0144581
0.0145647
0.0146569
0.0147345
0.0147975
0.0148456
0.0148787
0.0148968
0.0148999
0.014888
0.014861
0.0148191
0.0147623
0.0146908
0.0146046
0.0145039
0.0143889
0.0142597
0.0141166
0.0139597
0.0137893
0.0136056
0.0134088
0.0131991
0.0129769
0.0127424
0.0124958
0.0122375
0.0119676
0.0116864
0.0113943
0.0110914
0.0107781
0.0104546
0.0101212
0.00977813
0.00942565
0.00906402
0.00869349
0.00831433
0.00792676
0.00753103
0.00712738
0.00671603
0.00629722
0.00587118
0.00543811
0.00499824
0.00455176
0.0040989
0.00363984
0.00317478
0.0027039
0.00222738
0.00174532
0.00125824
0.000764163
0.000277883
-0.213544
-0.213719
-0.213823
-0.213896
-0.21393
-0.21393
-0.213896
-0.213827
-0.213719
-0.213569
-0.213373
-0.213128
-0.212832
-0.212481
-0.212076
-0.211613
-0.211091
-0.210509
-0.209865
-0.209159
-0.20839
-0.207556
-0.206656
-0.205689
-0.204655
-0.203552
-0.202379
-0.201135
-0.199819
-0.19843
-0.196965
-0.195424
-0.193805
-0.192106
-0.190325
-0.18846
-0.186507
-0.184466
-0.182332
-0.180102
-0.177773
-0.175341
-0.172803
-0.170153
-0.167387
-0.164501
-0.161489
-0.158346
-0.155067
-0.151646
-0.148079
-0.144361
-0.140489
-0.136457
-0.132266
-0.127912
-0.123398
-0.118724
-0.113897
-0.108923
-0.103812
-0.0985776
-0.0932345
-0.0878023
-0.0823028
-0.0767609
-0.0712039
-0.0656613
-0.060164
-0.054744
-0.0494335
-0.0442641
-0.0392661
-0.034468
-0.0298953
-0.0255705
-0.0215121
-0.0177346
-0.0142481
-0.0110582
-0.00816622
-0.00556924
-0.00326041
-0.00122946
0.00053684
0.00205417
0.00334014
0.00441375
0.00529485
0.00600369
0.00656046
0.00698493
0.00729613
0.00751208
0.00764963
0.00772428
0.00775012
0.00773979
0.00770447
0.00765389
0.00759645
0.00753921
0.00748804
0.00744772
0.00742197
0.00741369
0.00742496
0.00745716
0.00751087
0.00758643
0.00768364
0.00780191
0.00794038
0.00809792
0.00827326
0.00846492
0.00867138
0.00889102
0.00912218
0.0093632
0.00961241
0.00986817
0.0101289
0.010393
0.010659
0.0109254
0.0111909
0.0114541
0.0117139
0.011969
0.0122184
0.012461
0.0126959
0.0129221
0.013139
0.0133457
0.0135415
0.0137259
0.0138983
0.0140581
0.0142049
0.0143383
0.014458
0.0145637
0.014655
0.0147319
0.0147941
0.0148414
0.0148739
0.0148914
0.0148939
0.0148814
0.014854
0.0148116
0.0147544
0.0146825
0.014596
0.014495
0.0143797
0.0142503
0.014107
0.0139499
0.0137794
0.0135955
0.0133986
0.0131889
0.0129667
0.0127322
0.0124856
0.0122272
0.0119574
0.0116763
0.0113842
0.0110814
0.0107682
0.0104448
0.0101115
0.0097685
0.00941613
0.00905463
0.00868425
0.00830523
0.00791781
0.00752223
0.00711874
0.00670756
0.00628892
0.00586303
0.00543014
0.00499044
0.00454414
0.00409145
0.00363256
0.00316767
0.00269695
0.00222061
0.00173867
0.00125188
0.000756757
0.000274439
-0.213488
-0.213668
-0.213755
-0.213817
-0.213847
-0.213846
-0.213814
-0.213747
-0.213642
-0.213494
-0.2133
-0.213057
-0.212763
-0.212415
-0.212011
-0.21155
-0.21103
-0.21045
-0.209808
-0.209104
-0.208336
-0.207504
-0.206605
-0.20564
-0.204607
-0.203506
-0.202334
-0.201092
-0.199777
-0.198389
-0.196926
-0.195386
-0.193769
-0.192071
-0.190291
-0.188427
-0.186476
-0.184436
-0.182304
-0.180076
-0.177749
-0.17532
-0.172784
-0.170137
-0.167374
-0.164491
-0.161483
-0.158344
-0.15507
-0.151655
-0.148094
-0.144383
-0.140518
-0.136495
-0.132312
-0.127968
-0.123464
-0.118801
-0.113985
-0.109022
-0.103922
-0.098699
-0.0933671
-0.0879457
-0.0824567
-0.0769247
-0.0713769
-0.0658426
-0.0603529
-0.0549394
-0.0496344
-0.0444696
-0.0394751
-0.0346795
-0.0301084
-0.0257842
-0.0217255
-0.0179468
-0.0144582
-0.0112653
-0.00836939
-0.00576767
-0.00345338
-0.00141631
0.000356701
0.0018813
0.00317503
0.00425681
0.00514645
0.00586411
0.00642992
0.00686357
0.00718401
0.0074092
0.0075559
0.00763956
0.0076742
0.00767241
0.00764531
0.0076026
0.00755264
0.00750246
0.00745793
0.00742378
0.00740378
0.0074008
0.00741665
0.00745324
0.00751084
0.00758986
0.00769013
0.00781108
0.00795186
0.00811137
0.00828833
0.00848134
0.00868886
0.00890931
0.00914104
0.00938243
0.00963182
0.00988759
0.0101482
0.010412
0.0106776
0.0109435
0.0112084
0.011471
0.0117301
0.0119844
0.012233
0.0124747
0.0127087
0.0129341
0.0131501
0.0133559
0.0135509
0.0137344
0.0139058
0.0140648
0.0142108
0.0143434
0.0144623
0.0145672
0.0146578
0.014734
0.0147955
0.0148422
0.0148741
0.014891
0.014893
0.01488
0.014852
0.0148092
0.0147516
0.0146793
0.0145924
0.0144911
0.0143755
0.0142458
0.0141022
0.0139449
0.0137742
0.0135901
0.0133931
0.0131833
0.0129609
0.0127262
0.0124796
0.0122212
0.0119512
0.0116701
0.011378
0.0110752
0.010762
0.0104386
0.0101053
0.00976234
0.00941001
0.00904856
0.00867822
0.00829926
0.00791191
0.0075164
0.00711299
0.00670188
0.00628333
0.00585754
0.00542474
0.00498513
0.00453893
0.00408635
0.00362756
0.00316278
0.00269217
0.00221594
0.00173407
0.00124766
0.000751607
0.000274243
-0.213424
-0.213629
-0.213706
-0.213761
-0.213788
-0.213787
-0.213757
-0.213693
-0.213591
-0.213446
-0.213255
-0.213015
-0.212723
-0.212377
-0.211975
-0.211516
-0.210998
-0.21042
-0.20978
-0.209078
-0.208311
-0.20748
-0.206583
-0.20562
-0.204588
-0.203488
-0.202318
-0.201077
-0.199764
-0.198377
-0.196916
-0.195378
-0.193761
-0.192065
-0.190287
-0.188425
-0.186476
-0.184438
-0.182309
-0.180083
-0.177759
-0.175333
-0.172801
-0.170158
-0.167399
-0.164521
-0.161518
-0.158386
-0.155118
-0.15171
-0.148157
-0.144454
-0.140597
-0.136583
-0.13241
-0.128075
-0.12358
-0.118927
-0.114121
-0.109167
-0.104076
-0.0988608
-0.0935362
-0.0881212
-0.0826376
-0.0771099
-0.0715654
-0.0660335
-0.0605452
-0.0551323
-0.0498271
-0.0446614
-0.0396656
-0.0348682
-0.0302951
-0.0259686
-0.0219073
-0.0181259
-0.0146344
-0.0114385
-0.00853959
-0.0059347
-0.00361707
-0.00157648
0.000200303
0.00172895
0.00302704
0.00411353
0.00500824
0.00573133
0.00630291
0.00674266
0.00706951
0.00730135
0.00745492
0.00754559
0.00758735
0.0075927
0.00757273
0.00753707
0.00749402
0.00745058
0.00741255
0.00738466
0.00737062
0.00737325
0.00739427
0.00743592
0.00749817
0.00758145
0.00768561
0.0078101
0.00795407
0.00811643
0.00829593
0.00849116
0.00870061
0.00892271
0.00915584
0.00939838
0.0096487
0.00990519
0.0101663
0.0104305
0.0106963
0.0109623
0.0112271
0.0114895
0.0117483
0.0120023
0.0122504
0.0124917
0.0127251
0.0129499
0.0131653
0.0133704
0.0135647
0.0137475
0.0139182
0.0140765
0.0142217
0.0143536
0.0144718
0.014576
0.0146659
0.0147414
0.0148022
0.0148483
0.0148795
0.0148959
0.0148972
0.0148837
0.0148552
0.0148118
0.0147537
0.014681
0.0145936
0.0144919
0.0143759
0.0142458
0.0141019
0.0139443
0.0137732
0.0135889
0.0133916
0.0131815
0.0129589
0.0127241
0.0124772
0.0122186
0.0119486
0.0116673
0.011375
0.0110721
0.0107588
0.0104353
0.010102
0.00975897
0.0094066
0.00904511
0.00867474
0.00829576
0.00790839
0.00751288
0.00710947
0.00669837
0.00627983
0.00585407
0.00542129
0.00498171
0.00453555
0.004083
0.00362427
0.00315954
0.00268898
0.00221284
0.00173101
0.00124496
0.00074836
0.000275558
-0.213364
-0.213607
-0.213678
-0.213728
-0.213752
-0.213752
-0.213725
-0.213664
-0.213565
-0.213424
-0.213236
-0.212998
-0.212709
-0.212365
-0.211966
-0.211508
-0.210992
-0.210416
-0.209777
-0.209076
-0.208311
-0.207482
-0.206586
-0.205624
-0.204594
-0.203495
-0.202326
-0.201087
-0.199775
-0.19839
-0.19693
-0.195393
-0.193779
-0.192085
-0.190309
-0.188449
-0.186503
-0.184468
-0.182341
-0.180119
-0.177799
-0.175377
-0.172849
-0.170211
-0.167458
-0.164586
-0.16159
-0.158465
-0.155205
-0.151805
-0.148261
-0.144568
-0.140721
-0.136717
-0.132554
-0.12823
-0.123745
-0.119102
-0.114304
-0.109359
-0.104276
-0.099067
-0.0937478
-0.0883371
-0.0828565
-0.0773307
-0.071787
-0.0662548
-0.0607654
-0.0553507
-0.0500433
-0.0448751
-0.0398765
-0.0350764
-0.0305005
-0.0261715
-0.022108
-0.0183246
-0.0148315
-0.0116341
-0.00873388
-0.0061277
-0.00380869
-0.00176652
1.21353e-05
0.00154306
0.00284391
0.00393371
0.00483231
0.00555992
0.00613665
0.00658215
0.00691532
0.00715402
0.0073149
0.00741328
0.00746306
0.00747667
0.0074651
0.00743793
0.00740336
0.00736832
0.00733856
0.00731874
0.00731251
0.00732267
0.00735128
0.00739923
0.00746793
0.0075573
0.00766709
0.00779679
0.00794555
0.00811231
0.0082958
0.00849463
0.00870731
0.00893228
0.00916794
0.00941268
0.0096649
0.00992301
0.0101855
0.0104508
0.0107174
0.0109841
0.0112494
0.0115122
0.0117711
0.0120251
0.0122731
0.0125141
0.0127473
0.0129716
0.0131865
0.0133911
0.0135847
0.0137669
0.0139369
0.0140944
0.014239
0.0143701
0.0144875
0.0145909
0.0146801
0.0147548
0.0148148
0.0148601
0.0148906
0.0149062
0.0149068
0.0148925
0.0148634
0.0148194
0.0147606
0.0146872
0.0145993
0.014497
0.0143805
0.0142499
0.0141054
0.0139474
0.0137758
0.0135911
0.0133934
0.0131829
0.01296
0.0127248
0.0124776
0.0122188
0.0119484
0.0116669
0.0113744
0.0110713
0.0107578
0.0104341
0.0101006
0.00975747
0.00940496
0.00904335
0.00867287
0.00829379
0.00790634
0.00751076
0.00710728
0.00669613
0.00627754
0.00585173
0.00541892
0.00497933
0.00453315
0.0040806
0.00362186
0.00315715
0.00268663
0.00221054
0.00172876
0.00124299
0.000746192
0.000276582
-0.213325
-0.21361
-0.213677
-0.213724
-0.213748
-0.21375
-0.213726
-0.213668
-0.213573
-0.213434
-0.213248
-0.213013
-0.212726
-0.212384
-0.211986
-0.21153
-0.211015
-0.210439
-0.209802
-0.209102
-0.208338
-0.20751
-0.206615
-0.205654
-0.204625
-0.203527
-0.20236
-0.201121
-0.199811
-0.198427
-0.196969
-0.195434
-0.193821
-0.192129
-0.190356
-0.188498
-0.186555
-0.184523
-0.182399
-0.180182
-0.177866
-0.175449
-0.172926
-0.170294
-0.167548
-0.164683
-0.161695
-0.158578
-0.155327
-0.151937
-0.148403
-0.14472
-0.140884
-0.136891
-0.132738
-0.128424
-0.12395
-0.119316
-0.114527
-0.109589
-0.104513
-0.099309
-0.093994
-0.0885862
-0.0831074
-0.0775824
-0.0720386
-0.0665058
-0.0610151
-0.055599
-0.05029
-0.0451203
-0.0401206
-0.0353197
-0.0307436
-0.0264149
-0.0223523
-0.0185702
-0.0150787
-0.0118832
-0.00898484
-0.00638036
-0.00406274
-0.00202145
-0.000243006
0.0012885
0.00259085
0.00368314
0.00458528
0.00531749
0.00589986
0.00635203
0.00669281
0.00693998
0.00711011
0.00721841
0.00727865
0.00730315
0.00730279
0.00728701
0.00726391
0.00724034
0.00722192
0.00721323
0.00721786
0.00723855
0.0072772
0.00733485
0.00741279
0.00751091
0.00762891
0.00776627
0.00792218
0.00809554
0.0082851
0.00848948
0.00870721
0.00893674
0.00917649
0.00942488
0.00968033
0.00994126
0.0102062
0.0104736
0.010742
0.0110101
0.0112767
0.0115403
0.0117999
0.0120544
0.0123027
0.0125438
0.0127769
0.0130011
0.0132156
0.0134197
0.0136129
0.0137944
0.0139638
0.0141205
0.0142642
0.0143945
0.014511
0.0146135
0.0147017
0.0147755
0.0148346
0.014879
0.0149085
0.0149231
0.0149228
0.0149076
0.0148776
0.0148327
0.0147731
0.0146989
0.0146101
0.014507
0.0143898
0.0142584
0.0141133
0.0139546
0.0137824
0.0135971
0.0133988
0.0131878
0.0129643
0.0127286
0.012481
0.0122217
0.0119509
0.011669
0.0113762
0.0110727
0.0107589
0.010435
0.0101011
0.00975774
0.009405
0.00904317
0.0086725
0.00829323
0.00790561
0.00750987
0.00710625
0.00669497
0.00627627
0.00585036
0.00541746
0.00497778
0.00453153
0.00407893
0.00362016
0.00315542
0.0026849
0.00220884
0.00172712
0.00124152
0.000744896
0.000276243
-0.213322
-0.21365
-0.213713
-0.21376
-0.213784
-0.213788
-0.213766
-0.213711
-0.213618
-0.213481
-0.213297
-0.213063
-0.212776
-0.212435
-0.212038
-0.211582
-0.211068
-0.210493
-0.209856
-0.209156
-0.208393
-0.207564
-0.20667
-0.20571
-0.204681
-0.203584
-0.202418
-0.20118
-0.199871
-0.198488
-0.197031
-0.195498
-0.193887
-0.192197
-0.190426
-0.188571
-0.186631
-0.184602
-0.182482
-0.180269
-0.177958
-0.175546
-0.17303
-0.170404
-0.167665
-0.164808
-0.161828
-0.15872
-0.155478
-0.152098
-0.148574
-0.144902
-0.141076
-0.137093
-0.132951
-0.128647
-0.124181
-0.119555
-0.114774
-0.109843
-0.104771
-0.0995722
-0.0942604
-0.088855
-0.0833779
-0.0778541
-0.0723111
-0.066779
-0.0612892
-0.0558744
-0.0505673
-0.0454002
-0.040404
-0.0356075
-0.0310367
-0.026714
-0.0226581
-0.0188831
-0.015399
-0.0122108
-0.00931934
-0.00672123
-0.0044091
-0.00237218
-0.00059678
0.000933176
0.0022356
0.00332966
0.00423531
0.00497274
0.00556202
0.00602267
0.0063734
0.00663185
0.00681442
0.00693616
0.00701067
0.00705009
0.00706511
0.00706503
0.00705778
0.00705006
0.00704737
0.00705416
0.00707392
0.00710928
0.00716205
0.0072334
0.00732433
0.0074348
0.00756447
0.0077128
0.00787895
0.00806184
0.00826022
0.00847273
0.0086979
0.00893422
0.00918012
0.00943405
0.00969444
0.00995978
0.0102286
0.0104993
0.0107707
0.0110414
0.01131
0.0115753
0.0118363
0.0120919
0.0123409
0.0125826
0.0128159
0.0130402
0.0132546
0.0134584
0.0136511
0.013832
0.0140006
0.0141566
0.0142994
0.0144287
0.0145442
0.0146456
0.0147327
0.0148052
0.0148632
0.0149063
0.0149347
0.0149481
0.0149466
0.0149302
0.014899
0.0148529
0.0147922
0.0147169
0.014627
0.0145229
0.0144046
0.0142723
0.0141262
0.0139666
0.0137935
0.0136073
0.0134082
0.0131965
0.0129723
0.0127359
0.0124876
0.0122277
0.0119563
0.0116738
0.0113805
0.0110765
0.0107622
0.0104379
0.0101036
0.00975986
0.00940676
0.0090446
0.00867362
0.00829406
0.00790618
0.00751019
0.00710634
0.00669485
0.00627595
0.00584986
0.00541679
0.00497697
0.0045306
0.00407788
0.00361902
0.00315421
0.00268366
0.0022076
0.00172596
0.00124034
0.000744404
0.000273746
-0.21337
-0.213739
-0.213798
-0.213843
-0.213867
-0.213872
-0.213851
-0.213797
-0.213704
-0.213567
-0.213383
-0.213148
-0.212861
-0.212519
-0.212121
-0.211665
-0.21115
-0.210574
-0.209936
-0.209236
-0.208472
-0.207644
-0.206749
-0.205788
-0.20476
-0.203663
-0.202497
-0.201259
-0.199951
-0.198569
-0.197113
-0.195581
-0.193972
-0.192284
-0.190515
-0.188663
-0.186726
-0.184701
-0.182585
-0.180376
-0.17807
-0.175663
-0.173153
-0.170534
-0.167802
-0.164953
-0.161981
-0.158882
-0.155649
-0.152278
-0.148764
-0.145101
-0.141284
-0.137311
-0.133177
-0.128881
-0.124422
-0.119804
-0.115028
-0.110102
-0.105035
-0.0998392
-0.0945307
-0.0891283
-0.0836542
-0.0781335
-0.0725943
-0.0670667
-0.0615825
-0.0561745
-0.0508756
-0.0457181
-0.0407331
-0.0359491
-0.031392
-0.0270841
-0.0230435
-0.0192842
-0.0158156
-0.0126424
-0.00976497
-0.00717953
-0.00487835
-0.00285034
-0.00108156
0.000444264
0.00174517
0.00284039
0.00374987
0.00449373
0.00509191
0.00556379
0.00592788
0.00620158
0.00640106
0.00654111
0.00663507
0.00669483
0.00673084
0.00675217
0.00676654
0.00678044
0.00679919
0.0068271
0.0068675
0.00692291
0.0069951
0.00708507
0.00719379
0.0073212
0.00746691
0.00763033
0.00781063
0.00800673
0.00821738
0.00844123
0.00867683
0.0089227
0.0091773
0.00943912
0.00970662
0.00997832
0.0102527
0.0105285
0.0108042
0.0110786
0.0113505
0.0116185
0.0118818
0.0121391
0.0123895
0.0126322
0.0128662
0.0130909
0.0133054
0.0135091
0.0137014
0.0138817
0.0140496
0.0142047
0.0143464
0.0144746
0.0145889
0.0146889
0.0147746
0.0148458
0.0149022
0.0149438
0.0149707
0.0149825
0.0149795
0.0149616
0.0149288
0.0148813
0.014819
0.0147422
0.014651
0.0145455
0.0144258
0.0142922
0.0141449
0.013984
0.0138098
0.0136224
0.0134223
0.0132095
0.0129843
0.012747
0.0124978
0.012237
0.0119648
0.0116816
0.0113875
0.0110829
0.010768
0.010443
0.0101082
0.00976389
0.00941029
0.00904766
0.00867624
0.00829628
0.00790801
0.00751167
0.00710749
0.00669569
0.00627651
0.00585015
0.00541684
0.0049768
0.00453022
0.00407733
0.00361832
0.00315341
0.00268278
0.00220668
0.00172513
0.0012393
0.00074467
0.000268542
-0.213486
-0.21389
-0.21394
-0.213981
-0.214003
-0.214005
-0.213983
-0.213926
-0.213831
-0.213691
-0.213504
-0.213267
-0.212977
-0.212633
-0.212232
-0.211774
-0.211256
-0.210678
-0.210039
-0.209337
-0.208572
-0.207742
-0.206846
-0.205885
-0.204855
-0.203758
-0.202591
-0.201354
-0.200046
-0.198664
-0.197209
-0.195678
-0.194071
-0.192384
-0.190618
-0.188768
-0.186834
-0.184812
-0.1827
-0.180495
-0.178194
-0.175792
-0.173288
-0.170676
-0.16795
-0.165108
-0.162144
-0.159052
-0.155827
-0.152464
-0.148957
-0.145301
-0.141492
-0.137526
-0.133398
-0.129108
-0.124655
-0.120041
-0.11527
-0.110348
-0.105285
-0.100093
-0.0947889
-0.0893913
-0.083923
-0.0784095
-0.072879
-0.067362
-0.0618907
-0.0564978
-0.0512163
-0.0460787
-0.0411155
-0.0363553
-0.0318234
-0.0275416
-0.0235278
-0.0197951
-0.0163524
-0.0132038
-0.0103492
-0.00778419
-0.00550054
-0.00348681
-0.00172877
-0.000209924
0.00108786
0.00218385
0.00309789
0.00385
0.00445989
0.00494668
0.00532856
0.00562263
0.00584469
0.00600917
0.00612907
0.00621593
0.00627988
0.00632965
0.0063727
0.00641526
0.00646242
0.00651827
0.00658598
0.00666791
0.00676575
0.00688041
0.00701271
0.00716254
0.0073295
0.00751295
0.00771206
0.00792574
0.00815275
0.00839176
0.00864135
0.00890006
0.00916641
0.0094389
0.00971606
0.00999644
0.0102786
0.0105613
0.0108431
0.0111228
0.0113991
0.0116711
0.0119376
0.0121976
0.0124501
0.0126944
0.0129296
0.013155
0.0133699
0.0135737
0.0137657
0.0139455
0.0141127
0.0142667
0.0144073
0.0145341
0.0146469
0.0147454
0.0148294
0.0148987
0.0149533
0.0149931
0.015018
0.0150279
0.0150229
0.0150031
0.0149683
0.0149189
0.0148547
0.0147761
0.014683
0.0145757
0.0144543
0.014319
0.01417
0.0140076
0.0138318
0.013643
0.0134415
0.0132273
0.0130008
0.0127623
0.0125119
0.01225
0.0119768
0.0116926
0.0113976
0.0110921
0.0107763
0.0104505
0.010115
0.00976996
0.00941571
0.00905246
0.00868046
0.00829995
0.00791117
0.00751435
0.00710972
0.00669751
0.00627794
0.00585122
0.00541758
0.00497722
0.00453037
0.00407723
0.00361801
0.00315292
0.00268218
0.00220598
0.00172456
0.0012383
0.000745686
0.000260405
-0.213688
-0.214114
-0.214148
-0.214179
-0.214192
-0.214188
-0.214158
-0.214096
-0.213993
-0.213848
-0.213655
-0.213412
-0.213117
-0.212768
-0.212363
-0.211901
-0.21138
-0.210799
-0.210156
-0.209452
-0.208684
-0.207852
-0.206955
-0.205991
-0.204961
-0.203863
-0.202695
-0.201458
-0.200149
-0.198768
-0.197313
-0.195783
-0.194177
-0.192492
-0.190727
-0.188879
-0.186948
-0.184929
-0.18282
-0.180619
-0.178322
-0.175926
-0.173426
-0.170818
-0.168098
-0.165261
-0.162303
-0.159216
-0.155997
-0.15264
-0.149139
-0.145488
-0.141684
-0.137721
-0.133598
-0.129311
-0.124862
-0.120251
-0.115482
-0.110564
-0.105504
-0.100318
-0.0950198
-0.0896305
-0.0841726
-0.0786722
-0.0731579
-0.0676604
-0.0622118
-0.0568451
-0.0515933
-0.0464884
-0.0415607
-0.0368381
-0.0323456
-0.0281041
-0.0241306
-0.0204376
-0.0170331
-0.0139204
-0.0110987
-0.00856273
-0.00630393
-0.00431034
-0.00256738
-0.00105838
0.000234888
0.00133163
0.00225156
0.00301443
0.00363965
0.00414594
0.00455108
0.0048717
0.00512313
0.00531933
0.00547282
0.0055947
0.00569467
0.00578108
0.00586102
0.00594037
0.00602397
0.00611563
0.00621831
0.00633419
0.00646485
0.00661115
0.0067736
0.00695211
0.00714625
0.00735536
0.00757858
0.00781481
0.00806285
0.00832138
0.008589
0.00886431
0.00914586
0.00943221
0.00972194
0.0100137
0.010306
0.0105977
0.0108875
0.0111743
0.0114567
0.0117339
0.0120048
0.0122685
0.012524
0.0127707
0.0130076
0.0132342
0.0134499
0.0136539
0.0138458
0.0140251
0.0141915
0.0143444
0.0144837
0.014609
0.01472
0.0148166
0.0148985
0.0149657
0.0150181
0.0150556
0.0150781
0.0150856
0.0150782
0.0150559
0.0150188
0.0149669
0.0149005
0.0148195
0.0147241
0.0146145
0.014491
0.0143536
0.0142025
0.0140381
0.0138604
0.0136698
0.0134664
0.0132506
0.0130225
0.0127824
0.0125306
0.0122672
0.0119927
0.0117072
0.011411
0.0111043
0.0107875
0.0104607
0.0101242
0.0097783
0.0094232
0.00905915
0.00868641
0.00830521
0.00791577
0.00751834
0.00711313
0.00670038
0.0062803
0.00585311
0.00541903
0.00497827
0.00453105
0.00407758
0.00361807
0.00315274
0.00268183
0.00220548
0.00172421
0.0012373
0.00074745
0.000249429
-0.213997
-0.214425
-0.214428
-0.214437
-0.214433
-0.214414
-0.214371
-0.214296
-0.214183
-0.214027
-0.213825
-0.213574
-0.213272
-0.212916
-0.212505
-0.212037
-0.211511
-0.210926
-0.21028
-0.209572
-0.208801
-0.207966
-0.207066
-0.206101
-0.205069
-0.203969
-0.2028
-0.201562
-0.200253
-0.198871
-0.197417
-0.195887
-0.194281
-0.192597
-0.190834
-0.188988
-0.187058
-0.185042
-0.182936
-0.180738
-0.178444
-0.176051
-0.173554
-0.17095
-0.168234
-0.1654
-0.162445
-0.159362
-0.156146
-0.152791
-0.149292
-0.145643
-0.141841
-0.137879
-0.133757
-0.129471
-0.125022
-0.120413
-0.115647
-0.110731
-0.105677
-0.100498
-0.0952101
-0.0898342
-0.0843936
-0.0789147
-0.0734263
-0.0679594
-0.0625463
-0.0572197
-0.0520124
-0.0469558
-0.0420797
-0.0374112
-0.0329744
-0.0287892
-0.0248715
-0.0212328
-0.01788
-0.0148155
-0.0120374
-0.00953981
-0.00731346
-0.0053459
-0.00362223
-0.0021256
-0.000837782
0.000260316
0.00118815
0.00196511
0.00261014
0.00314146
0.00357626
0.00393058
0.00421915
0.00445531
0.00465102
0.00481679
0.00496181
0.00509395
0.00521984
0.00534499
0.00547385
0.00560998
0.00575603
0.00591405
0.00608544
0.00627087
0.00647065
0.00668468
0.00691251
0.00715342
0.00740654
0.00767077
0.00794493
0.00822772
0.0085178
0.00881381
0.00911435
0.00941805
0.00972355
0.0100295
0.0103347
0.0106379
0.0109379
0.0112335
0.0115238
0.0118077
0.0120843
0.0123528
0.0126123
0.0128621
0.0131014
0.0133298
0.0135465
0.0137511
0.013943
0.014122
0.0142875
0.0144393
0.0145771
0.0147005
0.0148095
0.0149039
0.0149834
0.0150481
0.0150978
0.0151325
0.0151522
0.0151568
0.0151465
0.0151213
0.0150812
0.0150265
0.0149571
0.0148733
0.0147751
0.0146629
0.0145366
0.0143966
0.0142431
0.0140762
0.0138962
0.0137033
0.0134977
0.0132798
0.0130497
0.0128077
0.0125541
0.012289
0.0120128
0.0117258
0.0114281
0.01112
0.0108019
0.0104738
0.0101362
0.00978913
0.00943299
0.00906796
0.0086943
0.00831222
0.00792197
0.00752377
0.00711785
0.00670442
0.00628371
0.00585593
0.0054213
0.00498003
0.00453234
0.00407844
0.00361856
0.00315291
0.00268177
0.0022052
0.00172408
0.00123635
0.000749935
0.000236012
-0.214438
-0.21483
-0.214781
-0.21475
-0.214715
-0.214671
-0.214607
-0.214514
-0.214385
-0.214216
-0.214002
-0.21374
-0.213429
-0.213065
-0.212646
-0.212172
-0.211641
-0.21105
-0.210399
-0.209687
-0.208912
-0.208074
-0.207172
-0.206204
-0.20517
-0.204068
-0.202898
-0.201659
-0.200348
-0.198967
-0.197512
-0.195982
-0.194376
-0.192693
-0.19093
-0.189086
-0.187157
-0.185142
-0.183037
-0.180841
-0.178548
-0.176156
-0.173661
-0.171058
-0.168343
-0.16551
-0.162556
-0.159473
-0.156256
-0.1529
-0.1494
-0.145749
-0.141944
-0.137981
-0.133856
-0.129568
-0.125119
-0.120509
-0.115745
-0.110835
-0.105788
-0.10062
-0.0953482
-0.089993
-0.0845785
-0.0791316
-0.0736814
-0.068259
-0.0628965
-0.0576263
-0.0524806
-0.0474903
-0.0426841
-0.0380881
-0.033725
-0.0296135
-0.0257684
-0.0221995
-0.0189126
-0.0159088
-0.0131853
-0.0107352
-0.00854866
-0.0066126
-0.00491184
-0.00342943
-0.00214721
-0.00104633
-0.000107708
0.000687528
0.00135773
0.00192044
0.00239213
0.00278811
0.00312234
0.00340744
0.00365465
0.00387383
0.00407352
0.00426104
0.00444248
0.00462291
0.00480636
0.00499603
0.00519434
0.00540309
0.00562342
0.0058558
0.00610044
0.00635718
0.00662549
0.00690464
0.00719371
0.00749165
0.00779726
0.00810932
0.0084265
0.00874752
0.00907104
0.00939576
0.0097204
0.0100437
0.0103645
0.0106817
0.0109941
0.0113008
0.0116007
0.0118929
0.0121767
0.0124511
0.0127156
0.0129694
0.0132119
0.0134425
0.0136607
0.0138662
0.0140584
0.014237
0.0144017
0.0145523
0.0146884
0.0148099
0.0149166
0.0150083
0.0150851
0.0151468
0.0151934
0.0152248
0.0152412
0.0152424
0.0152287
0.0152
0.0151565
0.0150983
0.0150255
0.0149383
0.0148368
0.0147213
0.0145919
0.0144488
0.0142922
0.0141225
0.0139396
0.013744
0.0135359
0.0133155
0.013083
0.0128387
0.0125829
0.0123158
0.0120376
0.0117487
0.0114492
0.0111395
0.0108197
0.0104901
0.0101511
0.00980271
0.00944531
0.0090791
0.00870433
0.0083212
0.00792996
0.00753084
0.00712404
0.0067098
0.00628832
0.00585982
0.00542451
0.00498262
0.00453435
0.00407992
0.00361957
0.00315351
0.00268207
0.0022052
0.00172424
0.00123552
0.000753067
0.000220804
-0.215047
-0.215337
-0.2152
-0.215104
-0.215022
-0.214942
-0.214849
-0.214733
-0.214584
-0.214398
-0.21417
-0.213896
-0.213574
-0.213201
-0.212775
-0.212294
-0.211756
-0.21116
-0.210504
-0.209788
-0.209009
-0.208168
-0.207263
-0.206292
-0.205256
-0.204152
-0.20298
-0.20174
-0.200428
-0.199045
-0.19759
-0.19606
-0.194454
-0.19277
-0.191007
-0.189162
-0.187233
-0.185218
-0.183113
-0.180916
-0.178623
-0.17623
-0.173734
-0.171129
-0.168411
-0.165576
-0.162618
-0.159531
-0.156309
-0.152948
-0.149442
-0.145786
-0.141975
-0.138005
-0.133875
-0.129584
-0.125132
-0.120522
-0.115762
-0.110858
-0.105823
-0.100672
-0.0954236
-0.0900984
-0.0847212
-0.0793193
-0.073922
-0.0685601
-0.0632656
-0.0580703
-0.0530056
-0.0481012
-0.0433847
-0.0388807
-0.0346104
-0.030591
-0.0268353
-0.023352
-0.020145
-0.0172143
-0.0145557
-0.0121617
-0.0100213
-0.0081213
-0.00644608
-0.00497872
-0.00370123
-0.00259515
-0.00164193
-0.000823354
-0.000121825
0.000479353
0.000995797
0.00144191
0.00183078
0.00217417
0.00248249
0.00276483
0.00302902
0.0032817
0.00352841
0.00377368
0.00402106
0.00427338
0.0045328
0.0048009
0.00507834
0.00536553
0.00566256
0.00596916
0.00628476
0.00660858
0.00693969
0.00727704
0.00761948
0.00796581
0.00831478
0.00866514
0.00901567
0.00936512
0.00971232
0.0100561
0.0103954
0.0107291
0.0110563
0.0113761
0.0116874
0.0119897
0.012282
0.0125637
0.0128342
0.0130929
0.0133392
0.0135727
0.013793
0.0139996
0.0141923
0.0143707
0.0145346
0.0146838
0.0148181
0.0149374
0.0150415
0.0151304
0.015204
0.0152623
0.0153053
0.0153331
0.0153456
0.0153429
0.0153252
0.0152925
0.015245
0.0151828
0.015106
0.0150149
0.0149096
0.0147903
0.0146572
0.0145105
0.0143504
0.0141772
0.0139912
0.0137924
0.0135812
0.0133579
0.0131226
0.0128756
0.0126173
0.0123477
0.0120673
0.0117761
0.0114746
0.0111629
0.0108412
0.0105099
0.0101692
0.00981926
0.00946038
0.00909279
0.0087167
0.00833234
0.00793994
0.00753971
0.00713189
0.00671668
0.00629429
0.00586494
0.00542883
0.00498619
0.00453722
0.00408216
0.00362123
0.00315466
0.00268282
0.00220557
0.00172472
0.00123489
0.000756715
0.000204659
-0.215873
-0.215946
-0.21567
-0.215477
-0.215329
-0.215202
-0.215074
-0.214929
-0.214759
-0.214555
-0.214312
-0.214026
-0.213694
-0.213312
-0.212878
-0.21239
-0.211847
-0.211245
-0.210585
-0.209865
-0.209083
-0.208239
-0.20733
-0.206358
-0.205319
-0.204213
-0.20304
-0.201797
-0.200484
-0.1991
-0.197643
-0.196112
-0.194505
-0.192819
-0.191055
-0.189208
-0.187277
-0.18526
-0.183152
-0.180952
-0.178655
-0.176258
-0.173756
-0.171146
-0.168422
-0.165579
-0.162613
-0.159517
-0.156286
-0.152915
-0.149398
-0.145732
-0.141911
-0.137932
-0.133794
-0.129497
-0.125043
-0.120434
-0.115679
-0.110786
-0.105769
-0.100643
-0.0954268
-0.0901431
-0.0848167
-0.079475
-0.0741473
-0.0688642
-0.063657
-0.0585568
-0.0535937
-0.0487962
-0.04419
-0.0397983
-0.0356401
-0.0317307
-0.0280812
-0.0246982
-0.0215843
-0.0187378
-0.0161534
-0.0138224
-0.0117334
-0.00987248
-0.00822407
-0.00677129
-0.00549649
-0.00438173
-0.00340916
-0.0025614
-0.00182176
-0.00117455
-0.000605163
-0.000100226
0.000352345
0.000763334
0.00114222
0.00149725
0.00183545
0.00216275
0.00248404
0.00280327
0.0031235
0.0034472
0.00377621
0.00411163
0.00445393
0.00480338
0.00515993
0.0055232
0.00589254
0.00626715
0.00664609
0.00702831
0.0074127
0.0077981
0.00818333
0.00856723
0.00894864
0.00932641
0.00969947
0.0100668
0.0104273
0.0107801
0.0111244
0.0114592
0.0117839
0.0120977
0.0124001
0.0126903
0.0129678
0.0132323
0.0134832
0.0137202
0.0139429
0.0141511
0.0143445
0.0145228
0.014686
0.0148338
0.0149662
0.0150831
0.0151843
0.01527
0.0153401
0.0153946
0.0154336
0.0154572
0.0154654
0.0154583
0.0154361
0.0153989
0.0153468
0.01528
0.0151988
0.0151032
0.0149935
0.0148699
0.0147326
0.0145818
0.0144178
0.0142407
0.0140509
0.0138485
0.0136339
0.0134072
0.0131687
0.0129187
0.0126574
0.0123851
0.012102
0.0118083
0.0115044
0.0111904
0.0108667
0.0105333
0.0101907
0.00983895
0.00947837
0.00910917
0.00873157
0.00834579
0.00795205
0.00755057
0.00714156
0.00672523
0.00630178
0.00587144
0.0054344
0.00499088
0.0045411
0.00408528
0.00362367
0.00315649
0.00268414
0.00220641
0.00172559
0.00123457
0.000760692
0.000188565
-0.216994
-0.21665
-0.216161
-0.215836
-0.215603
-0.21542
-0.215254
-0.215081
-0.214889
-0.214669
-0.214413
-0.214116
-0.213775
-0.213385
-0.212945
-0.212452
-0.211904
-0.211298
-0.210635
-0.209911
-0.209126
-0.208279
-0.207368
-0.206393
-0.205352
-0.204244
-0.203069
-0.201824
-0.200509
-0.199123
-0.197663
-0.196129
-0.194519
-0.192831
-0.191062
-0.189212
-0.187276
-0.185253
-0.18314
-0.180932
-0.178628
-0.176222
-0.173711
-0.17109
-0.168355
-0.1655
-0.16252
-0.15941
-0.156164
-0.152778
-0.149246
-0.145564
-0.14173
-0.137739
-0.133592
-0.129288
-0.124831
-0.120226
-0.11548
-0.110604
-0.105612
-0.100521
-0.0953493
-0.0901209
-0.0848608
-0.0795965
-0.0743571
-0.0691727
-0.0640736
-0.0590897
-0.0542497
-0.0495801
-0.045105
-0.0408451
-0.0368174
-0.0330351
-0.0295069
-0.0262378
-0.0232282
-0.0204752
-0.0179721
-0.0157094
-0.0136749
-0.0118545
-0.0102325
-0.0087924
-0.00751698
-0.00638903
-0.00539156
-0.00450817
-0.00372329
-0.00302234
-0.00239187
-0.00181965
-0.00129472
-0.000807355
-0.000349075
8.74236e-05
0.000508334
0.000918815
0.00132308
0.00172446
0.00212547
0.00252831
0.00293441
0.00334427
0.00375831
0.00417665
0.00459906
0.00502504
0.00545388
0.00588474
0.00631668
0.00674866
0.00717961
0.00760842
0.00803399
0.00845521
0.00887103
0.00928041
0.00968236
0.0100759
0.0104603
0.0108345
0.011198
0.0115499
0.0118896
0.0122165
0.0125302
0.01283
0.0131157
0.0133868
0.0136431
0.0138841
0.0141098
0.0143198
0.0145141
0.0146926
0.014855
0.0150014
0.0151318
0.0152461
0.0153443
0.0154265
0.0154927
0.0155431
0.0155777
0.0155966
0.0156
0.0155881
0.0155609
0.0155186
0.0154615
0.0153897
0.0153034
0.0152029
0.0150883
0.0149599
0.0148179
0.0146625
0.014494
0.0143126
0.0141186
0.0139122
0.0136937
0.0134633
0.0132213
0.0129678
0.0127033
0.0124278
0.0121417
0.0118453
0.0115387
0.0112222
0.010896
0.0105604
0.0102156
0.00986186
0.00949937
0.00912836
0.00874906
0.00836168
0.00796643
0.00756352
0.00715317
0.00673557
0.00631093
0.00587946
0.00544136
0.00499684
0.00454613
0.00408944
0.00362702
0.0031591
0.00268614
0.00220783
0.00172692
0.00123467
0.000764768
0.000173569
-0.218528
-0.217422
-0.21663
-0.216133
-0.215804
-0.215564
-0.215361
-0.215165
-0.214957
-0.214724
-0.214458
-0.214154
-0.213807
-0.213413
-0.212968
-0.212471
-0.21192
-0.211312
-0.210645
-0.209919
-0.209132
-0.208283
-0.20737
-0.206393
-0.20535
-0.20424
-0.203061
-0.201814
-0.200496
-0.199105
-0.197642
-0.196103
-0.194488
-0.192793
-0.191018
-0.18916
-0.187216
-0.185184
-0.18306
-0.180842
-0.178525
-0.176105
-0.173579
-0.170942
-0.168189
-0.165315
-0.162316
-0.159185
-0.155919
-0.152512
-0.14896
-0.14526
-0.141408
-0.137403
-0.133245
-0.128936
-0.124479
-0.119881
-0.11515
-0.110299
-0.105342
-0.100297
-0.095184
-0.0900267
-0.0848503
-0.0796824
-0.0745513
-0.0694865
-0.0645168
-0.0596707
-0.0549749
-0.0504539
-0.0461293
-0.0420195
-0.038139
-0.0344985
-0.0311046
-0.0279601
-0.0250637
-0.0224109
-0.0199938
-0.017802
-0.015823
-0.0140424
-0.0124448
-0.0110139
-0.00973345
-0.00858692
-0.00755844
-0.00663276
-0.00579551
-0.00503338
-0.00433419
-0.00368696
-0.00308191
-0.00251044
-0.00196514
-0.00143967
-0.00092871
-0.000427897
6.63168e-05
0.000556661
0.00104482
0.00153323
0.00202234
0.00251246
0.00300387
0.00349648
0.00398989
0.00448349
0.00497654
0.00546814
0.00595734
0.00644313
0.00692447
0.0074003
0.0078696
0.00833136
0.00878458
0.00922836
0.00966179
0.0100841
0.0104944
0.0108922
0.0112766
0.0116472
0.0120035
0.0123449
0.0126711
0.0129817
0.0132764
0.0135549
0.0138171
0.0140628
0.0142919
0.0145041
0.0146996
0.0148783
0.0150401
0.0151851
0.0153133
0.0154249
0.0155199
0.0155983
0.0156605
0.0157064
0.0157362
0.0157502
0.0157484
0.0157311
0.0156985
0.0156508
0.0155882
0.0155109
0.0154192
0.0153132
0.0151933
0.0150596
0.0149125
0.0147521
0.0145787
0.0143926
0.014194
0.0139832
0.0137604
0.0135259
0.01328
0.0130228
0.0127546
0.0124757
0.0121864
0.0118869
0.0115773
0.011258
0.0109292
0.0105911
0.0102439
0.00988795
0.00952335
0.00915036
0.00876918
0.00838003
0.00798311
0.00757863
0.00716679
0.00674778
0.00632182
0.00588909
0.00544981
0.00500417
0.0045524
0.00409472
0.00363139
0.00316262
0.00268892
0.0022099
0.00172874
0.00123525
0.000768695
0.000160696
-0.220629
-0.218197
-0.21701
-0.216317
-0.215888
-0.215599
-0.215372
-0.215162
-0.214946
-0.214708
-0.214439
-0.214132
-0.213783
-0.213387
-0.212942
-0.212444
-0.211891
-0.211282
-0.210614
-0.209887
-0.209098
-0.208247
-0.207332
-0.206352
-0.205306
-0.204192
-0.20301
-0.201758
-0.200435
-0.199039
-0.197568
-0.196022
-0.194398
-0.192695
-0.190909
-0.189039
-0.187082
-0.185036
-0.182896
-0.18066
-0.178324
-0.175885
-0.173337
-0.170677
-0.1679
-0.165001
-0.161975
-0.158818
-0.155525
-0.152093
-0.148516
-0.144793
-0.140922
-0.136901
-0.132733
-0.12842
-0.123967
-0.119382
-0.114675
-0.109859
-0.104949
-0.0999644
-0.094926
-0.0898572
-0.0847836
-0.0797319
-0.0747299
-0.0698056
-0.0649865
-0.0602988
-0.0557671
-0.0514133
-0.0472565
-0.0433124
-0.0395928
-0.0361059
-0.032856
-0.0298437
-0.027066
-0.0245169
-0.0221875
-0.0200668
-0.0181418
-0.0163983
-0.0148212
-0.0133949
-0.0121039
-0.0109329
-0.00986708
-0.00889255
-0.00799628
-0.0071663
-0.00639178
-0.00566304
-0.00497153
-0.00430982
-0.00367157
-0.00305141
-0.00244492
-0.00184853
-0.00125934
-0.000674951
-9.4981e-05
0.000483214
0.00105947
0.00163395
0.00220667
0.00277733
0.00334537
0.00391009
0.00447069
0.00502623
0.00557577
0.00611832
0.00665285
0.0071784
0.00769398
0.00819867
0.00869159
0.00917191
0.00963885
0.0100917
0.0105298
0.0109527
0.0113596
0.0117504
0.0121244
0.0124814
0.0128211
0.0131433
0.0134479
0.0137345
0.0140033
0.0142541
0.0144869
0.0147017
0.0148986
0.0150776
0.0152389
0.0153825
0.0155086
0.0156174
0.0157089
0.0157835
0.0158413
0.0158825
0.0159073
0.015916
0.0159088
0.0158858
0.0158475
0.0157939
0.0157254
0.0156423
0.0155447
0.0154329
0.0153073
0.015168
0.0150154
0.0148496
0.014671
0.0144798
0.0142763
0.0140607
0.0138334
0.0135945
0.0133443
0.013083
0.012811
0.0125285
0.0122356
0.0119327
0.01162
0.0112977
0.010966
0.0106252
0.0102755
0.0099171
0.00955022
0.00917508
0.00879186
0.00840079
0.00800206
0.00759587
0.00718241
0.00676188
0.00633447
0.00590038
0.0054598
0.00501293
0.00456
0.00410122
0.00363685
0.00316712
0.00269255
0.0022127
0.00173109
0.00123638
0.000772219
0.000150883
-0.223547
-0.218845
-0.217202
-0.216339
-0.215821
-0.215502
-0.215271
-0.215063
-0.21485
-0.214616
-0.214351
-0.214048
-0.213702
-0.213309
-0.212865
-0.212368
-0.211816
-0.211207
-0.21054
-0.209811
-0.209021
-0.208167
-0.20725
-0.206266
-0.205215
-0.204096
-0.202908
-0.201649
-0.200317
-0.198912
-0.197432
-0.195874
-0.194237
-0.192519
-0.190718
-0.188831
-0.186855
-0.184788
-0.182626
-0.180366
-0.178004
-0.175537
-0.17296
-0.17027
-0.167461
-0.16453
-0.161471
-0.158282
-0.154957
-0.151494
-0.147889
-0.144141
-0.140249
-0.136214
-0.132038
-0.127726
-0.123283
-0.118719
-0.114046
-0.109277
-0.104428
-0.0995201
-0.0945735
-0.089612
-0.0846606
-0.0797454
-0.0748928
-0.0701292
-0.0654801
-0.0609695
-0.0566191
-0.0524484
-0.0484734
-0.0447069
-0.0411582
-0.0378327
-0.0347325
-0.0318561
-0.0291988
-0.0267535
-0.0245104
-0.022458
-0.0205832
-0.0188722
-0.0173103
-0.0158829
-0.0145754
-0.0133738
-0.0122646
-0.0112353
-0.0102743
-0.0093711
-0.00851614
-0.0077011
-0.0069187
-0.00616265
-0.00542765
-0.00470932
-0.00400408
-0.00330915
-0.00262236
-0.00194241
-0.00126687
-0.000596773
6.86866e-05
0.000729602
0.00138563
0.00203623
0.00268076
0.00331842
0.00394833
0.00456955
0.00518113
0.00578207
0.00637142
0.00694824
0.00751163
0.00806075
0.00859478
0.00911302
0.00961478
0.0100995
0.0105666
0.0110156
0.0114461
0.0118579
0.0122506
0.0126241
0.0129781
0.0133126
0.0136276
0.0139229
0.0141987
0.014455
0.0146919
0.0149095
0.015108
0.0152875
0.0154484
0.0155907
0.0157147
0.0158206
0.0159087
0.0159793
0.0160326
0.016069
0.0160886
0.0160918
0.0160788
0.01605
0.0160056
0.0159459
0.0158713
0.015782
0.0156783
0.0155604
0.0154288
0.0152836
0.0151252
0.0149537
0.0147696
0.0145731
0.0143644
0.0141438
0.0139116
0.0136681
0.0134134
0.0131479
0.0128718
0.0125854
0.0122888
0.0119824
0.0116663
0.0113408
0.0110061
0.0106624
0.01031
0.00994904
0.00957974
0.00920231
0.00881693
0.00842382
0.00802317
0.00761515
0.00719997
0.0067778
0.00634885
0.00591328
0.00547131
0.00502312
0.00456893
0.00410895
0.00364345
0.00317264
0.00269707
0.00221627
0.00173395
0.00123809
0.000775105
0.000144912
-0.227943
-0.219237
-0.217011
-0.216186
-0.215605
-0.215267
-0.215058
-0.214873
-0.214676
-0.214455
-0.214201
-0.213908
-0.213569
-0.213181
-0.212741
-0.212248
-0.211698
-0.211089
-0.210421
-0.209691
-0.208898
-0.208041
-0.207118
-0.206129
-0.205071
-0.203944
-0.202746
-0.201476
-0.200133
-0.198714
-0.197218
-0.195644
-0.193988
-0.19225
-0.190426
-0.188515
-0.186513
-0.184418
-0.182226
-0.179934
-0.177539
-0.175037
-0.172423
-0.169695
-0.166847
-0.163876
-0.160779
-0.157551
-0.15419
-0.150693
-0.147058
-0.143285
-0.139374
-0.135327
-0.131148
-0.126842
-0.122419
-0.117887
-0.113259
-0.108551
-0.10378
-0.0989655
-0.094129
-0.0892937
-0.0844839
-0.0797244
-0.0750401
-0.0704553
-0.0659931
-0.0616749
-0.0575196
-0.0535436
-0.04976
-0.0461787
-0.0428061
-0.0396453
-0.0366959
-0.0339549
-0.031416
-0.029071
-0.0269097
-0.0249202
-0.0230898
-0.0214049
-0.0198519
-0.018417
-0.017087
-0.0158491
-0.0146912
-0.0136024
-0.0125724
-0.0115922
-0.0106536
-0.00974961
-0.00887414
-0.00802203
-0.00718898
-0.00637149
-0.00556681
-0.00477292
-0.00398816
-0.00321149
-0.00244185
-0.0016799
-0.000925223
-0.00017798
0.000561227
0.0012917
0.00201267
0.00272327
0.00342256
0.00410959
0.00478338
0.00544298
0.00608745
0.00671591
0.00732752
0.0079215
0.00849714
0.00905379
0.0095909
0.010108
0.0106046
0.0110803
0.011535
0.0119684
0.0123803
0.0127707
0.0131395
0.0134867
0.0138125
0.0141168
0.0144
0.0146621
0.0149033
0.015124
0.0153243
0.0155046
0.0156651
0.0158061
0.0159281
0.0160312
0.0161159
0.0161825
0.0162313
0.0162626
0.016277
0.0162745
0.0162557
0.0162209
0.0161704
0.0161045
0.0160235
0.0159279
0.0158179
0.0156938
0.0155559
0.0154046
0.0152402
0.015063
0.0148731
0.0146711
0.014457
0.0142313
0.0139941
0.0137457
0.0134864
0.0132165
0.0129362
0.0126457
0.0123452
0.0120351
0.0117155
0.0113867
0.0110489
0.0107023
0.010347
0.00998338
0.00961156
0.00923174
0.00884411
0.00844887
0.00804619
0.00763627
0.00721928
0.00679541
0.00636482
0.00592772
0.00548427
0.00503468
0.00457914
0.00411788
0.00365115
0.00317917
0.00270248
0.0022206
0.00173733
0.0012404
0.000777168
0.000143344
-0.234177
-0.21932
-0.216319
-0.215859
-0.2153
-0.214938
-0.214763
-0.214617
-0.214444
-0.214241
-0.214003
-0.213721
-0.213392
-0.213011
-0.212576
-0.212085
-0.211536
-0.210927
-0.210257
-0.209524
-0.208726
-0.207863
-0.206932
-0.205934
-0.204865
-0.203726
-0.202514
-0.201228
-0.199867
-0.198429
-0.196912
-0.195314
-0.193633
-0.191867
-0.190014
-0.188071
-0.186035
-0.183904
-0.181674
-0.179342
-0.176905
-0.17436
-0.171702
-0.168928
-0.166035
-0.163019
-0.159878
-0.156608
-0.153207
-0.149675
-0.14601
-0.142213
-0.138286
-0.134232
-0.130057
-0.125768
-0.121374
-0.116887
-0.11232
-0.107689
-0.103012
-0.0983084
-0.0936001
-0.0889092
-0.0842588
-0.0796721
-0.0751722
-0.0707809
-0.0665186
-0.0624039
-0.0584526
-0.0546781
-0.0510904
-0.0476966
-0.0445004
-0.0415025
-0.0387007
-0.0360902
-0.0336639
-0.0314125
-0.0293257
-0.0273916
-0.0255979
-0.0239319
-0.0223808
-0.0209322
-0.0195739
-0.0182947
-0.0170841
-0.0159325
-0.014831
-0.0137721
-0.012749
-0.0117558
-0.0107876
-0.00984028
-0.00891047
-0.00799549
-0.00709332
-0.00620269
-0.00532234
-0.00445155
-0.00359029
-0.0027388
-0.0018972
-0.00106595
-0.000245782
0.000562467
0.00135793
0.00213966
0.0029067
0.00365804
0.00439273
0.0051098
0.00580838
0.0064876
0.00714669
0.00778493
0.00840168
0.00899638
0.00956855
0.0101178
0.0106438
0.0111462
0.011625
0.0120801
0.0125113
0.0129187
0.0133024
0.0136625
0.0139993
0.0143129
0.0146036
0.0148716
0.0151174
0.0153413
0.0155436
0.0157247
0.015885
0.016025
0.0161449
0.0162454
0.0163267
0.0163893
0.0164337
0.0164601
0.0164692
0.0164612
0.0164365
0.0163957
0.0163389
0.0162667
0.0161794
0.0160774
0.015961
0.0158306
0.0156865
0.0155291
0.0153586
0.0151754
0.0149799
0.0147722
0.0145527
0.0143216
0.0140794
0.0138261
0.0135621
0.0132877
0.013003
0.0127084
0.0124041
0.0120902
0.0117671
0.0114349
0.0110938
0.0107441
0.010386
0.0100196
0.00964522
0.00926295
0.00887301
0.00847558
0.00807084
0.00765895
0.0072401
0.00681446
0.0063822
0.0059435
0.00549853
0.00504748
0.00459054
0.00412793
0.0036599
0.00318665
0.00270873
0.00222567
0.00174118
0.00124328
0.000778298
0.000146468
)
;

boundaryField
{
    inlet
    {
        type            zeroGradient;
    }
    outlet
    {
        type            fixedValue;
        value           uniform 0;
    }
    walls
    {
        type            zeroGradient;
    }
    frontAndBack
    {
        type            empty;
    }
}


// ************************************************************************* //
