/*--------------------------------*- C++ -*----------------------------------*\
  =========                 |
  \\      /  F ield         | OpenFOAM: The Open Source CFD Toolbox
   \\    /   O peration     | Website:  https://openfoam.org
    \\  /    A nd           | Version:  11
     \\/     M anipulation  |
\*---------------------------------------------------------------------------*/
FoamFile
{
    format      ascii;
    class       volScalarField;
    location    "15";
    object      p;
}
// * * * * * * * * * * * * * * * * * * * * * * * * * * * * * * * * * * * * * //

dimensions      [0 2 -2 0 0 0 0];

internalField   nonuniform List<scalar> 
8400
(
-0.144592
-0.147545
-0.150828
-0.153831
-0.156771
-0.159771
-0.162827
-0.165925
-0.169063
-0.172251
-0.175496
-0.178807
-0.182195
-0.185673
-0.18926
-0.192979
-0.196864
-0.200969
-0.205365
-0.21052
-0.144403
-0.147536
-0.150909
-0.153871
-0.156772
-0.159772
-0.162838
-0.165937
-0.169075
-0.172264
-0.175511
-0.178825
-0.182215
-0.185696
-0.189286
-0.193006
-0.196888
-0.200964
-0.205175
-0.209072
-0.14422
-0.147509
-0.150978
-0.153902
-0.156753
-0.159748
-0.162823
-0.165923
-0.169056
-0.17224
-0.175482
-0.17879
-0.182171
-0.18564
-0.189211
-0.192901
-0.196723
-0.200655
-0.204505
-0.207651
-0.144037
-0.147429
-0.151003
-0.153919
-0.156721
-0.159699
-0.162777
-0.165876
-0.168998
-0.172169
-0.175398
-0.178689
-0.182049
-0.185488
-0.189016
-0.192639
-0.196345
-0.200063
-0.203538
-0.206196
-0.143849
-0.147308
-0.150978
-0.153907
-0.156666
-0.159618
-0.162693
-0.165786
-0.168894
-0.172044
-0.175249
-0.178511
-0.181833
-0.185222
-0.188681
-0.192204
-0.195755
-0.199233
-0.202376
-0.204703
-0.143655
-0.147157
-0.150904
-0.153855
-0.156581
-0.159503
-0.162567
-0.16565
-0.168736
-0.171857
-0.175029
-0.178249
-0.181519
-0.184839
-0.188206
-0.191604
-0.19498
-0.198219
-0.201083
-0.203189
-0.143455
-0.146985
-0.150788
-0.153761
-0.156463
-0.159355
-0.162402
-0.165468
-0.168528
-0.171612
-0.17474
-0.177908
-0.181111
-0.184347
-0.187607
-0.190863
-0.194058
-0.197076
-0.199711
-0.201674
-0.143253
-0.146801
-0.150641
-0.15363
-0.156313
-0.159176
-0.162202
-0.165246
-0.168274
-0.171316
-0.174392
-0.177498
-0.180625
-0.183766
-0.186908
-0.190018
-0.193036
-0.195856
-0.198308
-0.200179
-0.143052
-0.14661
-0.150471
-0.153469
-0.156137
-0.158974
-0.161975
-0.164992
-0.167984
-0.17098
-0.173999
-0.177037
-0.180082
-0.183122
-0.186142
-0.189108
-0.191961
-0.194609
-0.196916
-0.198729
-0.142857
-0.146421
-0.15029
-0.153287
-0.155941
-0.158755
-0.16173
-0.164718
-0.167671
-0.170619
-0.173579
-0.176546
-0.179505
-0.182444
-0.185345
-0.188174
-0.190879
-0.193381
-0.195576
-0.197352
-0.142678
-0.146242
-0.150107
-0.153094
-0.155733
-0.158529
-0.16148
-0.164436
-0.16735
-0.17025
-0.173151
-0.176048
-0.178924
-0.181765
-0.184553
-0.187258
-0.189833
-0.192214
-0.194323
-0.196078
-0.142521
-0.14608
-0.149929
-0.152898
-0.155525
-0.158307
-0.161236
-0.16416
-0.167036
-0.169889
-0.172736
-0.175565
-0.178363
-0.181113
-0.1838
-0.186396
-0.188861
-0.191145
-0.193187
-0.194933
-0.142394
-0.145944
-0.149763
-0.152706
-0.155325
-0.1581
-0.161008
-0.163903
-0.166743
-0.169555
-0.172351
-0.17512
-0.177847
-0.180518
-0.183117
-0.18562
-0.187995
-0.190202
-0.192197
-0.19394
-0.142305
-0.145838
-0.149613
-0.152526
-0.155142
-0.157916
-0.160808
-0.163674
-0.166483
-0.16926
-0.172013
-0.174731
-0.177398
-0.180002
-0.182528
-0.184956
-0.18726
-0.189409
-0.19137
-0.193116
-0.142261
-0.145765
-0.149479
-0.15236
-0.154984
-0.157765
-0.160642
-0.163484
-0.166267
-0.169016
-0.171735
-0.174411
-0.17703
-0.179581
-0.182051
-0.184422
-0.186673
-0.18878
-0.190719
-0.192471
-0.142267
-0.145727
-0.149361
-0.152213
-0.154859
-0.157652
-0.160516
-0.163336
-0.166102
-0.168831
-0.171524
-0.174169
-0.176753
-0.179265
-0.181695
-0.184025
-0.186239
-0.188319
-0.190245
-0.192004
-0.142324
-0.145716
-0.149252
-0.152089
-0.15477
-0.157578
-0.160429
-0.163234
-0.165989
-0.168706
-0.171382
-0.174006
-0.176567
-0.179055
-0.181458
-0.183763
-0.185955
-0.188019
-0.18994
-0.191706
-0.142429
-0.145716
-0.149148
-0.151994
-0.154722
-0.157541
-0.16038
-0.163175
-0.165926
-0.168637
-0.171303
-0.173916
-0.176464
-0.178939
-0.181329
-0.183621
-0.185803
-0.18786
-0.18978
-0.191554
-0.142576
-0.145709
-0.149047
-0.151933
-0.154712
-0.157535
-0.160361
-0.163152
-0.165903
-0.168612
-0.171276
-0.173885
-0.17643
-0.1789
-0.181286
-0.183575
-0.185755
-0.187813
-0.189736
-0.191515
-0.14276
-0.145714
-0.148968
-0.1519
-0.154719
-0.157544
-0.160365
-0.163157
-0.165911
-0.168624
-0.171289
-0.173901
-0.176449
-0.178923
-0.181313
-0.183607
-0.185792
-0.187855
-0.189786
-0.191572
-0.209843
-0.205035
-0.203906
-0.204019
-0.203929
-0.203819
-0.203807
-0.203822
-0.20383
-0.203828
-0.20382
-0.203807
-0.203785
-0.203753
-0.203711
-0.203659
-0.203595
-0.203519
-0.203431
-0.20333
-0.203216
-0.203089
-0.202947
-0.202792
-0.202621
-0.202437
-0.202236
-0.202021
-0.20179
-0.201543
-0.20128
-0.201001
-0.200705
-0.200392
-0.200062
-0.199714
-0.199348
-0.198963
-0.19856
-0.198138
-0.197695
-0.197232
-0.196748
-0.196243
-0.195714
-0.195163
-0.194587
-0.193986
-0.193358
-0.192702
-0.192017
-0.1913
-0.19055
-0.189764
-0.18894
-0.188074
-0.187163
-0.186203
-0.18519
-0.18412
-0.182989
-0.181791
-0.180522
-0.179176
-0.177749
-0.176234
-0.174624
-0.172911
-0.171084
-0.169132
-0.167038
-0.164784
-0.162352
-0.159719
-0.156866
-0.153772
-0.150424
-0.146814
-0.142943
-0.138822
-0.134477
-0.129943
-0.125268
-0.120512
-0.115741
-0.111028
-0.106449
-0.102075
-0.0979723
-0.094199
-0.0907996
-0.0878042
-0.0852276
-0.0830696
-0.0813154
-0.0799387
-0.0789033
-0.0781671
-0.0776842
-0.0774083
-0.077295
-0.077303
-0.0773961
-0.077543
-0.0777181
-0.0779009
-0.0780758
-0.0782309
-0.0783583
-0.0784523
-0.0785097
-0.0785288
-0.0785092
-0.078451
-0.0783552
-0.0782228
-0.0780552
-0.0778538
-0.0776198
-0.0773547
-0.0770594
-0.0767351
-0.0763829
-0.0760034
-0.0755975
-0.0751659
-0.0747093
-0.0742282
-0.0737231
-0.0731944
-0.0726424
-0.0720676
-0.0714702
-0.0708505
-0.0702087
-0.0695452
-0.06886
-0.0681534
-0.0674256
-0.0666769
-0.0659073
-0.0651171
-0.0643064
-0.0634755
-0.0626244
-0.0617535
-0.0608628
-0.0599525
-0.0590229
-0.0580742
-0.0571064
-0.05612
-0.055115
-0.0540917
-0.0530504
-0.0519913
-0.0509148
-0.0498211
-0.0487106
-0.0475837
-0.0464408
-0.0452824
-0.0441089
-0.0429209
-0.0417191
-0.040504
-0.0392765
-0.0380373
-0.0367873
-0.0355275
-0.0342588
-0.0329825
-0.0316997
-0.0304116
-0.0291198
-0.0278255
-0.0265304
-0.025236
-0.0239441
-0.0226564
-0.0213748
-0.0201011
-0.0188372
-0.0175851
-0.0163468
-0.0151243
-0.0139195
-0.0127343
-0.0115707
-0.0104302
-0.0093146
-0.00822512
-0.00716274
-0.00612846
-0.00512122
-0.00414416
-0.00318386
-0.0022759
-0.00129956
-0.000642475
-0.2086
-0.205051
-0.203719
-0.203804
-0.203801
-0.203696
-0.203676
-0.203704
-0.203725
-0.203731
-0.20373
-0.203723
-0.203707
-0.20368
-0.203642
-0.203592
-0.203531
-0.203457
-0.20337
-0.203269
-0.203154
-0.203025
-0.202882
-0.202724
-0.20255
-0.202361
-0.202156
-0.201935
-0.201698
-0.201444
-0.201172
-0.200884
-0.200577
-0.200252
-0.199909
-0.199547
-0.199165
-0.198763
-0.19834
-0.197896
-0.19743
-0.196942
-0.196429
-0.195893
-0.19533
-0.194741
-0.194125
-0.193479
-0.192802
-0.192093
-0.19135
-0.19057
-0.189751
-0.18889
-0.187985
-0.187031
-0.186026
-0.184965
-0.183843
-0.182657
-0.181402
-0.180072
-0.178664
-0.177171
-0.175589
-0.173913
-0.172135
-0.170247
-0.168243
-0.166109
-0.163835
-0.161406
-0.158807
-0.156022
-0.153039
-0.149844
-0.146433
-0.142806
-0.13897
-0.134945
-0.130759
-0.126451
-0.122071
-0.117675
-0.113324
-0.109083
-0.105017
-0.101183
-0.0976349
-0.0944132
-0.0915474
-0.0890532
-0.0869327
-0.0851751
-0.0837586
-0.0826524
-0.0818194
-0.0812193
-0.0808107
-0.0805536
-0.0804109
-0.0803497
-0.0803419
-0.0803643
-0.0803983
-0.0804297
-0.0804481
-0.080446
-0.0804185
-0.0803627
-0.0802767
-0.0801602
-0.0800132
-0.0798363
-0.0796302
-0.079396
-0.0791346
-0.0788469
-0.0785339
-0.0781965
-0.0778349
-0.0774501
-0.0770426
-0.0766128
-0.0761611
-0.0756878
-0.0751933
-0.0746779
-0.0741417
-0.0735849
-0.0730076
-0.0724101
-0.0717923
-0.0711544
-0.0704965
-0.0698187
-0.0691211
-0.0684038
-0.0676668
-0.0669102
-0.0661341
-0.0653387
-0.064524
-0.06369
-0.062837
-0.061965
-0.0610742
-0.0601645
-0.0592363
-0.0582896
-0.0573245
-0.0563412
-0.0553398
-0.0543206
-0.0532837
-0.0522294
-0.0511578
-0.0500693
-0.048964
-0.0478423
-0.0467046
-0.0455513
-0.0443827
-0.0431993
-0.0420018
-0.0407906
-0.0395665
-0.0383301
-0.0370824
-0.0358241
-0.0345562
-0.0332798
-0.031996
-0.0307061
-0.0294114
-0.0281133
-0.0268133
-0.0255131
-0.0242142
-0.0229186
-0.0216281
-0.0203445
-0.0190699
-0.0178063
-0.0165558
-0.0153206
-0.0141026
-0.012904
-0.0117268
-0.010573
-0.00944425
-0.00834225
-0.00726822
-0.00622322
-0.00520737
-0.00422117
-0.00326249
-0.00232835
-0.00142887
-0.000411052
-0.207729
-0.205245
-0.203793
-0.203686
-0.203709
-0.203611
-0.20357
-0.203595
-0.203624
-0.203639
-0.203644
-0.203642
-0.203631
-0.203608
-0.203574
-0.203526
-0.203466
-0.203392
-0.203304
-0.203202
-0.203085
-0.202953
-0.202806
-0.202642
-0.202463
-0.202267
-0.202054
-0.201824
-0.201576
-0.201311
-0.201027
-0.200724
-0.200402
-0.200061
-0.199699
-0.199316
-0.198912
-0.198485
-0.198036
-0.197563
-0.197065
-0.196542
-0.195992
-0.195414
-0.194807
-0.194169
-0.1935
-0.192796
-0.192058
-0.191281
-0.190465
-0.189606
-0.188702
-0.18775
-0.186747
-0.185689
-0.184571
-0.18339
-0.182142
-0.180822
-0.179426
-0.177948
-0.176385
-0.174731
-0.172983
-0.171135
-0.169181
-0.167116
-0.164933
-0.162624
-0.160179
-0.15759
-0.154845
-0.151935
-0.148854
-0.145597
-0.142165
-0.138565
-0.134812
-0.13093
-0.126949
-0.12291
-0.11886
-0.114851
-0.110937
-0.107174
-0.103613
-0.1003
-0.0972722
-0.0945569
-0.0921694
-0.0901131
-0.08838
-0.0869521
-0.0858032
-0.0849012
-0.0842107
-0.0836953
-0.0833195
-0.0830504
-0.0828586
-0.0827191
-0.0826111
-0.0825182
-0.0824276
-0.08233
-0.0822188
-0.0820895
-0.0819392
-0.0817664
-0.0815704
-0.0813511
-0.0811087
-0.0808436
-0.0805565
-0.0802479
-0.0799184
-0.0795685
-0.0791987
-0.0788095
-0.0784008
-0.0779727
-0.077526
-0.0770606
-0.0765763
-0.0760735
-0.0755523
-0.0750125
-0.0744543
-0.0738775
-0.0732823
-0.0726686
-0.0720363
-0.0713856
-0.0707162
-0.0700284
-0.0693219
-0.068597
-0.0678535
-0.0670915
-0.066311
-0.065512
-0.0646946
-0.0638589
-0.0630048
-0.0621325
-0.0612419
-0.0603333
-0.0594065
-0.0584619
-0.0574993
-0.0565191
-0.0555211
-0.0545057
-0.0534729
-0.0524229
-0.0513559
-0.050272
-0.0491716
-0.0480548
-0.046922
-0.0457734
-0.0446095
-0.0434307
-0.0422374
-0.0410301
-0.0398096
-0.0385763
-0.0373311
-0.0360747
-0.0348082
-0.0335324
-0.0322485
-0.0309577
-0.0296612
-0.0283604
-0.0270568
-0.0257519
-0.0244476
-0.0231455
-0.0218476
-0.0205558
-0.0192721
-0.0179986
-0.0167375
-0.0154911
-0.0142615
-0.013051
-0.0118617
-0.0106959
-0.00955539
-0.00844212
-0.00735766
-0.00630312
-0.0052798
-0.00428571
-0.00332958
-0.00237152
-0.00154692
-0.000189882
-0.206632
-0.205014
-0.203717
-0.203496
-0.203543
-0.203488
-0.203446
-0.203469
-0.203509
-0.203535
-0.203548
-0.203554
-0.203549
-0.203531
-0.2035
-0.203455
-0.203395
-0.203321
-0.203231
-0.203126
-0.203005
-0.202868
-0.202714
-0.202543
-0.202354
-0.202148
-0.201923
-0.201681
-0.201419
-0.201137
-0.200836
-0.200515
-0.200172
-0.199808
-0.199421
-0.199012
-0.198578
-0.19812
-0.197637
-0.197126
-0.196588
-0.196021
-0.195423
-0.194794
-0.194131
-0.193433
-0.192699
-0.191926
-0.191111
-0.190254
-0.189351
-0.188399
-0.187395
-0.186337
-0.185221
-0.184042
-0.182798
-0.181483
-0.180094
-0.178627
-0.177078
-0.175441
-0.173714
-0.171893
-0.169974
-0.167952
-0.165825
-0.163588
-0.161237
-0.158766
-0.156171
-0.153445
-0.150585
-0.147585
-0.144446
-0.14117
-0.137762
-0.134237
-0.130613
-0.126917
-0.123181
-0.119443
-0.115748
-0.11214
-0.108666
-0.105371
-0.102292
-0.099464
-0.0969096
-0.0946434
-0.092669
-0.0909805
-0.0895628
-0.0883936
-0.0874455
-0.0866876
-0.0860882
-0.0856164
-0.0852431
-0.0849428
-0.0846932
-0.0844762
-0.0842773
-0.0840852
-0.0838916
-0.0836906
-0.0834781
-0.0832514
-0.0830089
-0.0827498
-0.0824736
-0.0821803
-0.08187
-0.0815429
-0.0811991
-0.080839
-0.0804625
-0.08007
-0.0796614
-0.0792369
-0.0787963
-0.0783388
-0.0778656
-0.077376
-0.0768698
-0.0763471
-0.0758078
-0.0752516
-0.0746784
-0.0740882
-0.0734808
-0.0728562
-0.0722141
-0.0715546
-0.0708775
-0.0701828
-0.0694705
-0.0687404
-0.0679926
-0.067227
-0.0664436
-0.0656424
-0.0648234
-0.0639866
-0.0631321
-0.0622599
-0.0613699
-0.0604623
-0.0595372
-0.0585944
-0.0576342
-0.0566566
-0.0556617
-0.0546496
-0.0536204
-0.0525742
-0.0515112
-0.0504315
-0.0493353
-0.0482229
-0.0470944
-0.0459501
-0.0447905
-0.0436158
-0.0424264
-0.0412229
-0.0400057
-0.0387755
-0.0375329
-0.0362788
-0.0350139
-0.0337392
-0.0324557
-0.0311646
-0.0298671
-0.0285645
-0.0272583
-0.0259501
-0.0246415
-0.0233343
-0.0220304
-0.0207318
-0.0194405
-0.0181587
-0.0168887
-0.0156327
-0.014393
-0.0131721
-0.0119723
-0.0107959
-0.00964505
-0.00852185
-0.00742822
-0.00636536
-0.00533567
-0.00433492
-0.00338169
-0.00240284
-0.00164641
9.77277e-06
-0.205371
-0.20445
-0.203462
-0.203216
-0.20328
-0.203282
-0.203265
-0.203299
-0.203355
-0.203399
-0.203427
-0.203444
-0.203449
-0.203439
-0.203413
-0.203371
-0.203313
-0.203238
-0.203146
-0.203037
-0.20291
-0.202765
-0.202603
-0.202421
-0.202221
-0.202001
-0.201762
-0.201502
-0.201222
-0.200921
-0.200598
-0.200252
-0.199883
-0.199491
-0.199074
-0.198631
-0.198162
-0.197665
-0.197139
-0.196583
-0.195996
-0.195376
-0.194722
-0.194031
-0.193303
-0.192535
-0.191725
-0.19087
-0.189969
-0.189019
-0.188017
-0.18696
-0.185845
-0.184669
-0.183428
-0.182118
-0.180736
-0.179278
-0.17774
-0.176119
-0.17441
-0.172611
-0.170719
-0.16873
-0.166643
-0.164456
-0.162166
-0.159771
-0.157271
-0.154662
-0.151943
-0.149114
-0.146174
-0.143125
-0.139971
-0.136719
-0.133382
-0.129976
-0.126523
-0.123049
-0.119588
-0.116173
-0.112843
-0.109637
-0.10659
-0.103736
-0.101103
-0.0987107
-0.0965712
-0.0946882
-0.0930567
-0.091664
-0.0904913
-0.0895148
-0.0887082
-0.0880441
-0.0874958
-0.0870381
-0.0866488
-0.0863087
-0.0860021
-0.0857161
-0.085441
-0.0851694
-0.084896
-0.0846169
-0.0843298
-0.0840327
-0.0837248
-0.0834053
-0.0830739
-0.0827302
-0.0823741
-0.0820055
-0.0816242
-0.0812301
-0.0808229
-0.0804025
-0.0799687
-0.0795213
-0.0790605
-0.078584
-0.0780935
-0.0775884
-0.0770682
-0.0765327
-0.0759817
-0.075415
-0.0748323
-0.0742334
-0.0736182
-0.0729864
-0.0723381
-0.0716729
-0.0709908
-0.0702917
-0.0695756
-0.0688422
-0.0680916
-0.0673238
-0.0665386
-0.0657361
-0.0649163
-0.0640791
-0.0632245
-0.0623525
-0.0614633
-0.0605567
-0.0596329
-0.0586919
-0.0577336
-0.0567583
-0.0557659
-0.0547566
-0.0537303
-0.0526873
-0.0516276
-0.0505514
-0.0494588
-0.04835
-0.0472252
-0.0460847
-0.0449287
-0.0437575
-0.0425716
-0.0413714
-0.0401573
-0.0389299
-0.0376898
-0.0364378
-0.0351747
-0.0339012
-0.0326185
-0.0313275
-0.0300296
-0.0287259
-0.027418
-0.0261072
-0.0247954
-0.0234843
-0.0221756
-0.0208715
-0.0195741
-0.0182854
-0.0170079
-0.0157438
-0.0144957
-0.0132659
-0.012057
-0.0108715
-0.00971166
-0.00857986
-0.0074783
-0.00640831
-0.00537326
-0.00436702
-0.00341653
-0.00242068
-0.00172188
0.000178728
-0.204033
-0.203655
-0.203017
-0.202826
-0.202915
-0.202984
-0.203017
-0.203077
-0.203157
-0.203227
-0.203277
-0.20331
-0.203328
-0.203328
-0.20331
-0.203273
-0.203217
-0.203141
-0.203047
-0.202933
-0.202799
-0.202646
-0.202472
-0.202278
-0.202064
-0.201828
-0.20157
-0.201291
-0.200988
-0.200663
-0.200313
-0.199939
-0.19954
-0.199114
-0.198661
-0.198179
-0.197668
-0.197126
-0.196551
-0.195943
-0.1953
-0.19462
-0.193901
-0.193142
-0.192339
-0.191492
-0.190598
-0.189654
-0.188657
-0.187606
-0.186496
-0.185326
-0.184091
-0.182789
-0.181416
-0.179969
-0.178445
-0.176839
-0.175149
-0.173372
-0.171506
-0.169548
-0.167495
-0.165348
-0.163106
-0.160767
-0.158332
-0.155801
-0.153177
-0.150459
-0.147651
-0.144755
-0.141775
-0.138718
-0.135592
-0.132408
-0.129183
-0.125934
-0.122684
-0.11946
-0.11629
-0.113206
-0.110239
-0.107418
-0.104772
-0.102321
-0.100083
-0.0980674
-0.0962773
-0.094708
-0.0933486
-0.0921828
-0.0911906
-0.0903493
-0.0896357
-0.0890267
-0.088501
-0.0880395
-0.0876257
-0.0872459
-0.0868892
-0.0865469
-0.0862127
-0.0858816
-0.08555
-0.0852157
-0.0848766
-0.0845316
-0.0841797
-0.0838202
-0.0834526
-0.0830764
-0.082691
-0.0822961
-0.0818912
-0.0814758
-0.0810495
-0.080612
-0.0801626
-0.0797011
-0.0792267
-0.0787399
-0.0782389
-0.0777242
-0.0771953
-0.0766522
-0.0760941
-0.0755209
-0.0749324
-0.0743282
-0.0737082
-0.0730721
-0.0724199
-0.0717512
-0.0710661
-0.0703643
-0.0696458
-0.0689105
-0.0681583
-0.0673891
-0.0666029
-0.0657997
-0.0649794
-0.0641421
-0.0632876
-0.0624161
-0.0615274
-0.0606218
-0.0596991
-0.0587594
-0.0578028
-0.0568292
-0.0558388
-0.0548316
-0.0538077
-0.0527671
-0.0517101
-0.0506366
-0.0495468
-0.0484409
-0.0473191
-0.0461816
-0.0450286
-0.0438604
-0.0426774
-0.0414799
-0.0402684
-0.0390434
-0.0378056
-0.0365555
-0.0352939
-0.0340217
-0.0327398
-0.0314492
-0.0301512
-0.0288469
-0.0275377
-0.0262252
-0.024911
-0.0235967
-0.0222844
-0.020976
-0.0196735
-0.0183793
-0.0170956
-0.0158248
-0.0145696
-0.0133324
-0.0121158
-0.0109225
-0.00975502
-0.00861588
-0.00750756
-0.00643154
-0.00539201
-0.00438138
-0.00343307
-0.0024245
-0.00177022
0.000310691
-0.202657
-0.202694
-0.202397
-0.202323
-0.202463
-0.202607
-0.202706
-0.202809
-0.202922
-0.203023
-0.2031
-0.203155
-0.20319
-0.203203
-0.203194
-0.203163
-0.20311
-0.203034
-0.202937
-0.202818
-0.202676
-0.202513
-0.202327
-0.202118
-0.201887
-0.201632
-0.201354
-0.201051
-0.200724
-0.200371
-0.199992
-0.199585
-0.199151
-0.198688
-0.198194
-0.197669
-0.197111
-0.196519
-0.195891
-0.195226
-0.194521
-0.193776
-0.192987
-0.192152
-0.191271
-0.190339
-0.189354
-0.188315
-0.187218
-0.18606
-0.184838
-0.18355
-0.182193
-0.180762
-0.179256
-0.177671
-0.176004
-0.174253
-0.172415
-0.170489
-0.168472
-0.166364
-0.164165
-0.161874
-0.159493
-0.157024
-0.154468
-0.151829
-0.149111
-0.146319
-0.143456
-0.140531
-0.137552
-0.134526
-0.131468
-0.12839
-0.12531
-0.122246
-0.119222
-0.116261
-0.113388
-0.110628
-0.108005
-0.105541
-0.103254
-0.101156
-0.0992543
-0.0975514
-0.0960426
-0.0947181
-0.0935641
-0.0925633
-0.0916965
-0.090944
-0.0902863
-0.0897053
-0.0891847
-0.0887104
-0.0882709
-0.0878566
-0.08746
-0.0870754
-0.0866982
-0.0863252
-0.0859539
-0.0855824
-0.0852091
-0.0848331
-0.0844532
-0.0840686
-0.0836785
-0.0832822
-0.082879
-0.0824682
-0.0820491
-0.0816211
-0.0811836
-0.0807359
-0.0802775
-0.0798077
-0.0793261
-0.0788325
-0.0783257
-0.0778054
-0.0772714
-0.0767238
-0.0761617
-0.0755848
-0.0749929
-0.0743856
-0.0737628
-0.0731242
-0.0724697
-0.0717991
-0.0711122
-0.0704089
-0.069689
-0.0689526
-0.0681994
-0.0674295
-0.0666428
-0.0658392
-0.0650187
-0.0641813
-0.063327
-0.0624558
-0.0615678
-0.0606628
-0.0597409
-0.0588022
-0.0578468
-0.0568745
-0.0558856
-0.0548799
-0.0538578
-0.052819
-0.0517639
-0.0506925
-0.0496048
-0.0485011
-0.0473816
-0.0462463
-0.0450956
-0.0439296
-0.0427488
-0.0415535
-0.0403441
-0.0391211
-0.037885
-0.0366365
-0.0353762
-0.0341051
-0.032824
-0.0315338
-0.0302358
-0.0289311
-0.0276211
-0.0263073
-0.0249912
-0.0236746
-0.0223594
-0.0210475
-0.0197411
-0.0184423
-0.0171536
-0.0158774
-0.0146163
-0.0133729
-0.0121499
-0.0109501
-0.00977615
-0.0086308
-0.00751678
-0.00643571
-0.00539243
-0.00437843
-0.00343152
-0.00241474
-0.00179079
0.000402689
-0.201276
-0.201634
-0.201647
-0.201727
-0.201945
-0.202169
-0.202345
-0.202504
-0.202659
-0.202796
-0.202905
-0.202985
-0.20304
-0.203068
-0.20307
-0.203046
-0.202996
-0.202921
-0.202821
-0.202695
-0.202545
-0.202371
-0.202171
-0.201947
-0.201697
-0.201422
-0.201121
-0.200793
-0.200438
-0.200056
-0.199644
-0.199203
-0.198732
-0.198228
-0.197691
-0.19712
-0.196513
-0.195868
-0.195183
-0.194457
-0.193689
-0.192874
-0.192012
-0.191101
-0.190137
-0.189118
-0.188042
-0.186905
-0.185706
-0.184441
-0.183107
-0.181702
-0.180223
-0.178666
-0.17703
-0.175312
-0.173509
-0.171621
-0.169644
-0.16758
-0.165426
-0.163185
-0.160856
-0.158443
-0.155947
-0.153372
-0.150724
-0.148008
-0.145229
-0.142396
-0.139516
-0.136599
-0.133655
-0.130697
-0.127739
-0.124795
-0.121884
-0.119024
-0.116234
-0.113536
-0.110949
-0.108492
-0.106183
-0.104034
-0.102055
-0.100252
-0.0986242
-0.0971678
-0.0958741
-0.0947308
-0.0937233
-0.0928353
-0.09205
-0.0913512
-0.0907235
-0.0901532
-0.0896283
-0.089139
-0.0886768
-0.0882353
-0.0878093
-0.0873946
-0.0869881
-0.0865872
-0.08619
-0.0857948
-0.0854002
-0.0850049
-0.0846079
-0.0842082
-0.0838047
-0.0833966
-0.0829829
-0.0825629
-0.0821357
-0.0817005
-0.0812566
-0.0808032
-0.0803397
-0.0798654
-0.0793797
-0.0788821
-0.0783722
-0.0778494
-0.0773123
-0.0767622
-0.0761978
-0.0756188
-0.075025
-0.0744161
-0.0737917
-0.0731518
-0.0724961
-0.0718243
-0.0711365
-0.0704323
-0.0697117
-0.0689746
-0.0682209
-0.0674506
-0.0666636
-0.0658598
-0.0650393
-0.0642019
-0.0633478
-0.0624768
-0.0615891
-0.0606846
-0.0597633
-0.0588253
-0.0578706
-0.0568992
-0.0559112
-0.0549067
-0.0538856
-0.0528482
-0.0517943
-0.0507243
-0.0496381
-0.0485359
-0.0474179
-0.0462842
-0.0451351
-0.0439708
-0.0427916
-0.0415978
-0.0403899
-0.0391683
-0.0379335
-0.0366862
-0.035427
-0.0341566
-0.0328761
-0.0315862
-0.0302883
-0.0289833
-0.0276726
-0.0263578
-0.0250403
-0.0237219
-0.0224044
-0.0210898
-0.0197801
-0.0184778
-0.017185
-0.0159043
-0.0146384
-0.0133899
-0.0121616
-0.0109563
-0.00977702
-0.00862647
-0.00750766
-0.00642241
-0.00537599
-0.00435952
-0.00341317
-0.00239272
-0.00178525
0.000455027
-0.199924
-0.200534
-0.200816
-0.201067
-0.201382
-0.201692
-0.201951
-0.202174
-0.202378
-0.202556
-0.2027
-0.202809
-0.202886
-0.202931
-0.202945
-0.202929
-0.202883
-0.202807
-0.202704
-0.202573
-0.202413
-0.202227
-0.202013
-0.201772
-0.201503
-0.201207
-0.200882
-0.200528
-0.200145
-0.199731
-0.199287
-0.19881
-0.198299
-0.197754
-0.197173
-0.196555
-0.195897
-0.195198
-0.194457
-0.19367
-0.192836
-0.191953
-0.191018
-0.19003
-0.188984
-0.18788
-0.186713
-0.185482
-0.184183
-0.182814
-0.181373
-0.179856
-0.178261
-0.176586
-0.174829
-0.172987
-0.17106
-0.169047
-0.166947
-0.164761
-0.16249
-0.160135
-0.1577
-0.155187
-0.152603
-0.149952
-0.147241
-0.144478
-0.141671
-0.13883
-0.135966
-0.133089
-0.130212
-0.127349
-0.124514
-0.121724
-0.118993
-0.11634
-0.113781
-0.111331
-0.109006
-0.10682
-0.104781
-0.102896
-0.10117
-0.0996
-0.0981828
-0.0969102
-0.0957715
-0.0947541
-0.0938444
-0.0930282
-0.0922916
-0.0916219
-0.0910075
-0.0904381
-0.0899053
-0.0894017
-0.0889216
-0.0884602
-0.0880136
-0.0875788
-0.0871531
-0.0867344
-0.086321
-0.0859111
-0.0855035
-0.0850967
-0.0846896
-0.0842809
-0.0838697
-0.0834548
-0.0830351
-0.0826099
-0.0821781
-0.0817389
-0.0812914
-0.0808348
-0.0803685
-0.0798917
-0.0794038
-0.0789042
-0.0783924
-0.0778674
-0.0773298
-0.0767783
-0.0762125
-0.0756324
-0.0750376
-0.0744277
-0.0738026
-0.073162
-0.0725056
-0.0718332
-0.0711448
-0.0704402
-0.0697192
-0.0689818
-0.0682278
-0.0674573
-0.0666701
-0.0658662
-0.0650456
-0.0642082
-0.0633542
-0.0624833
-0.0615958
-0.0606915
-0.0597705
-0.0588329
-0.0578786
-0.0569077
-0.0559203
-0.0549164
-0.053896
-0.0528593
-0.0518062
-0.050737
-0.0496517
-0.0485505
-0.0474334
-0.0463007
-0.0451526
-0.0439893
-0.0428111
-0.0416183
-0.0404114
-0.0391907
-0.0379567
-0.0367101
-0.0354515
-0.0341817
-0.0329015
-0.0316118
-0.0303138
-0.0290085
-0.0276973
-0.0263816
-0.025063
-0.0237431
-0.0224237
-0.0211069
-0.0197947
-0.0184894
-0.0171933
-0.015909
-0.0146392
-0.0133865
-0.0121538
-0.0109441
-0.00976031
-0.00860543
-0.00748262
-0.00639391
-0.00534485
-0.00432669
-0.00338013
-0.00236029
-0.00175699
0.00047084
-0.198632
-0.199443
-0.199954
-0.200376
-0.200801
-0.201201
-0.201544
-0.201837
-0.202094
-0.202316
-0.202496
-0.202635
-0.202735
-0.202798
-0.202825
-0.202816
-0.202774
-0.202699
-0.202593
-0.202455
-0.202287
-0.202088
-0.20186
-0.201602
-0.201314
-0.200995
-0.200647
-0.200267
-0.199855
-0.199411
-0.198933
-0.198421
-0.197872
-0.197287
-0.196662
-0.195997
-0.19529
-0.194539
-0.193742
-0.192896
-0.192
-0.191051
-0.190046
-0.188984
-0.187861
-0.186675
-0.185423
-0.184103
-0.182711
-0.181247
-0.179706
-0.178086
-0.176387
-0.174605
-0.17274
-0.17079
-0.168754
-0.166634
-0.16443
-0.162143
-0.159775
-0.15733
-0.154813
-0.152229
-0.149583
-0.146884
-0.14414
-0.14136
-0.138554
-0.135735
-0.132912
-0.130101
-0.127313
-0.124562
-0.121864
-0.119232
-0.116681
-0.114225
-0.111878
-0.109651
-0.107553
-0.105593
-0.103775
-0.1021
-0.100568
-0.0991721
-0.0979067
-0.0967622
-0.0957278
-0.0947917
-0.0939421
-0.0931674
-0.0924568
-0.0918002
-0.0911892
-0.090616
-0.0900744
-0.0895591
-0.0890656
-0.0885901
-0.0881297
-0.0876816
-0.0872437
-0.0868139
-0.0863904
-0.0859717
-0.0855562
-0.0851426
-0.0847294
-0.0843155
-0.0838997
-0.0834807
-0.0830576
-0.0826293
-0.0821948
-0.0817532
-0.0813036
-0.0808453
-0.0803774
-0.0798991
-0.0794099
-0.0789092
-0.0783964
-0.0778708
-0.077332
-0.0767794
-0.0762132
-0.0756326
-0.0750373
-0.0744269
-0.0738013
-0.0731602
-0.0725034
-0.0718307
-0.071142
-0.0704371
-0.0697158
-0.0689782
-0.0682241
-0.0674534
-0.066666
-0.065862
-0.0650413
-0.0642039
-0.0633498
-0.062479
-0.0615915
-0.0606873
-0.0597664
-0.0588289
-0.0578747
-0.056904
-0.0559168
-0.0549132
-0.0538931
-0.0528567
-0.051804
-0.0507352
-0.0496503
-0.0485495
-0.0474329
-0.0463007
-0.045153
-0.0439902
-0.0428125
-0.0416203
-0.0404138
-0.0391935
-0.03796
-0.0367137
-0.0354554
-0.0341857
-0.0329056
-0.0316158
-0.0303176
-0.0290119
-0.0277002
-0.0263837
-0.025064
-0.0237429
-0.022422
-0.0211034
-0.0197891
-0.0184814
-0.0171827
-0.0158954
-0.0146224
-0.0133663
-0.01213
-0.0109166
-0.00972913
-0.00857066
-0.00744452
-0.00635294
-0.00530164
-0.00428245
-0.00333503
-0.00231965
-0.00171047
0.000455396
-0.197431
-0.198404
-0.199108
-0.19969
-0.200227
-0.200719
-0.201145
-0.201508
-0.20182
-0.202087
-0.202304
-0.202473
-0.202596
-0.202676
-0.202715
-0.202715
-0.202676
-0.202602
-0.202492
-0.202348
-0.202171
-0.20196
-0.201718
-0.201443
-0.201137
-0.200798
-0.200426
-0.200021
-0.199582
-0.199109
-0.198599
-0.198053
-0.197469
-0.196845
-0.196179
-0.195471
-0.194718
-0.193917
-0.193068
-0.192168
-0.191214
-0.190204
-0.189135
-0.188005
-0.186812
-0.185552
-0.184224
-0.182824
-0.18135
-0.1798
-0.178172
-0.176464
-0.174673
-0.1728
-0.170843
-0.168802
-0.166678
-0.164471
-0.162183
-0.159817
-0.157377
-0.154868
-0.152294
-0.149663
-0.146983
-0.144262
-0.141511
-0.138739
-0.135959
-0.133183
-0.130422
-0.127692
-0.125004
-0.122372
-0.11981
-0.11733
-0.114945
-0.112666
-0.110502
-0.108461
-0.106548
-0.104766
-0.103117
-0.101597
-0.100203
-0.098928
-0.097764
-0.0967019
-0.0957316
-0.0948432
-0.0940267
-0.0932729
-0.0925734
-0.0919204
-0.0913074
-0.0907286
-0.090179
-0.0896543
-0.0891509
-0.0886657
-0.088196
-0.0877393
-0.0872935
-0.0868566
-0.0864269
-0.0860026
-0.0855822
-0.0851643
-0.0847473
-0.0843301
-0.0839114
-0.0834899
-0.0830645
-0.0826342
-0.082198
-0.0817548
-0.0813038
-0.0808443
-0.0803752
-0.079896
-0.079406
-0.0789045
-0.0783909
-0.0778647
-0.0773254
-0.0767724
-0.0762056
-0.0756245
-0.0750286
-0.074418
-0.0737921
-0.0731508
-0.0724937
-0.0718208
-0.0711319
-0.0704267
-0.0697052
-0.0689674
-0.0682131
-0.0674422
-0.0666547
-0.0658506
-0.0650297
-0.0641922
-0.063338
-0.0624671
-0.0615794
-0.0606751
-0.0597541
-0.0588165
-0.0578624
-0.0568916
-0.0559044
-0.0549007
-0.0538806
-0.0528441
-0.0517915
-0.0507227
-0.0496378
-0.0485371
-0.0474205
-0.0462884
-0.0451408
-0.0439781
-0.0428005
-0.0416083
-0.0404019
-0.0391817
-0.0379481
-0.0367019
-0.0354435
-0.0341737
-0.0328934
-0.0316034
-0.0303047
-0.0289986
-0.0276862
-0.0263689
-0.0250483
-0.023726
-0.0224039
-0.0210837
-0.0197677
-0.018458
-0.0171571
-0.0158675
-0.0145919
-0.013333
-0.0120938
-0.0108773
-0.00968683
-0.00852538
-0.00739646
-0.0063025
-0.00524927
-0.00422958
-0.00328082
-0.00227304
-0.00165057
0.000415297
-0.19635
-0.197453
-0.198318
-0.199042
-0.19969
-0.20027
-0.200773
-0.201203
-0.20157
-0.201879
-0.202132
-0.202329
-0.202474
-0.202571
-0.202622
-0.202629
-0.202594
-0.202519
-0.202406
-0.202257
-0.202071
-0.20185
-0.201594
-0.201304
-0.20098
-0.200622
-0.200229
-0.199801
-0.199337
-0.198837
-0.198299
-0.197722
-0.197105
-0.196446
-0.195744
-0.194996
-0.194202
-0.193358
-0.192463
-0.191514
-0.190509
-0.189445
-0.188321
-0.187133
-0.185878
-0.184555
-0.183161
-0.181693
-0.18015
-0.178529
-0.176828
-0.175046
-0.173182
-0.171235
-0.169205
-0.167093
-0.164899
-0.162627
-0.160278
-0.157857
-0.155368
-0.152816
-0.15021
-0.147557
-0.144865
-0.142145
-0.139407
-0.136662
-0.133924
-0.131204
-0.128516
-0.125871
-0.123284
-0.120766
-0.118329
-0.115985
-0.113742
-0.111608
-0.109591
-0.107694
-0.10592
-0.104268
-0.102738
-0.101324
-0.100021
-0.0988219
-0.0977195
-0.096705
-0.0957698
-0.0949056
-0.0941042
-0.0933583
-0.0926611
-0.0920065
-0.0913891
-0.0908041
-0.0902475
-0.0897155
-0.0892048
-0.0887127
-0.0882366
-0.087774
-0.0873229
-0.0868813
-0.0864474
-0.0860194
-0.0855957
-0.0851748
-0.0847553
-0.0843358
-0.0839149
-0.0834916
-0.0830645
-0.0826327
-0.0821951
-0.0817507
-0.0812986
-0.080838
-0.0803681
-0.079888
-0.0793972
-0.078895
-0.0783808
-0.077854
-0.0773142
-0.0767608
-0.0761936
-0.075612
-0.0750159
-0.0744049
-0.0737786
-0.0731369
-0.0724797
-0.0718066
-0.0711176
-0.070412
-0.0696903
-0.0689523
-0.0681977
-0.0674266
-0.0666389
-0.0658346
-0.0650135
-0.0641758
-0.0633214
-0.0624502
-0.0615624
-0.0606579
-0.0597367
-0.0587988
-0.0578444
-0.0568734
-0.055886
-0.054882
-0.0538617
-0.052825
-0.0517721
-0.0507031
-0.049618
-0.048517
-0.0474002
-0.0462678
-0.04512
-0.0439571
-0.0427792
-0.0415868
-0.0403801
-0.0391596
-0.0379258
-0.0366792
-0.0354205
-0.0341503
-0.0328696
-0.0315791
-0.0302799
-0.0289731
-0.02766
-0.026342
-0.0250205
-0.0236971
-0.0223737
-0.0210523
-0.0197348
-0.0184235
-0.0171208
-0.0158292
-0.0145514
-0.0132902
-0.0120487
-0.0108298
-0.00963674
-0.00847285
-0.0073416
-0.00624567
-0.00519076
-0.00417094
-0.00322047
-0.00222266
-0.00158199
0.000357759
-0.195411
-0.19662
-0.197615
-0.198463
-0.19921
-0.199872
-0.200447
-0.200937
-0.201354
-0.201703
-0.201988
-0.202211
-0.202376
-0.202488
-0.202549
-0.202562
-0.202531
-0.202456
-0.20234
-0.202185
-0.201991
-0.20176
-0.201493
-0.201189
-0.20085
-0.200474
-0.200063
-0.199615
-0.199129
-0.198606
-0.198043
-0.197439
-0.196794
-0.196106
-0.195372
-0.194591
-0.193762
-0.192881
-0.191947
-0.190958
-0.18991
-0.188803
-0.187632
-0.186396
-0.185091
-0.183717
-0.18227
-0.180748
-0.179149
-0.177471
-0.175714
-0.173875
-0.171955
-0.169952
-0.167869
-0.165705
-0.163463
-0.161146
-0.158757
-0.156301
-0.153784
-0.151212
-0.148593
-0.145936
-0.14325
-0.140546
-0.137835
-0.13513
-0.132441
-0.129782
-0.127165
-0.124603
-0.122107
-0.119688
-0.117357
-0.115121
-0.11299
-0.110967
-0.109058
-0.107263
-0.105584
-0.104019
-0.102564
-0.101215
-0.0999658
-0.0988098
-0.0977399
-0.0967489
-0.0958295
-0.0949745
-0.0941774
-0.0934318
-0.0927322
-0.0920734
-0.0914506
-0.0908598
-0.0902972
-0.0897593
-0.0892431
-0.0887459
-0.088265
-0.0877982
-0.0873434
-0.0868984
-0.0864614
-0.0860306
-0.0856045
-0.0851814
-0.0847599
-0.0843385
-0.083916
-0.083491
-0.0830626
-0.0826294
-0.0821906
-0.0817451
-0.0812919
-0.0808304
-0.0803595
-0.0798787
-0.0793871
-0.0788842
-0.0783693
-0.0778419
-0.0773016
-0.0767477
-0.07618
-0.075598
-0.0750015
-0.0743901
-0.0737635
-0.0731215
-0.0724639
-0.0717905
-0.0711007
-0.0703953
-0.0696734
-0.0689351
-0.0681803
-0.067409
-0.066621
-0.0658164
-0.0649951
-0.0641571
-0.0633024
-0.062431
-0.0615428
-0.060638
-0.0597165
-0.0587783
-0.0578236
-0.0568522
-0.0558644
-0.0548601
-0.0538393
-0.0528023
-0.0517489
-0.0506795
-0.0495939
-0.0484925
-0.0473752
-0.0462424
-0.0450941
-0.0439307
-0.0427523
-0.0415594
-0.0403522
-0.0391312
-0.0378968
-0.0366497
-0.0353904
-0.0341197
-0.0328383
-0.0315472
-0.0302473
-0.0289398
-0.0276259
-0.026307
-0.0249846
-0.0236603
-0.0223358
-0.0210131
-0.0196943
-0.0183816
-0.0170774
-0.0157842
-0.0145047
-0.0132417
-0.0119981
-0.0107772
-0.00958217
-0.00841625
-0.00728306
-0.0061855
-0.00512909
-0.00410939
-0.00315693
-0.00217053
-0.00150889
0.000290061
-0.194632
-0.195925
-0.197025
-0.197975
-0.198809
-0.199542
-0.200178
-0.200721
-0.201181
-0.201565
-0.201877
-0.202122
-0.202305
-0.202429
-0.202499
-0.202518
-0.202488
-0.202413
-0.202294
-0.202134
-0.201934
-0.201695
-0.201417
-0.201102
-0.20075
-0.20036
-0.199933
-0.199468
-0.198965
-0.198422
-0.197839
-0.197214
-0.196546
-0.195834
-0.195075
-0.194268
-0.19341
-0.192501
-0.191536
-0.190515
-0.189435
-0.188292
-0.187086
-0.185813
-0.184471
-0.183058
-0.181571
-0.180008
-0.178369
-0.17665
-0.174852
-0.172973
-0.171014
-0.168974
-0.166854
-0.164657
-0.162385
-0.160042
-0.157631
-0.155158
-0.152629
-0.150052
-0.147435
-0.144787
-0.142119
-0.13944
-0.136762
-0.134098
-0.131459
-0.128857
-0.126304
-0.123811
-0.121389
-0.119049
-0.116797
-0.114642
-0.112589
-0.110643
-0.108804
-0.107075
-0.105455
-0.10394
-0.102528
-0.101213
-0.0999905
-0.0988542
-0.0977979
-0.0968152
-0.0958997
-0.0950454
-0.0942465
-0.0934974
-0.0927932
-0.0921292
-0.0915011
-0.0909049
-0.0903371
-0.0897944
-0.0892739
-0.0887726
-0.0882882
-0.0878181
-0.0873603
-0.0869127
-0.0864733
-0.0860404
-0.0856123
-0.0851874
-0.0847641
-0.0843412
-0.0839172
-0.0834909
-0.0830612
-0.0826268
-0.0821868
-0.0817402
-0.0812861
-0.0808236
-0.0803519
-0.0798702
-0.0793778
-0.0788742
-0.0783587
-0.0778306
-0.0772897
-0.0767353
-0.0761671
-0.0755846
-0.0749877
-0.0743758
-0.0737488
-0.0731065
-0.0724485
-0.0717747
-0.0710848
-0.0703788
-0.0696566
-0.068918
-0.0681629
-0.0673912
-0.066603
-0.0657981
-0.0649764
-0.0641381
-0.0632831
-0.0624113
-0.0615228
-0.0606176
-0.0596957
-0.0587571
-0.057802
-0.0568302
-0.0558419
-0.0548371
-0.0538159
-0.0527783
-0.0517245
-0.0506545
-0.0495684
-0.0484663
-0.0473485
-0.046215
-0.0450661
-0.0439021
-0.042723
-0.0415294
-0.0403215
-0.0390998
-0.0378648
-0.036617
-0.035357
-0.0340855
-0.0328034
-0.0315115
-0.0302108
-0.0289025
-0.0275877
-0.0262679
-0.0249446
-0.0236192
-0.0222938
-0.02097
-0.0196501
-0.0183361
-0.0170306
-0.015736
-0.014455
-0.0131905
-0.0119454
-0.0107229
-0.00952614
-0.00835858
-0.00722378
-0.00612486
-0.00506709
-0.00404763
-0.00309292
-0.00211847
-0.00143467
0.000219199
-0.194024
-0.195382
-0.196562
-0.197593
-0.198497
-0.199289
-0.199975
-0.200561
-0.201057
-0.201468
-0.201803
-0.202066
-0.202262
-0.202396
-0.202472
-0.202495
-0.202467
-0.202391
-0.20227
-0.202106
-0.2019
-0.201654
-0.201369
-0.201044
-0.200682
-0.200281
-0.199842
-0.199365
-0.198848
-0.19829
-0.197692
-0.197051
-0.196366
-0.195636
-0.194858
-0.194031
-0.193154
-0.192223
-0.191236
-0.190192
-0.189088
-0.187921
-0.18669
-0.185391
-0.184023
-0.182583
-0.181069
-0.179479
-0.177812
-0.176067
-0.174243
-0.172339
-0.170355
-0.168293
-0.166153
-0.163938
-0.161651
-0.159295
-0.156876
-0.154399
-0.151871
-0.149299
-0.146692
-0.14406
-0.141413
-0.138761
-0.136116
-0.133489
-0.130892
-0.128337
-0.125834
-0.123394
-0.121026
-0.11874
-0.116542
-0.114439
-0.112436
-0.110534
-0.108737
-0.107044
-0.105454
-0.103964
-0.102571
-0.10127
-0.100057
-0.0989269
-0.0978729
-0.0968899
-0.0959722
-0.0951142
-0.0943106
-0.0935565
-0.0928469
-0.0921776
-0.0915444
-0.0909435
-0.0903714
-0.0898247
-0.0893005
-0.0887961
-0.0883087
-0.0878361
-0.0873759
-0.0869262
-0.0864849
-0.0860502
-0.0856204
-0.085194
-0.0847694
-0.0843451
-0.0839198
-0.0834923
-0.0830614
-0.082626
-0.082185
-0.0817374
-0.0812824
-0.080819
-0.0803464
-0.0798639
-0.0793708
-0.0788665
-0.0783502
-0.0778216
-0.07728
-0.0767251
-0.0761563
-0.0755734
-0.0749759
-0.0743636
-0.0737362
-0.0730934
-0.072435
-0.0717608
-0.0710705
-0.0703642
-0.0696416
-0.0689026
-0.0681472
-0.0673751
-0.0665865
-0.0657812
-0.0649593
-0.0641206
-0.0632652
-0.062393
-0.0615041
-0.0605985
-0.0596762
-0.0587372
-0.0577815
-0.0568093
-0.0558205
-0.0548152
-0.0537934
-0.0527553
-0.0517009
-0.0506302
-0.0495435
-0.0484408
-0.0473223
-0.0461881
-0.0450385
-0.0438737
-0.042694
-0.0414996
-0.0402909
-0.0390684
-0.0378326
-0.0365839
-0.0353231
-0.0340508
-0.0327678
-0.031475
-0.0301735
-0.0288643
-0.0275486
-0.0262279
-0.0249036
-0.0235773
-0.0222508
-0.020926
-0.019605
-0.01829
-0.0169834
-0.0156876
-0.0144054
-0.0131396
-0.0118932
-0.0106693
-0.00947126
-0.00830235
-0.00716624
-0.00606617
-0.00500718
-0.00398796
-0.00303077
-0.00206795
-0.00136175
0.00015178
-0.193586
-0.194992
-0.196233
-0.197323
-0.198281
-0.199118
-0.199841
-0.20046
-0.200981
-0.201414
-0.201765
-0.20204
-0.202246
-0.202387
-0.202468
-0.202493
-0.202466
-0.202389
-0.202266
-0.202099
-0.201889
-0.201638
-0.201346
-0.201016
-0.200646
-0.200238
-0.19979
-0.199304
-0.198777
-0.19821
-0.197601
-0.196949
-0.196253
-0.19551
-0.19472
-0.193881
-0.19299
-0.192045
-0.191044
-0.189985
-0.188866
-0.187684
-0.186437
-0.185122
-0.183738
-0.182281
-0.180751
-0.179146
-0.177464
-0.175704
-0.173865
-0.171948
-0.169952
-0.167879
-0.16573
-0.163508
-0.161216
-0.158859
-0.15644
-0.153967
-0.151445
-0.148884
-0.146291
-0.143676
-0.141049
-0.138421
-0.135802
-0.133205
-0.130639
-0.128116
-0.125647
-0.123241
-0.120907
-0.118654
-0.116487
-0.114413
-0.112435
-0.110556
-0.108778
-0.1071
-0.105522
-0.10404
-0.102652
-0.101354
-0.100141
-0.0990082
-0.0979509
-0.0969634
-0.0960406
-0.0951772
-0.0943681
-0.0936085
-0.0928938
-0.0922196
-0.0915819
-0.0909769
-0.0904011
-0.0898511
-0.089324
-0.0888169
-0.0883272
-0.0878525
-0.0873904
-0.086939
-0.0864962
-0.0860601
-0.085629
-0.0852014
-0.0847756
-0.0843502
-0.0839239
-0.0834955
-0.0830636
-0.0826273
-0.0821855
-0.0817371
-0.0812812
-0.080817
-0.0803437
-0.0798605
-0.0793668
-0.0788617
-0.0783449
-0.0778156
-0.0772735
-0.076718
-0.0761487
-0.0755653
-0.0749673
-0.0743546
-0.0737267
-0.0730835
-0.0724246
-0.07175
-0.0710594
-0.0703526
-0.0696296
-0.0688903
-0.0681344
-0.067362
-0.066573
-0.0657673
-0.064945
-0.0641059
-0.06325
-0.0623775
-0.0614882
-0.0605821
-0.0596593
-0.0587199
-0.0577637
-0.056791
-0.0558017
-0.0547958
-0.0537735
-0.0527348
-0.0516797
-0.0506084
-0.0495211
-0.0484177
-0.0472985
-0.0461636
-0.0450132
-0.0438476
-0.0426671
-0.0414719
-0.0402624
-0.0390391
-0.0378024
-0.0365529
-0.0352911
-0.0340179
-0.032734
-0.0314404
-0.0301379
-0.0288278
-0.0275112
-0.0261895
-0.0248642
-0.023537
-0.0222095
-0.0208837
-0.0195617
-0.0182457
-0.016938
-0.0156412
-0.014358
-0.0130911
-0.0118436
-0.0106186
-0.00941942
-0.00824941
-0.00711218
-0.00601113
-0.00495102
-0.00393195
-0.00297207
-0.00201984
-0.0012914
9.39454e-05
-0.19331
-0.19475
-0.196031
-0.197162
-0.198156
-0.199024
-0.199773
-0.200412
-0.200951
-0.201398
-0.201759
-0.202043
-0.202254
-0.202399
-0.202483
-0.202509
-0.202483
-0.202405
-0.202281
-0.202111
-0.201898
-0.201644
-0.201349
-0.201014
-0.20064
-0.200226
-0.199774
-0.199282
-0.19875
-0.198176
-0.197561
-0.196903
-0.1962
-0.195451
-0.194654
-0.193807
-0.192908
-0.191956
-0.190947
-0.189881
-0.188753
-0.187563
-0.186308
-0.184985
-0.183593
-0.182129
-0.180591
-0.178978
-0.17729
-0.175523
-0.173679
-0.171757
-0.169758
-0.167682
-0.165532
-0.16331
-0.16102
-0.158665
-0.156251
-0.153785
-0.151272
-0.148721
-0.146141
-0.14354
-0.140929
-0.138318
-0.135717
-0.133138
-0.130592
-0.128089
-0.125639
-0.123251
-0.120934
-0.118696
-0.116544
-0.114481
-0.112513
-0.110642
-0.108869
-0.107194
-0.105616
-0.104133
-0.102743
-0.101441
-0.100224
-0.0990857
-0.0980227
-0.0970294
-0.0961008
-0.0952316
-0.0944172
-0.0936525
-0.0929331
-0.0922547
-0.0916132
-0.0910048
-0.0904259
-0.0898733
-0.0893438
-0.0888347
-0.0883432
-0.0878668
-0.0874034
-0.0869507
-0.0865067
-0.0860696
-0.0856375
-0.085209
-0.0847824
-0.0843562
-0.0839292
-0.0835
-0.0830675
-0.0826305
-0.082188
-0.081739
-0.0812826
-0.0808178
-0.0803439
-0.0798602
-0.0793658
-0.0788603
-0.0783429
-0.0778132
-0.0772706
-0.0767146
-0.0761448
-0.0755609
-0.0749626
-0.0743494
-0.073721
-0.0730774
-0.0724181
-0.0717431
-0.0710521
-0.0703449
-0.0696215
-0.0688818
-0.0681255
-0.0673527
-0.0665633
-0.0657572
-0.0649345
-0.064095
-0.0632387
-0.0623657
-0.0614759
-0.0605694
-0.0596462
-0.0587063
-0.0577497
-0.0567764
-0.0557865
-0.0547801
-0.0537572
-0.0527179
-0.0516623
-0.0505904
-0.0495023
-0.0483983
-0.0472783
-0.0461427
-0.0449916
-0.0438253
-0.0426439
-0.0414479
-0.0402376
-0.0390134
-0.0377758
-0.0365254
-0.0352628
-0.0339886
-0.0327038
-0.0314092
-0.0301058
-0.0287947
-0.0274771
-0.0261545
-0.0248283
-0.0235
-0.0221716
-0.0208449
-0.0195219
-0.0182049
-0.0168962
-0.0155984
-0.0143142
-0.0130463
-0.0117979
-0.0105719
-0.00937172
-0.00820073
-0.00706252
-0.0059606
-0.00489943
-0.00388034
-0.00291763
-0.0019744
-0.00122393
5.06737e-05
-0.193172
-0.194632
-0.195937
-0.197093
-0.198109
-0.198994
-0.199757
-0.200409
-0.200957
-0.201411
-0.201779
-0.202066
-0.202281
-0.202428
-0.202513
-0.20254
-0.202513
-0.202435
-0.202309
-0.202138
-0.201924
-0.201668
-0.201371
-0.201033
-0.200657
-0.200241
-0.199786
-0.199291
-0.198756
-0.19818
-0.197562
-0.196901
-0.196195
-0.195442
-0.194642
-0.193792
-0.192891
-0.191935
-0.190924
-0.189854
-0.188724
-0.187531
-0.186273
-0.184947
-0.183552
-0.182086
-0.180547
-0.178933
-0.177243
-0.175476
-0.173631
-0.17171
-0.169711
-0.167637
-0.16549
-0.163271
-0.160985
-0.158635
-0.156227
-0.153768
-0.151263
-0.14872
-0.146148
-0.143557
-0.140956
-0.138354
-0.135764
-0.133195
-0.130658
-0.128164
-0.125722
-0.123341
-0.12103
-0.118797
-0.116647
-0.114587
-0.112619
-0.110747
-0.108971
-0.107293
-0.105711
-0.104223
-0.102827
-0.10152
-0.100296
-0.099152
-0.098083
-0.0970839
-0.0961497
-0.0952754
-0.0944562
-0.0936872
-0.0929639
-0.0922821
-0.0916375
-0.0910264
-0.0904452
-0.0898906
-0.0893594
-0.0888487
-0.0883559
-0.0878785
-0.0874141
-0.0869605
-0.0865158
-0.086078
-0.0856454
-0.0852164
-0.0847893
-0.0843627
-0.0839352
-0.0835057
-0.0830728
-0.0826354
-0.0821925
-0.0817431
-0.0812863
-0.0808211
-0.0803469
-0.0798628
-0.0793681
-0.0788621
-0.0783444
-0.0778143
-0.0772713
-0.0767149
-0.0761448
-0.0755605
-0.0749618
-0.0743482
-0.0737195
-0.0730754
-0.0724158
-0.0717404
-0.071049
-0.0703415
-0.0696177
-0.0688775
-0.0681209
-0.0673477
-0.0665579
-0.0657514
-0.0649283
-0.0640883
-0.0632317
-0.0623582
-0.061468
-0.0605611
-0.0596374
-0.058697
-0.0577399
-0.0567661
-0.0557757
-0.0547688
-0.0537453
-0.0527054
-0.0516492
-0.0505767
-0.049488
-0.0483832
-0.0472626
-0.0461263
-0.0449744
-0.0438073
-0.0426252
-0.0414283
-0.0402172
-0.0389921
-0.0377536
-0.0365023
-0.0352388
-0.0339637
-0.0326779
-0.0313823
-0.0300779
-0.0287658
-0.0274472
-0.0261235
-0.0247963
-0.023467
-0.0221375
-0.0208097
-0.0194857
-0.0181676
-0.0168579
-0.0155591
-0.0142738
-0.0130049
-0.0117554
-0.0105285
-0.0093273
-0.00815533
-0.00701615
-0.00591331
-0.00485107
-0.0038317
-0.00286605
-0.00193002
-0.00115761
2.67882e-05
-0.193142
-0.194614
-0.195931
-0.197099
-0.198125
-0.199018
-0.199788
-0.200444
-0.200996
-0.201453
-0.201823
-0.202112
-0.202327
-0.202474
-0.202559
-0.202586
-0.202558
-0.20248
-0.202354
-0.202182
-0.201967
-0.201709
-0.201411
-0.201073
-0.200696
-0.200279
-0.199823
-0.199327
-0.198791
-0.198214
-0.197596
-0.196934
-0.196227
-0.195474
-0.194674
-0.193824
-0.192922
-0.191966
-0.190955
-0.189885
-0.188755
-0.187563
-0.186305
-0.18498
-0.183587
-0.182122
-0.180584
-0.178972
-0.177283
-0.175519
-0.173677
-0.171758
-0.169763
-0.167693
-0.165549
-0.163335
-0.161053
-0.158708
-0.156305
-0.153851
-0.151351
-0.148813
-0.146247
-0.14366
-0.141063
-0.138466
-0.13588
-0.133314
-0.130779
-0.128286
-0.125845
-0.123464
-0.121152
-0.118916
-0.116764
-0.114699
-0.112727
-0.110849
-0.109068
-0.107384
-0.105795
-0.104301
-0.102898
-0.101584
-0.100354
-0.0992039
-0.0981292
-0.0971248
-0.0961858
-0.0953072
-0.094484
-0.0937116
-0.0929853
-0.0923008
-0.091654
-0.091041
-0.0904582
-0.0899023
-0.08937
-0.0888585
-0.088365
-0.087887
-0.0874222
-0.0869683
-0.0865234
-0.0860855
-0.0856528
-0.0852236
-0.0847965
-0.0843698
-0.0839423
-0.0835127
-0.0830798
-0.0826423
-0.0821994
-0.0817499
-0.0812929
-0.0808277
-0.0803532
-0.079869
-0.0793741
-0.0788679
-0.07835
-0.0778196
-0.0772763
-0.0767197
-0.0761493
-0.0755648
-0.0749657
-0.0743518
-0.0737228
-0.0730784
-0.0724184
-0.0717427
-0.0710509
-0.070343
-0.0696189
-0.0688783
-0.0681213
-0.0673477
-0.0665575
-0.0657506
-0.064927
-0.0640866
-0.0632295
-0.0623556
-0.061465
-0.0605575
-0.0596333
-0.0586924
-0.0577348
-0.0567605
-0.0557696
-0.054762
-0.053738
-0.0526975
-0.0516406
-0.0505674
-0.049478
-0.0483726
-0.0472512
-0.0461141
-0.0449615
-0.0437935
-0.0426105
-0.0414128
-0.0402007
-0.0389747
-0.0377352
-0.0364828
-0.0352182
-0.033942
-0.0326551
-0.0313583
-0.0300527
-0.0287393
-0.0274195
-0.0260945
-0.0247659
-0.0234352
-0.0221043
-0.0207751
-0.0194497
-0.0181302
-0.016819
-0.0155187
-0.0142319
-0.0129615
-0.0117106
-0.0104821
-0.00927947
-0.00810604
-0.00696539
-0.00586112
-0.00479733
-0.00377692
-0.00280803
-0.00187676
-0.0010825
3.64775e-05
-0.193206
-0.194685
-0.196008
-0.19718
-0.198209
-0.199104
-0.199874
-0.200531
-0.201083
-0.201539
-0.201907
-0.202195
-0.202409
-0.202555
-0.202638
-0.202663
-0.202634
-0.202555
-0.202427
-0.202254
-0.202038
-0.20178
-0.201481
-0.201142
-0.200764
-0.200347
-0.199891
-0.199395
-0.198859
-0.198283
-0.197664
-0.197003
-0.196297
-0.195546
-0.194746
-0.193898
-0.192997
-0.192044
-0.191034
-0.189967
-0.188839
-0.187649
-0.186395
-0.185073
-0.183683
-0.182221
-0.180687
-0.179078
-0.177394
-0.175634
-0.173796
-0.171882
-0.169891
-0.167825
-0.165685
-0.163475
-0.161197
-0.158856
-0.156457
-0.154005
-0.151508
-0.148972
-0.146407
-0.143821
-0.141225
-0.138627
-0.136039
-0.133471
-0.130933
-0.128436
-0.12599
-0.123603
-0.121285
-0.119043
-0.116883
-0.11481
-0.11283
-0.110944
-0.109155
-0.107462
-0.105866
-0.104364
-0.102954
-0.101633
-0.100397
-0.0992409
-0.0981609
-0.0971519
-0.0962087
-0.0953265
-0.0945002
-0.0937252
-0.0929967
-0.0923104
-0.0916622
-0.0910481
-0.0904646
-0.089908
-0.0893754
-0.0888638
-0.0883703
-0.0878925
-0.0874279
-0.0869743
-0.0865298
-0.0860923
-0.08566
-0.0852313
-0.0848045
-0.0843783
-0.0839512
-0.083522
-0.0830893
-0.0826522
-0.0822095
-0.0817602
-0.0813035
-0.0808383
-0.080364
-0.0798798
-0.0793849
-0.0788788
-0.0783607
-0.0778303
-0.0772869
-0.0767301
-0.0761596
-0.0755748
-0.0749755
-0.0743613
-0.073732
-0.0730873
-0.072427
-0.0717509
-0.0710588
-0.0703505
-0.0696259
-0.068885
-0.0681275
-0.0673535
-0.0665628
-0.0657555
-0.0649314
-0.0640905
-0.0632329
-0.0623585
-0.0614673
-0.0605593
-0.0596345
-0.058693
-0.0577347
-0.0567598
-0.0557682
-0.05476
-0.0537353
-0.0526941
-0.0516364
-0.0505624
-0.0494722
-0.048366
-0.0472437
-0.0461057
-0.044952
-0.043783
-0.042599
-0.0414001
-0.0401869
-0.0389596
-0.0377189
-0.0364651
-0.0351991
-0.0339215
-0.032633
-0.0313346
-0.0300273
-0.0287122
-0.0273906
-0.0260638
-0.0247332
-0.0234006
-0.0220676
-0.0207363
-0.0194087
-0.018087
-0.0167735
-0.0154709
-0.0141818
-0.0129091
-0.0116557
-0.0104248
-0.0092197
-0.00804377
-0.00690058
-0.00579374
-0.00472728
-0.00370437
-0.00273171
-0.00180066
-0.000988601
9.98563e-05
-0.203412
-0.203468
-0.203512
-0.203551
-0.203582
-0.203609
-0.203633
-0.203652
-0.203666
-0.203674
-0.203675
-0.203667
-0.203651
-0.203624
-0.203588
-0.20354
-0.203482
-0.203411
-0.203329
-0.203234
-0.203126
-0.203005
-0.202871
-0.202723
-0.202561
-0.202385
-0.202196
-0.201992
-0.201773
-0.20154
-0.201292
-0.201029
-0.200752
-0.200459
-0.200152
-0.199829
-0.199491
-0.199137
-0.198768
-0.198384
-0.197984
-0.197568
-0.197136
-0.196689
-0.196226
-0.195746
-0.19525
-0.194738
-0.194209
-0.193662
-0.193098
-0.192516
-0.191915
-0.191295
-0.190655
-0.189993
-0.189309
-0.188602
-0.18787
-0.187112
-0.186327
-0.185512
-0.184667
-0.18379
-0.182876
-0.181923
-0.180925
-0.179874
-0.17876
-0.177569
-0.176282
-0.174873
-0.173312
-0.171559
-0.16957
-0.167293
-0.164669
-0.161638
-0.15814
-0.154117
-0.149519
-0.144306
-0.138456
-0.131965
-0.124851
-0.117155
-0.108942
-0.100301
-0.0913451
-0.0822032
-0.0730201
-0.0639498
-0.0551478
-0.0467663
-0.0389487
-0.0318208
-0.0254884
-0.020032
-0.0155049
-0.0119324
-0.00931286
-0.00761957
-0.00680209
-0.00679185
-0.00750648
-0.00885431
-0.0107388
-0.0130623
-0.0157298
-0.0186512
-0.0217436
-0.0249326
-0.0281528
-0.0313486
-0.0344733
-0.0374893
-0.0403703
-0.0430861
-0.0456267
-0.0479809
-0.0501429
-0.0521106
-0.0538851
-0.0554697
-0.0568697
-0.0580919
-0.0591439
-0.0600338
-0.0607704
-0.0613623
-0.0618182
-0.0621467
-0.062356
-0.062454
-0.0624483
-0.0623461
-0.062154
-0.0618784
-0.0615251
-0.0610997
-0.0606073
-0.0600527
-0.0594402
-0.0587741
-0.0580581
-0.0572957
-0.0564904
-0.0556451
-0.0547627
-0.053846
-0.0528974
-0.0519194
-0.0509142
-0.049884
-0.0488308
-0.0477565
-0.046663
-0.045552
-0.0444255
-0.0432849
-0.042132
-0.0409682
-0.0397953
-0.0386146
-0.0374277
-0.0362359
-0.0350408
-0.0338436
-0.0326457
-0.0314484
-0.0302531
-0.0290609
-0.027873
-0.0266906
-0.0255149
-0.0243468
-0.0231874
-0.0220377
-0.0208986
-0.0197709
-0.0186556
-0.0175532
-0.0164646
-0.0153904
-0.0143311
-0.0132873
-0.0122595
-0.0112481
-0.0102534
-0.00927577
-0.00831546
-0.00737266
-0.00644754
-0.00554023
-0.00465069
-0.00377932
-0.00292497
-0.00209269
-0.0012574
-0.000567615
-0.203404
-0.203454
-0.20349
-0.203524
-0.203554
-0.203581
-0.203604
-0.203623
-0.203637
-0.203645
-0.203646
-0.203639
-0.203622
-0.203596
-0.20356
-0.203513
-0.203454
-0.203384
-0.203302
-0.203207
-0.203099
-0.202979
-0.202845
-0.202697
-0.202536
-0.20236
-0.202171
-0.201967
-0.201748
-0.201516
-0.201268
-0.201005
-0.200728
-0.200436
-0.200128
-0.199805
-0.199467
-0.199114
-0.198745
-0.19836
-0.19796
-0.197544
-0.197112
-0.196665
-0.196201
-0.195721
-0.195225
-0.194712
-0.194182
-0.193635
-0.19307
-0.192487
-0.191886
-0.191264
-0.190622
-0.189959
-0.189274
-0.188565
-0.187831
-0.187071
-0.186283
-0.185465
-0.184617
-0.183734
-0.182816
-0.181856
-0.180851
-0.179792
-0.178669
-0.177468
-0.17617
-0.174751
-0.17318
-0.17142
-0.169427
-0.167149
-0.16453
-0.16151
-0.158029
-0.15403
-0.149461
-0.144284
-0.138475
-0.132028
-0.12496
-0.11731
-0.109141
-0.100543
-0.0916267
-0.0825203
-0.0733681
-0.0643236
-0.0555423
-0.0471764
-0.0393692
-0.0322475
-0.0259178
-0.0204612
-0.0159314
-0.0123543
-0.00972787
-0.00802431
-0.00719337
-0.00716666
-0.00786205
-0.00918817
-0.0110488
-0.0133468
-0.0159876
-0.0188815
-0.0219462
-0.0251077
-0.0283012
-0.0314712
-0.0345717
-0.0375646
-0.0404191
-0.0431196
-0.0456423
-0.0479798
-0.0501275
-0.052083
-0.0538467
-0.0554221
-0.0568142
-0.0580298
-0.0590762
-0.0599617
-0.0606946
-0.0612836
-0.0617373
-0.0620642
-0.0622723
-0.0623696
-0.0623635
-0.0622612
-0.0620692
-0.0617939
-0.0614411
-0.0610163
-0.0605246
-0.0599707
-0.059359
-0.0586937
-0.0579786
-0.0572171
-0.0564126
-0.0555681
-0.0546866
-0.0537707
-0.052823
-0.0518458
-0.0508415
-0.049812
-0.0487596
-0.047686
-0.0465933
-0.0454832
-0.0443574
-0.0432176
-0.0420654
-0.0409025
-0.0397303
-0.0385504
-0.0373643
-0.0361734
-0.0349791
-0.0337828
-0.0325858
-0.0313895
-0.0301952
-0.029004
-0.0278171
-0.0266358
-0.0254612
-0.0242942
-0.023136
-0.0219874
-0.0208495
-0.0197231
-0.018609
-0.0175079
-0.0164206
-0.0153476
-0.0142896
-0.0132471
-0.0122206
-0.0112104
-0.010217
-0.00924065
-0.00828157
-0.00734
-0.00641607
-0.00550992
-0.00462149
-0.00375128
-0.00289749
-0.00206711
-0.00122509
-0.000546502
-0.203389
-0.20344
-0.203472
-0.203503
-0.203532
-0.203558
-0.203581
-0.203601
-0.203615
-0.203623
-0.203624
-0.203617
-0.203601
-0.203576
-0.20354
-0.203493
-0.203435
-0.203365
-0.203283
-0.203189
-0.203081
-0.202961
-0.202827
-0.20268
-0.202519
-0.202344
-0.202154
-0.201951
-0.201732
-0.2015
-0.201252
-0.20099
-0.200713
-0.20042
-0.200113
-0.19979
-0.199452
-0.199099
-0.19873
-0.198345
-0.197945
-0.197529
-0.197097
-0.19665
-0.196186
-0.195705
-0.195209
-0.194695
-0.194165
-0.193618
-0.193052
-0.192469
-0.191866
-0.191244
-0.190601
-0.189937
-0.189251
-0.18854
-0.187805
-0.187043
-0.186253
-0.185434
-0.184582
-0.183697
-0.182774
-0.181811
-0.180801
-0.179738
-0.178612
-0.177408
-0.176109
-0.174693
-0.173129
-0.17138
-0.169404
-0.167149
-0.164559
-0.161573
-0.15813
-0.154172
-0.149645
-0.144508
-0.138736
-0.132324
-0.125286
-0.117658
-0.109508
-0.100924
-0.0920163
-0.0829153
-0.0737647
-0.0647195
-0.0559365
-0.0475677
-0.039758
-0.032634
-0.0263009
-0.02084
-0.0163055
-0.0127235
-0.0100921
-0.00838341
-0.00754693
-0.00751395
-0.00820199
-0.00951942
-0.0113698
-0.013656
-0.0162832
-0.019162
-0.0222102
-0.0253541
-0.028529
-0.0316798
-0.0347606
-0.0377339
-0.040571
-0.0432515
-0.0457579
-0.048079
-0.0502101
-0.0521503
-0.0539003
-0.055463
-0.0568436
-0.0580488
-0.0590859
-0.059963
-0.0606886
-0.0612712
-0.0617193
-0.0620412
-0.0622451
-0.0623388
-0.0623296
-0.0622245
-0.0620303
-0.061753
-0.0613986
-0.0609725
-0.0604797
-0.0599249
-0.0593125
-0.0586466
-0.0579309
-0.0571691
-0.0563642
-0.0555195
-0.0546378
-0.0537218
-0.052774
-0.0517967
-0.0507923
-0.0497628
-0.0487103
-0.0476368
-0.0465441
-0.0454339
-0.0443081
-0.0431684
-0.0420163
-0.0408534
-0.0396813
-0.0385015
-0.0373155
-0.0361248
-0.0349307
-0.0337346
-0.0325378
-0.0313418
-0.0301477
-0.0289569
-0.0277704
-0.0265895
-0.0254153
-0.0242489
-0.0230912
-0.0219433
-0.020806
-0.0196803
-0.0185668
-0.0174665
-0.0163799
-0.0153078
-0.0142507
-0.013209
-0.0121834
-0.0111742
-0.0101817
-0.00920622
-0.00824808
-0.00730744
-0.00638445
-0.00547926
-0.00459169
-0.0037226
-0.00286883
-0.00204222
-0.00119021
-0.000547808
-0.203368
-0.203428
-0.203457
-0.203486
-0.203514
-0.20354
-0.203563
-0.203584
-0.203599
-0.203608
-0.203609
-0.203603
-0.203587
-0.203562
-0.203527
-0.20348
-0.203423
-0.203353
-0.203271
-0.203177
-0.20307
-0.20295
-0.202817
-0.20267
-0.202509
-0.202334
-0.202145
-0.201941
-0.201723
-0.201491
-0.201244
-0.200981
-0.200704
-0.200412
-0.200105
-0.199782
-0.199444
-0.199091
-0.198722
-0.198337
-0.197937
-0.197521
-0.197089
-0.196641
-0.196177
-0.195696
-0.195199
-0.194686
-0.194155
-0.193607
-0.193041
-0.192457
-0.191854
-0.191231
-0.190588
-0.189923
-0.189236
-0.188524
-0.187788
-0.187025
-0.186234
-0.185412
-0.184558
-0.18367
-0.182745
-0.181778
-0.180766
-0.179702
-0.178576
-0.177376
-0.176086
-0.174684
-0.173141
-0.171422
-0.169482
-0.167271
-0.164731
-0.161798
-0.15841
-0.154504
-0.150026
-0.144931
-0.139199
-0.132813
-0.125793
-0.118179
-0.110037
-0.101455
-0.092546
-0.0834409
-0.0742841
-0.0652327
-0.0564449
-0.048071
-0.0402579
-0.033132
-0.0267995
-0.0213415
-0.0168121
-0.0132365
-0.010612
-0.00890993
-0.00807896
-0.00804956
-0.00873856
-0.0100538
-0.0118984
-0.0141752
-0.0167894
-0.0196518
-0.0226804
-0.025802
-0.0289525
-0.0320772
-0.0351308
-0.0380766
-0.0408862
-0.0435386
-0.0460176
-0.0483133
-0.05042
-0.0523363
-0.054064
-0.0556062
-0.0569679
-0.0581556
-0.0591769
-0.0600397
-0.0607524
-0.0613234
-0.0617612
-0.062074
-0.0622698
-0.0623563
-0.0623408
-0.0622302
-0.0620311
-0.0617497
-0.0613916
-0.0609623
-0.0604667
-0.0599095
-0.059295
-0.0586273
-0.05791
-0.0571467
-0.0563407
-0.0554949
-0.0546122
-0.0536953
-0.0527466
-0.0517686
-0.0507634
-0.0497332
-0.0486801
-0.0476059
-0.0465126
-0.0454019
-0.0442755
-0.0431351
-0.0419824
-0.040819
-0.0396464
-0.0384661
-0.0372795
-0.0360883
-0.0348937
-0.0336971
-0.0324999
-0.0313035
-0.0301091
-0.0289179
-0.0277312
-0.0265501
-0.0253757
-0.0242091
-0.0230514
-0.0219034
-0.0207662
-0.0196406
-0.0185273
-0.0174272
-0.016341
-0.0152692
-0.0142125
-0.0131713
-0.0121462
-0.0111375
-0.0101456
-0.00917078
-0.00821331
-0.00727338
-0.00635111
-0.0054467
-0.00455982
-0.00369189
-0.00283781
-0.0020168
-0.00115278
-0.000569805
-0.203347
-0.203419
-0.203446
-0.203474
-0.203501
-0.203527
-0.203551
-0.203572
-0.203588
-0.203598
-0.2036
-0.203595
-0.20358
-0.203555
-0.20352
-0.203474
-0.203417
-0.203348
-0.203267
-0.203173
-0.203066
-0.202946
-0.202813
-0.202666
-0.202506
-0.202331
-0.202142
-0.201939
-0.201721
-0.201489
-0.201241
-0.200979
-0.200702
-0.20041
-0.200103
-0.19978
-0.199442
-0.199089
-0.19872
-0.198335
-0.197934
-0.197518
-0.197086
-0.196638
-0.196173
-0.195693
-0.195195
-0.194681
-0.19415
-0.193601
-0.193035
-0.19245
-0.191847
-0.191224
-0.19058
-0.189915
-0.189227
-0.188515
-0.187778
-0.187014
-0.186221
-0.185397
-0.184542
-0.183651
-0.182723
-0.181754
-0.180741
-0.179678
-0.178557
-0.177368
-0.176094
-0.174717
-0.173207
-0.171529
-0.16964
-0.167486
-0.165006
-0.162135
-0.158806
-0.154953
-0.150522
-0.145469
-0.139762
-0.133399
-0.126396
-0.118794
-0.110659
-0.102082
-0.093176
-0.0840744
-0.0749215
-0.0658766
-0.0570968
-0.0487354
-0.0409382
-0.0338322
-0.0275229
-0.0220907
-0.0175886
-0.0140402
-0.0114414
-0.00976208
-0.00894962
-0.00893338
-0.00962932
-0.0109447
-0.0127826
-0.0150457
-0.0176397
-0.0204759
-0.0234731
-0.0265589
-0.0296701
-0.032753
-0.0357632
-0.0386648
-0.0414301
-0.0440385
-0.0464748
-0.0487293
-0.0507976
-0.0526769
-0.0543697
-0.0558794
-0.057211
-0.0583712
-0.0593673
-0.0602072
-0.0608992
-0.0614516
-0.0618727
-0.0621707
-0.0623533
-0.0624281
-0.0624023
-0.0622826
-0.0620756
-0.0617872
-0.0614231
-0.0609885
-0.0604882
-0.059927
-0.059309
-0.0586382
-0.0579182
-0.0571526
-0.0563444
-0.0554967
-0.0546123
-0.0536939
-0.0527438
-0.0517644
-0.050758
-0.0497266
-0.0486723
-0.047597
-0.0465025
-0.0453906
-0.0442631
-0.0431216
-0.0419677
-0.0408031
-0.0396292
-0.0384477
-0.0372599
-0.0360674
-0.0348716
-0.0336738
-0.0324754
-0.0312778
-0.0300822
-0.0288899
-0.027702
-0.0265199
-0.0253445
-0.024177
-0.0230184
-0.0218697
-0.0207318
-0.0196055
-0.0184917
-0.0173912
-0.0163046
-0.0152325
-0.0141756
-0.0131344
-0.0121093
-0.0111007
-0.0101089
-0.00913437
-0.00817722
-0.00723768
-0.00631585
-0.00541201
-0.00452561
-0.00365891
-0.00280417
-0.00199097
-0.00111195
-0.000614248
-0.203329
-0.203416
-0.203441
-0.203469
-0.203496
-0.203522
-0.203548
-0.20357
-0.203587
-0.203597
-0.2036
-0.203595
-0.203581
-0.203557
-0.203522
-0.203477
-0.20342
-0.203351
-0.20327
-0.203177
-0.20307
-0.202951
-0.202818
-0.202671
-0.20251
-0.202336
-0.202147
-0.201944
-0.201726
-0.201494
-0.201247
-0.200984
-0.200707
-0.200415
-0.200108
-0.199785
-0.199447
-0.199093
-0.198724
-0.198339
-0.197939
-0.197522
-0.19709
-0.196641
-0.196176
-0.195695
-0.195197
-0.194683
-0.194151
-0.193602
-0.193035
-0.19245
-0.191846
-0.191223
-0.190579
-0.189914
-0.189226
-0.188514
-0.187776
-0.187011
-0.186217
-0.185393
-0.184535
-0.183643
-0.182713
-0.181744
-0.180733
-0.179674
-0.178562
-0.177388
-0.176137
-0.174791
-0.173321
-0.171691
-0.169857
-0.167761
-0.16534
-0.162525
-0.159247
-0.15544
-0.151045
-0.146021
-0.14034
-0.133997
-0.127011
-0.119422
-0.111301
-0.102738
-0.0938497
-0.0847684
-0.0756411
-0.0666267
-0.0578834
-0.0495649
-0.0418159
-0.0347633
-0.028511
-0.0231379
-0.0186945
-0.0152025
-0.0126554
-0.0110208
-0.0102445
-0.0102544
-0.0109654
-0.0122844
-0.0141143
-0.0163583
-0.0189228
-0.0217204
-0.024671
-0.0277037
-0.0307567
-0.0337778
-0.0367239
-0.0395604
-0.0422606
-0.0448046
-0.0471784
-0.0493728
-0.0513834
-0.0532096
-0.0548519
-0.0563141
-0.0576019
-0.0587218
-0.0596812
-0.0604877
-0.0611494
-0.0616746
-0.0620713
-0.0623473
-0.0625105
-0.0625681
-0.062527
-0.062394
-0.0621752
-0.0618765
-0.0615034
-0.0610609
-0.0605539
-0.0599867
-0.0593636
-0.0586883
-0.0579645
-0.0571954
-0.0563843
-0.055534
-0.0546473
-0.0537267
-0.0527746
-0.0517935
-0.0507854
-0.0497523
-0.0486964
-0.0476195
-0.0465234
-0.0454099
-0.0442807
-0.0431375
-0.0419818
-0.0408154
-0.0396396
-0.0384561
-0.0372664
-0.0360718
-0.0348739
-0.0336739
-0.0324734
-0.0312736
-0.0300758
-0.0288813
-0.0276912
-0.0265069
-0.0253295
-0.0241599
-0.0229993
-0.0218487
-0.020709
-0.019581
-0.0184656
-0.0173636
-0.0162757
-0.0152024
-0.0141444
-0.0131022
-0.0120763
-0.0110671
-0.0100748
-0.00909984
-0.00814242
-0.00720274
-0.00628087
-0.00537718
-0.00449087
-0.00362533
-0.0027694
-0.00196621
-0.00106752
-0.000685179
-0.203319
-0.203422
-0.203446
-0.203474
-0.203502
-0.203529
-0.203555
-0.203578
-0.203596
-0.203608
-0.203612
-0.203607
-0.203593
-0.203569
-0.203535
-0.20349
-0.203433
-0.203364
-0.203284
-0.20319
-0.203084
-0.202964
-0.202831
-0.202684
-0.202524
-0.202349
-0.20216
-0.201957
-0.201739
-0.201507
-0.20126
-0.200997
-0.20072
-0.200428
-0.20012
-0.199797
-0.199459
-0.199105
-0.198736
-0.198351
-0.19795
-0.197533
-0.1971
-0.196651
-0.196186
-0.195704
-0.195206
-0.194691
-0.194159
-0.193609
-0.193042
-0.192457
-0.191853
-0.191229
-0.190586
-0.189921
-0.189233
-0.188521
-0.187784
-0.187019
-0.186225
-0.1854
-0.184541
-0.183649
-0.182719
-0.181752
-0.180745
-0.179694
-0.178594
-0.177438
-0.176213
-0.174899
-0.173469
-0.171885
-0.170099
-0.168053
-0.165679
-0.162909
-0.159669
-0.155893
-0.151526
-0.146525
-0.140864
-0.134541
-0.127574
-0.120008
-0.111912
-0.10338
-0.0945287
-0.0854927
-0.0764202
-0.0674695
-0.0587998
-0.0505642
-0.042906
-0.0359502
-0.0297987
-0.0245271
-0.0201829
-0.0167841
-0.0143212
-0.0127589
-0.0120405
-0.0120923
-0.0128281
-0.0141544
-0.0159746
-0.0181927
-0.0207165
-0.0234602
-0.0263458
-0.0293045
-0.0322767
-0.035212
-0.0380694
-0.0408158
-0.0434262
-0.0458818
-0.0481696
-0.0502816
-0.0522137
-0.0539656
-0.0555386
-0.0569362
-0.0581641
-0.059229
-0.0601381
-0.0608989
-0.0615193
-0.0620071
-0.0623702
-0.0626164
-0.0627528
-0.0627867
-0.0627247
-0.0625733
-0.0623383
-0.0620255
-0.06164
-0.0611868
-0.0606705
-0.0600953
-0.0594653
-0.0587841
-0.0580551
-0.0572817
-0.0564667
-0.0556131
-0.0547235
-0.0538003
-0.052846
-0.0518627
-0.0508526
-0.0498177
-0.04876
-0.0476812
-0.0465833
-0.0454679
-0.0443367
-0.0431914
-0.0420335
-0.0408647
-0.0396866
-0.0385005
-0.037308
-0.0361106
-0.0349097
-0.0337067
-0.032503
-0.0312999
-0.0300987
-0.0289008
-0.0277074
-0.0265197
-0.0253387
-0.0241658
-0.0230018
-0.0218479
-0.020705
-0.0195739
-0.0184556
-0.0173507
-0.0162601
-0.0151843
-0.014124
-0.0130797
-0.0120518
-0.0110408
-0.0100471
-0.00907076
-0.00811219
-0.00717157
-0.00624892
-0.00534475
-0.00445789
-0.0035932
-0.00273518
-0.00194376
-0.00101897
-0.000784007
-0.203323
-0.203442
-0.203466
-0.203494
-0.203522
-0.20355
-0.203577
-0.203601
-0.203619
-0.203631
-0.203635
-0.203631
-0.203617
-0.203593
-0.203559
-0.203514
-0.203457
-0.203388
-0.203307
-0.203213
-0.203107
-0.202987
-0.202854
-0.202707
-0.202546
-0.202371
-0.202182
-0.201978
-0.20176
-0.201528
-0.20128
-0.201018
-0.20074
-0.200447
-0.200139
-0.199816
-0.199478
-0.199123
-0.198754
-0.198368
-0.197967
-0.19755
-0.197116
-0.196667
-0.196201
-0.195719
-0.195221
-0.194705
-0.194173
-0.193623
-0.193056
-0.19247
-0.191866
-0.191243
-0.1906
-0.189936
-0.189249
-0.188538
-0.187802
-0.187038
-0.186245
-0.18542
-0.184563
-0.183671
-0.182744
-0.181781
-0.180779
-0.179737
-0.178651
-0.177514
-0.176313
-0.175028
-0.173631
-0.172083
-0.170334
-0.168323
-0.165982
-0.163238
-0.160022
-0.156267
-0.151919
-0.146936
-0.141293
-0.134991
-0.128049
-0.120514
-0.112459
-0.103978
-0.0951894
-0.0862299
-0.0772483
-0.0684027
-0.0598519
-0.051748
-0.0442316
-0.0374249
-0.0314258
-0.0263057
-0.0221072
-0.0188438
-0.0165017
-0.0150419
-0.0144049
-0.0145149
-0.0152848
-0.0166211
-0.0184279
-0.0206107
-0.0230795
-0.0257511
-0.0285501
-0.0314107
-0.0342759
-0.0370983
-0.0398391
-0.0424678
-0.0449608
-0.0473011
-0.0494772
-0.0514819
-0.053312
-0.0549675
-0.0564506
-0.0577644
-0.0589148
-0.0599086
-0.0607527
-0.0614543
-0.0620209
-0.0624603
-0.06278
-0.0629872
-0.063089
-0.0630921
-0.0630029
-0.0628275
-0.0625714
-0.0622402
-0.0618387
-0.0613716
-0.0608433
-0.0602579
-0.059619
-0.0589302
-0.0581948
-0.0574159
-0.0565963
-0.0557387
-0.0548457
-0.0539196
-0.0529627
-0.0519772
-0.050965
-0.0499282
-0.0488686
-0.047788
-0.0466881
-0.0455707
-0.0444375
-0.0432899
-0.0421297
-0.0409583
-0.0397773
-0.0385882
-0.0373925
-0.0361916
-0.034987
-0.0337801
-0.0325723
-0.0313649
-0.0301593
-0.0289568
-0.0277586
-0.0265661
-0.0253803
-0.0242024
-0.0230336
-0.0218748
-0.020727
-0.0195912
-0.0184682
-0.0173589
-0.016264
-0.0151841
-0.0141199
-0.0130719
-0.0120407
-0.0110265
-0.0100299
-0.009051
-0.00809012
-0.00714747
-0.00622304
-0.00531747
-0.00442918
-0.00356468
-0.00270322
-0.00192448
-0.000965999
-0.000907957
-0.203347
-0.203482
-0.203503
-0.203531
-0.203559
-0.203588
-0.203615
-0.203639
-0.203657
-0.203669
-0.203673
-0.203668
-0.203653
-0.203629
-0.203594
-0.203548
-0.203491
-0.203421
-0.20334
-0.203246
-0.203138
-0.203018
-0.202884
-0.202737
-0.202576
-0.2024
-0.202211
-0.202007
-0.201788
-0.201555
-0.201307
-0.201044
-0.200766
-0.200473
-0.200165
-0.199841
-0.199502
-0.199147
-0.198777
-0.198391
-0.19799
-0.197572
-0.197138
-0.196688
-0.196222
-0.19574
-0.195241
-0.194725
-0.194192
-0.193643
-0.193075
-0.19249
-0.191887
-0.191265
-0.190623
-0.189959
-0.189274
-0.188565
-0.18783
-0.187068
-0.186277
-0.185455
-0.1846
-0.183711
-0.182788
-0.181829
-0.180835
-0.179802
-0.178729
-0.177608
-0.176425
-0.175162
-0.173788
-0.172262
-0.170534
-0.168541
-0.166216
-0.163485
-0.160279
-0.156534
-0.152195
-0.147223
-0.141596
-0.135317
-0.128407
-0.120916
-0.112919
-0.104513
-0.0958181
-0.0869716
-0.0781233
-0.0694309
-0.0610517
-0.0531356
-0.0458193
-0.0392203
-0.0334311
-0.0285171
-0.0245146
-0.0214312
-0.0192477
-0.0179208
-0.0173876
-0.0175705
-0.0183815
-0.0197276
-0.0215141
-0.0236491
-0.0260455
-0.0286234
-0.0313112
-0.0340466
-0.0367764
-0.0394565
-0.0420511
-0.0445322
-0.0468789
-0.049076
-0.0511134
-0.0529851
-0.0546889
-0.0562253
-0.0575971
-0.0588075
-0.0598623
-0.0607683
-0.061532
-0.0621604
-0.0626608
-0.0630404
-0.0633063
-0.0634653
-0.0635242
-0.0634891
-0.0633662
-0.0631609
-0.0628788
-0.0625247
-0.0621033
-0.061619
-0.0610758
-0.0604776
-0.0598278
-0.0591297
-0.0583865
-0.057601
-0.0567759
-0.0559137
-0.0550169
-0.0540876
-0.053128
-0.0521401
-0.0511259
-0.0500872
-0.0490259
-0.0479436
-0.046842
-0.0457228
-0.0445875
-0.0434378
-0.0422752
-0.0411012
-0.0399172
-0.0387249
-0.0375256
-0.0363209
-0.035112
-0.0339006
-0.0326879
-0.0314753
-0.0302643
-0.0290561
-0.027852
-0.0266533
-0.0254612
-0.0242769
-0.0231015
-0.0219361
-0.0207818
-0.0196395
-0.0185101
-0.0173944
-0.0162933
-0.0152075
-0.0141376
-0.0130842
-0.0120478
-0.0110289
-0.0100277
-0.00904473
-0.00808009
-0.00713405
-0.00620655
-0.00529838
-0.00440746
-0.00354209
-0.0026755
-0.00190917
-0.000909422
-0.00104998
-0.203399
-0.203546
-0.203563
-0.20359
-0.203616
-0.203644
-0.203671
-0.203693
-0.20371
-0.20372
-0.203723
-0.203716
-0.203701
-0.203675
-0.203639
-0.203592
-0.203534
-0.203463
-0.203381
-0.203285
-0.203177
-0.203056
-0.202922
-0.202773
-0.202611
-0.202435
-0.202245
-0.20204
-0.201821
-0.201587
-0.201339
-0.201075
-0.200797
-0.200503
-0.200194
-0.19987
-0.19953
-0.199175
-0.198805
-0.198418
-0.198016
-0.197598
-0.197164
-0.196714
-0.196247
-0.195765
-0.195265
-0.19475
-0.194217
-0.193667
-0.193101
-0.192516
-0.191914
-0.191293
-0.190652
-0.189991
-0.189307
-0.1886
-0.187868
-0.187109
-0.186321
-0.185502
-0.18465
-0.183765
-0.182846
-0.181892
-0.180904
-0.17988
-0.178816
-0.177706
-0.176535
-0.175283
-0.173919
-0.172401
-0.170678
-0.168687
-0.16636
-0.163626
-0.160416
-0.156667
-0.152327
-0.147361
-0.141749
-0.135495
-0.128626
-0.121194
-0.113276
-0.104972
-0.0964054
-0.0877137
-0.0790471
-0.0705621
-0.0624135
-0.0547472
-0.0476945
-0.0413662
-0.0358475
-0.0311959
-0.0274401
-0.0245805
-0.0225915
-0.0214249
-0.0210146
-0.0212809
-0.0221357
-0.0234869
-0.0252422
-0.027313
-0.0296161
-0.0320759
-0.0346254
-0.0372068
-0.0397712
-0.0422785
-0.0446966
-0.0470005
-0.0491719
-0.0511979
-0.05307
-0.0547837
-0.0563375
-0.0577327
-0.058973
-0.0600609
-0.0610025
-0.0618046
-0.0624733
-0.0630153
-0.0634372
-0.063746
-0.0639482
-0.0640502
-0.0640581
-0.0639778
-0.0638147
-0.0635741
-0.0632608
-0.0628795
-0.0624345
-0.0619296
-0.0613688
-0.0607554
-0.0600927
-0.0593837
-0.0586313
-0.0578382
-0.0570067
-0.0561393
-0.0552382
-0.0543054
-0.053343
-0.0523528
-0.0513366
-0.0502963
-0.0492334
-0.0481497
-0.0470467
-0.045926
-0.0447891
-0.0436375
-0.0424727
-0.0412962
-0.0401094
-0.0389139
-0.037711
-0.0365021
-0.0352888
-0.0340724
-0.0328543
-0.0316359
-0.0304186
-0.0292038
-0.0279927
-0.0267867
-0.0255869
-0.0243948
-0.0232113
-0.0220377
-0.0208751
-0.0197244
-0.0185867
-0.0174628
-0.0163536
-0.0152598
-0.0141822
-0.0131214
-0.012078
-0.0110523
-0.0100449
-0.009056
-0.00808591
-0.00713487
-0.00620279
-0.00529056
-0.00439557
-0.00352788
-0.00265419
-0.00189865
-0.000851733
-0.00119925
-0.203488
-0.203641
-0.20365
-0.203672
-0.203695
-0.20372
-0.203743
-0.203762
-0.203776
-0.203784
-0.203784
-0.203775
-0.203757
-0.20373
-0.203692
-0.203643
-0.203583
-0.203511
-0.203427
-0.20333
-0.203221
-0.203098
-0.202963
-0.202813
-0.20265
-0.202473
-0.202282
-0.202077
-0.201857
-0.201622
-0.201373
-0.201108
-0.200829
-0.200535
-0.200225
-0.199901
-0.199561
-0.199205
-0.198834
-0.198447
-0.198045
-0.197626
-0.197192
-0.196742
-0.196275
-0.195792
-0.195293
-0.194777
-0.194245
-0.193696
-0.19313
-0.192546
-0.191945
-0.191325
-0.190686
-0.190027
-0.189346
-0.188642
-0.187912
-0.187156
-0.186371
-0.185555
-0.184706
-0.183824
-0.18291
-0.181961
-0.180978
-0.179958
-0.178899
-0.177792
-0.176623
-0.175371
-0.174003
-0.172479
-0.170743
-0.168737
-0.166391
-0.163637
-0.160407
-0.156642
-0.152292
-0.147325
-0.141726
-0.135501
-0.128683
-0.121326
-0.113511
-0.105342
-0.0969434
-0.0884536
-0.0800229
-0.071805
-0.0639506
-0.0565999
-0.0498769
-0.0438833
-0.0386953
-0.0343607
-0.030899
-0.0283023
-0.0265383
-0.0255537
-0.0252789
-0.025633
-0.0265283
-0.0278747
-0.0295833
-0.0315696
-0.0337554
-0.0360705
-0.0384533
-0.0408513
-0.0432205
-0.0455253
-0.0477376
-0.0498361
-0.0518051
-0.0536342
-0.0553167
-0.0568495
-0.0582321
-0.059466
-0.0605564
-0.0615049
-0.0623181
-0.0630022
-0.0635629
-0.0640065
-0.0643394
-0.0645676
-0.0646974
-0.0647344
-0.0646843
-0.0645523
-0.0643434
-0.0640624
-0.0637136
-0.0633013
-0.0628291
-0.0623008
-0.0617198
-0.0610891
-0.0604117
-0.0596903
-0.0589275
-0.0581257
-0.0572872
-0.056414
-0.0555083
-0.0545719
-0.0536066
-0.0526141
-0.0515962
-0.0505545
-0.0494905
-0.0484058
-0.0473018
-0.04618
-0.0450418
-0.0438888
-0.0427222
-0.0415436
-0.0403543
-0.0391557
-0.0379493
-0.0367365
-0.0355186
-0.0342971
-0.0330733
-0.0318487
-0.0306246
-0.0294024
-0.0281835
-0.0269691
-0.0257607
-0.0245594
-0.0233665
-0.0221832
-0.0210106
-0.0198499
-0.018702
-0.017568
-0.0164487
-0.0153451
-0.0142578
-0.0131875
-0.012135
-0.0111006
-0.0100849
-0.00908826
-0.00811089
-0.0071531
-0.00621474
-0.00529682
-0.00439614
-0.00352436
-0.00264164
-0.00189393
-0.000797185
-0.00134228
-0.203623
-0.203773
-0.203768
-0.203779
-0.203795
-0.203812
-0.203829
-0.203843
-0.203852
-0.203856
-0.203852
-0.20384
-0.203819
-0.203788
-0.203748
-0.203697
-0.203634
-0.203561
-0.203475
-0.203376
-0.203266
-0.203142
-0.203005
-0.202854
-0.20269
-0.202512
-0.202319
-0.202113
-0.201892
-0.201656
-0.201406
-0.201141
-0.200861
-0.200566
-0.200256
-0.199931
-0.19959
-0.199234
-0.198863
-0.198476
-0.198073
-0.197654
-0.19722
-0.19677
-0.196303
-0.19582
-0.195321
-0.194806
-0.194274
-0.193726
-0.19316
-0.192578
-0.191978
-0.19136
-0.190722
-0.190065
-0.189386
-0.188683
-0.187956
-0.187202
-0.186419
-0.185606
-0.18476
-0.18388
-0.182967
-0.18202
-0.181037
-0.180017
-0.178956
-0.177844
-0.176667
-0.175402
-0.174016
-0.172467
-0.170702
-0.168661
-0.166279
-0.163487
-0.160222
-0.156427
-0.152058
-0.147084
-0.141497
-0.135307
-0.128551
-0.12129
-0.113607
-0.10561
-0.0974238
-0.0891886
-0.0810524
-0.0731651
-0.0656712
-0.058703
-0.0523747
-0.0467773
-0.0419756
-0.0380064
-0.0348788
-0.0325762
-0.031059
-0.0302691
-0.0301343
-0.0305729
-0.0314988
-0.0328247
-0.0344665
-0.0363447
-0.0383874
-0.0405303
-0.0427182
-0.0449044
-0.0470505
-0.0491257
-0.0511063
-0.0529745
-0.0547179
-0.0563283
-0.0578009
-0.059134
-0.0603282
-0.0613855
-0.0623095
-0.0631054
-0.0637783
-0.0643332
-0.0647756
-0.0651116
-0.0653469
-0.0654869
-0.0655373
-0.0655031
-0.0653894
-0.0652007
-0.0649416
-0.0646162
-0.0642284
-0.0637818
-0.0632799
-0.0627258
-0.0621226
-0.0614728
-0.0607793
-0.0600443
-0.0592702
-0.0584591
-0.057613
-0.0567337
-0.0558232
-0.0548831
-0.053915
-0.0529206
-0.0519012
-0.0508585
-0.0497938
-0.0487085
-0.047604
-0.0464817
-0.0453429
-0.0441889
-0.0430212
-0.0418409
-0.0406496
-0.0394484
-0.0382389
-0.0370223
-0.0358
-0.0345734
-0.0333439
-0.0321129
-0.0308817
-0.0296518
-0.0284244
-0.0272011
-0.025983
-0.0247716
-0.0235682
-0.0223739
-0.02119
-0.0200177
-0.018858
-0.0177121
-0.016581
-0.0154655
-0.0143666
-0.0132849
-0.0122213
-0.0111762
-0.0101503
-0.00914397
-0.00815745
-0.00719109
-0.00624471
-0.00531937
-0.00441132
-0.00353352
-0.00264014
-0.00189615
-0.000751377
-0.00146476
-0.203821
-0.203946
-0.203916
-0.203909
-0.203911
-0.203917
-0.203925
-0.203931
-0.203934
-0.203931
-0.203922
-0.203905
-0.203881
-0.203847
-0.203803
-0.203749
-0.203685
-0.203608
-0.20352
-0.20342
-0.203308
-0.203182
-0.203044
-0.202892
-0.202726
-0.202547
-0.202354
-0.202146
-0.201924
-0.201688
-0.201437
-0.201171
-0.20089
-0.200595
-0.200284
-0.199958
-0.199617
-0.199261
-0.198889
-0.198502
-0.198099
-0.19768
-0.197246
-0.196795
-0.196329
-0.195846
-0.195348
-0.194833
-0.194301
-0.193753
-0.193189
-0.192607
-0.192008
-0.19139
-0.190754
-0.190098
-0.18942
-0.188719
-0.187992
-0.187239
-0.186456
-0.185643
-0.184796
-0.183915
-0.183
-0.182049
-0.181062
-0.180034
-0.178961
-0.177834
-0.176635
-0.175342
-0.173921
-0.172329
-0.170516
-0.168422
-0.165984
-0.163137
-0.15982
-0.155983
-0.151584
-0.146599
-0.141025
-0.134879
-0.128203
-0.121062
-0.113544
-0.105761
-0.0978378
-0.089914
-0.0821343
-0.0746423
-0.0675745
-0.0610527
-0.0551792
-0.0500322
-0.0456637
-0.0420982
-0.039334
-0.0373452
-0.0360855
-0.0354927
-0.0354925
-0.0360039
-0.0369434
-0.0382281
-0.0397792
-0.0415239
-0.043397
-0.0453412
-0.0473082
-0.0492575
-0.0511565
-0.0529798
-0.0547078
-0.0563267
-0.0578268
-0.0592023
-0.0604504
-0.0615706
-0.0625642
-0.063434
-0.0641822
-0.0648167
-0.0653409
-0.065759
-0.0660765
-0.0662988
-0.066431
-0.0664779
-0.0664444
-0.066335
-0.066154
-0.0659054
-0.0655931
-0.0652207
-0.0647916
-0.0643088
-0.0637754
-0.063194
-0.0625672
-0.0618974
-0.0611868
-0.0604375
-0.0596516
-0.0588308
-0.0579768
-0.0570914
-0.0561762
-0.0552325
-0.0542619
-0.0532658
-0.0522454
-0.0512021
-0.0501373
-0.0490521
-0.0479478
-0.0468256
-0.0456868
-0.0445326
-0.0433643
-0.0421831
-0.0409903
-0.0397872
-0.038575
-0.0373551
-0.0361288
-0.0348974
-0.0336624
-0.032425
-0.0311868
-0.0299489
-0.0287129
-0.0274801
-0.026252
-0.0250297
-0.0238149
-0.0226086
-0.0214123
-0.0202271
-0.0190544
-0.0178951
-0.0167505
-0.0156216
-0.0145092
-0.0134144
-0.0123378
-0.0112802
-0.0102422
-0.00922429
-0.00822682
-0.00725013
-0.00629401
-0.00535958
-0.00444256
-0.00355684
-0.00265172
-0.0019065
-0.000720437
-0.00155349
-0.204103
-0.204165
-0.204093
-0.204057
-0.204037
-0.204027
-0.204022
-0.204018
-0.204012
-0.204003
-0.203988
-0.203966
-0.203937
-0.203899
-0.203853
-0.203796
-0.203728
-0.20365
-0.20356
-0.203458
-0.203343
-0.203216
-0.203076
-0.202923
-0.202756
-0.202576
-0.202381
-0.202173
-0.20195
-0.201713
-0.201461
-0.201195
-0.200913
-0.200617
-0.200306
-0.19998
-0.199639
-0.199282
-0.19891
-0.198522
-0.198119
-0.1977
-0.197266
-0.196815
-0.196349
-0.195867
-0.195368
-0.194853
-0.194322
-0.193774
-0.19321
-0.192628
-0.192029
-0.191412
-0.190775
-0.190118
-0.189439
-0.188736
-0.188008
-0.187252
-0.186466
-0.185648
-0.184796
-0.183909
-0.182985
-0.182023
-0.181021
-0.179976
-0.178879
-0.177722
-0.176486
-0.175148
-0.173673
-0.17202
-0.170138
-0.16797
-0.165456
-0.162535
-0.159151
-0.155258
-0.150822
-0.145826
-0.14027
-0.134181
-0.127606
-0.120616
-0.113304
-0.105782
-0.098176
-0.090623
-0.0832618
-0.0762281
-0.0696473
-0.0636288
-0.0582608
-0.0536073
-0.0497062
-0.0465692
-0.0441836
-0.0425148
-0.0415107
-0.0411056
-0.0412249
-0.0417895
-0.0427197
-0.0439382
-0.0453729
-0.0469584
-0.0486369
-0.0503589
-0.052083
-0.0537756
-0.0554098
-0.0569652
-0.0584269
-0.0597843
-0.0610307
-0.0621625
-0.0631784
-0.064079
-0.0648662
-0.0655433
-0.0661132
-0.0665823
-0.0669542
-0.0672328
-0.067423
-0.0675294
-0.0675565
-0.0675086
-0.0673896
-0.0672034
-0.0669538
-0.0666441
-0.0662776
-0.0658572
-0.0653859
-0.0648661
-0.0643005
-0.0636912
-0.0630404
-0.0623502
-0.0616224
-0.0608587
-0.0600608
-0.0592303
-0.0583687
-0.0574773
-0.0565576
-0.0556108
-0.0546381
-0.0536408
-0.05262
-0.0515768
-0.0505125
-0.049428
-0.0483246
-0.0472034
-0.0460654
-0.0449118
-0.0437438
-0.0425624
-0.0413689
-0.0401645
-0.0389504
-0.0377279
-0.0364981
-0.0352625
-0.0340224
-0.032779
-0.0315339
-0.0302882
-0.0290436
-0.0278013
-0.0265627
-0.0253293
-0.0241025
-0.0228837
-0.0216741
-0.0204753
-0.0192883
-0.0181146
-0.0169552
-0.0158114
-0.0146842
-0.0135746
-0.0124835
-0.0114117
-0.01036
-0.00932888
-0.00831882
-0.0073302
-0.0063628
-0.00541776
-0.0044904
-0.00359503
-0.00267782
-0.001926
-0.000710028
-0.00159822
-0.204498
-0.204428
-0.204289
-0.204209
-0.204161
-0.204131
-0.204111
-0.204095
-0.20408
-0.204063
-0.204041
-0.204015
-0.203981
-0.20394
-0.20389
-0.203831
-0.203761
-0.20368
-0.203588
-0.203484
-0.203368
-0.20324
-0.203099
-0.202944
-0.202777
-0.202595
-0.2024
-0.202191
-0.201967
-0.201729
-0.201477
-0.20121
-0.200928
-0.200632
-0.20032
-0.199993
-0.199652
-0.199295
-0.198922
-0.198534
-0.198131
-0.197712
-0.197277
-0.196826
-0.19636
-0.195877
-0.195378
-0.194862
-0.19433
-0.193782
-0.193216
-0.192633
-0.192032
-0.191412
-0.190772
-0.190112
-0.189429
-0.188721
-0.187986
-0.187223
-0.186428
-0.185599
-0.184734
-0.183832
-0.18289
-0.181907
-0.180878
-0.179801
-0.178666
-0.177462
-0.17617
-0.174766
-0.173217
-0.17148
-0.169507
-0.167244
-0.164634
-0.161621
-0.158156
-0.154199
-0.149722
-0.144716
-0.139191
-0.133179
-0.126734
-0.119932
-0.11287
-0.105661
-0.098429
-0.0913057
-0.0844223
-0.0779036
-0.0718622
-0.0663926
-0.0615676
-0.0574359
-0.0540207
-0.051321
-0.0493137
-0.0479567
-0.047193
-0.0469553
-0.04717
-0.0477613
-0.0486549
-0.0497802
-0.0510727
-0.0524751
-0.0539377
-0.055419
-0.0568847
-0.0583076
-0.0596668
-0.0609468
-0.0621365
-0.0632287
-0.0642194
-0.0651066
-0.0658905
-0.0665724
-0.0671548
-0.0676412
-0.0680347
-0.0683405
-0.0685623
-0.0687036
-0.0687685
-0.0687609
-0.0686847
-0.0685434
-0.0683403
-0.0680787
-0.0677616
-0.0673917
-0.0669718
-0.0665042
-0.0659913
-0.0654352
-0.0648379
-0.0642012
-0.0635269
-0.0628167
-0.062072
-0.0612943
-0.0604849
-0.0596452
-0.0587764
-0.0578796
-0.0569559
-0.0560065
-0.0550323
-0.0540345
-0.0530139
-0.0519716
-0.0509085
-0.0498257
-0.048724
-0.0476046
-0.0464683
-0.0453162
-0.0441492
-0.0429686
-0.0417754
-0.0405706
-0.0393554
-0.038131
-0.0368986
-0.0356595
-0.0344149
-0.0331662
-0.0319146
-0.0306617
-0.0294087
-0.028157
-0.0269082
-0.0256637
-0.0244248
-0.0231931
-0.0219699
-0.0207568
-0.019555
-0.018366
-0.017191
-0.0160313
-0.0148881
-0.0137626
-0.0126557
-0.0115684
-0.0105016
-0.00945587
-0.00843184
-0.00742995
-0.00644998
-0.00549305
-0.00455432
-0.0036479
-0.00271906
-0.00195527
-0.000724432
-0.00159272
-0.205057
-0.204728
-0.204488
-0.204349
-0.204266
-0.204213
-0.204177
-0.204149
-0.204126
-0.204102
-0.204075
-0.204045
-0.204008
-0.203963
-0.203911
-0.203849
-0.203778
-0.203695
-0.203602
-0.203497
-0.20338
-0.203251
-0.203109
-0.202953
-0.202785
-0.202603
-0.202407
-0.202197
-0.201973
-0.201735
-0.201482
-0.201214
-0.200932
-0.200635
-0.200323
-0.199996
-0.199654
-0.199296
-0.198923
-0.198535
-0.198131
-0.197711
-0.197275
-0.196823
-0.196355
-0.195871
-0.19537
-0.194852
-0.194318
-0.193766
-0.193197
-0.19261
-0.192004
-0.191378
-0.190732
-0.190063
-0.18937
-0.188651
-0.187903
-0.187125
-0.186312
-0.185464
-0.184576
-0.183647
-0.182674
-0.181655
-0.180584
-0.179458
-0.178265
-0.176994
-0.175625
-0.174133
-0.172486
-0.170642
-0.168555
-0.166175
-0.16345
-0.160331
-0.156775
-0.152749
-0.148234
-0.143229
-0.137753
-0.131846
-0.125567
-0.118997
-0.112234
-0.105392
-0.0985889
-0.0919504
-0.0855968
-0.0796401
-0.0741775
-0.0692877
-0.0650268
-0.0614276
-0.0584993
-0.0562289
-0.0545839
-0.0535163
-0.0529659
-0.0528655
-0.0531443
-0.0537313
-0.0545589
-0.0555641
-0.0566911
-0.0578907
-0.059122
-0.0603508
-0.0615502
-0.0626992
-0.0637821
-0.064788
-0.0657093
-0.0665416
-0.067283
-0.0679332
-0.0684931
-0.0689649
-0.069351
-0.0696552
-0.0698803
-0.0700308
-0.0701098
-0.0701207
-0.0700665
-0.0699508
-0.0697766
-0.0695467
-0.0692639
-0.0689307
-0.0685495
-0.0681226
-0.067652
-0.0671396
-0.0665873
-0.0659966
-0.0653693
-0.0647067
-0.0640102
-0.0632811
-0.0625206
-0.0617299
-0.0609099
-0.0600618
-0.0591866
-0.0582851
-0.0573582
-0.0564069
-0.0554321
-0.0544344
-0.0534148
-0.0523741
-0.0513132
-0.0502328
-0.0491337
-0.0480169
-0.0468832
-0.0457335
-0.0445687
-0.0433898
-0.0421977
-0.0409935
-0.0397782
-0.0385529
-0.0373188
-0.0360771
-0.034829
-0.0335757
-0.0323185
-0.0310589
-0.0297982
-0.0285378
-0.0272792
-0.0260238
-0.0247731
-0.0235286
-0.0222919
-0.0210644
-0.0198475
-0.0186428
-0.0174517
-0.0162756
-0.0151157
-0.0139734
-0.0128499
-0.0117462
-0.0106632
-0.00960193
-0.0085629
-0.0075467
-0.0065532
-0.00558346
-0.00463269
-0.00371428
-0.00277499
-0.00199427
-0.000765925
-0.00153509
-0.205849
-0.205042
-0.204663
-0.204449
-0.204329
-0.204255
-0.204206
-0.20417
-0.20414
-0.204112
-0.204082
-0.204049
-0.20401
-0.203964
-0.203911
-0.203848
-0.203775
-0.203693
-0.203599
-0.203493
-0.203376
-0.203246
-0.203104
-0.202948
-0.202779
-0.202597
-0.202401
-0.202191
-0.201966
-0.201728
-0.201474
-0.201206
-0.200924
-0.200626
-0.200313
-0.199985
-0.199642
-0.199284
-0.198909
-0.198519
-0.198114
-0.197692
-0.197254
-0.196799
-0.196328
-0.19584
-0.195335
-0.194813
-0.194273
-0.193715
-0.193138
-0.192543
-0.191927
-0.19129
-0.19063
-0.189946
-0.189236
-0.188498
-0.187728
-0.186924
-0.186083
-0.185202
-0.184277
-0.183307
-0.182286
-0.181213
-0.180081
-0.178884
-0.177612
-0.17625
-0.17478
-0.173176
-0.171406
-0.169431
-0.167209
-0.164694
-0.16184
-0.158605
-0.154953
-0.150861
-0.146319
-0.141336
-0.135937
-0.130169
-0.124098
-0.117808
-0.111397
-0.104973
-0.0986505
-0.0925441
-0.0867616
-0.0814
-0.0765401
-0.0722432
-0.068549
-0.0654749
-0.0630167
-0.0611508
-0.0598374
-0.0590241
-0.0586501
-0.0586499
-0.058957
-0.059507
-0.0602398
-0.0611011
-0.0620437
-0.0630274
-0.064019
-0.0649922
-0.0659263
-0.0668063
-0.067621
-0.0683633
-0.0690288
-0.0696153
-0.0701223
-0.0705508
-0.0709023
-0.0711791
-0.0713839
-0.0715202
-0.0715906
-0.0715985
-0.0715467
-0.0714381
-0.0712751
-0.0710604
-0.0707966
-0.0704858
-0.0701301
-0.0697315
-0.0692918
-0.0688127
-0.0682957
-0.0677424
-0.067154
-0.0665319
-0.0658772
-0.0651909
-0.0644743
-0.0637281
-0.0629534
-0.062151
-0.0613218
-0.0604664
-0.0595858
-0.0586805
-0.0577514
-0.0567991
-0.0558243
-0.0548276
-0.0538099
-0.0527716
-0.0517135
-0.0506363
-0.0495407
-0.0484274
-0.0472972
-0.0461508
-0.044989
-0.0438128
-0.0426229
-0.0414203
-0.0402059
-0.0389809
-0.0377461
-0.0365028
-0.0352522
-0.0339953
-0.0327336
-0.0314683
-0.0302007
-0.0289324
-0.0276647
-0.0263992
-0.0251373
-0.0238806
-0.0226307
-0.0213891
-0.0201574
-0.0189371
-0.0177299
-0.0165371
-0.0153604
-0.014201
-0.0130603
-0.0119396
-0.01084
-0.00976245
-0.00870777
-0.00767662
-0.00666899
-0.0056859
-0.00472285
-0.00379197
-0.00284401
-0.00204214
-0.000834452
-0.00142744
-0.206962
-0.205307
-0.20477
-0.204477
-0.204325
-0.204238
-0.204183
-0.204145
-0.204115
-0.204086
-0.204057
-0.204024
-0.203986
-0.203941
-0.203887
-0.203825
-0.203753
-0.203671
-0.203577
-0.203472
-0.203355
-0.203226
-0.203084
-0.202928
-0.202759
-0.202577
-0.202381
-0.20217
-0.201946
-0.201706
-0.201453
-0.201184
-0.2009
-0.200601
-0.200287
-0.199958
-0.199613
-0.199252
-0.198875
-0.198482
-0.198073
-0.197647
-0.197204
-0.196744
-0.196267
-0.195772
-0.19526
-0.194729
-0.194179
-0.193609
-0.19302
-0.192409
-0.191777
-0.191121
-0.19044
-0.189732
-0.188994
-0.188224
-0.18742
-0.186577
-0.185692
-0.184763
-0.183784
-0.182753
-0.181666
-0.180517
-0.179301
-0.17801
-0.176634
-0.175157
-0.17356
-0.171819
-0.169903
-0.167778
-0.165403
-0.16274
-0.159748
-0.156395
-0.152653
-0.148508
-0.14396
-0.139027
-0.133741
-0.128155
-0.12234
-0.116379
-0.110369
-0.104411
-0.0986126
-0.0930743
-0.08789
-0.0831402
-0.0788885
-0.0751791
-0.0720355
-0.0694607
-0.067439
-0.0659383
-0.0649134
-0.06431
-0.0640686
-0.0641274
-0.064426
-0.0649075
-0.0655204
-0.0662193
-0.0669658
-0.067728
-0.0684806
-0.0692039
-0.0698833
-0.0705083
-0.0710719
-0.07157
-0.0720004
-0.0723627
-0.0726574
-0.0728862
-0.0730509
-0.0731538
-0.0731974
-0.0731848
-0.0731182
-0.0730001
-0.072833
-0.0726191
-0.0723603
-0.0720586
-0.071716
-0.071334
-0.0709142
-0.070458
-0.0699669
-0.0694418
-0.0688841
-0.0682948
-0.0676747
-0.0670249
-0.0663462
-0.0656393
-0.0649051
-0.0641442
-0.0633572
-0.0625449
-0.0617078
-0.0608466
-0.0599617
-0.0590538
-0.0581233
-0.0571708
-0.0561969
-0.055202
-0.0541867
-0.0531515
-0.052097
-0.0510238
-0.0499323
-0.0488233
-0.0476974
-0.0465551
-0.0453973
-0.0442246
-0.0430378
-0.0418378
-0.0406254
-0.0394016
-0.0381672
-0.0369235
-0.0356714
-0.0344122
-0.033147
-0.0318771
-0.0306039
-0.0293287
-0.0280531
-0.0267784
-0.0255062
-0.0242382
-0.0229759
-0.0217209
-0.020475
-0.0192397
-0.0180167
-0.0168076
-0.0156142
-0.0144378
-0.01328
-0.0121423
-0.0110258
-0.00993183
-0.00886126
-0.00781493
-0.00679298
-0.00579639
-0.00482124
-0.00387787
-0.00292343
-0.00209713
-0.000927592
-0.00127524
-0.208676
-0.205405
-0.204682
-0.204413
-0.204237
-0.204145
-0.2041
-0.204072
-0.204047
-0.204023
-0.203999
-0.20397
-0.203935
-0.203893
-0.203842
-0.203782
-0.203712
-0.203631
-0.203539
-0.203436
-0.20332
-0.203191
-0.203049
-0.202894
-0.202726
-0.202543
-0.202347
-0.202136
-0.201911
-0.20167
-0.201415
-0.201145
-0.200859
-0.200558
-0.200241
-0.199908
-0.19956
-0.199194
-0.198813
-0.198414
-0.197998
-0.197565
-0.197115
-0.196646
-0.196158
-0.195652
-0.195126
-0.194581
-0.194014
-0.193426
-0.192816
-0.192182
-0.191523
-0.190838
-0.190124
-0.189379
-0.1886
-0.187785
-0.18693
-0.186032
-0.185086
-0.184088
-0.183035
-0.181922
-0.180744
-0.179497
-0.178173
-0.176763
-0.175258
-0.173641
-0.171895
-0.169995
-0.167915
-0.165623
-0.163086
-0.160269
-0.157141
-0.153678
-0.149862
-0.145689
-0.141167
-0.136321
-0.131191
-0.125835
-0.120324
-0.11474
-0.109175
-0.103723
-0.0984793
-0.0935305
-0.0889548
-0.0848154
-0.0811588
-0.0780127
-0.0753856
-0.0732682
-0.0716353
-0.0704487
-0.0696605
-0.0692168
-0.0690613
-0.069138
-0.0693937
-0.0697799
-0.070254
-0.0707796
-0.0713266
-0.071871
-0.0723943
-0.0728827
-0.0733265
-0.073719
-0.0740565
-0.0743368
-0.0745595
-0.0747252
-0.0748352
-0.0748911
-0.0748949
-0.0748487
-0.0747549
-0.074615
-0.0744319
-0.0742071
-0.0739422
-0.0736391
-0.0732993
-0.0729241
-0.0725149
-0.0720727
-0.0715988
-0.071094
-0.0705593
-0.0699955
-0.0694033
-0.0687836
-0.0681368
-0.0674637
-0.0667647
-0.0660405
-0.0652916
-0.0645184
-0.0637214
-0.0629011
-0.0620578
-0.061192
-0.0603041
-0.0593945
-0.0584636
-0.0575118
-0.0565394
-0.055547
-0.0545348
-0.0535033
-0.0524529
-0.0513841
-0.0502974
-0.0491932
-0.0480722
-0.0469347
-0.0457815
-0.0446131
-0.0434302
-0.0422337
-0.0410241
-0.0398025
-0.0385696
-0.0373265
-0.0360742
-0.0348137
-0.0335462
-0.032273
-0.0309953
-0.0297146
-0.0284322
-0.0271496
-0.0258684
-0.0245902
-0.0233166
-0.0220493
-0.0207901
-0.0195407
-0.0183028
-0.0170782
-0.0158687
-0.0146759
-0.0135015
-0.012347
-0.011214
-0.0101038
-0.00901757
-0.00795621
-0.00692013
-0.0059103
-0.00492356
-0.00396812
-0.00300956
-0.00215664
-0.00104072
-0.00108663
-0.211425
-0.205272
-0.204286
-0.204241
-0.204086
-0.203986
-0.203963
-0.203956
-0.203944
-0.203931
-0.203915
-0.203893
-0.203864
-0.203827
-0.20378
-0.203724
-0.203657
-0.203579
-0.203489
-0.203387
-0.203272
-0.203144
-0.203003
-0.202848
-0.20268
-0.202497
-0.202299
-0.202087
-0.20186
-0.201617
-0.201359
-0.201086
-0.200796
-0.200491
-0.200169
-0.19983
-0.199475
-0.199102
-0.198712
-0.198304
-0.197878
-0.197433
-0.196969
-0.196486
-0.195982
-0.195457
-0.194911
-0.194343
-0.193751
-0.193135
-0.192494
-0.191825
-0.191128
-0.1904
-0.189639
-0.188842
-0.188007
-0.187129
-0.186205
-0.185231
-0.184203
-0.183116
-0.181966
-0.180748
-0.179457
-0.178087
-0.17663
-0.175079
-0.173421
-0.171644
-0.169729
-0.167656
-0.1654
-0.162935
-0.160234
-0.15727
-0.15402
-0.150468
-0.146606
-0.142438
-0.137981
-0.133267
-0.128341
-0.123262
-0.118101
-0.112937
-0.107853
-0.102934
-0.0982606
-0.093906
-0.0899312
-0.0863824
-0.0832896
-0.0806653
-0.0785053
-0.0767902
-0.0754881
-0.0745571
-0.0739494
-0.0736138
-0.0734992
-0.0735565
-0.0737408
-0.0740123
-0.0743373
-0.0746877
-0.0750411
-0.0753805
-0.0756929
-0.0759695
-0.0762043
-0.0763935
-0.0765354
-0.0766295
-0.0766763
-0.0766767
-0.0766324
-0.0765448
-0.0764158
-0.076247
-0.0760402
-0.0757969
-0.0755188
-0.075207
-0.0748628
-0.0744874
-0.0740818
-0.073647
-0.0731838
-0.0726929
-0.072175
-0.0716308
-0.0710608
-0.0704656
-0.0698455
-0.069201
-0.0685326
-0.0678406
-0.0671254
-0.0663873
-0.0656267
-0.0648438
-0.0640389
-0.0632124
-0.0623646
-0.0614956
-0.0606058
-0.0596955
-0.058765
-0.0578144
-0.0568442
-0.0558546
-0.0548459
-0.0538185
-0.0527726
-0.0517086
-0.0506269
-0.049528
-0.0484121
-0.0472799
-0.0461317
-0.0449681
-0.0437898
-0.0425973
-0.0413914
-0.0401728
-0.0389423
-0.0377007
-0.0364491
-0.0351885
-0.0339199
-0.0326446
-0.0313638
-0.0300787
-0.0287909
-0.0275018
-0.0262129
-0.0249259
-0.0236424
-0.0223642
-0.021093
-0.0198307
-0.0185791
-0.0173401
-0.0161155
-0.0149072
-0.013717
-0.0125467
-0.0113978
-0.010272
-0.00917064
-0.00809479
-0.00704513
-0.00602264
-0.00502515
-0.00405839
-0.00309797
-0.00221746
-0.00116734
-0.000871817
)
;

boundaryField
{
    inlet
    {
        type            zeroGradient;
    }
    outlet
    {
        type            fixedValue;
        value           uniform 0;
    }
    walls
    {
        type            zeroGradient;
    }
    frontAndBack
    {
        type            empty;
    }
}


// ************************************************************************* //
