/*--------------------------------*- C++ -*----------------------------------*\
  =========                 |
  \\      /  F ield         | OpenFOAM: The Open Source CFD Toolbox
   \\    /   O peration     | Website:  https://openfoam.org
    \\  /    A nd           | Version:  11
     \\/     M anipulation  |
\*---------------------------------------------------------------------------*/
FoamFile
{
    format      ascii;
    class       volScalarField;
    location    "19";
    object      p;
}
// * * * * * * * * * * * * * * * * * * * * * * * * * * * * * * * * * * * * * //

dimensions      [0 2 -2 0 0 0 0];

internalField   nonuniform List<scalar> 
8400
(
-0.0951519
-0.101383
-0.108061
-0.114132
-0.120066
-0.126099
-0.132233
-0.138438
-0.144718
-0.15109
-0.157574
-0.16419
-0.170965
-0.177934
-0.185142
-0.192654
-0.200563
-0.209029
-0.218383
-0.230223
-0.0948104
-0.101403
-0.108222
-0.114187
-0.120061
-0.126109
-0.132259
-0.138467
-0.144749
-0.151127
-0.157618
-0.164242
-0.171026
-0.178006
-0.185229
-0.192757
-0.200678
-0.209122
-0.218088
-0.227065
-0.0944965
-0.101381
-0.108354
-0.114229
-0.120029
-0.126082
-0.132248
-0.138455
-0.14473
-0.151101
-0.157586
-0.164202
-0.170974
-0.177935
-0.185128
-0.192604
-0.200417
-0.208586
-0.216822
-0.224003
-0.0942127
-0.10128
-0.108432
-0.114266
-0.119976
-0.126012
-0.132189
-0.138391
-0.144647
-0.150998
-0.15746
-0.164047
-0.170778
-0.177684
-0.184796
-0.192142
-0.199726
-0.207456
-0.214884
-0.220877
-0.0939388
-0.10111
-0.108436
-0.114272
-0.119896
-0.125896
-0.132074
-0.138264
-0.144491
-0.150806
-0.157226
-0.16376
-0.170421
-0.177231
-0.184208
-0.191354
-0.198623
-0.205848
-0.212532
-0.21768
-0.0936669
-0.100897
-0.108364
-0.114226
-0.119778
-0.125731
-0.131897
-0.138067
-0.144254
-0.150517
-0.156875
-0.163331
-0.169891
-0.176567
-0.183363
-0.190254
-0.197159
-0.20387
-0.209913
-0.214476
-0.0933938
-0.100658
-0.108229
-0.114121
-0.119618
-0.125519
-0.13166
-0.137801
-0.143937
-0.150132
-0.156411
-0.162766
-0.169198
-0.175709
-0.182287
-0.18889
-0.195413
-0.201638
-0.207147
-0.21131
-0.0931204
-0.100404
-0.108043
-0.113961
-0.119415
-0.125264
-0.131371
-0.137473
-0.143548
-0.149665
-0.155847
-0.162085
-0.168368
-0.17469
-0.181029
-0.187329
-0.193476
-0.199262
-0.204336
-0.208225
-0.0928513
-0.100145
-0.107824
-0.113755
-0.119174
-0.124976
-0.131041
-0.137095
-0.143104
-0.149134
-0.15521
-0.161316
-0.167437
-0.173558
-0.179649
-0.185648
-0.191442
-0.196843
-0.201568
-0.205269
-0.0925943
-0.0998931
-0.107586
-0.113516
-0.118906
-0.124665
-0.130687
-0.136687
-0.142624
-0.148563
-0.154527
-0.160497
-0.166451
-0.172368
-0.178216
-0.183929
-0.189402
-0.194475
-0.198924
-0.202497
-0.0923588
-0.0996577
-0.107342
-0.113255
-0.118621
-0.124347
-0.130324
-0.136267
-0.142131
-0.147979
-0.153832
-0.159666
-0.165456
-0.171178
-0.176796
-0.182248
-0.18744
-0.192239
-0.196473
-0.199961
-0.0921558
-0.0994501
-0.107104
-0.112986
-0.118333
-0.124036
-0.129971
-0.135855
-0.141649
-0.147412
-0.153159
-0.158864
-0.1645
-0.170042
-0.175452
-0.180675
-0.185628
-0.190205
-0.194274
-0.197708
-0.0919962
-0.09928
-0.10688
-0.112719
-0.118057
-0.123748
-0.129644
-0.135472
-0.141201
-0.146888
-0.152539
-0.158128
-0.163627
-0.169009
-0.174241
-0.17927
-0.184028
-0.188429
-0.192376
-0.195779
-0.0918908
-0.099155
-0.106674
-0.112463
-0.117807
-0.123497
-0.129357
-0.135134
-0.140808
-0.146429
-0.151999
-0.157488
-0.162871
-0.168121
-0.173205
-0.178078
-0.182683
-0.186953
-0.190814
-0.194201
-0.0918491
-0.0990786
-0.106486
-0.112224
-0.117595
-0.123295
-0.129122
-0.134854
-0.140485
-0.146055
-0.151559
-0.156968
-0.162259
-0.167405
-0.172376
-0.177131
-0.181623
-0.185798
-0.189602
-0.192988
-0.0918795
-0.0990486
-0.106308
-0.112011
-0.117432
-0.123148
-0.128945
-0.134641
-0.140241
-0.145775
-0.15123
-0.156581
-0.161805
-0.166876
-0.171766
-0.176439
-0.180855
-0.18497
-0.188741
-0.192132
-0.0919873
-0.0990509
-0.106136
-0.11183
-0.117325
-0.123058
-0.128826
-0.134497
-0.14008
-0.14559
-0.151014
-0.156328
-0.161508
-0.166533
-0.171373
-0.175996
-0.180367
-0.184448
-0.188205
-0.191607
-0.0921747
-0.099056
-0.105962
-0.111697
-0.117278
-0.123018
-0.12876
-0.134418
-0.139994
-0.145493
-0.1509
-0.156194
-0.161353
-0.166354
-0.17117
-0.17577
-0.180121
-0.18419
-0.187946
-0.191361
-0.0924481
-0.0990392
-0.105796
-0.111623
-0.117281
-0.123015
-0.128739
-0.134393
-0.139972
-0.145469
-0.150872
-0.156162
-0.161317
-0.166314
-0.171126
-0.175724
-0.180076
-0.18415
-0.187915
-0.191345
-0.0927867
-0.0990184
-0.105643
-0.111592
-0.117311
-0.123037
-0.128752
-0.134412
-0.139998
-0.145502
-0.150911
-0.156209
-0.161373
-0.166381
-0.171206
-0.175819
-0.180188
-0.18428
-0.188065
-0.191516
-0.230262
-0.218952
-0.215608
-0.21538
-0.214952
-0.214564
-0.214401
-0.214291
-0.214144
-0.213958
-0.213733
-0.213463
-0.213142
-0.212766
-0.212334
-0.211845
-0.211295
-0.210683
-0.210007
-0.209267
-0.208461
-0.207587
-0.206644
-0.205631
-0.204546
-0.203388
-0.202156
-0.200848
-0.199462
-0.197996
-0.196449
-0.194819
-0.193104
-0.191301
-0.189409
-0.187423
-0.185343
-0.183165
-0.180886
-0.178502
-0.176012
-0.173411
-0.170697
-0.167867
-0.164917
-0.161844
-0.158648
-0.155326
-0.151876
-0.148299
-0.144596
-0.140768
-0.13682
-0.132755
-0.128581
-0.124306
-0.119941
-0.1155
-0.110995
-0.106445
-0.101867
-0.0972815
-0.0927089
-0.0881709
-0.0836893
-0.0792857
-0.0749807
-0.0707939
-0.0667428
-0.0628429
-0.0591069
-0.0555449
-0.052164
-0.0489681
-0.0459585
-0.0431335
-0.0404889
-0.0380183
-0.0357135
-0.0335648
-0.0315613
-0.0296915
-0.0279435
-0.0263054
-0.0247653
-0.0233122
-0.0219351
-0.0206243
-0.0193707
-0.018166
-0.017003
-0.0158753
-0.0147775
-0.0137049
-0.0126536
-0.0116205
-0.0106032
-0.00959959
-0.00860847
-0.00762915
-0.00666084
-0.00570358
-0.00475742
-0.00382273
-0.00290011
-0.0019903
-0.00109415
-0.000212609
0.000653323
0.00150262
0.00233425
0.00314719
0.00394045
0.00471308
0.00546419
0.00619295
0.00689861
0.00758051
0.00823805
0.00887073
0.00947814
0.0100599
0.0106159
0.0111458
0.0116497
0.0121274
0.0125791
0.0130048
0.0134048
0.0137793
0.0141285
0.0144528
0.0147526
0.0150283
0.0152802
0.0155089
0.0157148
0.0158983
0.01606
0.0162004
0.01632
0.0164192
0.0164987
0.0165588
0.0166
0.016623
0.0166281
0.0166158
0.0165865
0.0165408
0.0164791
0.0164018
0.0163092
0.0162019
0.0160802
0.0159444
0.0157951
0.0156324
0.0154568
0.0152685
0.015068
0.0148555
0.0146313
0.0143958
0.0141491
0.0138917
0.0136237
0.0133454
0.013057
0.0127589
0.0124512
0.0121341
0.0118079
0.0114729
0.0111291
0.0107769
0.0104164
0.0100478
0.00967124
0.00928698
0.00889518
0.008496
0.00808961
0.0076762
0.00725591
0.00682891
0.00639538
0.00595548
0.00550937
0.00505724
0.00459927
0.00413567
0.00366668
0.0031925
0.00271365
0.0022297
0.00174414
0.00124578
0.000777895
0.000154167
-0.227126
-0.218961
-0.215342
-0.215005
-0.214693
-0.214288
-0.214096
-0.213997
-0.213868
-0.213693
-0.213476
-0.213213
-0.212897
-0.212524
-0.212092
-0.2116
-0.211045
-0.210427
-0.209742
-0.208991
-0.208171
-0.207282
-0.206322
-0.205289
-0.204182
-0.202999
-0.20174
-0.200403
-0.198985
-0.197486
-0.195903
-0.194234
-0.192478
-0.190632
-0.188693
-0.18666
-0.184529
-0.182298
-0.179965
-0.177527
-0.17498
-0.172323
-0.169552
-0.166666
-0.163661
-0.160538
-0.157293
-0.153927
-0.15044
-0.146832
-0.143106
-0.139266
-0.135317
-0.131264
-0.127116
-0.122883
-0.118576
-0.114209
-0.109798
-0.105358
-0.100909
-0.0964684
-0.0920569
-0.0876945
-0.083401
-0.0791956
-0.0750965
-0.0711203
-0.0672814
-0.0635924
-0.0600628
-0.0566999
-0.0535078
-0.0504884
-0.0476404
-0.0449607
-0.0424438
-0.0400824
-0.0378679
-0.0357905
-0.0338398
-0.0320048
-0.0302746
-0.0286383
-0.0270856
-0.0256064
-0.0241915
-0.0228324
-0.0215216
-0.0202521
-0.019018
-0.0178141
-0.0166361
-0.0154803
-0.0143438
-0.0132241
-0.0121196
-0.0110289
-0.00995124
-0.00888644
-0.00783407
-0.00679439
-0.00576773
-0.00475471
-0.00375612
-0.00277285
-0.00180586
-0.000856184
7.51122e-05
0.000986957
0.00187829
0.00274806
0.00359529
0.00441903
0.00521841
0.00599262
0.00674097
0.0074628
0.00815759
0.00882489
0.00946434
0.0100757
0.0106587
0.0112134
0.0117397
0.0122376
0.0127074
0.0131493
0.0135635
0.0139503
0.0143101
0.0146434
0.0149506
0.0152322
0.0154887
0.0157207
0.0159287
0.0161133
0.0162751
0.0164147
0.0165326
0.0166295
0.0167059
0.0167624
0.0167996
0.016818
0.0168181
0.0168006
0.0167659
0.0167145
0.0166468
0.0165635
0.0164649
0.0163515
0.0162236
0.0160818
0.0159264
0.0157577
0.0155763
0.0153823
0.0151761
0.0149581
0.0147287
0.0144879
0.0142363
0.013974
0.0137014
0.0134186
0.013126
0.0128238
0.0125122
0.0121914
0.0118617
0.0115233
0.0111763
0.010821
0.0104576
0.0100862
0.0097071
0.00932038
0.00892624
0.00852485
0.00811637
0.00770096
0.00727878
0.00685
0.00641475
0.00597322
0.00552554
0.0050719
0.00461248
0.00414746
0.00367707
0.00320152
0.00272127
0.00223598
0.00174875
0.00124969
0.000777142
0.000166457
-0.22476
-0.219045
-0.215374
-0.214705
-0.214442
-0.214042
-0.213804
-0.213693
-0.213572
-0.213402
-0.213189
-0.212928
-0.212613
-0.212239
-0.211804
-0.211305
-0.210742
-0.210113
-0.209415
-0.208647
-0.207809
-0.206899
-0.205915
-0.204856
-0.203721
-0.202507
-0.201215
-0.199842
-0.198386
-0.196845
-0.195219
-0.193504
-0.191699
-0.189802
-0.18781
-0.185722
-0.183535
-0.181246
-0.178853
-0.176354
-0.173747
-0.17103
-0.1682
-0.165256
-0.162197
-0.159022
-0.155732
-0.152325
-0.148805
-0.145173
-0.141434
-0.137591
-0.133651
-0.129623
-0.125514
-0.121336
-0.117102
-0.112825
-0.108521
-0.104206
-0.0998976
-0.0956144
-0.0913744
-0.087196
-0.0830967
-0.0790934
-0.0752015
-0.0714345
-0.0678041
-0.0643196
-0.060988
-0.0578136
-0.0547984
-0.0519418
-0.0492413
-0.0466922
-0.0442882
-0.0420215
-0.0398835
-0.0378647
-0.0359551
-0.0341449
-0.032424
-0.0307828
-0.0292122
-0.0277036
-0.0262492
-0.0248419
-0.0234753
-0.0221438
-0.0208427
-0.0195677
-0.0183155
-0.0170833
-0.0158689
-0.0146705
-0.0134871
-0.0123177
-0.0111623
-0.0100206
-0.00889268
-0.00777897
-0.00668007
-0.00559678
-0.00453002
-0.00348078
-0.00245012
-0.00143913
-0.00044893
0.000519368
0.00146467
0.00238594
0.00328215
0.00415238
0.00499577
0.00581152
0.00659896
0.00735746
0.00808654
0.00878577
0.00945486
0.0100936
0.0107018
0.0112795
0.0118268
0.0123438
0.0128306
0.0132877
0.0137152
0.0141138
0.0144837
0.0148255
0.0151398
0.0154272
0.0156882
0.0159234
0.0161336
0.0163194
0.0164815
0.0166204
0.0167369
0.0168317
0.0169053
0.0169585
0.0169919
0.017006
0.0170016
0.0169791
0.0169392
0.0168824
0.0168092
0.0167202
0.0166158
0.0164966
0.0163629
0.0162153
0.0160541
0.0158798
0.0156927
0.0154932
0.0152817
0.0150585
0.0148239
0.0145782
0.0143218
0.0140549
0.0137778
0.0134907
0.013194
0.0128878
0.0125724
0.0122481
0.0119149
0.0115732
0.0112231
0.0108649
0.0104987
0.0101246
0.00974299
0.00935387
0.00895746
0.00855392
0.0081434
0.00772606
0.00730204
0.0068715
0.00643458
0.00599144
0.00554223
0.0050871
0.00462623
0.00415979
0.00368801
0.00321107
0.00272939
0.00224271
0.00175366
0.00125402
0.000775666
0.000182479
-0.222135
-0.218404
-0.215191
-0.214316
-0.21408
-0.213729
-0.213466
-0.213338
-0.213222
-0.21306
-0.21285
-0.212591
-0.212276
-0.2119
-0.211459
-0.210952
-0.210377
-0.209732
-0.209017
-0.208229
-0.207367
-0.206431
-0.205418
-0.204327
-0.203158
-0.201908
-0.200576
-0.19916
-0.197659
-0.196071
-0.194395
-0.192628
-0.190769
-0.188815
-0.186765
-0.184617
-0.182368
-0.180017
-0.177561
-0.174999
-0.17233
-0.169551
-0.166662
-0.163662
-0.160551
-0.157329
-0.153997
-0.150557
-0.147012
-0.143365
-0.139621
-0.135787
-0.13187
-0.127878
-0.123821
-0.119712
-0.115564
-0.11139
-0.107205
-0.103026
-0.0988685
-0.09475
-0.0906869
-0.0866955
-0.0827911
-0.0789877
-0.0752981
-0.0717331
-0.0683013
-0.0650095
-0.061862
-0.0588608
-0.0560059
-0.0532951
-0.0507246
-0.0482887
-0.0459809
-0.0437931
-0.0417171
-0.0397438
-0.0378642
-0.0360693
-0.0343502
-0.0326986
-0.0311066
-0.0295671
-0.0280733
-0.0266195
-0.0252004
-0.0238116
-0.0224491
-0.0211098
-0.0197911
-0.0184908
-0.0172073
-0.0159395
-0.0146867
-0.0134485
-0.012225
-0.0110161
-0.00982223
-0.00864394
-0.00748204
-0.00633746
-0.00521118
-0.0041043
-0.00301793
-0.00195322
-0.000911323
0.000106613
0.00109948
0.0020662
0.00300577
0.00391725
0.00479978
0.00565257
0.00647495
0.00726632
0.00802621
0.00875423
0.00945011
0.0101137
0.0107448
0.0113435
0.01191
0.0124443
0.0129469
0.0134179
0.0138579
0.0142673
0.0146467
0.0149965
0.0153175
0.0156103
0.0158756
0.0161141
0.0163264
0.0165134
0.0166758
0.0168142
0.0169295
0.0170224
0.0170936
0.0171438
0.0171737
0.017184
0.0171753
0.0171483
0.0171037
0.0170419
0.0169635
0.0168693
0.0167595
0.0166349
0.0164958
0.0163428
0.0161762
0.0159965
0.0158042
0.0155995
0.0153829
0.0151548
0.0149154
0.014665
0.0144041
0.0141328
0.0138515
0.0135604
0.0132598
0.0129499
0.0126309
0.0123031
0.0119667
0.0116219
0.0112689
0.0109078
0.0105389
0.0101623
0.00977826
0.00938686
0.00898829
0.00858269
0.00817021
0.00775101
0.00732523
0.006893
0.00645447
0.00600979
0.00555908
0.00510251
0.00464023
0.00417242
0.00369925
0.00322093
0.00273781
0.00224974
0.00175877
0.00125868
0.000773687
0.000201365
-0.219268
-0.21709
-0.214612
-0.213721
-0.213517
-0.213257
-0.213019
-0.212891
-0.212788
-0.212641
-0.212441
-0.212187
-0.211875
-0.211496
-0.211049
-0.210533
-0.209944
-0.209282
-0.208546
-0.207734
-0.206846
-0.205879
-0.204832
-0.203705
-0.202497
-0.201205
-0.199828
-0.198365
-0.196814
-0.195175
-0.193444
-0.19162
-0.189702
-0.187688
-0.185577
-0.183365
-0.181053
-0.178638
-0.176118
-0.173493
-0.170762
-0.167925
-0.164979
-0.161927
-0.158769
-0.155506
-0.15214
-0.148675
-0.145114
-0.141462
-0.137726
-0.133912
-0.130028
-0.126086
-0.122094
-0.118066
-0.114015
-0.109953
-0.105897
-0.10186
-0.0978582
-0.0939069
-0.0900208
-0.0862138
-0.0824988
-0.0788874
-0.0753895
-0.0720134
-0.0687653
-0.0656493
-0.0626676
-0.0598203
-0.057106
-0.0545212
-0.0520612
-0.04972
-0.0474908
-0.0453661
-0.0433378
-0.0413977
-0.0395378
-0.03775
-0.0360268
-0.0343609
-0.0327457
-0.0311751
-0.0296438
-0.0281468
-0.02668
-0.0252398
-0.0238232
-0.0224275
-0.0210509
-0.0196918
-0.018349
-0.0170218
-0.0157098
-0.0144131
-0.0131318
-0.0118659
-0.0106161
-0.00938309
-0.0081678
-0.00697123
-0.00579445
-0.00463857
-0.00350479
-0.00239427
-0.00130821
-0.000247766
0.000785917
0.00179176
0.00276873
0.00371589
0.00463237
0.00551738
0.00637024
0.00719037
0.0079773
0.00873066
0.00945018
0.0101357
0.0107872
0.0114046
0.0119882
0.0125382
0.0130548
0.0135385
0.0139897
0.014409
0.014797
0.0151542
0.0154814
0.0157792
0.0160485
0.01629
0.0165044
0.0166926
0.0168554
0.0169936
0.0171079
0.0171992
0.0172683
0.0173158
0.0173426
0.0173495
0.017337
0.0173059
0.0172569
0.0171906
0.0171076
0.0170085
0.0168939
0.0167643
0.0166203
0.0164623
0.0162907
0.0161062
0.015909
0.0156996
0.0154783
0.0152456
0.0150017
0.0147471
0.0144819
0.0142066
0.0139214
0.0136265
0.0133223
0.0130089
0.0126866
0.0123556
0.0120162
0.0116685
0.0113127
0.010949
0.0105776
0.0101986
0.00981231
0.00941877
0.00901815
0.00861062
0.00819631
0.00777536
0.00734791
0.00691409
0.00647404
0.00602789
0.00557577
0.00511782
0.0046542
0.00418505
0.00371056
0.00323089
0.00274636
0.0022569
0.00176399
0.00126354
0.000771464
0.000222067
-0.216317
-0.215315
-0.213631
-0.212885
-0.212743
-0.212601
-0.212435
-0.212336
-0.212259
-0.212139
-0.211957
-0.211715
-0.211408
-0.21103
-0.210579
-0.210052
-0.20945
-0.208769
-0.20801
-0.207172
-0.206253
-0.205253
-0.20417
-0.203003
-0.201752
-0.200414
-0.198989
-0.197476
-0.195872
-0.194177
-0.192389
-0.190507
-0.188528
-0.186453
-0.184278
-0.182003
-0.179627
-0.177149
-0.174568
-0.171883
-0.169094
-0.166201
-0.163205
-0.160107
-0.156909
-0.153613
-0.150223
-0.146742
-0.143176
-0.13953
-0.135812
-0.13203
-0.128192
-0.12431
-0.120394
-0.116456
-0.112509
-0.108566
-0.104642
-0.100749
-0.0969032
-0.0931162
-0.0894013
-0.0857703
-0.0822338
-0.0788008
-0.0754789
-0.072274
-0.0691901
-0.0662292
-0.0633919
-0.0606769
-0.0580815
-0.0556016
-0.053232
-0.0509668
-0.0487993
-0.0467223
-0.0447286
-0.0428108
-0.0409619
-0.0391748
-0.037443
-0.0357606
-0.0341219
-0.0325219
-0.030956
-0.0294205
-0.0279119
-0.0264272
-0.0249642
-0.0235208
-0.0220955
-0.0206872
-0.019295
-0.0179185
-0.0165577
-0.0152128
-0.0138837
-0.0125708
-0.011275
-0.00999694
-0.00873772
-0.00749832
-0.00627986
-0.00508352
-0.00391048
-0.00276197
-0.00163918
-0.000543313
0.000524486
0.00156311
0.00257153
0.00354877
0.00449396
0.0054063
0.0062851
0.00712979
0.00793988
0.00871501
0.00945491
0.0101594
0.0108285
0.0114623
0.0120609
0.0126245
0.0131535
0.0136484
0.0141096
0.0145376
0.0149332
0.015297
0.0156298
0.0159322
0.0162052
0.0164494
0.0166658
0.0168552
0.0170185
0.0171565
0.0172701
0.01736
0.0174273
0.0174725
0.0174967
0.0175005
0.0174847
0.01745
0.0173972
0.0173268
0.0172397
0.0171363
0.0170173
0.0168833
0.0167348
0.0165723
0.0163963
0.0162073
0.0160058
0.015792
0.0155666
0.0153297
0.0150818
0.0148232
0.0145543
0.0142753
0.0139865
0.0136882
0.0133806
0.0130641
0.0127387
0.0124048
0.0120626
0.0117122
0.0113539
0.0109878
0.0106141
0.010233
0.00984456
0.00944905
0.00904656
0.00863724
0.00822123
0.00779866
0.00736967
0.00693438
0.00649291
0.0060454
0.00559196
0.00513273
0.00466783
0.00419743
0.00372167
0.00324072
0.00275482
0.00226404
0.00176922
0.00126849
0.000769266
0.00024343
-0.213357
-0.213234
-0.212299
-0.211817
-0.211787
-0.211783
-0.211723
-0.211682
-0.211647
-0.211563
-0.21141
-0.211186
-0.210889
-0.210515
-0.210061
-0.209525
-0.208908
-0.208209
-0.207426
-0.20656
-0.205609
-0.204573
-0.203452
-0.202243
-0.200947
-0.199562
-0.198087
-0.196522
-0.194864
-0.193113
-0.191267
-0.189326
-0.187287
-0.18515
-0.182914
-0.180578
-0.178142
-0.175604
-0.172965
-0.170224
-0.167383
-0.164442
-0.161403
-0.158267
-0.155038
-0.151719
-0.148313
-0.144828
-0.141267
-0.137638
-0.133949
-0.130209
-0.126427
-0.122613
-0.118779
-0.114936
-0.111098
-0.107276
-0.103484
-0.0997329
-0.0960362
-0.0924052
-0.0888506
-0.0853821
-0.0820081
-0.0787355
-0.0755697
-0.0725146
-0.0695723
-0.0667436
-0.0640276
-0.0614219
-0.0589233
-0.0565273
-0.0542287
-0.0520217
-0.0499
-0.0478572
-0.0458867
-0.0439821
-0.0421372
-0.0403462
-0.0386034
-0.0369037
-0.0352425
-0.0336157
-0.0320195
-0.0304508
-0.0289066
-0.0273848
-0.0258834
-0.0244008
-0.0229358
-0.0214876
-0.0200555
-0.0186395
-0.0172397
-0.015856
-0.0144887
-0.0131383
-0.0118058
-0.0104918
-0.00919747
-0.00792381
-0.00667197
-0.00544313
-0.00423852
-0.00305935
-0.00190686
-0.000782259
0.000313294
0.00137868
0.00241283
0.00341478
0.00438363
0.00531857
0.0062189
0.00708403
0.00791347
0.00870684
0.00946389
0.0101845
0.0108685
0.0115161
0.0121274
0.0127028
0.0132424
0.0137469
0.0142167
0.0146524
0.0150547
0.0154243
0.0157619
0.0160684
0.0163446
0.0165914
0.0168096
0.0170001
0.0171639
0.0173018
0.0174148
0.0175037
0.0175694
0.0176128
0.0176346
0.0176358
0.0176171
0.0175793
0.0175232
0.0174493
0.0173585
0.0172514
0.0171286
0.0169907
0.0168382
0.0166718
0.0164919
0.016299
0.0160935
0.015876
0.0156467
0.0154062
0.0151547
0.0148926
0.0146203
0.014338
0.014046
0.0137446
0.0134341
0.0131147
0.0127866
0.0124501
0.0121054
0.0117526
0.011392
0.0110237
0.0106479
0.0102648
0.00987456
0.00947725
0.00907307
0.00866213
0.00824458
0.00782055
0.00739015
0.00695351
0.00651076
0.00606199
0.00560735
0.00514693
0.00468087
0.0042093
0.00373236
0.00325021
0.00276303
0.00227099
0.00177437
0.0012734
0.000767338
0.000264282
-0.210445
-0.210987
-0.210714
-0.210564
-0.210694
-0.210842
-0.210912
-0.210954
-0.210976
-0.210938
-0.210821
-0.210621
-0.210338
-0.20997
-0.209515
-0.208972
-0.208341
-0.207622
-0.206816
-0.205921
-0.204938
-0.203867
-0.202706
-0.201455
-0.200114
-0.198682
-0.197157
-0.19554
-0.193829
-0.192023
-0.190121
-0.188122
-0.186026
-0.183831
-0.181538
-0.179145
-0.176653
-0.174061
-0.17137
-0.168581
-0.165696
-0.162714
-0.15964
-0.156476
-0.153226
-0.149893
-0.146484
-0.143003
-0.139457
-0.135855
-0.132204
-0.128513
-0.124793
-0.121053
-0.117305
-0.11356
-0.109829
-0.106125
-0.102459
-0.0988415
-0.0952839
-0.0917957
-0.0883858
-0.085062
-0.0818307
-0.0786971
-0.0756647
-0.0727359
-0.0699115
-0.0671911
-0.0645728
-0.062054
-0.0596309
-0.0572991
-0.0550535
-0.0528888
-0.0507991
-0.0487789
-0.0468223
-0.0449238
-0.0430781
-0.04128
-0.039525
-0.0378086
-0.0361271
-0.0344769
-0.0328549
-0.0312585
-0.0296853
-0.0281334
-0.0266011
-0.0250874
-0.023591
-0.0221115
-0.0206483
-0.0192015
-0.0177713
-0.0163575
-0.0149606
-0.0135812
-0.0122202
-0.0108784
-0.00955684
-0.00825657
-0.00697874
-0.00572456
-0.00449526
-0.00329207
-0.00211623
-0.000968957
0.000148558
0.00123518
0.00228985
0.00331156
0.00429939
0.00525254
0.00617027
0.00705199
0.00789718
0.00870547
0.00947658
0.0102104
0.0109067
0.0115658
0.0121878
0.0127729
0.0133215
0.013834
0.0143111
0.0147532
0.0151612
0.0155357
0.0158776
0.0161876
0.0164666
0.0167156
0.0169354
0.017127
0.0172913
0.0174292
0.0175417
0.0176298
0.0176942
0.017736
0.0177559
0.0177549
0.0177338
0.0176933
0.0176343
0.0175575
0.0174636
0.0173532
0.0172271
0.0170858
0.01693
0.0167601
0.0165768
0.0163805
0.0161717
0.0159508
0.0157183
0.0154745
0.0152199
0.0149547
0.0146794
0.0143942
0.0140994
0.0137954
0.0134822
0.0131603
0.0128298
0.012491
0.0121441
0.0117892
0.0114266
0.0110564
0.0106787
0.0102939
0.00990194
0.00950304
0.00909734
0.00868497
0.00826605
0.0078407
0.00740906
0.00697122
0.0065273
0.00607742
0.00562169
0.00516021
0.00469309
0.00422046
0.00374245
0.00325919
0.00277083
0.00227762
0.00177934
0.00127813
0.000765885
0.000283521
-0.207639
-0.208691
-0.208985
-0.20919
-0.209516
-0.209827
-0.21004
-0.210184
-0.210275
-0.210292
-0.210216
-0.210044
-0.20978
-0.20942
-0.208966
-0.208416
-0.207773
-0.207036
-0.206206
-0.205284
-0.204269
-0.203163
-0.201964
-0.200672
-0.199287
-0.197809
-0.196237
-0.194571
-0.192809
-0.190951
-0.188997
-0.186945
-0.184796
-0.182549
-0.180204
-0.17776
-0.175219
-0.172581
-0.169847
-0.167018
-0.164096
-0.161084
-0.157985
-0.154802
-0.15154
-0.148203
-0.144799
-0.141332
-0.13781
-0.134241
-0.130634
-0.126998
-0.123343
-0.119678
-0.116015
-0.112365
-0.108737
-0.105144
-0.101594
-0.0980976
-0.0946642
-0.0913019
-0.0880177
-0.0848179
-0.0817072
-0.0786893
-0.0757665
-0.0729399
-0.0702094
-0.0675739
-0.0650312
-0.0625781
-0.0602111
-0.0579258
-0.0557176
-0.0535816
-0.0515127
-0.0495058
-0.047556
-0.0456584
-0.0438085
-0.0420019
-0.0402346
-0.038503
-0.0368038
-0.0351339
-0.0334907
-0.0318719
-0.0302756
-0.0287001
-0.0271439
-0.0256061
-0.0240858
-0.0225824
-0.0210954
-0.0196255
-0.0181723
-0.0167357
-0.0153166
-0.0139154
-0.012533
-0.0111703
-0.00982824
-0.0085079
-0.00721045
-0.00593708
-0.00468903
-0.00346754
-0.00227386
-0.00110922
2.51916e-05
0.00112822
0.00219877
0.00323585
0.00423851
0.00520592
0.00613734
0.00703216
0.00788984
0.00870999
0.00949233
0.0102367
0.010943
0.0116114
0.0122419
0.012835
0.0133908
0.01391
0.014393
0.0148406
0.0152532
0.0156319
0.0159772
0.0162902
0.0165716
0.0168225
0.0170436
0.0172361
0.0174009
0.0175389
0.0176511
0.0177384
0.0178018
0.0178423
0.0178607
0.0178579
0.0178347
0.017792
0.0177306
0.0176513
0.0175547
0.0174417
0.0173127
0.0171686
0.0170099
0.0168371
0.0166509
0.0164517
0.01624
0.0160163
0.0157809
0.0155344
0.0152771
0.0150093
0.0147314
0.0144437
0.0141465
0.0138401
0.0135248
0.0132007
0.0128681
0.0125273
0.0121784
0.0118217
0.0114573
0.0110854
0.0107062
0.0103199
0.00992646
0.00952619
0.00911917
0.00870554
0.00828542
0.00785893
0.00742619
0.0069873
0.00654237
0.0060915
0.00563481
0.00517238
0.00470433
0.00423076
0.00375178
0.00326753
0.0027781
0.00228383
0.00178407
0.00128257
0.00076505
0.000300196
-0.204997
-0.206448
-0.207216
-0.207768
-0.20831
-0.208791
-0.209152
-0.209407
-0.209578
-0.209654
-0.209623
-0.209484
-0.209239
-0.20889
-0.208438
-0.207883
-0.207228
-0.206475
-0.205623
-0.204675
-0.203631
-0.202491
-0.201256
-0.199926
-0.198501
-0.196981
-0.195365
-0.193654
-0.191846
-0.189941
-0.18794
-0.185842
-0.183646
-0.181353
-0.178964
-0.176478
-0.173896
-0.17122
-0.168451
-0.165591
-0.162643
-0.159609
-0.156494
-0.153302
-0.150037
-0.146706
-0.143313
-0.139867
-0.136375
-0.132845
-0.129285
-0.125705
-0.122115
-0.118524
-0.114942
-0.111379
-0.107845
-0.104351
-0.100904
-0.0975128
-0.094186
-0.0909299
-0.0877504
-0.0846522
-0.081639
-0.0787134
-0.0758766
-0.073129
-0.0704699
-0.0678978
-0.0654103
-0.0630045
-0.0606767
-0.0584231
-0.0562394
-0.0541212
-0.052064
-0.0500635
-0.0481153
-0.0462152
-0.0443592
-0.0425435
-0.0407648
-0.0390198
-0.0373056
-0.0356196
-0.0339595
-0.0323232
-0.0307089
-0.0291153
-0.027541
-0.025985
-0.0244468
-0.022926
-0.0214213
-0.0199343
-0.0184641
-0.0170109
-0.0155755
-0.0141585
-0.0127605
-0.0113824
-0.0100254
-0.00869035
-0.0073785
-0.00609102
-0.00482915
-0.00359413
-0.00238722
-0.00120965
-6.26207e-05
0.0010527
0.00213521
0.0031839
0.0041978
0.00517607
0.00611796
0.00702282
0.00789012
0.00871945
0.00951051
0.0102631
0.0109772
0.0116528
0.0122902
0.0128895
0.0134511
0.0139756
0.0144634
0.0149152
0.0153316
0.0157136
0.0160618
0.0163771
0.0166605
0.0169129
0.0171352
0.0173285
0.0174936
0.0176317
0.0177436
0.0178304
0.0178931
0.0179324
0.0179495
0.0179452
0.0179204
0.0178759
0.0178126
0.0177311
0.0176324
0.0175171
0.0173858
0.0172393
0.0170782
0.016903
0.0167144
0.0165127
0.0162986
0.0160725
0.0158348
0.015586
0.0153264
0.0150564
0.0147763
0.0144866
0.0141873
0.0138789
0.0135617
0.0132357
0.0129014
0.0125589
0.0122084
0.0118501
0.0114842
0.0111109
0.0107304
0.0103427
0.00994805
0.00954659
0.00913845
0.00872375
0.0083026
0.00787513
0.00744144
0.00700165
0.00655584
0.00610413
0.00564661
0.00518337
0.0047145
0.00424011
0.00376028
0.00327515
0.00278477
0.00228954
0.00178851
0.00128663
0.000764912
0.000313573
-0.202575
-0.204341
-0.2055
-0.206372
-0.207135
-0.207787
-0.208293
-0.208663
-0.208916
-0.209054
-0.20907
-0.208964
-0.208741
-0.208403
-0.207954
-0.207396
-0.206732
-0.205963
-0.205092
-0.20412
-0.203049
-0.20188
-0.200613
-0.199248
-0.197787
-0.19623
-0.194575
-0.192825
-0.190977
-0.189032
-0.186991
-0.184853
-0.182619
-0.180289
-0.177863
-0.175343
-0.17273
-0.170025
-0.167231
-0.164349
-0.161384
-0.158338
-0.155216
-0.152022
-0.148762
-0.145442
-0.142068
-0.138647
-0.135188
-0.131698
-0.128185
-0.12466
-0.121131
-0.117607
-0.114098
-0.110613
-0.107161
-0.103751
-0.100391
-0.0970876
-0.0938479
-0.0906774
-0.0875809
-0.0845623
-0.0816242
-0.0787683
-0.0759956
-0.0733058
-0.070698
-0.0681706
-0.0657211
-0.0633469
-0.0610445
-0.0588105
-0.0566411
-0.0545324
-0.0524804
-0.0504812
-0.0485311
-0.0466263
-0.0447633
-0.0429389
-0.0411499
-0.0393934
-0.0376669
-0.0359679
-0.0342944
-0.0326446
-0.0310167
-0.0294094
-0.0278216
-0.0262523
-0.0247009
-0.0231664
-0.0216502
-0.0201506
-0.0186682
-0.0172032
-0.0157562
-0.0143278
-0.0129187
-0.0115298
-0.0101621
-0.00881658
-0.00749446
-0.0061969
-0.00492513
-0.0036804
-0.00246397
-0.00127706
-0.000120893
0.00100336
0.0020946
0.00315178
0.00417395
0.00516024
0.00610987
0.00702221
0.00789669
0.0087329
0.00953051
0.0102893
0.0110093
0.0116905
0.012333
0.0129371
0.0135032
0.0140317
0.0145232
0.0149783
0.0153977
0.0157822
0.0161326
0.0164499
0.0167348
0.0169884
0.0172116
0.0174055
0.0175709
0.017709
0.0178208
0.0179071
0.0179691
0.0180076
0.0180237
0.0180182
0.017992
0.017946
0.0178811
0.017798
0.0176975
0.0175803
0.0174472
0.0172987
0.0171356
0.0169585
0.0167678
0.0165642
0.0163481
0.01612
0.0158804
0.0156296
0.0153681
0.0150963
0.0148145
0.0145229
0.014222
0.013912
0.0135931
0.0132657
0.0129299
0.012586
0.0122341
0.0118745
0.0115074
0.0111329
0.0107512
0.0103624
0.00996675
0.00956431
0.00915522
0.00873961
0.0083176
0.00788931
0.00745483
0.00701427
0.00656773
0.0061153
0.00565708
0.00519314
0.00472358
0.00424849
0.00376794
0.00328205
0.00279085
0.00229477
0.00179266
0.00129029
0.000765495
0.000323184
-0.200423
-0.20244
-0.203917
-0.205073
-0.206047
-0.206862
-0.207505
-0.207986
-0.208322
-0.20852
-0.208581
-0.208508
-0.208306
-0.207981
-0.207536
-0.206975
-0.206302
-0.205521
-0.204633
-0.203641
-0.202547
-0.201352
-0.200057
-0.198664
-0.197173
-0.195583
-0.193897
-0.192114
-0.190233
-0.188256
-0.186183
-0.184014
-0.181749
-0.17939
-0.176937
-0.174392
-0.171756
-0.169031
-0.16622
-0.163326
-0.160352
-0.157301
-0.154179
-0.15099
-0.14774
-0.144436
-0.141084
-0.13769
-0.134264
-0.130813
-0.127345
-0.123869
-0.120394
-0.116929
-0.113483
-0.110063
-0.106679
-0.103338
-0.100047
-0.0968124
-0.0936401
-0.0905349
-0.0875008
-0.0845409
-0.0816572
-0.0788512
-0.0761232
-0.073473
-0.0708995
-0.0684011
-0.0659757
-0.0636206
-0.0613328
-0.0591093
-0.0569466
-0.0548412
-0.0527897
-0.0507886
-0.0488343
-0.0469237
-0.0450536
-0.0432208
-0.0414227
-0.0396566
-0.03792
-0.0362107
-0.0345268
-0.0328665
-0.0312283
-0.0296109
-0.0280131
-0.0264341
-0.0248728
-0.0233296
-0.0218041
-0.0202956
-0.0188046
-0.0173312
-0.0158761
-0.0144398
-0.0130229
-0.0116264
-0.0102513
-0.00889851
-0.00756925
-0.00626468
-0.00498602
-0.00373452
-0.00251143
-0.00131799
-0.000155407
0.000975142
0.00207254
0.00313574
0.00416378
0.00515579
0.00611097
0.00702867
0.00790833
0.00874951
0.00955188
0.0103152
0.0110395
0.0117247
0.012371
0.0129787
0.0135481
0.0140796
0.0145738
0.0150314
0.015453
0.0158394
0.0161915
0.0165101
0.0167962
0.0170507
0.0172746
0.0174688
0.0176345
0.0177726
0.0178842
0.0179702
0.0180316
0.0180694
0.0180846
0.0180782
0.0180509
0.0180037
0.0179375
0.0178531
0.0177511
0.0176325
0.0174978
0.0173478
0.0171831
0.0170043
0.0168121
0.0166068
0.0163891
0.0161594
0.0159182
0.015666
0.015403
0.0151296
0.0148463
0.0145534
0.0142511
0.0139397
0.0136196
0.0132909
0.0129539
0.0126088
0.0122558
0.0118952
0.0115271
0.0111516
0.0107689
0.0103793
0.00998276
0.0095795
0.00916964
0.00875329
0.00833058
0.0079016
0.00746647
0.00702528
0.00657814
0.00612511
0.00566631
0.0052018
0.00473166
0.00425598
0.00377482
0.00328829
0.00279639
0.00229957
0.00179658
0.00129356
0.000766784
0.000328858
-0.198581
-0.200797
-0.202531
-0.203928
-0.205092
-0.206058
-0.206826
-0.207406
-0.207819
-0.208074
-0.208177
-0.208134
-0.207952
-0.207638
-0.207197
-0.206635
-0.205956
-0.205164
-0.204263
-0.203254
-0.202141
-0.200926
-0.199609
-0.198192
-0.196676
-0.195062
-0.19335
-0.191542
-0.189636
-0.187635
-0.185538
-0.183345
-0.181059
-0.178679
-0.176208
-0.173646
-0.170995
-0.168259
-0.165439
-0.162538
-0.159561
-0.156512
-0.153395
-0.150215
-0.146979
-0.143693
-0.140362
-0.136996
-0.1336
-0.130184
-0.126755
-0.123322
-0.119892
-0.116476
-0.113079
-0.109712
-0.10638
-0.103092
-0.0998527
-0.0966691
-0.0935459
-0.0904874
-0.087497
-0.0845774
-0.0817305
-0.0789573
-0.0762581
-0.0736326
-0.0710798
-0.0685983
-0.066186
-0.0638406
-0.0615595
-0.0593398
-0.0571784
-0.0550723
-0.0530182
-0.0510129
-0.0490533
-0.0471364
-0.0452592
-0.0434188
-0.0416127
-0.0398384
-0.0380935
-0.0363759
-0.0346838
-0.0330155
-0.0313693
-0.0297442
-0.028139
-0.0265531
-0.0249845
-0.0234347
-0.0219025
-0.0203877
-0.0188906
-0.0174114
-0.0159506
-0.0145087
-0.0130865
-0.0116848
-0.0103045
-0.00894677
-0.00761263
-0.00630329
-0.00501994
-0.00376383
-0.00253622
-0.00133833
-0.000171376
0.000963463
0.00206507
0.00313239
0.00416446
0.00516039
0.0061194
0.00704081
0.00792405
0.00876868
0.00957436
0.0103409
0.0110682
0.0117562
0.0124052
0.0130153
0.013587
0.0141207
0.0146168
0.0150761
0.0154993
0.0158871
0.0162403
0.0165599
0.0168468
0.0171019
0.0173262
0.0175207
0.0176865
0.0178245
0.0179359
0.0180215
0.0180825
0.0181198
0.0181343
0.018127
0.0180989
0.0180508
0.0179835
0.017898
0.0177949
0.017675
0.0175392
0.0173879
0.017222
0.0170419
0.0168483
0.0166418
0.0164228
0.0161919
0.0159494
0.0156959
0.0154317
0.0151572
0.0148727
0.0145786
0.0142752
0.0139628
0.0136416
0.0133119
0.012974
0.0126279
0.0122741
0.0119126
0.0115436
0.0111674
0.010784
0.0103936
0.00999641
0.00959249
0.00918201
0.00876506
0.00834177
0.00791225
0.00747659
0.00703489
0.00658725
0.00613375
0.00567447
0.00520949
0.00473889
0.00426272
0.00378107
0.003294
0.00280153
0.00230407
0.00180037
0.00129654
0.000768757
0.000330736
-0.197077
-0.199451
-0.201388
-0.202981
-0.204309
-0.205405
-0.20628
-0.206947
-0.207426
-0.207731
-0.207871
-0.207854
-0.207689
-0.207385
-0.206948
-0.206386
-0.205702
-0.204902
-0.20399
-0.202969
-0.201842
-0.20061
-0.199277
-0.197843
-0.196309
-0.194677
-0.192947
-0.19112
-0.189197
-0.187178
-0.185064
-0.182857
-0.180556
-0.178163
-0.17568
-0.173109
-0.170451
-0.167709
-0.164886
-0.161985
-0.15901
-0.155966
-0.152857
-0.149688
-0.146466
-0.143197
-0.139888
-0.136545
-0.133176
-0.129789
-0.126391
-0.122992
-0.119598
-0.116218
-0.11286
-0.10953
-0.106237
-0.102986
-0.099783
-0.0966343
-0.093544
-0.0905161
-0.0875537
-0.0846594
-0.0818348
-0.0790809
-0.076398
-0.0737858
-0.0712435
-0.0687697
-0.0663628
-0.0640204
-0.0617404
-0.05952
-0.0573564
-0.0552468
-0.0531881
-0.0511775
-0.049212
-0.0472886
-0.0454046
-0.0435573
-0.0417442
-0.0399629
-0.038211
-0.0364867
-0.0347879
-0.0331131
-0.0314608
-0.0298296
-0.0282186
-0.0266263
-0.0250536
-0.0234987
-0.0219616
-0.0204422
-0.0189406
-0.0174572
-0.0159923
-0.0145465
-0.0131206
-0.0117152
-0.0103315
-0.00897029
-0.00763284
-0.00632025
-0.00503374
-0.00377455
-0.00254391
-0.00134305
-0.0001732
0.000964483
0.00206887
0.00313892
0.00417365
0.00517218
0.00613371
0.00705758
0.00794319
0.00879011
0.00959798
0.0103666
0.0110959
0.0117858
0.0124366
0.0130484
0.0136215
0.0141566
0.014654
0.0151145
0.0155386
0.0159273
0.0162813
0.0166015
0.0168888
0.0171442
0.0173688
0.0175634
0.0177291
0.0178671
0.0179782
0.0180635
0.018124
0.0181608
0.0181747
0.0181668
0.0181379
0.018089
0.0180209
0.0179345
0.0178305
0.0177097
0.0175729
0.0174206
0.0172537
0.0170726
0.016878
0.0166704
0.0164505
0.0162185
0.0159751
0.0157205
0.0154554
0.0151799
0.0148945
0.0145995
0.0142953
0.013982
0.01366
0.0133295
0.0129908
0.012644
0.0122895
0.0119273
0.0115577
0.0111808
0.0107968
0.0104059
0.0100081
0.0096037
0.00919271
0.00877529
0.00835154
0.00792158
0.0074855
0.0070434
0.00659537
0.00614148
0.00568183
0.00521647
0.00474549
0.00426894
0.00378689
0.0032994
0.00280646
0.00230845
0.00180419
0.00129942
0.000771412
0.000329278
-0.195926
-0.198421
-0.200512
-0.20226
-0.203719
-0.204921
-0.205883
-0.206621
-0.207154
-0.207499
-0.207668
-0.207672
-0.207521
-0.207225
-0.206793
-0.20623
-0.205543
-0.204738
-0.203819
-0.202789
-0.201651
-0.200409
-0.199064
-0.197618
-0.196072
-0.194427
-0.192686
-0.190847
-0.188913
-0.186883
-0.18476
-0.182543
-0.180235
-0.177835
-0.175347
-0.172771
-0.17011
-0.167367
-0.164545
-0.161647
-0.158677
-0.15564
-0.15254
-0.149383
-0.146174
-0.14292
-0.139628
-0.136304
-0.132956
-0.129591
-0.126218
-0.122843
-0.119475
-0.116121
-0.112788
-0.109485
-0.106216
-0.102989
-0.0998094
-0.0966821
-0.0936114
-0.0906013
-0.0876546
-0.0847738
-0.0819606
-0.0792159
-0.0765401
-0.073933
-0.0713939
-0.0689216
-0.0665146
-0.0641709
-0.0618882
-0.0596642
-0.0574962
-0.0553815
-0.0533173
-0.0513008
-0.049329
-0.0473994
-0.045509
-0.0436554
-0.041836
-0.0400485
-0.0382907
-0.0365606
-0.0348563
-0.0331762
-0.0315188
-0.0298828
-0.0282671
-0.0266708
-0.0250937
-0.0235348
-0.0219939
-0.0204709
-0.018966
-0.0174794
-0.0160115
-0.0145628
-0.013134
-0.0117261
-0.0103398
-0.00897619
-0.0076364
-0.00632156
-0.00503289
-0.00377159
-0.00253891
-0.00133608
-0.000164306
0.000975243
0.00208145
0.00315326
0.00418971
0.00518989
0.00615304
0.00707845
0.00796556
0.00881391
0.00962316
0.0103931
0.0111236
0.0118147
0.0124665
0.0130793
0.0136534
0.0141893
0.0146874
0.0151485
0.0155732
0.0159624
0.0163167
0.0166372
0.0169247
0.0171803
0.0174048
0.0175994
0.017765
0.0179027
0.0180135
0.0180985
0.0181586
0.0181949
0.0182083
0.0181997
0.0181702
0.0181207
0.0180519
0.0179647
0.01786
0.0177384
0.0176007
0.0174477
0.0172799
0.017098
0.0169026
0.0166942
0.0164734
0.0162407
0.0159964
0.0157411
0.0154752
0.015199
0.0149129
0.0146172
0.0143122
0.0139983
0.0136756
0.0133445
0.0130052
0.0126578
0.0123027
0.01194
0.0115699
0.0111925
0.0108081
0.0104167
0.0100185
0.00961363
0.00920225
0.00878445
0.00836034
0.00793003
0.00749361
0.00705119
0.00660284
0.00614865
0.0056887
0.00522305
0.00475177
0.00427492
0.00379255
0.00330472
0.00281142
0.00231295
0.00180827
0.00130244
0.000774814
0.00032526
-0.19512
-0.197706
-0.19991
-0.201772
-0.20333
-0.204612
-0.205638
-0.206429
-0.207002
-0.207377
-0.207568
-0.207587
-0.207446
-0.207157
-0.206727
-0.206165
-0.205476
-0.204668
-0.203744
-0.202708
-0.201565
-0.200316
-0.198963
-0.19751
-0.195957
-0.194306
-0.192557
-0.190712
-0.188772
-0.186737
-0.184609
-0.182388
-0.180076
-0.177674
-0.175184
-0.172608
-0.169948
-0.167207
-0.164388
-0.161494
-0.15853
-0.155499
-0.152408
-0.14926
-0.146062
-0.14282
-0.139541
-0.136231
-0.132898
-0.129549
-0.126192
-0.122833
-0.119481
-0.116144
-0.112827
-0.109538
-0.106284
-0.103071
-0.0999034
-0.096787
-0.0937259
-0.0907238
-0.0877838
-0.0849081
-0.0820984
-0.0793559
-0.0766809
-0.0740734
-0.0715327
-0.0690579
-0.0666475
-0.0642996
-0.0620122
-0.059783
-0.0576094
-0.0554888
-0.0534186
-0.051396
-0.0494181
-0.0474824
-0.0455861
-0.0437267
-0.0419017
-0.0401087
-0.0383457
-0.0366106
-0.0349015
-0.0332168
-0.0315551
-0.0299152
-0.0282954
-0.0266956
-0.0251149
-0.0235526
-0.0220086
-0.0204828
-0.0189751
-0.0174859
-0.0160155
-0.0145645
-0.0131336
-0.0117235
-0.0103352
-0.00896979
-0.00762823
-0.00631172
-0.00502144
-0.00375862
-0.00252449
-0.00132027
-0.000147164
0.000993656
0.00210108
0.00317405
0.0042116
0.00521285
0.006177
0.00710337
0.00799138
0.00884059
0.00965064
0.0104213
0.0111525
0.0118442
0.0124966
0.0131099
0.0136845
0.0142208
0.0147192
0.0151806
0.0156055
0.0159948
0.0163492
0.0166697
0.0169572
0.0172126
0.017437
0.0176313
0.0177967
0.0179341
0.0180445
0.018129
0.0181887
0.0182245
0.0182373
0.0182282
0.0181982
0.018148
0.0180785
0.0179907
0.0178853
0.017763
0.0176247
0.017471
0.0173025
0.0171199
0.0169238
0.0167148
0.0164933
0.0162599
0.016015
0.015759
0.0154925
0.0152156
0.0149289
0.0146326
0.0143271
0.0140126
0.0136894
0.0133578
0.013018
0.0126702
0.0123146
0.0119515
0.011581
0.0112032
0.0108183
0.0104266
0.010028
0.00962286
0.00921116
0.00879305
0.00836865
0.00793806
0.00750137
0.00705868
0.00661008
0.00615565
0.00569546
0.00522957
0.00475806
0.00428097
0.00379835
0.00331026
0.00281668
0.00231784
0.00181287
0.00130594
0.000779114
0.000319747
-0.194634
-0.197283
-0.199565
-0.201504
-0.203128
-0.204465
-0.205535
-0.20636
-0.20696
-0.207355
-0.20756
-0.207589
-0.207455
-0.20717
-0.206742
-0.20618
-0.205491
-0.20468
-0.203754
-0.202715
-0.201568
-0.200316
-0.19896
-0.197503
-0.195947
-0.194292
-0.19254
-0.190693
-0.18875
-0.186713
-0.184583
-0.182362
-0.180049
-0.177648
-0.175159
-0.172584
-0.169926
-0.167188
-0.164373
-0.161484
-0.158525
-0.1555
-0.152415
-0.149274
-0.146084
-0.142851
-0.13958
-0.13628
-0.132956
-0.129616
-0.126268
-0.122919
-0.119576
-0.116246
-0.112938
-0.109656
-0.106409
-0.103201
-0.100038
-0.0969249
-0.0938664
-0.0908659
-0.0879263
-0.0850501
-0.082239
-0.0794942
-0.0768161
-0.0742049
-0.0716599
-0.0691802
-0.0667645
-0.0644111
-0.0621179
-0.0598827
-0.057703
-0.0555764
-0.0535002
-0.0514716
-0.049488
-0.0475466
-0.0456449
-0.0437802
-0.0419501
-0.0401523
-0.0383847
-0.0366451
-0.0349318
-0.0332431
-0.0315776
-0.0299336
-0.028311
-0.026708
-0.0251241
-0.023559
-0.0220123
-0.0204839
-0.0189738
-0.0174823
-0.0160097
-0.0145567
-0.0131238
-0.011712
-0.010322
-0.00895495
-0.00761188
-0.00629395
-0.00500234
-0.00373827
-0.00250296
-0.00129764
-0.000123509
0.00101827
0.00212659
0.0032004
0.00423873
0.0052407
0.00620551
0.00713248
0.00802105
0.00887075
0.00968124
0.0104523
0.0111838
0.0118758
0.0125285
0.0131419
0.0137166
0.014253
0.0147515
0.0152128
0.0156377
0.0160268
0.016381
0.0167013
0.0169885
0.0172437
0.0174677
0.0176617
0.0178266
0.0179635
0.0180735
0.0181575
0.0182166
0.0182518
0.0182641
0.0182545
0.0182238
0.018173
0.0181029
0.0180144
0.0179084
0.0177855
0.0176465
0.0174922
0.0173231
0.0171399
0.0169431
0.0167335
0.0165114
0.0162774
0.0160319
0.0157754
0.0155083
0.015231
0.0149437
0.014647
0.014341
0.014026
0.0137024
0.0133703
0.0130301
0.0126819
0.0123259
0.0119624
0.0115915
0.0112134
0.0108283
0.0104362
0.0100374
0.00963189
0.00921992
0.00880155
0.0083769
0.00794607
0.00750916
0.00706625
0.00661744
0.0061628
0.00570241
0.00523633
0.00476463
0.00428735
0.00380454
0.00331625
0.00282246
0.00232333
0.00181818
0.00131019
0.000784506
0.000313974
-0.194416
-0.197105
-0.199434
-0.20142
-0.203084
-0.204453
-0.205548
-0.206393
-0.207009
-0.207414
-0.207627
-0.207661
-0.207531
-0.207248
-0.206821
-0.206259
-0.20557
-0.204759
-0.203831
-0.202791
-0.201643
-0.200389
-0.199032
-0.197573
-0.196016
-0.19436
-0.192608
-0.19076
-0.188817
-0.18678
-0.184651
-0.18243
-0.180119
-0.177719
-0.175232
-0.17266
-0.170005
-0.167269
-0.164457
-0.161572
-0.158617
-0.155597
-0.152516
-0.14938
-0.146195
-0.142966
-0.139701
-0.136405
-0.133086
-0.129751
-0.126407
-0.123061
-0.119722
-0.116395
-0.113089
-0.109809
-0.106562
-0.103354
-0.100191
-0.097077
-0.0940166
-0.0910134
-0.0880706
-0.0851906
-0.0823752
-0.0796256
-0.0769423
-0.0743255
-0.0717748
-0.0692891
-0.0668674
-0.0645078
-0.0622084
-0.0599671
-0.0577815
-0.0556491
-0.0535671
-0.051533
-0.049544
-0.0475975
-0.0456907
-0.0438213
-0.0419867
-0.0401846
-0.0384128
-0.0366693
-0.0349523
-0.03326
-0.0315911
-0.0299441
-0.0283182
-0.0267122
-0.0251256
-0.0235579
-0.0220086
-0.0204778
-0.0189654
-0.0174717
-0.0159971
-0.0145421
-0.0131074
-0.0116938
-0.0103022
-0.00893356
-0.00758902
-0.0062697
-0.00497679
-0.0037115
-0.00247506
-0.00126869
-9.35915e-05
0.00104908
0.00215821
0.00323276
0.00427175
0.0052743
0.00623963
0.00716705
0.00805599
0.008906
0.00971673
0.010488
0.0112196
0.0119117
0.0125643
0.0131777
0.0137523
0.0142885
0.0147868
0.0152478
0.0156724
0.0160611
0.016415
0.0167348
0.0170216
0.0172762
0.0174997
0.0176931
0.0178575
0.0179938
0.0181031
0.0181865
0.018245
0.0182795
0.0182911
0.0182808
0.0182494
0.0181979
0.0181272
0.018038
0.0179313
0.0178077
0.0176681
0.0175131
0.0173433
0.0171595
0.0169622
0.0167519
0.0165293
0.0162947
0.0160487
0.0157917
0.015524
0.0152462
0.0149585
0.0146612
0.0143548
0.0140394
0.0137153
0.0133829
0.0130423
0.0126937
0.0123374
0.0119736
0.0116023
0.0112239
0.0108385
0.0104461
0.010047
0.00964129
0.00922907
0.00881047
0.00838559
0.00795455
0.00751743
0.00707432
0.00662532
0.0061705
0.00570993
0.00524369
0.00477182
0.00429438
0.00381141
0.00332296
0.00282901
0.00232968
0.00182445
0.00131553
0.000791386
0.000309453
-0.194422
-0.197137
-0.199492
-0.201501
-0.203185
-0.204569
-0.205676
-0.206529
-0.20715
-0.20756
-0.207775
-0.20781
-0.207681
-0.207397
-0.20697
-0.206407
-0.205716
-0.204904
-0.203975
-0.202935
-0.201785
-0.200531
-0.199173
-0.197715
-0.196157
-0.194502
-0.19275
-0.190902
-0.18896
-0.186925
-0.184797
-0.182578
-0.180268
-0.17787
-0.175385
-0.172815
-0.170163
-0.16743
-0.164621
-0.161738
-0.158785
-0.155768
-0.15269
-0.149556
-0.146373
-0.143147
-0.139883
-0.136589
-0.133271
-0.129936
-0.126592
-0.123246
-0.119906
-0.116578
-0.11327
-0.109987
-0.106737
-0.103526
-0.100358
-0.0972396
-0.094174
-0.0911653
-0.0882166
-0.0853304
-0.0825085
-0.0797523
-0.0770623
-0.0744388
-0.0718812
-0.0693889
-0.0669604
-0.0645943
-0.0622886
-0.0600411
-0.0578495
-0.0557113
-0.0536238
-0.0515843
-0.0495903
-0.0476389
-0.0457275
-0.0438537
-0.0420149
-0.0402087
-0.0384331
-0.036686
-0.0349655
-0.0332699
-0.0315977
-0.0299477
-0.0283188
-0.0267099
-0.0251206
-0.0235501
-0.0219983
-0.0204649
-0.0189501
-0.0174541
-0.0159773
-0.0145201
-0.0130833
-0.0116676
-0.0102741
-0.00890361
-0.0075573
-0.0062363
-0.00494181
-0.00367503
-0.00243719
-0.00122952
-5.32131e-05
0.00109056
0.0022007
0.00327614
0.00431593
0.00531918
0.0062851
0.00721301
0.00810234
0.00895264
0.00976357
0.0105349
0.0112666
0.0119586
0.012611
0.0132242
0.0137984
0.0143342
0.0148321
0.0152926
0.0157165
0.0161047
0.0164579
0.016777
0.0170629
0.0173167
0.0175394
0.017732
0.0178954
0.0180308
0.0181393
0.0182217
0.0182793
0.0183129
0.0183236
0.0183123
0.01828
0.0182276
0.018156
0.018066
0.0179584
0.017834
0.0176935
0.0175377
0.0173672
0.0171826
0.0169845
0.0167735
0.0165502
0.0163149
0.0160683
0.0158106
0.0155424
0.015264
0.0149757
0.014678
0.014371
0.0140551
0.0137306
0.0133977
0.0130567
0.0127077
0.012351
0.0119868
0.0116152
0.0112365
0.0108507
0.010458
0.0100586
0.00965263
0.00924014
0.00882128
0.00839616
0.00796488
0.00752754
0.00708422
0.00663502
0.00618
0.00571925
0.00525283
0.00478079
0.00430319
0.00382008
0.00333148
0.0028374
0.00233791
0.00183268
0.00132302
0.000801065
0.000308855
-0.194613
-0.197346
-0.199715
-0.201736
-0.203427
-0.204814
-0.205922
-0.206775
-0.207394
-0.207801
-0.208012
-0.208045
-0.207912
-0.207625
-0.207194
-0.206628
-0.205935
-0.20512
-0.20419
-0.203147
-0.201997
-0.200741
-0.199383
-0.197924
-0.196367
-0.194712
-0.19296
-0.191114
-0.189173
-0.187138
-0.185012
-0.182794
-0.180486
-0.17809
-0.175607
-0.173039
-0.170388
-0.167657
-0.164849
-0.161968
-0.159017
-0.156
-0.152923
-0.14979
-0.146607
-0.143379
-0.140115
-0.136819
-0.133499
-0.130162
-0.126815
-0.123465
-0.120121
-0.116788
-0.113474
-0.110186
-0.10693
-0.103712
-0.100537
-0.0974107
-0.0943375
-0.0913209
-0.0883642
-0.08547
-0.08264
-0.0798758
-0.0771778
-0.0745465
-0.0719813
-0.0694815
-0.0670459
-0.0646729
-0.0623606
-0.0601068
-0.0579092
-0.0557652
-0.0536723
-0.0516277
-0.0496288
-0.0476727
-0.045757
-0.043879
-0.0420362
-0.0402262
-0.038447
-0.0366964
-0.0349725
-0.0332736
-0.0315983
-0.0299451
-0.0283132
-0.0267014
-0.0251091
-0.0235358
-0.0219812
-0.0204451
-0.0189276
-0.0174289
-0.0159494
-0.0144897
-0.0130504
-0.0116323
-0.0102363
-0.00886352
-0.00751498
-0.00619183
-0.00489527
-0.00362653
-0.00238683
-0.00117742
5.02501e-07
0.00114577
0.00225727
0.00333395
0.00437483
0.00537903
0.00634576
0.00727434
0.0081642
0.00901488
0.00982606
0.0105975
0.0113291
0.012021
0.0126732
0.013286
0.0138597
0.0143949
0.014892
0.0153518
0.0157748
0.016162
0.0165142
0.0168322
0.0171171
0.0173697
0.0175912
0.0177825
0.0179447
0.0180788
0.0181859
0.0182671
0.0183233
0.0183557
0.0183651
0.0183525
0.018319
0.0182654
0.0181925
0.0181013
0.0179926
0.0178671
0.0177255
0.0175687
0.0173971
0.0172115
0.0170125
0.0168006
0.0165764
0.0163403
0.0160928
0.0158344
0.0155654
0.0152863
0.0149973
0.0146989
0.0143913
0.0140748
0.0137498
0.0134163
0.0130748
0.0127253
0.0123681
0.0120035
0.0116315
0.0112523
0.0108661
0.0104731
0.0100733
0.009667
0.00925419
0.00883503
0.00840962
0.00797806
0.00754045
0.00709688
0.00664744
0.0061922
0.00573123
0.0052646
0.00479237
0.00431459
0.00383131
0.00334256
0.00284835
0.00234874
0.0018435
0.00133348
0.000813974
0.00031478
-0.213539
-0.21374
-0.213874
-0.213962
-0.214001
-0.214
-0.213965
-0.213895
-0.213785
-0.213634
-0.213436
-0.213189
-0.212891
-0.212539
-0.212131
-0.211666
-0.211143
-0.210559
-0.209914
-0.209206
-0.208435
-0.207599
-0.206697
-0.205729
-0.204693
-0.203589
-0.202415
-0.201169
-0.199852
-0.198461
-0.196995
-0.195453
-0.193832
-0.192131
-0.190348
-0.188481
-0.186527
-0.184483
-0.182346
-0.180114
-0.177781
-0.175346
-0.172803
-0.170147
-0.167376
-0.164482
-0.161462
-0.158309
-0.155019
-0.151585
-0.148004
-0.144269
-0.140377
-0.136325
-0.132109
-0.12773
-0.123186
-0.118481
-0.11362
-0.10861
-0.103462
-0.0981872
-0.0928035
-0.0873301
-0.0817894
-0.076207
-0.070611
-0.0650316
-0.0595003
-0.0540499
-0.0487132
-0.0435223
-0.0385081
-0.0336993
-0.0291217
-0.0247979
-0.0207463
-0.0169813
-0.0135125
-0.0103453
-0.00748037
-0.00491435
-0.00263992
-0.000646264
0.00108046
0.00255657
0.00380026
0.00483109
0.00566944
0.00633604
0.00685151
0.00723597
0.00750877
0.00768817
0.00779121
0.00783354
0.00782933
0.00779127
0.00773055
0.00765689
0.00757862
0.00750275
0.00743504
0.00738018
0.00734182
0.0073225
0.00732451
0.00734886
0.00739619
0.00746664
0.00755988
0.00767523
0.00781171
0.00796811
0.00814303
0.00833493
0.0085422
0.00876314
0.00899603
0.00923914
0.00949076
0.00974918
0.0100128
0.0102799
0.0105491
0.0108188
0.0110876
0.0113542
0.0116174
0.011876
0.0121287
0.0123747
0.0126129
0.0128425
0.0130626
0.0132725
0.0134715
0.0136589
0.0138342
0.0139969
0.0141465
0.0142827
0.014405
0.0145132
0.014607
0.0146862
0.0147507
0.0148002
0.0148348
0.0148543
0.0148587
0.0148481
0.0148224
0.0147818
0.0147262
0.0146559
0.0145709
0.0144713
0.0143575
0.0142294
0.0140874
0.0139316
0.0137623
0.0135796
0.0133839
0.0131753
0.0129541
0.0127206
0.0124751
0.0122177
0.0119488
0.0116686
0.0113774
0.0110755
0.0107631
0.0104405
0.0101079
0.00976565
0.00941398
0.00905313
0.00868336
0.00830492
0.00791804
0.00752298
0.00711997
0.00670923
0.00629101
0.00586553
0.005433
0.00499363
0.00454766
0.00409526
0.00363666
0.00317204
0.00270158
0.00222548
0.00174382
0.00125712
0.000763456
0.000277425
-0.213507
-0.213681
-0.213786
-0.213859
-0.213893
-0.213892
-0.213859
-0.21379
-0.213682
-0.213532
-0.213336
-0.213091
-0.212794
-0.212444
-0.212038
-0.211575
-0.211053
-0.210471
-0.209828
-0.209122
-0.208352
-0.207518
-0.206618
-0.205651
-0.204617
-0.203513
-0.20234
-0.201096
-0.19978
-0.19839
-0.196925
-0.195384
-0.193764
-0.192064
-0.190282
-0.188416
-0.186462
-0.184419
-0.182283
-0.180052
-0.177721
-0.175286
-0.172744
-0.170091
-0.167321
-0.164429
-0.161412
-0.158262
-0.154975
-0.151546
-0.14797
-0.144242
-0.140357
-0.136312
-0.132106
-0.127736
-0.123204
-0.118512
-0.113665
-0.10867
-0.103537
-0.0982788
-0.0929124
-0.0874566
-0.0819339
-0.0763695
-0.0707912
-0.0652288
-0.0597139
-0.0542787
-0.0489558
-0.0437773
-0.0387736
-0.0339735
-0.0294027
-0.0250836
-0.0210346
-0.0172702
-0.0138001
-0.0106297
-0.00775998
-0.00518752
-0.00290508
-0.000901966
0.000835501
0.00232344
0.00357985
0.00462412
0.00547643
0.00615732
0.00668723
0.00708612
0.00737319
0.00756657
0.00768318
0.00773857
0.00774683
0.00772058
0.00767095
0.00760765
0.00753897
0.00747191
0.00741225
0.00736466
0.00733276
0.00731927
0.00732661
0.00735553
0.00740678
0.00748056
0.00757661
0.00769428
0.00783263
0.00799048
0.00816647
0.00835911
0.00856682
0.00878792
0.00902074
0.00926356
0.00951471
0.0097725
0.0100353
0.0103016
0.0105698
0.0108384
0.0111061
0.0113716
0.0116336
0.0118909
0.0121424
0.0123871
0.0126241
0.0128524
0.0130713
0.01328
0.0134778
0.0136641
0.0138383
0.0139999
0.0141485
0.0142837
0.014405
0.0145123
0.0146053
0.0146837
0.0147474
0.0147962
0.0148301
0.014849
0.0148529
0.0148417
0.0148155
0.0147744
0.0147184
0.0146477
0.0145624
0.0144625
0.0143484
0.0142201
0.0140779
0.0139219
0.0137524
0.0135696
0.0133738
0.0131651
0.0129439
0.0127104
0.0124648
0.0122075
0.0119386
0.0116585
0.0113673
0.0110655
0.0107531
0.0104306
0.0100982
0.00975604
0.00940449
0.00904378
0.00867415
0.00829585
0.00790912
0.00751421
0.00711136
0.00670079
0.00628274
0.00585742
0.00542506
0.00498587
0.00454007
0.00408785
0.00362942
0.00316497
0.00269468
0.00221875
0.00173722
0.00125082
0.000756112
0.00027401
-0.213451
-0.213631
-0.213717
-0.21378
-0.213809
-0.213808
-0.213776
-0.21371
-0.213604
-0.213456
-0.213263
-0.21302
-0.212726
-0.212377
-0.211974
-0.211513
-0.210993
-0.210412
-0.209771
-0.209067
-0.208299
-0.207466
-0.206567
-0.205602
-0.204569
-0.203467
-0.202296
-0.201053
-0.199738
-0.19835
-0.196886
-0.195346
-0.193727
-0.192029
-0.190248
-0.188383
-0.186431
-0.18439
-0.182255
-0.180026
-0.177696
-0.175264
-0.172725
-0.170074
-0.167307
-0.164419
-0.161406
-0.15826
-0.154979
-0.151555
-0.147985
-0.144264
-0.140387
-0.13635
-0.132153
-0.127793
-0.123271
-0.11859
-0.113753
-0.108769
-0.103648
-0.0984015
-0.0930464
-0.0876017
-0.0820895
-0.0765351
-0.070966
-0.065412
-0.0599046
-0.0544759
-0.0491586
-0.0439845
-0.0389844
-0.0341868
-0.0296175
-0.0252989
-0.0212496
-0.0174839
-0.0140116
-0.0108381
-0.00796429
-0.00538699
-0.00309899
-0.00108965
0.000654646
0.00214996
0.00341425
0.00446681
0.00532777
0.00601759
0.00655664
0.00696481
0.00726122
0.00746393
0.00758977
0.00765424
0.00767137
0.00765372
0.00761237
0.00755699
0.00749582
0.00743586
0.00738285
0.00734146
0.00731536
0.0073074
0.00731905
0.00735232
0.00740747
0.0074847
0.0075838
0.00770413
0.00784476
0.00800455
0.00818216
0.00837612
0.00858487
0.00880676
0.00904013
0.0092833
0.0095346
0.00979239
0.010055
0.010321
0.0105888
0.0108569
0.011124
0.0113888
0.0116501
0.0119066
0.0121573
0.0124012
0.0126373
0.0128647
0.0130827
0.0132905
0.0134874
0.0136728
0.0138461
0.0140069
0.0141546
0.014289
0.0144096
0.0145161
0.0146083
0.014686
0.014749
0.0147972
0.0148305
0.0148488
0.0148521
0.0148404
0.0148137
0.0147721
0.0147157
0.0146446
0.0145589
0.0144587
0.0143443
0.0142157
0.0140732
0.013917
0.0137473
0.0135643
0.0133683
0.0131595
0.0129382
0.0127045
0.0124589
0.0122014
0.0119325
0.0116523
0.0113612
0.0110593
0.010747
0.0104245
0.010092
0.00974992
0.0093984
0.00903773
0.00866815
0.00828991
0.00790326
0.00750842
0.00710564
0.00669516
0.00627719
0.00585196
0.0054197
0.00498061
0.0045349
0.00408279
0.00362446
0.00316012
0.00268994
0.00221412
0.00173266
0.00124663
0.000751014
0.000273806
-0.213386
-0.213592
-0.213669
-0.213724
-0.21375
-0.213749
-0.213719
-0.213655
-0.213553
-0.213408
-0.213217
-0.212977
-0.212685
-0.212339
-0.211938
-0.211479
-0.210961
-0.210382
-0.209742
-0.20904
-0.208273
-0.207442
-0.206545
-0.205582
-0.20455
-0.20345
-0.20228
-0.201038
-0.199725
-0.198338
-0.196876
-0.195337
-0.19372
-0.192023
-0.190244
-0.188381
-0.186431
-0.184392
-0.18226
-0.180033
-0.177707
-0.175278
-0.172742
-0.170095
-0.167333
-0.16445
-0.161441
-0.158302
-0.155027
-0.151611
-0.148048
-0.144335
-0.140466
-0.136439
-0.132251
-0.127901
-0.123389
-0.118717
-0.113891
-0.108916
-0.103803
-0.0985651
-0.0932172
-0.0877789
-0.0822721
-0.076722
-0.0711563
-0.0656046
-0.0600985
-0.0546703
-0.0493527
-0.0441778
-0.0391763
-0.034377
-0.0298056
-0.0254847
-0.0214328
-0.0176643
-0.0141891
-0.0110126
-0.00813577
-0.00555528
-0.00326392
-0.00125102
0.000497085
0.0019965
0.00326521
0.00432254
0.00518865
0.00588398
0.0064289
0.00684328
0.00714618
0.00735565
0.00748846
0.00756004
0.00758438
0.00757396
0.00753982
0.00749156
0.00743738
0.00738421
0.00733777
0.00730269
0.00728259
0.0072802
0.0072972
0.00733554
0.0073953
0.0074768
0.0075798
0.00770367
0.0078475
0.00801014
0.00819028
0.00838646
0.00859713
0.00882066
0.00905542
0.00929973
0.00955195
0.00981044
0.0100736
0.0103399
0.0106079
0.0108761
0.0111431
0.0114077
0.0116687
0.0119248
0.0121751
0.0124184
0.012654
0.0128808
0.0130982
0.0133053
0.0135015
0.0136861
0.0138587
0.0140188
0.0141658
0.0142994
0.0144192
0.014525
0.0146166
0.0146936
0.0147559
0.0148034
0.0148361
0.0148537
0.0148565
0.0148442
0.014817
0.0147749
0.014718
0.0146464
0.0145602
0.0144596
0.0143448
0.0142158
0.014073
0.0139164
0.0137464
0.0135631
0.0133669
0.0131578
0.0129363
0.0127024
0.0124566
0.012199
0.0119299
0.0116495
0.0113583
0.0110563
0.0107439
0.0104213
0.0100888
0.0097466
0.00939503
0.00903432
0.00866471
0.00828645
0.00789978
0.00750494
0.00710216
0.00669168
0.00627373
0.00584852
0.00541628
0.00497722
0.00453155
0.00407948
0.0036212
0.00315691
0.00268679
0.00221106
0.00172963
0.00124396
0.000747811
0.000275088
-0.213327
-0.213569
-0.21364
-0.21369
-0.213715
-0.213715
-0.213688
-0.213627
-0.213528
-0.213386
-0.213198
-0.212961
-0.212671
-0.212328
-0.211928
-0.211471
-0.210955
-0.210378
-0.209739
-0.209038
-0.208273
-0.207444
-0.206548
-0.205586
-0.204556
-0.203457
-0.202288
-0.201048
-0.199736
-0.19835
-0.19689
-0.195353
-0.193738
-0.192043
-0.190266
-0.188405
-0.186458
-0.184421
-0.182292
-0.180069
-0.177746
-0.175321
-0.17279
-0.170149
-0.167392
-0.164515
-0.161513
-0.158382
-0.155114
-0.151707
-0.148154
-0.14445
-0.140591
-0.136575
-0.132397
-0.128057
-0.123555
-0.118893
-0.114076
-0.10911
-0.104005
-0.0987733
-0.0934309
-0.0879968
-0.0824931
-0.0769448
-0.0713797
-0.0658278
-0.0603206
-0.0548907
-0.0495708
-0.0443934
-0.0393891
-0.0345869
-0.0300128
-0.0256894
-0.0216353
-0.017865
-0.0143882
-0.0112103
-0.00833215
-0.00575038
-0.00345766
-0.00144318
0.000306825
0.00180855
0.00308008
0.0041408
0.0050109
0.00571086
0.00626104
0.0066813
0.00699067
0.00720713
0.0073474
0.00742684
0.00745934
0.00745732
0.00743172
0.00739207
0.00734649
0.00730183
0.00726376
0.00723683
0.0072246
0.00722975
0.007254
0.00729924
0.00736548
0.00745305
0.00756172
0.00769083
0.00783948
0.00800653
0.00819067
0.00839046
0.00860435
0.00883076
0.00906804
0.00931455
0.00956866
0.00982876
0.0100933
0.0103607
0.0106295
0.0108984
0.0111659
0.0114308
0.0116919
0.011948
0.0121981
0.0124413
0.0126765
0.0129029
0.0131197
0.0133262
0.0135218
0.0137058
0.0138777
0.014037
0.0141833
0.0143161
0.0144352
0.0145402
0.0146309
0.0147071
0.0147687
0.0148154
0.0148473
0.0148642
0.0148662
0.0148532
0.0148253
0.0147826
0.014725
0.0146528
0.014566
0.0144648
0.0143494
0.01422
0.0140766
0.0139196
0.0137491
0.0135654
0.0133688
0.0131593
0.0129374
0.0127032
0.0124571
0.0121992
0.0119298
0.0116492
0.0113577
0.0110555
0.0107429
0.0104201
0.0100874
0.00974514
0.00939344
0.00903261
0.00866289
0.00828453
0.00789777
0.00750286
0.00710001
0.00668948
0.00627148
0.00584623
0.00541396
0.00497488
0.00452919
0.00407712
0.00361884
0.00315457
0.00268447
0.0022088
0.00172742
0.00124202
0.000745683
0.000276061
-0.213288
-0.213572
-0.213639
-0.213687
-0.213711
-0.213713
-0.213688
-0.213631
-0.213535
-0.213396
-0.213211
-0.212975
-0.212688
-0.212346
-0.211948
-0.211492
-0.210977
-0.210402
-0.209764
-0.209064
-0.2083
-0.207472
-0.206577
-0.205616
-0.204587
-0.203489
-0.202321
-0.201082
-0.199772
-0.198387
-0.196929
-0.195393
-0.19378
-0.192087
-0.190313
-0.188454
-0.18651
-0.184476
-0.182351
-0.180131
-0.177813
-0.175394
-0.172868
-0.170232
-0.167482
-0.164613
-0.161619
-0.158496
-0.155238
-0.15184
-0.148297
-0.144603
-0.140755
-0.13675
-0.132583
-0.128253
-0.123762
-0.119109
-0.114301
-0.109342
-0.104244
-0.0990175
-0.0936793
-0.0882482
-0.0827463
-0.0771988
-0.0716336
-0.066081
-0.0605726
-0.0551412
-0.0498198
-0.0446409
-0.0396356
-0.0348328
-0.0302586
-0.0259357
-0.0218826
-0.0181136
-0.0146386
-0.0114626
-0.00858643
-0.00600643
-0.00371513
-0.00170153
4.82808e-05
0.00155065
0.00282376
0.00388708
0.00476085
0.00546557
0.00602158
0.00644869
0.00676588
0.00699103
0.00714076
0.00723033
0.0072735
0.00728257
0.00726837
0.0072403
0.00720637
0.00717334
0.00714675
0.0071311
0.00712986
0.00714565
0.00718011
0.00723503
0.0073106
0.00740701
0.00752394
0.00766076
0.00781658
0.00799026
0.0081805
0.00838586
0.00860481
0.00883579
0.00907717
0.00932733
0.00958466
0.00984758
0.0101145
0.010384
0.0106546
0.0109249
0.0111936
0.0114594
0.0117212
0.0119778
0.0122282
0.0124714
0.0127065
0.0129327
0.0131492
0.0133553
0.0135503
0.0137337
0.0139049
0.0140634
0.0142089
0.0143408
0.014459
0.0145631
0.0146529
0.0147281
0.0147887
0.0148345
0.0148654
0.0148814
0.0148824
0.0148685
0.0148397
0.0147961
0.0147377
0.0146646
0.014577
0.0144751
0.0143589
0.0142287
0.0140846
0.0139269
0.0137558
0.0135715
0.0133742
0.0131643
0.0129418
0.0127071
0.0124605
0.0122022
0.0119324
0.0116514
0.0113595
0.011057
0.0107441
0.010421
0.010088
0.00974547
0.00939354
0.00903249
0.00866257
0.00828402
0.00789709
0.00750202
0.00709904
0.00668837
0.00627025
0.0058449
0.00541254
0.00497337
0.00452762
0.00407549
0.00361717
0.00315288
0.00268278
0.00220713
0.00172582
0.00124057
0.000744424
0.000275661
-0.213284
-0.213612
-0.213676
-0.213722
-0.213746
-0.21375
-0.213728
-0.213674
-0.21358
-0.213443
-0.213259
-0.213025
-0.212739
-0.212398
-0.212
-0.211545
-0.21103
-0.210455
-0.209818
-0.209118
-0.208355
-0.207527
-0.206632
-0.205672
-0.204643
-0.203546
-0.202379
-0.201141
-0.199831
-0.198448
-0.196991
-0.195457
-0.193846
-0.192155
-0.190383
-0.188527
-0.186586
-0.184556
-0.182435
-0.180219
-0.177906
-0.175491
-0.172972
-0.170343
-0.1676
-0.164738
-0.161753
-0.158639
-0.15539
-0.152002
-0.148469
-0.144786
-0.140949
-0.136954
-0.132797
-0.128478
-0.123995
-0.119351
-0.11455
-0.109598
-0.104505
-0.0992829
-0.093948
-0.0885193
-0.0830191
-0.0774729
-0.0719086
-0.0663567
-0.0608493
-0.0554194
-0.0501
-0.044924
-0.0399223
-0.0351241
-0.0305554
-0.0262388
-0.0221926
-0.018431
-0.0149635
-0.011795
-0.00892591
-0.00635237
-0.0040666
-0.00205738
-0.00031057
0.00119034
0.00246365
0.00352892
0.0044064
0.00511659
0.00567976
0.00611564
0.00644307
0.00667979
0.00684227
0.00694558
0.00700331
0.00702759
0.00702905
0.00701693
0.0069991
0.00698215
0.0069715
0.00697151
0.00698559
0.00701628
0.00706551
0.00713354
0.00722228
0.0073312
0.00745987
0.00760772
0.00777385
0.00795711
0.00815621
0.00836972
0.00859615
0.00883392
0.00908146
0.00933716
0.00959946
0.00986678
0.0101376
0.0104105
0.010684
0.0109568
0.0112275
0.011495
0.0117582
0.0120158
0.012267
0.0125107
0.0127461
0.0129723
0.0131887
0.0133944
0.013589
0.0137718
0.0139422
0.0140999
0.0142444
0.0143754
0.0144925
0.0145955
0.0146841
0.0147582
0.0148176
0.0148622
0.0148919
0.0149067
0.0149065
0.0148914
0.0148614
0.0148166
0.014757
0.0146828
0.0145941
0.0144911
0.0143739
0.0142427
0.0140977
0.0139391
0.0137671
0.0135819
0.0133838
0.0131731
0.0129499
0.0127145
0.0124672
0.0122082
0.0119379
0.0116563
0.0113639
0.0110609
0.0107475
0.010424
0.0100906
0.00974766
0.00939537
0.00903398
0.00866375
0.00828491
0.00789772
0.00750239
0.00709918
0.0066883
0.00626998
0.00584445
0.00541192
0.00497261
0.00452672
0.00407448
0.00361607
0.00315171
0.00268158
0.00220593
0.00172469
0.00123942
0.000743966
0.000273095
-0.213332
-0.213702
-0.21376
-0.213805
-0.21383
-0.213834
-0.213813
-0.21376
-0.213667
-0.21353
-0.213345
-0.213111
-0.212824
-0.212482
-0.212084
-0.211628
-0.211112
-0.210536
-0.209899
-0.209198
-0.208434
-0.207606
-0.206711
-0.20575
-0.204722
-0.203625
-0.202458
-0.201221
-0.199911
-0.198529
-0.197073
-0.195541
-0.193931
-0.192242
-0.190472
-0.188619
-0.186681
-0.184654
-0.182537
-0.180326
-0.178018
-0.175609
-0.173096
-0.170473
-0.167738
-0.164884
-0.161907
-0.158801
-0.155562
-0.152183
-0.14866
-0.144987
-0.141159
-0.137173
-0.133025
-0.128714
-0.124238
-0.119601
-0.114806
-0.109859
-0.10477
-0.0995522
-0.0942206
-0.088795
-0.0832978
-0.0777549
-0.0721945
-0.0666474
-0.0611458
-0.0557229
-0.0504121
-0.045246
-0.0402559
-0.0354706
-0.0309161
-0.0266145
-0.022584
-0.0188383
-0.0153867
-0.0122334
-0.00937854
-0.00681779
-0.00454302
-0.0025427
-0.000802423
0.000694501
0.00196651
0.00303319
0.0039148
0.00463176
0.00520421
0.00565171
0.00599289
0.00624528
0.00642508
0.0065471
0.00662469
0.00666969
0.00669251
0.00670215
0.00670625
0.00671122
0.00672229
0.00674367
0.00677862
0.00682955
0.00689819
0.00698516
0.00709187
0.00721787
0.00736268
0.00752571
0.00770607
0.00790261
0.00811402
0.00833892
0.00857581
0.00882317
0.00907943
0.00934303
0.00961243
0.00988611
0.0101626
0.0104404
0.0107183
0.0109948
0.0112688
0.011539
0.0118043
0.0120638
0.0123163
0.012561
0.0127971
0.0130237
0.0132401
0.0134457
0.0136399
0.013822
0.0139917
0.0141485
0.014292
0.0144218
0.0145377
0.0146393
0.0147265
0.0147992
0.014857
0.0149001
0.0149283
0.0149415
0.0149397
0.0149231
0.0148915
0.0148452
0.0147841
0.0147085
0.0146184
0.0145139
0.0143954
0.0142628
0.0141165
0.0139567
0.0137835
0.0135972
0.0133981
0.0131863
0.0129621
0.0127258
0.0124775
0.0122177
0.0119465
0.0116642
0.0113711
0.0110674
0.0107533
0.0104292
0.0100953
0.00975177
0.00939898
0.00903712
0.00866645
0.0082872
0.00789962
0.00750393
0.00710038
0.00668919
0.00627059
0.00584479
0.00541201
0.00497247
0.00452639
0.00407396
0.00361541
0.00315093
0.00268073
0.00220503
0.00172389
0.0012384
0.000744264
0.000267822
-0.213448
-0.213852
-0.213903
-0.213944
-0.213965
-0.213968
-0.213945
-0.213889
-0.213793
-0.213654
-0.213467
-0.213229
-0.212939
-0.212595
-0.212194
-0.211736
-0.211218
-0.210641
-0.210001
-0.209299
-0.208534
-0.207704
-0.206808
-0.205846
-0.204817
-0.20372
-0.202553
-0.201315
-0.200007
-0.198625
-0.197169
-0.195638
-0.19403
-0.192343
-0.190575
-0.188725
-0.186789
-0.184766
-0.182653
-0.180446
-0.178143
-0.175738
-0.173231
-0.170616
-0.167887
-0.16504
-0.16207
-0.158972
-0.155741
-0.15237
-0.148854
-0.145189
-0.141369
-0.137389
-0.133248
-0.128943
-0.124473
-0.119841
-0.11505
-0.110107
-0.105022
-0.0998082
-0.094481
-0.0890603
-0.0835692
-0.0780336
-0.0724823
-0.0669462
-0.0614578
-0.0560505
-0.0507576
-0.0456119
-0.0406442
-0.0358832
-0.0313544
-0.0270796
-0.0230763
-0.0193577
-0.0159324
-0.012804
-0.00997217
-0.00743194
-0.00517473
-0.00318862
-0.00145894
3.12348e-05
0.00130042
0.00236824
0.00325484
0.00398051
0.00456517
0.0050281
0.00538762
0.00566092
0.00586384
0.00601082
0.00611485
0.00618744
0.00623866
0.00627718
0.00631037
0.00634437
0.00638419
0.00643383
0.00649637
0.00657405
0.0066685
0.00678052
0.00691094
0.00705949
0.00722568
0.00740886
0.00760812
0.00782232
0.00805016
0.00829027
0.00854119
0.00880143
0.00906945
0.00934375
0.00962281
0.00990518
0.0101894
0.0104741
0.010758
0.0110398
0.0113184
0.0115924
0.011861
0.0121231
0.0123777
0.012624
0.0128612
0.0130886
0.0133054
0.013511
0.0137049
0.0138865
0.0140554
0.0142112
0.0143535
0.0144819
0.0145963
0.0146963
0.0147818
0.0148526
0.0149087
0.0149498
0.014976
0.0149873
0.0149836
0.014965
0.0149315
0.0148832
0.0148202
0.0147427
0.0146507
0.0145445
0.0144242
0.0142899
0.014142
0.0139806
0.0138058
0.0136181
0.0134175
0.0132043
0.0129789
0.0127413
0.0124919
0.012231
0.0119587
0.0116754
0.0113813
0.0110767
0.0107618
0.0104368
0.0101022
0.00975795
0.00940449
0.009042
0.00867074
0.00829094
0.00790285
0.00750668
0.00710268
0.00669107
0.00627207
0.0058459
0.00541278
0.00497293
0.00452657
0.00407389
0.00361513
0.00315047
0.00268016
0.00220436
0.00172334
0.00123741
0.00074531
0.000259619
-0.21365
-0.214077
-0.214111
-0.214141
-0.214155
-0.214151
-0.214121
-0.214058
-0.213956
-0.21381
-0.213617
-0.213374
-0.21308
-0.21273
-0.212325
-0.211863
-0.211342
-0.210761
-0.210119
-0.209414
-0.208646
-0.207814
-0.206917
-0.205953
-0.204923
-0.203824
-0.202657
-0.201419
-0.20011
-0.198728
-0.197273
-0.195743
-0.194136
-0.19245
-0.190684
-0.188836
-0.186903
-0.184883
-0.182773
-0.18057
-0.178271
-0.175873
-0.17337
-0.170759
-0.168035
-0.165194
-0.16223
-0.159138
-0.155912
-0.152547
-0.149037
-0.145377
-0.141561
-0.137586
-0.133449
-0.129147
-0.124681
-0.120051
-0.115264
-0.110324
-0.105244
-0.100035
-0.0947139
-0.0893017
-0.0838214
-0.0782994
-0.0727647
-0.0672485
-0.0617836
-0.0564032
-0.0511407
-0.0460284
-0.0410969
-0.0363744
-0.0318857
-0.0276518
-0.0236895
-0.0200112
-0.0166244
-0.0135323
-0.0107335
-0.00822253
-0.00599016
-0.00402407
-0.00230923
-0.000828563
0.000436529
0.0015056
0.00239865
0.0031357
0.00373633
0.00421944
0.00460291
0.00490344
0.0051364
0.00531576
0.00545401
0.00556222
0.00565003
0.00572572
0.00579628
0.00586753
0.0059442
0.00603002
0.00612786
0.0062398
0.00636736
0.00651127
0.006672
0.0068494
0.00704294
0.00725191
0.00747539
0.00771223
0.00796117
0.00822086
0.00848986
0.00876673
0.00904998
0.00933815
0.0096298
0.00992351
0.0102179
0.0105117
0.0108036
0.0110924
0.011377
0.0116563
0.0119293
0.012195
0.0124526
0.0127012
0.0129402
0.0131687
0.0133862
0.0135921
0.0137858
0.0139669
0.014135
0.0142897
0.0144306
0.0145575
0.0146701
0.0147682
0.0148516
0.0149203
0.014974
0.0150129
0.0150367
0.0150455
0.0150394
0.0150183
0.0149824
0.0149317
0.0148664
0.0147865
0.0146922
0.0145837
0.0144612
0.0143249
0.0141749
0.0140114
0.0138348
0.0136451
0.0134428
0.0132279
0.0130008
0.0127616
0.0125108
0.0122484
0.0119748
0.0116902
0.0113949
0.0110891
0.0107731
0.0104472
0.0101115
0.00976641
0.00941209
0.0090488
0.00867679
0.00829628
0.00790752
0.00751073
0.00710615
0.00669399
0.00627448
0.00584783
0.00541428
0.00497402
0.00452728
0.00407427
0.00361522
0.00315032
0.00267983
0.00220388
0.00172301
0.00123643
0.0007471
0.000248588
-0.213959
-0.214387
-0.214391
-0.2144
-0.214396
-0.214376
-0.214333
-0.214258
-0.214145
-0.213989
-0.213787
-0.213536
-0.213234
-0.212878
-0.212467
-0.212
-0.211474
-0.210888
-0.210242
-0.209534
-0.208763
-0.207928
-0.207028
-0.206063
-0.205031
-0.203931
-0.202762
-0.201523
-0.200214
-0.198832
-0.197377
-0.195847
-0.194241
-0.192556
-0.190792
-0.188945
-0.187014
-0.184997
-0.182889
-0.180689
-0.178393
-0.175998
-0.173498
-0.170891
-0.168171
-0.165333
-0.162373
-0.159284
-0.156061
-0.152699
-0.149191
-0.145533
-0.141719
-0.137745
-0.133609
-0.129308
-0.124842
-0.120214
-0.115429
-0.110493
-0.105418
-0.100216
-0.094906
-0.0895077
-0.0840451
-0.0785451
-0.0730371
-0.0675524
-0.0621237
-0.0567843
-0.0515672
-0.0465042
-0.0416254
-0.0369579
-0.0325258
-0.028349
-0.0244433
-0.0208199
-0.0174854
-0.0144418
-0.0116869
-0.00921432
-0.00701432
-0.00507404
-0.00337815
-0.00190939
-0.000649172
0.000421911
0.0013236
0.0020755
0.00269676
0.00320573
0.00361969
0.00395475
0.00422566
0.00444577
0.00462699
0.0047798
0.00491333
0.00503536
0.00515245
0.00527002
0.00539244
0.00552314
0.00566473
0.00581918
0.00598776
0.00617106
0.00636934
0.00658245
0.00680985
0.00705077
0.00730426
0.00756919
0.00784433
0.00812835
0.00841986
0.00871745
0.00901972
0.00932526
0.00963268
0.00994066
0.0102479
0.0105531
0.0108552
0.0111529
0.0114453
0.0117313
0.01201
0.0122805
0.012542
0.0127937
0.013035
0.0132653
0.0134838
0.0136903
0.013884
0.0140647
0.0142319
0.0143854
0.0145248
0.0146499
0.0147604
0.0148563
0.0149373
0.0150034
0.0150544
0.0150905
0.0151115
0.0151174
0.0151083
0.0150843
0.0150454
0.0149918
0.0149236
0.0148408
0.0147438
0.0146325
0.0145074
0.0143684
0.0142158
0.0140499
0.0138709
0.013679
0.0134744
0.0132575
0.0130283
0.0127873
0.0125346
0.0122704
0.0119952
0.011709
0.0114122
0.011105
0.0107877
0.0104605
0.0101236
0.00977739
0.00942201
0.00905773
0.00868478
0.00830339
0.0079138
0.00751624
0.00711093
0.00669809
0.00627794
0.0058507
0.00541658
0.00497581
0.0045286
0.00407516
0.00361573
0.00315051
0.00267979
0.00220361
0.0017229
0.00123548
0.000749606
0.000235131
-0.214401
-0.214792
-0.214743
-0.214712
-0.214678
-0.214634
-0.21457
-0.214477
-0.214348
-0.214178
-0.213964
-0.213703
-0.213391
-0.213027
-0.212609
-0.212135
-0.211603
-0.211012
-0.210361
-0.209649
-0.208875
-0.208037
-0.207134
-0.206166
-0.205132
-0.20403
-0.20286
-0.20162
-0.20031
-0.198927
-0.197472
-0.195942
-0.194336
-0.192652
-0.190888
-0.189043
-0.187113
-0.185097
-0.182991
-0.180792
-0.178498
-0.176104
-0.173606
-0.171
-0.168281
-0.165444
-0.162484
-0.159395
-0.156172
-0.152808
-0.149299
-0.145639
-0.141823
-0.137847
-0.133708
-0.129405
-0.124939
-0.120311
-0.115528
-0.110597
-0.105529
-0.10034
-0.0950457
-0.0896687
-0.084233
-0.0787658
-0.0732969
-0.0678576
-0.0624806
-0.0571988
-0.0520446
-0.0470491
-0.0422413
-0.0376474
-0.0332901
-0.0291881
-0.0253557
-0.0218028
-0.0185347
-0.0155523
-0.0128521
-0.0104271
-0.00826666
-0.00635754
-0.00468407
-0.00322891
-0.00197356
-0.00089887
1.44927e-05
0.000785623
0.00143303
0.00197438
0.00242623
0.00280391
0.00312143
0.00339138
0.00362497
0.003832
0.00402096
0.00419906
0.00437235
0.00454578
0.00472331
0.00490803
0.0051023
0.00530785
0.00552569
0.00575622
0.00599961
0.00625563
0.00652369
0.00680298
0.00709255
0.00739129
0.00769797
0.0080113
0.00832995
0.00865259
0.00897785
0.00930442
0.00963099
0.0099563
0.0102791
0.0105983
0.0109128
0.0112215
0.0115235
0.0118178
0.0121036
0.0123801
0.0126465
0.0129022
0.0131466
0.0133791
0.0135992
0.0138065
0.0140004
0.0141808
0.0143472
0.0144994
0.0146371
0.0147601
0.0148683
0.0149616
0.0150398
0.0151029
0.0151508
0.0151836
0.0152012
0.0152037
0.0151912
0.0151637
0.0151213
0.0150643
0.0149926
0.0149064
0.014806
0.0146916
0.0145632
0.0144211
0.0142655
0.0140967
0.0139149
0.0137202
0.013513
0.0132935
0.013062
0.0128186
0.0125637
0.0122975
0.0120202
0.0117322
0.0114336
0.0111247
0.0108057
0.010477
0.0101387
0.00979114
0.00943449
0.009069
0.00869492
0.00831247
0.00792189
0.00752338
0.00711719
0.00670352
0.00628259
0.00585463
0.00541983
0.00497843
0.00453063
0.00407666
0.00361676
0.00315113
0.00268009
0.00220362
0.00172306
0.00123465
0.000752751
0.000219902
-0.21501
-0.215299
-0.215162
-0.215067
-0.214985
-0.214905
-0.214812
-0.214695
-0.214546
-0.21436
-0.214132
-0.213858
-0.213536
-0.213164
-0.212737
-0.212256
-0.211718
-0.211122
-0.210467
-0.20975
-0.208972
-0.20813
-0.207225
-0.206254
-0.205218
-0.204114
-0.202942
-0.201701
-0.200389
-0.199006
-0.19755
-0.19602
-0.194413
-0.192729
-0.190965
-0.18912
-0.18719
-0.185173
-0.183067
-0.180868
-0.178573
-0.176178
-0.173678
-0.17107
-0.168349
-0.16551
-0.162546
-0.159453
-0.156225
-0.152856
-0.149341
-0.145675
-0.141853
-0.137871
-0.133727
-0.12942
-0.124951
-0.120324
-0.115544
-0.110621
-0.105565
-0.100393
-0.0951226
-0.0897764
-0.0843789
-0.0789577
-0.0735428
-0.0681653
-0.0628577
-0.0576521
-0.0525803
-0.0476722
-0.0429555
-0.038455
-0.0341917
-0.0301827
-0.0264408
-0.0229741
-0.0197865
-0.0168774
-0.0142423
-0.0118732
-0.00975872
-0.00788514
-0.00623657
-0.00479567
-0.00354415
-0.00246326
-0.00153423
-0.000738642
-5.87676e-05
0.000522194
0.00101992
0.00144885
0.00182208
0.00215134
0.00244699
0.00271807
0.00297235
0.00321639
0.00345564
0.00369453
0.00393656
0.00418444
0.00444028
0.00470553
0.00498081
0.00526644
0.00556247
0.00586856
0.00618407
0.00650818
0.0068399
0.00717814
0.00752171
0.00786936
0.00821984
0.00857184
0.00892412
0.00927542
0.00962454
0.0099703
0.0103116
0.0106474
0.0109766
0.0112984
0.0116118
0.011916
0.0122103
0.012494
0.0127665
0.0130271
0.0132753
0.0135106
0.0137327
0.0139411
0.0141355
0.0143156
0.0144812
0.014632
0.0147679
0.0148887
0.0149943
0.0150846
0.0151597
0.0152193
0.0152637
0.0152927
0.0153065
0.015305
0.0152885
0.015257
0.0152106
0.0151495
0.0150738
0.0149838
0.0148795
0.0147612
0.0146291
0.0144834
0.0143243
0.0141521
0.0139669
0.0137691
0.0135589
0.0133364
0.0131021
0.012856
0.0125985
0.0123298
0.0120502
0.01176
0.0114593
0.0111484
0.0108275
0.010497
0.0101571
0.00980788
0.00944973
0.00908283
0.00870742
0.00832372
0.00793196
0.00753235
0.00712511
0.00671046
0.00628862
0.00585978
0.00542418
0.00498202
0.00453352
0.00407891
0.00361843
0.00315228
0.00268085
0.00220399
0.00172354
0.00123403
0.000756404
0.00020376
-0.215836
-0.215909
-0.215632
-0.21544
-0.215292
-0.215165
-0.215036
-0.214892
-0.214721
-0.214517
-0.214275
-0.213989
-0.213656
-0.213274
-0.212841
-0.212353
-0.211809
-0.211208
-0.210548
-0.209827
-0.209045
-0.208201
-0.207293
-0.20632
-0.205281
-0.204175
-0.203001
-0.201759
-0.200446
-0.199061
-0.197604
-0.196072
-0.194464
-0.192779
-0.191013
-0.189166
-0.187234
-0.185215
-0.183106
-0.180904
-0.178605
-0.176205
-0.173701
-0.171087
-0.168359
-0.165512
-0.162541
-0.159439
-0.156201
-0.152822
-0.149297
-0.14562
-0.141787
-0.137796
-0.133644
-0.129332
-0.124861
-0.120235
-0.11546
-0.110548
-0.105511
-0.100364
-0.0951272
-0.0898235
-0.0844778
-0.0791181
-0.0737742
-0.068477
-0.0632584
-0.0581495
-0.053181
-0.0483813
-0.0437766
-0.0393897
-0.0352398
-0.031342
-0.0277071
-0.0243416
-0.0212475
-0.0184228
-0.0158619
-0.0135556
-0.011492
-0.00965689
-0.00803431
-0.00660703
-0.00535711
-0.00426637
-0.00331675
-0.0024907
-0.00177143
-0.00114315
-0.000591227
-0.000102258
0.000335826
0.000733777
0.00110103
0.00144576
0.00177492
0.00209438
0.00240893
0.00272244
0.00303791
0.00335765
0.00368354
0.00401649
0.00435696
0.00470514
0.00506092
0.00542387
0.00579329
0.00616831
0.00654795
0.00693114
0.00731671
0.00770347
0.00809023
0.00847577
0.00885893
0.00923854
0.00961349
0.00998272
0.0103452
0.0107001
0.0110463
0.0113832
0.0117099
0.0120257
0.0123299
0.0126221
0.0129016
0.0131679
0.0134207
0.0136595
0.013884
0.0140939
0.014289
0.014469
0.0146338
0.0147832
0.0149171
0.0150354
0.0151382
0.0152253
0.0152968
0.0153527
0.015393
0.0154178
0.0154272
0.0154213
0.0154003
0.0153642
0.0153133
0.0152476
0.0151674
0.0150729
0.0149642
0.0148416
0.0147052
0.0145554
0.0143923
0.0142162
0.0140273
0.0138258
0.0136121
0.0133863
0.0131487
0.0128996
0.0126391
0.0123676
0.0120854
0.0117925
0.0114894
0.0111762
0.0108532
0.0105207
0.0101788
0.00982778
0.0094679
0.00909938
0.00872244
0.0083373
0.00794418
0.00754329
0.00713485
0.00671907
0.00629616
0.00586632
0.00542978
0.00498674
0.00453742
0.00408205
0.00362087
0.00315411
0.00268217
0.00220483
0.00172441
0.00123371
0.000760377
0.000187694
-0.216957
-0.216613
-0.216124
-0.215798
-0.215566
-0.215383
-0.215216
-0.215044
-0.214852
-0.214631
-0.214375
-0.214079
-0.213737
-0.213348
-0.212908
-0.212415
-0.211866
-0.211261
-0.210597
-0.209873
-0.209088
-0.208241
-0.20733
-0.206355
-0.205314
-0.204206
-0.203031
-0.201786
-0.200471
-0.199084
-0.197624
-0.19609
-0.194479
-0.19279
-0.191021
-0.189169
-0.187232
-0.185208
-0.183093
-0.180884
-0.178577
-0.176169
-0.173655
-0.171031
-0.168291
-0.165432
-0.162446
-0.15933
-0.156077
-0.152683
-0.149142
-0.14545
-0.141604
-0.137601
-0.133439
-0.12912
-0.124647
-0.120024
-0.11526
-0.110365
-0.105353
-0.100242
-0.095051
-0.0898037
-0.0845257
-0.079245
-0.073991
-0.0687942
-0.0636855
-0.0586948
-0.0538512
-0.0491813
-0.0447092
-0.0404557
-0.0364377
-0.0326681
-0.0291555
-0.0259044
-0.022915
-0.020184
-0.0177042
-0.0154657
-0.013456
-0.0116605
-0.0100634
-0.00864763
-0.00739585
-0.00629057
-0.00531466
-0.00445158
-0.00368566
-0.00300225
-0.00238789
-0.00183035
-0.00131868
-0.000843204
-0.000395495
3.16878e-05
0.000444463
0.000847911
0.00124616
0.00164247
0.00203938
0.00243874
0.00284206
0.00324982
0.00366236
0.00407969
0.00450154
0.00492737
0.00535642
0.0057878
0.00622052
0.00665351
0.00708567
0.00751586
0.00794294
0.0083658
0.00878334
0.00919452
0.00959833
0.00999381
0.0103801
0.0107563
0.0111217
0.0114755
0.0118172
0.0121461
0.0124616
0.0127634
0.013051
0.0133239
0.0135819
0.0138248
0.0140522
0.0142639
0.0144599
0.01464
0.014804
0.014952
0.0150838
0.0151996
0.0152993
0.0153829
0.0154505
0.0155022
0.015538
0.0155582
0.0155629
0.0155521
0.015526
0.0154849
0.0154289
0.0153581
0.0152729
0.0151734
0.0150598
0.0149324
0.0147913
0.0146369
0.0144693
0.0142888
0.0140957
0.0138902
0.0136726
0.013443
0.0132018
0.0129492
0.0126855
0.0124109
0.0121256
0.0118299
0.0115241
0.0112083
0.0108829
0.010548
0.010204
0.00985091
0.0094891
0.00911875
0.00874008
0.00835332
0.00795866
0.00755633
0.00714653
0.00672947
0.00630535
0.00587438
0.00543676
0.00499272
0.00454246
0.00408621
0.00362422
0.00315672
0.00268416
0.00220624
0.00172573
0.0012338
0.000764439
0.000172753
-0.21849
-0.217384
-0.216592
-0.216096
-0.215766
-0.215526
-0.215323
-0.215128
-0.214919
-0.214686
-0.214421
-0.214117
-0.213769
-0.213375
-0.212931
-0.212434
-0.211882
-0.211274
-0.210608
-0.209882
-0.209095
-0.208245
-0.207332
-0.206355
-0.205312
-0.204201
-0.203023
-0.201775
-0.200457
-0.199066
-0.197602
-0.196063
-0.194447
-0.192752
-0.190976
-0.189117
-0.187172
-0.185139
-0.183013
-0.180793
-0.178473
-0.176051
-0.173522
-0.170881
-0.168124
-0.165245
-0.16224
-0.159103
-0.15583
-0.152415
-0.148853
-0.145142
-0.141279
-0.137261
-0.133089
-0.128764
-0.124291
-0.119676
-0.114927
-0.110058
-0.105082
-0.100018
-0.0948869
-0.0897121
-0.0845194
-0.0793368
-0.074193
-0.0691178
-0.0641405
-0.0592897
-0.0545922
-0.0500727
-0.0457529
-0.041651
-0.0377815
-0.0341548
-0.0307773
-0.0276514
-0.0247754
-0.0221444
-0.0197503
-0.0175822
-0.0156271
-0.0138705
-0.0122965
-0.0108887
-0.00963042
-0.0085051
-0.00749667
-0.00658977
-0.00576998
-0.00502394
-0.00433946
-0.00370557
-0.00311253
-0.00255179
-0.00201599
-0.00149886
-0.000995146
-0.000500567
-1.1691e-05
0.000474134
0.000958832
0.00144428
0.00193095
0.00241929
0.00290946
0.00340129
0.00389432
0.00438792
0.00488126
0.00537345
0.00586347
0.00635029
0.00683284
0.00731004
0.00778083
0.00824418
0.00869908
0.00914461
0.00957985
0.010004
0.0104162
0.0108158
0.0112022
0.0115747
0.0119329
0.0122762
0.0126042
0.0129167
0.0132132
0.0134935
0.0137575
0.0140049
0.0142357
0.0144496
0.0146467
0.014827
0.0149903
0.0151369
0.0152666
0.0153796
0.015476
0.0155559
0.0156193
0.0156665
0.0156976
0.0157128
0.0157123
0.0156961
0.0156647
0.0156181
0.0155565
0.0154803
0.0153895
0.0152846
0.0151656
0.0150329
0.0148867
0.0147272
0.0145548
0.0143696
0.0141718
0.0139619
0.0137399
0.0135063
0.0132611
0.0130047
0.0127374
0.0124593
0.0121707
0.0118719
0.0115631
0.0112445
0.0109164
0.010579
0.0102326
0.00987725
0.0095133
0.00914093
0.00876036
0.0083718
0.00797546
0.00757153
0.00716023
0.00674175
0.00631629
0.00588405
0.00544524
0.00500006
0.00454874
0.0040915
0.00362859
0.00316023
0.00268693
0.0022083
0.00172754
0.00123438
0.000768341
0.000159958
-0.220592
-0.21816
-0.216972
-0.216279
-0.215851
-0.215562
-0.215334
-0.215125
-0.214908
-0.21467
-0.214401
-0.214095
-0.213746
-0.21335
-0.212904
-0.212406
-0.211853
-0.211244
-0.210576
-0.209849
-0.20906
-0.208209
-0.207294
-0.206314
-0.205268
-0.204154
-0.202972
-0.201719
-0.200396
-0.198999
-0.197528
-0.195982
-0.194357
-0.192653
-0.190866
-0.188995
-0.187037
-0.184989
-0.182848
-0.18061
-0.178272
-0.175829
-0.173278
-0.170614
-0.167832
-0.164928
-0.161896
-0.158733
-0.155432
-0.151991
-0.148405
-0.144671
-0.140788
-0.136754
-0.132572
-0.128244
-0.123775
-0.119173
-0.114449
-0.109615
-0.104687
-0.0996853
-0.09463
-0.0895454
-0.0844573
-0.0793929
-0.0743803
-0.0694477
-0.0646231
-0.0599328
-0.0554014
-0.0510511
-0.0469008
-0.0429661
-0.0392588
-0.0357867
-0.0325538
-0.0295604
-0.0268031
-0.0242756
-0.0219686
-0.0198708
-0.0179687
-0.016248
-0.0146932
-0.0132885
-0.0120182
-0.0108668
-0.00981941
-0.00886208
-0.00798172
-0.00716635
-0.00640513
-0.0056884
-0.00500766
-0.00435555
-0.00372576
-0.003113
-0.00251292
-0.001922
-0.0013375
-0.000757315
-0.000180089
0.00039553
0.000969714
0.0015427
0.0021144
0.00268445
0.00325224
0.00381704
0.004378
0.00493416
0.00548453
0.00602808
0.0065638
0.00709066
0.00760767
0.00811389
0.00860843
0.00909042
0.00955909
0.0100137
0.0104537
0.0108783
0.0112871
0.0116797
0.0120555
0.0124144
0.0127559
0.0130799
0.0133862
0.0136746
0.0139451
0.0141976
0.0144321
0.0146485
0.014847
0.0150276
0.0151904
0.0153355
0.0154631
0.0155733
0.0156662
0.0157422
0.0158013
0.0158438
0.0158698
0.0158797
0.0158736
0.0158519
0.0158146
0.0157621
0.0156947
0.0156126
0.015516
0.0154052
0.0152805
0.0151422
0.0149905
0.0148256
0.0146479
0.0144575
0.0142549
0.0140401
0.0138136
0.0135755
0.0133261
0.0130656
0.0127944
0.0125125
0.0122204
0.0119182
0.0116062
0.0112846
0.0109536
0.0106135
0.0102644
0.00990665
0.00954039
0.00916584
0.00878321
0.00839271
0.00799453
0.00758887
0.00717593
0.0067559
0.00632898
0.00589536
0.00545524
0.00500883
0.00455634
0.00409799
0.00363404
0.00316472
0.00269055
0.00221109
0.00172987
0.0012355
0.000771831
0.000150246
-0.223509
-0.218808
-0.217164
-0.216301
-0.215784
-0.215464
-0.215233
-0.215026
-0.214813
-0.214579
-0.214314
-0.214011
-0.213665
-0.213271
-0.212827
-0.212331
-0.211779
-0.21117
-0.210502
-0.209773
-0.208983
-0.20813
-0.207211
-0.206228
-0.205177
-0.204058
-0.202869
-0.20161
-0.200278
-0.198872
-0.197391
-0.195833
-0.194195
-0.192477
-0.190674
-0.188786
-0.186808
-0.184739
-0.182575
-0.180313
-0.177949
-0.175478
-0.172898
-0.170203
-0.16739
-0.164453
-0.161388
-0.158191
-0.154858
-0.151386
-0.147772
-0.144013
-0.140109
-0.136061
-0.131871
-0.127544
-0.123086
-0.118506
-0.113815
-0.109029
-0.104165
-0.0992404
-0.0942787
-0.0893032
-0.0843393
-0.0794135
-0.0745525
-0.069783
-0.0651306
-0.0606195
-0.0562716
-0.0521061
-0.0481393
-0.0443837
-0.0408482
-0.0375383
-0.0344555
-0.0315981
-0.0289611
-0.0265369
-0.0243155
-0.0222849
-0.0204319
-0.0187423
-0.0172012
-0.0157938
-0.0145054
-0.0133218
-0.0122294
-0.0112158
-0.0102691
-0.00937903
-0.00853599
-0.00773169
-0.00695888
-0.00621134
-0.00548385
-0.00477206
-0.00407246
-0.00338231
-0.00269954
-0.00202273
-0.00135042
-0.000682511
-1.87225e-05
0.000640923
0.00129609
0.0019462
0.00259056
0.00322833
0.00385861
0.00448043
0.00509279
0.0056947
0.00628516
0.00686322
0.00742795
0.0079785
0.00851406
0.00903387
0.00953727
0.0100236
0.0104924
0.0109432
0.0113755
0.0117891
0.0121835
0.0125587
0.0129145
0.0132508
0.0135674
0.0138645
0.0141419
0.0143999
0.0146384
0.0148576
0.0150577
0.0152388
0.0154011
0.0155449
0.0156703
0.0157776
0.0158671
0.0159391
0.0159937
0.0160313
0.0160521
0.0160565
0.0160447
0.016017
0.0159737
0.0159152
0.0158416
0.0157533
0.0156505
0.0155337
0.015403
0.0152587
0.0151011
0.0149306
0.0147473
0.0145516
0.0143438
0.014124
0.0138926
0.0136498
0.0133959
0.0131311
0.0128557
0.01257
0.0122741
0.0119684
0.011653
0.0113281
0.0109941
0.010651
0.0102992
0.00993885
0.00957014
0.00919327
0.00880845
0.00841588
0.00801574
0.00760824
0.00719356
0.00677188
0.0063434
0.0059083
0.00546677
0.00501902
0.00456526
0.00410571
0.00364062
0.00317022
0.00269505
0.00221463
0.00173271
0.0012372
0.000774676
0.000144396
-0.227905
-0.219199
-0.216973
-0.216148
-0.215567
-0.21523
-0.215021
-0.214836
-0.214639
-0.214417
-0.214164
-0.21387
-0.213531
-0.213143
-0.212704
-0.21221
-0.21166
-0.211051
-0.210383
-0.209653
-0.20886
-0.208003
-0.20708
-0.20609
-0.205032
-0.203905
-0.202707
-0.201437
-0.200093
-0.198673
-0.197177
-0.195601
-0.193945
-0.192206
-0.190381
-0.188468
-0.186465
-0.184367
-0.182173
-0.179879
-0.17748
-0.174974
-0.172357
-0.169623
-0.16677
-0.163794
-0.16069
-0.157454
-0.154085
-0.150578
-0.146933
-0.143149
-0.139225
-0.135165
-0.130973
-0.126653
-0.122214
-0.117667
-0.113024
-0.1083
-0.103514
-0.0986852
-0.0938354
-0.0889881
-0.084168
-0.0794001
-0.0747097
-0.0701213
-0.0656581
-0.0613415
-0.0571906
-0.0532217
-0.0494477
-0.0458784
-0.04252
-0.0393753
-0.0364436
-0.0337214
-0.0312024
-0.0288779
-0.0267373
-0.0247685
-0.0229585
-0.0212936
-0.0197598
-0.0183433
-0.0170307
-0.0158091
-0.0146664
-0.0135916
-0.0125745
-0.011606
-0.0106781
-0.00978366
-0.00891671
-0.00807214
-0.00724573
-0.00643404
-0.00563434
-0.00484461
-0.00406348
-0.00328976
-0.00252286
-0.0017628
-0.00100956
-0.000263447
0.000474983
0.00120502
0.00192583
0.00263653
0.00333616
0.00402372
0.00469822
0.00535868
0.00600416
0.00663374
0.00724658
0.00784188
0.00841892
0.00897704
0.00951567
0.0100343
0.0105325
0.0110099
0.0114663
0.0119013
0.0123149
0.012707
0.0130774
0.0134264
0.0137538
0.0140598
0.0143446
0.0146083
0.0148511
0.0150733
0.0152752
0.015457
0.015619
0.0157615
0.0158848
0.0159893
0.0160754
0.0161433
0.0161934
0.016226
0.0162415
0.0162403
0.0162226
0.0161889
0.0161395
0.0160746
0.0159947
0.0159001
0.015791
0.0156679
0.015531
0.0153806
0.0152171
0.0150407
0.0148517
0.0146504
0.0144372
0.0142122
0.0139757
0.0137281
0.0134696
0.0132003
0.0129207
0.0126309
0.0123311
0.0120216
0.0117027
0.0113745
0.0110372
0.0106912
0.0103365
0.00997346
0.00960218
0.00922289
0.00883579
0.00844106
0.00803888
0.00762945
0.00721294
0.00678953
0.00635941
0.00592275
0.00547974
0.00503058
0.00457547
0.00411463
0.00364831
0.00317673
0.00270043
0.00221894
0.00173606
0.00123949
0.00077669
0.000142962
-0.23414
-0.219283
-0.216281
-0.215822
-0.215262
-0.2149
-0.214726
-0.214579
-0.214407
-0.214204
-0.213966
-0.213684
-0.213354
-0.212973
-0.212538
-0.212047
-0.211498
-0.210889
-0.210219
-0.209486
-0.208688
-0.207824
-0.206894
-0.205895
-0.204826
-0.203686
-0.202474
-0.201187
-0.199826
-0.198387
-0.196869
-0.19527
-0.193588
-0.191821
-0.189966
-0.188021
-0.185983
-0.183849
-0.181617
-0.179282
-0.176841
-0.174292
-0.171629
-0.16885
-0.165951
-0.162929
-0.15978
-0.156503
-0.153093
-0.149551
-0.145876
-0.142067
-0.138128
-0.134062
-0.129873
-0.12557
-0.121162
-0.11666
-0.112079
-0.107434
-0.102743
-0.0980274
-0.0933078
-0.088607
-0.0839486
-0.0793559
-0.0748522
-0.0704595
-0.0661984
-0.0620874
-0.0581423
-0.0543764
-0.0507996
-0.0474187
-0.0442373
-0.0412558
-0.0384717
-0.0358797
-0.0334726
-0.0312408
-0.0291735
-0.0272588
-0.0254842
-0.0238366
-0.0223031
-0.0208712
-0.0195287
-0.0182642
-0.0170673
-0.0159282
-0.0148383
-0.0137898
-0.0127761
-0.0117914
-0.0108308
-0.00989021
-0.00896631
-0.0080565
-0.00715878
-0.00627172
-0.00539469
-0.00452673
-0.00366781
-0.00281807
-0.00197783
-0.00114765
-0.000328243
0.000479552
0.00127482
0.00205659
0.00282386
0.00357563
0.0043109
0.00502872
0.00572816
0.00640837
0.00706854
0.00770796
0.00832597
0.00892201
0.00949557
0.0100463
0.0105737
0.0110777
0.0115581
0.0120147
0.0124475
0.0128565
0.0132418
0.0136036
0.0139419
0.0142571
0.0145494
0.0148191
0.0150664
0.0152918
0.0154956
0.0156782
0.01584
0.0159813
0.0161027
0.0162045
0.0162872
0.0163511
0.0163967
0.0164244
0.0164347
0.0164279
0.0164044
0.0163646
0.016309
0.0162378
0.0161516
0.0160505
0.0159351
0.0158056
0.0156625
0.0155059
0.0153363
0.015154
0.0149592
0.0147523
0.0145336
0.0143033
0.0140618
0.0138092
0.0135459
0.0132722
0.0129882
0.0126942
0.0123904
0.0120772
0.0117546
0.011423
0.0110825
0.0107334
0.0103758
0.01001
0.00963606
0.0092543
0.00886485
0.00846791
0.00806364
0.00765222
0.00723383
0.00680864
0.00637682
0.00593856
0.00549401
0.00504338
0.00458686
0.00412466
0.00365703
0.00318419
0.00270666
0.00222398
0.00173989
0.00124236
0.000777769
0.000146227
)
;

boundaryField
{
    inlet
    {
        type            zeroGradient;
    }
    outlet
    {
        type            fixedValue;
        value           uniform 0;
    }
    walls
    {
        type            zeroGradient;
    }
    frontAndBack
    {
        type            empty;
    }
}


// ************************************************************************* //
