/*--------------------------------*- C++ -*----------------------------------*\
  =========                 |
  \\      /  F ield         | OpenFOAM: The Open Source CFD Toolbox
   \\    /   O peration     | Website:  https://openfoam.org
    \\  /    A nd           | Version:  11
     \\/     M anipulation  |
\*---------------------------------------------------------------------------*/
FoamFile
{
    format      ascii;
    class       volScalarField;
    location    "2";
    object      p;
}
// * * * * * * * * * * * * * * * * * * * * * * * * * * * * * * * * * * * * * //

dimensions      [0 2 -2 0 0 0 0];

internalField   nonuniform List<scalar> 
4096
(
-3.75001e-08
0.00917894
0.0272065
0.0533876
0.0867221
0.125932
0.169513
0.215788
0.26298
0.309274
0.35289
0.39215
0.425541
0.451781
0.469856
0.479072
0.479072
0.469856
0.451781
0.425541
0.39215
0.35289
0.309274
0.26298
0.215788
0.169513
0.125932
0.0867221
0.0533876
0.0272065
0.00917894
-3.67525e-08
-3.5796e-08
0.00917632
0.0271966
0.0533717
0.0867015
0.125907
0.169483
0.215754
0.262941
0.309231
0.352842
0.392097
0.425485
0.451722
0.469794
0.479009
0.479009
0.469794
0.451722
0.425485
0.392097
0.352842
0.309231
0.262941
0.215754
0.169483
0.125907
0.0867014
0.0533716
0.0271966
0.00917631
-4.04411e-08
0.00917632
0.0183572
0.0363926
0.0625833
0.0959256
0.135143
0.17873
0.225012
0.272211
0.318512
0.362133
0.401398
0.434795
0.461039
0.479117
0.488336
0.488336
0.479117
0.461039
0.434795
0.401398
0.362133
0.318512
0.272211
0.225012
0.17873
0.135143
0.0959256
0.0625833
0.0363926
0.0183572
0.00917632
0.00917894
0.0183572
0.0363765
0.0625513
0.0958803
0.135085
0.178658
0.224927
0.272112
0.318399
0.362007
0.401258
0.434643
0.460876
0.478947
0.48816
0.48816
0.478947
0.460876
0.434643
0.401258
0.362007
0.318399
0.272112
0.224927
0.178658
0.135085
0.0958803
0.0625513
0.0363765
0.0183572
0.00917894
0.0271966
0.0363765
0.0544171
0.080617
0.113968
0.153194
0.196789
0.24308
0.290286
0.336595
0.380224
0.419496
0.452899
0.479148
0.49723
0.506451
0.506451
0.49723
0.479148
0.452899
0.419496
0.380224
0.336595
0.290286
0.24308
0.196789
0.153194
0.113968
0.080617
0.0544171
0.0363765
0.0271966
0.0272065
0.0363926
0.0544171
0.080596
0.113928
0.153134
0.196708
0.242977
0.290161
0.336445
0.380051
0.4193
0.452682
0.478913
0.496981
0.506192
0.506192
0.496981
0.478913
0.452682
0.4193
0.380051
0.336445
0.290161
0.242977
0.196708
0.153134
0.113928
0.080596
0.0544171
0.0363926
0.0272065
0.0533717
0.0625513
0.080596
0.106804
0.140163
0.179398
0.223002
0.269301
0.316517
0.362834
0.406471
0.44575
0.47916
0.505415
0.523501
0.532725
0.532725
0.523501
0.505415
0.47916
0.44575
0.406471
0.362834
0.316517
0.269301
0.223002
0.179398
0.140163
0.106804
0.080596
0.0625513
0.0533717
0.0533876
0.0625833
0.080617
0.106804
0.140142
0.179353
0.222931
0.269201
0.316386
0.36267
0.406275
0.445522
0.478902
0.50513
0.523196
0.532406
0.532406
0.523196
0.50513
0.478902
0.445522
0.406275
0.36267
0.316386
0.269201
0.222931
0.179353
0.140142
0.106804
0.080617
0.0625833
0.0533876
0.0867015
0.0958803
0.113928
0.140142
0.173509
0.212752
0.256365
0.302673
0.349897
0.396223
0.439869
0.479156
0.512573
0.538834
0.556925
0.566152
0.566152
0.556925
0.538834
0.512573
0.479156
0.439869
0.396223
0.349897
0.302673
0.256365
0.212752
0.173509
0.140142
0.113928
0.0958803
0.0867015
0.0867221
0.0959256
0.113968
0.140163
0.173509
0.212727
0.25631
0.302584
0.349771
0.396057
0.439661
0.478908
0.512286
0.538512
0.556577
0.565784
0.565784
0.556577
0.538512
0.512286
0.478908
0.439661
0.396057
0.349771
0.302584
0.25631
0.212727
0.173509
0.140163
0.113968
0.0959256
0.0867221
0.125907
0.135085
0.153134
0.179353
0.212727
0.251976
0.295597
0.341914
0.389147
0.43548
0.479134
0.518429
0.551854
0.57812
0.596216
0.605447
0.605447
0.596216
0.57812
0.551854
0.518429
0.479134
0.43548
0.389147
0.341914
0.295597
0.251976
0.212727
0.179353
0.153134
0.135085
0.125907
0.125932
0.135143
0.153194
0.179398
0.212752
0.251976
0.295566
0.341845
0.389035
0.435323
0.478928
0.518174
0.551551
0.577775
0.595838
0.605044
0.605044
0.595838
0.577775
0.551551
0.518174
0.478928
0.435323
0.389035
0.341845
0.295566
0.251976
0.212752
0.179398
0.153194
0.135143
0.125932
0.169483
0.178658
0.196708
0.222931
0.25631
0.295566
0.339193
0.385517
0.432757
0.479099
0.52276
0.562063
0.595494
0.621767
0.639868
0.649102
0.649102
0.639868
0.621767
0.595494
0.562063
0.52276
0.479099
0.432757
0.385517
0.339193
0.295566
0.25631
0.222931
0.196708
0.178658
0.169483
0.169513
0.17873
0.196789
0.223002
0.256365
0.295597
0.339193
0.385477
0.432672
0.478962
0.522568
0.561814
0.595191
0.621414
0.639475
0.648678
0.648678
0.639475
0.621414
0.595191
0.561814
0.522568
0.478962
0.432672
0.385477
0.339193
0.295597
0.256365
0.223002
0.196789
0.17873
0.169513
0.215754
0.224927
0.242977
0.269201
0.302584
0.341845
0.385477
0.431807
0.479054
0.525403
0.569071
0.60838
0.641818
0.668096
0.686202
0.695439
0.695439
0.686202
0.668096
0.641818
0.60838
0.569071
0.525403
0.479054
0.431807
0.385477
0.341845
0.302584
0.269201
0.242977
0.224927
0.215754
0.215788
0.225012
0.24308
0.269301
0.302673
0.341914
0.385517
0.431807
0.479006
0.5253
0.568908
0.608154
0.64153
0.667751
0.685811
0.695012
0.695012
0.685811
0.667751
0.64153
0.608154
0.568908
0.5253
0.479006
0.431807
0.385517
0.341914
0.302673
0.269301
0.24308
0.225012
0.215788
0.262941
0.272112
0.290161
0.316386
0.349771
0.389035
0.432672
0.479006
0.526258
0.572612
0.616286
0.655601
0.689044
0.715328
0.733438
0.742679
0.742679
0.733438
0.715328
0.689044
0.655601
0.616286
0.572612
0.526258
0.479006
0.432672
0.389035
0.349771
0.316386
0.290161
0.272112
0.262941
0.26298
0.272211
0.290286
0.316517
0.349897
0.389147
0.432757
0.479054
0.526258
0.572556
0.616166
0.655413
0.688788
0.715008
0.733066
0.742264
0.742264
0.733066
0.715008
0.688788
0.655413
0.616166
0.572556
0.526258
0.479054
0.432757
0.389147
0.349897
0.316517
0.290286
0.272211
0.26298
0.309231
0.318399
0.336445
0.36267
0.396057
0.435323
0.478962
0.5253
0.572556
0.618913
0.662592
0.701911
0.735359
0.761647
0.779761
0.789005
0.789005
0.779761
0.761647
0.735359
0.701911
0.662592
0.618913
0.572556
0.5253
0.478962
0.435323
0.396057
0.36267
0.336445
0.318399
0.309231
0.309274
0.318512
0.336595
0.362834
0.396223
0.43548
0.479099
0.525403
0.572612
0.618913
0.662526
0.701775
0.735149
0.761368
0.779424
0.788619
0.788619
0.779424
0.761368
0.735149
0.701775
0.662526
0.618913
0.572612
0.525403
0.479099
0.43548
0.396223
0.362834
0.336595
0.318512
0.309274
0.352842
0.362007
0.380051
0.406275
0.439661
0.478928
0.522568
0.568908
0.616166
0.662526
0.706208
0.74553
0.778981
0.805273
0.82339
0.832637
0.832637
0.82339
0.805273
0.778981
0.74553
0.706208
0.662526
0.616166
0.568908
0.522568
0.478928
0.439661
0.406275
0.380051
0.362007
0.352842
0.35289
0.362133
0.380224
0.406471
0.439869
0.479134
0.52276
0.569071
0.616286
0.662592
0.706208
0.745457
0.778832
0.805049
0.823102
0.832295
0.832295
0.823102
0.805049
0.778832
0.745457
0.706208
0.662592
0.616286
0.569071
0.52276
0.479134
0.439869
0.406471
0.380224
0.362133
0.35289
0.392097
0.401258
0.4193
0.445522
0.478908
0.518174
0.561814
0.608154
0.655413
0.701775
0.745457
0.784781
0.818234
0.844528
0.862647
0.871896
0.871896
0.862647
0.844528
0.818234
0.784781
0.745457
0.701775
0.655413
0.608154
0.561814
0.518174
0.478908
0.445522
0.4193
0.401258
0.392097
0.39215
0.401398
0.419496
0.44575
0.479156
0.518429
0.562063
0.60838
0.655601
0.701911
0.74553
0.784781
0.818156
0.844373
0.862423
0.871612
0.871612
0.862423
0.844373
0.818156
0.784781
0.74553
0.701911
0.655601
0.60838
0.562063
0.518429
0.479156
0.44575
0.419496
0.401398
0.39215
0.425485
0.434643
0.452682
0.478902
0.512286
0.551551
0.595191
0.64153
0.688788
0.735149
0.778832
0.818156
0.851609
0.877904
0.896025
0.905274
0.905274
0.896025
0.877904
0.851609
0.818156
0.778832
0.735149
0.688788
0.64153
0.595191
0.551551
0.512286
0.478902
0.452682
0.434643
0.425485
0.425541
0.434795
0.452899
0.47916
0.512573
0.551854
0.595494
0.641818
0.689044
0.735359
0.778981
0.818234
0.851609
0.877825
0.895873
0.905059
0.905059
0.895873
0.877825
0.851609
0.818234
0.778981
0.735359
0.689044
0.641818
0.595494
0.551854
0.512573
0.47916
0.452899
0.434795
0.425541
0.451722
0.460876
0.478913
0.50513
0.538512
0.577775
0.621414
0.667751
0.715008
0.761368
0.805049
0.844373
0.877825
0.904119
0.92224
0.93149
0.93149
0.92224
0.904119
0.877825
0.844373
0.805049
0.761368
0.715008
0.667751
0.621414
0.577775
0.538512
0.50513
0.478913
0.460876
0.451722
0.451781
0.461039
0.479148
0.505415
0.538834
0.57812
0.621767
0.668096
0.715328
0.761647
0.805273
0.844528
0.877904
0.904119
0.922165
0.931347
0.931347
0.922165
0.904119
0.877904
0.844528
0.805273
0.761647
0.715328
0.668096
0.621767
0.57812
0.538834
0.505415
0.479148
0.461039
0.451781
0.469794
0.478947
0.496981
0.523196
0.556577
0.595838
0.639475
0.685811
0.733066
0.779424
0.823102
0.862423
0.895873
0.922165
0.940283
0.949531
0.949531
0.940283
0.922165
0.895873
0.862423
0.823102
0.779424
0.733066
0.685811
0.639475
0.595838
0.556577
0.523196
0.496981
0.478947
0.469794
0.469856
0.479117
0.49723
0.523501
0.556925
0.596216
0.639868
0.686202
0.733438
0.779761
0.82339
0.862647
0.896025
0.92224
0.940283
0.949462
0.949462
0.940283
0.92224
0.896025
0.862647
0.82339
0.779761
0.733438
0.686202
0.639868
0.596216
0.556925
0.523501
0.49723
0.479117
0.469856
0.479009
0.48816
0.506192
0.532406
0.565784
0.605044
0.648678
0.695012
0.742264
0.788619
0.832295
0.871612
0.905059
0.931347
0.949462
0.958707
0.958707
0.949462
0.931347
0.905059
0.871612
0.832295
0.788619
0.742264
0.695012
0.648678
0.605044
0.565784
0.532406
0.506192
0.48816
0.479009
0.479072
0.488336
0.506451
0.532725
0.566152
0.605447
0.649102
0.695439
0.742679
0.789005
0.832637
0.871896
0.905274
0.93149
0.949531
0.958707
0.958707
0.949531
0.93149
0.905274
0.871896
0.832637
0.789005
0.742679
0.695439
0.649102
0.605447
0.566152
0.532725
0.506451
0.488336
0.479072
0.479009
0.48816
0.506192
0.532406
0.565784
0.605044
0.648678
0.695012
0.742264
0.788619
0.832295
0.871612
0.905059
0.931347
0.949462
0.958707
0.958707
0.949462
0.931347
0.905059
0.871612
0.832295
0.788619
0.742264
0.695012
0.648678
0.605044
0.565784
0.532406
0.506192
0.48816
0.479009
0.479072
0.488336
0.506451
0.532725
0.566152
0.605447
0.649102
0.695439
0.742679
0.789005
0.832637
0.871896
0.905274
0.93149
0.949531
0.958707
0.958707
0.949531
0.93149
0.905274
0.871896
0.832637
0.789005
0.742679
0.695439
0.649102
0.605447
0.566152
0.532725
0.506451
0.488336
0.479072
0.469794
0.478947
0.496981
0.523196
0.556577
0.595838
0.639475
0.685811
0.733066
0.779424
0.823102
0.862423
0.895873
0.922165
0.940283
0.949531
0.949531
0.940283
0.922165
0.895873
0.862423
0.823102
0.779424
0.733066
0.685811
0.639475
0.595838
0.556577
0.523196
0.496981
0.478947
0.469794
0.469856
0.479117
0.49723
0.523501
0.556925
0.596216
0.639868
0.686202
0.733438
0.779761
0.82339
0.862647
0.896025
0.92224
0.940283
0.949462
0.949462
0.940283
0.92224
0.896025
0.862647
0.82339
0.779761
0.733438
0.686202
0.639868
0.596216
0.556925
0.523501
0.49723
0.479117
0.469856
0.451722
0.460876
0.478913
0.50513
0.538512
0.577775
0.621414
0.667751
0.715008
0.761368
0.805049
0.844373
0.877825
0.904119
0.92224
0.93149
0.93149
0.92224
0.904119
0.877825
0.844373
0.805049
0.761368
0.715008
0.667751
0.621414
0.577775
0.538512
0.50513
0.478913
0.460876
0.451722
0.451781
0.461039
0.479148
0.505415
0.538834
0.57812
0.621767
0.668096
0.715328
0.761647
0.805273
0.844528
0.877904
0.904119
0.922165
0.931347
0.931347
0.922165
0.904119
0.877904
0.844528
0.805273
0.761647
0.715328
0.668096
0.621767
0.57812
0.538834
0.505415
0.479148
0.461039
0.451781
0.425485
0.434643
0.452682
0.478902
0.512286
0.551551
0.595191
0.64153
0.688788
0.735149
0.778832
0.818156
0.851609
0.877904
0.896025
0.905274
0.905274
0.896025
0.877904
0.851609
0.818156
0.778832
0.735149
0.688788
0.64153
0.595191
0.551551
0.512286
0.478902
0.452682
0.434643
0.425485
0.425541
0.434795
0.452899
0.47916
0.512573
0.551854
0.595494
0.641818
0.689044
0.735359
0.778981
0.818234
0.851609
0.877825
0.895873
0.905059
0.905059
0.895873
0.877825
0.851609
0.818234
0.778981
0.735359
0.689044
0.641818
0.595494
0.551854
0.512573
0.47916
0.452899
0.434795
0.425541
0.392097
0.401258
0.4193
0.445522
0.478908
0.518174
0.561814
0.608154
0.655413
0.701775
0.745457
0.784781
0.818234
0.844528
0.862647
0.871896
0.871896
0.862647
0.844528
0.818234
0.784781
0.745457
0.701775
0.655413
0.608154
0.561814
0.518174
0.478908
0.445522
0.4193
0.401258
0.392097
0.39215
0.401398
0.419496
0.44575
0.479156
0.518429
0.562063
0.60838
0.655601
0.701911
0.74553
0.784781
0.818156
0.844373
0.862423
0.871612
0.871612
0.862423
0.844373
0.818156
0.784781
0.74553
0.701911
0.655601
0.60838
0.562063
0.518429
0.479156
0.44575
0.419496
0.401398
0.39215
0.352842
0.362007
0.380051
0.406275
0.439661
0.478928
0.522568
0.568908
0.616166
0.662526
0.706208
0.74553
0.778981
0.805273
0.82339
0.832637
0.832637
0.82339
0.805273
0.778981
0.74553
0.706208
0.662526
0.616166
0.568908
0.522568
0.478928
0.439661
0.406275
0.380051
0.362007
0.352842
0.35289
0.362133
0.380224
0.406471
0.439869
0.479134
0.52276
0.569071
0.616286
0.662592
0.706208
0.745457
0.778832
0.805049
0.823102
0.832295
0.832295
0.823102
0.805049
0.778832
0.745457
0.706208
0.662592
0.616286
0.569071
0.52276
0.479134
0.439869
0.406471
0.380224
0.362133
0.35289
0.309231
0.318399
0.336445
0.36267
0.396057
0.435323
0.478962
0.5253
0.572556
0.618913
0.662592
0.701911
0.735359
0.761647
0.779761
0.789005
0.789005
0.779761
0.761647
0.735359
0.701911
0.662592
0.618913
0.572556
0.5253
0.478962
0.435323
0.396057
0.36267
0.336445
0.318399
0.309231
0.309274
0.318512
0.336595
0.362834
0.396223
0.43548
0.479099
0.525403
0.572612
0.618913
0.662526
0.701775
0.735149
0.761368
0.779424
0.788619
0.788619
0.779424
0.761368
0.735149
0.701775
0.662526
0.618913
0.572612
0.525403
0.479099
0.43548
0.396223
0.362834
0.336595
0.318512
0.309274
0.262941
0.272112
0.290161
0.316386
0.349771
0.389035
0.432672
0.479006
0.526258
0.572612
0.616286
0.655601
0.689044
0.715328
0.733438
0.742679
0.742679
0.733438
0.715328
0.689044
0.655601
0.616286
0.572612
0.526258
0.479006
0.432672
0.389035
0.349771
0.316386
0.290161
0.272112
0.262941
0.26298
0.272211
0.290286
0.316517
0.349897
0.389147
0.432757
0.479054
0.526258
0.572556
0.616166
0.655413
0.688788
0.715008
0.733066
0.742264
0.742264
0.733066
0.715008
0.688788
0.655413
0.616166
0.572556
0.526258
0.479054
0.432757
0.389147
0.349897
0.316517
0.290286
0.272211
0.26298
0.215754
0.224927
0.242977
0.269201
0.302584
0.341845
0.385477
0.431807
0.479054
0.525403
0.569071
0.60838
0.641818
0.668096
0.686202
0.695439
0.695439
0.686202
0.668096
0.641818
0.60838
0.569071
0.525403
0.479054
0.431807
0.385477
0.341845
0.302584
0.269201
0.242977
0.224927
0.215754
0.215788
0.225012
0.24308
0.269301
0.302673
0.341914
0.385517
0.431807
0.479006
0.5253
0.568908
0.608154
0.64153
0.667751
0.685811
0.695012
0.695012
0.685811
0.667751
0.64153
0.608154
0.568908
0.5253
0.479006
0.431807
0.385517
0.341914
0.302673
0.269301
0.24308
0.225012
0.215788
0.169483
0.178658
0.196708
0.222931
0.25631
0.295566
0.339193
0.385517
0.432757
0.479099
0.52276
0.562063
0.595494
0.621767
0.639868
0.649102
0.649102
0.639868
0.621767
0.595494
0.562063
0.52276
0.479099
0.432757
0.385517
0.339193
0.295566
0.25631
0.222931
0.196708
0.178658
0.169483
0.169513
0.17873
0.196789
0.223002
0.256365
0.295597
0.339193
0.385477
0.432672
0.478962
0.522568
0.561814
0.595191
0.621414
0.639475
0.648678
0.648678
0.639475
0.621414
0.595191
0.561814
0.522568
0.478962
0.432672
0.385477
0.339193
0.295597
0.256365
0.223002
0.196789
0.17873
0.169513
0.125907
0.135085
0.153134
0.179353
0.212727
0.251976
0.295597
0.341914
0.389147
0.43548
0.479134
0.518429
0.551854
0.57812
0.596216
0.605447
0.605447
0.596216
0.57812
0.551854
0.518429
0.479134
0.43548
0.389147
0.341914
0.295597
0.251976
0.212727
0.179353
0.153134
0.135085
0.125907
0.125932
0.135143
0.153194
0.179398
0.212752
0.251976
0.295566
0.341845
0.389035
0.435323
0.478928
0.518174
0.551551
0.577775
0.595838
0.605044
0.605044
0.595838
0.577775
0.551551
0.518174
0.478928
0.435323
0.389035
0.341845
0.295566
0.251976
0.212752
0.179398
0.153194
0.135143
0.125932
0.0867014
0.0958803
0.113928
0.140142
0.173509
0.212752
0.256365
0.302673
0.349897
0.396223
0.439869
0.479156
0.512573
0.538834
0.556925
0.566152
0.566152
0.556925
0.538834
0.512573
0.479156
0.439869
0.396223
0.349897
0.302673
0.256365
0.212752
0.173509
0.140142
0.113928
0.0958803
0.0867014
0.0867221
0.0959256
0.113968
0.140163
0.173509
0.212727
0.25631
0.302584
0.349771
0.396057
0.439661
0.478908
0.512286
0.538512
0.556577
0.565784
0.565784
0.556577
0.538512
0.512286
0.478908
0.439661
0.396057
0.349771
0.302584
0.25631
0.212727
0.173509
0.140163
0.113968
0.0959256
0.0867221
0.0533717
0.0625513
0.080596
0.106804
0.140163
0.179398
0.223002
0.269301
0.316517
0.362834
0.406471
0.44575
0.47916
0.505415
0.523501
0.532725
0.532725
0.523501
0.505415
0.47916
0.44575
0.406471
0.362834
0.316517
0.269301
0.223002
0.179398
0.140163
0.106804
0.080596
0.0625513
0.0533717
0.0533876
0.0625833
0.080617
0.106804
0.140142
0.179353
0.222931
0.269201
0.316386
0.36267
0.406275
0.445522
0.478902
0.50513
0.523196
0.532406
0.532406
0.523196
0.50513
0.478902
0.445522
0.406275
0.36267
0.316386
0.269201
0.222931
0.179353
0.140142
0.106804
0.080617
0.0625833
0.0533876
0.0271966
0.0363765
0.0544171
0.080617
0.113968
0.153194
0.196789
0.24308
0.290286
0.336595
0.380224
0.419496
0.452899
0.479148
0.49723
0.506451
0.506451
0.49723
0.479148
0.452899
0.419496
0.380224
0.336595
0.290286
0.24308
0.196789
0.153194
0.113968
0.080617
0.0544171
0.0363765
0.0271966
0.0272065
0.0363926
0.0544171
0.080596
0.113928
0.153134
0.196708
0.242977
0.290161
0.336445
0.380051
0.4193
0.452682
0.478913
0.496981
0.506192
0.506192
0.496981
0.478913
0.452682
0.4193
0.380051
0.336445
0.290161
0.242977
0.196708
0.153134
0.113928
0.080596
0.0544171
0.0363926
0.0272065
0.00917632
0.0183572
0.0363926
0.0625833
0.0959256
0.135143
0.17873
0.225012
0.272211
0.318512
0.362133
0.401398
0.434795
0.461039
0.479117
0.488336
0.488336
0.479117
0.461039
0.434795
0.401398
0.362133
0.318512
0.272211
0.225012
0.17873
0.135143
0.0959256
0.0625833
0.0363926
0.0183572
0.00917632
0.00917894
0.0183572
0.0363765
0.0625513
0.0958803
0.135085
0.178658
0.224927
0.272112
0.318399
0.362007
0.401258
0.434643
0.460876
0.478947
0.48816
0.48816
0.478947
0.460876
0.434643
0.401258
0.362007
0.318399
0.272112
0.224927
0.178658
0.135085
0.0958803
0.0625513
0.0363765
0.0183572
0.00917894
-3.51447e-08
0.00917894
0.0272065
0.0533876
0.0867221
0.125932
0.169513
0.215788
0.26298
0.309275
0.35289
0.39215
0.425541
0.451781
0.469856
0.479072
0.479072
0.469856
0.451781
0.425541
0.39215
0.35289
0.309274
0.26298
0.215788
0.169513
0.125932
0.0867221
0.0533876
0.0272065
0.00917894
-3.50871e-08
-3.45586e-08
0.00917632
0.0271966
0.0533717
0.0867015
0.125907
0.169483
0.215754
0.262941
0.309231
0.352842
0.392097
0.425485
0.451722
0.469794
0.479009
0.479009
0.469794
0.451722
0.425485
0.392097
0.352842
0.309231
0.262941
0.215754
0.169483
0.125907
0.0867014
0.0533717
0.0271966
0.00917632
-3.60121e-08
-3.45893e-08
0.00917632
0.0271966
0.0533717
0.0867015
0.125907
0.169483
0.215754
0.262941
0.309231
0.352842
0.392097
0.425485
0.451722
0.469794
0.479009
0.479009
0.469794
0.451722
0.425485
0.392097
0.352842
0.309231
0.262941
0.215754
0.169483
0.125907
0.0867015
0.0533717
0.0271966
0.00917632
-3.41046e-08
-3.36017e-08
0.00917894
0.0272065
0.0533876
0.0867221
0.125932
0.169513
0.215788
0.26298
0.309274
0.35289
0.39215
0.425541
0.451781
0.469856
0.479072
0.479072
0.469856
0.451781
0.425541
0.39215
0.35289
0.309274
0.26298
0.215788
0.169513
0.125932
0.0867221
0.0533876
0.0272065
0.00917894
-3.55873e-08
0.00917894
0.0183572
0.0363765
0.0625513
0.0958803
0.135085
0.178658
0.224927
0.272112
0.318399
0.362007
0.401258
0.434643
0.460876
0.478947
0.48816
0.48816
0.478947
0.460876
0.434643
0.401258
0.362007
0.318399
0.272112
0.224927
0.178658
0.135085
0.0958803
0.0625513
0.0363765
0.0183572
0.00917894
0.00917632
0.0183572
0.0363926
0.0625833
0.0959256
0.135143
0.17873
0.225012
0.272211
0.318512
0.362133
0.401398
0.434795
0.461039
0.479117
0.488336
0.488336
0.479117
0.461039
0.434795
0.401398
0.362133
0.318512
0.272211
0.225012
0.17873
0.135143
0.0959256
0.0625833
0.0363926
0.0183572
0.00917632
0.0272065
0.0363926
0.0544171
0.080596
0.113928
0.153134
0.196708
0.242977
0.290161
0.336445
0.380051
0.4193
0.452682
0.478913
0.496981
0.506192
0.506192
0.496981
0.478913
0.452682
0.4193
0.380051
0.336445
0.290161
0.242977
0.196708
0.153134
0.113928
0.080596
0.0544171
0.0363926
0.0272065
0.0271966
0.0363765
0.0544171
0.080617
0.113968
0.153194
0.196789
0.24308
0.290286
0.336595
0.380224
0.419496
0.452899
0.479148
0.49723
0.506451
0.506451
0.49723
0.479148
0.452899
0.419496
0.380224
0.336595
0.290286
0.24308
0.196789
0.153194
0.113968
0.080617
0.0544171
0.0363765
0.0271966
0.0533876
0.0625833
0.080617
0.106804
0.140142
0.179353
0.222931
0.269201
0.316386
0.36267
0.406275
0.445522
0.478902
0.50513
0.523196
0.532406
0.532406
0.523196
0.50513
0.478902
0.445522
0.406275
0.36267
0.316386
0.269201
0.222931
0.179353
0.140142
0.106804
0.080617
0.0625833
0.0533876
0.0533717
0.0625513
0.080596
0.106804
0.140163
0.179398
0.223002
0.269301
0.316517
0.362834
0.406471
0.44575
0.47916
0.505415
0.523501
0.532725
0.532725
0.523501
0.505415
0.47916
0.44575
0.406471
0.362834
0.316517
0.269301
0.223002
0.179398
0.140163
0.106804
0.080596
0.0625513
0.0533717
0.0867221
0.0959256
0.113968
0.140163
0.173509
0.212727
0.25631
0.302584
0.349771
0.396057
0.439661
0.478908
0.512286
0.538512
0.556577
0.565784
0.565784
0.556577
0.538512
0.512286
0.478908
0.439661
0.396057
0.349771
0.302584
0.25631
0.212727
0.173509
0.140163
0.113968
0.0959256
0.0867221
0.0867015
0.0958803
0.113928
0.140142
0.173509
0.212752
0.256365
0.302673
0.349897
0.396223
0.439869
0.479156
0.512573
0.538834
0.556925
0.566152
0.566152
0.556925
0.538834
0.512573
0.479156
0.439869
0.396223
0.349897
0.302673
0.256365
0.212752
0.173509
0.140142
0.113928
0.0958803
0.0867015
0.125932
0.135143
0.153194
0.179398
0.212752
0.251976
0.295566
0.341845
0.389035
0.435323
0.478928
0.518174
0.551551
0.577775
0.595838
0.605044
0.605044
0.595838
0.577775
0.551551
0.518174
0.478928
0.435323
0.389035
0.341845
0.295566
0.251976
0.212752
0.179398
0.153194
0.135143
0.125932
0.125907
0.135085
0.153134
0.179353
0.212727
0.251976
0.295597
0.341914
0.389147
0.43548
0.479134
0.518429
0.551854
0.57812
0.596216
0.605447
0.605447
0.596216
0.57812
0.551854
0.518429
0.479134
0.43548
0.389147
0.341914
0.295597
0.251976
0.212727
0.179353
0.153134
0.135085
0.125907
0.169513
0.17873
0.196789
0.223002
0.256365
0.295597
0.339193
0.385477
0.432672
0.478962
0.522568
0.561814
0.595191
0.621414
0.639475
0.648678
0.648678
0.639475
0.621414
0.595191
0.561814
0.522568
0.478962
0.432672
0.385477
0.339193
0.295597
0.256365
0.223002
0.196789
0.17873
0.169513
0.169483
0.178658
0.196708
0.222931
0.25631
0.295566
0.339193
0.385517
0.432757
0.479099
0.52276
0.562063
0.595494
0.621767
0.639868
0.649102
0.649102
0.639868
0.621767
0.595494
0.562063
0.52276
0.479099
0.432757
0.385517
0.339193
0.295566
0.25631
0.222931
0.196708
0.178658
0.169483
0.215788
0.225012
0.24308
0.269301
0.302673
0.341914
0.385517
0.431807
0.479006
0.5253
0.568908
0.608154
0.64153
0.667751
0.685811
0.695012
0.695012
0.685811
0.667751
0.64153
0.608154
0.568908
0.5253
0.479006
0.431807
0.385517
0.341914
0.302673
0.269301
0.24308
0.225012
0.215788
0.215754
0.224927
0.242977
0.269201
0.302584
0.341845
0.385477
0.431807
0.479054
0.525403
0.569071
0.60838
0.641818
0.668096
0.686202
0.695439
0.695439
0.686202
0.668096
0.641818
0.60838
0.569071
0.525403
0.479054
0.431807
0.385477
0.341845
0.302584
0.269201
0.242977
0.224927
0.215754
0.26298
0.272211
0.290286
0.316517
0.349897
0.389147
0.432757
0.479054
0.526258
0.572556
0.616166
0.655413
0.688788
0.715008
0.733066
0.742264
0.742264
0.733066
0.715008
0.688788
0.655413
0.616166
0.572556
0.526258
0.479054
0.432757
0.389147
0.349897
0.316517
0.290286
0.272211
0.26298
0.262941
0.272112
0.290161
0.316386
0.349771
0.389035
0.432672
0.479006
0.526258
0.572612
0.616286
0.655601
0.689044
0.715328
0.733438
0.742679
0.742679
0.733438
0.715328
0.689044
0.655601
0.616286
0.572612
0.526258
0.479006
0.432672
0.389035
0.349771
0.316386
0.290161
0.272112
0.262941
0.309274
0.318512
0.336595
0.362834
0.396223
0.43548
0.479099
0.525403
0.572612
0.618913
0.662526
0.701775
0.735149
0.761368
0.779424
0.788619
0.788619
0.779424
0.761368
0.735149
0.701775
0.662526
0.618913
0.572612
0.525403
0.479099
0.43548
0.396223
0.362834
0.336595
0.318512
0.309275
0.309231
0.318399
0.336445
0.36267
0.396057
0.435323
0.478962
0.5253
0.572556
0.618913
0.662592
0.701911
0.735359
0.761647
0.779761
0.789005
0.789005
0.779761
0.761647
0.735359
0.701911
0.662592
0.618913
0.572556
0.5253
0.478962
0.435323
0.396057
0.36267
0.336445
0.318399
0.309231
0.35289
0.362133
0.380224
0.406471
0.439869
0.479134
0.52276
0.569071
0.616286
0.662592
0.706208
0.745457
0.778832
0.805049
0.823102
0.832295
0.832295
0.823102
0.805049
0.778832
0.745457
0.706208
0.662592
0.616286
0.569071
0.52276
0.479134
0.439869
0.406471
0.380224
0.362133
0.35289
0.352842
0.362007
0.380051
0.406275
0.439661
0.478928
0.522568
0.568908
0.616166
0.662526
0.706208
0.74553
0.778981
0.805273
0.82339
0.832637
0.832637
0.82339
0.805273
0.778981
0.74553
0.706208
0.662526
0.616166
0.568908
0.522568
0.478928
0.439661
0.406275
0.380051
0.362007
0.352842
0.39215
0.401398
0.419496
0.44575
0.479156
0.518429
0.562063
0.60838
0.655601
0.701911
0.74553
0.784781
0.818156
0.844373
0.862423
0.871612
0.871612
0.862423
0.844373
0.818156
0.784781
0.74553
0.701911
0.655601
0.60838
0.562063
0.518429
0.479156
0.44575
0.419496
0.401398
0.39215
0.392097
0.401258
0.4193
0.445522
0.478908
0.518174
0.561814
0.608154
0.655413
0.701775
0.745457
0.784781
0.818234
0.844528
0.862647
0.871896
0.871896
0.862647
0.844528
0.818234
0.784781
0.745457
0.701775
0.655413
0.608154
0.561814
0.518174
0.478908
0.445522
0.4193
0.401258
0.392097
0.425541
0.434795
0.452899
0.47916
0.512573
0.551854
0.595494
0.641818
0.689044
0.735359
0.778981
0.818234
0.851609
0.877825
0.895873
0.905059
0.905059
0.895873
0.877825
0.851609
0.818234
0.778981
0.735359
0.689044
0.641818
0.595494
0.551854
0.512573
0.47916
0.452899
0.434795
0.425541
0.425485
0.434643
0.452682
0.478902
0.512286
0.551551
0.595191
0.64153
0.688788
0.735149
0.778832
0.818156
0.851609
0.877904
0.896025
0.905274
0.905274
0.896025
0.877904
0.851609
0.818156
0.778832
0.735149
0.688788
0.64153
0.595191
0.551551
0.512286
0.478902
0.452682
0.434643
0.425485
0.451781
0.461039
0.479148
0.505415
0.538834
0.57812
0.621767
0.668096
0.715328
0.761647
0.805273
0.844528
0.877904
0.904119
0.922165
0.931347
0.931347
0.922165
0.904119
0.877904
0.844528
0.805273
0.761647
0.715328
0.668096
0.621767
0.57812
0.538834
0.505415
0.479148
0.461039
0.451781
0.451722
0.460876
0.478913
0.50513
0.538512
0.577775
0.621414
0.667751
0.715008
0.761368
0.805049
0.844373
0.877825
0.904119
0.92224
0.93149
0.93149
0.92224
0.904119
0.877825
0.844373
0.805049
0.761368
0.715008
0.667751
0.621414
0.577775
0.538512
0.50513
0.478913
0.460876
0.451722
0.469856
0.479117
0.49723
0.523501
0.556925
0.596216
0.639868
0.686202
0.733438
0.779761
0.82339
0.862647
0.896025
0.92224
0.940283
0.949462
0.949462
0.940283
0.92224
0.896025
0.862647
0.82339
0.779761
0.733438
0.686202
0.639868
0.596216
0.556925
0.523501
0.49723
0.479117
0.469856
0.469794
0.478947
0.496981
0.523196
0.556577
0.595838
0.639475
0.685811
0.733066
0.779424
0.823102
0.862423
0.895873
0.922165
0.940283
0.949531
0.949531
0.940283
0.922165
0.895873
0.862423
0.823102
0.779424
0.733066
0.685811
0.639475
0.595838
0.556577
0.523196
0.496981
0.478947
0.469794
0.479072
0.488336
0.506451
0.532725
0.566152
0.605447
0.649102
0.695439
0.742679
0.789005
0.832637
0.871896
0.905274
0.93149
0.949531
0.958707
0.958707
0.949531
0.93149
0.905274
0.871896
0.832637
0.789005
0.742679
0.695439
0.649102
0.605447
0.566152
0.532725
0.506451
0.488336
0.479072
0.479009
0.48816
0.506192
0.532406
0.565784
0.605044
0.648678
0.695012
0.742264
0.788619
0.832295
0.871612
0.905059
0.931347
0.949462
0.958707
0.958707
0.949462
0.931347
0.905059
0.871612
0.832295
0.788619
0.742264
0.695012
0.648678
0.605044
0.565784
0.532406
0.506192
0.48816
0.479009
0.479072
0.488336
0.506451
0.532725
0.566152
0.605447
0.649102
0.695439
0.742679
0.789005
0.832637
0.871896
0.905274
0.93149
0.949531
0.958707
0.958707
0.949531
0.93149
0.905274
0.871896
0.832637
0.789005
0.742679
0.695439
0.649102
0.605447
0.566152
0.532725
0.506451
0.488336
0.479072
0.479009
0.48816
0.506192
0.532406
0.565784
0.605044
0.648678
0.695012
0.742264
0.788619
0.832295
0.871612
0.905059
0.931347
0.949462
0.958707
0.958707
0.949462
0.931347
0.905059
0.871612
0.832295
0.788619
0.742264
0.695012
0.648678
0.605044
0.565784
0.532406
0.506192
0.48816
0.479009
0.469856
0.479117
0.49723
0.523501
0.556925
0.596216
0.639868
0.686202
0.733438
0.779761
0.82339
0.862647
0.896025
0.92224
0.940283
0.949462
0.949462
0.940283
0.92224
0.896025
0.862647
0.82339
0.779761
0.733438
0.686202
0.639868
0.596216
0.556925
0.523501
0.49723
0.479117
0.469856
0.469794
0.478947
0.496981
0.523196
0.556577
0.595838
0.639475
0.685811
0.733066
0.779424
0.823102
0.862423
0.895873
0.922165
0.940283
0.949531
0.949531
0.940283
0.922165
0.895873
0.862423
0.823102
0.779424
0.733066
0.685811
0.639475
0.595838
0.556577
0.523196
0.496981
0.478947
0.469794
0.451781
0.461039
0.479148
0.505415
0.538834
0.57812
0.621767
0.668096
0.715328
0.761647
0.805273
0.844528
0.877904
0.904119
0.922165
0.931347
0.931347
0.922165
0.904119
0.877904
0.844528
0.805273
0.761647
0.715328
0.668096
0.621767
0.57812
0.538834
0.505415
0.479148
0.461039
0.451781
0.451722
0.460876
0.478913
0.50513
0.538512
0.577775
0.621414
0.667751
0.715008
0.761368
0.805049
0.844373
0.877825
0.904119
0.92224
0.93149
0.93149
0.92224
0.904119
0.877825
0.844373
0.805049
0.761368
0.715008
0.667751
0.621414
0.577775
0.538512
0.50513
0.478913
0.460876
0.451722
0.425541
0.434795
0.452899
0.47916
0.512573
0.551854
0.595494
0.641818
0.689044
0.735359
0.778981
0.818234
0.851609
0.877825
0.895873
0.905059
0.905059
0.895873
0.877825
0.851609
0.818234
0.778981
0.735359
0.689044
0.641818
0.595494
0.551854
0.512573
0.47916
0.452899
0.434795
0.425541
0.425485
0.434643
0.452682
0.478902
0.512286
0.551551
0.595191
0.64153
0.688788
0.735149
0.778832
0.818156
0.851609
0.877904
0.896025
0.905274
0.905274
0.896025
0.877904
0.851609
0.818156
0.778832
0.735149
0.688788
0.64153
0.595191
0.551551
0.512286
0.478902
0.452682
0.434643
0.425485
0.39215
0.401398
0.419496
0.44575
0.479156
0.518429
0.562063
0.60838
0.655601
0.701911
0.74553
0.784781
0.818156
0.844373
0.862423
0.871612
0.871612
0.862423
0.844373
0.818156
0.784781
0.74553
0.701911
0.655601
0.60838
0.562063
0.518429
0.479156
0.44575
0.419496
0.401398
0.39215
0.392097
0.401258
0.4193
0.445522
0.478908
0.518174
0.561814
0.608154
0.655413
0.701775
0.745457
0.784781
0.818234
0.844528
0.862647
0.871896
0.871896
0.862647
0.844528
0.818234
0.784781
0.745457
0.701775
0.655413
0.608154
0.561814
0.518174
0.478908
0.445522
0.4193
0.401258
0.392097
0.35289
0.362133
0.380224
0.406471
0.439869
0.479134
0.52276
0.569071
0.616286
0.662592
0.706208
0.745457
0.778832
0.805049
0.823102
0.832295
0.832295
0.823102
0.805049
0.778832
0.745457
0.706208
0.662592
0.616286
0.569071
0.52276
0.479134
0.439869
0.406471
0.380224
0.362133
0.35289
0.352842
0.362007
0.380051
0.406275
0.439661
0.478928
0.522568
0.568908
0.616166
0.662526
0.706208
0.74553
0.778981
0.805273
0.82339
0.832637
0.832637
0.82339
0.805273
0.778981
0.74553
0.706208
0.662526
0.616166
0.568908
0.522568
0.478928
0.439661
0.406275
0.380051
0.362006
0.352842
0.309274
0.318511
0.336595
0.362834
0.396223
0.43548
0.479099
0.525403
0.572612
0.618913
0.662526
0.701775
0.735149
0.761368
0.779424
0.788619
0.788619
0.779424
0.761368
0.735149
0.701775
0.662526
0.618913
0.572612
0.525403
0.479099
0.43548
0.396223
0.362834
0.336595
0.318512
0.309274
0.309231
0.318399
0.336445
0.36267
0.396057
0.435323
0.478962
0.5253
0.572556
0.618913
0.662592
0.701911
0.735359
0.761647
0.779761
0.789005
0.789005
0.779761
0.761647
0.735359
0.701911
0.662592
0.618913
0.572556
0.5253
0.478962
0.435323
0.396057
0.36267
0.336445
0.318399
0.309231
0.26298
0.272211
0.290286
0.316517
0.349897
0.389147
0.432757
0.479054
0.526258
0.572556
0.616166
0.655413
0.688788
0.715008
0.733066
0.742264
0.742264
0.733066
0.715008
0.688788
0.655413
0.616166
0.572556
0.526258
0.479054
0.432757
0.389147
0.349897
0.316517
0.290286
0.272211
0.26298
0.262941
0.272112
0.290161
0.316386
0.349771
0.389035
0.432672
0.479006
0.526258
0.572612
0.616286
0.655601
0.689044
0.715328
0.733438
0.742679
0.742679
0.733438
0.715328
0.689044
0.655601
0.616286
0.572612
0.526258
0.479006
0.432672
0.389035
0.349771
0.316386
0.29016
0.272112
0.262941
0.215788
0.225012
0.24308
0.269301
0.302673
0.341914
0.385517
0.431807
0.479006
0.5253
0.568908
0.608154
0.64153
0.667751
0.685811
0.695012
0.695012
0.685811
0.667751
0.64153
0.608154
0.568908
0.5253
0.479006
0.431807
0.385517
0.341914
0.302673
0.269301
0.24308
0.225012
0.215788
0.215754
0.224927
0.242977
0.269201
0.302584
0.341845
0.385477
0.431807
0.479054
0.525403
0.569071
0.60838
0.641818
0.668096
0.686202
0.695439
0.695439
0.686202
0.668096
0.641818
0.60838
0.569071
0.525403
0.479054
0.431807
0.385477
0.341845
0.302584
0.269201
0.242977
0.224927
0.215754
0.169513
0.17873
0.196789
0.223002
0.256365
0.295597
0.339193
0.385477
0.432672
0.478962
0.522568
0.561814
0.595191
0.621414
0.639475
0.648678
0.648678
0.639475
0.621414
0.595191
0.561814
0.522568
0.478962
0.432672
0.385477
0.339193
0.295597
0.256365
0.223002
0.196789
0.17873
0.169513
0.169483
0.178658
0.196708
0.222931
0.25631
0.295566
0.339193
0.385517
0.432757
0.479099
0.52276
0.562063
0.595494
0.621767
0.639868
0.649102
0.649102
0.639868
0.621767
0.595494
0.562063
0.52276
0.479099
0.432757
0.385517
0.339193
0.295566
0.25631
0.222931
0.196708
0.178658
0.169483
0.125932
0.135143
0.153194
0.179398
0.212752
0.251976
0.295566
0.341845
0.389035
0.435323
0.478928
0.518174
0.551551
0.577775
0.595838
0.605044
0.605044
0.595838
0.577775
0.551551
0.518174
0.478928
0.435323
0.389035
0.341845
0.295566
0.251976
0.212752
0.179398
0.153194
0.135143
0.125932
0.125907
0.135085
0.153134
0.179353
0.212727
0.251976
0.295597
0.341914
0.389147
0.43548
0.479134
0.518429
0.551854
0.57812
0.596216
0.605447
0.605447
0.596216
0.57812
0.551854
0.518429
0.479134
0.43548
0.389147
0.341914
0.295597
0.251976
0.212727
0.179353
0.153134
0.135085
0.125907
0.0867221
0.0959256
0.113968
0.140163
0.173509
0.212727
0.25631
0.302584
0.349771
0.396057
0.439661
0.478908
0.512286
0.538512
0.556577
0.565784
0.565784
0.556577
0.538512
0.512286
0.478908
0.439661
0.396057
0.349771
0.302584
0.25631
0.212727
0.173509
0.140163
0.113968
0.0959256
0.0867221
0.0867014
0.0958803
0.113928
0.140142
0.173509
0.212752
0.256365
0.302673
0.349897
0.396223
0.439869
0.479156
0.512573
0.538834
0.556925
0.566152
0.566152
0.556925
0.538834
0.512573
0.479156
0.439869
0.396223
0.349897
0.302673
0.256365
0.212752
0.173509
0.140142
0.113928
0.0958803
0.0867014
0.0533875
0.0625833
0.080617
0.106804
0.140142
0.179353
0.222931
0.269201
0.316386
0.36267
0.406275
0.445522
0.478902
0.50513
0.523196
0.532406
0.532406
0.523196
0.50513
0.478902
0.445522
0.406275
0.36267
0.316386
0.269201
0.222931
0.179353
0.140142
0.106804
0.080617
0.0625833
0.0533876
0.0533716
0.0625513
0.080596
0.106804
0.140163
0.179398
0.223002
0.269301
0.316517
0.362834
0.406471
0.44575
0.47916
0.505415
0.523501
0.532725
0.532725
0.523501
0.505415
0.47916
0.44575
0.406471
0.362834
0.316517
0.269301
0.223002
0.179398
0.140163
0.106804
0.080596
0.0625513
0.0533716
0.0272065
0.0363926
0.0544171
0.080596
0.113928
0.153134
0.196708
0.242977
0.290161
0.336445
0.380051
0.4193
0.452682
0.478913
0.496981
0.506192
0.506192
0.496981
0.478913
0.452682
0.4193
0.380051
0.336445
0.290161
0.242977
0.196708
0.153134
0.113928
0.080596
0.0544171
0.0363926
0.0272065
0.0271966
0.0363765
0.0544171
0.080617
0.113968
0.153194
0.196789
0.24308
0.290286
0.336595
0.380224
0.419496
0.452899
0.479148
0.49723
0.506451
0.506451
0.49723
0.479148
0.452899
0.419496
0.380224
0.336595
0.290286
0.24308
0.196789
0.153194
0.113968
0.080617
0.0544171
0.0363765
0.0271966
0.00917893
0.0183572
0.0363765
0.0625513
0.0958803
0.135085
0.178658
0.224927
0.272112
0.318399
0.362007
0.401258
0.434643
0.460876
0.478947
0.48816
0.48816
0.478947
0.460876
0.434643
0.401258
0.362007
0.318399
0.272112
0.224927
0.178658
0.135085
0.0958803
0.0625513
0.0363765
0.0183572
0.00917894
0.00917632
0.0183572
0.0363926
0.0625833
0.0959256
0.135143
0.17873
0.225012
0.272211
0.318512
0.362133
0.401398
0.434795
0.461039
0.479117
0.488336
0.488336
0.479117
0.461039
0.434795
0.401398
0.362133
0.318511
0.272211
0.225012
0.17873
0.135143
0.0959256
0.0625833
0.0363926
0.0183572
0.00917631
-3.97613e-08
0.00917632
0.0271966
0.0533717
0.0867015
0.125907
0.169483
0.215754
0.262941
0.309231
0.352842
0.392097
0.425485
0.451722
0.469794
0.479009
0.479009
0.469794
0.451722
0.425485
0.392097
0.352842
0.309231
0.262941
0.215754
0.169483
0.125907
0.0867014
0.0533716
0.0271966
0.00917631
-3.7804e-08
-3.67395e-08
0.00917894
0.0272065
0.0533876
0.0867221
0.125932
0.169513
0.215788
0.26298
0.309274
0.35289
0.39215
0.425541
0.451781
0.469856
0.479072
0.479072
0.469856
0.451781
0.425541
0.39215
0.35289
0.309274
0.26298
0.215788
0.169513
0.125932
0.0867221
0.0533875
0.0272065
0.00917893
-4.26582e-08
)
;

boundaryField
{
    top
    {
        type            cyclic;
    }
    bottom
    {
        type            cyclic;
    }
    left
    {
        type            cyclic;
    }
    right
    {
        type            cyclic;
    }
    frontAndBack
    {
        type            empty;
    }
}


// ************************************************************************* //
