/*--------------------------------*- C++ -*----------------------------------*\
  =========                 |
  \\      /  F ield         | OpenFOAM: The Open Source CFD Toolbox
   \\    /   O peration     | Website:  https://openfoam.org
    \\  /    A nd           | Version:  11
     \\/     M anipulation  |
\*---------------------------------------------------------------------------*/
FoamFile
{
    format      ascii;
    class       surfaceScalarField;
    location    "12";
    object      phi;
}
// * * * * * * * * * * * * * * * * * * * * * * * * * * * * * * * * * * * * * //

dimensions      [0 3 -1 0 0 0 0];

internalField   nonuniform List<scalar> 
8064
(
0.0263963
-0.0263963
0.026038
-0.0789713
0.0254286
-0.130827
0.0245718
-0.181486
0.023475
-0.230461
0.0221483
-0.277274
0.0206045
-0.321465
0.0188587
-0.362601
0.016928
-0.400276
0.0148312
-0.434117
0.0125888
-0.463788
0.0102227
-0.488994
0.00775623
-0.50948
0.00521356
-0.525036
0.00261971
-0.535499
3.3334e-09
-0.54076
-0.0026197
-0.54076
-0.00521355
-0.535499
-0.00775622
-0.525036
-0.0102227
-0.50948
-0.0125887
-0.488994
-0.0148312
-0.463788
-0.016928
-0.434117
-0.0188587
-0.400276
-0.0206045
-0.362601
-0.0221483
-0.321465
-0.023475
-0.277274
-0.0245718
-0.230461
-0.0254286
-0.181486
-0.026038
-0.130827
-0.0263963
-0.0789713
-0.02652
-0.0263963
-0.0263963
0.0263963
-0.0260112
0.0789445
-0.0253791
0.130804
-0.0245049
0.181469
-0.0233961
0.230449
-0.0220624
0.277267
-0.0205161
0.321463
-0.0187715
0.362602
-0.0168453
0.40028
-0.0147558
0.434124
-0.0125231
0.463798
-0.0101686
0.489005
-0.00771487
0.509492
-0.00518571
0.525049
-0.00260563
0.535513
3.71145e-09
0.540774
0.00260564
0.540774
0.00518571
0.535513
0.00771488
0.525049
0.0101686
0.509492
0.0125231
0.489005
0.0147558
0.463798
0.0168453
0.434124
0.0187715
0.40028
0.0205161
0.362602
0.0220624
0.321463
0.0233961
0.277267
0.0245049
0.230449
0.0253791
0.181469
0.0260112
0.130804
0.0263963
0.0789445
0.0263963
0.0789445
-0.0260112
0.0778278
-0.0778547
0.0759711
-0.12897
0.0733833
-0.178899
0.0700859
-0.227164
0.0661086
-0.273296
0.0614885
-0.316845
0.0562697
-0.357383
0.0505025
-0.394509
0.0442424
-0.427857
0.0375503
-0.457096
0.0304911
-0.481935
0.0231336
-0.502122
0.0155495
-0.517452
0.00781302
-0.527763
2.90434e-09
-0.532947
-0.00781301
-0.532947
-0.0155495
-0.527763
-0.0231335
-0.517452
-0.0304911
-0.502122
-0.0375503
-0.481935
-0.0442424
-0.457096
-0.0505025
-0.427857
-0.0562697
-0.394509
-0.0614885
-0.357382
-0.0661086
-0.316845
-0.0700859
-0.273296
-0.0733833
-0.227164
-0.0759711
-0.178899
-0.0778278
-0.12897
-0.0789445
-0.0778546
-0.0793296
-0.0260112
-0.0789713
0.026038
-0.0778546
0.0778278
-0.0759914
0.128941
-0.0733969
0.178874
-0.0700935
0.227146
-0.0661115
0.273285
-0.0614881
0.316839
-0.0562672
0.357382
-0.050499
0.394512
-0.0442389
0.427864
-0.0375475
0.457106
-0.0304895
0.481947
-0.0231331
0.502136
-0.0155497
0.517466
-0.00781342
0.527777
4.622e-09
0.53296
0.00781343
0.53296
0.0155497
0.527777
0.0231331
0.517466
0.0304895
0.502136
0.0375475
0.481947
0.0442389
0.457106
0.050499
0.427864
0.0562672
0.394512
0.0614881
0.357382
0.0661115
0.316839
0.0700935
0.273285
0.0733969
0.227146
0.0759914
0.178874
0.0778547
0.128941
0.0789713
0.0778278
0.026038
0.130804
-0.0253791
0.128941
-0.0759914
0.12585
-0.125879
0.121552
-0.1746
0.116081
-0.221693
0.109486
-0.266702
0.101829
-0.309188
0.0931827
-0.348736
0.0836294
-0.384955
0.0732613
-0.417489
0.0621786
-0.446013
0.0504888
-0.470245
0.0383054
-0.489939
0.0257472
-0.504894
0.0129369
-0.514953
2.42317e-09
-0.52001
-0.0129369
-0.52001
-0.0257472
-0.514953
-0.0383054
-0.504894
-0.0504888
-0.489939
-0.0621786
-0.470245
-0.0732613
-0.446013
-0.0836294
-0.417489
-0.0931827
-0.384955
-0.101829
-0.348736
-0.109486
-0.309188
-0.116081
-0.266702
-0.121552
-0.221693
-0.12585
-0.1746
-0.128941
-0.125879
-0.130804
-0.0759914
-0.131436
-0.0253791
-0.130827
0.0254286
-0.12897
0.0759711
-0.125879
0.12585
-0.121579
0.174574
-0.116106
0.221673
-0.109509
0.266688
-0.10185
0.30918
-0.0932014
0.348733
-0.0836467
0.384957
-0.0732774
0.417495
-0.0621936
0.446023
-0.0505025
0.470256
-0.0383173
0.489951
-0.0257563
0.504905
-0.012942
0.514963
5.4508e-09
0.520018
0.012942
0.520018
0.0257563
0.514963
0.0383173
0.504905
0.0505025
0.489951
0.0621936
0.470256
0.0732774
0.446023
0.0836467
0.417495
0.0932015
0.384957
0.10185
0.348733
0.109509
0.30918
0.116106
0.266688
0.121579
0.221673
0.125879
0.174574
0.12897
0.12585
0.130827
0.0759711
0.0254286
0.181469
-0.0245049
0.178874
-0.0733969
0.174574
-0.121579
0.1686
-0.168626
0.161001
-0.214094
0.151847
-0.257548
0.141221
-0.298563
0.129226
-0.33674
0.115974
-0.371704
0.101594
-0.403108
0.0862238
-0.430643
0.0700125
-0.454034
0.0531175
-0.473044
0.0357031
-0.487479
0.0179393
-0.497189
1.8966e-09
-0.502071
-0.0179393
-0.502071
-0.0357031
-0.497189
-0.0531175
-0.487479
-0.0700125
-0.473044
-0.0862238
-0.454034
-0.101594
-0.430643
-0.115974
-0.403108
-0.129226
-0.371704
-0.141221
-0.33674
-0.151847
-0.298563
-0.161001
-0.257548
-0.1686
-0.214094
-0.174574
-0.168626
-0.178874
-0.121579
-0.181469
-0.0733969
-0.182343
-0.0245049
-0.181486
0.0245718
-0.178899
0.0733833
-0.1746
0.121552
-0.168626
0.1686
-0.161026
0.214073
-0.151871
0.257533
-0.141245
0.298554
-0.129248
0.336737
-0.115996
0.371705
-0.101615
0.403114
-0.0862434
0.430651
-0.0700306
0.454043
-0.0531331
0.473053
-0.035715
0.487487
-0.017946
0.497194
6.18298e-09
0.502072
0.017946
0.502072
0.035715
0.497194
0.0531331
0.487487
0.0700306
0.473053
0.0862434
0.454043
0.101615
0.430651
0.115996
0.403114
0.129248
0.371705
0.141245
0.336737
0.151871
0.298554
0.161026
0.257533
0.168626
0.214073
0.1746
0.1686
0.178899
0.121552
0.181486
0.0733833
0.0245718
0.230449
-0.0233961
0.227146
-0.0700935
0.221673
-0.116106
0.214073
-0.161026
0.204414
-0.204435
0.192782
-0.245915
0.179285
-0.285066
0.164051
-0.321506
0.147224
-0.354877
0.128966
-0.384851
0.109453
-0.41113
0.0888731
-0.433454
0.0674262
-0.451597
0.0453205
-0.465373
0.0227715
-0.47464
1.3312e-09
-0.479299
-0.0227715
-0.479299
-0.0453205
-0.47464
-0.0674262
-0.465373
-0.0888731
-0.451597
-0.109453
-0.433454
-0.128966
-0.41113
-0.147224
-0.384851
-0.164051
-0.354877
-0.179285
-0.321506
-0.192782
-0.285066
-0.204414
-0.245915
-0.214073
-0.204435
-0.221673
-0.161026
-0.227146
-0.116106
-0.230449
-0.0700935
-0.231558
-0.0233961
-0.230461
0.023475
-0.227164
0.0700859
-0.221693
0.116081
-0.214094
0.161001
-0.204435
0.204414
-0.192803
0.2459
-0.179305
0.285057
-0.164071
0.321502
-0.147243
0.354878
-0.128985
0.384855
-0.109472
0.411138
-0.0888907
0.433462
-0.0674416
0.451604
-0.0453323
0.465378
-0.0227784
0.47464
6.80608e-09
0.479294
0.0227784
0.479294
0.0453324
0.47464
0.0674416
0.465378
0.0888907
0.451604
0.109472
0.433462
0.128985
0.411138
0.147244
0.384855
0.164071
0.354878
0.179305
0.321502
0.192803
0.285057
0.204435
0.2459
0.214094
0.204414
0.221693
0.161001
0.227164
0.116081
0.230461
0.0700859
0.023475
0.277267
-0.0220624
0.273285
-0.0661115
0.266688
-0.109509
0.257533
-0.151871
0.2459
-0.192803
0.231897
-0.231912
0.215653
-0.268822
0.197322
-0.303175
0.177077
-0.334632
0.155114
-0.362887
0.131642
-0.387659
0.106889
-0.408701
0.0810936
-0.425801
0.0545066
-0.438786
0.0273871
-0.44752
7.35276e-10
-0.451912
-0.0273871
-0.451912
-0.0545066
-0.44752
-0.0810936
-0.438786
-0.106889
-0.425801
-0.131642
-0.408701
-0.155114
-0.387659
-0.177077
-0.362887
-0.197322
-0.334632
-0.215653
-0.303175
-0.231897
-0.268822
-0.2459
-0.231912
-0.257533
-0.192803
-0.266688
-0.151871
-0.273285
-0.109509
-0.277267
-0.0661115
-0.2786
-0.0220624
-0.277274
0.0221483
-0.273296
0.0661086
-0.266702
0.109486
-0.257548
0.151847
-0.245915
0.192782
-0.231912
0.231897
-0.215668
0.268813
-0.197337
0.303171
-0.177093
0.334634
-0.155129
0.362892
-0.131657
0.387666
-0.106903
0.408708
-0.0811067
0.425807
-0.054517
0.438788
-0.0273933
0.447516
7.31514e-09
0.451901
0.0273933
0.451901
0.054517
0.447516
0.0811067
0.438788
0.106904
0.425807
0.131657
0.408708
0.155129
0.387666
0.177093
0.362892
0.197337
0.334634
0.215668
0.303171
0.231912
0.268813
0.245915
0.231897
0.257548
0.192782
0.266702
0.151847
0.273296
0.109486
0.277274
0.0661086
0.0221483
0.321463
-0.0205161
0.316839
-0.0614881
0.30918
-0.10185
0.298554
-0.141245
0.285057
-0.179305
0.268813
-0.215668
0.249974
-0.249984
0.228718
-0.281919
0.205247
-0.311161
0.179786
-0.337425
0.152578
-0.360451
0.123886
-0.380009
0.0939878
-0.395903
0.0631729
-0.407972
0.0317414
-0.416089
1.14905e-10
-0.420171
-0.0317414
-0.420171
-0.0631729
-0.416089
-0.0939878
-0.407972
-0.123886
-0.395903
-0.152578
-0.380009
-0.179786
-0.360451
-0.205247
-0.337425
-0.228718
-0.311161
-0.249974
-0.281919
-0.268813
-0.249984
-0.285057
-0.215668
-0.298554
-0.179305
-0.30918
-0.141245
-0.316839
-0.10185
-0.321463
-0.0614881
-0.323009
-0.0205161
-0.321465
0.0206045
-0.316845
0.0614885
-0.309188
0.101829
-0.298563
0.141221
-0.285066
0.179285
-0.268822
0.215653
-0.249984
0.249974
-0.228728
0.281915
-0.205257
0.311163
-0.179796
0.337431
-0.152588
0.360459
-0.123896
0.380017
-0.0939974
0.395908
-0.0631809
0.407971
-0.0317464
0.416082
7.70375e-09
0.420154
0.0317464
0.420154
0.0631809
0.416082
0.0939974
0.407971
0.123896
0.395908
0.152588
0.380017
0.179796
0.360459
0.205257
0.337431
0.228728
0.311163
0.249984
0.281915
0.268822
0.249974
0.285066
0.215653
0.298563
0.179285
0.309188
0.141221
0.316845
0.101829
0.321465
0.0614885
0.0206045
0.362602
-0.0187715
0.357382
-0.0562672
0.348733
-0.0932015
0.336737
-0.129248
0.321502
-0.164071
0.303171
-0.197337
0.281915
-0.228728
0.257935
-0.257939
0.23146
-0.284686
0.202742
-0.308707
0.172057
-0.329766
0.1397
-0.347652
0.105984
-0.362187
0.0712356
-0.373223
0.0357923
-0.380646
-5.17675e-10
-0.384378
-0.0357923
-0.384378
-0.0712356
-0.380646
-0.105984
-0.373223
-0.1397
-0.362187
-0.172057
-0.347652
-0.202742
-0.329766
-0.23146
-0.308707
-0.257935
-0.284686
-0.281915
-0.257939
-0.303171
-0.228728
-0.321502
-0.197337
-0.336737
-0.164071
-0.348733
-0.129248
-0.357382
-0.0932014
-0.362602
-0.0562672
-0.364347
-0.0187715
-0.362601
0.0188587
-0.357382
0.0562697
-0.348736
0.0931827
-0.33674
0.129226
-0.321506
0.164051
-0.303175
0.197322
-0.281919
0.228718
-0.257939
0.257935
-0.231464
0.284688
-0.202746
0.308713
-0.172062
0.329774
-0.139705
0.34766
-0.105989
0.362192
-0.0712405
0.373222
-0.0357959
0.380637
7.97027e-09
0.384358
0.0357959
0.384358
0.0712405
0.380637
0.10599
0.373222
0.139705
0.362192
0.172062
0.34766
0.202746
0.329774
0.231464
0.308713
0.257939
0.284688
0.281919
0.257935
0.303175
0.228718
0.321506
0.197322
0.33674
0.164051
0.348736
0.129226
0.357383
0.0931827
0.362601
0.0562697
0.0188587
0.40028
-0.0168453
0.394512
-0.050499
0.384957
-0.0836467
0.371705
-0.115996
0.354878
-0.147243
0.334634
-0.177093
0.311163
-0.205257
0.284688
-0.231464
0.25546
-0.255459
0.22376
-0.277007
0.18989
-0.295896
0.154177
-0.311939
0.116966
-0.324976
0.0786162
-0.334873
0.0395005
-0.34153
-1.15503e-09
-0.344878
-0.0395005
-0.344878
-0.0786162
-0.34153
-0.116966
-0.334873
-0.154177
-0.324976
-0.18989
-0.311939
-0.22376
-0.295896
-0.25546
-0.277007
-0.284688
-0.255459
-0.311163
-0.231464
-0.334634
-0.205257
-0.354878
-0.177093
-0.371705
-0.147243
-0.384957
-0.115996
-0.394512
-0.0836467
-0.40028
-0.050499
-0.402207
-0.0168453
-0.400276
0.016928
-0.394509
0.0505025
-0.384955
0.0836294
-0.371704
0.115974
-0.354877
0.147224
-0.334632
0.177077
-0.311161
0.205247
-0.284686
0.23146
-0.255459
0.25546
-0.223759
0.277013
-0.189889
0.295905
-0.154177
0.311948
-0.116967
0.324982
-0.0786178
0.334873
-0.0395024
0.341521
8.11196e-09
0.344856
0.0395024
0.344856
0.0786179
0.341521
0.116967
0.334873
0.154177
0.324982
0.189889
0.311948
0.223759
0.295905
0.255459
0.277013
0.284686
0.25546
0.311161
0.23146
0.334632
0.205247
0.354877
0.177077
0.371704
0.147224
0.384955
0.115974
0.394509
0.0836294
0.400276
0.0505025
0.016928
0.434124
-0.0147558
0.427864
-0.0442389
0.417495
-0.0732774
0.403114
-0.101615
0.384855
-0.128985
0.362892
-0.155129
0.337431
-0.179796
0.308713
-0.202746
0.277013
-0.223759
0.242633
-0.242627
0.205903
-0.259166
0.167176
-0.273212
0.126826
-0.284625
0.0852426
-0.29329
0.0428298
-0.299117
-1.78615e-09
-0.302048
-0.0428298
-0.302048
-0.0852426
-0.299117
-0.126826
-0.29329
-0.167176
-0.284625
-0.205903
-0.273212
-0.242633
-0.259166
-0.277013
-0.242627
-0.308713
-0.223759
-0.337431
-0.202746
-0.362892
-0.179796
-0.384855
-0.155129
-0.403114
-0.128985
-0.417495
-0.101615
-0.427864
-0.0732774
-0.434124
-0.0442389
-0.436214
-0.0147558
-0.434117
0.0148312
-0.427857
0.0442424
-0.417489
0.0732613
-0.403108
0.101594
-0.384851
0.128966
-0.362887
0.155114
-0.337425
0.179786
-0.308707
0.202742
-0.277007
0.22376
-0.242627
0.242633
-0.205897
0.259175
-0.167171
0.273222
-0.126822
0.284633
-0.085241
0.293292
-0.0428298
0.29911
8.1314e-09
0.302026
0.0428298
0.302026
0.085241
0.29911
0.126822
0.293292
0.167171
0.284633
0.205897
0.273222
0.242627
0.259175
0.277007
0.242633
0.308707
0.22376
0.337425
0.202742
0.362887
0.179786
0.384851
0.155114
0.403108
0.128966
0.417489
0.101594
0.427857
0.0732613
0.434117
0.0442424
0.0148312
0.463798
-0.0125231
0.457106
-0.0375475
0.446023
-0.0621936
0.430651
-0.0862434
0.411138
-0.109472
0.387666
-0.131657
0.360459
-0.152588
0.329774
-0.172062
0.295905
-0.189889
0.259175
-0.205897
0.219937
-0.219928
0.178568
-0.231843
0.135467
-0.241524
0.0910497
-0.248873
0.0457474
-0.253815
-2.39914e-09
-0.256301
-0.0457474
-0.256301
-0.0910497
-0.253815
-0.135467
-0.248873
-0.178568
-0.241524
-0.219937
-0.231843
-0.259175
-0.219928
-0.295905
-0.205897
-0.329774
-0.189889
-0.360459
-0.172062
-0.387666
-0.152588
-0.411138
-0.131657
-0.430651
-0.109472
-0.446023
-0.0862434
-0.457106
-0.0621936
-0.463798
-0.0375475
-0.466031
-0.0125231
-0.463788
0.0125888
-0.457096
0.0375503
-0.446013
0.0621786
-0.430643
0.0862238
-0.41113
0.109453
-0.387659
0.131642
-0.360451
0.152578
-0.329766
0.172057
-0.295896
0.18989
-0.259166
0.205903
-0.219928
0.219937
-0.17856
0.231854
-0.13546
0.241533
-0.091045
0.248877
-0.0457456
0.253811
8.03282e-09
0.256281
0.0457456
0.256281
0.0910451
0.253811
0.13546
0.248877
0.17856
0.241533
0.219928
0.231854
0.259166
0.219937
0.295896
0.205903
0.329766
0.18989
0.360451
0.172057
0.387659
0.152578
0.41113
0.131642
0.430643
0.109453
0.446013
0.0862238
0.457096
0.0621786
0.463788
0.0375503
0.0125887
0.489005
-0.0101686
0.481947
-0.0304895
0.470256
-0.0505025
0.454043
-0.0700306
0.433462
-0.0888907
0.408708
-0.106904
0.380017
-0.123896
0.34766
-0.139705
0.311948
-0.154177
0.273222
-0.167171
0.231854
-0.17856
0.188241
-0.18823
0.142803
-0.196087
0.0959798
-0.20205
0.0482243
-0.206059
-2.9825e-09
-0.208076
-0.0482243
-0.208076
-0.0959798
-0.206059
-0.142803
-0.20205
-0.188241
-0.196087
-0.231854
-0.18823
-0.273222
-0.17856
-0.311948
-0.167171
-0.34766
-0.154177
-0.380017
-0.139705
-0.408708
-0.123896
-0.433462
-0.106903
-0.454043
-0.0888907
-0.470256
-0.0700306
-0.481947
-0.0505025
-0.489005
-0.0304895
-0.49136
-0.0101686
-0.488994
0.0102227
-0.481935
0.0304911
-0.470245
0.0504888
-0.454034
0.0700125
-0.433454
0.0888731
-0.408701
0.106889
-0.380009
0.123886
-0.347652
0.1397
-0.311939
0.154177
-0.273212
0.167176
-0.231843
0.178568
-0.18823
0.188241
-0.142794
0.196097
-0.0959728
0.202056
-0.0482208
0.206059
7.82612e-09
0.20806
0.0482208
0.20806
0.0959728
0.206059
0.142794
0.202056
0.18823
0.196097
0.231843
0.188241
0.273212
0.178568
0.311939
0.167176
0.347652
0.154177
0.380009
0.1397
0.408701
0.123886
0.433454
0.106889
0.454034
0.0888731
0.470245
0.0700125
0.481935
0.0504888
0.488994
0.0304911
0.0102227
0.509492
-0.00771487
0.502136
-0.0231331
0.489951
-0.0383173
0.473053
-0.0531331
0.451604
-0.0674416
0.425807
-0.0811067
0.395908
-0.0939974
0.362192
-0.105989
0.324982
-0.116967
0.284633
-0.126822
0.241533
-0.13546
0.196097
-0.142794
0.148761
-0.148751
0.0999835
-0.153272
0.0502357
-0.156311
-3.52492e-09
-0.157841
-0.0502357
-0.157841
-0.0999835
-0.156311
-0.148761
-0.153272
-0.196097
-0.148751
-0.241533
-0.142794
-0.284633
-0.13546
-0.324982
-0.126822
-0.362192
-0.116967
-0.395908
-0.105989
-0.425807
-0.0939974
-0.451604
-0.0811067
-0.473053
-0.0674416
-0.489951
-0.0531331
-0.502136
-0.0383173
-0.509492
-0.0231331
-0.511946
-0.00771487
-0.50948
0.00775623
-0.502122
0.0231335
-0.489939
0.0383054
-0.473044
0.0531175
-0.451597
0.0674262
-0.425801
0.0810936
-0.395903
0.0939878
-0.362187
0.105984
-0.324976
0.116966
-0.284625
0.126826
-0.241524
0.135467
-0.196087
0.142803
-0.148751
0.148761
-0.0999751
0.153281
-0.0502308
0.156315
7.53157e-09
0.157829
0.0502308
0.157829
0.0999751
0.156315
0.148751
0.153281
0.196087
0.148761
0.241524
0.142803
0.284626
0.135467
0.324976
0.126826
0.362187
0.116966
0.395903
0.105984
0.425801
0.0939878
0.451597
0.0810936
0.473044
0.0674262
0.489939
0.0531175
0.502122
0.0383054
0.50948
0.0231335
0.00775622
0.525049
-0.00518571
0.517466
-0.0155497
0.504905
-0.0257563
0.487487
-0.035715
0.465378
-0.0453324
0.438788
-0.054517
0.407971
-0.0631809
0.373222
-0.0712405
0.334873
-0.0786178
0.293292
-0.085241
0.248877
-0.0910451
0.202056
-0.0959728
0.153281
-0.0999751
0.10302
-0.103012
0.0517613
-0.105052
-4.01588e-09
-0.106079
-0.0517613
-0.106079
-0.10302
-0.105052
-0.153281
-0.103012
-0.202057
-0.0999751
-0.248877
-0.0959728
-0.293292
-0.091045
-0.334873
-0.085241
-0.373222
-0.0786178
-0.407971
-0.0712405
-0.438788
-0.0631809
-0.465378
-0.054517
-0.487487
-0.0453324
-0.504905
-0.035715
-0.517466
-0.0257563
-0.525049
-0.0155497
-0.527578
-0.00518571
-0.525036
0.00521355
-0.517452
0.0155495
-0.504894
0.0257472
-0.487479
0.0357031
-0.465373
0.0453205
-0.438786
0.0545066
-0.407972
0.0631729
-0.373223
0.0712356
-0.334873
0.0786162
-0.29329
0.0852426
-0.248873
0.0910497
-0.20205
0.0959798
-0.153272
0.0999835
-0.103012
0.10302
-0.0517554
0.105058
7.19079e-09
0.106074
0.0517554
0.106074
0.103012
0.105058
0.153272
0.10302
0.20205
0.0999835
0.248873
0.0959798
0.29329
0.0910497
0.334873
0.0852426
0.373223
0.0786162
0.407972
0.0712356
0.438786
0.0631729
0.465373
0.0545066
0.487479
0.0453205
0.504894
0.0357031
0.517452
0.0257472
0.525036
0.0155495
0.00521355
0.535513
-0.00260563
0.527777
-0.00781342
0.514963
-0.012942
0.497194
-0.017946
0.47464
-0.0227784
0.447516
-0.0273933
0.416082
-0.0317464
0.380637
-0.0357959
0.341521
-0.0395024
0.29911
-0.0428298
0.253811
-0.0457456
0.206059
-0.0482208
0.156315
-0.0502308
0.105058
-0.0517554
0.052785
-0.0527793
-4.4462e-09
-0.0532943
-0.052785
-0.0532943
-0.105058
-0.0527793
-0.156315
-0.0517554
-0.206059
-0.0502308
-0.253811
-0.0482208
-0.29911
-0.0457456
-0.341522
-0.0428298
-0.380637
-0.0395024
-0.416082
-0.0357959
-0.447516
-0.0317464
-0.47464
-0.0273933
-0.497194
-0.0227784
-0.514963
-0.017946
-0.527777
-0.012942
-0.535513
-0.00781342
-0.538093
-0.00260563
-0.535499
0.00261971
-0.527763
0.00781301
-0.514953
0.0129369
-0.497189
0.0179393
-0.47464
0.0227715
-0.44752
0.0273871
-0.416089
0.0317414
-0.380646
0.0357923
-0.34153
0.0395005
-0.299117
0.0428298
-0.253815
0.0457474
-0.206059
0.0482243
-0.156311
0.0502357
-0.105052
0.0517613
-0.0527793
0.052785
6.89765e-09
0.0532943
0.0527793
0.0532943
0.105052
0.052785
0.156311
0.0517613
0.206059
0.0502357
0.253815
0.0482243
0.299117
0.0457474
0.34153
0.0428298
0.380646
0.0395005
0.416089
0.0357923
0.44752
0.0317414
0.47464
0.0273871
0.497189
0.0227715
0.514953
0.0179393
0.527763
0.0129369
0.535499
0.00781301
0.00261971
0.540774
7.65727e-10
0.53296
6.96109e-10
0.520018
6.05913e-10
0.502072
5.00509e-10
0.479294
3.83599e-10
0.451901
2.59958e-10
0.420154
1.33346e-10
0.384358
1.50176e-11
0.344856
-8.3708e-11
0.302026
-1.44639e-10
0.256281
-1.48254e-10
0.20806
-7.26108e-11
0.157829
1.07107e-10
0.106074
4.10951e-10
0.0532943
8.24529e-10
-4.80863e-09
1.22929e-09
-0.0532943
1.43484e-09
-0.106074
1.47202e-09
-0.157829
1.44027e-09
-0.20806
1.37864e-09
-0.256281
1.30045e-09
-0.302026
1.21063e-09
-0.344856
1.1114e-09
-0.384358
1.00362e-09
-0.420154
8.87323e-10
-0.451901
7.62261e-10
-0.479294
6.28347e-10
-0.502072
4.86102e-10
-0.520018
3.36821e-10
-0.53296
1.82522e-10
-0.540774
2.54306e-11
-0.54338
-1.30815e-10
-0.54076
-2.83044e-10
-0.532947
-4.29151e-10
-0.52001
-5.66004e-10
-0.502071
-6.91235e-10
-0.479299
-8.02754e-10
-0.451912
-8.98592e-10
-0.420171
-9.76799e-10
-0.384378
-1.03547e-09
-0.344878
-1.07283e-09
-0.302048
-1.0874e-09
-0.256301
-1.078e-09
-0.208076
-1.04396e-09
-0.157841
-9.85244e-10
-0.106079
-9.02528e-10
-0.0532943
-7.97093e-10
6.82451e-09
-6.70778e-10
0.0532943
-5.25248e-10
0.106079
-3.69453e-10
0.157841
-2.11336e-10
0.208076
-5.45563e-11
0.256301
9.87029e-11
0.302048
2.45552e-10
0.344878
3.83118e-10
0.384378
5.0838e-10
0.420171
6.18171e-10
0.451912
7.10356e-10
0.479299
7.8252e-10
0.502071
8.33968e-10
0.52001
8.62893e-10
0.532947
8.69878e-10
0.54076
8.54668e-10
8.20157e-10
0.540774
0.00260564
0.53296
0.00781343
0.520018
0.012942
0.502072
0.017946
0.479294
0.0227784
0.451901
0.0273933
0.420154
0.0317464
0.384358
0.0357959
0.344856
0.0395024
0.302026
0.0428298
0.256281
0.0457456
0.20806
0.0482208
0.157829
0.0502308
0.106074
0.0517554
0.0532943
0.0527793
-5.10048e-09
0.0532943
-0.0532943
0.0532943
-0.106074
0.0527793
-0.157829
0.0517554
-0.20806
0.0502308
-0.256281
0.0482208
-0.302026
0.0457456
-0.344856
0.0428298
-0.384358
0.0395024
-0.420154
0.0357959
-0.451901
0.0317464
-0.479294
0.0273933
-0.502072
0.0227784
-0.520018
0.017946
-0.53296
0.012942
-0.540774
0.00781342
-0.54338
0.00260563
-0.54076
-0.00261971
-0.532947
-0.00781302
-0.52001
-0.0129369
-0.502071
-0.0179393
-0.479299
-0.0227715
-0.451912
-0.0273871
-0.420171
-0.0317414
-0.384378
-0.0357923
-0.344878
-0.0395005
-0.302048
-0.0428298
-0.256301
-0.0457474
-0.208076
-0.0482243
-0.157841
-0.0502357
-0.106079
-0.0517613
-0.0532943
-0.052785
7.11077e-09
-0.0532943
0.0532943
-0.0532943
0.106079
-0.052785
0.157841
-0.0517613
0.208076
-0.0502357
0.256301
-0.0482243
0.302048
-0.0457474
0.344878
-0.0428298
0.384378
-0.0395005
0.420171
-0.0357923
0.451912
-0.0317414
0.479299
-0.0273871
0.502071
-0.0227715
0.52001
-0.0179393
0.532947
-0.0129369
0.54076
-0.00781301
-0.0026197
0.535513
0.00518571
0.527777
0.0155497
0.514963
0.0257563
0.497194
0.035715
0.47464
0.0453324
0.447516
0.054517
0.416082
0.0631809
0.380637
0.0712405
0.341521
0.0786178
0.29911
0.085241
0.253811
0.0910451
0.206059
0.0959728
0.156315
0.0999751
0.105058
0.103012
0.052785
0.105052
-5.31741e-09
0.106079
-0.052785
0.106079
-0.105058
0.105052
-0.156315
0.103012
-0.206059
0.0999751
-0.253811
0.0959728
-0.29911
0.0910451
-0.341522
0.085241
-0.380637
0.0786178
-0.416082
0.0712405
-0.447516
0.0631809
-0.47464
0.054517
-0.497194
0.0453324
-0.514963
0.035715
-0.527777
0.0257563
-0.535513
0.0155497
-0.538093
0.00518571
-0.535499
-0.00521355
-0.527763
-0.0155495
-0.514953
-0.0257472
-0.497189
-0.0357031
-0.47464
-0.0453205
-0.44752
-0.0545066
-0.416089
-0.0631729
-0.380646
-0.0712356
-0.34153
-0.0786162
-0.299117
-0.0852426
-0.253815
-0.0910497
-0.206059
-0.0959798
-0.156311
-0.0999835
-0.105052
-0.10302
-0.0527793
-0.105058
7.51812e-09
-0.106074
0.0527793
-0.106074
0.105052
-0.105058
0.156311
-0.10302
0.206059
-0.0999835
0.253815
-0.0959798
0.299117
-0.0910497
0.34153
-0.0852426
0.380646
-0.0786162
0.416089
-0.0712356
0.44752
-0.0631729
0.47464
-0.0545066
0.497189
-0.0453205
0.514953
-0.0357031
0.527763
-0.0257472
0.535499
-0.0155495
-0.00521355
0.525049
0.00771488
0.517466
0.0231331
0.504905
0.0383173
0.487487
0.0531331
0.465378
0.0674416
0.438788
0.0811067
0.407971
0.0939974
0.373222
0.105989
0.334873
0.116967
0.293292
0.126822
0.248877
0.13546
0.202056
0.142794
0.153281
0.148751
0.10302
0.153272
0.0517613
0.156311
-5.45906e-09
0.157841
-0.0517613
0.157841
-0.10302
0.156311
-0.153281
0.153272
-0.202057
0.148751
-0.248877
0.142794
-0.293292
0.13546
-0.334873
0.126822
-0.373222
0.116967
-0.407971
0.105989
-0.438788
0.0939974
-0.465378
0.0811067
-0.487487
0.0674416
-0.504905
0.0531331
-0.517466
0.0383173
-0.525049
0.0231331
-0.527578
0.00771487
-0.525036
-0.00775623
-0.517452
-0.0231336
-0.504894
-0.0383054
-0.487479
-0.0531175
-0.465373
-0.0674262
-0.438786
-0.0810936
-0.407972
-0.0939878
-0.373223
-0.105984
-0.334873
-0.116966
-0.29329
-0.126826
-0.248873
-0.135467
-0.20205
-0.142803
-0.153272
-0.148761
-0.103012
-0.153281
-0.0517554
-0.156315
7.83301e-09
-0.157829
0.0517554
-0.157829
0.103012
-0.156315
0.153272
-0.153281
0.20205
-0.148761
0.248873
-0.142803
0.29329
-0.135467
0.334873
-0.126826
0.373223
-0.116966
0.407972
-0.105984
0.438786
-0.0939878
0.465373
-0.0810936
0.487479
-0.0674262
0.504894
-0.0531175
0.517452
-0.0383054
0.525036
-0.0231335
-0.00775622
0.509492
0.0101686
0.502136
0.0304895
0.489951
0.0505025
0.473053
0.0700306
0.451604
0.0888907
0.425807
0.106904
0.395908
0.123896
0.362192
0.139705
0.324982
0.154177
0.284633
0.167171
0.241533
0.17856
0.196097
0.18823
0.148761
0.196087
0.0999835
0.20205
0.0502357
0.206059
-5.52927e-09
0.208076
-0.0502357
0.208076
-0.0999835
0.206059
-0.148761
0.20205
-0.196097
0.196087
-0.241533
0.18823
-0.284633
0.17856
-0.324982
0.167171
-0.362192
0.154177
-0.395908
0.139705
-0.425807
0.123896
-0.451604
0.106904
-0.473053
0.0888907
-0.489951
0.0700306
-0.502136
0.0505025
-0.509492
0.0304895
-0.511946
0.0101686
-0.50948
-0.0102227
-0.502122
-0.0304911
-0.489939
-0.0504888
-0.473044
-0.0700125
-0.451597
-0.0888731
-0.425801
-0.106889
-0.395903
-0.123886
-0.362187
-0.1397
-0.324976
-0.154177
-0.284625
-0.167176
-0.241524
-0.178568
-0.196087
-0.188241
-0.148751
-0.196097
-0.0999751
-0.202056
-0.0502308
-0.206059
8.0014e-09
-0.20806
0.0502308
-0.20806
0.0999751
-0.206059
0.148751
-0.202056
0.196087
-0.196097
0.241524
-0.188241
0.284626
-0.178568
0.324976
-0.167176
0.362187
-0.154177
0.395903
-0.1397
0.425801
-0.123886
0.451597
-0.106889
0.473044
-0.0888731
0.489939
-0.0700125
0.502122
-0.0504888
0.50948
-0.0304911
-0.0102227
0.489005
0.0125231
0.481947
0.0375475
0.470256
0.0621936
0.454043
0.0862434
0.433462
0.109472
0.408708
0.131657
0.380017
0.152588
0.34766
0.172062
0.311948
0.189889
0.273222
0.205897
0.231854
0.219928
0.188241
0.231843
0.142803
0.241524
0.0959798
0.248873
0.0482243
0.253815
-5.53337e-09
0.256301
-0.0482243
0.256301
-0.0959798
0.253815
-0.142803
0.248873
-0.188241
0.241524
-0.231854
0.231843
-0.273222
0.219928
-0.311948
0.205897
-0.34766
0.189889
-0.380017
0.172062
-0.408708
0.152588
-0.433462
0.131657
-0.454043
0.109472
-0.470256
0.0862434
-0.481947
0.0621936
-0.489005
0.0375475
-0.49136
0.0125231
-0.488994
-0.0125888
-0.481935
-0.0375503
-0.470245
-0.0621786
-0.454034
-0.0862238
-0.433454
-0.109453
-0.408701
-0.131642
-0.380009
-0.152578
-0.347652
-0.172057
-0.311939
-0.18989
-0.273212
-0.205903
-0.231843
-0.219937
-0.18823
-0.231854
-0.142794
-0.241533
-0.0959728
-0.248877
-0.0482208
-0.253811
8.01954e-09
-0.256281
0.0482208
-0.256281
0.0959728
-0.253811
0.142794
-0.248877
0.18823
-0.241533
0.231843
-0.231854
0.273212
-0.219937
0.311939
-0.205903
0.347652
-0.18989
0.380009
-0.172057
0.408701
-0.152578
0.433454
-0.131642
0.454034
-0.109453
0.470245
-0.0862238
0.481935
-0.0621786
0.488994
-0.0375503
-0.0125887
0.463798
0.0147558
0.457106
0.0442389
0.446023
0.0732774
0.430651
0.101615
0.411138
0.128985
0.387666
0.155129
0.360459
0.179796
0.329774
0.202746
0.295905
0.223759
0.259175
0.242627
0.219937
0.259166
0.178568
0.273212
0.135467
0.284625
0.0910497
0.29329
0.0457474
0.299117
-5.47727e-09
0.302048
-0.0457474
0.302048
-0.0910497
0.299117
-0.135467
0.29329
-0.178568
0.284625
-0.219937
0.273212
-0.259175
0.259166
-0.295905
0.242627
-0.329774
0.223759
-0.360459
0.202746
-0.387666
0.179796
-0.411138
0.155129
-0.430651
0.128985
-0.446023
0.101615
-0.457106
0.0732774
-0.463798
0.0442389
-0.466031
0.0147558
-0.463788
-0.0148312
-0.457096
-0.0442424
-0.446013
-0.0732613
-0.430643
-0.101594
-0.41113
-0.128966
-0.387659
-0.155114
-0.360451
-0.179786
-0.329766
-0.202742
-0.295896
-0.22376
-0.259166
-0.242633
-0.219928
-0.259175
-0.17856
-0.273222
-0.13546
-0.284633
-0.091045
-0.293292
-0.0457456
-0.29911
7.89063e-09
-0.302026
0.0457456
-0.302026
0.0910451
-0.29911
0.13546
-0.293292
0.17856
-0.284633
0.219928
-0.273222
0.259166
-0.259175
0.295896
-0.242633
0.329766
-0.22376
0.360451
-0.202742
0.387659
-0.179786
0.41113
-0.155114
0.430643
-0.128966
0.446013
-0.101594
0.457096
-0.0732613
0.463788
-0.0442424
-0.0148312
0.434124
0.0168453
0.427864
0.050499
0.417495
0.0836467
0.403114
0.115996
0.384855
0.147243
0.362892
0.177093
0.337431
0.205257
0.308713
0.231464
0.277013
0.255459
0.242633
0.277007
0.205903
0.295896
0.167176
0.311939
0.126826
0.324976
0.0852426
0.334873
0.0428298
0.34153
-5.36673e-09
0.344878
-0.0428298
0.344878
-0.0852426
0.34153
-0.126826
0.334873
-0.167176
0.324976
-0.205903
0.311939
-0.242633
0.295896
-0.277013
0.277007
-0.308713
0.255459
-0.337431
0.231464
-0.362892
0.205257
-0.384855
0.177093
-0.403114
0.147243
-0.417495
0.115996
-0.427864
0.0836467
-0.434124
0.050499
-0.436214
0.0168453
-0.434117
-0.016928
-0.427857
-0.0505025
-0.417489
-0.0836294
-0.403108
-0.115974
-0.384851
-0.147224
-0.362887
-0.177077
-0.337425
-0.205247
-0.308707
-0.23146
-0.277007
-0.25546
-0.242627
-0.277013
-0.205897
-0.295905
-0.167171
-0.311948
-0.126822
-0.324982
-0.085241
-0.334873
-0.0428298
-0.341522
7.62027e-09
-0.344856
0.0428298
-0.344856
0.085241
-0.341521
0.126822
-0.334873
0.167171
-0.324982
0.205897
-0.311948
0.242627
-0.295905
0.277007
-0.277013
0.308707
-0.25546
0.337425
-0.23146
0.362887
-0.205247
0.384851
-0.177077
0.403108
-0.147224
0.417489
-0.115974
0.427857
-0.0836294
0.434117
-0.0505024
-0.016928
0.40028
0.0187715
0.394512
0.0562672
0.384957
0.0932015
0.371705
0.129248
0.354878
0.164071
0.334634
0.197337
0.311163
0.228728
0.284688
0.257939
0.25546
0.284686
0.22376
0.308707
0.18989
0.329766
0.154177
0.347652
0.116966
0.362187
0.0786162
0.373223
0.0395005
0.380646
-5.20685e-09
0.384378
-0.0395005
0.384378
-0.0786162
0.380646
-0.116966
0.373223
-0.154177
0.362187
-0.18989
0.347652
-0.22376
0.329766
-0.25546
0.308707
-0.284688
0.284686
-0.311163
0.257939
-0.334634
0.228728
-0.354878
0.197337
-0.371705
0.164071
-0.384957
0.129248
-0.394512
0.0932014
-0.40028
0.0562672
-0.402207
0.0187715
-0.400276
-0.0188587
-0.394509
-0.0562697
-0.384955
-0.0931827
-0.371704
-0.129226
-0.354877
-0.164051
-0.334632
-0.197322
-0.311161
-0.228718
-0.284686
-0.257935
-0.255459
-0.284688
-0.223759
-0.308713
-0.189889
-0.329774
-0.154177
-0.34766
-0.116967
-0.362192
-0.0786178
-0.373222
-0.0395024
-0.380637
7.21654e-09
-0.384358
0.0395024
-0.384358
0.0786179
-0.380637
0.116967
-0.373222
0.154177
-0.362192
0.189889
-0.34766
0.223759
-0.329774
0.255459
-0.308713
0.284686
-0.284688
0.311161
-0.257935
0.334632
-0.228718
0.354877
-0.197322
0.371704
-0.164051
0.384955
-0.129226
0.394509
-0.0931827
0.400276
-0.0562697
-0.0188587
0.362602
0.0205161
0.357382
0.0614881
0.348733
0.10185
0.336737
0.141245
0.321502
0.179305
0.303171
0.215668
0.281915
0.249984
0.257935
0.281919
0.23146
0.311161
0.202742
0.337425
0.172057
0.360451
0.1397
0.380009
0.105984
0.395903
0.0712356
0.407972
0.0357923
0.416089
-5.00184e-09
0.420171
-0.0357923
0.420171
-0.0712356
0.416089
-0.105984
0.407972
-0.1397
0.395903
-0.172057
0.380009
-0.202742
0.360451
-0.23146
0.337425
-0.257935
0.311161
-0.281915
0.281919
-0.303171
0.249984
-0.321502
0.215668
-0.336737
0.179305
-0.348733
0.141245
-0.357382
0.10185
-0.362602
0.0614881
-0.364347
0.0205161
-0.362601
-0.0206045
-0.357382
-0.0614885
-0.348736
-0.101829
-0.33674
-0.141221
-0.321506
-0.179285
-0.303175
-0.215653
-0.281919
-0.249974
-0.257939
-0.281915
-0.231464
-0.311163
-0.202746
-0.337431
-0.172062
-0.360459
-0.139705
-0.380017
-0.105989
-0.395908
-0.0712405
-0.407971
-0.0357959
-0.416082
6.68972e-09
-0.420154
0.0357959
-0.420154
0.0712405
-0.416082
0.10599
-0.407971
0.139705
-0.395908
0.172062
-0.380017
0.202746
-0.360459
0.231464
-0.337431
0.257939
-0.311163
0.281919
-0.281915
0.303175
-0.249974
0.321506
-0.215653
0.33674
-0.179285
0.348736
-0.141221
0.357382
-0.101829
0.362601
-0.0614885
-0.0206045
0.321463
0.0220624
0.316839
0.0661115
0.30918
0.109509
0.298554
0.151871
0.285057
0.192803
0.268813
0.231912
0.249974
0.268822
0.228718
0.303175
0.205247
0.334632
0.179786
0.362887
0.152578
0.387659
0.123886
0.408701
0.0939878
0.425801
0.0631729
0.438786
0.0317414
0.44752
-4.755e-09
0.451912
-0.0317414
0.451912
-0.0631729
0.44752
-0.0939878
0.438786
-0.123886
0.425801
-0.152578
0.408701
-0.179786
0.387659
-0.205247
0.362887
-0.228718
0.334632
-0.249974
0.303175
-0.268813
0.268822
-0.285057
0.231912
-0.298554
0.192803
-0.30918
0.151871
-0.316839
0.109509
-0.321463
0.0661115
-0.323009
0.0220624
-0.321465
-0.0221483
-0.316845
-0.0661086
-0.309188
-0.109486
-0.298563
-0.151847
-0.285066
-0.192782
-0.268822
-0.231897
-0.249984
-0.268813
-0.228728
-0.303171
-0.205257
-0.334634
-0.179796
-0.362892
-0.152588
-0.387666
-0.123896
-0.408708
-0.0939974
-0.425807
-0.0631809
-0.438788
-0.0317464
-0.447516
6.0515e-09
-0.451901
0.0317464
-0.451901
0.0631809
-0.447516
0.0939974
-0.438788
0.123896
-0.425807
0.152588
-0.408708
0.179796
-0.387666
0.205257
-0.362892
0.228728
-0.334634
0.249984
-0.303171
0.268822
-0.268813
0.285066
-0.231897
0.298563
-0.192782
0.309188
-0.151847
0.316845
-0.109486
0.321465
-0.0661086
-0.0221483
0.277267
0.0233961
0.273285
0.0700935
0.266688
0.116106
0.257533
0.161026
0.2459
0.204435
0.231897
0.245915
0.215653
0.285066
0.197322
0.321506
0.177077
0.354877
0.155114
0.384851
0.131642
0.41113
0.106889
0.433454
0.0810935
0.451597
0.0545066
0.465373
0.0273871
0.47464
-4.46899e-09
0.479299
-0.0273871
0.479299
-0.0545066
0.47464
-0.0810936
0.465373
-0.106889
0.451597
-0.131642
0.433454
-0.155114
0.41113
-0.177077
0.384851
-0.197322
0.354877
-0.215653
0.321506
-0.231897
0.285066
-0.2459
0.245915
-0.257533
0.204435
-0.266688
0.161026
-0.273285
0.116106
-0.277267
0.0700935
-0.2786
0.0233961
-0.277274
-0.023475
-0.273296
-0.0700859
-0.266702
-0.116081
-0.257548
-0.161001
-0.245915
-0.204414
-0.231912
-0.2459
-0.215668
-0.285057
-0.197337
-0.321502
-0.177093
-0.354878
-0.155129
-0.384855
-0.131657
-0.411138
-0.106903
-0.433462
-0.0811067
-0.451604
-0.054517
-0.465378
-0.0273933
-0.47464
5.31424e-09
-0.479294
0.0273933
-0.479294
0.054517
-0.47464
0.0811067
-0.465378
0.106904
-0.451604
0.131657
-0.433462
0.155129
-0.411138
0.177093
-0.384855
0.197337
-0.354878
0.215668
-0.321502
0.231912
-0.285057
0.245915
-0.2459
0.257548
-0.204414
0.266702
-0.161001
0.273296
-0.116081
0.277274
-0.0700859
-0.023475
0.230449
0.0245049
0.227146
0.0733969
0.221673
0.121579
0.214073
0.168626
0.204414
0.214094
0.192782
0.257548
0.179285
0.298563
0.164051
0.33674
0.147224
0.371704
0.128966
0.403108
0.109453
0.430643
0.0888731
0.454034
0.0674262
0.473044
0.0453205
0.487479
0.0227715
0.497189
-4.14599e-09
0.502071
-0.0227715
0.502071
-0.0453205
0.497189
-0.0674262
0.487479
-0.0888731
0.473044
-0.109453
0.454034
-0.128966
0.430643
-0.147224
0.403108
-0.164051
0.371704
-0.179285
0.33674
-0.192782
0.298563
-0.204414
0.257548
-0.214073
0.214094
-0.221673
0.168626
-0.227146
0.121579
-0.230449
0.0733968
-0.231558
0.0245049
-0.230461
-0.0245718
-0.227164
-0.0733833
-0.221693
-0.121552
-0.214094
-0.1686
-0.204435
-0.214073
-0.192803
-0.257533
-0.179305
-0.298554
-0.164071
-0.336737
-0.147243
-0.371705
-0.128985
-0.403114
-0.109472
-0.430651
-0.0888907
-0.454043
-0.0674416
-0.473053
-0.0453323
-0.487487
-0.0227784
-0.497194
4.49068e-09
-0.502072
0.0227784
-0.502072
0.0453324
-0.497194
0.0674416
-0.487487
0.0888907
-0.473053
0.109472
-0.454043
0.128985
-0.430651
0.147243
-0.403114
0.164071
-0.371705
0.179305
-0.336737
0.192803
-0.298554
0.204435
-0.257533
0.214094
-0.214073
0.221693
-0.1686
0.227164
-0.121552
0.230461
-0.0733833
-0.0245718
0.181469
0.0253791
0.178874
0.0759914
0.174574
0.125879
0.1686
0.1746
0.161001
0.221693
0.151847
0.266702
0.141221
0.309188
0.129226
0.348736
0.115974
0.384955
0.101594
0.417489
0.0862238
0.446013
0.0700125
0.470245
0.0531175
0.489939
0.0357031
0.504894
0.0179393
0.514953
-3.78791e-09
0.52001
-0.0179393
0.52001
-0.0357031
0.514953
-0.0531175
0.504894
-0.0700125
0.489939
-0.0862238
0.470245
-0.101594
0.446013
-0.115974
0.417489
-0.129226
0.384955
-0.141221
0.348736
-0.151847
0.309188
-0.161001
0.266702
-0.1686
0.221693
-0.174574
0.1746
-0.178874
0.125879
-0.181469
0.0759914
-0.182343
0.0253791
-0.181486
-0.0254286
-0.178899
-0.0759711
-0.1746
-0.12585
-0.168626
-0.174574
-0.161026
-0.221673
-0.151871
-0.266688
-0.141245
-0.30918
-0.129248
-0.348733
-0.115996
-0.384957
-0.101615
-0.417495
-0.0862434
-0.446023
-0.0700306
-0.470256
-0.0531331
-0.489951
-0.035715
-0.504905
-0.017946
-0.514963
3.59384e-09
-0.520018
0.017946
-0.520018
0.035715
-0.514963
0.0531331
-0.504905
0.0700306
-0.489951
0.0862434
-0.470256
0.101615
-0.446023
0.115996
-0.417495
0.129248
-0.384957
0.141245
-0.348733
0.151871
-0.30918
0.161026
-0.266688
0.168626
-0.221673
0.1746
-0.174574
0.178899
-0.12585
0.181486
-0.0759711
-0.0254286
0.130804
0.0260112
0.128941
0.0778547
0.12585
0.12897
0.121552
0.178899
0.116081
0.227164
0.109486
0.273296
0.101829
0.316845
0.0931827
0.357383
0.0836294
0.394509
0.0732613
0.427857
0.0621786
0.457096
0.0504888
0.481935
0.0383054
0.502122
0.0257472
0.517452
0.0129369
0.527763
-3.39662e-09
0.532947
-0.0129369
0.532947
-0.0257472
0.527763
-0.0383054
0.517452
-0.0504888
0.502122
-0.0621786
0.481935
-0.0732613
0.457096
-0.0836294
0.427857
-0.0931827
0.394509
-0.101829
0.357382
-0.109486
0.316845
-0.116081
0.273296
-0.121552
0.227164
-0.12585
0.178899
-0.128941
0.12897
-0.130804
0.0778546
-0.131436
0.0260112
-0.130827
-0.026038
-0.12897
-0.0778278
-0.125879
-0.128941
-0.121579
-0.178874
-0.116106
-0.227146
-0.109509
-0.273285
-0.10185
-0.316839
-0.0932014
-0.357382
-0.0836467
-0.394512
-0.0732774
-0.427864
-0.0621936
-0.457106
-0.0505025
-0.481947
-0.0383173
-0.502136
-0.0257563
-0.517466
-0.012942
-0.527777
2.637e-09
-0.53296
0.012942
-0.53296
0.0257563
-0.527777
0.0383173
-0.517466
0.0505025
-0.502136
0.0621936
-0.481947
0.0732774
-0.457106
0.0836467
-0.427864
0.0932014
-0.394512
0.10185
-0.357382
0.109509
-0.316839
0.116106
-0.273285
0.121579
-0.227146
0.125879
-0.178874
0.12897
-0.128941
0.130827
-0.0778278
-0.026038
0.0789445
0.0263963
0.0778278
0.0789713
0.0759711
0.130827
0.0733833
0.181486
0.0700859
0.230461
0.0661086
0.277274
0.0614885
0.321465
0.0562697
0.362601
0.0505025
0.400276
0.0442424
0.434117
0.0375503
0.463788
0.0304911
0.488994
0.0231335
0.50948
0.0155495
0.525036
0.00781301
0.535499
-2.97432e-09
0.54076
-0.00781302
0.54076
-0.0155495
0.535499
-0.0231335
0.525036
-0.0304911
0.50948
-0.0375503
0.488994
-0.0442424
0.463788
-0.0505025
0.434117
-0.0562697
0.400276
-0.0614885
0.362601
-0.0661086
0.321465
-0.0700859
0.277274
-0.0733833
0.230461
-0.0759711
0.181486
-0.0778278
0.130827
-0.0789445
0.0789713
-0.0793296
0.0263963
-0.0789713
-0.0263963
-0.0778546
-0.0789445
-0.0759914
-0.130804
-0.0733969
-0.181469
-0.0700935
-0.230449
-0.0661115
-0.277267
-0.0614881
-0.321463
-0.0562672
-0.362602
-0.050499
-0.40028
-0.0442389
-0.434124
-0.0375475
-0.463798
-0.0304895
-0.489005
-0.0231331
-0.509492
-0.0155497
-0.525049
-0.00781342
-0.535513
1.63341e-09
-0.540774
0.00781343
-0.540774
0.0155497
-0.535513
0.0231331
-0.525049
0.0304895
-0.509492
0.0375475
-0.489005
0.0442389
-0.463798
0.050499
-0.434124
0.0562672
-0.40028
0.0614881
-0.362602
0.0661115
-0.321463
0.0700935
-0.277267
0.0733969
-0.230449
0.0759914
-0.181469
0.0778546
-0.130804
0.0789713
-0.0789445
-0.0263963
0.0263963
0.02652
0.026038
0.0793296
0.0254286
0.131436
0.0245718
0.182343
0.023475
0.231558
0.0221483
0.2786
0.0206045
0.323009
0.0188587
0.364347
0.016928
0.402207
0.0148312
0.436214
0.0125887
0.466031
0.0102227
0.49136
0.00775622
0.511946
0.00521355
0.527578
0.0026197
0.538093
-2.52376e-09
0.54338
-0.00261971
0.54338
-0.00521355
0.538093
-0.00775623
0.527578
-0.0102227
0.511946
-0.0125887
0.49136
-0.0148312
0.466031
-0.016928
0.436214
-0.0188587
0.402207
-0.0206045
0.364347
-0.0221483
0.323009
-0.023475
0.2786
-0.0245718
0.231558
-0.0254286
0.182343
-0.026038
0.131436
-0.0263963
0.0793296
-0.02652
0.02652
-0.0263963
-0.02652
-0.0260112
-0.0793296
-0.0253791
-0.131436
-0.0245049
-0.182343
-0.0233961
-0.231558
-0.0220624
-0.2786
-0.0205161
-0.323009
-0.0187715
-0.364347
-0.0168453
-0.402207
-0.0147558
-0.436214
-0.0125231
-0.466031
-0.0101686
-0.49136
-0.00771487
-0.511946
-0.00518571
-0.527578
-0.00260563
-0.538093
5.95884e-10
-0.54338
0.00260564
-0.54338
0.00518571
-0.538093
0.00771487
-0.527578
0.0101686
-0.511946
0.0125231
-0.49136
0.0147558
-0.466031
0.0168453
-0.436214
0.0187715
-0.402207
0.0205161
-0.364347
0.0220624
-0.323009
0.0233961
-0.2786
0.0245049
-0.231558
0.0253791
-0.182343
0.0260112
-0.131436
0.0263963
-0.0793296
-0.02652
-0.0263963
0.0263963
-0.0260112
0.0789445
-0.0253791
0.130804
-0.0245049
0.181469
-0.0233961
0.230449
-0.0220624
0.277267
-0.0205161
0.321463
-0.0187715
0.362602
-0.0168453
0.40028
-0.0147558
0.434124
-0.0125231
0.463798
-0.0101686
0.489005
-0.00771488
0.509492
-0.00518571
0.525049
-0.00260564
0.535513
-2.05287e-09
0.540774
0.00260563
0.540774
0.00518571
0.535513
0.00771487
0.525049
0.0101686
0.509492
0.0125231
0.489005
0.0147558
0.463798
0.0168453
0.434124
0.0187715
0.40028
0.0205161
0.362602
0.0220624
0.321463
0.0233961
0.277267
0.0245049
0.230449
0.0253791
0.181469
0.0260112
0.130804
0.0263963
0.0789445
0.02652
0.0263963
0.0263963
-0.0263963
0.026038
-0.0789713
0.0254286
-0.130827
0.0245718
-0.181486
0.023475
-0.230461
0.0221483
-0.277274
0.0206045
-0.321465
0.0188587
-0.362601
0.016928
-0.400276
0.0148312
-0.434117
0.0125887
-0.463788
0.0102227
-0.488994
0.00775622
-0.50948
0.00521355
-0.525036
0.00261971
-0.535499
-4.61101e-10
-0.54076
-0.00261971
-0.54076
-0.00521355
-0.535499
-0.00775623
-0.525036
-0.0102227
-0.50948
-0.0125888
-0.488994
-0.0148312
-0.463788
-0.016928
-0.434117
-0.0188587
-0.400276
-0.0206045
-0.362601
-0.0221483
-0.321465
-0.023475
-0.277274
-0.0245718
-0.230461
-0.0254286
-0.181486
-0.026038
-0.130827
-0.0263963
-0.0789713
-0.0263963
-0.0789713
0.026038
-0.0778547
0.0778278
-0.0759914
0.128941
-0.0733969
0.178874
-0.0700935
0.227146
-0.0661115
0.273285
-0.0614881
0.316839
-0.0562672
0.357382
-0.050499
0.394512
-0.0442389
0.427864
-0.0375475
0.457106
-0.0304895
0.481947
-0.0231331
0.502136
-0.0155497
0.517466
-0.00781343
0.527777
-1.55416e-09
0.53296
0.00781342
0.53296
0.0155497
0.527777
0.0231331
0.517466
0.0304895
0.502136
0.0375475
0.481947
0.0442389
0.457106
0.050499
0.427864
0.0562672
0.394512
0.0614881
0.357382
0.0661115
0.316839
0.0700935
0.273285
0.0733969
0.227146
0.0759914
0.178874
0.0778546
0.128941
0.0789713
0.0778278
0.0793296
0.026038
0.0789445
-0.0260112
0.0778278
-0.0778547
0.0759711
-0.12897
0.0733833
-0.178899
0.0700859
-0.227164
0.0661086
-0.273296
0.0614885
-0.316845
0.0562697
-0.357383
0.0505025
-0.394509
0.0442424
-0.427857
0.0375503
-0.457096
0.0304911
-0.481935
0.0231335
-0.502122
0.0155495
-0.517452
0.00781301
-0.527763
-1.52401e-09
-0.532947
-0.00781302
-0.532947
-0.0155495
-0.527763
-0.0231336
-0.517452
-0.0304911
-0.502122
-0.0375503
-0.481935
-0.0442424
-0.457096
-0.0505025
-0.427857
-0.0562697
-0.394509
-0.0614885
-0.357382
-0.0661086
-0.316845
-0.0700859
-0.273296
-0.0733833
-0.227164
-0.0759711
-0.178899
-0.0778278
-0.12897
-0.0789445
-0.0778546
-0.0260112
-0.130827
0.0254286
-0.12897
0.0759711
-0.125879
0.12585
-0.121579
0.174574
-0.116106
0.221673
-0.109509
0.266688
-0.10185
0.30918
-0.0932015
0.348733
-0.0836467
0.384957
-0.0732774
0.417495
-0.0621936
0.446023
-0.0505025
0.470256
-0.0383173
0.489951
-0.0257563
0.504905
-0.012942
0.514963
-1.03817e-09
0.520018
0.012942
0.520018
0.0257563
0.514963
0.0383173
0.504905
0.0505025
0.489951
0.0621936
0.470256
0.0732774
0.446023
0.0836467
0.417495
0.0932014
0.384957
0.10185
0.348733
0.109509
0.30918
0.116106
0.266688
0.121579
0.221673
0.125879
0.174574
0.12897
0.12585
0.130827
0.0759711
0.131436
0.0254286
0.130804
-0.0253791
0.128941
-0.0759914
0.12585
-0.125879
0.121552
-0.1746
0.116081
-0.221693
0.109486
-0.266702
0.101829
-0.309188
0.0931827
-0.348736
0.0836294
-0.384955
0.0732613
-0.417489
0.0621786
-0.446013
0.0504888
-0.470245
0.0383054
-0.489939
0.0257472
-0.504894
0.0129369
-0.514953
-2.58289e-09
-0.52001
-0.0129369
-0.52001
-0.0257472
-0.514953
-0.0383054
-0.504894
-0.0504888
-0.489939
-0.0621786
-0.470245
-0.0732613
-0.446013
-0.0836294
-0.417489
-0.0931827
-0.384955
-0.101829
-0.348736
-0.109486
-0.309188
-0.116081
-0.266702
-0.121552
-0.221693
-0.12585
-0.1746
-0.128941
-0.125879
-0.130804
-0.0759914
-0.0253791
-0.181486
0.0245718
-0.178899
0.0733833
-0.1746
0.121552
-0.168626
0.1686
-0.161026
0.214073
-0.151871
0.257533
-0.141245
0.298554
-0.129248
0.336737
-0.115996
0.371705
-0.101615
0.403114
-0.0862434
0.430651
-0.0700306
0.454043
-0.0531331
0.473053
-0.035715
0.487487
-0.017946
0.497194
-5.10021e-10
0.502072
0.017946
0.502072
0.035715
0.497194
0.0531331
0.487487
0.0700306
0.473053
0.0862434
0.454043
0.101615
0.430651
0.115996
0.403114
0.129248
0.371705
0.141245
0.336737
0.151871
0.298554
0.161026
0.257533
0.168626
0.214073
0.1746
0.1686
0.178899
0.121552
0.181486
0.0733833
0.182343
0.0245718
0.181469
-0.0245049
0.178874
-0.0733969
0.174574
-0.121579
0.1686
-0.168626
0.161001
-0.214094
0.151847
-0.257548
0.141221
-0.298563
0.129226
-0.33674
0.115974
-0.371704
0.101594
-0.403108
0.0862238
-0.430643
0.0700125
-0.454034
0.0531175
-0.473044
0.0357031
-0.487479
0.0179393
-0.497189
-3.62513e-09
-0.502071
-0.0179393
-0.502071
-0.0357031
-0.497189
-0.0531175
-0.487479
-0.0700125
-0.473044
-0.0862238
-0.454034
-0.101594
-0.430643
-0.115974
-0.403108
-0.129226
-0.371704
-0.141221
-0.33674
-0.151847
-0.298563
-0.161001
-0.257548
-0.1686
-0.214094
-0.174574
-0.168626
-0.178874
-0.121579
-0.181469
-0.0733968
-0.0245049
-0.230461
0.023475
-0.227164
0.0700859
-0.221693
0.116081
-0.214094
0.161001
-0.204435
0.204414
-0.192803
0.2459
-0.179305
0.285057
-0.164071
0.321502
-0.147243
0.354878
-0.128985
0.384855
-0.109472
0.411138
-0.0888907
0.433462
-0.0674416
0.451604
-0.0453324
0.465378
-0.0227784
0.47464
2.48448e-11
0.479294
0.0227784
0.479294
0.0453324
0.47464
0.0674416
0.465378
0.0888907
0.451604
0.109472
0.433462
0.128985
0.411138
0.147243
0.384855
0.164071
0.354878
0.179305
0.321502
0.192803
0.285057
0.204435
0.2459
0.214094
0.204414
0.221693
0.161001
0.227164
0.116081
0.230461
0.0700859
0.231558
0.023475
0.230449
-0.0233961
0.227146
-0.0700935
0.221673
-0.116106
0.214073
-0.161026
0.204414
-0.204435
0.192782
-0.245915
0.179285
-0.285066
0.164051
-0.321506
0.147224
-0.354877
0.128966
-0.384851
0.109453
-0.41113
0.0888731
-0.433454
0.0674262
-0.451597
0.0453205
-0.465373
0.0227715
-0.47464
-4.63883e-09
-0.479299
-0.0227715
-0.479299
-0.0453205
-0.47464
-0.0674262
-0.465373
-0.0888732
-0.451597
-0.109453
-0.433454
-0.128966
-0.41113
-0.147224
-0.384851
-0.164051
-0.354877
-0.179285
-0.321506
-0.192782
-0.285066
-0.204414
-0.245915
-0.214073
-0.204435
-0.221673
-0.161026
-0.227146
-0.116106
-0.230449
-0.0700935
-0.0233961
-0.277274
0.0221483
-0.273296
0.0661086
-0.266702
0.109486
-0.257548
0.151847
-0.245915
0.192782
-0.231912
0.231897
-0.215668
0.268813
-0.197337
0.303171
-0.177093
0.334634
-0.155129
0.362892
-0.131657
0.387666
-0.106904
0.408708
-0.0811067
0.425807
-0.054517
0.438788
-0.0273933
0.447516
5.6786e-10
0.451901
0.0273933
0.451901
0.054517
0.447516
0.0811067
0.438788
0.106904
0.425807
0.131657
0.408708
0.155129
0.387666
0.177093
0.362892
0.197337
0.334634
0.215668
0.303171
0.231912
0.268813
0.245915
0.231897
0.257548
0.192782
0.266702
0.151847
0.273296
0.109486
0.277274
0.0661086
0.2786
0.0221483
0.277267
-0.0220624
0.273285
-0.0661115
0.266688
-0.109509
0.257533
-0.151871
0.2459
-0.192803
0.231897
-0.231912
0.215653
-0.268822
0.197322
-0.303175
0.177077
-0.334632
0.155114
-0.362887
0.131642
-0.387659
0.106889
-0.408701
0.0810935
-0.425801
0.0545066
-0.438786
0.0273871
-0.44752
-5.61253e-09
-0.451912
-0.0273871
-0.451912
-0.0545066
-0.44752
-0.0810936
-0.438786
-0.106889
-0.425801
-0.131642
-0.408701
-0.155114
-0.387659
-0.177077
-0.362887
-0.197322
-0.334632
-0.215653
-0.303175
-0.231897
-0.268822
-0.2459
-0.231912
-0.257533
-0.192803
-0.266688
-0.151871
-0.273285
-0.109509
-0.277267
-0.0661115
-0.0220624
-0.321465
0.0206045
-0.316845
0.0614885
-0.309188
0.101829
-0.298563
0.141221
-0.285066
0.179285
-0.268822
0.215653
-0.249984
0.249974
-0.228728
0.281915
-0.205257
0.311163
-0.179796
0.337431
-0.152588
0.360459
-0.123896
0.380017
-0.0939974
0.395908
-0.0631809
0.407971
-0.0317464
0.416082
1.10883e-09
0.420154
0.0317464
0.420154
0.0631809
0.416082
0.0939974
0.407971
0.123896
0.395908
0.152588
0.380017
0.179796
0.360459
0.205257
0.337431
0.228728
0.311163
0.249984
0.281915
0.268822
0.249974
0.285066
0.215653
0.298563
0.179285
0.309188
0.141221
0.316845
0.101829
0.321465
0.0614885
0.323009
0.0206045
0.321463
-0.0205161
0.316839
-0.0614881
0.30918
-0.10185
0.298554
-0.141245
0.285057
-0.179305
0.268813
-0.215668
0.249974
-0.249984
0.228718
-0.281919
0.205247
-0.311161
0.179786
-0.337425
0.152578
-0.360451
0.123886
-0.380009
0.0939878
-0.395903
0.0631729
-0.407972
0.0317414
-0.416089
-6.5351e-09
-0.420171
-0.0317414
-0.420171
-0.0631729
-0.416089
-0.0939878
-0.407972
-0.123886
-0.395903
-0.152578
-0.380009
-0.179786
-0.360451
-0.205247
-0.337425
-0.228718
-0.311161
-0.249974
-0.281919
-0.268813
-0.249984
-0.285057
-0.215668
-0.298554
-0.179305
-0.30918
-0.141245
-0.316839
-0.10185
-0.321463
-0.0614881
-0.0205161
-0.362601
0.0188587
-0.357383
0.0562697
-0.348736
0.0931827
-0.33674
0.129226
-0.321506
0.164051
-0.303175
0.197322
-0.281919
0.228718
-0.257939
0.257935
-0.231464
0.284688
-0.202746
0.308713
-0.172062
0.329774
-0.139705
0.34766
-0.105989
0.362192
-0.0712405
0.373222
-0.0357959
0.380637
1.64608e-09
0.384358
0.0357959
0.384358
0.0712405
0.380637
0.10599
0.373222
0.139705
0.362192
0.172062
0.34766
0.202746
0.329774
0.231464
0.308713
0.257939
0.284688
0.281919
0.257935
0.303175
0.228718
0.321506
0.197322
0.33674
0.164051
0.348736
0.129226
0.357383
0.0931827
0.362601
0.0562697
0.364347
0.0188587
0.362602
-0.0187715
0.357382
-0.0562672
0.348733
-0.0932015
0.336737
-0.129248
0.321502
-0.164071
0.303171
-0.197337
0.281915
-0.228728
0.257935
-0.257939
0.23146
-0.284686
0.202742
-0.308707
0.172057
-0.329766
0.1397
-0.347652
0.105984
-0.362187
0.0712356
-0.373223
0.0357923
-0.380646
-7.39568e-09
-0.384378
-0.0357923
-0.384378
-0.0712356
-0.380646
-0.105984
-0.373223
-0.1397
-0.362187
-0.172057
-0.347652
-0.202742
-0.329766
-0.23146
-0.308707
-0.257935
-0.284686
-0.281915
-0.257939
-0.303171
-0.228728
-0.321502
-0.197337
-0.336737
-0.164071
-0.348733
-0.129248
-0.357382
-0.0932014
-0.362602
-0.0562672
-0.0187715
-0.400276
0.016928
-0.394509
0.0505025
-0.384955
0.0836294
-0.371704
0.115974
-0.354877
0.147224
-0.334632
0.177077
-0.311161
0.205247
-0.284686
0.23146
-0.255459
0.25546
-0.223759
0.277013
-0.189889
0.295905
-0.154177
0.311948
-0.116967
0.324982
-0.0786178
0.334873
-0.0395024
0.341521
2.1763e-09
0.344856
0.0395024
0.344856
0.0786179
0.341521
0.116967
0.334873
0.154177
0.324982
0.189889
0.311948
0.223759
0.295905
0.255459
0.277013
0.284686
0.25546
0.311161
0.23146
0.334632
0.205247
0.354877
0.177077
0.371704
0.147224
0.384955
0.115974
0.394509
0.0836294
0.400276
0.0505024
0.402207
0.016928
0.40028
-0.0168453
0.394512
-0.050499
0.384957
-0.0836467
0.371705
-0.115996
0.354878
-0.147243
0.334634
-0.177093
0.311163
-0.205257
0.284688
-0.231464
0.25546
-0.255459
0.22376
-0.277007
0.18989
-0.295896
0.154177
-0.311939
0.116966
-0.324976
0.0786162
-0.334873
0.0395005
-0.34153
-8.1836e-09
-0.344878
-0.0395005
-0.344878
-0.0786162
-0.34153
-0.116966
-0.334873
-0.154177
-0.324976
-0.18989
-0.311939
-0.22376
-0.295896
-0.25546
-0.277007
-0.284688
-0.255459
-0.311163
-0.231464
-0.334634
-0.205257
-0.354878
-0.177093
-0.371705
-0.147243
-0.384957
-0.115996
-0.394512
-0.0836467
-0.40028
-0.050499
-0.0168453
-0.434117
0.0148312
-0.427857
0.0442424
-0.417489
0.0732613
-0.403108
0.101594
-0.384851
0.128966
-0.362887
0.155114
-0.337425
0.179786
-0.308707
0.202742
-0.277007
0.22376
-0.242627
0.242633
-0.205897
0.259175
-0.167171
0.273222
-0.126822
0.284633
-0.085241
0.293292
-0.0428298
0.29911
2.69654e-09
0.302026
0.0428298
0.302026
0.085241
0.29911
0.126822
0.293292
0.167171
0.284633
0.205897
0.273222
0.242627
0.259175
0.277007
0.242633
0.308707
0.22376
0.337425
0.202742
0.362887
0.179786
0.384851
0.155114
0.403108
0.128966
0.417489
0.101594
0.427857
0.0732613
0.434117
0.0442424
0.436214
0.0148312
0.434124
-0.0147558
0.427864
-0.0442389
0.417495
-0.0732774
0.403114
-0.101615
0.384855
-0.128985
0.362892
-0.155129
0.337431
-0.179796
0.308713
-0.202746
0.277013
-0.223759
0.242633
-0.242627
0.205903
-0.259166
0.167176
-0.273212
0.126826
-0.284625
0.0852426
-0.29329
0.0428298
-0.299117
-8.88819e-09
-0.302048
-0.0428298
-0.302048
-0.0852426
-0.299117
-0.126826
-0.29329
-0.167176
-0.284625
-0.205903
-0.273212
-0.242633
-0.259166
-0.277013
-0.242627
-0.308713
-0.223759
-0.337431
-0.202746
-0.362892
-0.179796
-0.384855
-0.155129
-0.403114
-0.128985
-0.417495
-0.101615
-0.427864
-0.0732774
-0.434124
-0.0442389
-0.0147558
-0.463788
0.0125888
-0.457096
0.0375503
-0.446013
0.0621786
-0.430643
0.0862238
-0.41113
0.109453
-0.387659
0.131642
-0.360451
0.152578
-0.329766
0.172057
-0.295896
0.18989
-0.259166
0.205903
-0.219928
0.219937
-0.17856
0.231854
-0.13546
0.241533
-0.091045
0.248877
-0.0457456
0.253811
3.20331e-09
0.256281
0.0457456
0.256281
0.0910451
0.253811
0.13546
0.248877
0.17856
0.241533
0.219928
0.231854
0.259166
0.219937
0.295896
0.205903
0.329766
0.18989
0.360451
0.172057
0.387659
0.152578
0.41113
0.131642
0.430643
0.109453
0.446013
0.0862238
0.457096
0.0621786
0.463788
0.0375503
0.466031
0.0125887
0.463798
-0.0125231
0.457106
-0.0375475
0.446023
-0.0621936
0.430651
-0.0862434
0.411138
-0.109472
0.387666
-0.131657
0.360459
-0.152588
0.329774
-0.172062
0.295905
-0.189889
0.259175
-0.205897
0.219937
-0.219928
0.178568
-0.231843
0.135467
-0.241524
0.0910497
-0.248873
0.0457474
-0.253815
-9.49872e-09
-0.256301
-0.0457474
-0.256301
-0.0910497
-0.253815
-0.135467
-0.248873
-0.178568
-0.241524
-0.219937
-0.231843
-0.259175
-0.219928
-0.295905
-0.205897
-0.329774
-0.189889
-0.360459
-0.172062
-0.387666
-0.152588
-0.411138
-0.131657
-0.430651
-0.109472
-0.446023
-0.0862434
-0.457106
-0.0621936
-0.463798
-0.0375475
-0.0125231
-0.488994
0.0102227
-0.481935
0.0304911
-0.470245
0.0504888
-0.454034
0.0700125
-0.433454
0.0888731
-0.408701
0.106889
-0.380009
0.123886
-0.347652
0.1397
-0.311939
0.154177
-0.273212
0.167176
-0.231843
0.178568
-0.18823
0.188241
-0.142794
0.196097
-0.0959728
0.202056
-0.0482208
0.206059
3.69079e-09
0.20806
0.0482208
0.20806
0.0959728
0.206059
0.142794
0.202056
0.18823
0.196097
0.231843
0.188241
0.273212
0.178568
0.311939
0.167176
0.347652
0.154177
0.380009
0.1397
0.408701
0.123886
0.433454
0.106889
0.454034
0.0888731
0.470245
0.0700125
0.481935
0.0504888
0.488994
0.0304911
0.49136
0.0102227
0.489005
-0.0101686
0.481947
-0.0304895
0.470256
-0.0505025
0.454043
-0.0700306
0.433462
-0.0888907
0.408708
-0.106904
0.380017
-0.123896
0.34766
-0.139705
0.311948
-0.154177
0.273222
-0.167171
0.231854
-0.17856
0.188241
-0.18823
0.142803
-0.196087
0.0959798
-0.20205
0.0482243
-0.206059
-1.00043e-08
-0.208076
-0.0482243
-0.208076
-0.0959798
-0.206059
-0.142803
-0.20205
-0.188241
-0.196087
-0.231854
-0.18823
-0.273222
-0.17856
-0.311948
-0.167171
-0.34766
-0.154177
-0.380017
-0.139705
-0.408708
-0.123896
-0.433462
-0.106903
-0.454043
-0.0888907
-0.470256
-0.0700306
-0.481947
-0.0505025
-0.489005
-0.0304895
-0.0101686
-0.50948
0.00775623
-0.502122
0.0231336
-0.489939
0.0383054
-0.473044
0.0531175
-0.451597
0.0674262
-0.425801
0.0810936
-0.395903
0.0939878
-0.362187
0.105984
-0.324976
0.116966
-0.284625
0.126826
-0.241524
0.135467
-0.196087
0.142803
-0.148751
0.148761
-0.0999751
0.153281
-0.0502308
0.156315
4.14827e-09
0.157829
0.0502308
0.157829
0.0999751
0.156315
0.148751
0.153281
0.196087
0.148761
0.241524
0.142803
0.284626
0.135467
0.324976
0.126826
0.362187
0.116966
0.395903
0.105984
0.425801
0.0939878
0.451597
0.0810935
0.473044
0.0674262
0.489939
0.0531175
0.502122
0.0383054
0.50948
0.0231335
0.511946
0.00775622
0.509492
-0.00771488
0.502136
-0.0231331
0.489951
-0.0383173
0.473053
-0.0531331
0.451604
-0.0674416
0.425807
-0.0811067
0.395908
-0.0939974
0.362192
-0.105989
0.324982
-0.116967
0.284633
-0.126822
0.241533
-0.13546
0.196097
-0.142794
0.148761
-0.148751
0.0999835
-0.153272
0.0502357
-0.156311
-1.03937e-08
-0.157841
-0.0502357
-0.157841
-0.0999835
-0.156311
-0.148761
-0.153272
-0.196097
-0.148751
-0.241533
-0.142794
-0.284633
-0.13546
-0.324982
-0.126822
-0.362192
-0.116967
-0.395908
-0.105989
-0.425807
-0.0939974
-0.451604
-0.0811067
-0.473053
-0.0674416
-0.489951
-0.0531331
-0.502136
-0.0383173
-0.509492
-0.023133
-0.00771487
-0.525036
0.00521356
-0.517452
0.0155495
-0.504894
0.0257472
-0.487479
0.0357031
-0.465373
0.0453205
-0.438786
0.0545066
-0.407972
0.0631729
-0.373223
0.0712356
-0.334873
0.0786162
-0.29329
0.0852426
-0.248873
0.0910497
-0.20205
0.0959798
-0.153272
0.0999835
-0.103012
0.10302
-0.0517554
0.105058
4.55148e-09
0.106074
0.0517554
0.106074
0.103012
0.105058
0.153272
0.10302
0.20205
0.0999835
0.248873
0.0959798
0.29329
0.0910497
0.334873
0.0852426
0.373223
0.0786162
0.407972
0.0712356
0.438786
0.0631729
0.465373
0.0545066
0.487479
0.0453205
0.504894
0.0357031
0.517452
0.0257472
0.525036
0.0155495
0.527578
0.00521355
0.525049
-0.00518571
0.517466
-0.0155497
0.504905
-0.0257563
0.487487
-0.035715
0.465378
-0.0453324
0.438788
-0.054517
0.407971
-0.0631809
0.373222
-0.0712405
0.334873
-0.0786178
0.293292
-0.085241
0.248877
-0.091045
0.202056
-0.0959728
0.153281
-0.0999751
0.10302
-0.103012
0.0517613
-0.105052
-1.06563e-08
-0.106079
-0.0517613
-0.106079
-0.10302
-0.105052
-0.153281
-0.103012
-0.202057
-0.0999751
-0.248877
-0.0959728
-0.293292
-0.091045
-0.334873
-0.085241
-0.373222
-0.0786178
-0.407971
-0.0712405
-0.438788
-0.0631809
-0.465378
-0.054517
-0.487487
-0.0453323
-0.504905
-0.035715
-0.517466
-0.0257563
-0.525049
-0.0155497
-0.0051857
-0.535499
0.00261971
-0.527763
0.00781302
-0.514953
0.0129369
-0.497189
0.0179393
-0.47464
0.0227715
-0.44752
0.0273871
-0.416089
0.0317414
-0.380646
0.0357923
-0.34153
0.0395005
-0.299117
0.0428298
-0.253815
0.0457474
-0.206059
0.0482243
-0.156311
0.0502357
-0.105052
0.0517613
-0.0527793
0.052785
4.83547e-09
0.0532943
0.0527793
0.0532943
0.105052
0.052785
0.156311
0.0517613
0.206059
0.0502357
0.253815
0.0482243
0.299117
0.0457474
0.34153
0.0428298
0.380646
0.0395005
0.416089
0.0357923
0.44752
0.0317414
0.47464
0.0273871
0.497189
0.0227715
0.514953
0.0179393
0.527763
0.0129369
0.535499
0.00781301
0.538093
0.0026197
0.535513
-0.00260564
0.527777
-0.00781342
0.514963
-0.012942
0.497194
-0.017946
0.47464
-0.0227784
0.447516
-0.0273933
0.416082
-0.0317464
0.380637
-0.0357959
0.341521
-0.0395024
0.29911
-0.0428298
0.253811
-0.0457456
0.206059
-0.0482208
0.156315
-0.0502308
0.105058
-0.0517554
0.052785
-0.0527793
-1.07824e-08
-0.0532943
-0.052785
-0.0532943
-0.105058
-0.0527793
-0.156315
-0.0517554
-0.206059
-0.0502308
-0.253811
-0.0482208
-0.29911
-0.0457456
-0.341522
-0.0428298
-0.380637
-0.0395024
-0.416082
-0.0357959
-0.447516
-0.0317464
-0.47464
-0.0273933
-0.497194
-0.0227784
-0.514963
-0.017946
-0.527777
-0.012942
-0.535513
-0.00781342
-0.00260563
-0.54076
2.89674e-09
-0.532947
2.1894e-09
-0.52001
1.44035e-09
-0.502071
6.5893e-10
-0.479299
-1.43997e-10
-0.451912
-9.55573e-10
-0.420171
-1.76749e-09
-0.384378
-2.56744e-09
-0.344878
-3.34496e-09
-0.302048
-4.08911e-09
-0.256301
-4.79032e-09
-0.208076
-5.43959e-09
-0.157841
-6.02778e-09
-0.106079
-6.54655e-09
-0.0532943
-6.98726e-09
4.89211e-09
-7.34269e-09
0.0532943
-7.61473e-09
0.106079
-7.79604e-09
0.157841
-7.87473e-09
0.208076
-7.84641e-09
0.256301
-7.71028e-09
0.302048
-7.46835e-09
0.344878
-7.12478e-09
0.384378
-6.68536e-09
0.420171
-6.15727e-09
0.451912
-5.54889e-09
0.479299
-4.86965e-09
0.502071
-4.12993e-09
0.52001
-3.34103e-09
0.532947
-2.51509e-09
0.54076
-1.66494e-09
0.54338
-8.03996e-10
0.540774
5.30306e-11
0.53296
8.9757e-10
0.520018
1.71118e-09
0.502072
2.48161e-09
0.479294
3.19573e-09
0.451901
3.84078e-09
0.420154
4.40435e-09
0.384358
4.87426e-09
0.344856
5.23853e-09
0.302026
5.48556e-09
0.256281
5.60449e-09
0.20806
5.5863e-09
0.157829
5.42678e-09
0.106074
5.13531e-09
0.0532943
4.76236e-09
-1.07659e-08
4.43695e-09
-0.0532943
4.30525e-09
-0.106074
4.39161e-09
-0.157829
4.63566e-09
-0.20806
4.94629e-09
-0.256281
5.25605e-09
-0.302026
5.52699e-09
-0.344856
5.73607e-09
-0.384358
5.86665e-09
-0.420154
5.90771e-09
-0.451901
5.85381e-09
-0.479294
5.70035e-09
-0.502072
5.44886e-09
-0.520018
5.1008e-09
-0.53296
4.66539e-09
-0.540774
4.15023e-09
3.5551e-09
-0.54076
-0.0026197
-0.532947
-0.00781301
-0.52001
-0.0129369
-0.502071
-0.0179393
-0.479299
-0.0227715
-0.451912
-0.0273871
-0.420171
-0.0317414
-0.384378
-0.0357923
-0.344878
-0.0395005
-0.302048
-0.0428298
-0.256301
-0.0457474
-0.208076
-0.0482243
-0.157841
-0.0502357
-0.106079
-0.0517613
-0.0532943
-0.052785
4.7252e-09
-0.0532943
0.0532943
-0.0532943
0.106079
-0.052785
0.157841
-0.0517613
0.208076
-0.0502357
0.256301
-0.0482243
0.302048
-0.0457474
0.344878
-0.0428298
0.384378
-0.0395005
0.420171
-0.0357923
0.451912
-0.0317414
0.479299
-0.0273871
0.502071
-0.0227715
0.52001
-0.0179393
0.532947
-0.0129369
0.54076
-0.00781301
0.54338
-0.00261971
0.540774
0.00260564
0.53296
0.00781343
0.520018
0.012942
0.502072
0.017946
0.479294
0.0227784
0.451901
0.0273933
0.420154
0.0317464
0.384358
0.0357959
0.344856
0.0395024
0.302026
0.0428298
0.256281
0.0457456
0.20806
0.0482208
0.157829
0.0502308
0.106074
0.0517554
0.0532943
0.0527793
-1.06116e-08
0.0532943
-0.0532943
0.0532943
-0.106074
0.0527793
-0.157829
0.0517554
-0.20806
0.0502308
-0.256281
0.0482208
-0.302026
0.0457456
-0.344856
0.0428298
-0.384358
0.0395024
-0.420154
0.0357959
-0.451901
0.0317464
-0.479294
0.0273933
-0.502072
0.0227784
-0.520018
0.017946
-0.53296
0.012942
-0.540774
0.00781343
0.00260564
-0.535499
-0.00521355
-0.527763
-0.0155495
-0.514953
-0.0257472
-0.497189
-0.0357031
-0.47464
-0.0453205
-0.44752
-0.0545066
-0.416089
-0.0631729
-0.380646
-0.0712356
-0.34153
-0.0786162
-0.299117
-0.0852426
-0.253815
-0.0910497
-0.206059
-0.0959798
-0.156311
-0.0999835
-0.105052
-0.10302
-0.0527793
-0.105058
4.52942e-09
-0.106074
0.0527793
-0.106074
0.105052
-0.105058
0.156311
-0.10302
0.206059
-0.0999835
0.253815
-0.0959798
0.299117
-0.0910497
0.34153
-0.0852426
0.380646
-0.0786162
0.416089
-0.0712356
0.44752
-0.0631729
0.47464
-0.0545066
0.497189
-0.0453205
0.514953
-0.0357031
0.527763
-0.0257472
0.535499
-0.0155495
0.538093
-0.00521355
0.535513
0.00518571
0.527777
0.0155497
0.514963
0.0257563
0.497194
0.035715
0.47464
0.0453324
0.447516
0.054517
0.416082
0.0631809
0.380637
0.0712405
0.341521
0.0786179
0.29911
0.085241
0.253811
0.0910451
0.206059
0.0959728
0.156315
0.0999751
0.105058
0.103012
0.052785
0.105052
-1.03211e-08
0.106079
-0.052785
0.106079
-0.105058
0.105052
-0.156315
0.103012
-0.206059
0.0999751
-0.253811
0.0959728
-0.29911
0.0910451
-0.341522
0.085241
-0.380637
0.0786179
-0.416082
0.0712405
-0.447516
0.0631809
-0.47464
0.054517
-0.497194
0.0453324
-0.514963
0.035715
-0.527777
0.0257563
-0.535513
0.0155497
0.00518571
-0.525036
-0.00775622
-0.517452
-0.0231335
-0.504894
-0.0383054
-0.487479
-0.0531175
-0.465373
-0.0674262
-0.438786
-0.0810936
-0.407972
-0.0939878
-0.373223
-0.105984
-0.334873
-0.116966
-0.29329
-0.126826
-0.248873
-0.135467
-0.20205
-0.142803
-0.153272
-0.148761
-0.103012
-0.153281
-0.0517554
-0.156315
4.38262e-09
-0.157829
0.0517554
-0.157829
0.103012
-0.156315
0.153272
-0.153281
0.20205
-0.148761
0.248873
-0.142803
0.29329
-0.135467
0.334873
-0.126826
0.373223
-0.116966
0.407972
-0.105984
0.438786
-0.0939878
0.465373
-0.0810936
0.487479
-0.0674262
0.504894
-0.0531175
0.517452
-0.0383054
0.525036
-0.0231335
0.527578
-0.00775622
0.525049
0.00771488
0.517466
0.0231331
0.504905
0.0383173
0.487487
0.0531331
0.465378
0.0674416
0.438788
0.0811067
0.407971
0.0939974
0.373222
0.10599
0.334873
0.116967
0.293292
0.126822
0.248877
0.13546
0.202056
0.142794
0.153281
0.148751
0.10302
0.153272
0.0517613
0.156311
-9.89229e-09
0.157841
-0.0517613
0.157841
-0.10302
0.156311
-0.153281
0.153272
-0.202057
0.148751
-0.248877
0.142794
-0.293292
0.13546
-0.334873
0.126822
-0.373222
0.116967
-0.407971
0.10599
-0.438788
0.0939974
-0.465378
0.0811067
-0.487487
0.0674416
-0.504905
0.0531331
-0.517466
0.0383173
-0.525049
0.0231331
0.00771488
-0.50948
-0.0102227
-0.502122
-0.0304911
-0.489939
-0.0504888
-0.473044
-0.0700125
-0.451597
-0.0888731
-0.425801
-0.106889
-0.395903
-0.123886
-0.362187
-0.1397
-0.324976
-0.154177
-0.284625
-0.167176
-0.241524
-0.178568
-0.196087
-0.188241
-0.148751
-0.196097
-0.0999751
-0.202057
-0.0502308
-0.206059
4.31771e-09
-0.20806
0.0502308
-0.20806
0.0999751
-0.206059
0.148751
-0.202057
0.196087
-0.196097
0.241524
-0.188241
0.284625
-0.178568
0.324976
-0.167176
0.362187
-0.154177
0.395903
-0.1397
0.425801
-0.123886
0.451597
-0.106889
0.473044
-0.0888731
0.489939
-0.0700125
0.502122
-0.0504888
0.50948
-0.0304911
0.511946
-0.0102227
0.509492
0.0101686
0.502136
0.0304895
0.489951
0.0505025
0.473053
0.0700306
0.451604
0.0888907
0.425807
0.106904
0.395908
0.123896
0.362192
0.139705
0.324982
0.154177
0.284633
0.167171
0.241533
0.17856
0.196097
0.18823
0.148761
0.196087
0.0999835
0.20205
0.0502357
0.206059
-9.33288e-09
0.208076
-0.0502357
0.208076
-0.0999835
0.206059
-0.148761
0.20205
-0.196097
0.196087
-0.241533
0.18823
-0.284633
0.17856
-0.324982
0.167171
-0.362192
0.154177
-0.395908
0.139705
-0.425807
0.123896
-0.451604
0.106904
-0.473053
0.0888907
-0.489951
0.0700306
-0.502136
0.0505025
-0.509492
0.0304895
0.0101686
-0.488994
-0.0125887
-0.481935
-0.0375503
-0.470245
-0.0621786
-0.454034
-0.0862238
-0.433454
-0.109453
-0.408701
-0.131642
-0.380009
-0.152578
-0.347652
-0.172057
-0.311939
-0.18989
-0.273212
-0.205903
-0.231843
-0.219937
-0.18823
-0.231854
-0.142794
-0.241533
-0.0959728
-0.248877
-0.0482208
-0.253811
4.32678e-09
-0.256281
0.0482208
-0.256281
0.0959728
-0.253811
0.142794
-0.248877
0.18823
-0.241533
0.231843
-0.231854
0.273212
-0.219937
0.311939
-0.205903
0.347652
-0.18989
0.380009
-0.172057
0.408701
-0.152578
0.433454
-0.131642
0.454034
-0.109453
0.470245
-0.0862238
0.481935
-0.0621786
0.488994
-0.0375503
0.49136
-0.0125887
0.489005
0.0125231
0.481947
0.0375475
0.470256
0.0621936
0.454043
0.0862434
0.433462
0.109472
0.408708
0.131657
0.380017
0.152588
0.34766
0.172062
0.311948
0.189889
0.273222
0.205897
0.231854
0.219928
0.188241
0.231843
0.142803
0.241524
0.0959798
0.248873
0.0482243
0.253815
-8.65424e-09
0.256301
-0.0482243
0.256301
-0.0959798
0.253815
-0.142803
0.248873
-0.188241
0.241524
-0.231854
0.231843
-0.273222
0.219928
-0.311948
0.205897
-0.34766
0.189889
-0.380017
0.172062
-0.408708
0.152588
-0.433462
0.131657
-0.454043
0.109472
-0.470256
0.0862434
-0.481947
0.0621936
-0.489005
0.0375475
0.0125231
-0.463788
-0.0148312
-0.457096
-0.0442424
-0.446013
-0.0732613
-0.430643
-0.101594
-0.41113
-0.128966
-0.387659
-0.155114
-0.360451
-0.179786
-0.329766
-0.202742
-0.295896
-0.22376
-0.259166
-0.242633
-0.219928
-0.259175
-0.17856
-0.273222
-0.13546
-0.284633
-0.091045
-0.293292
-0.0457456
-0.29911
4.3844e-09
-0.302026
0.0457456
-0.302026
0.0910451
-0.29911
0.13546
-0.293292
0.17856
-0.284633
0.219928
-0.273222
0.259166
-0.259175
0.295896
-0.242633
0.329766
-0.22376
0.360451
-0.202742
0.387659
-0.179786
0.41113
-0.155114
0.430643
-0.128966
0.446013
-0.101594
0.457096
-0.0732613
0.463788
-0.0442424
0.466031
-0.0148312
0.463798
0.0147558
0.457106
0.0442389
0.446023
0.0732774
0.430651
0.101615
0.411138
0.128985
0.387666
0.155129
0.360459
0.179796
0.329774
0.202746
0.295905
0.223759
0.259175
0.242627
0.219937
0.259166
0.178568
0.273212
0.135467
0.284626
0.0910497
0.29329
0.0457474
0.299117
-7.86913e-09
0.302048
-0.0457474
0.302048
-0.0910497
0.299117
-0.135467
0.29329
-0.178568
0.284625
-0.219937
0.273212
-0.259175
0.259166
-0.295905
0.242627
-0.329774
0.223759
-0.360459
0.202746
-0.387666
0.179796
-0.411138
0.155129
-0.430651
0.128985
-0.446023
0.101615
-0.457106
0.0732774
-0.463798
0.0442389
0.0147558
-0.434117
-0.016928
-0.427857
-0.0505025
-0.417489
-0.0836294
-0.403108
-0.115974
-0.384851
-0.147224
-0.362887
-0.177077
-0.337425
-0.205247
-0.308707
-0.23146
-0.277007
-0.25546
-0.242627
-0.277013
-0.205897
-0.295905
-0.167171
-0.311948
-0.126822
-0.324982
-0.085241
-0.334873
-0.0428298
-0.341522
4.46621e-09
-0.344856
0.0428298
-0.344856
0.085241
-0.341522
0.126822
-0.334873
0.167171
-0.324982
0.205897
-0.311948
0.242627
-0.295905
0.277007
-0.277013
0.308707
-0.25546
0.337425
-0.23146
0.362887
-0.205247
0.384851
-0.177077
0.403108
-0.147224
0.417489
-0.115974
0.427857
-0.0836294
0.434117
-0.0505025
0.436214
-0.016928
0.434124
0.0168453
0.427864
0.050499
0.417495
0.0836467
0.403114
0.115996
0.384855
0.147244
0.362892
0.177093
0.337431
0.205257
0.308713
0.231464
0.277013
0.255459
0.242633
0.277007
0.205903
0.295896
0.167176
0.311939
0.126826
0.324976
0.0852426
0.334873
0.0428298
0.34153
-6.99078e-09
0.344878
-0.0428298
0.344878
-0.0852426
0.34153
-0.126826
0.334873
-0.167176
0.324976
-0.205903
0.311939
-0.242633
0.295896
-0.277013
0.277007
-0.308713
0.255459
-0.337431
0.231464
-0.362892
0.205257
-0.384855
0.177093
-0.403114
0.147243
-0.417495
0.115996
-0.427864
0.0836467
-0.434124
0.050499
0.0168453
-0.400276
-0.0188587
-0.394509
-0.0562697
-0.384955
-0.0931827
-0.371704
-0.129226
-0.354877
-0.164051
-0.334632
-0.197322
-0.311161
-0.228718
-0.284686
-0.257935
-0.255459
-0.284688
-0.223759
-0.308713
-0.189889
-0.329774
-0.154177
-0.34766
-0.116967
-0.362192
-0.0786178
-0.373222
-0.0395024
-0.380637
4.55063e-09
-0.384358
0.0395024
-0.384358
0.0786179
-0.380637
0.116967
-0.373222
0.154177
-0.362192
0.189889
-0.34766
0.223759
-0.329774
0.255459
-0.308713
0.284686
-0.284688
0.311161
-0.257935
0.334632
-0.228718
0.354877
-0.197322
0.371704
-0.164051
0.384955
-0.129226
0.394509
-0.0931827
0.400276
-0.0562697
0.402207
-0.0188587
0.40028
0.0187715
0.394512
0.0562672
0.384957
0.0932015
0.371705
0.129248
0.354878
0.164071
0.334634
0.197337
0.311163
0.228728
0.284688
0.257939
0.25546
0.284686
0.22376
0.308707
0.18989
0.329766
0.154177
0.347652
0.116966
0.362187
0.0786162
0.373223
0.0395005
0.380646
-6.03276e-09
0.384378
-0.0395005
0.384378
-0.0786162
0.380646
-0.116966
0.373223
-0.154177
0.362187
-0.18989
0.347652
-0.22376
0.329766
-0.25546
0.308707
-0.284688
0.284686
-0.311163
0.257939
-0.334634
0.228728
-0.354878
0.197337
-0.371705
0.164071
-0.384957
0.129248
-0.394512
0.0932014
-0.40028
0.0562672
0.0187715
-0.362601
-0.0206045
-0.357382
-0.0614885
-0.348736
-0.101829
-0.33674
-0.141221
-0.321506
-0.179285
-0.303175
-0.215653
-0.281919
-0.249974
-0.257939
-0.281915
-0.231464
-0.311163
-0.202746
-0.337431
-0.172062
-0.360459
-0.139705
-0.380017
-0.105989
-0.395908
-0.0712405
-0.407971
-0.0357959
-0.416082
4.6186e-09
-0.420154
0.0357959
-0.420154
0.0712405
-0.416082
0.10599
-0.407971
0.139705
-0.395908
0.172062
-0.380017
0.202746
-0.360459
0.231464
-0.337431
0.257939
-0.311163
0.281919
-0.281915
0.303175
-0.249974
0.321506
-0.215653
0.33674
-0.179285
0.348736
-0.141221
0.357382
-0.101829
0.362601
-0.0614885
0.364347
-0.0206045
0.362602
0.0205161
0.357382
0.0614881
0.348733
0.10185
0.336737
0.141245
0.321502
0.179305
0.303171
0.215668
0.281915
0.249984
0.257935
0.281919
0.23146
0.311161
0.202742
0.337425
0.172057
0.360451
0.1397
0.380009
0.105984
0.395903
0.0712356
0.407972
0.0357923
0.416089
-5.00861e-09
0.420171
-0.0357923
0.420171
-0.0712356
0.416089
-0.105984
0.407972
-0.1397
0.395903
-0.172057
0.380009
-0.202742
0.360451
-0.23146
0.337425
-0.257935
0.311161
-0.281915
0.281919
-0.303171
0.249984
-0.321502
0.215668
-0.336737
0.179305
-0.348733
0.141245
-0.357382
0.10185
-0.362602
0.0614881
0.0205161
-0.321465
-0.0221483
-0.316845
-0.0661086
-0.309188
-0.109486
-0.298563
-0.151847
-0.285066
-0.192782
-0.268822
-0.231897
-0.249984
-0.268813
-0.228728
-0.303171
-0.205257
-0.334634
-0.179796
-0.362892
-0.152588
-0.387666
-0.123896
-0.408708
-0.0939974
-0.425807
-0.0631809
-0.438788
-0.0317464
-0.447516
4.65546e-09
-0.451901
0.0317464
-0.451901
0.0631809
-0.447516
0.0939974
-0.438788
0.123896
-0.425807
0.152588
-0.408708
0.179796
-0.387666
0.205257
-0.362892
0.228728
-0.334634
0.249984
-0.303171
0.268822
-0.268813
0.285066
-0.231897
0.298563
-0.192782
0.309188
-0.151847
0.316845
-0.109486
0.321465
-0.0661086
0.323009
-0.0221483
0.321463
0.0220624
0.316839
0.0661115
0.30918
0.109509
0.298554
0.151871
0.285057
0.192803
0.268813
0.231912
0.249974
0.268822
0.228718
0.303175
0.205247
0.334632
0.179786
0.362887
0.152578
0.387659
0.123886
0.408701
0.0939878
0.425801
0.0631729
0.438786
0.0317414
0.44752
-3.93274e-09
0.451912
-0.0317414
0.451912
-0.0631729
0.44752
-0.0939878
0.438786
-0.123886
0.425801
-0.152578
0.408701
-0.179786
0.387659
-0.205247
0.362887
-0.228718
0.334632
-0.249974
0.303175
-0.268813
0.268822
-0.285057
0.231912
-0.298554
0.192803
-0.30918
0.151871
-0.316839
0.109509
-0.321463
0.0661115
0.0220624
-0.277274
-0.023475
-0.273296
-0.0700859
-0.266702
-0.116081
-0.257548
-0.161001
-0.245915
-0.204414
-0.231912
-0.2459
-0.215668
-0.285057
-0.197337
-0.321502
-0.177093
-0.354878
-0.155129
-0.384855
-0.131657
-0.411138
-0.106903
-0.433462
-0.0811067
-0.451604
-0.054517
-0.465378
-0.0273933
-0.47464
4.64712e-09
-0.479294
0.0273933
-0.479294
0.054517
-0.47464
0.0811067
-0.465378
0.106904
-0.451604
0.131657
-0.433462
0.155129
-0.411138
0.177093
-0.384855
0.197337
-0.354878
0.215668
-0.321502
0.231912
-0.285057
0.245915
-0.2459
0.257548
-0.204414
0.266702
-0.161001
0.273296
-0.116081
0.277274
-0.0700859
0.2786
-0.023475
0.277267
0.0233961
0.273285
0.0700935
0.266688
0.116106
0.257533
0.161026
0.2459
0.204435
0.231897
0.245915
0.215653
0.285066
0.197322
0.321506
0.177077
0.354877
0.155114
0.384851
0.131642
0.41113
0.106889
0.433454
0.0810935
0.451597
0.0545066
0.465373
0.0273871
0.47464
-2.82098e-09
0.479299
-0.0273871
0.479299
-0.0545066
0.47464
-0.0810936
0.465373
-0.106889
0.451597
-0.131642
0.433454
-0.155114
0.41113
-0.177077
0.384851
-0.197322
0.354877
-0.215653
0.321506
-0.231897
0.285066
-0.2459
0.245915
-0.257533
0.204435
-0.266688
0.161026
-0.273285
0.116106
-0.277267
0.0700935
0.0233961
-0.230461
-0.0245718
-0.227164
-0.0733833
-0.221693
-0.121552
-0.214094
-0.1686
-0.204435
-0.214073
-0.192803
-0.257533
-0.179305
-0.298554
-0.164071
-0.336737
-0.147243
-0.371705
-0.128985
-0.403114
-0.109472
-0.430651
-0.0888907
-0.454043
-0.0674416
-0.473053
-0.0453323
-0.487487
-0.0227784
-0.497194
4.58602e-09
-0.502072
0.0227784
-0.502072
0.0453324
-0.497194
0.0674416
-0.487487
0.0888907
-0.473053
0.109472
-0.454043
0.128985
-0.430651
0.147243
-0.403114
0.164071
-0.371705
0.179305
-0.336737
0.192803
-0.298554
0.204435
-0.257533
0.214094
-0.214073
0.221693
-0.1686
0.227164
-0.121552
0.230461
-0.0733833
0.231558
-0.0245718
0.230449
0.0245049
0.227146
0.0733969
0.221673
0.121579
0.214073
0.168626
0.204414
0.214094
0.192782
0.257548
0.179285
0.298563
0.164051
0.33674
0.147224
0.371704
0.128966
0.403108
0.109453
0.430643
0.0888731
0.454034
0.0674262
0.473044
0.0453205
0.487479
0.0227715
0.497189
-1.68874e-09
0.502071
-0.0227715
0.502071
-0.0453205
0.497189
-0.0674262
0.487479
-0.0888731
0.473044
-0.109453
0.454034
-0.128966
0.430643
-0.147224
0.403108
-0.164051
0.371704
-0.179285
0.33674
-0.192782
0.298563
-0.204414
0.257548
-0.214073
0.214094
-0.221673
0.168626
-0.227146
0.121579
-0.230449
0.0733969
0.0245049
-0.181486
-0.0254286
-0.178899
-0.0759711
-0.1746
-0.12585
-0.168626
-0.174574
-0.161026
-0.221673
-0.151871
-0.266688
-0.141245
-0.30918
-0.129248
-0.348733
-0.115996
-0.384957
-0.101615
-0.417495
-0.0862434
-0.446023
-0.0700306
-0.470256
-0.0531331
-0.489951
-0.035715
-0.504905
-0.017946
-0.514963
4.46405e-09
-0.520018
0.017946
-0.520018
0.035715
-0.514963
0.0531331
-0.504905
0.0700306
-0.489951
0.0862434
-0.470256
0.101615
-0.446023
0.115996
-0.417495
0.129248
-0.384957
0.141245
-0.348733
0.151871
-0.30918
0.161026
-0.266688
0.168626
-0.221673
0.1746
-0.174574
0.178899
-0.12585
0.181486
-0.0759711
0.182343
-0.0254286
0.181469
0.0253791
0.178874
0.0759914
0.174574
0.125879
0.1686
0.1746
0.161001
0.221693
0.151847
0.266702
0.141221
0.309188
0.129226
0.348736
0.115974
0.384955
0.101594
0.417489
0.0862238
0.446013
0.0700125
0.470245
0.0531175
0.489939
0.0357031
0.504894
0.0179393
0.514953
-5.54132e-10
0.52001
-0.0179393
0.52001
-0.0357031
0.514953
-0.0531175
0.504894
-0.0700125
0.489939
-0.0862238
0.470245
-0.101594
0.446013
-0.115974
0.417489
-0.129226
0.384955
-0.141221
0.348736
-0.151847
0.309188
-0.161001
0.266702
-0.1686
0.221693
-0.174574
0.1746
-0.178874
0.125879
-0.181469
0.0759914
0.0253791
-0.130827
-0.026038
-0.12897
-0.0778278
-0.125879
-0.128941
-0.121579
-0.178874
-0.116106
-0.227146
-0.109509
-0.273285
-0.10185
-0.316839
-0.0932014
-0.357382
-0.0836467
-0.394512
-0.0732774
-0.427864
-0.0621936
-0.457106
-0.0505025
-0.481947
-0.0383173
-0.502136
-0.0257563
-0.517466
-0.012942
-0.527777
4.27849e-09
-0.53296
0.012942
-0.53296
0.0257563
-0.527777
0.0383173
-0.517466
0.0505025
-0.502136
0.0621936
-0.481947
0.0732774
-0.457106
0.0836467
-0.427864
0.0932014
-0.394512
0.10185
-0.357382
0.109509
-0.316839
0.116106
-0.273285
0.121579
-0.227146
0.125879
-0.178874
0.12897
-0.128941
0.130827
-0.0778278
0.131436
-0.026038
0.130804
0.0260112
0.128941
0.0778547
0.12585
0.12897
0.121552
0.178899
0.116081
0.227164
0.109486
0.273296
0.101829
0.316845
0.0931827
0.357383
0.0836294
0.394509
0.0732613
0.427857
0.0621786
0.457096
0.0504888
0.481935
0.0383054
0.502122
0.0257472
0.517452
0.0129369
0.527763
5.68753e-10
0.532947
-0.0129369
0.532947
-0.0257472
0.527763
-0.0383054
0.517452
-0.0504888
0.502122
-0.0621786
0.481935
-0.0732613
0.457096
-0.0836294
0.427857
-0.0931827
0.394509
-0.101829
0.357382
-0.109486
0.316845
-0.116081
0.273296
-0.121552
0.227164
-0.12585
0.178899
-0.128941
0.12897
-0.130804
0.0778546
0.0260112
-0.0789713
-0.0263963
-0.0778546
-0.0789445
-0.0759914
-0.130804
-0.0733968
-0.181469
-0.0700935
-0.230449
-0.0661115
-0.277267
-0.0614881
-0.321463
-0.0562672
-0.362602
-0.050499
-0.40028
-0.0442389
-0.434124
-0.0375475
-0.463798
-0.0304895
-0.489005
-0.0231331
-0.509492
-0.0155497
-0.525049
-0.00781342
-0.535513
4.02809e-09
-0.540774
0.00781343
-0.540774
0.0155497
-0.535513
0.0231331
-0.525049
0.0304895
-0.509492
0.0375475
-0.489005
0.0442389
-0.463798
0.050499
-0.434124
0.0562672
-0.40028
0.0614881
-0.362602
0.0661115
-0.321463
0.0700935
-0.277267
0.0733969
-0.230449
0.0759914
-0.181469
0.0778546
-0.130804
0.0789713
-0.0789445
0.0793296
-0.0263963
0.0789445
0.0263963
0.0778278
0.0789713
0.0759711
0.130827
0.0733833
0.181486
0.0700859
0.230461
0.0661086
0.277274
0.0614885
0.321465
0.0562697
0.362601
0.0505025
0.400276
0.0442424
0.434117
0.0375503
0.463788
0.0304911
0.488994
0.0231335
0.50948
0.0155495
0.525036
0.00781302
0.535499
1.66314e-09
0.54076
-0.00781301
0.54076
-0.0155495
0.535499
-0.0231335
0.525036
-0.0304911
0.50948
-0.0375503
0.488994
-0.0442424
0.463788
-0.0505025
0.434117
-0.0562697
0.400276
-0.0614885
0.362601
-0.0661086
0.321465
-0.0700859
0.277274
-0.0733833
0.230461
-0.0759711
0.181486
-0.0778278
0.130827
-0.0789445
0.0789713
0.0263963
-0.0263963
-0.0260112
-0.0253791
-0.0245049
-0.0233961
-0.0220624
-0.0205161
-0.0187715
-0.0168453
-0.0147558
-0.0125231
-0.0101686
-0.00771487
-0.0051857
-0.00260563
3.71626e-09
0.00260564
0.00518571
0.00771488
0.0101686
0.0125231
0.0147558
0.0168453
0.0187715
0.0205161
0.0220624
0.0233961
0.0245049
0.0253791
0.0260112
0.0263963
0.02652
0.0263963
0.026038
0.0254286
0.0245718
0.023475
0.0221483
0.0206045
0.0188587
0.016928
0.0148312
0.0125887
0.0102227
0.00775623
0.00521355
0.00261971
2.71026e-09
-0.0026197
-0.00521355
-0.00775622
-0.0102227
-0.0125887
-0.0148312
-0.016928
-0.0188587
-0.0206045
-0.0221483
-0.023475
-0.0245718
-0.0254286
-0.026038
-0.0263963
)
;

boundaryField
{
    top
    {
        type            cyclic;
        value           nonuniform List<scalar> 
64
(
-0.231558
-0.182343
-0.131436
-0.0793296
-0.02652
-0.2786
-0.323009
-0.364347
-0.402207
-0.436214
-0.466031
-0.49136
-0.511946
-0.527578
-0.538093
-0.54338
-0.54338
-0.538093
-0.527578
-0.511946
-0.49136
-0.466031
-0.436214
-0.402207
-0.364347
-0.323009
-0.2786
-0.231558
-0.182343
-0.131436
-0.0793296
-0.02652
0.02652
0.0793296
0.131436
0.182343
0.231558
0.2786
0.323009
0.364347
0.402207
0.436214
0.466031
0.49136
0.511946
0.527578
0.538093
0.54338
0.54338
0.538093
0.527578
0.511946
0.49136
0.466031
0.436214
0.402207
0.364347
0.323009
0.2786
0.231558
0.182343
0.131436
0.0793296
0.02652
)
;
    }
    bottom
    {
        type            cyclic;
        value           nonuniform List<scalar> 
64
(
0.231558
0.182343
0.131436
0.0793296
0.02652
0.2786
0.323009
0.364347
0.402207
0.436214
0.466031
0.49136
0.511946
0.527578
0.538093
0.54338
0.54338
0.538093
0.527578
0.511946
0.49136
0.466031
0.436214
0.402207
0.364347
0.323009
0.2786
0.231558
0.182343
0.131436
0.0793296
0.02652
-0.02652
-0.0793296
-0.131436
-0.182343
-0.231558
-0.2786
-0.323009
-0.364347
-0.402207
-0.436214
-0.466031
-0.49136
-0.511946
-0.527578
-0.538093
-0.54338
-0.54338
-0.538093
-0.527578
-0.511946
-0.49136
-0.466031
-0.436214
-0.402207
-0.364347
-0.323009
-0.2786
-0.231558
-0.182343
-0.131436
-0.0793296
-0.02652
)
;
    }
    left
    {
        type            cyclic;
        value           nonuniform List<scalar> 
64
(
-0.402207
-0.436214
-0.466031
-0.49136
-0.511946
-0.527578
-0.538093
-0.54338
-0.54338
-0.538093
-0.527578
-0.511946
-0.49136
-0.466031
-0.436214
-0.402207
-0.364347
-0.323009
-0.2786
-0.231558
-0.182343
-0.131436
-0.0793296
-0.02652
-0.364347
-0.323009
-0.2786
-0.231558
-0.182343
-0.131436
-0.0793296
-0.02652
0.02652
0.0793296
0.131436
0.182343
0.231558
0.2786
0.323009
0.364347
0.402207
0.436214
0.466031
0.49136
0.511946
0.527578
0.538093
0.54338
0.54338
0.538093
0.527578
0.511946
0.49136
0.466031
0.436214
0.402207
0.364347
0.323009
0.2786
0.231558
0.182343
0.131436
0.0793296
0.02652
)
;
    }
    right
    {
        type            cyclic;
        value           nonuniform List<scalar> 
64
(
0.402207
0.436214
0.466031
0.49136
0.511946
0.527578
0.538093
0.54338
0.54338
0.538093
0.527578
0.511946
0.49136
0.466031
0.436214
0.402207
0.364347
0.323009
0.2786
0.231558
0.182343
0.131436
0.0793296
0.02652
0.364347
0.323009
0.2786
0.231558
0.182343
0.131436
0.0793296
0.02652
-0.02652
-0.0793296
-0.131436
-0.182343
-0.231558
-0.2786
-0.323009
-0.364347
-0.402207
-0.436214
-0.466031
-0.49136
-0.511946
-0.527578
-0.538093
-0.54338
-0.54338
-0.538093
-0.527578
-0.511946
-0.49136
-0.466031
-0.436214
-0.402207
-0.364347
-0.323009
-0.2786
-0.231558
-0.182343
-0.131436
-0.0793296
-0.02652
)
;
    }
    frontAndBack
    {
        type            empty;
    }
}


// ************************************************************************* //
