/*--------------------------------*- C++ -*----------------------------------*\
  =========                 |
  \\      /  F ield         | OpenFOAM: The Open Source CFD Toolbox
   \\    /   O peration     | Website:  https://openfoam.org
    \\  /    A nd           | Version:  11
     \\/     M anipulation  |
\*---------------------------------------------------------------------------*/
FoamFile
{
    format      ascii;
    class       volScalarField;
    location    "11";
    object      p;
}
// * * * * * * * * * * * * * * * * * * * * * * * * * * * * * * * * * * * * * //

dimensions      [0 2 -2 0 0 0 0];

internalField   nonuniform List<scalar> 
4096
(
8.62651e-10
-0.00942219
-0.0279615
-0.054906
-0.0892157
-0.129571
-0.174418
-0.222028
-0.270568
-0.318169
-0.363004
-0.403353
-0.437669
-0.464639
-0.483236
-0.492751
-0.49283
-0.483453
-0.464958
-0.438059
-0.403798
-0.363491
-0.318681
-0.271086
-0.222534
-0.174892
-0.129994
-0.0895701
-0.0551778
-0.0281433
-0.00951379
6.46979e-09
6.3984e-09
-0.00951379
-0.0281433
-0.0551778
-0.0895701
-0.129994
-0.174892
-0.222534
-0.271086
-0.318681
-0.363491
-0.403798
-0.438059
-0.464958
-0.483453
-0.49283
-0.492751
-0.483236
-0.464639
-0.437669
-0.403353
-0.363004
-0.318169
-0.270568
-0.222028
-0.174418
-0.129571
-0.0892157
-0.054906
-0.0279615
-0.00942219
9.71717e-10
-0.0095138
-0.0189395
-0.0374811
-0.0644263
-0.0987355
-0.139089
-0.183933
-0.231539
-0.280072
-0.327667
-0.372494
-0.412835
-0.447143
-0.474107
-0.492698
-0.502209
-0.502286
-0.492909
-0.474414
-0.447516
-0.413256
-0.37295
-0.328141
-0.280545
-0.231991
-0.184346
-0.139443
-0.0990134
-0.0646149
-0.037574
-0.0189394
-0.00942218
-0.00942218
-0.0189394
-0.037574
-0.0646149
-0.0990134
-0.139443
-0.184346
-0.231991
-0.280545
-0.328141
-0.37295
-0.413256
-0.447516
-0.474414
-0.492909
-0.502286
-0.502209
-0.492698
-0.474107
-0.447143
-0.412835
-0.372494
-0.327667
-0.280072
-0.231539
-0.183933
-0.139089
-0.0987355
-0.0644263
-0.0374811
-0.0189395
-0.0095138
-0.0281433
-0.037574
-0.0561196
-0.0830667
-0.117376
-0.157729
-0.202568
-0.250167
-0.298691
-0.346274
-0.391089
-0.431417
-0.465713
-0.492666
-0.511248
-0.520753
-0.520828
-0.511451
-0.492958
-0.466063
-0.431808
-0.391507
-0.346702
-0.299109
-0.250556
-0.20291
-0.158005
-0.11757
-0.0831659
-0.0561196
-0.0374811
-0.0279615
-0.0279615
-0.0374811
-0.0561196
-0.0831659
-0.11757
-0.158005
-0.20291
-0.250556
-0.299109
-0.346702
-0.391507
-0.431808
-0.466063
-0.492958
-0.511451
-0.520828
-0.520753
-0.511248
-0.492666
-0.465713
-0.431417
-0.391089
-0.346274
-0.298691
-0.250167
-0.202568
-0.157729
-0.117376
-0.0830667
-0.0561196
-0.037574
-0.0281433
-0.0551778
-0.0646149
-0.083166
-0.110117
-0.144428
-0.184778
-0.229612
-0.2772
-0.325711
-0.373278
-0.418076
-0.458385
-0.492663
-0.5196
-0.538169
-0.547666
-0.547736
-0.53836
-0.51987
-0.492982
-0.458735
-0.418443
-0.373646
-0.326059
-0.277511
-0.229867
-0.184961
-0.144524
-0.110117
-0.0830667
-0.0644262
-0.054906
-0.054906
-0.0644262
-0.0830667
-0.110117
-0.144524
-0.184961
-0.229867
-0.277511
-0.326059
-0.373646
-0.418443
-0.458735
-0.492982
-0.51987
-0.53836
-0.547736
-0.547666
-0.538169
-0.5196
-0.492663
-0.458385
-0.418076
-0.373278
-0.325711
-0.2772
-0.229612
-0.184778
-0.144428
-0.110117
-0.083166
-0.0646149
-0.0551778
-0.0895701
-0.0990134
-0.11757
-0.144524
-0.178836
-0.219183
-0.264008
-0.311583
-0.360076
-0.407622
-0.452396
-0.492681
-0.526936
-0.553852
-0.572404
-0.581889
-0.581956
-0.572582
-0.554098
-0.527219
-0.492985
-0.452707
-0.407924
-0.36035
-0.311812
-0.264174
-0.219272
-0.178836
-0.144428
-0.117376
-0.0987355
-0.0892157
-0.0892157
-0.0987355
-0.117376
-0.144428
-0.178836
-0.219272
-0.264174
-0.311812
-0.36035
-0.407924
-0.452707
-0.492985
-0.527219
-0.554098
-0.572582
-0.581956
-0.581889
-0.572404
-0.553852
-0.526936
-0.492681
-0.452396
-0.407622
-0.360076
-0.311583
-0.264008
-0.219183
-0.178836
-0.144524
-0.11757
-0.0990134
-0.0895701
-0.129994
-0.139443
-0.158005
-0.184961
-0.219272
-0.259613
-0.304427
-0.351984
-0.400455
-0.447976
-0.492721
-0.532977
-0.567204
-0.594094
-0.612626
-0.622099
-0.622161
-0.612789
-0.594314
-0.567449
-0.533232
-0.492973
-0.448209
-0.400653
-0.35213
-0.304506
-0.259613
-0.219183
-0.184778
-0.157729
-0.139089
-0.129571
-0.129571
-0.139089
-0.157729
-0.184778
-0.219183
-0.259613
-0.304506
-0.35213
-0.400653
-0.448209
-0.492973
-0.533232
-0.567449
-0.594314
-0.612789
-0.622161
-0.622099
-0.612626
-0.594094
-0.567204
-0.532977
-0.492721
-0.447976
-0.400455
-0.351984
-0.304427
-0.259613
-0.219272
-0.184961
-0.158005
-0.139443
-0.129994
-0.174892
-0.184346
-0.20291
-0.229867
-0.264174
-0.304506
-0.349304
-0.396841
-0.445286
-0.492776
-0.537488
-0.57771
-0.611903
-0.638764
-0.657273
-0.66673
-0.666787
-0.65742
-0.638957
-0.612109
-0.577915
-0.537681
-0.492942
-0.445411
-0.39691
-0.349304
-0.304427
-0.264008
-0.229612
-0.202568
-0.183933
-0.174418
-0.174418
-0.183933
-0.202568
-0.229612
-0.264008
-0.304427
-0.349304
-0.39691
-0.445411
-0.492942
-0.537681
-0.577915
-0.612109
-0.638957
-0.65742
-0.666787
-0.66673
-0.657273
-0.638764
-0.611903
-0.57771
-0.537488
-0.492776
-0.445286
-0.396841
-0.349304
-0.304506
-0.264174
-0.229867
-0.20291
-0.184346
-0.174892
-0.222534
-0.231991
-0.250556
-0.277511
-0.311812
-0.35213
-0.39691
-0.444422
-0.492836
-0.540292
-0.584967
-0.625151
-0.659306
-0.686133
-0.704614
-0.714055
-0.714107
-0.704746
-0.686298
-0.659473
-0.625307
-0.585104
-0.540397
-0.492895
-0.444422
-0.396841
-0.351984
-0.311583
-0.2772
-0.250167
-0.231539
-0.222028
-0.222028
-0.231539
-0.250167
-0.2772
-0.311583
-0.351984
-0.396841
-0.444422
-0.492895
-0.540397
-0.585104
-0.625307
-0.659473
-0.686298
-0.704746
-0.714107
-0.714055
-0.704614
-0.686133
-0.659306
-0.625151
-0.584967
-0.540292
-0.492836
-0.444422
-0.39691
-0.35213
-0.311812
-0.277511
-0.250556
-0.231991
-0.222534
-0.271086
-0.280545
-0.299109
-0.326059
-0.36035
-0.400653
-0.445411
-0.492895
-0.541276
-0.588694
-0.633328
-0.673469
-0.707582
-0.73437
-0.75282
-0.762241
-0.762288
-0.752936
-0.734507
-0.707711
-0.673579
-0.633413
-0.588743
-0.541276
-0.492836
-0.445286
-0.400455
-0.360076
-0.325711
-0.298691
-0.280072
-0.270568
-0.270568
-0.280072
-0.298691
-0.325711
-0.360076
-0.400455
-0.445286
-0.492836
-0.541276
-0.588743
-0.633413
-0.673579
-0.707711
-0.734507
-0.752936
-0.762288
-0.762241
-0.75282
-0.73437
-0.707582
-0.673469
-0.633328
-0.588694
-0.541276
-0.492895
-0.445411
-0.400653
-0.36035
-0.326059
-0.299109
-0.280545
-0.271086
-0.318681
-0.328141
-0.346702
-0.373646
-0.407924
-0.448209
-0.492942
-0.540397
-0.588743
-0.63612
-0.680709
-0.720803
-0.754869
-0.781614
-0.800028
-0.809427
-0.809468
-0.800128
-0.781724
-0.754962
-0.720871
-0.680748
-0.63612
-0.588694
-0.540292
-0.492776
-0.447976
-0.407622
-0.373278
-0.346274
-0.327667
-0.318169
-0.318169
-0.327667
-0.346274
-0.373278
-0.407622
-0.447976
-0.492776
-0.540292
-0.588694
-0.63612
-0.680748
-0.720871
-0.754962
-0.781724
-0.800128
-0.809468
-0.809427
-0.800028
-0.781614
-0.754869
-0.720803
-0.680709
-0.63612
-0.588743
-0.540397
-0.492942
-0.448209
-0.407924
-0.373646
-0.346702
-0.328141
-0.318681
-0.363491
-0.37295
-0.391507
-0.418443
-0.452707
-0.492973
-0.537681
-0.585104
-0.633413
-0.680748
-0.72529
-0.765333
-0.799348
-0.826045
-0.844419
-0.853792
-0.853828
-0.844502
-0.826129
-0.799408
-0.765364
-0.72529
-0.680709
-0.633328
-0.584967
-0.537488
-0.492721
-0.452396
-0.418076
-0.391089
-0.372494
-0.363004
-0.363004
-0.372494
-0.391089
-0.418076
-0.452396
-0.492721
-0.537488
-0.584967
-0.633328
-0.680709
-0.72529
-0.765364
-0.799408
-0.826129
-0.844502
-0.853828
-0.853792
-0.844419
-0.826045
-0.799348
-0.765333
-0.72529
-0.680748
-0.633413
-0.585104
-0.537681
-0.492973
-0.452707
-0.418443
-0.391507
-0.37295
-0.363491
-0.403798
-0.413256
-0.431808
-0.458735
-0.492985
-0.533232
-0.577915
-0.625307
-0.673579
-0.720871
-0.765364
-0.805354
-0.839314
-0.865958
-0.884287
-0.893631
-0.893661
-0.884354
-0.866016
-0.839344
-0.805354
-0.765333
-0.720803
-0.673468
-0.625151
-0.57771
-0.532977
-0.492681
-0.458385
-0.431417
-0.412835
-0.403353
-0.403353
-0.412835
-0.431417
-0.458385
-0.492681
-0.532977
-0.57771
-0.625151
-0.673468
-0.720803
-0.765333
-0.805354
-0.839344
-0.866016
-0.884354
-0.893661
-0.893631
-0.884287
-0.865958
-0.839314
-0.805354
-0.765364
-0.720871
-0.673579
-0.625307
-0.577915
-0.533232
-0.492985
-0.458735
-0.431808
-0.413256
-0.403798
-0.438059
-0.447516
-0.466063
-0.492982
-0.527219
-0.567449
-0.612109
-0.659473
-0.707711
-0.754962
-0.799408
-0.839344
-0.873246
-0.899831
-0.91811
-0.92742
-0.927444
-0.918159
-0.899863
-0.873246
-0.839314
-0.799348
-0.754869
-0.707582
-0.659306
-0.611903
-0.567204
-0.526936
-0.492663
-0.465713
-0.447143
-0.437669
-0.437669
-0.447143
-0.465713
-0.492663
-0.526936
-0.567204
-0.611903
-0.659306
-0.707582
-0.754869
-0.799348
-0.839314
-0.873246
-0.899863
-0.918159
-0.927444
-0.92742
-0.91811
-0.899831
-0.873246
-0.839344
-0.799408
-0.754962
-0.707711
-0.659473
-0.612109
-0.567449
-0.527219
-0.492982
-0.466063
-0.447516
-0.438059
-0.464958
-0.474414
-0.492958
-0.51987
-0.554098
-0.594314
-0.638957
-0.686298
-0.734507
-0.781724
-0.826129
-0.866016
-0.899863
-0.92639
-0.944613
-0.953883
-0.953899
-0.94464
-0.92639
-0.899831
-0.865958
-0.826045
-0.781614
-0.73437
-0.686133
-0.638764
-0.594094
-0.553852
-0.5196
-0.492666
-0.474107
-0.464639
-0.464639
-0.474107
-0.492666
-0.5196
-0.553852
-0.594094
-0.638764
-0.686133
-0.73437
-0.781614
-0.826045
-0.865958
-0.899831
-0.92639
-0.94464
-0.953899
-0.953883
-0.944613
-0.92639
-0.899863
-0.866016
-0.826129
-0.781724
-0.734507
-0.686298
-0.638957
-0.594314
-0.554098
-0.51987
-0.492958
-0.474414
-0.464958
-0.483453
-0.492909
-0.511451
-0.53836
-0.572582
-0.612789
-0.65742
-0.704746
-0.752936
-0.800128
-0.844502
-0.884354
-0.918159
-0.94464
-0.962815
-0.972047
-0.972051
-0.962815
-0.944613
-0.91811
-0.884287
-0.844419
-0.800028
-0.75282
-0.704614
-0.657273
-0.612626
-0.572404
-0.538169
-0.511248
-0.492698
-0.483236
-0.483236
-0.492698
-0.511248
-0.538169
-0.572404
-0.612626
-0.657273
-0.704614
-0.75282
-0.800028
-0.844419
-0.884287
-0.91811
-0.944613
-0.962815
-0.972051
-0.972047
-0.962815
-0.94464
-0.918159
-0.884354
-0.844502
-0.800128
-0.752936
-0.704746
-0.65742
-0.612789
-0.572582
-0.53836
-0.511451
-0.492909
-0.483453
-0.49283
-0.502286
-0.520828
-0.547736
-0.581956
-0.622161
-0.666787
-0.714107
-0.762288
-0.809468
-0.853828
-0.893661
-0.927444
-0.953899
-0.972051
-0.981265
-0.981265
-0.972047
-0.953883
-0.92742
-0.893631
-0.853792
-0.809427
-0.762241
-0.714055
-0.66673
-0.622099
-0.581889
-0.547666
-0.520753
-0.502209
-0.492751
-0.492751
-0.502209
-0.520753
-0.547666
-0.581889
-0.622099
-0.66673
-0.714055
-0.762241
-0.809427
-0.853792
-0.893631
-0.92742
-0.953883
-0.972047
-0.981265
-0.981265
-0.972051
-0.953899
-0.927444
-0.893661
-0.853828
-0.809468
-0.762288
-0.714107
-0.666787
-0.622161
-0.581956
-0.547736
-0.520828
-0.502286
-0.49283
-0.492751
-0.502209
-0.520753
-0.547666
-0.581889
-0.622099
-0.66673
-0.714055
-0.762241
-0.809427
-0.853792
-0.893631
-0.92742
-0.953883
-0.972047
-0.981265
-0.981265
-0.972051
-0.953899
-0.927444
-0.893661
-0.853828
-0.809468
-0.762288
-0.714107
-0.666787
-0.622161
-0.581956
-0.547736
-0.520828
-0.502286
-0.49283
-0.49283
-0.502286
-0.520828
-0.547736
-0.581956
-0.622161
-0.666787
-0.714107
-0.762288
-0.809468
-0.853828
-0.893661
-0.927444
-0.953899
-0.972051
-0.981265
-0.981265
-0.972047
-0.953883
-0.92742
-0.893631
-0.853792
-0.809427
-0.762241
-0.714055
-0.66673
-0.622099
-0.581889
-0.547666
-0.520753
-0.502209
-0.492751
-0.483236
-0.492698
-0.511248
-0.538169
-0.572404
-0.612626
-0.657273
-0.704614
-0.75282
-0.800028
-0.844419
-0.884287
-0.91811
-0.944613
-0.962815
-0.972051
-0.972047
-0.962815
-0.94464
-0.918159
-0.884354
-0.844502
-0.800128
-0.752936
-0.704746
-0.65742
-0.612789
-0.572582
-0.53836
-0.511451
-0.492909
-0.483453
-0.483453
-0.492909
-0.511451
-0.53836
-0.572582
-0.612789
-0.65742
-0.704746
-0.752936
-0.800128
-0.844502
-0.884354
-0.918159
-0.94464
-0.962815
-0.972047
-0.972051
-0.962815
-0.944613
-0.91811
-0.884287
-0.844419
-0.800028
-0.75282
-0.704614
-0.657273
-0.612626
-0.572404
-0.538169
-0.511248
-0.492698
-0.483236
-0.464639
-0.474107
-0.492666
-0.5196
-0.553852
-0.594094
-0.638764
-0.686133
-0.73437
-0.781614
-0.826045
-0.865958
-0.899831
-0.92639
-0.94464
-0.953899
-0.953883
-0.944613
-0.92639
-0.899863
-0.866016
-0.826129
-0.781724
-0.734507
-0.686298
-0.638957
-0.594314
-0.554098
-0.51987
-0.492958
-0.474414
-0.464958
-0.464958
-0.474414
-0.492958
-0.51987
-0.554098
-0.594314
-0.638957
-0.686298
-0.734507
-0.781724
-0.826129
-0.866016
-0.899863
-0.92639
-0.944613
-0.953883
-0.953899
-0.94464
-0.92639
-0.899831
-0.865958
-0.826045
-0.781614
-0.73437
-0.686133
-0.638764
-0.594094
-0.553852
-0.5196
-0.492666
-0.474107
-0.464639
-0.437669
-0.447143
-0.465713
-0.492663
-0.526936
-0.567204
-0.611903
-0.659306
-0.707582
-0.754869
-0.799348
-0.839314
-0.873246
-0.899863
-0.918159
-0.927444
-0.92742
-0.91811
-0.899831
-0.873246
-0.839344
-0.799408
-0.754962
-0.707711
-0.659473
-0.612109
-0.567449
-0.527219
-0.492982
-0.466063
-0.447516
-0.438059
-0.438059
-0.447516
-0.466063
-0.492982
-0.527219
-0.567449
-0.612109
-0.659473
-0.707711
-0.754962
-0.799408
-0.839344
-0.873246
-0.899831
-0.91811
-0.92742
-0.927444
-0.918159
-0.899863
-0.873246
-0.839314
-0.799348
-0.754869
-0.707582
-0.659306
-0.611903
-0.567204
-0.526936
-0.492663
-0.465713
-0.447143
-0.437669
-0.403353
-0.412835
-0.431417
-0.458385
-0.492681
-0.532977
-0.57771
-0.625151
-0.673469
-0.720803
-0.765333
-0.805354
-0.839344
-0.866016
-0.884354
-0.893661
-0.893631
-0.884287
-0.865958
-0.839314
-0.805354
-0.765364
-0.720871
-0.673579
-0.625307
-0.577915
-0.533232
-0.492985
-0.458735
-0.431808
-0.413256
-0.403798
-0.403798
-0.413256
-0.431808
-0.458735
-0.492985
-0.533232
-0.577915
-0.625307
-0.673579
-0.720871
-0.765364
-0.805354
-0.839314
-0.865958
-0.884287
-0.893631
-0.893661
-0.884354
-0.866016
-0.839344
-0.805354
-0.765333
-0.720803
-0.673469
-0.625151
-0.57771
-0.532977
-0.492681
-0.458385
-0.431417
-0.412835
-0.403353
-0.363004
-0.372494
-0.391089
-0.418076
-0.452396
-0.492721
-0.537488
-0.584967
-0.633328
-0.680709
-0.72529
-0.765364
-0.799408
-0.826129
-0.844502
-0.853828
-0.853792
-0.844419
-0.826045
-0.799348
-0.765333
-0.72529
-0.680748
-0.633413
-0.585104
-0.537681
-0.492973
-0.452707
-0.418443
-0.391507
-0.37295
-0.363491
-0.363491
-0.37295
-0.391507
-0.418443
-0.452707
-0.492973
-0.537681
-0.585104
-0.633413
-0.680748
-0.72529
-0.765333
-0.799348
-0.826045
-0.844419
-0.853792
-0.853828
-0.844502
-0.826129
-0.799408
-0.765364
-0.72529
-0.680709
-0.633328
-0.584967
-0.537488
-0.492721
-0.452396
-0.418076
-0.391089
-0.372494
-0.363004
-0.318169
-0.327667
-0.346274
-0.373278
-0.407622
-0.447976
-0.492776
-0.540292
-0.588694
-0.63612
-0.680748
-0.720871
-0.754962
-0.781724
-0.800128
-0.809468
-0.809427
-0.800028
-0.781614
-0.754869
-0.720803
-0.680709
-0.63612
-0.588743
-0.540397
-0.492942
-0.448209
-0.407924
-0.373646
-0.346702
-0.328141
-0.318681
-0.318681
-0.328141
-0.346702
-0.373646
-0.407924
-0.448209
-0.492942
-0.540397
-0.588743
-0.63612
-0.680709
-0.720803
-0.754869
-0.781614
-0.800028
-0.809427
-0.809468
-0.800128
-0.781724
-0.754962
-0.720871
-0.680748
-0.63612
-0.588694
-0.540292
-0.492776
-0.447976
-0.407622
-0.373278
-0.346274
-0.327667
-0.318169
-0.270568
-0.280072
-0.298691
-0.325711
-0.360076
-0.400455
-0.445286
-0.492836
-0.541276
-0.588743
-0.633413
-0.673579
-0.707711
-0.734507
-0.752936
-0.762288
-0.762241
-0.75282
-0.73437
-0.707582
-0.673469
-0.633328
-0.588694
-0.541276
-0.492895
-0.445411
-0.400653
-0.36035
-0.326059
-0.299109
-0.280545
-0.271086
-0.271086
-0.280545
-0.299109
-0.326059
-0.36035
-0.400653
-0.445411
-0.492895
-0.541276
-0.588694
-0.633328
-0.673469
-0.707582
-0.73437
-0.75282
-0.762241
-0.762288
-0.752936
-0.734507
-0.707711
-0.673579
-0.633413
-0.588743
-0.541276
-0.492836
-0.445286
-0.400455
-0.360076
-0.325711
-0.298691
-0.280072
-0.270568
-0.222028
-0.231539
-0.250167
-0.2772
-0.311583
-0.351984
-0.396841
-0.444422
-0.492895
-0.540397
-0.585104
-0.625307
-0.659473
-0.686298
-0.704746
-0.714107
-0.714055
-0.704614
-0.686133
-0.659306
-0.625151
-0.584967
-0.540292
-0.492836
-0.444422
-0.39691
-0.35213
-0.311812
-0.277511
-0.250556
-0.231991
-0.222534
-0.222534
-0.231991
-0.250556
-0.277511
-0.311812
-0.35213
-0.39691
-0.444422
-0.492836
-0.540292
-0.584967
-0.625151
-0.659306
-0.686133
-0.704614
-0.714055
-0.714107
-0.704746
-0.686298
-0.659473
-0.625307
-0.585104
-0.540397
-0.492895
-0.444422
-0.396841
-0.351984
-0.311583
-0.2772
-0.250167
-0.231539
-0.222028
-0.174418
-0.183933
-0.202568
-0.229612
-0.264008
-0.304427
-0.349304
-0.39691
-0.445411
-0.492942
-0.537681
-0.577915
-0.612109
-0.638957
-0.65742
-0.666787
-0.66673
-0.657273
-0.638764
-0.611903
-0.57771
-0.537488
-0.492776
-0.445286
-0.396841
-0.349304
-0.304506
-0.264174
-0.229867
-0.20291
-0.184346
-0.174892
-0.174892
-0.184346
-0.20291
-0.229867
-0.264174
-0.304506
-0.349304
-0.396841
-0.445286
-0.492776
-0.537488
-0.57771
-0.611903
-0.638764
-0.657273
-0.66673
-0.666787
-0.65742
-0.638957
-0.612109
-0.577915
-0.537681
-0.492942
-0.445411
-0.39691
-0.349304
-0.304427
-0.264008
-0.229612
-0.202568
-0.183933
-0.174418
-0.129571
-0.139089
-0.157729
-0.184778
-0.219183
-0.259613
-0.304506
-0.35213
-0.400653
-0.448209
-0.492973
-0.533232
-0.567449
-0.594314
-0.612789
-0.622161
-0.622099
-0.612626
-0.594094
-0.567204
-0.532977
-0.492721
-0.447976
-0.400455
-0.351984
-0.304427
-0.259613
-0.219272
-0.184961
-0.158005
-0.139443
-0.129994
-0.129994
-0.139443
-0.158005
-0.184961
-0.219272
-0.259613
-0.304427
-0.351984
-0.400455
-0.447976
-0.492721
-0.532977
-0.567204
-0.594094
-0.612626
-0.622099
-0.622161
-0.612789
-0.594314
-0.567449
-0.533232
-0.492973
-0.448209
-0.400653
-0.35213
-0.304506
-0.259613
-0.219183
-0.184778
-0.157729
-0.139089
-0.129571
-0.0892157
-0.0987355
-0.117376
-0.144428
-0.178836
-0.219272
-0.264174
-0.311812
-0.36035
-0.407924
-0.452707
-0.492985
-0.527219
-0.554098
-0.572582
-0.581956
-0.581889
-0.572404
-0.553852
-0.526936
-0.492681
-0.452396
-0.407622
-0.360076
-0.311583
-0.264008
-0.219183
-0.178836
-0.144524
-0.11757
-0.0990134
-0.0895701
-0.0895701
-0.0990134
-0.11757
-0.144524
-0.178836
-0.219183
-0.264008
-0.311583
-0.360076
-0.407622
-0.452396
-0.492681
-0.526936
-0.553852
-0.572404
-0.581889
-0.581956
-0.572582
-0.554098
-0.527219
-0.492985
-0.452707
-0.407924
-0.36035
-0.311812
-0.264174
-0.219272
-0.178836
-0.144428
-0.117376
-0.0987355
-0.0892157
-0.054906
-0.0644263
-0.0830667
-0.110117
-0.144524
-0.184961
-0.229867
-0.277511
-0.326059
-0.373646
-0.418443
-0.458735
-0.492982
-0.51987
-0.53836
-0.547736
-0.547666
-0.538169
-0.5196
-0.492663
-0.458385
-0.418076
-0.373278
-0.325711
-0.2772
-0.229612
-0.184778
-0.144428
-0.110117
-0.083166
-0.0646149
-0.0551778
-0.0551778
-0.0646149
-0.083166
-0.110117
-0.144428
-0.184778
-0.229612
-0.2772
-0.325711
-0.373278
-0.418076
-0.458385
-0.492663
-0.5196
-0.538169
-0.547666
-0.547736
-0.53836
-0.51987
-0.492982
-0.458735
-0.418443
-0.373646
-0.326059
-0.277511
-0.229867
-0.184961
-0.144524
-0.110117
-0.0830667
-0.0644263
-0.054906
-0.0279615
-0.0374811
-0.0561196
-0.083166
-0.11757
-0.158005
-0.20291
-0.250556
-0.299109
-0.346702
-0.391507
-0.431808
-0.466063
-0.492958
-0.511451
-0.520828
-0.520753
-0.511248
-0.492666
-0.465713
-0.431417
-0.391089
-0.346274
-0.298691
-0.250167
-0.202568
-0.157729
-0.117376
-0.0830667
-0.0561196
-0.037574
-0.0281433
-0.0281433
-0.037574
-0.0561196
-0.0830667
-0.117376
-0.157729
-0.202568
-0.250167
-0.298691
-0.346274
-0.391089
-0.431417
-0.465713
-0.492666
-0.511248
-0.520753
-0.520828
-0.511451
-0.492958
-0.466063
-0.431808
-0.391507
-0.346702
-0.299109
-0.250556
-0.20291
-0.158005
-0.11757
-0.083166
-0.0561196
-0.0374811
-0.0279615
-0.00942219
-0.0189395
-0.037574
-0.0646149
-0.0990134
-0.139443
-0.184346
-0.231991
-0.280545
-0.328141
-0.37295
-0.413256
-0.447516
-0.474414
-0.492909
-0.502286
-0.502209
-0.492698
-0.474107
-0.447143
-0.412835
-0.372494
-0.327667
-0.280072
-0.231539
-0.183933
-0.139089
-0.0987355
-0.0644263
-0.0374811
-0.0189395
-0.0095138
-0.0095138
-0.0189395
-0.0374811
-0.0644263
-0.0987355
-0.139089
-0.183933
-0.231539
-0.280072
-0.327667
-0.372494
-0.412835
-0.447143
-0.474107
-0.492698
-0.502209
-0.502286
-0.492909
-0.474414
-0.447516
-0.413256
-0.37295
-0.328141
-0.280545
-0.231991
-0.184346
-0.139443
-0.0990134
-0.0646149
-0.037574
-0.0189395
-0.0094222
-4.11866e-09
-0.0095138
-0.0281433
-0.0551778
-0.0895701
-0.129995
-0.174892
-0.222534
-0.271086
-0.318681
-0.363491
-0.403798
-0.438059
-0.464958
-0.483453
-0.49283
-0.492751
-0.483236
-0.464639
-0.437669
-0.403353
-0.363004
-0.318169
-0.270568
-0.222028
-0.174418
-0.129571
-0.0892157
-0.054906
-0.0279615
-0.00942219
1.01125e-09
9.7525e-10
-0.00942219
-0.0279615
-0.054906
-0.0892157
-0.129571
-0.174418
-0.222028
-0.270568
-0.318169
-0.363004
-0.403353
-0.437669
-0.464639
-0.483236
-0.492751
-0.49283
-0.483453
-0.464958
-0.438059
-0.403798
-0.363491
-0.318681
-0.271086
-0.222534
-0.174892
-0.129995
-0.0895701
-0.0551778
-0.0281433
-0.0095138
-4.74662e-09
-3.97543e-09
-0.0095138
-0.0281433
-0.0551778
-0.0895701
-0.129995
-0.174892
-0.222534
-0.271086
-0.318681
-0.363491
-0.403798
-0.438059
-0.464958
-0.483453
-0.49283
-0.492751
-0.483236
-0.464639
-0.437669
-0.403353
-0.363004
-0.318169
-0.270568
-0.222028
-0.174418
-0.129571
-0.0892157
-0.054906
-0.0279615
-0.00942219
9.56616e-10
9.51617e-10
-0.00942219
-0.0279615
-0.054906
-0.0892157
-0.129571
-0.174418
-0.222028
-0.270568
-0.318169
-0.363004
-0.403353
-0.437669
-0.464639
-0.483236
-0.492751
-0.49283
-0.483453
-0.464958
-0.438059
-0.403798
-0.363491
-0.318681
-0.271086
-0.222534
-0.174892
-0.129995
-0.0895701
-0.0551778
-0.0281433
-0.0095138
-4.90311e-09
-0.00942219
-0.0189395
-0.037574
-0.0646149
-0.0990134
-0.139443
-0.184346
-0.231991
-0.280545
-0.328141
-0.37295
-0.413256
-0.447516
-0.474414
-0.492909
-0.502286
-0.502209
-0.492698
-0.474107
-0.447143
-0.412835
-0.372494
-0.327667
-0.280072
-0.231539
-0.183933
-0.139089
-0.0987355
-0.0644263
-0.0374811
-0.0189395
-0.0095138
-0.0095138
-0.0189395
-0.0374811
-0.0644263
-0.0987355
-0.139089
-0.183933
-0.231539
-0.280072
-0.327667
-0.372494
-0.412835
-0.447143
-0.474107
-0.492698
-0.502209
-0.502286
-0.492909
-0.474414
-0.447516
-0.413256
-0.37295
-0.328141
-0.280545
-0.231991
-0.184346
-0.139443
-0.0990134
-0.0646149
-0.037574
-0.0189395
-0.0094222
-0.0279615
-0.0374811
-0.0561196
-0.083166
-0.11757
-0.158005
-0.20291
-0.250556
-0.299109
-0.346702
-0.391507
-0.431808
-0.466063
-0.492958
-0.511451
-0.520828
-0.520753
-0.511248
-0.492666
-0.465713
-0.431417
-0.391089
-0.346274
-0.298691
-0.250167
-0.202568
-0.157729
-0.117376
-0.0830667
-0.0561196
-0.037574
-0.0281433
-0.0281433
-0.037574
-0.0561196
-0.0830667
-0.117376
-0.157729
-0.202568
-0.250167
-0.298691
-0.346274
-0.391089
-0.431417
-0.465713
-0.492666
-0.511248
-0.520753
-0.520828
-0.511451
-0.492958
-0.466063
-0.431808
-0.391507
-0.346702
-0.299109
-0.250556
-0.20291
-0.158005
-0.11757
-0.083166
-0.0561196
-0.0374811
-0.0279615
-0.054906
-0.0644263
-0.0830667
-0.110117
-0.144524
-0.184961
-0.229867
-0.277511
-0.326059
-0.373646
-0.418443
-0.458735
-0.492982
-0.51987
-0.53836
-0.547736
-0.547666
-0.538169
-0.5196
-0.492663
-0.458385
-0.418076
-0.373278
-0.325711
-0.2772
-0.229612
-0.184778
-0.144428
-0.110117
-0.083166
-0.0646149
-0.0551778
-0.0551778
-0.0646149
-0.083166
-0.110117
-0.144428
-0.184778
-0.229612
-0.2772
-0.325711
-0.373278
-0.418076
-0.458385
-0.492663
-0.5196
-0.538169
-0.547666
-0.547736
-0.53836
-0.51987
-0.492982
-0.458735
-0.418443
-0.373646
-0.326059
-0.277511
-0.229867
-0.184961
-0.144524
-0.110117
-0.0830667
-0.0644263
-0.054906
-0.0892157
-0.0987355
-0.117376
-0.144428
-0.178836
-0.219272
-0.264174
-0.311812
-0.36035
-0.407924
-0.452707
-0.492985
-0.527219
-0.554098
-0.572582
-0.581956
-0.581889
-0.572404
-0.553852
-0.526936
-0.492681
-0.452396
-0.407622
-0.360076
-0.311583
-0.264008
-0.219183
-0.178836
-0.144524
-0.11757
-0.0990134
-0.0895701
-0.0895701
-0.0990134
-0.11757
-0.144524
-0.178836
-0.219183
-0.264008
-0.311583
-0.360076
-0.407622
-0.452396
-0.492681
-0.526936
-0.553852
-0.572404
-0.581889
-0.581956
-0.572582
-0.554098
-0.527219
-0.492985
-0.452707
-0.407924
-0.36035
-0.311812
-0.264174
-0.219272
-0.178836
-0.144428
-0.117376
-0.0987355
-0.0892157
-0.129571
-0.139089
-0.157729
-0.184778
-0.219183
-0.259613
-0.304506
-0.35213
-0.400653
-0.448209
-0.492973
-0.533232
-0.567449
-0.594314
-0.612789
-0.622161
-0.622099
-0.612626
-0.594094
-0.567204
-0.532977
-0.492721
-0.447976
-0.400455
-0.351984
-0.304427
-0.259613
-0.219272
-0.184961
-0.158005
-0.139443
-0.129994
-0.129994
-0.139443
-0.158005
-0.184961
-0.219272
-0.259613
-0.304427
-0.351984
-0.400455
-0.447976
-0.492721
-0.532977
-0.567204
-0.594094
-0.612626
-0.622099
-0.622161
-0.612789
-0.594314
-0.567449
-0.533232
-0.492973
-0.448209
-0.400653
-0.35213
-0.304506
-0.259613
-0.219183
-0.184778
-0.157729
-0.139089
-0.129571
-0.174418
-0.183933
-0.202568
-0.229612
-0.264008
-0.304427
-0.349304
-0.39691
-0.445411
-0.492942
-0.537681
-0.577915
-0.612109
-0.638957
-0.65742
-0.666787
-0.66673
-0.657273
-0.638764
-0.611903
-0.57771
-0.537488
-0.492776
-0.445286
-0.396841
-0.349304
-0.304506
-0.264174
-0.229867
-0.20291
-0.184346
-0.174892
-0.174892
-0.184346
-0.20291
-0.229867
-0.264174
-0.304506
-0.349304
-0.396841
-0.445286
-0.492776
-0.537488
-0.57771
-0.611903
-0.638764
-0.657273
-0.66673
-0.666787
-0.65742
-0.638957
-0.612109
-0.577915
-0.537681
-0.492942
-0.445411
-0.39691
-0.349304
-0.304427
-0.264008
-0.229612
-0.202568
-0.183933
-0.174418
-0.222028
-0.231539
-0.250167
-0.2772
-0.311583
-0.351984
-0.396841
-0.444422
-0.492895
-0.540397
-0.585104
-0.625307
-0.659473
-0.686298
-0.704746
-0.714107
-0.714055
-0.704614
-0.686133
-0.659306
-0.625151
-0.584967
-0.540292
-0.492836
-0.444422
-0.39691
-0.35213
-0.311812
-0.277511
-0.250556
-0.231991
-0.222534
-0.222534
-0.231991
-0.250556
-0.277511
-0.311812
-0.35213
-0.39691
-0.444422
-0.492836
-0.540292
-0.584967
-0.625151
-0.659306
-0.686133
-0.704614
-0.714055
-0.714107
-0.704746
-0.686298
-0.659473
-0.625307
-0.585104
-0.540397
-0.492895
-0.444422
-0.396841
-0.351984
-0.311583
-0.2772
-0.250167
-0.231539
-0.222028
-0.270568
-0.280072
-0.298691
-0.325711
-0.360076
-0.400455
-0.445286
-0.492836
-0.541276
-0.588743
-0.633413
-0.673579
-0.707711
-0.734507
-0.752936
-0.762288
-0.762241
-0.75282
-0.73437
-0.707582
-0.673469
-0.633328
-0.588694
-0.541276
-0.492895
-0.445411
-0.400653
-0.36035
-0.326059
-0.299109
-0.280545
-0.271086
-0.271086
-0.280545
-0.299109
-0.326059
-0.36035
-0.400653
-0.445411
-0.492895
-0.541276
-0.588694
-0.633328
-0.673469
-0.707582
-0.73437
-0.75282
-0.762241
-0.762288
-0.752936
-0.734507
-0.707711
-0.673579
-0.633413
-0.588743
-0.541276
-0.492836
-0.445286
-0.400455
-0.360076
-0.325711
-0.298691
-0.280072
-0.270568
-0.318169
-0.327667
-0.346274
-0.373278
-0.407622
-0.447976
-0.492776
-0.540292
-0.588694
-0.63612
-0.680748
-0.720871
-0.754962
-0.781724
-0.800128
-0.809468
-0.809427
-0.800028
-0.781614
-0.754869
-0.720803
-0.680709
-0.63612
-0.588743
-0.540397
-0.492942
-0.448209
-0.407924
-0.373646
-0.346702
-0.328141
-0.318681
-0.318681
-0.328141
-0.346702
-0.373646
-0.407924
-0.448209
-0.492942
-0.540397
-0.588743
-0.63612
-0.680709
-0.720803
-0.754869
-0.781614
-0.800028
-0.809427
-0.809468
-0.800128
-0.781724
-0.754962
-0.720871
-0.680748
-0.63612
-0.588694
-0.540292
-0.492776
-0.447976
-0.407622
-0.373278
-0.346274
-0.327667
-0.318169
-0.363004
-0.372494
-0.391089
-0.418076
-0.452396
-0.492721
-0.537488
-0.584967
-0.633328
-0.680709
-0.72529
-0.765364
-0.799408
-0.826129
-0.844502
-0.853828
-0.853792
-0.844419
-0.826045
-0.799348
-0.765333
-0.72529
-0.680748
-0.633413
-0.585104
-0.537681
-0.492973
-0.452707
-0.418443
-0.391507
-0.37295
-0.363491
-0.363491
-0.37295
-0.391507
-0.418443
-0.452707
-0.492973
-0.537681
-0.585104
-0.633413
-0.680748
-0.72529
-0.765333
-0.799348
-0.826045
-0.844419
-0.853792
-0.853828
-0.844502
-0.826129
-0.799408
-0.765364
-0.72529
-0.680709
-0.633328
-0.584967
-0.537488
-0.492721
-0.452396
-0.418076
-0.391089
-0.372494
-0.363004
-0.403353
-0.412835
-0.431417
-0.458385
-0.492681
-0.532977
-0.57771
-0.625151
-0.673469
-0.720803
-0.765333
-0.805354
-0.839344
-0.866016
-0.884354
-0.893661
-0.893631
-0.884287
-0.865958
-0.839314
-0.805354
-0.765364
-0.720871
-0.673579
-0.625307
-0.577915
-0.533232
-0.492985
-0.458735
-0.431808
-0.413256
-0.403798
-0.403798
-0.413256
-0.431808
-0.458735
-0.492985
-0.533232
-0.577915
-0.625307
-0.673579
-0.720871
-0.765364
-0.805354
-0.839314
-0.865958
-0.884287
-0.893631
-0.893661
-0.884354
-0.866016
-0.839344
-0.805354
-0.765333
-0.720803
-0.673469
-0.625151
-0.57771
-0.532977
-0.492681
-0.458385
-0.431417
-0.412835
-0.403353
-0.437669
-0.447143
-0.465713
-0.492663
-0.526936
-0.567204
-0.611903
-0.659306
-0.707582
-0.754869
-0.799348
-0.839314
-0.873246
-0.899863
-0.918159
-0.927444
-0.92742
-0.91811
-0.899831
-0.873246
-0.839344
-0.799408
-0.754962
-0.707711
-0.659473
-0.612109
-0.567449
-0.527219
-0.492982
-0.466063
-0.447516
-0.438059
-0.438059
-0.447516
-0.466063
-0.492982
-0.527219
-0.567449
-0.612109
-0.659473
-0.707711
-0.754962
-0.799408
-0.839344
-0.873246
-0.899831
-0.91811
-0.92742
-0.927444
-0.918159
-0.899863
-0.873246
-0.839314
-0.799348
-0.754869
-0.707582
-0.659306
-0.611903
-0.567204
-0.526936
-0.492663
-0.465713
-0.447143
-0.437669
-0.464639
-0.474107
-0.492666
-0.5196
-0.553852
-0.594094
-0.638764
-0.686133
-0.73437
-0.781614
-0.826045
-0.865958
-0.899831
-0.92639
-0.94464
-0.953899
-0.953883
-0.944613
-0.92639
-0.899863
-0.866016
-0.826129
-0.781724
-0.734507
-0.686298
-0.638957
-0.594314
-0.554098
-0.51987
-0.492958
-0.474414
-0.464958
-0.464958
-0.474414
-0.492958
-0.51987
-0.554098
-0.594314
-0.638957
-0.686298
-0.734507
-0.781724
-0.826129
-0.866016
-0.899863
-0.92639
-0.944613
-0.953883
-0.953899
-0.94464
-0.92639
-0.899831
-0.865958
-0.826045
-0.781614
-0.73437
-0.686133
-0.638764
-0.594094
-0.553852
-0.5196
-0.492666
-0.474107
-0.464639
-0.483236
-0.492698
-0.511248
-0.538169
-0.572404
-0.612626
-0.657273
-0.704614
-0.75282
-0.800028
-0.844419
-0.884287
-0.91811
-0.944613
-0.962815
-0.972051
-0.972047
-0.962815
-0.94464
-0.918159
-0.884354
-0.844502
-0.800128
-0.752936
-0.704746
-0.65742
-0.612789
-0.572582
-0.53836
-0.511451
-0.492909
-0.483453
-0.483453
-0.492909
-0.511451
-0.53836
-0.572582
-0.612789
-0.65742
-0.704746
-0.752936
-0.800128
-0.844502
-0.884354
-0.918159
-0.94464
-0.962815
-0.972047
-0.972051
-0.962815
-0.944613
-0.91811
-0.884287
-0.844419
-0.800028
-0.75282
-0.704614
-0.657273
-0.612626
-0.572404
-0.538169
-0.511248
-0.492698
-0.483236
-0.492751
-0.502209
-0.520753
-0.547666
-0.581889
-0.622099
-0.66673
-0.714055
-0.762241
-0.809427
-0.853792
-0.893631
-0.92742
-0.953883
-0.972047
-0.981265
-0.981265
-0.972051
-0.953899
-0.927444
-0.893661
-0.853828
-0.809468
-0.762288
-0.714107
-0.666787
-0.622161
-0.581956
-0.547736
-0.520828
-0.502286
-0.49283
-0.49283
-0.502286
-0.520828
-0.547736
-0.581956
-0.622161
-0.666787
-0.714107
-0.762288
-0.809468
-0.853828
-0.893661
-0.927444
-0.953899
-0.972051
-0.981265
-0.981265
-0.972047
-0.953883
-0.92742
-0.893631
-0.853792
-0.809427
-0.762241
-0.714055
-0.66673
-0.622099
-0.581889
-0.547666
-0.520753
-0.502209
-0.492751
-0.49283
-0.502286
-0.520828
-0.547736
-0.581956
-0.622161
-0.666787
-0.714107
-0.762288
-0.809468
-0.853828
-0.893661
-0.927444
-0.953899
-0.972051
-0.981265
-0.981265
-0.972047
-0.953883
-0.92742
-0.893631
-0.853792
-0.809427
-0.762241
-0.714055
-0.66673
-0.622099
-0.581889
-0.547666
-0.520753
-0.502209
-0.492751
-0.492751
-0.502209
-0.520753
-0.547666
-0.581889
-0.622099
-0.66673
-0.714055
-0.762241
-0.809427
-0.853792
-0.893631
-0.92742
-0.953883
-0.972047
-0.981265
-0.981265
-0.972051
-0.953899
-0.927444
-0.893661
-0.853828
-0.809468
-0.762288
-0.714107
-0.666787
-0.622161
-0.581956
-0.547736
-0.520828
-0.502286
-0.49283
-0.483453
-0.492909
-0.511451
-0.53836
-0.572582
-0.612789
-0.65742
-0.704746
-0.752936
-0.800128
-0.844502
-0.884354
-0.918159
-0.94464
-0.962815
-0.972047
-0.972051
-0.962815
-0.944613
-0.91811
-0.884287
-0.844419
-0.800028
-0.75282
-0.704614
-0.657273
-0.612626
-0.572404
-0.538169
-0.511248
-0.492698
-0.483236
-0.483236
-0.492698
-0.511248
-0.538169
-0.572404
-0.612626
-0.657273
-0.704614
-0.75282
-0.800028
-0.844419
-0.884287
-0.91811
-0.944613
-0.962815
-0.972051
-0.972047
-0.962815
-0.94464
-0.918159
-0.884354
-0.844502
-0.800128
-0.752936
-0.704746
-0.65742
-0.612789
-0.572582
-0.53836
-0.511451
-0.492909
-0.483453
-0.464958
-0.474414
-0.492958
-0.51987
-0.554098
-0.594314
-0.638957
-0.686298
-0.734507
-0.781724
-0.826129
-0.866016
-0.899863
-0.92639
-0.944613
-0.953883
-0.953899
-0.94464
-0.92639
-0.899831
-0.865958
-0.826045
-0.781614
-0.73437
-0.686133
-0.638764
-0.594094
-0.553852
-0.5196
-0.492666
-0.474107
-0.464639
-0.464639
-0.474107
-0.492666
-0.5196
-0.553852
-0.594094
-0.638764
-0.686133
-0.73437
-0.781614
-0.826045
-0.865958
-0.899831
-0.92639
-0.94464
-0.953899
-0.953883
-0.944613
-0.92639
-0.899863
-0.866016
-0.826129
-0.781724
-0.734507
-0.686298
-0.638957
-0.594314
-0.554098
-0.51987
-0.492958
-0.474414
-0.464958
-0.438059
-0.447516
-0.466063
-0.492982
-0.527219
-0.567449
-0.612109
-0.659473
-0.707711
-0.754962
-0.799408
-0.839344
-0.873246
-0.899831
-0.91811
-0.92742
-0.927444
-0.918159
-0.899863
-0.873246
-0.839314
-0.799348
-0.754869
-0.707582
-0.659306
-0.611903
-0.567204
-0.526936
-0.492663
-0.465713
-0.447143
-0.437669
-0.437669
-0.447143
-0.465713
-0.492663
-0.526936
-0.567204
-0.611903
-0.659306
-0.707582
-0.754869
-0.799348
-0.839314
-0.873246
-0.899863
-0.918159
-0.927444
-0.92742
-0.91811
-0.899831
-0.873246
-0.839344
-0.799408
-0.754962
-0.707711
-0.659473
-0.612109
-0.567449
-0.527219
-0.492982
-0.466063
-0.447516
-0.438059
-0.403798
-0.413256
-0.431808
-0.458735
-0.492985
-0.533232
-0.577915
-0.625307
-0.673579
-0.720871
-0.765364
-0.805354
-0.839314
-0.865958
-0.884287
-0.893631
-0.893661
-0.884354
-0.866016
-0.839344
-0.805354
-0.765333
-0.720803
-0.673468
-0.625151
-0.57771
-0.532977
-0.492681
-0.458385
-0.431417
-0.412835
-0.403353
-0.403353
-0.412835
-0.431417
-0.458385
-0.492681
-0.532977
-0.57771
-0.625151
-0.673468
-0.720803
-0.765333
-0.805354
-0.839344
-0.866016
-0.884354
-0.893661
-0.893631
-0.884287
-0.865958
-0.839314
-0.805354
-0.765364
-0.720871
-0.673579
-0.625307
-0.577915
-0.533232
-0.492985
-0.458735
-0.431808
-0.413256
-0.403798
-0.363491
-0.37295
-0.391507
-0.418443
-0.452707
-0.492973
-0.537681
-0.585104
-0.633413
-0.680748
-0.72529
-0.765333
-0.799348
-0.826045
-0.844419
-0.853792
-0.853828
-0.844502
-0.826129
-0.799408
-0.765364
-0.72529
-0.680709
-0.633328
-0.584967
-0.537488
-0.492721
-0.452396
-0.418076
-0.391089
-0.372494
-0.363004
-0.363004
-0.372494
-0.391089
-0.418076
-0.452396
-0.492721
-0.537488
-0.584967
-0.633328
-0.680709
-0.72529
-0.765364
-0.799408
-0.826129
-0.844502
-0.853828
-0.853792
-0.844419
-0.826045
-0.799348
-0.765333
-0.72529
-0.680748
-0.633413
-0.585104
-0.537681
-0.492973
-0.452707
-0.418443
-0.391507
-0.37295
-0.363491
-0.318681
-0.328141
-0.346702
-0.373646
-0.407924
-0.448209
-0.492942
-0.540397
-0.588743
-0.63612
-0.680709
-0.720803
-0.754869
-0.781614
-0.800028
-0.809427
-0.809468
-0.800128
-0.781724
-0.754962
-0.720871
-0.680748
-0.63612
-0.588694
-0.540292
-0.492776
-0.447976
-0.407622
-0.373278
-0.346274
-0.327667
-0.318169
-0.318169
-0.327667
-0.346274
-0.373278
-0.407622
-0.447976
-0.492776
-0.540292
-0.588694
-0.63612
-0.680748
-0.720871
-0.754962
-0.781724
-0.800128
-0.809468
-0.809427
-0.800028
-0.781614
-0.754869
-0.720803
-0.680709
-0.63612
-0.588743
-0.540397
-0.492942
-0.448209
-0.407924
-0.373646
-0.346702
-0.328141
-0.318681
-0.271086
-0.280545
-0.299109
-0.326059
-0.36035
-0.400653
-0.445411
-0.492895
-0.541276
-0.588694
-0.633328
-0.673469
-0.707582
-0.73437
-0.75282
-0.762241
-0.762288
-0.752936
-0.734507
-0.707711
-0.673579
-0.633413
-0.588743
-0.541276
-0.492836
-0.445286
-0.400455
-0.360076
-0.325711
-0.298691
-0.280072
-0.270568
-0.270568
-0.280072
-0.298691
-0.325711
-0.360076
-0.400455
-0.445286
-0.492836
-0.541276
-0.588743
-0.633413
-0.673579
-0.707711
-0.734507
-0.752936
-0.762288
-0.762241
-0.75282
-0.73437
-0.707582
-0.673469
-0.633328
-0.588694
-0.541276
-0.492895
-0.445411
-0.400653
-0.36035
-0.326059
-0.299109
-0.280545
-0.271086
-0.222534
-0.231991
-0.250556
-0.277511
-0.311812
-0.35213
-0.39691
-0.444422
-0.492836
-0.540292
-0.584967
-0.625151
-0.659306
-0.686133
-0.704614
-0.714055
-0.714107
-0.704746
-0.686298
-0.659473
-0.625307
-0.585104
-0.540397
-0.492895
-0.444422
-0.396841
-0.351984
-0.311583
-0.2772
-0.250167
-0.231539
-0.222028
-0.222028
-0.231539
-0.250167
-0.2772
-0.311583
-0.351984
-0.396841
-0.444422
-0.492895
-0.540397
-0.585104
-0.625307
-0.659473
-0.686298
-0.704746
-0.714107
-0.714055
-0.704614
-0.686133
-0.659306
-0.625151
-0.584967
-0.540292
-0.492836
-0.444422
-0.39691
-0.35213
-0.311812
-0.277511
-0.250556
-0.231991
-0.222534
-0.174892
-0.184346
-0.20291
-0.229867
-0.264174
-0.304506
-0.349304
-0.396841
-0.445286
-0.492776
-0.537488
-0.57771
-0.611903
-0.638764
-0.657273
-0.66673
-0.666787
-0.65742
-0.638957
-0.612109
-0.577915
-0.537681
-0.492942
-0.445411
-0.39691
-0.349304
-0.304427
-0.264008
-0.229612
-0.202568
-0.183933
-0.174418
-0.174418
-0.183933
-0.202568
-0.229612
-0.264008
-0.304427
-0.349304
-0.39691
-0.445411
-0.492942
-0.537681
-0.577915
-0.612109
-0.638957
-0.65742
-0.666787
-0.66673
-0.657273
-0.638764
-0.611903
-0.57771
-0.537488
-0.492776
-0.445286
-0.396841
-0.349304
-0.304506
-0.264174
-0.229867
-0.20291
-0.184346
-0.174892
-0.129994
-0.139443
-0.158005
-0.184961
-0.219272
-0.259613
-0.304427
-0.351984
-0.400455
-0.447976
-0.492721
-0.532977
-0.567204
-0.594094
-0.612626
-0.622099
-0.622161
-0.612789
-0.594314
-0.567449
-0.533232
-0.492973
-0.448209
-0.400653
-0.35213
-0.304506
-0.259613
-0.219183
-0.184778
-0.157729
-0.139089
-0.129571
-0.129571
-0.139089
-0.157729
-0.184778
-0.219183
-0.259613
-0.304506
-0.35213
-0.400653
-0.448209
-0.492973
-0.533232
-0.567449
-0.594314
-0.612789
-0.622161
-0.622099
-0.612626
-0.594094
-0.567204
-0.532977
-0.492721
-0.447976
-0.400455
-0.351984
-0.304427
-0.259613
-0.219272
-0.184961
-0.158005
-0.139443
-0.129994
-0.0895701
-0.0990134
-0.11757
-0.144524
-0.178836
-0.219183
-0.264008
-0.311583
-0.360076
-0.407622
-0.452396
-0.492681
-0.526936
-0.553852
-0.572404
-0.581889
-0.581956
-0.572582
-0.554098
-0.527219
-0.492985
-0.452707
-0.407924
-0.36035
-0.311812
-0.264174
-0.219272
-0.178836
-0.144428
-0.117376
-0.0987355
-0.0892157
-0.0892157
-0.0987355
-0.117376
-0.144428
-0.178836
-0.219272
-0.264174
-0.311812
-0.36035
-0.407924
-0.452707
-0.492985
-0.527219
-0.554098
-0.572582
-0.581956
-0.581889
-0.572404
-0.553852
-0.526936
-0.492681
-0.452396
-0.407622
-0.360076
-0.311583
-0.264008
-0.219183
-0.178836
-0.144524
-0.11757
-0.0990134
-0.0895701
-0.0551778
-0.0646149
-0.083166
-0.110117
-0.144428
-0.184778
-0.229612
-0.2772
-0.325711
-0.373278
-0.418076
-0.458385
-0.492663
-0.5196
-0.538169
-0.547666
-0.547736
-0.53836
-0.51987
-0.492982
-0.458735
-0.418443
-0.373646
-0.326059
-0.277511
-0.229867
-0.184961
-0.144524
-0.110117
-0.0830667
-0.0644262
-0.054906
-0.054906
-0.0644262
-0.0830667
-0.110117
-0.144524
-0.184961
-0.229867
-0.277511
-0.326059
-0.373646
-0.418443
-0.458735
-0.492982
-0.51987
-0.53836
-0.547736
-0.547666
-0.538169
-0.5196
-0.492663
-0.458385
-0.418076
-0.373278
-0.325711
-0.2772
-0.229612
-0.184778
-0.144428
-0.110117
-0.083166
-0.0646149
-0.0551778
-0.0281433
-0.037574
-0.0561196
-0.0830667
-0.117376
-0.157729
-0.202568
-0.250167
-0.298691
-0.346274
-0.391089
-0.431417
-0.465713
-0.492666
-0.511248
-0.520753
-0.520828
-0.511451
-0.492958
-0.466063
-0.431808
-0.391507
-0.346702
-0.299109
-0.250556
-0.20291
-0.158005
-0.11757
-0.0831659
-0.0561196
-0.0374811
-0.0279615
-0.0279615
-0.0374811
-0.0561196
-0.0831659
-0.11757
-0.158005
-0.20291
-0.250556
-0.299109
-0.346702
-0.391507
-0.431808
-0.466063
-0.492958
-0.511451
-0.520828
-0.520753
-0.511248
-0.492666
-0.465713
-0.431417
-0.391089
-0.346274
-0.298691
-0.250167
-0.202568
-0.157729
-0.117376
-0.0830667
-0.0561196
-0.037574
-0.0281433
-0.0095138
-0.0189395
-0.0374811
-0.0644263
-0.0987355
-0.139089
-0.183933
-0.231539
-0.280072
-0.327667
-0.372494
-0.412835
-0.447143
-0.474107
-0.492698
-0.502209
-0.502286
-0.492909
-0.474414
-0.447516
-0.413256
-0.37295
-0.328141
-0.280545
-0.231991
-0.184346
-0.139443
-0.0990134
-0.0646149
-0.037574
-0.0189394
-0.00942218
-0.00942218
-0.0189394
-0.037574
-0.0646149
-0.0990134
-0.139443
-0.184346
-0.231991
-0.280545
-0.328141
-0.37295
-0.413256
-0.447516
-0.474414
-0.492909
-0.502286
-0.502209
-0.492698
-0.474107
-0.447143
-0.412835
-0.372494
-0.327667
-0.280072
-0.231539
-0.183933
-0.139089
-0.0987355
-0.0644263
-0.0374811
-0.0189395
-0.0095138
9.4623e-10
-0.00942219
-0.0279615
-0.054906
-0.0892157
-0.129571
-0.174418
-0.222028
-0.270568
-0.318169
-0.363004
-0.403353
-0.437669
-0.464639
-0.483236
-0.492751
-0.49283
-0.483453
-0.464958
-0.438059
-0.403798
-0.363491
-0.318681
-0.271086
-0.222534
-0.174892
-0.129994
-0.0895701
-0.0551778
-0.0281433
-0.00951379
6.17222e-09
6.14823e-09
-0.00951379
-0.0281433
-0.0551778
-0.0895701
-0.129994
-0.174892
-0.222534
-0.271086
-0.318681
-0.363491
-0.403798
-0.438059
-0.464958
-0.483453
-0.49283
-0.492751
-0.483236
-0.464639
-0.437669
-0.403353
-0.363004
-0.318169
-0.270568
-0.222028
-0.174418
-0.129571
-0.0892157
-0.054906
-0.0279615
-0.00942219
8.91208e-10
)
;

boundaryField
{
    top
    {
        type            cyclic;
    }
    bottom
    {
        type            cyclic;
    }
    left
    {
        type            cyclic;
    }
    right
    {
        type            cyclic;
    }
    frontAndBack
    {
        type            empty;
    }
}


// ************************************************************************* //
