/*--------------------------------*- C++ -*----------------------------------*\
  =========                 |
  \\      /  F ield         | OpenFOAM: The Open Source CFD Toolbox
   \\    /   O peration     | Website:  https://openfoam.org
    \\  /    A nd           | Version:  11
     \\/     M anipulation  |
\*---------------------------------------------------------------------------*/
FoamFile
{
    format      ascii;
    class       volVectorField;
    location    "9";
    object      U;
}
// * * * * * * * * * * * * * * * * * * * * * * * * * * * * * * * * * * * * * //

dimensions      [0 1 -1 0 0 0 0];

internalField   nonuniform List<vector> 
4096
(
(0.0444582 -0.0443227 0)
(0.0441502 -0.132722 0)
(0.043379 -0.219938 0)
(0.0421765 -0.305138 0)
(0.0405537 -0.387489 0)
(0.0385266 -0.466186 0)
(0.0361166 -0.540458 0)
(0.0333482 -0.609575 0)
(0.0302492 -0.672859 0)
(0.0268506 -0.729688 0)
(0.023186 -0.779503 0)
(0.0192921 -0.82181 0)
(0.0152066 -0.856187 0)
(0.0109718 -0.882286 0)
(0.00662578 -0.899839 0)
(0.0022177 -0.908661 0)
(-0.0022177 -0.908661 0)
(-0.00662577 -0.899839 0)
(-0.0109718 -0.882286 0)
(-0.0152066 -0.856187 0)
(-0.0192921 -0.82181 0)
(-0.023186 -0.779503 0)
(-0.0268506 -0.729688 0)
(-0.0302492 -0.672859 0)
(-0.0333481 -0.609575 0)
(-0.0361165 -0.540458 0)
(-0.0385266 -0.466186 0)
(-0.0405537 -0.387489 0)
(-0.0421765 -0.305138 0)
(-0.043379 -0.219938 0)
(-0.0441502 -0.132722 0)
(-0.0444582 -0.0443227 0)
(-0.0443227 0.0444582 0)
(-0.0438083 0.132849 0)
(-0.0429135 0.220057 0)
(-0.0416195 0.305248 0)
(-0.0399368 0.387591 0)
(-0.0378776 0.466282 0)
(-0.0354594 0.54055 0)
(-0.0327037 0.609664 0)
(-0.0296363 0.672945 0)
(-0.0262857 0.729773 0)
(-0.0226839 0.779586 0)
(-0.0188644 0.821892 0)
(-0.0148644 0.856269 0)
(-0.0107202 0.882368 0)
(-0.00647474 0.899919 0)
(-0.00216396 0.908742 0)
(0.00216397 0.908742 0)
(0.00647475 0.899919 0)
(0.0107202 0.882368 0)
(0.0148644 0.856269 0)
(0.0188644 0.821892 0)
(0.0226839 0.779586 0)
(0.0262857 0.729773 0)
(0.0296363 0.672945 0)
(0.0327037 0.609664 0)
(0.0354594 0.54055 0)
(0.0378777 0.466282 0)
(0.0399368 0.387591 0)
(0.0416195 0.305247 0)
(0.0429135 0.220057 0)
(0.0438083 0.132849 0)
(0.0443227 0.0444581 0)
(0.132849 -0.0438083 0)
(0.131711 -0.131381 0)
(0.129277 -0.217767 0)
(0.125584 -0.302151 0)
(0.120667 -0.383711 0)
(0.114571 -0.46165 0)
(0.107355 -0.535205 0)
(0.0990876 -0.603655 0)
(0.0898511 -0.666328 0)
(0.0797353 -0.722608 0)
(0.0688388 -0.771941 0)
(0.0572683 -0.813839 0)
(0.0451358 -0.847884 0)
(0.0325617 -0.87373 0)
(0.0196647 -0.891112 0)
(0.00657904 -0.899849 0)
(-0.00657903 -0.899849 0)
(-0.0196647 -0.891112 0)
(-0.0325617 -0.87373 0)
(-0.0451358 -0.847884 0)
(-0.0572683 -0.813839 0)
(-0.0688388 -0.771941 0)
(-0.0797353 -0.722608 0)
(-0.0898511 -0.666328 0)
(-0.0990876 -0.603655 0)
(-0.107355 -0.535205 0)
(-0.114571 -0.46165 0)
(-0.120667 -0.383711 0)
(-0.125584 -0.302151 0)
(-0.129277 -0.217767 0)
(-0.131711 -0.131381 0)
(-0.132849 -0.0438083 0)
(-0.132722 0.0441502 0)
(-0.131381 0.131711 0)
(-0.128819 0.218084 0)
(-0.125035 0.302449 0)
(-0.120057 0.383992 0)
(-0.113927 0.461917 0)
(-0.1067 0.535462 0)
(-0.0984444 0.603904 0)
(-0.0892381 0.666571 0)
(-0.0791693 0.722846 0)
(-0.0683346 0.772176 0)
(-0.056838 0.814072 0)
(-0.0447909 0.848115 0)
(-0.0323077 0.87396 0)
(-0.019512 0.891341 0)
(-0.00652432 0.900079 0)
(0.00652433 0.900079 0)
(0.019512 0.891341 0)
(0.0323077 0.87396 0)
(0.0447909 0.848115 0)
(0.056838 0.814072 0)
(0.0683346 0.772176 0)
(0.0791693 0.722846 0)
(0.0892381 0.666571 0)
(0.0984444 0.603904 0)
(0.1067 0.535462 0)
(0.113927 0.461917 0)
(0.120057 0.383992 0)
(0.125035 0.302449 0)
(0.128819 0.218084 0)
(0.131381 0.131711 0)
(0.132722 0.0441501 0)
(0.220057 -0.0429135 0)
(0.218084 -0.128819 0)
(0.213994 -0.213546 0)
(0.207833 -0.2963 0)
(0.199659 -0.37628 0)
(0.189545 -0.452708 0)
(0.177585 -0.524835 0)
(0.163895 -0.591955 0)
(0.148606 -0.653411 0)
(0.131868 -0.708597 0)
(0.113842 -0.756972 0)
(0.0947036 -0.798055 0)
(0.0746387 -0.831437 0)
(0.0538441 -0.856781 0)
(0.0325182 -0.873823 0)
(0.0108785 -0.882389 0)
(-0.0108785 -0.882389 0)
(-0.0325182 -0.873823 0)
(-0.0538441 -0.856781 0)
(-0.0746387 -0.831437 0)
(-0.0947036 -0.798055 0)
(-0.113842 -0.756972 0)
(-0.131868 -0.708597 0)
(-0.148606 -0.653411 0)
(-0.163895 -0.591955 0)
(-0.177585 -0.524835 0)
(-0.189545 -0.452708 0)
(-0.199659 -0.37628 0)
(-0.207833 -0.2963 0)
(-0.213994 -0.213546 0)
(-0.218084 -0.128819 0)
(-0.220057 -0.0429135 0)
(-0.219938 0.043379 0)
(-0.217767 0.129277 0)
(-0.213546 0.213994 0)
(-0.207295 0.296731 0)
(-0.199058 0.376694 0)
(-0.188907 0.453105 0)
(-0.176934 0.52522 0)
(-0.163253 0.59233 0)
(-0.147992 0.653778 0)
(-0.131298 0.708959 0)
(-0.113332 0.75733 0)
(-0.0942674 0.79841 0)
(-0.0742876 0.831791 0)
(-0.0535848 0.857133 0)
(-0.0323616 0.874176 0)
(-0.0108219 0.882744 0)
(0.0108219 0.882744 0)
(0.0323616 0.874176 0)
(0.0535848 0.857133 0)
(0.0742876 0.831791 0)
(0.0942675 0.79841 0)
(0.113332 0.75733 0)
(0.131298 0.708959 0)
(0.147992 0.653778 0)
(0.163253 0.59233 0)
(0.176934 0.52522 0)
(0.188907 0.453105 0)
(0.199058 0.376694 0)
(0.207295 0.296731 0)
(0.213546 0.213994 0)
(0.217767 0.129277 0)
(0.219938 0.043379 0)
(0.305248 -0.0416195 0)
(0.302449 -0.125035 0)
(0.296731 -0.207295 0)
(0.288149 -0.287626 0)
(0.276786 -0.365258 0)
(0.262741 -0.439437 0)
(0.246145 -0.50944 0)
(0.227156 -0.574582 0)
(0.205957 -0.634225 0)
(0.182752 -0.687785 0)
(0.157766 -0.734732 0)
(0.131242 -0.774603 0)
(0.103434 -0.807 0)
(0.0746162 -0.831594 0)
(0.0450634 -0.848132 0)
(0.0150751 -0.856442 0)
(-0.0150751 -0.856442 0)
(-0.0450634 -0.848132 0)
(-0.0746162 -0.831594 0)
(-0.103434 -0.807 0)
(-0.131242 -0.774603 0)
(-0.157766 -0.734732 0)
(-0.182752 -0.687785 0)
(-0.205957 -0.634225 0)
(-0.227156 -0.574582 0)
(-0.246145 -0.50944 0)
(-0.262741 -0.439437 0)
(-0.276786 -0.365258 0)
(-0.288149 -0.287626 0)
(-0.296731 -0.207295 0)
(-0.302449 -0.125035 0)
(-0.305247 -0.0416195 0)
(-0.305138 0.0421765 0)
(-0.302151 0.125584 0)
(-0.2963 0.207833 0)
(-0.287626 0.288149 0)
(-0.276196 0.365765 0)
(-0.262111 0.43993 0)
(-0.245498 0.509921 0)
(-0.226514 0.575054 0)
(-0.205339 0.634691 0)
(-0.182177 0.688246 0)
(-0.157249 0.735191 0)
(-0.130796 0.77506 0)
(-0.103073 0.807456 0)
(-0.0743485 0.832051 0)
(-0.0449007 0.848592 0)
(-0.0150157 0.856907 0)
(0.0150157 0.856907 0)
(0.0449007 0.848592 0)
(0.0743485 0.832051 0)
(0.103074 0.807456 0)
(0.130796 0.77506 0)
(0.157249 0.735191 0)
(0.182177 0.688246 0)
(0.205339 0.634691 0)
(0.226514 0.575054 0)
(0.245498 0.509921 0)
(0.262111 0.43993 0)
(0.276196 0.365765 0)
(0.287626 0.288149 0)
(0.2963 0.207833 0)
(0.302151 0.125584 0)
(0.305138 0.0421764 0)
(0.387591 -0.0399368 0)
(0.383992 -0.120057 0)
(0.376694 -0.199058 0)
(0.365765 -0.276196 0)
(0.351311 -0.350734 0)
(0.333461 -0.421952 0)
(0.31238 -0.489157 0)
(0.288268 -0.551693 0)
(0.261356 -0.608949 0)
(0.231904 -0.660364 0)
(0.200194 -0.705432 0)
(0.166533 -0.743705 0)
(0.131247 -0.774803 0)
(0.0946792 -0.79841 0)
(0.0571805 -0.814283 0)
(0.0191287 -0.822257 0)
(-0.0191287 -0.822257 0)
(-0.0571805 -0.814283 0)
(-0.0946792 -0.79841 0)
(-0.131247 -0.774803 0)
(-0.166533 -0.743705 0)
(-0.200194 -0.705432 0)
(-0.231904 -0.660364 0)
(-0.261356 -0.608949 0)
(-0.288268 -0.551693 0)
(-0.31238 -0.489157 0)
(-0.333461 -0.421952 0)
(-0.351311 -0.350734 0)
(-0.365765 -0.276196 0)
(-0.376694 -0.199058 0)
(-0.383992 -0.120057 0)
(-0.387591 -0.0399368 0)
(-0.387489 0.0405537 0)
(-0.383711 0.120667 0)
(-0.37628 0.199659 0)
(-0.365258 0.276786 0)
(-0.350734 0.351311 0)
(-0.332839 0.422517 0)
(-0.311736 0.489712 0)
(-0.287625 0.552242 0)
(-0.260733 0.609494 0)
(-0.231319 0.660907 0)
(-0.199665 0.705974 0)
(-0.166075 0.744249 0)
(-0.130873 0.775348 0)
(-0.0944003 0.798958 0)
(-0.0570097 0.814837 0)
(-0.0190656 0.82282 0)
(0.0190656 0.82282 0)
(0.0570097 0.814837 0)
(0.0944003 0.798958 0)
(0.130873 0.775348 0)
(0.166075 0.744249 0)
(0.199665 0.705974 0)
(0.231319 0.660907 0)
(0.260733 0.609494 0)
(0.287625 0.552242 0)
(0.311736 0.489712 0)
(0.332839 0.422517 0)
(0.350734 0.351311 0)
(0.365258 0.276786 0)
(0.37628 0.199659 0)
(0.383711 0.120667 0)
(0.387489 0.0405537 0)
(0.466282 -0.0378776 0)
(0.461917 -0.113927 0)
(0.453105 -0.188907 0)
(0.43993 -0.262111 0)
(0.422517 -0.332839 0)
(0.401025 -0.400411 0)
(0.375655 -0.464172 0)
(0.346645 -0.523501 0)
(0.314274 -0.577819 0)
(0.278851 -0.626595 0)
(0.240717 -0.669347 0)
(0.20024 -0.705654 0)
(0.15781 -0.735152 0)
(0.113841 -0.757544 0)
(0.0687532 -0.772598 0)
(0.0230003 -0.780158 0)
(-0.0230003 -0.780158 0)
(-0.0687532 -0.772598 0)
(-0.113841 -0.757544 0)
(-0.15781 -0.735152 0)
(-0.20024 -0.705654 0)
(-0.240717 -0.669347 0)
(-0.278851 -0.626595 0)
(-0.314274 -0.577819 0)
(-0.346645 -0.523501 0)
(-0.375655 -0.464172 0)
(-0.401025 -0.400411 0)
(-0.422517 -0.332839 0)
(-0.43993 -0.262111 0)
(-0.453105 -0.188907 0)
(-0.461917 -0.113927 0)
(-0.466282 -0.0378776 0)
(-0.466186 0.0385266 0)
(-0.46165 0.114571 0)
(-0.452708 0.189545 0)
(-0.439437 0.262741 0)
(-0.421952 0.333461 0)
(-0.400411 0.401025 0)
(-0.375014 0.464781 0)
(-0.345999 0.524107 0)
(-0.313643 0.578426 0)
(-0.278255 0.627203 0)
(-0.240174 0.669959 0)
(-0.199766 0.70627 0)
(-0.157421 0.735774 0)
(-0.113548 0.758172 0)
(-0.0685723 0.773235 0)
(-0.022933 0.78081 0)
(0.022933 0.78081 0)
(0.0685723 0.773235 0)
(0.113548 0.758172 0)
(0.157421 0.735774 0)
(0.199766 0.70627 0)
(0.240174 0.669959 0)
(0.278255 0.627203 0)
(0.313644 0.578425 0)
(0.346 0.524107 0)
(0.375014 0.464781 0)
(0.400411 0.401025 0)
(0.421952 0.333461 0)
(0.439437 0.262741 0)
(0.452708 0.189545 0)
(0.46165 0.114571 0)
(0.466186 0.0385266 0)
(0.54055 -0.0354594 0)
(0.535462 -0.1067 0)
(0.52522 -0.176934 0)
(0.509921 -0.245498 0)
(0.489712 -0.311736 0)
(0.464781 -0.375014 0)
(0.435359 -0.434718 0)
(0.401725 -0.490271 0)
(0.3642 -0.541129 0)
(0.323142 -0.586796 0)
(0.278946 -0.626822 0)
(0.232038 -0.660812 0)
(0.182869 -0.688427 0)
(0.131917 -0.709386 0)
(0.0796704 -0.723475 0)
(0.0266529 -0.730549 0)
(-0.0266529 -0.730549 0)
(-0.0796704 -0.723475 0)
(-0.131917 -0.709386 0)
(-0.182869 -0.688427 0)
(-0.232038 -0.660812 0)
(-0.278946 -0.626822 0)
(-0.323142 -0.586796 0)
(-0.3642 -0.541129 0)
(-0.401725 -0.490271 0)
(-0.435359 -0.434718 0)
(-0.464781 -0.375014 0)
(-0.489712 -0.311736 0)
(-0.509921 -0.245498 0)
(-0.52522 -0.176934 0)
(-0.535462 -0.1067 0)
(-0.54055 -0.0354593 0)
(-0.540458 0.0361166 0)
(-0.535205 0.107355 0)
(-0.524835 0.177585 0)
(-0.50944 0.246145 0)
(-0.489157 0.31238 0)
(-0.464172 0.375655 0)
(-0.434718 0.435359 0)
(-0.401075 0.490914 0)
(-0.36356 0.541776 0)
(-0.322532 0.58745 0)
(-0.278386 0.627484 0)
(-0.231545 0.661483 0)
(-0.182461 0.689108 0)
(-0.131607 0.710079 0)
(-0.0794773 0.724183 0)
(-0.0265805 0.731275 0)
(0.0265806 0.731275 0)
(0.0794773 0.724183 0)
(0.131607 0.710079 0)
(0.182461 0.689108 0)
(0.231545 0.661483 0)
(0.278386 0.627484 0)
(0.322532 0.58745 0)
(0.36356 0.541776 0)
(0.401075 0.490914 0)
(0.434718 0.435359 0)
(0.464172 0.375655 0)
(0.489157 0.31238 0)
(0.50944 0.246145 0)
(0.524835 0.177585 0)
(0.535205 0.107355 0)
(0.540458 0.0361165 0)
(0.609664 -0.0327037 0)
(0.603904 -0.0984444 0)
(0.59233 -0.163253 0)
(0.575054 -0.226514 0)
(0.552242 -0.287625 0)
(0.524107 -0.345999 0)
(0.490914 -0.401075 0)
(0.452974 -0.452316 0)
(0.410652 -0.499226 0)
(0.36435 -0.541346 0)
(0.314513 -0.578261 0)
(0.261621 -0.609607 0)
(0.206182 -0.635072 0)
(0.148734 -0.654398 0)
(0.089827 -0.667387 0)
(0.0300511 -0.673905 0)
(-0.0300511 -0.673905 0)
(-0.089827 -0.667387 0)
(-0.148734 -0.654398 0)
(-0.206182 -0.635072 0)
(-0.261621 -0.609607 0)
(-0.314513 -0.578261 0)
(-0.36435 -0.541346 0)
(-0.410652 -0.499226 0)
(-0.452974 -0.452316 0)
(-0.490914 -0.401075 0)
(-0.524107 -0.345999 0)
(-0.552242 -0.287625 0)
(-0.575054 -0.226514 0)
(-0.59233 -0.163253 0)
(-0.603904 -0.0984444 0)
(-0.609664 -0.0327037 0)
(-0.609575 0.0333482 0)
(-0.603655 0.0990876 0)
(-0.591955 0.163895 0)
(-0.574582 0.227156 0)
(-0.551693 0.288268 0)
(-0.523501 0.346645 0)
(-0.490271 0.401725 0)
(-0.452316 0.452974 0)
(-0.409999 0.499894 0)
(-0.363723 0.542025 0)
(-0.313932 0.578954 0)
(-0.261105 0.610315 0)
(-0.205751 0.635795 0)
(-0.148404 0.655138 0)
(-0.0896193 0.668148 0)
(-0.029973 0.67469 0)
(0.029973 0.67469 0)
(0.0896193 0.668148 0)
(0.148404 0.655138 0)
(0.205751 0.635795 0)
(0.261106 0.610315 0)
(0.313933 0.578954 0)
(0.363723 0.542025 0)
(0.409999 0.499894 0)
(0.452316 0.452974 0)
(0.490271 0.401725 0)
(0.523501 0.346645 0)
(0.551693 0.288268 0)
(0.574582 0.227156 0)
(0.591955 0.163895 0)
(0.603655 0.0990876 0)
(0.609575 0.0333481 0)
(0.672945 -0.0296363 0)
(0.666571 -0.0892381 0)
(0.653778 -0.147992 0)
(0.634691 -0.205339 0)
(0.609494 -0.260733 0)
(0.578426 -0.313644 0)
(0.541776 -0.36356 0)
(0.499894 -0.409999 0)
(0.453178 -0.45251 0)
(0.402074 -0.490678 0)
(0.347072 -0.524128 0)
(0.288701 -0.552529 0)
(0.227522 -0.5756 0)
(0.164127 -0.593106 0)
(0.0991245 -0.604869 0)
(0.0331622 -0.610769 0)
(-0.0331622 -0.610769 0)
(-0.0991245 -0.604869 0)
(-0.164127 -0.593106 0)
(-0.227522 -0.5756 0)
(-0.288701 -0.552529 0)
(-0.347072 -0.524128 0)
(-0.402074 -0.490678 0)
(-0.453178 -0.45251 0)
(-0.499894 -0.409999 0)
(-0.541776 -0.36356 0)
(-0.578426 -0.313643 0)
(-0.609494 -0.260733 0)
(-0.634691 -0.205339 0)
(-0.653778 -0.147992 0)
(-0.666571 -0.0892381 0)
(-0.672945 -0.0296363 0)
(-0.672859 0.0302492 0)
(-0.666328 0.0898511 0)
(-0.653411 0.148606 0)
(-0.634225 0.205957 0)
(-0.608949 0.261356 0)
(-0.577819 0.314274 0)
(-0.541129 0.3642 0)
(-0.499226 0.410652 0)
(-0.45251 0.453178 0)
(-0.401427 0.491363 0)
(-0.346468 0.524831 0)
(-0.28816 0.553253 0)
(-0.227066 0.576345 0)
(-0.163775 0.593875 0)
(-0.0988999 0.605665 0)
(-0.0330774 0.611595 0)
(0.0330774 0.611595 0)
(0.0988999 0.605665 0)
(0.163775 0.593875 0)
(0.227066 0.576345 0)
(0.28816 0.553253 0)
(0.346468 0.524831 0)
(0.401427 0.491363 0)
(0.45251 0.453178 0)
(0.499226 0.410652 0)
(0.541129 0.3642 0)
(0.577819 0.314274 0)
(0.608949 0.261356 0)
(0.634225 0.205957 0)
(0.653411 0.148606 0)
(0.666328 0.0898511 0)
(0.672859 0.0302492 0)
(0.729773 -0.0262857 0)
(0.722846 -0.0791693 0)
(0.708959 -0.131298 0)
(0.688246 -0.182177 0)
(0.660907 -0.231319 0)
(0.627203 -0.278255 0)
(0.58745 -0.322532 0)
(0.542025 -0.363723 0)
(0.491363 -0.401427 0)
(0.435946 -0.435277 0)
(0.376306 -0.464941 0)
(0.313016 -0.490125 0)
(0.246683 -0.51058 0)
(0.177949 -0.5261 0)
(0.107473 -0.536524 0)
(0.035956 -0.541749 0)
(-0.035956 -0.541749 0)
(-0.107473 -0.536524 0)
(-0.177949 -0.5261 0)
(-0.246683 -0.51058 0)
(-0.313016 -0.490125 0)
(-0.376306 -0.464941 0)
(-0.435946 -0.435277 0)
(-0.491363 -0.401427 0)
(-0.542025 -0.363723 0)
(-0.58745 -0.322532 0)
(-0.627203 -0.278255 0)
(-0.660907 -0.231319 0)
(-0.688246 -0.182177 0)
(-0.708959 -0.131298 0)
(-0.722846 -0.0791693 0)
(-0.729773 -0.0262857 0)
(-0.729688 0.0268506 0)
(-0.722608 0.0797353 0)
(-0.708597 0.131868 0)
(-0.687785 0.182752 0)
(-0.660364 0.231904 0)
(-0.626595 0.278851 0)
(-0.586796 0.323142 0)
(-0.541346 0.36435 0)
(-0.490678 0.402074 0)
(-0.435277 0.435946 0)
(-0.375676 0.465634 0)
(-0.312446 0.490845 0)
(-0.246197 0.511327 0)
(-0.17757 0.526876 0)
(-0.107229 0.537335 0)
(-0.0358634 0.542595 0)
(0.0358634 0.542595 0)
(0.107229 0.537335 0)
(0.17757 0.526876 0)
(0.246197 0.511327 0)
(0.312446 0.490845 0)
(0.375676 0.465634 0)
(0.435277 0.435946 0)
(0.490678 0.402074 0)
(0.541346 0.36435 0)
(0.586796 0.323142 0)
(0.626595 0.278851 0)
(0.660364 0.231904 0)
(0.687785 0.182752 0)
(0.708597 0.131868 0)
(0.722608 0.0797353 0)
(0.729688 0.0268505 0)
(0.779586 -0.0226839 0)
(0.772176 -0.0683346 0)
(0.75733 -0.113332 0)
(0.735191 -0.157249 0)
(0.705974 -0.199665 0)
(0.669959 -0.240174 0)
(0.627484 -0.278386 0)
(0.578954 -0.313933 0)
(0.524831 -0.346468 0)
(0.465634 -0.375676 0)
(0.401928 -0.401269 0)
(0.334326 -0.422995 0)
(0.263476 -0.440639 0)
(0.190064 -0.454023 0)
(0.114791 -0.463009 0)
(0.0384053 -0.467509 0)
(-0.0384053 -0.467509 0)
(-0.114791 -0.463009 0)
(-0.190064 -0.454023 0)
(-0.263476 -0.440639 0)
(-0.334326 -0.422995 0)
(-0.401928 -0.401269 0)
(-0.465634 -0.375676 0)
(-0.524832 -0.346468 0)
(-0.578954 -0.313932 0)
(-0.627484 -0.278386 0)
(-0.669959 -0.240174 0)
(-0.705974 -0.199665 0)
(-0.735191 -0.157249 0)
(-0.75733 -0.113332 0)
(-0.772176 -0.0683346 0)
(-0.779586 -0.0226839 0)
(-0.779503 0.023186 0)
(-0.771941 0.0688389 0)
(-0.756972 0.113842 0)
(-0.734732 0.157766 0)
(-0.705432 0.200194 0)
(-0.669347 0.240717 0)
(-0.626822 0.278946 0)
(-0.578261 0.314513 0)
(-0.524128 0.347072 0)
(-0.464941 0.376306 0)
(-0.401269 0.401928 0)
(-0.333724 0.423686 0)
(-0.262958 0.441363 0)
(-0.189654 0.454783 0)
(-0.114523 0.46381 0)
(-0.0383035 0.468351 0)
(0.0383035 0.468351 0)
(0.114523 0.46381 0)
(0.189654 0.454783 0)
(0.262958 0.441363 0)
(0.333724 0.423686 0)
(0.401269 0.401928 0)
(0.464941 0.376306 0)
(0.524128 0.347072 0)
(0.578261 0.314513 0)
(0.626822 0.278946 0)
(0.669347 0.240717 0)
(0.705432 0.200194 0)
(0.734732 0.157766 0)
(0.756972 0.113842 0)
(0.771941 0.0688388 0)
(0.779503 0.023186 0)
(0.821892 -0.0188644 0)
(0.814072 -0.056838 0)
(0.79841 -0.0942675 0)
(0.77506 -0.130796 0)
(0.744249 -0.166075 0)
(0.70627 -0.199766 0)
(0.661483 -0.231545 0)
(0.610315 -0.261106 0)
(0.553253 -0.28816 0)
(0.490845 -0.312446 0)
(0.423686 -0.333724 0)
(0.352422 -0.351786 0)
(0.277737 -0.366451 0)
(0.200352 -0.377572 0)
(0.121006 -0.385035 0)
(0.040486 -0.388768 0)
(-0.040486 -0.388768 0)
(-0.121006 -0.385035 0)
(-0.200352 -0.377572 0)
(-0.277737 -0.366451 0)
(-0.352422 -0.351786 0)
(-0.423686 -0.333724 0)
(-0.490845 -0.312446 0)
(-0.553253 -0.28816 0)
(-0.610315 -0.261105 0)
(-0.661483 -0.231545 0)
(-0.70627 -0.199766 0)
(-0.744249 -0.166075 0)
(-0.77506 -0.130796 0)
(-0.79841 -0.0942674 0)
(-0.814072 -0.056838 0)
(-0.821892 -0.0188644 0)
(-0.82181 0.0192921 0)
(-0.813839 0.0572683 0)
(-0.798055 0.0947036 0)
(-0.774603 0.131242 0)
(-0.743705 0.166533 0)
(-0.705654 0.20024 0)
(-0.660812 0.232038 0)
(-0.609607 0.261621 0)
(-0.552529 0.288701 0)
(-0.490125 0.313016 0)
(-0.422995 0.334326 0)
(-0.351786 0.352422 0)
(-0.277183 0.367125 0)
(-0.199908 0.378287 0)
(-0.120712 0.385796 0)
(-0.0403735 0.389573 0)
(0.0403735 0.389573 0)
(0.120712 0.385796 0)
(0.199908 0.378287 0)
(0.277183 0.367125 0)
(0.351786 0.352422 0)
(0.422995 0.334326 0)
(0.490125 0.313016 0)
(0.552529 0.288701 0)
(0.609607 0.261621 0)
(0.660812 0.232038 0)
(0.705654 0.20024 0)
(0.743705 0.166533 0)
(0.774603 0.131241 0)
(0.798055 0.0947036 0)
(0.813839 0.0572683 0)
(0.82181 0.0192921 0)
(0.856269 -0.0148644 0)
(0.848115 -0.0447909 0)
(0.831791 -0.0742876 0)
(0.807456 -0.103074 0)
(0.775348 -0.130873 0)
(0.735774 -0.157421 0)
(0.689108 -0.182461 0)
(0.635795 -0.205751 0)
(0.576345 -0.227066 0)
(0.511327 -0.246197 0)
(0.441363 -0.262958 0)
(0.367125 -0.277183 0)
(0.289325 -0.288731 0)
(0.208711 -0.297484 0)
(0.126057 -0.303355 0)
(0.0421776 -0.306287 0)
(-0.0421776 -0.306287 0)
(-0.126057 -0.303355 0)
(-0.208711 -0.297484 0)
(-0.289325 -0.288731 0)
(-0.367125 -0.277183 0)
(-0.441363 -0.262958 0)
(-0.511327 -0.246197 0)
(-0.576345 -0.227066 0)
(-0.635795 -0.205751 0)
(-0.689108 -0.182461 0)
(-0.735774 -0.157421 0)
(-0.775348 -0.130873 0)
(-0.807456 -0.103073 0)
(-0.831791 -0.0742876 0)
(-0.848115 -0.0447908 0)
(-0.856269 -0.0148644 0)
(-0.856187 0.0152066 0)
(-0.847884 0.0451358 0)
(-0.831437 0.0746387 0)
(-0.807 0.103434 0)
(-0.774803 0.131247 0)
(-0.735152 0.15781 0)
(-0.688427 0.182869 0)
(-0.635072 0.206182 0)
(-0.5756 0.227522 0)
(-0.51058 0.246683 0)
(-0.440639 0.263476 0)
(-0.366451 0.277737 0)
(-0.288731 0.289325 0)
(-0.20823 0.298122 0)
(-0.125733 0.304042 0)
(-0.0420525 0.30702 0)
(0.0420525 0.30702 0)
(0.125733 0.304042 0)
(0.20823 0.298122 0)
(0.288731 0.289325 0)
(0.366451 0.277737 0)
(0.440639 0.263476 0)
(0.51058 0.246683 0)
(0.5756 0.227522 0)
(0.635072 0.206182 0)
(0.688427 0.182869 0)
(0.735152 0.15781 0)
(0.774803 0.131247 0)
(0.807 0.103434 0)
(0.831437 0.0746387 0)
(0.847884 0.0451358 0)
(0.856187 0.0152066 0)
(0.882368 -0.0107202 0)
(0.87396 -0.0323077 0)
(0.857133 -0.0535848 0)
(0.832051 -0.0743485 0)
(0.798958 -0.0944003 0)
(0.758172 -0.113548 0)
(0.710079 -0.131607 0)
(0.655138 -0.148404 0)
(0.593875 -0.163775 0)
(0.526876 -0.17757 0)
(0.454783 -0.189654 0)
(0.378287 -0.199908 0)
(0.298122 -0.20823 0)
(0.21506 -0.214535 0)
(0.129894 -0.21876 0)
(0.0434634 -0.220866 0)
(-0.0434634 -0.220866 0)
(-0.129894 -0.21876 0)
(-0.21506 -0.214535 0)
(-0.298122 -0.20823 0)
(-0.378287 -0.199908 0)
(-0.454783 -0.189654 0)
(-0.526876 -0.17757 0)
(-0.593875 -0.163775 0)
(-0.655138 -0.148404 0)
(-0.710079 -0.131607 0)
(-0.758172 -0.113548 0)
(-0.798958 -0.0944003 0)
(-0.832051 -0.0743485 0)
(-0.857133 -0.0535848 0)
(-0.87396 -0.0323077 0)
(-0.882368 -0.0107202 0)
(-0.882286 0.0109718 0)
(-0.87373 0.0325617 0)
(-0.856781 0.0538441 0)
(-0.831594 0.0746162 0)
(-0.79841 0.0946792 0)
(-0.757544 0.113841 0)
(-0.709386 0.131917 0)
(-0.654398 0.148734 0)
(-0.593106 0.164127 0)
(-0.5261 0.177949 0)
(-0.454023 0.190064 0)
(-0.377572 0.200352 0)
(-0.297484 0.208711 0)
(-0.214535 0.21506 0)
(-0.129535 0.219332 0)
(-0.0433232 0.221482 0)
(0.0433232 0.221482 0)
(0.129535 0.219332 0)
(0.214535 0.21506 0)
(0.297484 0.208711 0)
(0.377572 0.200352 0)
(0.454023 0.190064 0)
(0.5261 0.177949 0)
(0.593106 0.164127 0)
(0.654398 0.148734 0)
(0.709386 0.131917 0)
(0.757544 0.113841 0)
(0.79841 0.0946792 0)
(0.831594 0.0746162 0)
(0.856781 0.0538441 0)
(0.87373 0.0325617 0)
(0.882286 0.0109718 0)
(0.899919 -0.00647475 0)
(0.891341 -0.019512 0)
(0.874176 -0.0323616 0)
(0.848592 -0.0449007 0)
(0.814837 -0.0570097 0)
(0.773235 -0.0685723 0)
(0.724183 -0.0794773 0)
(0.668148 -0.0896193 0)
(0.605665 -0.0988999 0)
(0.537335 -0.107229 0)
(0.46381 -0.114523 0)
(0.385796 -0.120712 0)
(0.304042 -0.125733 0)
(0.219332 -0.129535 0)
(0.132478 -0.13208 0)
(0.04433 -0.133345 0)
(-0.0443301 -0.133345 0)
(-0.132478 -0.13208 0)
(-0.219332 -0.129535 0)
(-0.304042 -0.125733 0)
(-0.385796 -0.120712 0)
(-0.46381 -0.114523 0)
(-0.537335 -0.107229 0)
(-0.605665 -0.0988999 0)
(-0.668148 -0.0896193 0)
(-0.724183 -0.0794773 0)
(-0.773235 -0.0685723 0)
(-0.814837 -0.0570097 0)
(-0.848592 -0.0449007 0)
(-0.874176 -0.0323616 0)
(-0.891341 -0.019512 0)
(-0.899919 -0.00647474 0)
(-0.899839 0.00662578 0)
(-0.891112 0.0196647 0)
(-0.873823 0.0325182 0)
(-0.848132 0.0450634 0)
(-0.814283 0.0571805 0)
(-0.772598 0.0687532 0)
(-0.723475 0.0796704 0)
(-0.667387 0.089827 0)
(-0.604869 0.0991245 0)
(-0.536524 0.107473 0)
(-0.463009 0.114791 0)
(-0.385035 0.121006 0)
(-0.303355 0.126057 0)
(-0.21876 0.129894 0)
(-0.13208 0.132478 0)
(-0.0441728 0.133779 0)
(0.0441729 0.133779 0)
(0.13208 0.132478 0)
(0.21876 0.129894 0)
(0.303355 0.126057 0)
(0.385035 0.121006 0)
(0.463009 0.114791 0)
(0.536524 0.107473 0)
(0.604869 0.0991245 0)
(0.667387 0.089827 0)
(0.723475 0.0796704 0)
(0.772598 0.0687532 0)
(0.814283 0.0571805 0)
(0.848132 0.0450634 0)
(0.873823 0.0325182 0)
(0.891112 0.0196647 0)
(0.899839 0.00662577 0)
(0.908742 -0.00216396 0)
(0.900079 -0.00652433 0)
(0.882744 -0.0108219 0)
(0.856907 -0.0150157 0)
(0.82282 -0.0190656 0)
(0.78081 -0.022933 0)
(0.731275 -0.0265806 0)
(0.67469 -0.029973 0)
(0.611595 -0.0330774 0)
(0.542595 -0.0358634 0)
(0.468351 -0.0383035 0)
(0.389573 -0.0403735 0)
(0.30702 -0.0420525 0)
(0.221482 -0.0433232 0)
(0.133779 -0.0441729 0)
(0.0447668 -0.0445943 0)
(-0.0447668 -0.0445943 0)
(-0.133779 -0.0441729 0)
(-0.221482 -0.0433232 0)
(-0.30702 -0.0420525 0)
(-0.389573 -0.0403735 0)
(-0.468351 -0.0383035 0)
(-0.542595 -0.0358634 0)
(-0.611595 -0.0330774 0)
(-0.67469 -0.029973 0)
(-0.731275 -0.0265806 0)
(-0.78081 -0.022933 0)
(-0.82282 -0.0190656 0)
(-0.856907 -0.0150157 0)
(-0.882744 -0.0108219 0)
(-0.900079 -0.00652432 0)
(-0.908742 -0.00216396 0)
(-0.908661 0.0022177 0)
(-0.899849 0.00657904 0)
(-0.882389 0.0108785 0)
(-0.856442 0.0150751 0)
(-0.822257 0.0191287 0)
(-0.780158 0.0230003 0)
(-0.730549 0.0266529 0)
(-0.673905 0.0300511 0)
(-0.610769 0.0331622 0)
(-0.541749 0.035956 0)
(-0.467509 0.0384053 0)
(-0.388768 0.040486 0)
(-0.306287 0.0421776 0)
(-0.220866 0.0434634 0)
(-0.133345 0.04433 0)
(-0.0445943 0.0447668 0)
(0.0445944 0.0447668 0)
(0.133345 0.04433 0)
(0.220866 0.0434634 0)
(0.306287 0.0421776 0)
(0.388768 0.040486 0)
(0.467509 0.0384053 0)
(0.541749 0.035956 0)
(0.610769 0.0331622 0)
(0.673905 0.0300511 0)
(0.730549 0.0266528 0)
(0.780158 0.0230003 0)
(0.822257 0.0191287 0)
(0.856442 0.0150751 0)
(0.882389 0.0108785 0)
(0.899849 0.00657903 0)
(0.908661 0.0022177 0)
(0.908742 0.00216396 0)
(0.900079 0.00652433 0)
(0.882744 0.0108219 0)
(0.856907 0.0150157 0)
(0.82282 0.0190656 0)
(0.78081 0.022933 0)
(0.731275 0.0265806 0)
(0.67469 0.029973 0)
(0.611595 0.0330774 0)
(0.542595 0.0358634 0)
(0.468351 0.0383035 0)
(0.389573 0.0403735 0)
(0.30702 0.0420525 0)
(0.221482 0.0433232 0)
(0.133779 0.0441729 0)
(0.0447668 0.0445944 0)
(-0.0447668 0.0445944 0)
(-0.133779 0.0441729 0)
(-0.221482 0.0433232 0)
(-0.30702 0.0420525 0)
(-0.389573 0.0403735 0)
(-0.468351 0.0383035 0)
(-0.542595 0.0358634 0)
(-0.611595 0.0330774 0)
(-0.67469 0.029973 0)
(-0.731275 0.0265806 0)
(-0.78081 0.022933 0)
(-0.82282 0.0190656 0)
(-0.856907 0.0150157 0)
(-0.882744 0.0108219 0)
(-0.900079 0.00652433 0)
(-0.908742 0.00216397 0)
(-0.908661 -0.0022177 0)
(-0.899849 -0.00657903 0)
(-0.882389 -0.0108785 0)
(-0.856442 -0.0150751 0)
(-0.822257 -0.0191287 0)
(-0.780158 -0.0230003 0)
(-0.730549 -0.0266529 0)
(-0.673905 -0.0300511 0)
(-0.610769 -0.0331622 0)
(-0.541749 -0.035956 0)
(-0.467509 -0.0384053 0)
(-0.388768 -0.040486 0)
(-0.306287 -0.0421776 0)
(-0.220866 -0.0434634 0)
(-0.133345 -0.04433 0)
(-0.0445943 -0.0447668 0)
(0.0445944 -0.0447668 0)
(0.133345 -0.04433 0)
(0.220866 -0.0434634 0)
(0.306287 -0.0421776 0)
(0.388768 -0.040486 0)
(0.467509 -0.0384053 0)
(0.541749 -0.035956 0)
(0.610769 -0.0331622 0)
(0.673905 -0.0300511 0)
(0.730549 -0.0266529 0)
(0.780158 -0.0230003 0)
(0.822257 -0.0191287 0)
(0.856442 -0.0150751 0)
(0.882389 -0.0108785 0)
(0.899849 -0.00657904 0)
(0.908661 -0.0022177 0)
(0.899919 0.00647474 0)
(0.891341 0.019512 0)
(0.874176 0.0323616 0)
(0.848592 0.0449007 0)
(0.814837 0.0570097 0)
(0.773235 0.0685723 0)
(0.724183 0.0794773 0)
(0.668148 0.0896193 0)
(0.605665 0.0988999 0)
(0.537335 0.107229 0)
(0.46381 0.114523 0)
(0.385796 0.120712 0)
(0.304042 0.125733 0)
(0.219332 0.129535 0)
(0.132478 0.13208 0)
(0.04433 0.133345 0)
(-0.0443301 0.133345 0)
(-0.132478 0.13208 0)
(-0.219332 0.129535 0)
(-0.304042 0.125733 0)
(-0.385796 0.120712 0)
(-0.46381 0.114523 0)
(-0.537335 0.107229 0)
(-0.605665 0.0988999 0)
(-0.668148 0.0896193 0)
(-0.724183 0.0794773 0)
(-0.773235 0.0685723 0)
(-0.814837 0.0570097 0)
(-0.848592 0.0449007 0)
(-0.874176 0.0323616 0)
(-0.891341 0.019512 0)
(-0.899919 0.00647475 0)
(-0.899838 -0.00662577 0)
(-0.891112 -0.0196647 0)
(-0.873823 -0.0325182 0)
(-0.848132 -0.0450634 0)
(-0.814283 -0.0571805 0)
(-0.772598 -0.0687532 0)
(-0.723475 -0.0796704 0)
(-0.667387 -0.089827 0)
(-0.604869 -0.0991245 0)
(-0.536524 -0.107473 0)
(-0.463009 -0.114791 0)
(-0.385035 -0.121006 0)
(-0.303355 -0.126057 0)
(-0.21876 -0.129894 0)
(-0.13208 -0.132478 0)
(-0.0441728 -0.133779 0)
(0.0441729 -0.133779 0)
(0.13208 -0.132478 0)
(0.21876 -0.129894 0)
(0.303355 -0.126057 0)
(0.385035 -0.121006 0)
(0.463009 -0.114791 0)
(0.536524 -0.107473 0)
(0.604869 -0.0991245 0)
(0.667387 -0.089827 0)
(0.723475 -0.0796704 0)
(0.772598 -0.0687532 0)
(0.814283 -0.0571805 0)
(0.848132 -0.0450634 0)
(0.873823 -0.0325182 0)
(0.891112 -0.0196647 0)
(0.899838 -0.00662578 0)
(0.882368 0.0107202 0)
(0.87396 0.0323077 0)
(0.857133 0.0535848 0)
(0.832051 0.0743485 0)
(0.798958 0.0944003 0)
(0.758172 0.113548 0)
(0.710079 0.131607 0)
(0.655138 0.148404 0)
(0.593875 0.163775 0)
(0.526876 0.17757 0)
(0.454783 0.189654 0)
(0.378287 0.199908 0)
(0.298122 0.20823 0)
(0.21506 0.214535 0)
(0.129894 0.21876 0)
(0.0434634 0.220866 0)
(-0.0434634 0.220866 0)
(-0.129894 0.21876 0)
(-0.21506 0.214535 0)
(-0.298122 0.20823 0)
(-0.378287 0.199908 0)
(-0.454783 0.189654 0)
(-0.526876 0.17757 0)
(-0.593875 0.163775 0)
(-0.655138 0.148404 0)
(-0.710079 0.131607 0)
(-0.758172 0.113548 0)
(-0.798958 0.0944003 0)
(-0.832051 0.0743485 0)
(-0.857133 0.0535848 0)
(-0.87396 0.0323077 0)
(-0.882368 0.0107202 0)
(-0.882286 -0.0109718 0)
(-0.87373 -0.0325617 0)
(-0.856781 -0.0538441 0)
(-0.831594 -0.0746162 0)
(-0.79841 -0.0946792 0)
(-0.757544 -0.113841 0)
(-0.709386 -0.131917 0)
(-0.654398 -0.148734 0)
(-0.593106 -0.164127 0)
(-0.5261 -0.177949 0)
(-0.454023 -0.190064 0)
(-0.377572 -0.200352 0)
(-0.297484 -0.208711 0)
(-0.214535 -0.21506 0)
(-0.129535 -0.219332 0)
(-0.0433232 -0.221482 0)
(0.0433232 -0.221482 0)
(0.129535 -0.219332 0)
(0.214535 -0.21506 0)
(0.297484 -0.208711 0)
(0.377572 -0.200352 0)
(0.454023 -0.190064 0)
(0.5261 -0.177949 0)
(0.593106 -0.164127 0)
(0.654398 -0.148734 0)
(0.709386 -0.131917 0)
(0.757544 -0.113841 0)
(0.79841 -0.0946792 0)
(0.831594 -0.0746162 0)
(0.856781 -0.0538441 0)
(0.87373 -0.0325617 0)
(0.882286 -0.0109718 0)
(0.856269 0.0148644 0)
(0.848115 0.0447909 0)
(0.831791 0.0742876 0)
(0.807456 0.103074 0)
(0.775348 0.130873 0)
(0.735774 0.157421 0)
(0.689108 0.182461 0)
(0.635795 0.205751 0)
(0.576345 0.227066 0)
(0.511327 0.246197 0)
(0.441363 0.262958 0)
(0.367125 0.277183 0)
(0.289325 0.288731 0)
(0.208711 0.297484 0)
(0.126057 0.303355 0)
(0.0421776 0.306287 0)
(-0.0421776 0.306287 0)
(-0.126057 0.303355 0)
(-0.208711 0.297484 0)
(-0.289325 0.288731 0)
(-0.367125 0.277183 0)
(-0.441363 0.262958 0)
(-0.511327 0.246197 0)
(-0.576345 0.227066 0)
(-0.635795 0.205751 0)
(-0.689108 0.182461 0)
(-0.735774 0.157421 0)
(-0.775348 0.130873 0)
(-0.807456 0.103074 0)
(-0.831791 0.0742876 0)
(-0.848115 0.0447909 0)
(-0.856269 0.0148644 0)
(-0.856187 -0.0152066 0)
(-0.847884 -0.0451358 0)
(-0.831437 -0.0746387 0)
(-0.807 -0.103434 0)
(-0.774803 -0.131247 0)
(-0.735152 -0.15781 0)
(-0.688427 -0.182869 0)
(-0.635072 -0.206182 0)
(-0.5756 -0.227522 0)
(-0.51058 -0.246683 0)
(-0.440639 -0.263476 0)
(-0.366451 -0.277737 0)
(-0.288731 -0.289325 0)
(-0.20823 -0.298122 0)
(-0.125733 -0.304042 0)
(-0.0420525 -0.30702 0)
(0.0420525 -0.30702 0)
(0.125733 -0.304042 0)
(0.20823 -0.298122 0)
(0.288731 -0.289325 0)
(0.366451 -0.277737 0)
(0.440639 -0.263476 0)
(0.51058 -0.246683 0)
(0.5756 -0.227522 0)
(0.635072 -0.206182 0)
(0.688427 -0.182869 0)
(0.735152 -0.15781 0)
(0.774803 -0.131247 0)
(0.807 -0.103434 0)
(0.831437 -0.0746387 0)
(0.847884 -0.0451358 0)
(0.856187 -0.0152066 0)
(0.821892 0.0188644 0)
(0.814072 0.056838 0)
(0.79841 0.0942675 0)
(0.77506 0.130796 0)
(0.744249 0.166075 0)
(0.70627 0.199766 0)
(0.661483 0.231545 0)
(0.610315 0.261106 0)
(0.553253 0.28816 0)
(0.490845 0.312446 0)
(0.423686 0.333724 0)
(0.352422 0.351786 0)
(0.277737 0.366451 0)
(0.200352 0.377572 0)
(0.121006 0.385035 0)
(0.040486 0.388768 0)
(-0.040486 0.388768 0)
(-0.121006 0.385035 0)
(-0.200352 0.377572 0)
(-0.277737 0.366451 0)
(-0.352422 0.351786 0)
(-0.423686 0.333724 0)
(-0.490845 0.312446 0)
(-0.553253 0.28816 0)
(-0.610315 0.261106 0)
(-0.661483 0.231545 0)
(-0.70627 0.199766 0)
(-0.744249 0.166075 0)
(-0.77506 0.130796 0)
(-0.79841 0.0942674 0)
(-0.814072 0.056838 0)
(-0.821892 0.0188644 0)
(-0.82181 -0.0192921 0)
(-0.813839 -0.0572683 0)
(-0.798055 -0.0947036 0)
(-0.774603 -0.131242 0)
(-0.743705 -0.166533 0)
(-0.705654 -0.20024 0)
(-0.660812 -0.232038 0)
(-0.609607 -0.261621 0)
(-0.552529 -0.288701 0)
(-0.490125 -0.313016 0)
(-0.422995 -0.334326 0)
(-0.351786 -0.352422 0)
(-0.277183 -0.367125 0)
(-0.199908 -0.378287 0)
(-0.120712 -0.385796 0)
(-0.0403735 -0.389573 0)
(0.0403735 -0.389573 0)
(0.120712 -0.385796 0)
(0.199908 -0.378287 0)
(0.277183 -0.367125 0)
(0.351786 -0.352422 0)
(0.422995 -0.334326 0)
(0.490125 -0.313016 0)
(0.552529 -0.288701 0)
(0.609607 -0.261621 0)
(0.660812 -0.232038 0)
(0.705654 -0.20024 0)
(0.743705 -0.166533 0)
(0.774603 -0.131242 0)
(0.798055 -0.0947036 0)
(0.813839 -0.0572683 0)
(0.82181 -0.0192921 0)
(0.779586 0.0226839 0)
(0.772176 0.0683346 0)
(0.75733 0.113332 0)
(0.735191 0.157249 0)
(0.705974 0.199665 0)
(0.669959 0.240174 0)
(0.627484 0.278386 0)
(0.578954 0.313933 0)
(0.524831 0.346468 0)
(0.465634 0.375676 0)
(0.401928 0.401269 0)
(0.334326 0.422995 0)
(0.263476 0.440639 0)
(0.190064 0.454023 0)
(0.114791 0.463009 0)
(0.0384053 0.467509 0)
(-0.0384053 0.467509 0)
(-0.114791 0.463009 0)
(-0.190064 0.454023 0)
(-0.263476 0.440639 0)
(-0.334326 0.422995 0)
(-0.401928 0.401269 0)
(-0.465634 0.375676 0)
(-0.524831 0.346468 0)
(-0.578954 0.313932 0)
(-0.627484 0.278386 0)
(-0.669959 0.240174 0)
(-0.705974 0.199665 0)
(-0.735191 0.157249 0)
(-0.75733 0.113332 0)
(-0.772176 0.0683346 0)
(-0.779586 0.0226839 0)
(-0.779503 -0.023186 0)
(-0.771941 -0.0688388 0)
(-0.756972 -0.113842 0)
(-0.734732 -0.157766 0)
(-0.705432 -0.200194 0)
(-0.669347 -0.240717 0)
(-0.626822 -0.278946 0)
(-0.578261 -0.314513 0)
(-0.524128 -0.347072 0)
(-0.464941 -0.376306 0)
(-0.401269 -0.401928 0)
(-0.333724 -0.423686 0)
(-0.262958 -0.441363 0)
(-0.189654 -0.454783 0)
(-0.114523 -0.46381 0)
(-0.0383035 -0.468351 0)
(0.0383035 -0.468351 0)
(0.114523 -0.46381 0)
(0.189654 -0.454783 0)
(0.262958 -0.441363 0)
(0.333724 -0.423686 0)
(0.401269 -0.401928 0)
(0.464941 -0.376306 0)
(0.524128 -0.347072 0)
(0.578261 -0.314513 0)
(0.626822 -0.278946 0)
(0.669347 -0.240717 0)
(0.705432 -0.200194 0)
(0.734732 -0.157766 0)
(0.756972 -0.113842 0)
(0.771941 -0.0688388 0)
(0.779503 -0.023186 0)
(0.729773 0.0262857 0)
(0.722846 0.0791693 0)
(0.708959 0.131298 0)
(0.688246 0.182177 0)
(0.660907 0.231319 0)
(0.627203 0.278255 0)
(0.58745 0.322532 0)
(0.542025 0.363723 0)
(0.491363 0.401427 0)
(0.435946 0.435277 0)
(0.376306 0.464941 0)
(0.313016 0.490125 0)
(0.246683 0.51058 0)
(0.177949 0.5261 0)
(0.107473 0.536524 0)
(0.035956 0.541749 0)
(-0.035956 0.541749 0)
(-0.107473 0.536524 0)
(-0.177949 0.5261 0)
(-0.246683 0.51058 0)
(-0.313016 0.490125 0)
(-0.376306 0.464941 0)
(-0.435946 0.435277 0)
(-0.491363 0.401427 0)
(-0.542025 0.363723 0)
(-0.58745 0.322532 0)
(-0.627203 0.278255 0)
(-0.660907 0.231319 0)
(-0.688246 0.182177 0)
(-0.708959 0.131298 0)
(-0.722846 0.0791693 0)
(-0.729773 0.0262857 0)
(-0.729688 -0.0268506 0)
(-0.722608 -0.0797353 0)
(-0.708597 -0.131868 0)
(-0.687785 -0.182752 0)
(-0.660364 -0.231904 0)
(-0.626595 -0.278851 0)
(-0.586796 -0.323142 0)
(-0.541346 -0.36435 0)
(-0.490678 -0.402074 0)
(-0.435277 -0.435946 0)
(-0.375676 -0.465634 0)
(-0.312446 -0.490845 0)
(-0.246197 -0.511327 0)
(-0.17757 -0.526876 0)
(-0.107229 -0.537335 0)
(-0.0358634 -0.542595 0)
(0.0358634 -0.542595 0)
(0.107229 -0.537335 0)
(0.17757 -0.526876 0)
(0.246197 -0.511327 0)
(0.312446 -0.490845 0)
(0.375676 -0.465634 0)
(0.435277 -0.435946 0)
(0.490678 -0.402074 0)
(0.541346 -0.36435 0)
(0.586796 -0.323142 0)
(0.626595 -0.278851 0)
(0.660364 -0.231904 0)
(0.687785 -0.182752 0)
(0.708597 -0.131868 0)
(0.722608 -0.0797353 0)
(0.729688 -0.0268505 0)
(0.672945 0.0296363 0)
(0.666571 0.0892381 0)
(0.653778 0.147992 0)
(0.634691 0.205339 0)
(0.609494 0.260733 0)
(0.578425 0.313644 0)
(0.541776 0.36356 0)
(0.499894 0.409999 0)
(0.453178 0.45251 0)
(0.402074 0.490678 0)
(0.347072 0.524128 0)
(0.288701 0.552529 0)
(0.227522 0.5756 0)
(0.164127 0.593106 0)
(0.0991245 0.604869 0)
(0.0331622 0.610769 0)
(-0.0331622 0.610769 0)
(-0.0991245 0.604869 0)
(-0.164127 0.593106 0)
(-0.227522 0.5756 0)
(-0.288701 0.552529 0)
(-0.347072 0.524128 0)
(-0.402074 0.490678 0)
(-0.453178 0.45251 0)
(-0.499894 0.409999 0)
(-0.541776 0.36356 0)
(-0.578426 0.313643 0)
(-0.609494 0.260733 0)
(-0.634691 0.205339 0)
(-0.653778 0.147992 0)
(-0.666571 0.0892381 0)
(-0.672945 0.0296363 0)
(-0.672859 -0.0302492 0)
(-0.666328 -0.0898511 0)
(-0.653411 -0.148606 0)
(-0.634225 -0.205957 0)
(-0.608949 -0.261356 0)
(-0.577819 -0.314274 0)
(-0.541129 -0.3642 0)
(-0.499226 -0.410652 0)
(-0.45251 -0.453178 0)
(-0.401427 -0.491363 0)
(-0.346468 -0.524831 0)
(-0.28816 -0.553253 0)
(-0.227066 -0.576345 0)
(-0.163775 -0.593875 0)
(-0.0988999 -0.605665 0)
(-0.0330774 -0.611595 0)
(0.0330774 -0.611595 0)
(0.0988999 -0.605665 0)
(0.163775 -0.593875 0)
(0.227066 -0.576345 0)
(0.28816 -0.553253 0)
(0.346468 -0.524831 0)
(0.401427 -0.491363 0)
(0.45251 -0.453178 0)
(0.499226 -0.410652 0)
(0.541129 -0.3642 0)
(0.577819 -0.314274 0)
(0.608949 -0.261356 0)
(0.634225 -0.205957 0)
(0.653411 -0.148606 0)
(0.666328 -0.0898511 0)
(0.672859 -0.0302492 0)
(0.609664 0.0327037 0)
(0.603904 0.0984444 0)
(0.59233 0.163253 0)
(0.575054 0.226514 0)
(0.552242 0.287625 0)
(0.524107 0.345999 0)
(0.490914 0.401075 0)
(0.452974 0.452316 0)
(0.410652 0.499226 0)
(0.36435 0.541346 0)
(0.314513 0.578261 0)
(0.261621 0.609607 0)
(0.206182 0.635072 0)
(0.148734 0.654398 0)
(0.089827 0.667387 0)
(0.0300511 0.673905 0)
(-0.0300511 0.673905 0)
(-0.089827 0.667387 0)
(-0.148734 0.654398 0)
(-0.206182 0.635072 0)
(-0.261621 0.609607 0)
(-0.314513 0.578261 0)
(-0.36435 0.541346 0)
(-0.410652 0.499226 0)
(-0.452974 0.452316 0)
(-0.490914 0.401075 0)
(-0.524107 0.345999 0)
(-0.552242 0.287625 0)
(-0.575054 0.226514 0)
(-0.59233 0.163253 0)
(-0.603904 0.0984444 0)
(-0.609664 0.0327037 0)
(-0.609575 -0.0333481 0)
(-0.603655 -0.0990876 0)
(-0.591955 -0.163895 0)
(-0.574582 -0.227156 0)
(-0.551693 -0.288268 0)
(-0.523501 -0.346645 0)
(-0.490271 -0.401725 0)
(-0.452316 -0.452974 0)
(-0.409999 -0.499894 0)
(-0.363723 -0.542025 0)
(-0.313932 -0.578954 0)
(-0.261105 -0.610315 0)
(-0.205751 -0.635795 0)
(-0.148404 -0.655138 0)
(-0.0896193 -0.668148 0)
(-0.029973 -0.67469 0)
(0.029973 -0.67469 0)
(0.0896193 -0.668148 0)
(0.148404 -0.655138 0)
(0.205751 -0.635795 0)
(0.261106 -0.610315 0)
(0.313933 -0.578954 0)
(0.363723 -0.542025 0)
(0.409999 -0.499894 0)
(0.452316 -0.452974 0)
(0.490271 -0.401725 0)
(0.523501 -0.346645 0)
(0.551693 -0.288268 0)
(0.574582 -0.227156 0)
(0.591955 -0.163895 0)
(0.603655 -0.0990876 0)
(0.609575 -0.0333481 0)
(0.54055 0.0354594 0)
(0.535462 0.1067 0)
(0.52522 0.176934 0)
(0.509921 0.245498 0)
(0.489712 0.311736 0)
(0.464781 0.375014 0)
(0.435359 0.434718 0)
(0.401725 0.490271 0)
(0.3642 0.541129 0)
(0.323142 0.586796 0)
(0.278946 0.626822 0)
(0.232038 0.660812 0)
(0.182869 0.688427 0)
(0.131917 0.709386 0)
(0.0796704 0.723475 0)
(0.0266528 0.730549 0)
(-0.0266529 0.730549 0)
(-0.0796705 0.723475 0)
(-0.131917 0.709386 0)
(-0.182869 0.688427 0)
(-0.232038 0.660812 0)
(-0.278946 0.626822 0)
(-0.323142 0.586796 0)
(-0.3642 0.541129 0)
(-0.401725 0.490271 0)
(-0.435359 0.434718 0)
(-0.464781 0.375014 0)
(-0.489712 0.311736 0)
(-0.509921 0.245498 0)
(-0.52522 0.176934 0)
(-0.535462 0.1067 0)
(-0.54055 0.0354594 0)
(-0.540458 -0.0361166 0)
(-0.535205 -0.107355 0)
(-0.524835 -0.177585 0)
(-0.50944 -0.246145 0)
(-0.489157 -0.31238 0)
(-0.464172 -0.375655 0)
(-0.434718 -0.435359 0)
(-0.401075 -0.490914 0)
(-0.36356 -0.541776 0)
(-0.322532 -0.58745 0)
(-0.278386 -0.627484 0)
(-0.231545 -0.661483 0)
(-0.182461 -0.689108 0)
(-0.131607 -0.710079 0)
(-0.0794773 -0.724183 0)
(-0.0265805 -0.731275 0)
(0.0265806 -0.731275 0)
(0.0794773 -0.724183 0)
(0.131607 -0.710079 0)
(0.182461 -0.689108 0)
(0.231545 -0.661483 0)
(0.278386 -0.627484 0)
(0.322532 -0.58745 0)
(0.36356 -0.541776 0)
(0.401075 -0.490914 0)
(0.434718 -0.435359 0)
(0.464172 -0.375655 0)
(0.489157 -0.31238 0)
(0.50944 -0.246145 0)
(0.524835 -0.177585 0)
(0.535205 -0.107355 0)
(0.540458 -0.0361165 0)
(0.466282 0.0378776 0)
(0.461917 0.113927 0)
(0.453105 0.188907 0)
(0.43993 0.262111 0)
(0.422517 0.332839 0)
(0.401025 0.400411 0)
(0.375655 0.464172 0)
(0.346645 0.523501 0)
(0.314274 0.577819 0)
(0.278851 0.626595 0)
(0.240717 0.669347 0)
(0.20024 0.705654 0)
(0.15781 0.735152 0)
(0.113841 0.757544 0)
(0.0687532 0.772598 0)
(0.0230003 0.780158 0)
(-0.0230003 0.780158 0)
(-0.0687532 0.772598 0)
(-0.113841 0.757544 0)
(-0.15781 0.735152 0)
(-0.20024 0.705654 0)
(-0.240717 0.669347 0)
(-0.278851 0.626595 0)
(-0.314274 0.577819 0)
(-0.346645 0.523501 0)
(-0.375655 0.464172 0)
(-0.401025 0.400411 0)
(-0.422517 0.332839 0)
(-0.43993 0.262111 0)
(-0.453105 0.188907 0)
(-0.461917 0.113927 0)
(-0.466282 0.0378776 0)
(-0.466186 -0.0385266 0)
(-0.46165 -0.114571 0)
(-0.452708 -0.189545 0)
(-0.439437 -0.262741 0)
(-0.421952 -0.333461 0)
(-0.400411 -0.401025 0)
(-0.375014 -0.464781 0)
(-0.345999 -0.524107 0)
(-0.313643 -0.578426 0)
(-0.278255 -0.627203 0)
(-0.240174 -0.669959 0)
(-0.199766 -0.70627 0)
(-0.157421 -0.735774 0)
(-0.113548 -0.758172 0)
(-0.0685723 -0.773235 0)
(-0.022933 -0.78081 0)
(0.022933 -0.78081 0)
(0.0685723 -0.773235 0)
(0.113548 -0.758172 0)
(0.157421 -0.735774 0)
(0.199766 -0.70627 0)
(0.240174 -0.669959 0)
(0.278255 -0.627203 0)
(0.313644 -0.578426 0)
(0.345999 -0.524107 0)
(0.375014 -0.464781 0)
(0.400411 -0.401025 0)
(0.421952 -0.333461 0)
(0.439437 -0.262741 0)
(0.452708 -0.189545 0)
(0.46165 -0.114571 0)
(0.466186 -0.0385266 0)
(0.387591 0.0399368 0)
(0.383992 0.120057 0)
(0.376694 0.199058 0)
(0.365765 0.276196 0)
(0.351311 0.350734 0)
(0.333461 0.421952 0)
(0.31238 0.489157 0)
(0.288268 0.551693 0)
(0.261356 0.608949 0)
(0.231904 0.660364 0)
(0.200194 0.705432 0)
(0.166533 0.743705 0)
(0.131247 0.774803 0)
(0.0946792 0.79841 0)
(0.0571805 0.814283 0)
(0.0191287 0.822257 0)
(-0.0191287 0.822257 0)
(-0.0571805 0.814283 0)
(-0.0946792 0.79841 0)
(-0.131247 0.774803 0)
(-0.166533 0.743705 0)
(-0.200194 0.705432 0)
(-0.231904 0.660364 0)
(-0.261356 0.608949 0)
(-0.288268 0.551693 0)
(-0.31238 0.489157 0)
(-0.333461 0.421952 0)
(-0.351311 0.350734 0)
(-0.365765 0.276196 0)
(-0.376694 0.199058 0)
(-0.383992 0.120057 0)
(-0.387591 0.0399368 0)
(-0.387489 -0.0405537 0)
(-0.383711 -0.120667 0)
(-0.37628 -0.199659 0)
(-0.365258 -0.276786 0)
(-0.350734 -0.351311 0)
(-0.332839 -0.422517 0)
(-0.311736 -0.489712 0)
(-0.287625 -0.552242 0)
(-0.260733 -0.609494 0)
(-0.231319 -0.660907 0)
(-0.199665 -0.705974 0)
(-0.166075 -0.744249 0)
(-0.130873 -0.775348 0)
(-0.0944003 -0.798958 0)
(-0.0570097 -0.814837 0)
(-0.0190656 -0.82282 0)
(0.0190656 -0.82282 0)
(0.0570097 -0.814837 0)
(0.0944003 -0.798958 0)
(0.130873 -0.775348 0)
(0.166075 -0.744249 0)
(0.199665 -0.705974 0)
(0.231319 -0.660907 0)
(0.260733 -0.609494 0)
(0.287625 -0.552242 0)
(0.311736 -0.489712 0)
(0.332839 -0.422517 0)
(0.350734 -0.351311 0)
(0.365258 -0.276786 0)
(0.37628 -0.199659 0)
(0.383711 -0.120667 0)
(0.387489 -0.0405537 0)
(0.305247 0.0416195 0)
(0.302449 0.125035 0)
(0.296731 0.207295 0)
(0.288149 0.287626 0)
(0.276786 0.365258 0)
(0.262741 0.439437 0)
(0.246145 0.50944 0)
(0.227156 0.574582 0)
(0.205957 0.634225 0)
(0.182752 0.687785 0)
(0.157766 0.734732 0)
(0.131241 0.774603 0)
(0.103434 0.807 0)
(0.0746162 0.831594 0)
(0.0450634 0.848132 0)
(0.0150751 0.856442 0)
(-0.0150751 0.856442 0)
(-0.0450634 0.848132 0)
(-0.0746162 0.831594 0)
(-0.103434 0.807 0)
(-0.131242 0.774603 0)
(-0.157766 0.734732 0)
(-0.182752 0.687785 0)
(-0.205957 0.634225 0)
(-0.227156 0.574582 0)
(-0.246145 0.50944 0)
(-0.262741 0.439437 0)
(-0.276786 0.365258 0)
(-0.288149 0.287626 0)
(-0.296731 0.207295 0)
(-0.302449 0.125035 0)
(-0.305247 0.0416195 0)
(-0.305138 -0.0421765 0)
(-0.302151 -0.125584 0)
(-0.2963 -0.207833 0)
(-0.287626 -0.288149 0)
(-0.276196 -0.365765 0)
(-0.262111 -0.43993 0)
(-0.245498 -0.509921 0)
(-0.226514 -0.575054 0)
(-0.205339 -0.634691 0)
(-0.182177 -0.688246 0)
(-0.157249 -0.735191 0)
(-0.130796 -0.77506 0)
(-0.103073 -0.807456 0)
(-0.0743485 -0.832051 0)
(-0.0449007 -0.848592 0)
(-0.0150157 -0.856907 0)
(0.0150157 -0.856907 0)
(0.0449007 -0.848592 0)
(0.0743485 -0.832051 0)
(0.103074 -0.807456 0)
(0.130796 -0.77506 0)
(0.157249 -0.735191 0)
(0.182177 -0.688246 0)
(0.205339 -0.634691 0)
(0.226514 -0.575054 0)
(0.245498 -0.509921 0)
(0.262111 -0.43993 0)
(0.276196 -0.365765 0)
(0.287626 -0.288149 0)
(0.2963 -0.207833 0)
(0.302151 -0.125584 0)
(0.305138 -0.0421764 0)
(0.220057 0.0429135 0)
(0.218084 0.128819 0)
(0.213994 0.213546 0)
(0.207833 0.2963 0)
(0.199659 0.37628 0)
(0.189545 0.452708 0)
(0.177585 0.524835 0)
(0.163895 0.591955 0)
(0.148606 0.653411 0)
(0.131868 0.708597 0)
(0.113842 0.756972 0)
(0.0947036 0.798055 0)
(0.0746387 0.831437 0)
(0.0538441 0.856781 0)
(0.0325182 0.873823 0)
(0.0108785 0.882389 0)
(-0.0108785 0.882389 0)
(-0.0325182 0.873823 0)
(-0.0538441 0.856781 0)
(-0.0746387 0.831437 0)
(-0.0947036 0.798055 0)
(-0.113842 0.756972 0)
(-0.131868 0.708597 0)
(-0.148606 0.653411 0)
(-0.163895 0.591955 0)
(-0.177585 0.524835 0)
(-0.189545 0.452708 0)
(-0.199659 0.37628 0)
(-0.207833 0.2963 0)
(-0.213994 0.213546 0)
(-0.218084 0.128819 0)
(-0.220057 0.0429135 0)
(-0.219938 -0.043379 0)
(-0.217767 -0.129277 0)
(-0.213546 -0.213994 0)
(-0.207295 -0.296731 0)
(-0.199058 -0.376694 0)
(-0.188907 -0.453105 0)
(-0.176934 -0.52522 0)
(-0.163253 -0.59233 0)
(-0.147992 -0.653778 0)
(-0.131298 -0.708959 0)
(-0.113332 -0.75733 0)
(-0.0942674 -0.79841 0)
(-0.0742876 -0.831791 0)
(-0.0535848 -0.857133 0)
(-0.0323616 -0.874176 0)
(-0.0108219 -0.882744 0)
(0.0108219 -0.882744 0)
(0.0323616 -0.874176 0)
(0.0535848 -0.857133 0)
(0.0742876 -0.831791 0)
(0.0942675 -0.79841 0)
(0.113332 -0.75733 0)
(0.131298 -0.708959 0)
(0.147992 -0.653778 0)
(0.163253 -0.59233 0)
(0.176934 -0.52522 0)
(0.188907 -0.453105 0)
(0.199058 -0.376694 0)
(0.207295 -0.296731 0)
(0.213546 -0.213994 0)
(0.217767 -0.129277 0)
(0.219938 -0.043379 0)
(0.132849 0.0438083 0)
(0.131711 0.131381 0)
(0.129277 0.217767 0)
(0.125584 0.302151 0)
(0.120667 0.383711 0)
(0.114571 0.46165 0)
(0.107355 0.535205 0)
(0.0990876 0.603655 0)
(0.0898511 0.666328 0)
(0.0797353 0.722608 0)
(0.0688388 0.771941 0)
(0.0572683 0.813839 0)
(0.0451358 0.847884 0)
(0.0325617 0.87373 0)
(0.0196647 0.891112 0)
(0.00657903 0.899849 0)
(-0.00657904 0.899849 0)
(-0.0196647 0.891112 0)
(-0.0325617 0.87373 0)
(-0.0451358 0.847884 0)
(-0.0572683 0.813839 0)
(-0.0688388 0.771941 0)
(-0.0797353 0.722608 0)
(-0.0898511 0.666328 0)
(-0.0990876 0.603655 0)
(-0.107355 0.535205 0)
(-0.114571 0.46165 0)
(-0.120667 0.383711 0)
(-0.125584 0.302151 0)
(-0.129277 0.217767 0)
(-0.131711 0.131381 0)
(-0.132849 0.0438083 0)
(-0.132722 -0.0441502 0)
(-0.131381 -0.131711 0)
(-0.128819 -0.218084 0)
(-0.125035 -0.302449 0)
(-0.120057 -0.383992 0)
(-0.113927 -0.461917 0)
(-0.1067 -0.535462 0)
(-0.0984444 -0.603904 0)
(-0.0892381 -0.666571 0)
(-0.0791693 -0.722846 0)
(-0.0683346 -0.772176 0)
(-0.056838 -0.814072 0)
(-0.0447909 -0.848115 0)
(-0.0323077 -0.87396 0)
(-0.019512 -0.891341 0)
(-0.00652432 -0.900079 0)
(0.00652433 -0.900079 0)
(0.019512 -0.891341 0)
(0.0323077 -0.87396 0)
(0.0447909 -0.848115 0)
(0.056838 -0.814072 0)
(0.0683346 -0.772176 0)
(0.0791693 -0.722846 0)
(0.0892381 -0.666571 0)
(0.0984444 -0.603904 0)
(0.1067 -0.535462 0)
(0.113927 -0.461917 0)
(0.120057 -0.383992 0)
(0.125035 -0.302449 0)
(0.128819 -0.218084 0)
(0.131381 -0.131711 0)
(0.132722 -0.0441501 0)
(0.0444582 0.0443227 0)
(0.0441502 0.132722 0)
(0.043379 0.219938 0)
(0.0421765 0.305138 0)
(0.0405537 0.387489 0)
(0.0385266 0.466186 0)
(0.0361165 0.540458 0)
(0.0333481 0.609575 0)
(0.0302492 0.672859 0)
(0.0268505 0.729688 0)
(0.023186 0.779503 0)
(0.0192921 0.82181 0)
(0.0152066 0.856187 0)
(0.0109718 0.882286 0)
(0.00662577 0.899838 0)
(0.0022177 0.908661 0)
(-0.0022177 0.908661 0)
(-0.00662577 0.899838 0)
(-0.0109718 0.882286 0)
(-0.0152066 0.856187 0)
(-0.0192921 0.82181 0)
(-0.023186 0.779503 0)
(-0.0268505 0.729688 0)
(-0.0302492 0.672859 0)
(-0.0333481 0.609575 0)
(-0.0361165 0.540458 0)
(-0.0385266 0.466186 0)
(-0.0405537 0.387489 0)
(-0.0421765 0.305138 0)
(-0.043379 0.219938 0)
(-0.0441501 0.132722 0)
(-0.0444581 0.0443227 0)
(-0.0443227 -0.0444582 0)
(-0.0438083 -0.132849 0)
(-0.0429135 -0.220057 0)
(-0.0416195 -0.305247 0)
(-0.0399368 -0.387591 0)
(-0.0378776 -0.466282 0)
(-0.0354594 -0.54055 0)
(-0.0327037 -0.609664 0)
(-0.0296363 -0.672945 0)
(-0.0262857 -0.729773 0)
(-0.0226839 -0.779586 0)
(-0.0188644 -0.821892 0)
(-0.0148644 -0.856269 0)
(-0.0107202 -0.882368 0)
(-0.00647474 -0.899919 0)
(-0.00216396 -0.908742 0)
(0.00216396 -0.908742 0)
(0.00647475 -0.899919 0)
(0.0107202 -0.882368 0)
(0.0148644 -0.856269 0)
(0.0188644 -0.821892 0)
(0.0226839 -0.779586 0)
(0.0262857 -0.729773 0)
(0.0296363 -0.672945 0)
(0.0327037 -0.609664 0)
(0.0354594 -0.54055 0)
(0.0378776 -0.466282 0)
(0.0399368 -0.387591 0)
(0.0416195 -0.305247 0)
(0.0429135 -0.220057 0)
(0.0438083 -0.132849 0)
(0.0443227 -0.0444581 0)
(-0.0443227 0.0444582 0)
(-0.0438083 0.132849 0)
(-0.0429135 0.220057 0)
(-0.0416195 0.305248 0)
(-0.0399368 0.387591 0)
(-0.0378776 0.466282 0)
(-0.0354594 0.54055 0)
(-0.0327037 0.609664 0)
(-0.0296363 0.672945 0)
(-0.0262857 0.729773 0)
(-0.0226839 0.779586 0)
(-0.0188644 0.821892 0)
(-0.0148644 0.856269 0)
(-0.0107202 0.882368 0)
(-0.00647475 0.899919 0)
(-0.00216396 0.908742 0)
(0.00216396 0.908742 0)
(0.00647475 0.899919 0)
(0.0107202 0.882368 0)
(0.0148644 0.856269 0)
(0.0188644 0.821892 0)
(0.0226839 0.779586 0)
(0.0262857 0.729773 0)
(0.0296363 0.672945 0)
(0.0327037 0.609664 0)
(0.0354594 0.54055 0)
(0.0378776 0.466282 0)
(0.0399368 0.387591 0)
(0.0416195 0.305247 0)
(0.0429135 0.220057 0)
(0.0438083 0.132849 0)
(0.0443227 0.0444581 0)
(0.0444582 -0.0443227 0)
(0.0441502 -0.132722 0)
(0.043379 -0.219938 0)
(0.0421765 -0.305138 0)
(0.0405537 -0.387489 0)
(0.0385266 -0.466186 0)
(0.0361166 -0.540458 0)
(0.0333482 -0.609575 0)
(0.0302492 -0.672859 0)
(0.0268506 -0.729688 0)
(0.023186 -0.779503 0)
(0.0192921 -0.82181 0)
(0.0152066 -0.856187 0)
(0.0109718 -0.882286 0)
(0.00662578 -0.899838 0)
(0.0022177 -0.908661 0)
(-0.0022177 -0.908661 0)
(-0.00662577 -0.899838 0)
(-0.0109718 -0.882286 0)
(-0.0152066 -0.856187 0)
(-0.0192921 -0.82181 0)
(-0.023186 -0.779503 0)
(-0.0268506 -0.729688 0)
(-0.0302492 -0.672859 0)
(-0.0333481 -0.609575 0)
(-0.0361166 -0.540458 0)
(-0.0385266 -0.466186 0)
(-0.0405537 -0.387489 0)
(-0.0421765 -0.305138 0)
(-0.043379 -0.219938 0)
(-0.0441502 -0.132722 0)
(-0.0444582 -0.0443227 0)
(-0.132722 0.0441502 0)
(-0.131381 0.131711 0)
(-0.128819 0.218084 0)
(-0.125035 0.302449 0)
(-0.120057 0.383992 0)
(-0.113927 0.461917 0)
(-0.1067 0.535462 0)
(-0.0984444 0.603904 0)
(-0.0892381 0.666571 0)
(-0.0791693 0.722846 0)
(-0.0683346 0.772176 0)
(-0.056838 0.814072 0)
(-0.0447909 0.848115 0)
(-0.0323077 0.87396 0)
(-0.019512 0.891341 0)
(-0.00652433 0.900079 0)
(0.00652433 0.900079 0)
(0.019512 0.891341 0)
(0.0323077 0.87396 0)
(0.0447909 0.848115 0)
(0.056838 0.814072 0)
(0.0683346 0.772176 0)
(0.0791693 0.722846 0)
(0.0892381 0.666571 0)
(0.0984444 0.603904 0)
(0.1067 0.535462 0)
(0.113927 0.461917 0)
(0.120057 0.383992 0)
(0.125035 0.302449 0)
(0.128819 0.218084 0)
(0.131381 0.131711 0)
(0.132722 0.0441501 0)
(0.132849 -0.0438083 0)
(0.131711 -0.131381 0)
(0.129277 -0.217767 0)
(0.125584 -0.302151 0)
(0.120667 -0.383711 0)
(0.114571 -0.46165 0)
(0.107355 -0.535205 0)
(0.0990876 -0.603655 0)
(0.0898511 -0.666328 0)
(0.0797353 -0.722608 0)
(0.0688388 -0.771941 0)
(0.0572683 -0.813839 0)
(0.0451358 -0.847884 0)
(0.0325617 -0.87373 0)
(0.0196647 -0.891112 0)
(0.00657904 -0.899849 0)
(-0.00657904 -0.899849 0)
(-0.0196647 -0.891112 0)
(-0.0325617 -0.87373 0)
(-0.0451358 -0.847884 0)
(-0.0572683 -0.813839 0)
(-0.0688388 -0.771941 0)
(-0.0797353 -0.722608 0)
(-0.0898511 -0.666328 0)
(-0.0990876 -0.603655 0)
(-0.107355 -0.535205 0)
(-0.114571 -0.46165 0)
(-0.120667 -0.383711 0)
(-0.125584 -0.302151 0)
(-0.129277 -0.217767 0)
(-0.131711 -0.131381 0)
(-0.132849 -0.0438083 0)
(-0.219938 0.043379 0)
(-0.217767 0.129277 0)
(-0.213546 0.213994 0)
(-0.207295 0.296731 0)
(-0.199058 0.376694 0)
(-0.188907 0.453105 0)
(-0.176934 0.52522 0)
(-0.163253 0.59233 0)
(-0.147992 0.653778 0)
(-0.131298 0.708959 0)
(-0.113332 0.75733 0)
(-0.0942675 0.79841 0)
(-0.0742876 0.831791 0)
(-0.0535848 0.857133 0)
(-0.0323616 0.874176 0)
(-0.0108219 0.882744 0)
(0.0108219 0.882744 0)
(0.0323616 0.874176 0)
(0.0535848 0.857133 0)
(0.0742876 0.831791 0)
(0.0942675 0.79841 0)
(0.113332 0.75733 0)
(0.131298 0.708959 0)
(0.147992 0.653778 0)
(0.163253 0.59233 0)
(0.176934 0.52522 0)
(0.188907 0.453105 0)
(0.199058 0.376694 0)
(0.207295 0.296731 0)
(0.213546 0.213994 0)
(0.217767 0.129277 0)
(0.219938 0.043379 0)
(0.220057 -0.0429135 0)
(0.218084 -0.128819 0)
(0.213994 -0.213546 0)
(0.207833 -0.2963 0)
(0.199659 -0.37628 0)
(0.189545 -0.452708 0)
(0.177585 -0.524835 0)
(0.163895 -0.591955 0)
(0.148606 -0.653411 0)
(0.131868 -0.708597 0)
(0.113842 -0.756972 0)
(0.0947036 -0.798055 0)
(0.0746387 -0.831437 0)
(0.0538441 -0.856781 0)
(0.0325182 -0.873823 0)
(0.0108785 -0.882389 0)
(-0.0108785 -0.882389 0)
(-0.0325182 -0.873823 0)
(-0.0538441 -0.856781 0)
(-0.0746387 -0.831437 0)
(-0.0947036 -0.798055 0)
(-0.113842 -0.756972 0)
(-0.131868 -0.708597 0)
(-0.148606 -0.653411 0)
(-0.163895 -0.591955 0)
(-0.177585 -0.524835 0)
(-0.189545 -0.452708 0)
(-0.199659 -0.37628 0)
(-0.207833 -0.2963 0)
(-0.213994 -0.213546 0)
(-0.218084 -0.128819 0)
(-0.220057 -0.0429135 0)
(-0.305138 0.0421765 0)
(-0.302151 0.125584 0)
(-0.2963 0.207833 0)
(-0.287626 0.288149 0)
(-0.276196 0.365765 0)
(-0.262111 0.43993 0)
(-0.245498 0.509921 0)
(-0.226514 0.575054 0)
(-0.205339 0.634691 0)
(-0.182177 0.688246 0)
(-0.157249 0.735191 0)
(-0.130796 0.77506 0)
(-0.103074 0.807456 0)
(-0.0743485 0.832051 0)
(-0.0449007 0.848592 0)
(-0.0150157 0.856907 0)
(0.0150157 0.856907 0)
(0.0449007 0.848592 0)
(0.0743485 0.832051 0)
(0.103074 0.807456 0)
(0.130796 0.77506 0)
(0.157249 0.735191 0)
(0.182177 0.688246 0)
(0.205339 0.634691 0)
(0.226514 0.575054 0)
(0.245498 0.509921 0)
(0.262111 0.43993 0)
(0.276196 0.365765 0)
(0.287626 0.288149 0)
(0.2963 0.207833 0)
(0.302151 0.125584 0)
(0.305138 0.0421764 0)
(0.305247 -0.0416195 0)
(0.302449 -0.125035 0)
(0.296731 -0.207295 0)
(0.288149 -0.287626 0)
(0.276786 -0.365258 0)
(0.262741 -0.439437 0)
(0.246145 -0.50944 0)
(0.227156 -0.574582 0)
(0.205957 -0.634225 0)
(0.182752 -0.687785 0)
(0.157766 -0.734732 0)
(0.131242 -0.774603 0)
(0.103434 -0.807 0)
(0.0746162 -0.831594 0)
(0.0450634 -0.848132 0)
(0.0150751 -0.856442 0)
(-0.0150751 -0.856442 0)
(-0.0450634 -0.848132 0)
(-0.0746162 -0.831594 0)
(-0.103434 -0.807 0)
(-0.131242 -0.774603 0)
(-0.157766 -0.734732 0)
(-0.182752 -0.687785 0)
(-0.205957 -0.634225 0)
(-0.227156 -0.574582 0)
(-0.246145 -0.50944 0)
(-0.262741 -0.439437 0)
(-0.276786 -0.365258 0)
(-0.288149 -0.287626 0)
(-0.296731 -0.207295 0)
(-0.302449 -0.125035 0)
(-0.305247 -0.0416195 0)
(-0.387489 0.0405537 0)
(-0.383711 0.120667 0)
(-0.37628 0.199659 0)
(-0.365258 0.276786 0)
(-0.350734 0.351311 0)
(-0.332839 0.422517 0)
(-0.311736 0.489712 0)
(-0.287625 0.552242 0)
(-0.260733 0.609494 0)
(-0.231319 0.660907 0)
(-0.199665 0.705974 0)
(-0.166075 0.744249 0)
(-0.130873 0.775348 0)
(-0.0944003 0.798958 0)
(-0.0570097 0.814837 0)
(-0.0190656 0.82282 0)
(0.0190656 0.82282 0)
(0.0570097 0.814837 0)
(0.0944003 0.798958 0)
(0.130873 0.775348 0)
(0.166075 0.744249 0)
(0.199665 0.705974 0)
(0.231319 0.660907 0)
(0.260733 0.609494 0)
(0.287625 0.552242 0)
(0.311736 0.489712 0)
(0.332839 0.422517 0)
(0.350734 0.351311 0)
(0.365258 0.276786 0)
(0.37628 0.199659 0)
(0.383711 0.120667 0)
(0.387489 0.0405537 0)
(0.387591 -0.0399368 0)
(0.383992 -0.120057 0)
(0.376694 -0.199058 0)
(0.365765 -0.276196 0)
(0.351311 -0.350734 0)
(0.333461 -0.421952 0)
(0.31238 -0.489157 0)
(0.288268 -0.551693 0)
(0.261356 -0.608949 0)
(0.231904 -0.660364 0)
(0.200194 -0.705432 0)
(0.166533 -0.743705 0)
(0.131247 -0.774803 0)
(0.0946792 -0.79841 0)
(0.0571805 -0.814283 0)
(0.0191287 -0.822257 0)
(-0.0191287 -0.822257 0)
(-0.0571805 -0.814283 0)
(-0.0946792 -0.79841 0)
(-0.131247 -0.774803 0)
(-0.166533 -0.743705 0)
(-0.200194 -0.705432 0)
(-0.231904 -0.660364 0)
(-0.261356 -0.608949 0)
(-0.288268 -0.551693 0)
(-0.31238 -0.489157 0)
(-0.333461 -0.421952 0)
(-0.351311 -0.350734 0)
(-0.365765 -0.276196 0)
(-0.376694 -0.199058 0)
(-0.383992 -0.120057 0)
(-0.387591 -0.0399368 0)
(-0.466186 0.0385266 0)
(-0.46165 0.114571 0)
(-0.452708 0.189545 0)
(-0.439437 0.262741 0)
(-0.421952 0.333461 0)
(-0.400411 0.401025 0)
(-0.375014 0.464781 0)
(-0.345999 0.524107 0)
(-0.313644 0.578426 0)
(-0.278255 0.627203 0)
(-0.240174 0.669959 0)
(-0.199766 0.70627 0)
(-0.157421 0.735774 0)
(-0.113548 0.758172 0)
(-0.0685723 0.773235 0)
(-0.022933 0.78081 0)
(0.022933 0.78081 0)
(0.0685723 0.773235 0)
(0.113548 0.758172 0)
(0.157421 0.735774 0)
(0.199766 0.70627 0)
(0.240174 0.669959 0)
(0.278255 0.627203 0)
(0.313644 0.578425 0)
(0.345999 0.524107 0)
(0.375014 0.464781 0)
(0.400411 0.401025 0)
(0.421952 0.333461 0)
(0.439437 0.262741 0)
(0.452708 0.189545 0)
(0.46165 0.114571 0)
(0.466186 0.0385266 0)
(0.466282 -0.0378776 0)
(0.461917 -0.113927 0)
(0.453105 -0.188907 0)
(0.43993 -0.262111 0)
(0.422517 -0.332839 0)
(0.401025 -0.400411 0)
(0.375655 -0.464172 0)
(0.346645 -0.523501 0)
(0.314274 -0.577819 0)
(0.278851 -0.626595 0)
(0.240717 -0.669347 0)
(0.20024 -0.705654 0)
(0.15781 -0.735152 0)
(0.113841 -0.757544 0)
(0.0687532 -0.772598 0)
(0.0230003 -0.780158 0)
(-0.0230003 -0.780158 0)
(-0.0687532 -0.772598 0)
(-0.113841 -0.757544 0)
(-0.15781 -0.735152 0)
(-0.20024 -0.705654 0)
(-0.240717 -0.669347 0)
(-0.278851 -0.626595 0)
(-0.314274 -0.577819 0)
(-0.346645 -0.523501 0)
(-0.375655 -0.464172 0)
(-0.401025 -0.400411 0)
(-0.422517 -0.332839 0)
(-0.43993 -0.262111 0)
(-0.453105 -0.188907 0)
(-0.461917 -0.113927 0)
(-0.466282 -0.0378776 0)
(-0.540458 0.0361166 0)
(-0.535205 0.107355 0)
(-0.524835 0.177585 0)
(-0.50944 0.246145 0)
(-0.489157 0.31238 0)
(-0.464172 0.375655 0)
(-0.434718 0.435359 0)
(-0.401075 0.490914 0)
(-0.36356 0.541776 0)
(-0.322532 0.58745 0)
(-0.278386 0.627484 0)
(-0.231545 0.661483 0)
(-0.182461 0.689108 0)
(-0.131607 0.710079 0)
(-0.0794773 0.724183 0)
(-0.0265806 0.731275 0)
(0.0265806 0.731275 0)
(0.0794773 0.724183 0)
(0.131607 0.710079 0)
(0.182461 0.689108 0)
(0.231545 0.661483 0)
(0.278386 0.627484 0)
(0.322532 0.58745 0)
(0.36356 0.541776 0)
(0.401075 0.490914 0)
(0.434718 0.435359 0)
(0.464172 0.375655 0)
(0.489157 0.31238 0)
(0.50944 0.246145 0)
(0.524835 0.177585 0)
(0.535205 0.107355 0)
(0.540458 0.0361165 0)
(0.54055 -0.0354594 0)
(0.535462 -0.1067 0)
(0.52522 -0.176934 0)
(0.509921 -0.245498 0)
(0.489712 -0.311736 0)
(0.464781 -0.375014 0)
(0.435359 -0.434718 0)
(0.401725 -0.490271 0)
(0.3642 -0.541129 0)
(0.323142 -0.586796 0)
(0.278946 -0.626822 0)
(0.232038 -0.660812 0)
(0.182869 -0.688427 0)
(0.131917 -0.709386 0)
(0.0796704 -0.723475 0)
(0.0266528 -0.730549 0)
(-0.0266529 -0.730549 0)
(-0.0796705 -0.723475 0)
(-0.131917 -0.709386 0)
(-0.182869 -0.688427 0)
(-0.232038 -0.660812 0)
(-0.278946 -0.626822 0)
(-0.323142 -0.586796 0)
(-0.3642 -0.541129 0)
(-0.401725 -0.490271 0)
(-0.435359 -0.434718 0)
(-0.464781 -0.375014 0)
(-0.489712 -0.311736 0)
(-0.509921 -0.245498 0)
(-0.52522 -0.176934 0)
(-0.535462 -0.1067 0)
(-0.54055 -0.0354593 0)
(-0.609575 0.0333482 0)
(-0.603655 0.0990876 0)
(-0.591955 0.163895 0)
(-0.574582 0.227156 0)
(-0.551693 0.288268 0)
(-0.523501 0.346645 0)
(-0.490271 0.401725 0)
(-0.452316 0.452974 0)
(-0.409999 0.499894 0)
(-0.363723 0.542025 0)
(-0.313932 0.578954 0)
(-0.261105 0.610315 0)
(-0.205751 0.635795 0)
(-0.148404 0.655138 0)
(-0.0896193 0.668148 0)
(-0.029973 0.67469 0)
(0.029973 0.67469 0)
(0.0896193 0.668148 0)
(0.148404 0.655138 0)
(0.205751 0.635795 0)
(0.261106 0.610315 0)
(0.313933 0.578954 0)
(0.363723 0.542025 0)
(0.409999 0.499894 0)
(0.452316 0.452974 0)
(0.490271 0.401725 0)
(0.523501 0.346645 0)
(0.551693 0.288268 0)
(0.574582 0.227156 0)
(0.591955 0.163895 0)
(0.603655 0.0990876 0)
(0.609575 0.0333481 0)
(0.609664 -0.0327037 0)
(0.603904 -0.0984444 0)
(0.59233 -0.163253 0)
(0.575054 -0.226514 0)
(0.552242 -0.287625 0)
(0.524107 -0.345999 0)
(0.490914 -0.401075 0)
(0.452974 -0.452316 0)
(0.410652 -0.499226 0)
(0.36435 -0.541346 0)
(0.314513 -0.578261 0)
(0.261621 -0.609607 0)
(0.206182 -0.635072 0)
(0.148734 -0.654398 0)
(0.089827 -0.667387 0)
(0.0300511 -0.673905 0)
(-0.0300511 -0.673905 0)
(-0.089827 -0.667387 0)
(-0.148734 -0.654398 0)
(-0.206182 -0.635072 0)
(-0.261621 -0.609607 0)
(-0.314513 -0.578261 0)
(-0.36435 -0.541346 0)
(-0.410652 -0.499226 0)
(-0.452974 -0.452316 0)
(-0.490914 -0.401075 0)
(-0.524107 -0.345999 0)
(-0.552242 -0.287625 0)
(-0.575054 -0.226514 0)
(-0.59233 -0.163253 0)
(-0.603904 -0.0984444 0)
(-0.609664 -0.0327037 0)
(-0.672859 0.0302492 0)
(-0.666328 0.0898511 0)
(-0.653411 0.148606 0)
(-0.634225 0.205957 0)
(-0.608949 0.261356 0)
(-0.577819 0.314274 0)
(-0.541129 0.3642 0)
(-0.499226 0.410652 0)
(-0.45251 0.453178 0)
(-0.401427 0.491363 0)
(-0.346468 0.524831 0)
(-0.28816 0.553253 0)
(-0.227066 0.576345 0)
(-0.163775 0.593875 0)
(-0.0988999 0.605665 0)
(-0.0330774 0.611595 0)
(0.0330774 0.611595 0)
(0.0988999 0.605665 0)
(0.163775 0.593875 0)
(0.227066 0.576345 0)
(0.28816 0.553253 0)
(0.346468 0.524831 0)
(0.401427 0.491363 0)
(0.45251 0.453178 0)
(0.499226 0.410652 0)
(0.541129 0.3642 0)
(0.577819 0.314274 0)
(0.608949 0.261356 0)
(0.634225 0.205957 0)
(0.653411 0.148606 0)
(0.666328 0.0898511 0)
(0.672859 0.0302492 0)
(0.672945 -0.0296363 0)
(0.666571 -0.0892381 0)
(0.653778 -0.147992 0)
(0.634691 -0.205339 0)
(0.609494 -0.260733 0)
(0.578426 -0.313644 0)
(0.541776 -0.36356 0)
(0.499894 -0.409999 0)
(0.453178 -0.45251 0)
(0.402074 -0.490678 0)
(0.347072 -0.524128 0)
(0.288701 -0.552529 0)
(0.227522 -0.5756 0)
(0.164127 -0.593106 0)
(0.0991245 -0.604869 0)
(0.0331622 -0.610769 0)
(-0.0331622 -0.610769 0)
(-0.0991245 -0.604869 0)
(-0.164127 -0.593106 0)
(-0.227522 -0.5756 0)
(-0.288701 -0.552529 0)
(-0.347072 -0.524128 0)
(-0.402074 -0.490678 0)
(-0.453178 -0.45251 0)
(-0.499894 -0.409999 0)
(-0.541776 -0.36356 0)
(-0.578426 -0.313643 0)
(-0.609494 -0.260733 0)
(-0.634691 -0.205339 0)
(-0.653778 -0.147992 0)
(-0.666571 -0.0892381 0)
(-0.672945 -0.0296363 0)
(-0.729688 0.0268506 0)
(-0.722608 0.0797353 0)
(-0.708597 0.131868 0)
(-0.687785 0.182752 0)
(-0.660364 0.231904 0)
(-0.626595 0.278851 0)
(-0.586796 0.323142 0)
(-0.541346 0.36435 0)
(-0.490678 0.402074 0)
(-0.435277 0.435946 0)
(-0.375676 0.465634 0)
(-0.312446 0.490845 0)
(-0.246197 0.511327 0)
(-0.17757 0.526876 0)
(-0.107229 0.537335 0)
(-0.0358634 0.542595 0)
(0.0358634 0.542595 0)
(0.107229 0.537335 0)
(0.17757 0.526876 0)
(0.246197 0.511327 0)
(0.312446 0.490845 0)
(0.375676 0.465634 0)
(0.435277 0.435946 0)
(0.490678 0.402074 0)
(0.541346 0.36435 0)
(0.586796 0.323142 0)
(0.626595 0.278851 0)
(0.660364 0.231904 0)
(0.687785 0.182752 0)
(0.708597 0.131868 0)
(0.722608 0.0797353 0)
(0.729688 0.0268505 0)
(0.729773 -0.0262857 0)
(0.722846 -0.0791693 0)
(0.708959 -0.131298 0)
(0.688246 -0.182177 0)
(0.660907 -0.231319 0)
(0.627203 -0.278255 0)
(0.58745 -0.322532 0)
(0.542025 -0.363723 0)
(0.491363 -0.401427 0)
(0.435946 -0.435277 0)
(0.376306 -0.464941 0)
(0.313016 -0.490125 0)
(0.246683 -0.51058 0)
(0.177949 -0.5261 0)
(0.107473 -0.536524 0)
(0.035956 -0.541749 0)
(-0.035956 -0.541749 0)
(-0.107473 -0.536524 0)
(-0.177949 -0.5261 0)
(-0.246683 -0.51058 0)
(-0.313016 -0.490125 0)
(-0.376306 -0.464941 0)
(-0.435946 -0.435277 0)
(-0.491363 -0.401427 0)
(-0.542025 -0.363723 0)
(-0.58745 -0.322532 0)
(-0.627203 -0.278255 0)
(-0.660907 -0.231319 0)
(-0.688246 -0.182177 0)
(-0.708959 -0.131298 0)
(-0.722846 -0.0791693 0)
(-0.729773 -0.0262857 0)
(-0.779503 0.023186 0)
(-0.771941 0.0688388 0)
(-0.756972 0.113842 0)
(-0.734732 0.157766 0)
(-0.705432 0.200194 0)
(-0.669347 0.240717 0)
(-0.626822 0.278946 0)
(-0.578261 0.314513 0)
(-0.524128 0.347072 0)
(-0.464941 0.376306 0)
(-0.401269 0.401928 0)
(-0.333724 0.423686 0)
(-0.262958 0.441363 0)
(-0.189654 0.454783 0)
(-0.114523 0.46381 0)
(-0.0383035 0.468351 0)
(0.0383035 0.468351 0)
(0.114523 0.46381 0)
(0.189654 0.454783 0)
(0.262958 0.441363 0)
(0.333724 0.423686 0)
(0.401269 0.401928 0)
(0.464941 0.376306 0)
(0.524128 0.347072 0)
(0.578261 0.314513 0)
(0.626822 0.278946 0)
(0.669347 0.240717 0)
(0.705432 0.200194 0)
(0.734732 0.157766 0)
(0.756972 0.113842 0)
(0.771941 0.0688388 0)
(0.779503 0.023186 0)
(0.779586 -0.0226839 0)
(0.772176 -0.0683346 0)
(0.75733 -0.113332 0)
(0.735191 -0.157249 0)
(0.705974 -0.199665 0)
(0.669959 -0.240174 0)
(0.627484 -0.278386 0)
(0.578954 -0.313932 0)
(0.524831 -0.346468 0)
(0.465634 -0.375676 0)
(0.401928 -0.401269 0)
(0.334326 -0.422995 0)
(0.263476 -0.440639 0)
(0.190064 -0.454023 0)
(0.114791 -0.463009 0)
(0.0384053 -0.467509 0)
(-0.0384053 -0.467509 0)
(-0.114791 -0.463009 0)
(-0.190064 -0.454023 0)
(-0.263476 -0.440639 0)
(-0.334326 -0.422995 0)
(-0.401928 -0.401269 0)
(-0.465634 -0.375676 0)
(-0.524832 -0.346468 0)
(-0.578954 -0.313932 0)
(-0.627484 -0.278386 0)
(-0.669959 -0.240174 0)
(-0.705974 -0.199665 0)
(-0.735191 -0.157249 0)
(-0.75733 -0.113332 0)
(-0.772176 -0.0683346 0)
(-0.779586 -0.0226839 0)
(-0.82181 0.0192921 0)
(-0.813839 0.0572683 0)
(-0.798055 0.0947036 0)
(-0.774603 0.131242 0)
(-0.743705 0.166533 0)
(-0.705654 0.20024 0)
(-0.660812 0.232038 0)
(-0.609607 0.261621 0)
(-0.552529 0.288701 0)
(-0.490125 0.313016 0)
(-0.422995 0.334326 0)
(-0.351786 0.352422 0)
(-0.277183 0.367125 0)
(-0.199908 0.378287 0)
(-0.120712 0.385796 0)
(-0.0403735 0.389573 0)
(0.0403735 0.389573 0)
(0.120712 0.385796 0)
(0.199908 0.378287 0)
(0.277183 0.367125 0)
(0.351786 0.352422 0)
(0.422995 0.334326 0)
(0.490125 0.313016 0)
(0.552529 0.288701 0)
(0.609607 0.261621 0)
(0.660812 0.232038 0)
(0.705654 0.20024 0)
(0.743705 0.166533 0)
(0.774603 0.131241 0)
(0.798055 0.0947036 0)
(0.813839 0.0572683 0)
(0.82181 0.0192921 0)
(0.821892 -0.0188644 0)
(0.814072 -0.056838 0)
(0.79841 -0.0942674 0)
(0.77506 -0.130796 0)
(0.744249 -0.166075 0)
(0.70627 -0.199766 0)
(0.661483 -0.231545 0)
(0.610315 -0.261105 0)
(0.553253 -0.28816 0)
(0.490845 -0.312446 0)
(0.423686 -0.333724 0)
(0.352422 -0.351786 0)
(0.277737 -0.366451 0)
(0.200352 -0.377572 0)
(0.121006 -0.385035 0)
(0.040486 -0.388768 0)
(-0.040486 -0.388768 0)
(-0.121006 -0.385035 0)
(-0.200352 -0.377572 0)
(-0.277737 -0.366451 0)
(-0.352422 -0.351786 0)
(-0.423686 -0.333724 0)
(-0.490845 -0.312446 0)
(-0.553253 -0.28816 0)
(-0.610315 -0.261105 0)
(-0.661483 -0.231545 0)
(-0.70627 -0.199766 0)
(-0.744249 -0.166075 0)
(-0.77506 -0.130796 0)
(-0.79841 -0.0942674 0)
(-0.814072 -0.056838 0)
(-0.821892 -0.0188644 0)
(-0.856187 0.0152066 0)
(-0.847884 0.0451358 0)
(-0.831437 0.0746387 0)
(-0.807 0.103434 0)
(-0.774803 0.131247 0)
(-0.735152 0.15781 0)
(-0.688427 0.182869 0)
(-0.635072 0.206182 0)
(-0.5756 0.227522 0)
(-0.51058 0.246683 0)
(-0.440639 0.263476 0)
(-0.366451 0.277737 0)
(-0.288731 0.289325 0)
(-0.20823 0.298122 0)
(-0.125733 0.304042 0)
(-0.0420525 0.30702 0)
(0.0420525 0.30702 0)
(0.125733 0.304042 0)
(0.20823 0.298122 0)
(0.288731 0.289325 0)
(0.366451 0.277737 0)
(0.440639 0.263476 0)
(0.51058 0.246683 0)
(0.5756 0.227522 0)
(0.635072 0.206182 0)
(0.688427 0.182869 0)
(0.735152 0.15781 0)
(0.774803 0.131247 0)
(0.807 0.103434 0)
(0.831437 0.0746387 0)
(0.847884 0.0451358 0)
(0.856187 0.0152066 0)
(0.856269 -0.0148644 0)
(0.848115 -0.0447909 0)
(0.831791 -0.0742876 0)
(0.807456 -0.103074 0)
(0.775348 -0.130873 0)
(0.735774 -0.157421 0)
(0.689108 -0.182461 0)
(0.635795 -0.205751 0)
(0.576345 -0.227066 0)
(0.511327 -0.246197 0)
(0.441363 -0.262958 0)
(0.367125 -0.277183 0)
(0.289325 -0.288731 0)
(0.208711 -0.297484 0)
(0.126057 -0.303355 0)
(0.0421776 -0.306287 0)
(-0.0421776 -0.306287 0)
(-0.126057 -0.303355 0)
(-0.208711 -0.297484 0)
(-0.289325 -0.288731 0)
(-0.367125 -0.277183 0)
(-0.441363 -0.262958 0)
(-0.511327 -0.246197 0)
(-0.576345 -0.227066 0)
(-0.635795 -0.205751 0)
(-0.689108 -0.182461 0)
(-0.735774 -0.157421 0)
(-0.775348 -0.130873 0)
(-0.807456 -0.103073 0)
(-0.831791 -0.0742876 0)
(-0.848115 -0.0447909 0)
(-0.856269 -0.0148644 0)
(-0.882286 0.0109718 0)
(-0.87373 0.0325617 0)
(-0.856781 0.0538441 0)
(-0.831594 0.0746162 0)
(-0.79841 0.0946792 0)
(-0.757544 0.113841 0)
(-0.709386 0.131917 0)
(-0.654398 0.148734 0)
(-0.593106 0.164127 0)
(-0.5261 0.177949 0)
(-0.454023 0.190064 0)
(-0.377572 0.200352 0)
(-0.297484 0.208711 0)
(-0.214535 0.21506 0)
(-0.129535 0.219332 0)
(-0.0433232 0.221482 0)
(0.0433232 0.221482 0)
(0.129535 0.219332 0)
(0.214535 0.21506 0)
(0.297484 0.208711 0)
(0.377572 0.200352 0)
(0.454023 0.190064 0)
(0.5261 0.177949 0)
(0.593106 0.164127 0)
(0.654398 0.148734 0)
(0.709386 0.131917 0)
(0.757544 0.113841 0)
(0.79841 0.0946792 0)
(0.831594 0.0746162 0)
(0.856781 0.0538441 0)
(0.87373 0.0325617 0)
(0.882286 0.0109718 0)
(0.882368 -0.0107202 0)
(0.87396 -0.0323077 0)
(0.857133 -0.0535848 0)
(0.832051 -0.0743485 0)
(0.798958 -0.0944003 0)
(0.758172 -0.113548 0)
(0.710079 -0.131607 0)
(0.655138 -0.148404 0)
(0.593875 -0.163775 0)
(0.526876 -0.17757 0)
(0.454783 -0.189654 0)
(0.378287 -0.199908 0)
(0.298122 -0.20823 0)
(0.21506 -0.214535 0)
(0.129894 -0.21876 0)
(0.0434634 -0.220866 0)
(-0.0434634 -0.220866 0)
(-0.129894 -0.21876 0)
(-0.21506 -0.214535 0)
(-0.298122 -0.20823 0)
(-0.378287 -0.199908 0)
(-0.454783 -0.189654 0)
(-0.526876 -0.17757 0)
(-0.593875 -0.163775 0)
(-0.655138 -0.148404 0)
(-0.710079 -0.131607 0)
(-0.758172 -0.113548 0)
(-0.798958 -0.0944003 0)
(-0.832051 -0.0743485 0)
(-0.857133 -0.0535848 0)
(-0.87396 -0.0323077 0)
(-0.882368 -0.0107202 0)
(-0.899839 0.00662578 0)
(-0.891112 0.0196647 0)
(-0.873823 0.0325182 0)
(-0.848132 0.0450634 0)
(-0.814283 0.0571805 0)
(-0.772598 0.0687532 0)
(-0.723475 0.0796704 0)
(-0.667387 0.089827 0)
(-0.604869 0.0991245 0)
(-0.536524 0.107473 0)
(-0.463009 0.114791 0)
(-0.385035 0.121006 0)
(-0.303355 0.126057 0)
(-0.21876 0.129894 0)
(-0.13208 0.132478 0)
(-0.0441729 0.133779 0)
(0.0441729 0.133779 0)
(0.13208 0.132478 0)
(0.21876 0.129894 0)
(0.303355 0.126057 0)
(0.385035 0.121006 0)
(0.463009 0.114791 0)
(0.536524 0.107473 0)
(0.604869 0.0991245 0)
(0.667387 0.089827 0)
(0.723475 0.0796704 0)
(0.772598 0.0687532 0)
(0.814283 0.0571805 0)
(0.848132 0.0450634 0)
(0.873823 0.0325182 0)
(0.891112 0.0196647 0)
(0.899838 0.00662578 0)
(0.899919 -0.00647474 0)
(0.891341 -0.019512 0)
(0.874176 -0.0323616 0)
(0.848592 -0.0449007 0)
(0.814837 -0.0570097 0)
(0.773235 -0.0685723 0)
(0.724183 -0.0794773 0)
(0.668148 -0.0896193 0)
(0.605665 -0.0988999 0)
(0.537335 -0.107229 0)
(0.46381 -0.114523 0)
(0.385796 -0.120712 0)
(0.304042 -0.125733 0)
(0.219332 -0.129535 0)
(0.132478 -0.13208 0)
(0.04433 -0.133345 0)
(-0.0443301 -0.133345 0)
(-0.132478 -0.13208 0)
(-0.219332 -0.129535 0)
(-0.304042 -0.125733 0)
(-0.385796 -0.120712 0)
(-0.46381 -0.114523 0)
(-0.537335 -0.107229 0)
(-0.605665 -0.0988999 0)
(-0.668148 -0.0896193 0)
(-0.724183 -0.0794773 0)
(-0.773235 -0.0685723 0)
(-0.814837 -0.0570097 0)
(-0.848592 -0.0449007 0)
(-0.874176 -0.0323616 0)
(-0.891341 -0.019512 0)
(-0.899919 -0.00647474 0)
(-0.908661 0.0022177 0)
(-0.899849 0.00657903 0)
(-0.882389 0.0108785 0)
(-0.856442 0.0150751 0)
(-0.822257 0.0191287 0)
(-0.780158 0.0230003 0)
(-0.730549 0.0266528 0)
(-0.673905 0.0300511 0)
(-0.610769 0.0331622 0)
(-0.541749 0.035956 0)
(-0.467509 0.0384053 0)
(-0.388768 0.040486 0)
(-0.306287 0.0421776 0)
(-0.220866 0.0434634 0)
(-0.133345 0.04433 0)
(-0.0445943 0.0447668 0)
(0.0445944 0.0447668 0)
(0.133345 0.04433 0)
(0.220866 0.0434634 0)
(0.306287 0.0421776 0)
(0.388768 0.040486 0)
(0.467509 0.0384053 0)
(0.541749 0.035956 0)
(0.610769 0.0331622 0)
(0.673905 0.0300511 0)
(0.730549 0.0266529 0)
(0.780158 0.0230003 0)
(0.822257 0.0191287 0)
(0.856442 0.0150751 0)
(0.882389 0.0108785 0)
(0.899849 0.00657904 0)
(0.908661 0.0022177 0)
(0.908742 -0.00216396 0)
(0.900079 -0.00652432 0)
(0.882744 -0.0108219 0)
(0.856907 -0.0150157 0)
(0.82282 -0.0190656 0)
(0.78081 -0.022933 0)
(0.731275 -0.0265805 0)
(0.67469 -0.029973 0)
(0.611595 -0.0330774 0)
(0.542595 -0.0358634 0)
(0.468351 -0.0383035 0)
(0.389573 -0.0403735 0)
(0.30702 -0.0420525 0)
(0.221482 -0.0433232 0)
(0.133779 -0.0441729 0)
(0.0447668 -0.0445943 0)
(-0.0447668 -0.0445943 0)
(-0.133779 -0.0441729 0)
(-0.221482 -0.0433232 0)
(-0.30702 -0.0420525 0)
(-0.389573 -0.0403735 0)
(-0.468351 -0.0383035 0)
(-0.542595 -0.0358634 0)
(-0.611595 -0.0330774 0)
(-0.67469 -0.029973 0)
(-0.731275 -0.0265806 0)
(-0.78081 -0.022933 0)
(-0.82282 -0.0190656 0)
(-0.856907 -0.0150157 0)
(-0.882744 -0.0108219 0)
(-0.900079 -0.00652433 0)
(-0.908742 -0.00216396 0)
(-0.908661 -0.0022177 0)
(-0.899849 -0.00657904 0)
(-0.882389 -0.0108785 0)
(-0.856442 -0.0150751 0)
(-0.822257 -0.0191287 0)
(-0.780158 -0.0230003 0)
(-0.730549 -0.0266529 0)
(-0.673905 -0.0300511 0)
(-0.610769 -0.0331622 0)
(-0.541749 -0.035956 0)
(-0.467509 -0.0384053 0)
(-0.388768 -0.040486 0)
(-0.306287 -0.0421776 0)
(-0.220866 -0.0434634 0)
(-0.133345 -0.0443301 0)
(-0.0445943 -0.0447668 0)
(0.0445944 -0.0447668 0)
(0.133345 -0.0443301 0)
(0.220866 -0.0434634 0)
(0.306287 -0.0421776 0)
(0.388768 -0.040486 0)
(0.467509 -0.0384053 0)
(0.541749 -0.035956 0)
(0.610769 -0.0331622 0)
(0.673905 -0.0300511 0)
(0.730549 -0.0266529 0)
(0.780158 -0.0230003 0)
(0.822257 -0.0191287 0)
(0.856442 -0.0150751 0)
(0.882389 -0.0108785 0)
(0.899849 -0.00657903 0)
(0.908661 -0.0022177 0)
(0.908742 0.00216397 0)
(0.900079 0.00652433 0)
(0.882744 0.0108219 0)
(0.856907 0.0150157 0)
(0.82282 0.0190656 0)
(0.78081 0.022933 0)
(0.731275 0.0265806 0)
(0.67469 0.029973 0)
(0.611595 0.0330774 0)
(0.542595 0.0358634 0)
(0.468351 0.0383035 0)
(0.389573 0.0403735 0)
(0.30702 0.0420525 0)
(0.221482 0.0433232 0)
(0.133779 0.0441729 0)
(0.0447668 0.0445944 0)
(-0.0447668 0.0445944 0)
(-0.133779 0.0441729 0)
(-0.221482 0.0433232 0)
(-0.30702 0.0420525 0)
(-0.389573 0.0403735 0)
(-0.468351 0.0383035 0)
(-0.542595 0.0358634 0)
(-0.611595 0.0330774 0)
(-0.67469 0.029973 0)
(-0.731275 0.0265806 0)
(-0.78081 0.022933 0)
(-0.82282 0.0190656 0)
(-0.856907 0.0150157 0)
(-0.882744 0.0108219 0)
(-0.900079 0.00652433 0)
(-0.908742 0.00216396 0)
(-0.899839 -0.00662577 0)
(-0.891112 -0.0196647 0)
(-0.873823 -0.0325182 0)
(-0.848132 -0.0450634 0)
(-0.814283 -0.0571805 0)
(-0.772598 -0.0687532 0)
(-0.723475 -0.0796705 0)
(-0.667387 -0.089827 0)
(-0.604869 -0.0991245 0)
(-0.536524 -0.107473 0)
(-0.463009 -0.114791 0)
(-0.385035 -0.121006 0)
(-0.303355 -0.126057 0)
(-0.21876 -0.129894 0)
(-0.13208 -0.132478 0)
(-0.0441729 -0.133779 0)
(0.0441729 -0.133779 0)
(0.13208 -0.132478 0)
(0.21876 -0.129894 0)
(0.303355 -0.126057 0)
(0.385035 -0.121006 0)
(0.463009 -0.114791 0)
(0.536524 -0.107473 0)
(0.604869 -0.0991245 0)
(0.667387 -0.089827 0)
(0.723475 -0.0796704 0)
(0.772598 -0.0687532 0)
(0.814283 -0.0571805 0)
(0.848132 -0.0450634 0)
(0.873823 -0.0325182 0)
(0.891112 -0.0196647 0)
(0.899838 -0.00662577 0)
(0.899919 0.00647475 0)
(0.891341 0.019512 0)
(0.874176 0.0323616 0)
(0.848592 0.0449007 0)
(0.814837 0.0570097 0)
(0.773235 0.0685723 0)
(0.724183 0.0794773 0)
(0.668148 0.0896193 0)
(0.605665 0.0988999 0)
(0.537335 0.107229 0)
(0.46381 0.114523 0)
(0.385796 0.120712 0)
(0.304042 0.125733 0)
(0.219332 0.129535 0)
(0.132478 0.13208 0)
(0.04433 0.133345 0)
(-0.0443301 0.133345 0)
(-0.132478 0.13208 0)
(-0.219332 0.129535 0)
(-0.304042 0.125733 0)
(-0.385796 0.120712 0)
(-0.46381 0.114523 0)
(-0.537335 0.107229 0)
(-0.605665 0.0988999 0)
(-0.668148 0.0896193 0)
(-0.724183 0.0794773 0)
(-0.773235 0.0685723 0)
(-0.814837 0.0570097 0)
(-0.848592 0.0449007 0)
(-0.874176 0.0323616 0)
(-0.891341 0.019512 0)
(-0.899919 0.00647474 0)
(-0.882286 -0.0109718 0)
(-0.87373 -0.0325617 0)
(-0.856781 -0.0538441 0)
(-0.831594 -0.0746162 0)
(-0.79841 -0.0946792 0)
(-0.757544 -0.113841 0)
(-0.709386 -0.131917 0)
(-0.654398 -0.148734 0)
(-0.593106 -0.164127 0)
(-0.5261 -0.177949 0)
(-0.454023 -0.190064 0)
(-0.377572 -0.200352 0)
(-0.297484 -0.208711 0)
(-0.214535 -0.21506 0)
(-0.129535 -0.219332 0)
(-0.0433232 -0.221482 0)
(0.0433232 -0.221482 0)
(0.129535 -0.219332 0)
(0.214535 -0.21506 0)
(0.297484 -0.208711 0)
(0.377572 -0.200352 0)
(0.454023 -0.190064 0)
(0.5261 -0.177949 0)
(0.593106 -0.164127 0)
(0.654398 -0.148734 0)
(0.709386 -0.131917 0)
(0.757544 -0.113841 0)
(0.79841 -0.0946792 0)
(0.831594 -0.0746162 0)
(0.856781 -0.0538441 0)
(0.87373 -0.0325617 0)
(0.882286 -0.0109718 0)
(0.882368 0.0107202 0)
(0.87396 0.0323077 0)
(0.857133 0.0535848 0)
(0.832051 0.0743485 0)
(0.798958 0.0944003 0)
(0.758172 0.113548 0)
(0.710079 0.131607 0)
(0.655138 0.148404 0)
(0.593875 0.163775 0)
(0.526876 0.17757 0)
(0.454783 0.189654 0)
(0.378287 0.199908 0)
(0.298122 0.20823 0)
(0.21506 0.214535 0)
(0.129894 0.21876 0)
(0.0434634 0.220866 0)
(-0.0434634 0.220866 0)
(-0.129894 0.21876 0)
(-0.21506 0.214535 0)
(-0.298122 0.20823 0)
(-0.378287 0.199908 0)
(-0.454783 0.189654 0)
(-0.526876 0.17757 0)
(-0.593875 0.163775 0)
(-0.655138 0.148404 0)
(-0.710079 0.131607 0)
(-0.758172 0.113548 0)
(-0.798958 0.0944003 0)
(-0.832051 0.0743485 0)
(-0.857133 0.0535848 0)
(-0.87396 0.0323077 0)
(-0.882368 0.0107202 0)
(-0.856187 -0.0152066 0)
(-0.847884 -0.0451358 0)
(-0.831437 -0.0746387 0)
(-0.807 -0.103434 0)
(-0.774803 -0.131247 0)
(-0.735152 -0.15781 0)
(-0.688427 -0.182869 0)
(-0.635072 -0.206182 0)
(-0.5756 -0.227522 0)
(-0.51058 -0.246683 0)
(-0.440639 -0.263476 0)
(-0.366451 -0.277737 0)
(-0.288731 -0.289325 0)
(-0.20823 -0.298122 0)
(-0.125733 -0.304042 0)
(-0.0420525 -0.30702 0)
(0.0420525 -0.30702 0)
(0.125733 -0.304042 0)
(0.20823 -0.298122 0)
(0.288731 -0.289325 0)
(0.366451 -0.277737 0)
(0.440639 -0.263476 0)
(0.51058 -0.246683 0)
(0.5756 -0.227522 0)
(0.635072 -0.206182 0)
(0.688427 -0.182869 0)
(0.735152 -0.15781 0)
(0.774803 -0.131247 0)
(0.807 -0.103434 0)
(0.831437 -0.0746387 0)
(0.847884 -0.0451358 0)
(0.856187 -0.0152066 0)
(0.856269 0.0148644 0)
(0.848115 0.0447909 0)
(0.831791 0.0742876 0)
(0.807456 0.103074 0)
(0.775348 0.130873 0)
(0.735774 0.157421 0)
(0.689108 0.182461 0)
(0.635795 0.205751 0)
(0.576345 0.227066 0)
(0.511327 0.246197 0)
(0.441363 0.262958 0)
(0.367125 0.277183 0)
(0.289325 0.288731 0)
(0.208711 0.297484 0)
(0.126057 0.303355 0)
(0.0421776 0.306287 0)
(-0.0421776 0.306287 0)
(-0.126057 0.303355 0)
(-0.208711 0.297484 0)
(-0.289325 0.288731 0)
(-0.367125 0.277183 0)
(-0.441363 0.262958 0)
(-0.511327 0.246197 0)
(-0.576345 0.227066 0)
(-0.635795 0.205751 0)
(-0.689108 0.182461 0)
(-0.735774 0.157421 0)
(-0.775348 0.130873 0)
(-0.807456 0.103074 0)
(-0.831791 0.0742876 0)
(-0.848115 0.0447909 0)
(-0.856269 0.0148644 0)
(-0.82181 -0.0192921 0)
(-0.813839 -0.0572683 0)
(-0.798055 -0.0947036 0)
(-0.774603 -0.131242 0)
(-0.743705 -0.166533 0)
(-0.705654 -0.20024 0)
(-0.660812 -0.232038 0)
(-0.609607 -0.261621 0)
(-0.552529 -0.288701 0)
(-0.490125 -0.313016 0)
(-0.422995 -0.334326 0)
(-0.351786 -0.352422 0)
(-0.277183 -0.367125 0)
(-0.199908 -0.378287 0)
(-0.120712 -0.385796 0)
(-0.0403735 -0.389573 0)
(0.0403735 -0.389573 0)
(0.120712 -0.385796 0)
(0.199908 -0.378287 0)
(0.277183 -0.367125 0)
(0.351786 -0.352422 0)
(0.422995 -0.334326 0)
(0.490125 -0.313016 0)
(0.552529 -0.288701 0)
(0.609607 -0.261621 0)
(0.660812 -0.232038 0)
(0.705654 -0.20024 0)
(0.743705 -0.166533 0)
(0.774603 -0.131241 0)
(0.798055 -0.0947036 0)
(0.813839 -0.0572683 0)
(0.82181 -0.0192921 0)
(0.821892 0.0188644 0)
(0.814072 0.056838 0)
(0.79841 0.0942675 0)
(0.77506 0.130796 0)
(0.744249 0.166075 0)
(0.70627 0.199766 0)
(0.661483 0.231545 0)
(0.610315 0.261106 0)
(0.553253 0.28816 0)
(0.490845 0.312446 0)
(0.423686 0.333724 0)
(0.352422 0.351786 0)
(0.277737 0.366451 0)
(0.200352 0.377572 0)
(0.121006 0.385035 0)
(0.040486 0.388768 0)
(-0.040486 0.388768 0)
(-0.121006 0.385035 0)
(-0.200352 0.377572 0)
(-0.277737 0.366451 0)
(-0.352422 0.351786 0)
(-0.423686 0.333724 0)
(-0.490845 0.312446 0)
(-0.553253 0.28816 0)
(-0.610315 0.261106 0)
(-0.661483 0.231545 0)
(-0.70627 0.199766 0)
(-0.744249 0.166075 0)
(-0.77506 0.130796 0)
(-0.79841 0.0942674 0)
(-0.814072 0.056838 0)
(-0.821892 0.0188644 0)
(-0.779503 -0.023186 0)
(-0.771941 -0.0688389 0)
(-0.756972 -0.113842 0)
(-0.734732 -0.157766 0)
(-0.705432 -0.200194 0)
(-0.669347 -0.240717 0)
(-0.626822 -0.278946 0)
(-0.578261 -0.314513 0)
(-0.524128 -0.347072 0)
(-0.464941 -0.376306 0)
(-0.401269 -0.401928 0)
(-0.333724 -0.423686 0)
(-0.262958 -0.441363 0)
(-0.189654 -0.454783 0)
(-0.114523 -0.46381 0)
(-0.0383035 -0.468351 0)
(0.0383035 -0.468351 0)
(0.114523 -0.46381 0)
(0.189654 -0.454783 0)
(0.262958 -0.441363 0)
(0.333724 -0.423686 0)
(0.401269 -0.401928 0)
(0.464941 -0.376306 0)
(0.524128 -0.347072 0)
(0.578261 -0.314513 0)
(0.626822 -0.278946 0)
(0.669347 -0.240717 0)
(0.705432 -0.200194 0)
(0.734732 -0.157766 0)
(0.756972 -0.113842 0)
(0.771941 -0.0688388 0)
(0.779503 -0.023186 0)
(0.779586 0.0226839 0)
(0.772176 0.0683346 0)
(0.75733 0.113332 0)
(0.735191 0.157249 0)
(0.705974 0.199665 0)
(0.669959 0.240174 0)
(0.627484 0.278386 0)
(0.578954 0.313933 0)
(0.524831 0.346468 0)
(0.465634 0.375676 0)
(0.401928 0.401269 0)
(0.334326 0.422995 0)
(0.263476 0.440639 0)
(0.190064 0.454023 0)
(0.114791 0.463009 0)
(0.0384053 0.467509 0)
(-0.0384053 0.467509 0)
(-0.114791 0.463009 0)
(-0.190064 0.454023 0)
(-0.263476 0.440639 0)
(-0.334326 0.422995 0)
(-0.401928 0.401269 0)
(-0.465634 0.375676 0)
(-0.524831 0.346468 0)
(-0.578954 0.313932 0)
(-0.627484 0.278386 0)
(-0.669959 0.240174 0)
(-0.705974 0.199665 0)
(-0.735191 0.157249 0)
(-0.75733 0.113332 0)
(-0.772176 0.0683346 0)
(-0.779586 0.0226839 0)
(-0.729688 -0.0268506 0)
(-0.722608 -0.0797353 0)
(-0.708597 -0.131868 0)
(-0.687785 -0.182752 0)
(-0.660364 -0.231904 0)
(-0.626595 -0.278851 0)
(-0.586796 -0.323142 0)
(-0.541346 -0.36435 0)
(-0.490678 -0.402074 0)
(-0.435277 -0.435946 0)
(-0.375676 -0.465634 0)
(-0.312446 -0.490845 0)
(-0.246197 -0.511327 0)
(-0.17757 -0.526876 0)
(-0.107229 -0.537335 0)
(-0.0358634 -0.542595 0)
(0.0358634 -0.542595 0)
(0.107229 -0.537335 0)
(0.17757 -0.526876 0)
(0.246197 -0.511327 0)
(0.312446 -0.490845 0)
(0.375676 -0.465634 0)
(0.435277 -0.435946 0)
(0.490678 -0.402074 0)
(0.541346 -0.36435 0)
(0.586796 -0.323142 0)
(0.626595 -0.278851 0)
(0.660364 -0.231904 0)
(0.687785 -0.182752 0)
(0.708597 -0.131868 0)
(0.722608 -0.0797353 0)
(0.729688 -0.0268505 0)
(0.729773 0.0262857 0)
(0.722846 0.0791693 0)
(0.708959 0.131298 0)
(0.688246 0.182177 0)
(0.660907 0.231319 0)
(0.627203 0.278255 0)
(0.58745 0.322532 0)
(0.542025 0.363723 0)
(0.491363 0.401427 0)
(0.435946 0.435277 0)
(0.376306 0.464941 0)
(0.313016 0.490125 0)
(0.246683 0.51058 0)
(0.177949 0.5261 0)
(0.107473 0.536524 0)
(0.035956 0.541749 0)
(-0.035956 0.541749 0)
(-0.107473 0.536524 0)
(-0.177949 0.5261 0)
(-0.246683 0.51058 0)
(-0.313016 0.490125 0)
(-0.376306 0.464941 0)
(-0.435946 0.435277 0)
(-0.491363 0.401427 0)
(-0.542025 0.363723 0)
(-0.58745 0.322532 0)
(-0.627203 0.278255 0)
(-0.660907 0.231319 0)
(-0.688246 0.182177 0)
(-0.708959 0.131298 0)
(-0.722846 0.0791693 0)
(-0.729773 0.0262857 0)
(-0.672859 -0.0302492 0)
(-0.666328 -0.0898511 0)
(-0.653411 -0.148606 0)
(-0.634225 -0.205957 0)
(-0.608949 -0.261356 0)
(-0.577819 -0.314274 0)
(-0.541129 -0.3642 0)
(-0.499226 -0.410652 0)
(-0.45251 -0.453178 0)
(-0.401427 -0.491363 0)
(-0.346468 -0.524832 0)
(-0.28816 -0.553253 0)
(-0.227066 -0.576345 0)
(-0.163775 -0.593875 0)
(-0.0988999 -0.605665 0)
(-0.0330774 -0.611595 0)
(0.0330774 -0.611595 0)
(0.0988999 -0.605665 0)
(0.163775 -0.593875 0)
(0.227066 -0.576345 0)
(0.28816 -0.553253 0)
(0.346468 -0.524831 0)
(0.401427 -0.491363 0)
(0.45251 -0.453178 0)
(0.499226 -0.410652 0)
(0.541129 -0.3642 0)
(0.577819 -0.314274 0)
(0.608949 -0.261356 0)
(0.634225 -0.205957 0)
(0.653411 -0.148606 0)
(0.666328 -0.0898511 0)
(0.672859 -0.0302491 0)
(0.672945 0.0296363 0)
(0.666571 0.0892381 0)
(0.653778 0.147992 0)
(0.634691 0.205339 0)
(0.609494 0.260733 0)
(0.578425 0.313644 0)
(0.541776 0.36356 0)
(0.499894 0.409999 0)
(0.453178 0.45251 0)
(0.402074 0.490678 0)
(0.347072 0.524128 0)
(0.288701 0.552529 0)
(0.227522 0.5756 0)
(0.164127 0.593106 0)
(0.0991245 0.604869 0)
(0.0331622 0.610769 0)
(-0.0331622 0.610769 0)
(-0.0991245 0.604869 0)
(-0.164127 0.593106 0)
(-0.227522 0.5756 0)
(-0.288701 0.552529 0)
(-0.347072 0.524128 0)
(-0.402074 0.490678 0)
(-0.453178 0.45251 0)
(-0.499894 0.409999 0)
(-0.541776 0.36356 0)
(-0.578426 0.313643 0)
(-0.609494 0.260733 0)
(-0.634691 0.205339 0)
(-0.653778 0.147992 0)
(-0.666571 0.0892381 0)
(-0.672945 0.0296363 0)
(-0.609575 -0.0333482 0)
(-0.603655 -0.0990876 0)
(-0.591955 -0.163895 0)
(-0.574582 -0.227156 0)
(-0.551693 -0.288268 0)
(-0.523501 -0.346645 0)
(-0.490271 -0.401725 0)
(-0.452316 -0.452974 0)
(-0.409999 -0.499894 0)
(-0.363723 -0.542025 0)
(-0.313932 -0.578954 0)
(-0.261105 -0.610315 0)
(-0.205751 -0.635795 0)
(-0.148404 -0.655138 0)
(-0.0896193 -0.668148 0)
(-0.029973 -0.67469 0)
(0.029973 -0.67469 0)
(0.0896193 -0.668148 0)
(0.148404 -0.655138 0)
(0.205751 -0.635795 0)
(0.261106 -0.610315 0)
(0.313933 -0.578954 0)
(0.363723 -0.542025 0)
(0.409999 -0.499894 0)
(0.452316 -0.452974 0)
(0.490271 -0.401725 0)
(0.523501 -0.346645 0)
(0.551693 -0.288268 0)
(0.574582 -0.227156 0)
(0.591955 -0.163895 0)
(0.603655 -0.0990876 0)
(0.609575 -0.0333481 0)
(0.609664 0.0327037 0)
(0.603904 0.0984444 0)
(0.59233 0.163253 0)
(0.575054 0.226514 0)
(0.552242 0.287625 0)
(0.524107 0.346 0)
(0.490914 0.401075 0)
(0.452974 0.452316 0)
(0.410652 0.499226 0)
(0.36435 0.541346 0)
(0.314513 0.578261 0)
(0.261621 0.609607 0)
(0.206182 0.635072 0)
(0.148734 0.654398 0)
(0.089827 0.667387 0)
(0.0300511 0.673905 0)
(-0.0300511 0.673905 0)
(-0.089827 0.667387 0)
(-0.148734 0.654398 0)
(-0.206182 0.635072 0)
(-0.261621 0.609607 0)
(-0.314513 0.578261 0)
(-0.36435 0.541346 0)
(-0.410652 0.499226 0)
(-0.452974 0.452316 0)
(-0.490914 0.401075 0)
(-0.524107 0.345999 0)
(-0.552242 0.287625 0)
(-0.575054 0.226514 0)
(-0.59233 0.163253 0)
(-0.603904 0.0984444 0)
(-0.609664 0.0327037 0)
(-0.540458 -0.0361166 0)
(-0.535205 -0.107355 0)
(-0.524835 -0.177585 0)
(-0.50944 -0.246145 0)
(-0.489157 -0.31238 0)
(-0.464172 -0.375655 0)
(-0.434718 -0.435359 0)
(-0.401075 -0.490914 0)
(-0.36356 -0.541776 0)
(-0.322532 -0.58745 0)
(-0.278386 -0.627484 0)
(-0.231545 -0.661483 0)
(-0.182461 -0.689108 0)
(-0.131607 -0.710079 0)
(-0.0794773 -0.724183 0)
(-0.0265805 -0.731275 0)
(0.0265806 -0.731275 0)
(0.0794773 -0.724183 0)
(0.131607 -0.710079 0)
(0.182461 -0.689108 0)
(0.231545 -0.661483 0)
(0.278386 -0.627484 0)
(0.322532 -0.58745 0)
(0.36356 -0.541776 0)
(0.401075 -0.490914 0)
(0.434718 -0.435359 0)
(0.464172 -0.375655 0)
(0.489157 -0.31238 0)
(0.50944 -0.246145 0)
(0.524835 -0.177585 0)
(0.535205 -0.107354 0)
(0.540458 -0.0361165 0)
(0.54055 0.0354594 0)
(0.535462 0.1067 0)
(0.52522 0.176934 0)
(0.509921 0.245498 0)
(0.489712 0.311736 0)
(0.464781 0.375014 0)
(0.435359 0.434718 0)
(0.401725 0.490271 0)
(0.3642 0.541129 0)
(0.323142 0.586796 0)
(0.278946 0.626822 0)
(0.232038 0.660812 0)
(0.182869 0.688427 0)
(0.131917 0.709386 0)
(0.0796704 0.723475 0)
(0.0266528 0.730549 0)
(-0.0266529 0.730549 0)
(-0.0796705 0.723475 0)
(-0.131917 0.709386 0)
(-0.182869 0.688427 0)
(-0.232038 0.660812 0)
(-0.278946 0.626822 0)
(-0.323142 0.586796 0)
(-0.3642 0.541129 0)
(-0.401725 0.490271 0)
(-0.435359 0.434718 0)
(-0.464781 0.375014 0)
(-0.489712 0.311736 0)
(-0.509921 0.245498 0)
(-0.52522 0.176934 0)
(-0.535462 0.1067 0)
(-0.54055 0.0354594 0)
(-0.466186 -0.0385266 0)
(-0.46165 -0.114571 0)
(-0.452708 -0.189545 0)
(-0.439437 -0.262741 0)
(-0.421952 -0.333461 0)
(-0.400411 -0.401025 0)
(-0.375014 -0.464781 0)
(-0.345999 -0.524107 0)
(-0.313643 -0.578426 0)
(-0.278255 -0.627203 0)
(-0.240174 -0.669959 0)
(-0.199766 -0.70627 0)
(-0.157421 -0.735774 0)
(-0.113548 -0.758172 0)
(-0.0685723 -0.773235 0)
(-0.022933 -0.78081 0)
(0.022933 -0.78081 0)
(0.0685723 -0.773235 0)
(0.113548 -0.758172 0)
(0.157421 -0.735774 0)
(0.199766 -0.70627 0)
(0.240174 -0.669959 0)
(0.278255 -0.627203 0)
(0.313644 -0.578426 0)
(0.345999 -0.524107 0)
(0.375014 -0.464781 0)
(0.400411 -0.401025 0)
(0.421952 -0.333461 0)
(0.439437 -0.262741 0)
(0.452708 -0.189545 0)
(0.46165 -0.114571 0)
(0.466186 -0.0385266 0)
(0.466282 0.0378777 0)
(0.461917 0.113927 0)
(0.453105 0.188907 0)
(0.43993 0.262111 0)
(0.422517 0.332839 0)
(0.401025 0.400411 0)
(0.375655 0.464172 0)
(0.346645 0.523501 0)
(0.314274 0.577819 0)
(0.278851 0.626595 0)
(0.240717 0.669347 0)
(0.20024 0.705654 0)
(0.15781 0.735152 0)
(0.113841 0.757544 0)
(0.0687532 0.772598 0)
(0.0230003 0.780158 0)
(-0.0230003 0.780158 0)
(-0.0687532 0.772598 0)
(-0.113841 0.757544 0)
(-0.15781 0.735152 0)
(-0.20024 0.705654 0)
(-0.240717 0.669347 0)
(-0.278851 0.626595 0)
(-0.314274 0.577819 0)
(-0.346645 0.523501 0)
(-0.375655 0.464172 0)
(-0.401025 0.400411 0)
(-0.422517 0.332839 0)
(-0.43993 0.262111 0)
(-0.453105 0.188907 0)
(-0.461917 0.113927 0)
(-0.466282 0.0378776 0)
(-0.387489 -0.0405537 0)
(-0.383711 -0.120667 0)
(-0.37628 -0.199659 0)
(-0.365258 -0.276786 0)
(-0.350734 -0.351311 0)
(-0.332839 -0.422517 0)
(-0.311736 -0.489712 0)
(-0.287625 -0.552242 0)
(-0.260733 -0.609494 0)
(-0.231319 -0.660907 0)
(-0.199665 -0.705974 0)
(-0.166075 -0.744249 0)
(-0.130873 -0.775348 0)
(-0.0944003 -0.798958 0)
(-0.0570097 -0.814837 0)
(-0.0190656 -0.82282 0)
(0.0190656 -0.82282 0)
(0.0570097 -0.814837 0)
(0.0944003 -0.798958 0)
(0.130873 -0.775348 0)
(0.166075 -0.744249 0)
(0.199665 -0.705974 0)
(0.231319 -0.660907 0)
(0.260733 -0.609494 0)
(0.287625 -0.552242 0)
(0.311736 -0.489712 0)
(0.332839 -0.422517 0)
(0.350734 -0.351311 0)
(0.365258 -0.276786 0)
(0.37628 -0.199659 0)
(0.383711 -0.120667 0)
(0.387489 -0.0405537 0)
(0.387591 0.0399368 0)
(0.383992 0.120057 0)
(0.376694 0.199058 0)
(0.365765 0.276196 0)
(0.351311 0.350734 0)
(0.333461 0.421952 0)
(0.31238 0.489157 0)
(0.288268 0.551693 0)
(0.261356 0.608949 0)
(0.231904 0.660364 0)
(0.200194 0.705432 0)
(0.166533 0.743705 0)
(0.131247 0.774803 0)
(0.0946792 0.79841 0)
(0.0571805 0.814283 0)
(0.0191287 0.822257 0)
(-0.0191287 0.822257 0)
(-0.0571805 0.814283 0)
(-0.0946792 0.79841 0)
(-0.131247 0.774803 0)
(-0.166533 0.743705 0)
(-0.200194 0.705432 0)
(-0.231904 0.660364 0)
(-0.261356 0.608949 0)
(-0.288268 0.551693 0)
(-0.31238 0.489157 0)
(-0.333461 0.421952 0)
(-0.351311 0.350734 0)
(-0.365765 0.276196 0)
(-0.376694 0.199058 0)
(-0.383992 0.120057 0)
(-0.387591 0.0399368 0)
(-0.305138 -0.0421765 0)
(-0.302151 -0.125584 0)
(-0.2963 -0.207833 0)
(-0.287626 -0.288149 0)
(-0.276196 -0.365765 0)
(-0.262111 -0.43993 0)
(-0.245498 -0.509921 0)
(-0.226514 -0.575054 0)
(-0.205339 -0.634691 0)
(-0.182177 -0.688246 0)
(-0.157249 -0.735191 0)
(-0.130796 -0.77506 0)
(-0.103073 -0.807456 0)
(-0.0743485 -0.832051 0)
(-0.0449007 -0.848592 0)
(-0.0150157 -0.856907 0)
(0.0150157 -0.856907 0)
(0.0449007 -0.848592 0)
(0.0743485 -0.832051 0)
(0.103074 -0.807456 0)
(0.130796 -0.77506 0)
(0.157249 -0.735191 0)
(0.182177 -0.688246 0)
(0.205339 -0.634691 0)
(0.226514 -0.575054 0)
(0.245498 -0.509921 0)
(0.262111 -0.43993 0)
(0.276196 -0.365765 0)
(0.287626 -0.288149 0)
(0.2963 -0.207833 0)
(0.302151 -0.125584 0)
(0.305138 -0.0421764 0)
(0.305247 0.0416195 0)
(0.302449 0.125035 0)
(0.296731 0.207295 0)
(0.288149 0.287626 0)
(0.276786 0.365258 0)
(0.262741 0.439437 0)
(0.246145 0.50944 0)
(0.227156 0.574582 0)
(0.205957 0.634225 0)
(0.182752 0.687785 0)
(0.157766 0.734732 0)
(0.131241 0.774603 0)
(0.103434 0.807 0)
(0.0746162 0.831594 0)
(0.0450634 0.848132 0)
(0.0150751 0.856442 0)
(-0.0150751 0.856442 0)
(-0.0450634 0.848132 0)
(-0.0746162 0.831594 0)
(-0.103434 0.807 0)
(-0.131241 0.774603 0)
(-0.157766 0.734732 0)
(-0.182752 0.687785 0)
(-0.205957 0.634225 0)
(-0.227156 0.574582 0)
(-0.246145 0.50944 0)
(-0.262741 0.439437 0)
(-0.276786 0.365258 0)
(-0.288149 0.287626 0)
(-0.296731 0.207295 0)
(-0.302449 0.125035 0)
(-0.305247 0.0416195 0)
(-0.219938 -0.043379 0)
(-0.217767 -0.129277 0)
(-0.213546 -0.213994 0)
(-0.207295 -0.296731 0)
(-0.199058 -0.376694 0)
(-0.188907 -0.453105 0)
(-0.176934 -0.52522 0)
(-0.163253 -0.59233 0)
(-0.147992 -0.653778 0)
(-0.131298 -0.708959 0)
(-0.113332 -0.75733 0)
(-0.0942674 -0.79841 0)
(-0.0742876 -0.831791 0)
(-0.0535848 -0.857133 0)
(-0.0323616 -0.874176 0)
(-0.0108219 -0.882744 0)
(0.0108219 -0.882744 0)
(0.0323616 -0.874176 0)
(0.0535848 -0.857133 0)
(0.0742876 -0.831791 0)
(0.0942675 -0.79841 0)
(0.113332 -0.75733 0)
(0.131298 -0.708959 0)
(0.147992 -0.653778 0)
(0.163253 -0.59233 0)
(0.176934 -0.52522 0)
(0.188907 -0.453105 0)
(0.199058 -0.376694 0)
(0.207295 -0.296731 0)
(0.213546 -0.213994 0)
(0.217767 -0.129277 0)
(0.219938 -0.043379 0)
(0.220057 0.0429135 0)
(0.218084 0.128819 0)
(0.213994 0.213546 0)
(0.207833 0.2963 0)
(0.199659 0.37628 0)
(0.189545 0.452708 0)
(0.177585 0.524835 0)
(0.163895 0.591955 0)
(0.148606 0.653411 0)
(0.131868 0.708597 0)
(0.113842 0.756972 0)
(0.0947036 0.798055 0)
(0.0746387 0.831437 0)
(0.0538441 0.856781 0)
(0.0325182 0.873823 0)
(0.0108785 0.882389 0)
(-0.0108785 0.882389 0)
(-0.0325182 0.873823 0)
(-0.0538441 0.856781 0)
(-0.0746387 0.831437 0)
(-0.0947036 0.798055 0)
(-0.113842 0.756972 0)
(-0.131868 0.708597 0)
(-0.148606 0.653411 0)
(-0.163895 0.591955 0)
(-0.177585 0.524835 0)
(-0.189545 0.452708 0)
(-0.199659 0.37628 0)
(-0.207833 0.2963 0)
(-0.213994 0.213546 0)
(-0.218084 0.128819 0)
(-0.220057 0.0429135 0)
(-0.132722 -0.0441502 0)
(-0.131381 -0.131711 0)
(-0.128819 -0.218084 0)
(-0.125035 -0.302449 0)
(-0.120057 -0.383992 0)
(-0.113927 -0.461917 0)
(-0.1067 -0.535462 0)
(-0.0984444 -0.603904 0)
(-0.0892381 -0.666571 0)
(-0.0791693 -0.722846 0)
(-0.0683346 -0.772176 0)
(-0.056838 -0.814072 0)
(-0.0447909 -0.848115 0)
(-0.0323077 -0.87396 0)
(-0.019512 -0.891341 0)
(-0.00652432 -0.900079 0)
(0.00652433 -0.900079 0)
(0.019512 -0.891341 0)
(0.0323077 -0.87396 0)
(0.0447909 -0.848115 0)
(0.056838 -0.814072 0)
(0.0683346 -0.772176 0)
(0.0791693 -0.722846 0)
(0.0892381 -0.666571 0)
(0.0984444 -0.603904 0)
(0.1067 -0.535462 0)
(0.113927 -0.461917 0)
(0.120057 -0.383992 0)
(0.125035 -0.302449 0)
(0.128819 -0.218084 0)
(0.131381 -0.131711 0)
(0.132722 -0.0441501 0)
(0.132849 0.0438083 0)
(0.131711 0.131381 0)
(0.129277 0.217767 0)
(0.125584 0.302151 0)
(0.120667 0.383711 0)
(0.114571 0.46165 0)
(0.107355 0.535205 0)
(0.0990876 0.603655 0)
(0.0898511 0.666328 0)
(0.0797353 0.722608 0)
(0.0688388 0.771941 0)
(0.0572683 0.813839 0)
(0.0451358 0.847884 0)
(0.0325617 0.87373 0)
(0.0196647 0.891112 0)
(0.00657904 0.899849 0)
(-0.00657903 0.899849 0)
(-0.0196647 0.891112 0)
(-0.0325617 0.87373 0)
(-0.0451358 0.847884 0)
(-0.0572683 0.813839 0)
(-0.0688388 0.771941 0)
(-0.0797353 0.722608 0)
(-0.0898511 0.666328 0)
(-0.0990876 0.603655 0)
(-0.107355 0.535205 0)
(-0.114571 0.46165 0)
(-0.120667 0.383711 0)
(-0.125584 0.302151 0)
(-0.129277 0.217767 0)
(-0.131711 0.131381 0)
(-0.132849 0.0438083 0)
(-0.0443227 -0.0444582 0)
(-0.0438083 -0.132849 0)
(-0.0429135 -0.220057 0)
(-0.0416195 -0.305248 0)
(-0.0399368 -0.387591 0)
(-0.0378776 -0.466282 0)
(-0.0354593 -0.54055 0)
(-0.0327037 -0.609664 0)
(-0.0296363 -0.672945 0)
(-0.0262857 -0.729773 0)
(-0.0226839 -0.779586 0)
(-0.0188644 -0.821892 0)
(-0.0148644 -0.856269 0)
(-0.0107202 -0.882368 0)
(-0.00647474 -0.89992 0)
(-0.00216396 -0.908742 0)
(0.00216396 -0.908742 0)
(0.00647475 -0.899919 0)
(0.0107202 -0.882368 0)
(0.0148644 -0.856269 0)
(0.0188644 -0.821892 0)
(0.0226839 -0.779586 0)
(0.0262857 -0.729773 0)
(0.0296363 -0.672945 0)
(0.0327037 -0.609664 0)
(0.0354594 -0.54055 0)
(0.0378776 -0.466282 0)
(0.0399368 -0.387591 0)
(0.0416195 -0.305247 0)
(0.0429135 -0.220057 0)
(0.0438083 -0.132849 0)
(0.0443227 -0.0444581 0)
(0.0444582 0.0443227 0)
(0.0441502 0.132722 0)
(0.043379 0.219938 0)
(0.0421765 0.305138 0)
(0.0405537 0.387489 0)
(0.0385266 0.466186 0)
(0.0361165 0.540458 0)
(0.0333481 0.609575 0)
(0.0302492 0.672859 0)
(0.0268506 0.729688 0)
(0.023186 0.779503 0)
(0.0192921 0.82181 0)
(0.0152066 0.856187 0)
(0.0109718 0.882286 0)
(0.00662578 0.899839 0)
(0.0022177 0.908661 0)
(-0.0022177 0.908661 0)
(-0.00662577 0.899838 0)
(-0.0109718 0.882286 0)
(-0.0152066 0.856187 0)
(-0.0192921 0.82181 0)
(-0.023186 0.779503 0)
(-0.0268505 0.729688 0)
(-0.0302492 0.672859 0)
(-0.0333481 0.609575 0)
(-0.0361165 0.540458 0)
(-0.0385266 0.466186 0)
(-0.0405537 0.387489 0)
(-0.0421764 0.305138 0)
(-0.043379 0.219938 0)
(-0.0441501 0.132722 0)
(-0.0444581 0.0443227 0)
)
;

boundaryField
{
    top
    {
        type            cyclic;
    }
    bottom
    {
        type            cyclic;
    }
    left
    {
        type            cyclic;
    }
    right
    {
        type            cyclic;
    }
    frontAndBack
    {
        type            empty;
    }
}


// ************************************************************************* //
