/*--------------------------------*- C++ -*----------------------------------*\
  =========                 |
  \\      /  F ield         | OpenFOAM: The Open Source CFD Toolbox
   \\    /   O peration     | Website:  https://openfoam.org
    \\  /    A nd           | Version:  11
     \\/     M anipulation  |
\*---------------------------------------------------------------------------*/
FoamFile
{
    format      ascii;
    class       volScalarField;
    location    "8";
    object      p;
}
// * * * * * * * * * * * * * * * * * * * * * * * * * * * * * * * * * * * * * //

dimensions      [0 2 -2 0 0 0 0];

internalField   nonuniform List<scalar> 
8400
(
-0.162066
-0.165019
-0.168302
-0.171305
-0.174244
-0.177243
-0.180299
-0.183394
-0.186531
-0.189716
-0.192958
-0.196266
-0.199649
-0.203122
-0.206701
-0.210411
-0.214283
-0.218369
-0.222738
-0.227823
-0.161877
-0.16501
-0.168383
-0.171345
-0.174245
-0.177245
-0.180309
-0.183407
-0.186543
-0.189729
-0.192974
-0.196284
-0.199669
-0.203145
-0.206727
-0.210438
-0.214308
-0.218367
-0.222563
-0.226504
-0.161694
-0.164983
-0.168452
-0.171375
-0.174226
-0.17722
-0.180294
-0.183393
-0.186524
-0.189705
-0.192945
-0.196249
-0.199626
-0.20309
-0.206655
-0.210337
-0.21415
-0.218076
-0.221937
-0.225177
-0.161511
-0.164904
-0.168478
-0.171393
-0.174195
-0.177171
-0.180249
-0.183346
-0.186467
-0.189636
-0.192862
-0.19615
-0.199506
-0.20294
-0.206463
-0.210082
-0.213786
-0.217511
-0.221024
-0.22381
-0.161324
-0.164783
-0.168453
-0.171381
-0.17414
-0.177091
-0.180165
-0.183257
-0.186363
-0.189512
-0.192715
-0.195974
-0.199293
-0.202679
-0.206136
-0.209658
-0.213215
-0.216714
-0.219916
-0.222388
-0.16113
-0.164633
-0.16838
-0.17133
-0.174056
-0.176977
-0.180041
-0.183123
-0.186208
-0.189327
-0.192497
-0.195715
-0.198983
-0.202302
-0.20567
-0.209071
-0.21246
-0.215731
-0.218667
-0.220921
-0.160932
-0.164462
-0.168265
-0.171237
-0.173939
-0.17683
-0.179877
-0.182942
-0.186001
-0.189085
-0.192211
-0.195378
-0.19858
-0.201817
-0.205079
-0.208344
-0.211557
-0.214614
-0.217327
-0.219429
-0.160731
-0.164279
-0.168119
-0.171107
-0.173791
-0.176654
-0.179679
-0.182722
-0.185749
-0.188791
-0.191867
-0.194972
-0.1981
-0.201243
-0.20439
-0.207511
-0.210552
-0.213413
-0.215943
-0.217937
-0.160531
-0.164089
-0.167951
-0.170948
-0.173616
-0.176453
-0.179453
-0.18247
-0.185462
-0.188458
-0.191478
-0.194516
-0.197562
-0.200606
-0.203632
-0.206612
-0.209489
-0.212179
-0.214558
-0.216475
-0.160338
-0.163902
-0.167771
-0.170768
-0.173421
-0.176236
-0.179211
-0.182199
-0.185152
-0.1881
-0.191061
-0.194029
-0.196991
-0.199935
-0.202843
-0.205686
-0.208415
-0.210956
-0.213214
-0.215075
-0.16016
-0.163724
-0.167589
-0.170576
-0.173216
-0.176012
-0.178963
-0.181919
-0.184834
-0.187734
-0.190637
-0.193535
-0.196414
-0.199261
-0.202057
-0.204776
-0.207373
-0.209789
-0.211949
-0.213771
-0.160004
-0.163564
-0.167412
-0.170381
-0.173009
-0.175792
-0.178721
-0.181646
-0.184522
-0.187377
-0.190225
-0.193057
-0.195858
-0.198614
-0.201309
-0.203918
-0.206402
-0.208714
-0.210799
-0.212593
-0.159879
-0.163429
-0.167248
-0.170191
-0.17281
-0.175586
-0.178495
-0.18139
-0.184231
-0.187045
-0.189843
-0.192615
-0.195346
-0.198023
-0.200629
-0.203144
-0.205535
-0.207764
-0.209791
-0.211567
-0.159792
-0.163324
-0.167099
-0.170012
-0.172629
-0.175404
-0.178296
-0.181163
-0.183974
-0.186752
-0.189508
-0.192228
-0.194899
-0.197509
-0.200043
-0.202481
-0.204798
-0.206963
-0.208948
-0.210714
-0.159749
-0.163252
-0.166967
-0.169848
-0.172472
-0.175254
-0.178132
-0.180974
-0.18376
-0.18651
-0.189232
-0.19191
-0.194534
-0.19709
-0.199567
-0.201946
-0.204207
-0.206327
-0.208282
-0.210044
-0.159755
-0.163215
-0.166849
-0.169702
-0.172348
-0.175142
-0.178006
-0.180828
-0.183595
-0.186327
-0.189022
-0.19167
-0.194258
-0.196776
-0.199211
-0.201548
-0.203771
-0.20586
-0.207798
-0.209561
-0.159812
-0.163204
-0.166741
-0.169578
-0.17226
-0.175069
-0.17792
-0.180727
-0.183483
-0.186203
-0.188881
-0.191508
-0.194073
-0.196565
-0.198974
-0.201285
-0.203485
-0.205556
-0.207485
-0.209253
-0.159918
-0.163205
-0.166637
-0.169483
-0.172212
-0.175032
-0.177871
-0.180668
-0.18342
-0.186134
-0.188803
-0.191419
-0.193971
-0.19645
-0.198845
-0.201143
-0.203331
-0.205395
-0.207322
-0.209097
-0.160065
-0.163198
-0.166536
-0.169422
-0.172202
-0.175025
-0.177853
-0.180645
-0.183398
-0.18611
-0.188776
-0.191388
-0.193936
-0.196412
-0.198803
-0.201097
-0.203283
-0.205346
-0.207276
-0.209059
-0.160249
-0.163203
-0.166457
-0.16939
-0.172209
-0.175035
-0.177857
-0.18065
-0.183406
-0.186121
-0.188789
-0.191404
-0.193955
-0.196434
-0.198829
-0.201128
-0.203319
-0.205389
-0.207326
-0.209116
-0.227376
-0.22291
-0.222743
-0.22305
-0.222977
-0.222928
-0.222936
-0.222927
-0.222889
-0.22283
-0.222747
-0.222638
-0.2225
-0.222332
-0.222132
-0.221898
-0.221629
-0.221324
-0.220981
-0.220599
-0.220177
-0.219713
-0.219206
-0.218653
-0.218049
-0.217384
-0.216646
-0.215819
-0.214882
-0.213818
-0.212614
-0.211269
-0.2098
-0.208233
-0.206601
-0.204914
-0.203139
-0.201174
-0.198837
-0.195887
-0.192065
-0.187156
-0.181038
-0.173728
-0.165397
-0.156355
-0.147025
-0.137891
-0.129434
-0.122066
-0.116075
-0.111583
-0.108551
-0.106802
-0.106072
-0.106067
-0.106512
-0.107181
-0.107909
-0.108591
-0.109169
-0.10962
-0.109939
-0.110133
-0.110215
-0.110197
-0.11009
-0.109905
-0.109649
-0.109325
-0.108942
-0.108502
-0.108004
-0.107451
-0.106844
-0.106184
-0.10547
-0.104702
-0.10388
-0.103001
-0.102065
-0.101069
-0.100011
-0.098886
-0.0976914
-0.0964221
-0.0950729
-0.0936378
-0.0921101
-0.0904824
-0.0887463
-0.0868931
-0.0849131
-0.0827967
-0.0805346
-0.0781188
-0.0755441
-0.0728092
-0.0699188
-0.066885
-0.0637288
-0.0604806
-0.0571804
-0.0538765
-0.0506233
-0.0474783
-0.0444982
-0.0417351
-0.0392324
-0.0370224
-0.0351236
-0.0335405
-0.0322643
-0.0312741
-0.0305402
-0.0300263
-0.0296931
-0.029501
-0.029412
-0.0293915
-0.0294093
-0.0294399
-0.0294624
-0.0294607
-0.0294223
-0.0293382
-0.0292021
-0.0290099
-0.0287599
-0.0284515
-0.0280852
-0.0276612
-0.0271807
-0.0266457
-0.0260582
-0.0254201
-0.0247336
-0.0240006
-0.0232233
-0.0224036
-0.0215438
-0.0206458
-0.0197122
-0.0187456
-0.0177494
-0.0167272
-0.015684
-0.0146252
-0.0135578
-0.0124897
-0.0114298
-0.0103882
-0.00937562
-0.00840317
-0.00748195
-0.0066226
-0.00583483
-0.00512698
-0.00450561
-0.00397512
-0.00353756
-0.0031924
-0.00293655
-0.00276445
-0.00266825
-0.0026382
-0.00266305
-0.00273049
-0.00282781
-0.00294236
-0.00306213
-0.00317632
-0.00327572
-0.00335304
-0.00340309
-0.00342392
-0.00341451
-0.00337698
-0.00331398
-0.0032286
-0.00312392
-0.00300195
-0.00286303
-0.00270556
-0.0025261
-0.00232009
-0.00208301
-0.00181188
-0.00150708
-0.00117389
-0.000823498
-0.000473491
-0.000145955
0.000132275
0.000341453
0.000447381
0.000488411
0.000320937
0.000424285
-0.000683797
-0.226394
-0.222839
-0.222486
-0.222884
-0.222866
-0.222807
-0.222819
-0.222822
-0.22279
-0.222731
-0.222647
-0.222534
-0.222388
-0.222209
-0.221994
-0.221742
-0.221451
-0.221117
-0.220741
-0.220319
-0.219849
-0.219329
-0.218756
-0.218124
-0.217427
-0.216655
-0.215792
-0.214821
-0.213722
-0.212476
-0.211069
-0.209499
-0.207777
-0.205923
-0.203961
-0.201893
-0.199683
-0.197235
-0.194391
-0.19095
-0.186708
-0.181507
-0.175287
-0.168113
-0.160183
-0.151814
-0.143403
-0.135379
-0.128143
-0.122007
-0.117157
-0.11363
-0.111324
-0.110039
-0.109523
-0.109518
-0.109804
-0.110211
-0.110626
-0.11098
-0.111244
-0.111406
-0.111471
-0.111445
-0.11134
-0.111164
-0.110924
-0.110629
-0.110279
-0.109878
-0.109432
-0.108939
-0.108398
-0.107812
-0.10718
-0.106501
-0.105775
-0.105002
-0.10418
-0.103308
-0.102384
-0.101405
-0.10037
-0.0992735
-0.0981129
-0.0968829
-0.0955781
-0.0941922
-0.092718
-0.0911473
-0.0894709
-0.0876784
-0.0857585
-0.0836991
-0.0814879
-0.0791133
-0.0765658
-0.0738396
-0.0709345
-0.067858
-0.0646269
-0.0612687
-0.057822
-0.0543354
-0.0508661
-0.0474764
-0.0442301
-0.0411878
-0.038403
-0.0359179
-0.0337608
-0.031945
-0.0304685
-0.0293153
-0.028458
-0.0278607
-0.0274826
-0.0272804
-0.0272118
-0.0272372
-0.0273208
-0.0274321
-0.0275454
-0.0276403
-0.0277008
-0.027715
-0.0276744
-0.0275733
-0.0274083
-0.0271784
-0.0268847
-0.0265262
-0.0261043
-0.0256216
-0.0250805
-0.0244837
-0.0238338
-0.0231339
-0.0223869
-0.0215959
-0.0207639
-0.0198944
-0.0189909
-0.0180574
-0.0170982
-0.0161183
-0.0151236
-0.0141204
-0.0131161
-0.0121192
-0.0111385
-0.0101836
-0.00926444
-0.00839094
-0.00757264
-0.00681836
-0.00613582
-0.00553133
-0.00500943
-0.00457271
-0.00422162
-0.00395436
-0.0037669
-0.0036531
-0.00360489
-0.00361263
-0.00366542
-0.0037516
-0.00385919
-0.00397648
-0.00409242
-0.00419723
-0.00428276
-0.00434272
-0.00437264
-0.00437196
-0.00434092
-0.00428205
-0.00419894
-0.00409564
-0.00397575
-0.00384157
-0.00369335
-0.0035289
-0.00334371
-0.00313164
-0.00288607
-0.00260159
-0.00227597
-0.00191199
-0.00151877
-0.00111255
-0.000715457
-0.00035544
-5.71216e-05
0.0001448
0.000263299
0.000207584
0.000239817
-0.000319844
-0.225706
-0.223009
-0.222346
-0.222698
-0.222747
-0.222683
-0.222689
-0.222699
-0.22267
-0.222609
-0.222518
-0.222395
-0.222235
-0.222037
-0.221798
-0.221517
-0.22119
-0.220815
-0.220389
-0.219909
-0.219371
-0.218773
-0.218108
-0.21737
-0.216551
-0.215639
-0.214617
-0.213466
-0.212166
-0.210698
-0.209049
-0.207213
-0.2052
-0.203024
-0.200701
-0.198231
-0.195577
-0.192657
-0.189338
-0.185463
-0.18088
-0.175489
-0.169281
-0.162357
-0.154934
-0.147319
-0.139871
-0.132954
-0.126881
-0.12187
-0.118018
-0.11529
-0.113548
-0.112587
-0.112179
-0.112116
-0.112229
-0.112398
-0.11255
-0.112647
-0.112672
-0.112623
-0.112506
-0.112328
-0.112095
-0.111812
-0.111484
-0.111115
-0.110705
-0.110254
-0.109765
-0.109238
-0.10867
-0.108062
-0.107413
-0.106723
-0.10599
-0.105214
-0.104393
-0.103526
-0.102612
-0.101647
-0.10063
-0.0995565
-0.0984228
-0.0972243
-0.0959555
-0.09461
-0.0931803
-0.0916579
-0.0900329
-0.0882941
-0.0864285
-0.0844223
-0.0822605
-0.0799285
-0.0774129
-0.0747034
-0.0717951
-0.0686905
-0.0654021
-0.0619534
-0.0583807
-0.0547319
-0.0510655
-0.0474475
-0.0439476
-0.0406344
-0.0375704
-0.034808
-0.0323856
-0.0303257
-0.0286341
-0.0273008
-0.0263021
-0.0256035
-0.0251634
-0.0249363
-0.0248758
-0.0249375
-0.0250805
-0.025269
-0.0254724
-0.0256655
-0.0258284
-0.0259459
-0.026007
-0.0260038
-0.0259312
-0.025787
-0.0255734
-0.0252875
-0.0249312
-0.0245074
-0.024019
-0.0234693
-0.0228618
-0.0222004
-0.0214891
-0.0207318
-0.0199331
-0.0190973
-0.0182292
-0.017334
-0.0164173
-0.015485
-0.0145438
-0.0136009
-0.0126642
-0.0117421
-0.0108433
-0.00997687
-0.00915171
-0.00837641
-0.00765888
-0.00700611
-0.0064239
-0.00591659
-0.00548691
-0.00513583
-0.00486245
-0.00466398
-0.00453571
-0.0044712
-0.00446241
-0.00450001
-0.00457365
-0.00467243
-0.00478524
-0.0049013
-0.00501056
-0.0051042
-0.00517506
-0.00521782
-0.00522839
-0.00520773
-0.00515705
-0.0050792
-0.00497865
-0.00486025
-0.00472812
-0.00458481
-0.0044305
-0.0042625
-0.00407531
-0.00386125
-0.00361173
-0.00331897
-0.00297816
-0.00258952
-0.00216
-0.00170436
-0.00124456
-0.000809412
-0.000428279
-0.000135965
5.42935e-05
0.000106898
5.81157e-05
5.52368e-05
-0.224776
-0.222905
-0.222136
-0.222434
-0.222567
-0.222524
-0.222523
-0.222538
-0.222513
-0.222446
-0.222345
-0.222205
-0.222024
-0.221799
-0.221526
-0.221203
-0.220827
-0.220395
-0.219902
-0.219345
-0.218718
-0.218017
-0.217235
-0.216364
-0.215393
-0.214309
-0.213095
-0.211731
-0.210197
-0.208475
-0.206551
-0.204421
-0.20209
-0.199571
-0.196877
-0.194004
-0.190923
-0.187566
-0.183832
-0.179603
-0.174778
-0.169309
-0.163229
-0.156666
-0.149839
-0.143033
-0.136559
-0.130707
-0.125707
-0.121689
-0.118675
-0.116582
-0.115253
-0.114497
-0.114124
-0.113973
-0.113922
-0.113893
-0.113842
-0.113747
-0.113602
-0.113409
-0.113171
-0.112892
-0.112576
-0.112225
-0.111842
-0.111426
-0.110978
-0.110498
-0.109982
-0.109433
-0.108849
-0.108227
-0.107568
-0.106871
-0.106134
-0.105356
-0.104537
-0.103675
-0.102768
-0.101814
-0.10081
-0.099753
-0.0986397
-0.0974653
-0.0962242
-0.0949102
-0.0935159
-0.0920326
-0.09045
-0.0887562
-0.0869375
-0.0849784
-0.082862
-0.080571
-0.0780885
-0.0754003
-0.072497
-0.0693763
-0.0660458
-0.0625251
-0.0588469
-0.0550577
-0.0512161
-0.0473905
-0.0436552
-0.0400856
-0.0367528
-0.0337185
-0.0310313
-0.0287231
-0.0268083
-0.0252835
-0.0241297
-0.0233152
-0.0227984
-0.0225322
-0.0224673
-0.0225549
-0.0227492
-0.0230092
-0.0232991
-0.0235891
-0.0238549
-0.0240779
-0.0242439
-0.0243428
-0.0243678
-0.0243154
-0.0241862
-0.0239782
-0.0236928
-0.023333
-0.0229024
-0.0224047
-0.0218444
-0.0212262
-0.0205551
-0.0198363
-0.0190753
-0.0182777
-0.0174497
-0.0165974
-0.0157274
-0.0148467
-0.0139629
-0.0130835
-0.0122169
-0.0113713
-0.0105551
-0.00977657
-0.00904358
-0.00836327
-0.00774195
-0.00718478
-0.00669572
-0.00627733
-0.00593073
-0.0056555
-0.00544968
-0.00530974
-0.0052306
-0.00520577
-0.00522748
-0.00528689
-0.00537439
-0.00547989
-0.00559323
-0.00570457
-0.0058048
-0.00588602
-0.00594196
-0.00596817
-0.00596063
-0.00592208
-0.00585392
-0.00575959
-0.00564437
-0.00551371
-0.0053722
-0.00522261
-0.00506508
-0.00489648
-0.0047104
-0.00449781
-0.00424825
-0.00395171
-0.00360089
-0.00319353
-0.00273436
-0.00223658
-0.00172179
-0.00121937
-0.000763186
-0.000387765
-0.000132469
2.24195e-05
-0.000112577
0.000426702
-0.223619
-0.222512
-0.221826
-0.222079
-0.222291
-0.222296
-0.222301
-0.222322
-0.222302
-0.222231
-0.222116
-0.221956
-0.221747
-0.221485
-0.221168
-0.220792
-0.220353
-0.219848
-0.219271
-0.218617
-0.217881
-0.217055
-0.216132
-0.215102
-0.213952
-0.21267
-0.211236
-0.209633
-0.20784
-0.20584
-0.203621
-0.201179
-0.198521
-0.195657
-0.192598
-0.189345
-0.185874
-0.182139
-0.178066
-0.173579
-0.168623
-0.163192
-0.15735
-0.15124
-0.145074
-0.139102
-0.133577
-0.128718
-0.124673
-0.121498
-0.119158
-0.117543
-0.116499
-0.11586
-0.115476
-0.115229
-0.11504
-0.114859
-0.11466
-0.114434
-0.114176
-0.113889
-0.113574
-0.113232
-0.112866
-0.112475
-0.112058
-0.111615
-0.111145
-0.110647
-0.110116
-0.109554
-0.108959
-0.10833
-0.107665
-0.106964
-0.106225
-0.105447
-0.104629
-0.10377
-0.102868
-0.101921
-0.100926
-0.0998813
-0.0987825
-0.0976253
-0.0964045
-0.0951139
-0.0937463
-0.092293
-0.0907437
-0.0890861
-0.0873058
-0.0853863
-0.0833093
-0.0810553
-0.0786045
-0.0759392
-0.0730458
-0.0699178
-0.0665579
-0.0629812
-0.059217
-0.0553091
-0.0513155
-0.0473056
-0.0433573
-0.0395514
-0.0359663
-0.0326728
-0.0297286
-0.0271754
-0.025036
-0.0233147
-0.0219978
-0.0210568
-0.0204516
-0.0201344
-0.0200535
-0.0201563
-0.0203928
-0.0207167
-0.0210875
-0.0214704
-0.0218369
-0.0221645
-0.0224357
-0.0226379
-0.0227628
-0.0228062
-0.0227635
-0.0226361
-0.022425
-0.0221328
-0.0217634
-0.0213213
-0.0208116
-0.0202401
-0.0196128
-0.018936
-0.0182163
-0.0174606
-0.016676
-0.0158698
-0.0150496
-0.0142233
-0.0133989
-0.0125846
-0.0117886
-0.011019
-0.0102839
-0.00959054
-0.00894561
-0.00835488
-0.00782302
-0.0073535
-0.00694856
-0.00660918
-0.0063351
-0.00612479
-0.00597549
-0.00588324
-0.00584286
-0.00584805
-0.00589152
-0.00596509
-0.00605997
-0.00616698
-0.00627689
-0.00638075
-0.00647034
-0.00653854
-0.00657989
-0.00659089
-0.00656669
-0.00651252
-0.00642929
-0.00632116
-0.00619407
-0.0060539
-0.00590562
-0.00575227
-0.00559392
-0.00542706
-0.00524453
-0.00503606
-0.00478951
-0.00449285
-0.00413648
-0.00371573
-0.00323324
-0.00270055
-0.00213878
-0.00157764
-0.00105507
-0.000605021
-0.000291989
-4.30733e-05
-0.000264301
0.000779835
-0.222329
-0.221885
-0.221399
-0.221636
-0.221917
-0.22199
-0.222018
-0.222049
-0.222037
-0.221962
-0.221831
-0.221646
-0.221403
-0.221097
-0.220725
-0.220285
-0.219771
-0.219179
-0.218502
-0.217735
-0.216871
-0.215902
-0.214818
-0.213608
-0.21226
-0.210758
-0.209086
-0.207225
-0.205158
-0.202868
-0.200347
-0.197593
-0.194612
-0.191416
-0.188019
-0.184424
-0.180621
-0.17658
-0.17226
-0.16762
-0.162644
-0.157358
-0.151851
-0.146266
-0.140795
-0.135647
-0.131014
-0.127044
-0.123814
-0.121324
-0.119502
-0.118229
-0.117367
-0.116783
-0.116365
-0.116034
-0.115738
-0.115448
-0.11515
-0.114838
-0.114509
-0.114165
-0.113804
-0.113426
-0.113031
-0.112616
-0.112181
-0.111723
-0.11124
-0.11073
-0.110192
-0.109623
-0.109023
-0.108389
-0.107721
-0.107017
-0.106277
-0.105499
-0.104682
-0.103825
-0.102926
-0.101983
-0.100995
-0.0999577
-0.0988684
-0.0977228
-0.0965159
-0.0952417
-0.0938931
-0.0924616
-0.090937
-0.0893068
-0.0875565
-0.0856687
-0.0836241
-0.0814014
-0.0789788
-0.0763354
-0.0734543
-0.0703245
-0.0669447
-0.0633257
-0.0594928
-0.0554869
-0.0513642
-0.0471947
-0.0430582
-0.0390399
-0.0352244
-0.0316902
-0.0285037
-0.0257156
-0.0233575
-0.0214409
-0.0199584
-0.0188855
-0.0181842
-0.0178067
-0.0176998
-0.0178079
-0.018077
-0.0184564
-0.0189007
-0.0193705
-0.0198329
-0.0202615
-0.0206354
-0.0209395
-0.0211639
-0.0213017
-0.0213468
-0.0213012
-0.0211656
-0.0209425
-0.020636
-0.0202512
-0.0197943
-0.0192716
-0.0186903
-0.0180577
-0.0173817
-0.01667
-0.015931
-0.0151728
-0.014404
-0.0136331
-0.0128685
-0.0121187
-0.011392
-0.0106961
-0.0100384
-0.00942536
-0.0088624
-0.0083539
-0.00790298
-0.00751155
-0.00718032
-0.0069089
-0.0066959
-0.00653897
-0.00643488
-0.00637948
-0.00636775
-0.00639382
-0.00645102
-0.00653197
-0.00662873
-0.00673304
-0.00683653
-0.0069311
-0.00700926
-0.00706456
-0.00709215
-0.00709009
-0.00705076
-0.0069833
-0.00688752
-0.00676833
-0.00663202
-0.00648486
-0.00633217
-0.00617716
-0.00601986
-0.00585647
-0.00567915
-0.00547656
-0.00523513
-0.00494101
-0.00458252
-0.00415284
-0.00365258
-0.00309172
-0.00249078
-0.00187956
-0.0012996
-0.000784071
-0.000420752
-8.78059e-05
-0.000390064
0.00110098
-0.220963
-0.221069
-0.220848
-0.221112
-0.22146
-0.221615
-0.221681
-0.221727
-0.221723
-0.221645
-0.221498
-0.221284
-0.221001
-0.220645
-0.220212
-0.219698
-0.219099
-0.218408
-0.21762
-0.216727
-0.215722
-0.214594
-0.213335
-0.211931
-0.210371
-0.208639
-0.206718
-0.204593
-0.202247
-0.199669
-0.196851
-0.193796
-0.190512
-0.187014
-0.183318
-0.179436
-0.175369
-0.171108
-0.166637
-0.161949
-0.157056
-0.152011
-0.146912
-0.141894
-0.13712
-0.132752
-0.128922
-0.125714
-0.12315
-0.121188
-0.119742
-0.118699
-0.117944
-0.117376
-0.11692
-0.116521
-0.11615
-0.115788
-0.115426
-0.115061
-0.114691
-0.114313
-0.113926
-0.113528
-0.113116
-0.112689
-0.112244
-0.111778
-0.111288
-0.110773
-0.11023
-0.109658
-0.109054
-0.108418
-0.107748
-0.107043
-0.106302
-0.105524
-0.104707
-0.103851
-0.102954
-0.102014
-0.101029
-0.0999961
-0.0989125
-0.0977739
-0.0965756
-0.0953119
-0.0939758
-0.0925591
-0.0910516
-0.0894411
-0.0877127
-0.0858488
-0.0838293
-0.0816317
-0.0792324
-0.0766082
-0.0737391
-0.0706108
-0.067218
-0.0635673
-0.0596804
-0.0555949
-0.0513652
-0.0470606
-0.0427619
-0.0385575
-0.034537
-0.0307852
-0.0273766
-0.0243699
-0.021805
-0.0197009
-0.0180562
-0.0168511
-0.0160501
-0.0156065
-0.015466
-0.0155709
-0.0158636
-0.0162896
-0.0167989
-0.0173478
-0.0178992
-0.0184228
-0.0188945
-0.0192964
-0.0196162
-0.0198453
-0.0199772
-0.020012
-0.019951
-0.0197964
-0.0195526
-0.0192254
-0.0188215
-0.0183483
-0.0178138
-0.0172264
-0.0165949
-0.0159282
-0.0152353
-0.0145255
-0.0138079
-0.0130916
-0.0123855
-0.0116981
-0.0110374
-0.010411
-0.00982537
-0.00928602
-0.00879729
-0.00836216
-0.00798235
-0.00765833
-0.00738951
-0.0071744
-0.00701075
-0.0068957
-0.0068258
-0.00679701
-0.00680469
-0.00684355
-0.00690765
-0.00699045
-0.00708487
-0.00718349
-0.00727872
-0.00736315
-0.00742991
-0.00747306
-0.00748808
-0.00747571
-0.00742303
-0.00734444
-0.00723858
-0.00711088
-0.00696782
-0.00681595
-0.00666084
-0.00650584
-0.00635095
-0.0061921
-0.00602088
-0.00582508
-0.00558987
-0.00529986
-0.00494156
-0.00450626
-0.00399278
-0.0034096
-0.00277661
-0.00212354
-0.00149503
-0.0009233
-0.000516895
-0.000111119
-0.000484534
0.00137873
-0.219568
-0.22012
-0.220191
-0.220528
-0.220945
-0.221185
-0.221302
-0.221369
-0.221374
-0.221294
-0.221129
-0.220884
-0.220558
-0.220147
-0.219646
-0.219053
-0.218361
-0.217565
-0.216658
-0.215631
-0.214476
-0.213182
-0.21174
-0.210137
-0.20836
-0.206395
-0.204226
-0.201839
-0.199223
-0.196368
-0.193273
-0.189941
-0.186387
-0.182628
-0.178686
-0.174581
-0.170327
-0.165933
-0.161407
-0.156766
-0.152048
-0.147317
-0.142671
-0.13823
-0.13412
-0.130455
-0.127314
-0.124728
-0.122678
-0.121102
-0.119912
-0.119012
-0.118312
-0.117742
-0.117249
-0.116802
-0.11638
-0.115972
-0.115573
-0.115177
-0.114782
-0.114386
-0.113984
-0.113575
-0.113155
-0.112722
-0.112271
-0.1118
-0.111307
-0.110789
-0.110244
-0.10967
-0.109065
-0.108427
-0.107757
-0.107051
-0.106309
-0.10553
-0.104714
-0.103858
-0.102961
-0.102022
-0.101039
-0.100008
-0.0989269
-0.0977919
-0.0965982
-0.0953403
-0.0940115
-0.0926038
-0.0911071
-0.0895094
-0.0877958
-0.0859486
-0.0839471
-0.0817682
-0.0793868
-0.076778
-0.0739193
-0.0707935
-0.0673919
-0.0637176
-0.0597887
-0.0556399
-0.0513231
-0.0469064
-0.0424713
-0.0381079
-0.0339097
-0.0299669
-0.0263605
-0.0231564
-0.020402
-0.0181235
-0.0163254
-0.0149928
-0.0140932
-0.0135812
-0.0134022
-0.0134971
-0.0138056
-0.0142694
-0.0148348
-0.015454
-0.016086
-0.0166967
-0.017259
-0.0177523
-0.0181616
-0.0184772
-0.0186916
-0.0188034
-0.0188139
-0.0187253
-0.0185423
-0.0182711
-0.017919
-0.0174944
-0.017006
-0.0164632
-0.0158756
-0.0152531
-0.0146057
-0.0139431
-0.0132751
-0.0126113
-0.0119607
-0.0113318
-0.0107325
-0.0101697
-0.00964924
-0.00917569
-0.0087522
-0.00838055
-0.00806116
-0.00779329
-0.00757527
-0.0074048
-0.00727909
-0.00719502
-0.00714921
-0.00713794
-0.00715712
-0.00720214
-0.00726784
-0.00734847
-0.00743775
-0.00752895
-0.00761516
-0.00768951
-0.00774559
-0.00777782
-0.00778159
-0.00775032
-0.00769721
-0.00760992
-0.00749639
-0.00736253
-0.0072149
-0.00706026
-0.00690437
-0.00675065
-0.00659903
-0.00644521
-0.0062803
-0.00609134
-0.00586251
-0.00557711
-0.00522017
-0.00478138
-0.004258
-0.00365722
-0.00299833
-0.00231085
-0.00164199
-0.00102304
-0.000580211
-0.000113459
-0.000544525
0.00160485
-0.218184
-0.219098
-0.219459
-0.219905
-0.220395
-0.220722
-0.220897
-0.220991
-0.221006
-0.220923
-0.220741
-0.220464
-0.220093
-0.219624
-0.219053
-0.218377
-0.21759
-0.216685
-0.215655
-0.214492
-0.213185
-0.211725
-0.210101
-0.2083
-0.206311
-0.204119
-0.201712
-0.199079
-0.19621
-0.193103
-0.189758
-0.186186
-0.182404
-0.178435
-0.174307
-0.170048
-0.165686
-0.161244
-0.156749
-0.152239
-0.147762
-0.143391
-0.139212
-0.135322
-0.131812
-0.128748
-0.126165
-0.124057
-0.12238
-0.121067
-0.120038
-0.119218
-0.118541
-0.11796
-0.117439
-0.116958
-0.116504
-0.116069
-0.115646
-0.115233
-0.114825
-0.114418
-0.114009
-0.113594
-0.113169
-0.112731
-0.112277
-0.111805
-0.11131
-0.11079
-0.110243
-0.109668
-0.109062
-0.108424
-0.107752
-0.107046
-0.106304
-0.105525
-0.104708
-0.103851
-0.102955
-0.102015
-0.101032
-0.100002
-0.0989212
-0.0977873
-0.0965953
-0.0953397
-0.0940142
-0.0926109
-0.0911199
-0.0895294
-0.0878246
-0.0859877
-0.0839979
-0.0818315
-0.0794625
-0.0768647
-0.0740136
-0.0708898
-0.0674818
-0.0637896
-0.0598283
-0.0556296
-0.0512433
-0.0467359
-0.0421886
-0.037693
-0.033345
-0.0292391
-0.0254615
-0.0220846
-0.0191622
-0.0167268
-0.0147889
-0.0133379
-0.0123447
-0.0117656
-0.0115464
-0.0116268
-0.0119444
-0.0124382
-0.0130508
-0.013731
-0.0144342
-0.0151229
-0.015767
-0.0163432
-0.0168347
-0.01723
-0.0175206
-0.0177039
-0.017781
-0.0177542
-0.0176283
-0.01741
-0.0171072
-0.0167288
-0.0162844
-0.0157843
-0.0152388
-0.0146586
-0.0140544
-0.0134365
-0.0128152
-0.0122003
-0.011601
-0.0110256
-0.0104816
-0.00997549
-0.00951229
-0.00909564
-0.00872765
-0.00840899
-0.00813899
-0.00791594
-0.00773738
-0.00760045
-0.00750213
-0.00743931
-0.0074089
-0.00740767
-0.00743214
-0.0074784
-0.00754203
-0.007618
-0.00770065
-0.00778385
-0.00786116
-0.00792613
-0.00797268
-0.00799549
-0.00799045
-0.00795238
-0.00788996
-0.00779605
-0.00767708
-0.00753908
-0.00738874
-0.00723296
-0.00707757
-0.00692598
-0.00677805
-0.00662921
-0.0064702
-0.00628744
-0.00606431
-0.00578308
-0.00542761
-0.00498629
-0.00445515
-0.0038403
-0.00316049
-0.00244502
-0.00174314
-0.0010853
-0.000611985
-9.62459e-05
-0.000569195
0.0017749
-0.21685
-0.218057
-0.218691
-0.219267
-0.219837
-0.220247
-0.220484
-0.220609
-0.220636
-0.22055
-0.22035
-0.220042
-0.219626
-0.219099
-0.218459
-0.2177
-0.216818
-0.215806
-0.214656
-0.213359
-0.211905
-0.210284
-0.208486
-0.206497
-0.204308
-0.201906
-0.19928
-0.196424
-0.193332
-0.190005
-0.186449
-0.18268
-0.178719
-0.174597
-0.170346
-0.166003
-0.161606
-0.157191
-0.1528
-0.148479
-0.144286
-0.140287
-0.136556
-0.133161
-0.130157
-0.127576
-0.125416
-0.123649
-0.122223
-0.121075
-0.120138
-0.119357
-0.118685
-0.11809
-0.117548
-0.117044
-0.11657
-0.116118
-0.115682
-0.115259
-0.114843
-0.11443
-0.114016
-0.113597
-0.11317
-0.112729
-0.112274
-0.111799
-0.111303
-0.110782
-0.110234
-0.109658
-0.109051
-0.108413
-0.10774
-0.107034
-0.106291
-0.105511
-0.104694
-0.103837
-0.102939
-0.102
-0.101016
-0.0999841
-0.098903
-0.0977685
-0.096576
-0.0953203
-0.0939952
-0.0925927
-0.0911035
-0.0895157
-0.0878146
-0.0859826
-0.0839988
-0.0818394
-0.0794775
-0.076886
-0.0740393
-0.070916
-0.0675025
-0.0637963
-0.0598098
-0.0555724
-0.0511315
-0.0465522
-0.0419151
-0.0373124
-0.0328417
-0.0286007
-0.0246798
-0.0211565
-0.01809
-0.0155186
-0.0134576
-0.011901
-0.0108228
-0.0101812
-0.00992276
-0.0099865
-0.0103085
-0.0108253
-0.011477
-0.0122089
-0.0129734
-0.0137302
-0.0144462
-0.015096
-0.0156605
-0.0161273
-0.0164864
-0.0167343
-0.0168718
-0.0169012
-0.0168275
-0.0166576
-0.0164001
-0.0160644
-0.0156609
-0.0152003
-0.014694
-0.0141531
-0.0135888
-0.0130122
-0.0124336
-0.0118631
-0.0113097
-0.0107817
-0.0102862
-0.00982905
-0.00941449
-0.00904533
-0.00872276
-0.0084465
-0.00821504
-0.00802595
-0.00787628
-0.00776291
-0.00768281
-0.00763313
-0.00761119
-0.0076143
-0.00763963
-0.00768392
-0.00774335
-0.00781346
-0.00788909
-0.00796452
-0.00803364
-0.00809032
-0.00812868
-0.00814357
-0.0081318
-0.00808788
-0.00801828
-0.00791964
-0.00779708
-0.00765665
-0.00750515
-0.00734951
-0.00719553
-0.00704656
-0.00690231
-0.00675796
-0.00660391
-0.00642612
-0.00620733
-0.00592906
-0.00557428
-0.00513044
-0.00459263
-0.00396613
-0.00326927
-0.00253114
-0.00180257
-0.00111335
-0.000614706
-6.16383e-05
-0.000559928
0.00188823
-0.215603
-0.217046
-0.217924
-0.218641
-0.219297
-0.219785
-0.220083
-0.220241
-0.22028
-0.220192
-0.219976
-0.219637
-0.219178
-0.218596
-0.217888
-0.217051
-0.216079
-0.214965
-0.213702
-0.21228
-0.210689
-0.20892
-0.206962
-0.204803
-0.202435
-0.199846
-0.19703
-0.193982
-0.190702
-0.187194
-0.183471
-0.179553
-0.175468
-0.171248
-0.166935
-0.162571
-0.158202
-0.153874
-0.149635
-0.145538
-0.141639
-0.137995
-0.13466
-0.131677
-0.129073
-0.126849
-0.124986
-0.123444
-0.122172
-0.121115
-0.120224
-0.119456
-0.11878
-0.118171
-0.117613
-0.117095
-0.116608
-0.116145
-0.115702
-0.115272
-0.114851
-0.114434
-0.114017
-0.113595
-0.113165
-0.112723
-0.112265
-0.111789
-0.111292
-0.11077
-0.110221
-0.109644
-0.109037
-0.108398
-0.107725
-0.107017
-0.106274
-0.105494
-0.104676
-0.103818
-0.10292
-0.101979
-0.100994
-0.0999606
-0.098878
-0.0977417
-0.0965475
-0.09529
-0.0939631
-0.0925592
-0.0910686
-0.08948
-0.0877787
-0.0859471
-0.0839644
-0.0818069
-0.0794471
-0.0768576
-0.0740117
-0.0708868
-0.0674676
-0.0637497
-0.0597435
-0.0554762
-0.0509932
-0.0463583
-0.0416514
-0.0369645
-0.0323966
-0.0280474
-0.0240106
-0.0203675
-0.0171821
-0.0144969
-0.0123321
-0.0106851
-0.00953317
-0.00883635
-0.00854195
-0.00858894
-0.00891228
-0.00944674
-0.01013
-0.010905
-0.0117212
-0.0125359
-0.0133136
-0.0140268
-0.0146545
-0.0151837
-0.0156024
-0.015907
-0.0160976
-0.0161767
-0.0161492
-0.0160225
-0.0158054
-0.0155081
-0.0151413
-0.0147165
-0.0142455
-0.0137401
-0.0132118
-0.0126721
-0.0121315
-0.0116
-0.0110867
-0.0105995
-0.0101451
-0.0097286
-0.00935374
-0.00902252
-0.00873537
-0.00849131
-0.00828821
-0.00812321
-0.00799314
-0.00789486
-0.00782555
-0.00778271
-0.00776415
-0.00776773
-0.00779116
-0.00783172
-0.00788605
-0.00795009
-0.00801902
-0.00808739
-0.00814933
-0.0081989
-0.00823039
-0.00823874
-0.00821937
-0.00817294
-0.00809829
-0.00799638
-0.00787171
-0.00773023
-0.00757876
-0.00742418
-0.00727218
-0.00712594
-0.00698498
-0.00684424
-0.0066938
-0.00651929
-0.00630299
-0.00602591
-0.00567044
-0.00522337
-0.00467917
-0.00404255
-0.00333156
-0.00257513
-0.00182523
-0.00111127
-0.000591751
-1.23012e-05
-0.000519949
0.00194743
-0.214475
-0.216107
-0.217198
-0.218056
-0.218796
-0.219356
-0.219713
-0.219904
-0.219955
-0.219866
-0.219635
-0.219268
-0.218768
-0.218136
-0.217367
-0.216458
-0.215404
-0.214198
-0.212833
-0.211299
-0.209588
-0.207688
-0.20559
-0.203285
-0.200764
-0.198018
-0.195045
-0.191842
-0.188414
-0.18477
-0.180927
-0.176909
-0.172749
-0.168485
-0.164162
-0.159828
-0.155534
-0.15133
-0.147268
-0.1434
-0.139775
-0.136438
-0.133426
-0.130759
-0.128443
-0.126462
-0.124788
-0.123378
-0.122189
-0.121176
-0.120301
-0.119533
-0.118848
-0.118227
-0.117657
-0.117129
-0.116633
-0.116164
-0.115714
-0.11528
-0.114855
-0.114435
-0.114016
-0.113592
-0.11316
-0.112716
-0.112256
-0.111779
-0.11128
-0.110757
-0.110207
-0.10963
-0.109021
-0.108381
-0.107708
-0.107
-0.106256
-0.105475
-0.104656
-0.103798
-0.102898
-0.101956
-0.100969
-0.0999349
-0.0988504
-0.097712
-0.0965152
-0.095255
-0.093925
-0.0925178
-0.0910239
-0.0894318
-0.0877271
-0.0858922
-0.0839065
-0.0817466
-0.0793845
-0.0767926
-0.0739438
-0.0708148
-0.067389
-0.0636608
-0.0596387
-0.0553483
-0.0508337
-0.0461571
-0.0413976
-0.036647
-0.0320049
-0.0275724
-0.0234455
-0.0197086
-0.0164289
-0.0136529
-0.0114041
-0.00968344
-0.00847057
-0.00772747
-0.00740237
-0.0074343
-0.00775752
-0.00830548
-0.00901405
-0.00982408
-0.010683
-0.0115457
-0.0123749
-0.0131412
-0.013822
-0.0144042
-0.0148734
-0.0152261
-0.0154622
-0.0155838
-0.0155961
-0.0155066
-0.0153247
-0.0150608
-0.0147261
-0.0143328
-0.0138929
-0.0134186
-0.012922
-0.0124143
-0.0119065
-0.0114084
-0.0109288
-0.0104753
-0.0100542
-0.00967007
-0.00932602
-0.00902348
-0.00876232
-0.00854108
-0.00835729
-0.00820791
-0.00808976
-0.00799989
-0.00793577
-0.00789532
-0.0078768
-0.00787853
-0.00789865
-0.00793481
-0.00798397
-0.00804232
-0.00810525
-0.00816747
-0.00822328
-0.00826686
-0.00829266
-0.00829586
-0.00827216
-0.0082218
-0.00814377
-0.00803982
-0.00791416
-0.00777265
-0.00762206
-0.00746912
-0.0073193
-0.00717555
-0.00703716
-0.00689881
-0.00675034
-0.00657712
-0.00636118
-0.00608323
-0.00572532
-0.00527391
-0.0047231
-0.00407729
-0.00335439
-0.00258322
-0.00181655
-0.00108369
-0.000547129
4.87715e-05
-0.000453766
0.00195739
-0.213492
-0.215274
-0.216545
-0.217534
-0.218357
-0.218981
-0.219389
-0.219612
-0.219675
-0.219584
-0.219339
-0.218948
-0.218414
-0.217736
-0.216914
-0.215943
-0.214818
-0.213534
-0.212082
-0.210454
-0.208641
-0.206633
-0.204421
-0.201996
-0.199353
-0.196485
-0.19339
-0.190072
-0.186538
-0.1828
-0.178881
-0.174808
-0.170618
-0.166353
-0.16206
-0.15779
-0.153596
-0.14953
-0.145643
-0.141982
-0.138588
-0.135493
-0.132719
-0.130272
-0.128142
-0.126309
-0.12474
-0.123398
-0.122246
-0.121247
-0.120372
-0.119597
-0.118902
-0.118271
-0.117692
-0.117155
-0.116654
-0.116179
-0.115726
-0.115288
-0.114861
-0.114438
-0.114016
-0.113589
-0.113155
-0.11271
-0.112249
-0.11177
-0.111269
-0.110745
-0.110194
-0.109616
-0.109007
-0.108366
-0.107692
-0.106983
-0.106239
-0.105457
-0.104638
-0.103778
-0.102878
-0.101935
-0.100946
-0.0999101
-0.0988235
-0.0976826
-0.096483
-0.0952196
-0.0938861
-0.0924747
-0.090976
-0.0893786
-0.0876682
-0.0858272
-0.0838351
-0.0816691
-0.0793005
-0.0767023
-0.0738472
-0.0707113
-0.0672776
-0.0635393
-0.059504
-0.055196
-0.050658
-0.0459511
-0.0411537
-0.0363572
-0.0316612
-0.0271678
-0.0229745
-0.0191675
-0.015817
-0.0129721
-0.0106591
-0.00888144
-0.00762113
-0.00684167
-0.0064922
-0.006512
-0.0068349
-0.00739341
-0.0081221
-0.00896019
-0.00985339
-0.0107549
-0.011626
-0.0124355
-0.0131591
-0.0137853
-0.0142958
-0.0146883
-0.014962
-0.0151189
-0.0151645
-0.0151064
-0.0149542
-0.0147186
-0.0144114
-0.014045
-0.0136317
-0.0131841
-0.0127142
-0.0122336
-0.011753
-0.0112822
-0.0108298
-0.0104029
-0.0100074
-0.00964747
-0.00932579
-0.00904336
-0.00879973
-0.00859318
-0.00842114
-0.00828058
-0.00816847
-0.00808213
-0.00801937
-0.00797848
-0.0079581
-0.00795687
-0.00797321
-0.00800501
-0.00804941
-0.00810272
-0.00816046
-0.00821743
-0.00826805
-0.00830659
-0.00832769
-0.00832684
-0.00829962
-0.00824614
-0.00816591
-0.00806083
-0.00793499
-0.00779417
-0.00764496
-0.00749387
-0.0073461
-0.00720432
-0.00706751
-0.00693014
-0.00678185
-0.00660784
-0.00639004
-0.00610909
-0.00574693
-0.00528991
-0.00473207
-0.00407767
-0.00334462
-0.00256173
-0.00178219
-0.00103554
-0.000485323
0.000118337
-0.000366598
0.00192422
-0.212674
-0.214573
-0.215991
-0.217097
-0.217994
-0.218673
-0.219125
-0.219375
-0.219449
-0.219357
-0.219101
-0.21869
-0.218126
-0.217412
-0.216545
-0.215524
-0.214342
-0.212994
-0.211473
-0.209771
-0.207878
-0.205786
-0.203487
-0.200973
-0.198239
-0.195283
-0.192104
-0.188708
-0.185106
-0.181314
-0.177358
-0.173267
-0.16908
-0.164843
-0.160603
-0.156413
-0.152324
-0.148388
-0.144651
-0.141156
-0.137934
-0.13501
-0.132392
-0.130079
-0.128056
-0.126299
-0.124779
-0.123463
-0.12232
-0.121319
-0.120438
-0.119653
-0.118947
-0.118307
-0.117721
-0.117179
-0.116672
-0.116194
-0.115738
-0.115297
-0.114867
-0.114442
-0.114018
-0.113589
-0.113153
-0.112706
-0.112243
-0.111763
-0.111261
-0.110735
-0.110184
-0.109604
-0.108994
-0.108353
-0.107678
-0.106969
-0.106224
-0.105442
-0.104621
-0.103761
-0.10286
-0.101916
-0.100926
-0.0998882
-0.0987997
-0.0976565
-0.0964542
-0.0951875
-0.09385
-0.0924338
-0.0909299
-0.0893263
-0.0876089
-0.0857597
-0.0837586
-0.0815838
-0.0792053
-0.0765975
-0.0737327
-0.0705872
-0.0671437
-0.0633951
-0.0593481
-0.0550263
-0.0504715
-0.0457437
-0.0409206
-0.036093
-0.0313606
-0.0268256
-0.0225866
-0.0187311
-0.0153309
-0.0124371
-0.0100781
-0.0082595
-0.00696484
-0.00615899
-0.00579189
-0.00580312
-0.00612633
-0.00669342
-0.00743801
-0.00829816
-0.0092183
-0.0101504
-0.0110543
-0.0118982
-0.0126547
-0.0133161
-0.0138597
-0.0142841
-0.014588
-0.0147735
-0.0148461
-0.0148136
-0.0146858
-0.0144737
-0.0141894
-0.0138453
-0.0134541
-0.0130285
-0.0125805
-0.0121217
-0.0116628
-0.0112131
-0.0107812
-0.0103739
-0.00999661
-0.00965336
-0.00934646
-0.0090767
-0.00884349
-0.00864507
-0.0084789
-0.00834211
-0.0082319
-0.00814587
-0.00808213
-0.00803927
-0.00801616
-0.00801166
-0.00802434
-0.00805218
-0.00809241
-0.0081414
-0.00819471
-0.00824724
-0.00829345
-0.00832776
-0.00834492
-0.00834072
-0.00831071
-0.0082549
-0.00817324
-0.00806765
-0.00794216
-0.00780241
-0.00765477
-0.00750546
-0.00735936
-0.00721882
-0.0070825
-0.00694465
-0.00679475
-0.00661797
-0.00639625
-0.00611031
-0.00574222
-0.00527847
-0.00471316
-0.00405067
-0.00330898
-0.00251697
-0.00172798
-0.000972036
-0.000411173
0.000192959
-0.000263855
0.00185448
-0.212034
-0.21402
-0.215554
-0.216757
-0.217717
-0.218441
-0.218927
-0.219201
-0.219284
-0.219191
-0.218927
-0.218499
-0.217913
-0.217171
-0.216271
-0.215211
-0.213986
-0.212592
-0.21102
-0.209263
-0.207313
-0.205162
-0.202803
-0.200228
-0.197435
-0.194422
-0.191192
-0.187752
-0.184114
-0.1803
-0.176334
-0.17225
-0.168088
-0.163892
-0.159712
-0.155598
-0.151602
-0.14777
-0.144146
-0.140767
-0.137658
-0.134837
-0.132307
-0.130064
-0.12809
-0.126364
-0.124858
-0.123545
-0.122397
-0.121388
-0.120496
-0.119701
-0.118987
-0.11834
-0.117748
-0.117201
-0.11669
-0.116209
-0.11575
-0.115307
-0.114875
-0.114448
-0.114022
-0.113592
-0.113154
-0.112705
-0.112241
-0.111759
-0.111256
-0.110729
-0.110177
-0.109596
-0.108985
-0.108343
-0.107668
-0.106958
-0.106212
-0.10543
-0.104609
-0.103748
-0.102846
-0.101901
-0.10091
-0.0998708
-0.0987807
-0.0976355
-0.0964308
-0.0951611
-0.0938199
-0.0923993
-0.0908898
-0.0892796
-0.0875538
-0.0856961
-0.0836852
-0.0814987
-0.0791085
-0.0764884
-0.0736113
-0.0704538
-0.0669987
-0.063239
-0.0591811
-0.0548481
-0.0502811
-0.0455396
-0.0407004
-0.0358538
-0.0310992
-0.0265388
-0.0222715
-0.0183855
-0.0149538
-0.0120287
-0.00964
-0.00779466
-0.00647758
-0.00565458
-0.00527631
-0.00528266
-0.00560725
-0.00618161
-0.00693875
-0.00781594
-0.00875671
-0.0097121
-0.0106412
-0.0115115
-0.0123018
-0.0129813
-0.0135503
-0.0139995
-0.0143269
-0.0145348
-0.0146288
-0.0146168
-0.0145085
-0.0143153
-0.0140493
-0.0137231
-0.0133496
-0.0129412
-0.0125101
-0.0120679
-0.0116248
-0.0111904
-0.0107727
-0.0103784
-0.0100128
-0.00967969
-0.0093812
-0.00911811
-0.0088898
-0.00869461
-0.00853014
-0.00839372
-0.00828279
-0.00819519
-0.00812927
-0.00808378
-0.00805776
-0.00805014
-0.00805954
-0.00808396
-0.00812065
-0.00816598
-0.00821555
-0.00826429
-0.00830676
-0.00833747
-0.00835131
-0.00834378
-0.00831198
-0.0082545
-0.0081719
-0.00806618
-0.00794131
-0.00780274
-0.00765661
-0.00750882
-0.00736388
-0.00722378
-0.0070869
-0.00694723
-0.00679419
-0.00661293
-0.00638555
-0.006093
-0.00571764
-0.00524624
-0.00467319
-0.00400311
-0.00325412
-0.00245526
-0.00165975
-0.000898386
-0.00032957
0.000269259
-0.00015064
0.00175546
-0.211573
-0.21362
-0.215241
-0.216521
-0.217531
-0.218287
-0.218799
-0.21909
-0.21918
-0.219086
-0.218816
-0.218378
-0.217776
-0.217014
-0.216091
-0.215005
-0.213752
-0.212326
-0.210721
-0.20893
-0.206944
-0.204757
-0.20236
-0.199751
-0.196924
-0.193881
-0.190626
-0.187166
-0.183518
-0.179702
-0.175744
-0.17168
-0.167549
-0.163396
-0.159268
-0.155215
-0.151286
-0.147526
-0.143974
-0.140663
-0.137616
-0.134846
-0.132356
-0.130138
-0.128179
-0.126457
-0.124948
-0.123627
-0.122468
-0.121448
-0.120546
-0.119742
-0.119021
-0.118367
-0.117771
-0.11722
-0.116707
-0.116223
-0.115762
-0.115317
-0.114883
-0.114455
-0.114027
-0.113596
-0.113157
-0.112707
-0.112241
-0.111758
-0.111254
-0.110726
-0.110173
-0.109591
-0.10898
-0.108337
-0.107661
-0.106951
-0.106205
-0.105422
-0.104601
-0.103739
-0.102837
-0.101891
-0.100899
-0.0998589
-0.0987675
-0.0976208
-0.0964141
-0.095142
-0.0937977
-0.0923732
-0.0908588
-0.0892423
-0.0875092
-0.0856423
-0.0836207
-0.0814221
-0.0790192
-0.0763854
-0.0734945
-0.0703233
-0.0668553
-0.0630837
-0.059015
-0.0546722
-0.0500961
-0.0453458
-0.0404975
-0.0356409
-0.0308749
-0.0263016
-0.0220197
-0.0181178
-0.0146693
-0.0117271
-0.00932202
-0.00746187
-0.00613241
-0.0053002
-0.00491641
-0.00492123
-0.00524835
-0.00582914
-0.00659624
-0.00748645
-0.00844271
-0.00941545
-0.0103632
-0.0112527
-0.0120614
-0.0127615
-0.0133497
-0.0138175
-0.0141628
-0.0143879
-0.0144983
-0.014502
-0.0144088
-0.0142302
-0.0139782
-0.0136656
-0.0133051
-0.0129093
-0.0124903
-0.0120594
-0.011627
-0.0112022
-0.0107932
-0.0104064
-0.010047
-0.00971869
-0.00942374
-0.00916288
-0.0089356
-0.00874034
-0.00857491
-0.00843682
-0.00832373
-0.00823366
-0.00816509
-0.00811689
-0.00808812
-0.00807774
-0.00808434
-0.0081059
-0.00813962
-0.00818189
-0.0082283
-0.00827383
-0.00831311
-0.00834076
-0.00835178
-0.00834185
-0.00830811
-0.00824938
-0.00816612
-0.00806043
-0.00793623
-0.00779877
-0.00765394
-0.00750729
-0.00736298
-0.00722264
-0.00708433
-0.00694185
-0.00678452
-0.00659757
-0.00636331
-0.00606302
-0.00567945
-0.00519982
-0.00461892
-0.00394171
-0.00318657
-0.0023827
-0.00158304
-0.000819418
-0.000244901
0.000344428
-3.12329e-05
0.00163687
-0.211281
-0.213368
-0.21505
-0.216384
-0.217428
-0.218207
-0.218736
-0.219038
-0.219134
-0.21904
-0.218766
-0.218321
-0.21771
-0.216936
-0.216
-0.214899
-0.213629
-0.212186
-0.210563
-0.208753
-0.206749
-0.204543
-0.202129
-0.199503
-0.196663
-0.193609
-0.190346
-0.186885
-0.183239
-0.179432
-0.17549
-0.171447
-0.167344
-0.163224
-0.159133
-0.15512
-0.151232
-0.147512
-0.143996
-0.140717
-0.137694
-0.134942
-0.13246
-0.130245
-0.128282
-0.126552
-0.125032
-0.123699
-0.122529
-0.121499
-0.120587
-0.119776
-0.119048
-0.11839
-0.117789
-0.117236
-0.11672
-0.116235
-0.115773
-0.115327
-0.114892
-0.114462
-0.114034
-0.113602
-0.113162
-0.112711
-0.112245
-0.111761
-0.111256
-0.110727
-0.110173
-0.109591
-0.108979
-0.108336
-0.10766
-0.106949
-0.106202
-0.105419
-0.104597
-0.103736
-0.102832
-0.101886
-0.100894
-0.099853
-0.0987607
-0.0976128
-0.0964048
-0.0951309
-0.0937843
-0.0923568
-0.0908384
-0.0892169
-0.0874774
-0.0856025
-0.0835715
-0.0813614
-0.0789457
-0.0762984
-0.0733936
-0.0702081
-0.0667267
-0.0629427
-0.0588633
-0.0545114
-0.0499279
-0.0451716
-0.0403185
-0.0354578
-0.0306876
-0.0261101
-0.0218233
-0.0179158
-0.0144611
-0.0115125
-0.00910097
-0.00723502
-0.00590088
-0.00506558
-0.00468071
-0.00468671
-0.00501737
-0.00560404
-0.0063792
-0.00727938
-0.0082472
-0.00923267
-0.0101942
-0.0110972
-0.0119196
-0.012635
-0.0132373
-0.0137188
-0.0140772
-0.014315
-0.0144376
-0.0144528
-0.0143708
-0.0142026
-0.0139606
-0.0136574
-0.0133058
-0.0129182
-0.0125067
-0.0120826
-0.0116561
-0.0112365
-0.0108315
-0.0104478
-0.0100906
-0.00976345
-0.00946872
-0.00920723
-0.00897857
-0.00878135
-0.00861351
-0.00847277
-0.00835692
-0.0082641
-0.00819287
-0.00814215
-0.00811096
-0.00809823
-0.00810251
-0.00812171
-0.008153
-0.00819274
-0.00823653
-0.00827937
-0.00831597
-0.00834102
-0.00834963
-0.0083377
-0.00830228
-0.00824249
-0.00815869
-0.00805304
-0.00792939
-0.00779283
-0.00764898
-0.0075031
-0.00735901
-0.00721796
-0.00707772
-0.00693189
-0.00676971
-0.0065765
-0.0063348
-0.00602624
-0.00563407
-0.00514599
-0.00455729
-0.00387335
-0.00311284
-0.00230525
-0.00150305
-0.000739407
-0.000160771
0.000416273
9.07565e-05
0.00151326
-0.211135
-0.213243
-0.214963
-0.216332
-0.217396
-0.218187
-0.218726
-0.219035
-0.219134
-0.219039
-0.218764
-0.218316
-0.217701
-0.216922
-0.21598
-0.214872
-0.213596
-0.212146
-0.210516
-0.208699
-0.206688
-0.204476
-0.202058
-0.199429
-0.196587
-0.193533
-0.190273
-0.186817
-0.18318
-0.179384
-0.175456
-0.171431
-0.167347
-0.163247
-0.159177
-0.155185
-0.151315
-0.14761
-0.144107
-0.140835
-0.137816
-0.135062
-0.132575
-0.130351
-0.128377
-0.126634
-0.125102
-0.123757
-0.122577
-0.121537
-0.120618
-0.119801
-0.119068
-0.118407
-0.117803
-0.117248
-0.116731
-0.116245
-0.115782
-0.115335
-0.1149
-0.11447
-0.114041
-0.113608
-0.113168
-0.112717
-0.11225
-0.111766
-0.11126
-0.110732
-0.110177
-0.109595
-0.108982
-0.108339
-0.107662
-0.106951
-0.106204
-0.105421
-0.104599
-0.103737
-0.102833
-0.101887
-0.100894
-0.099853
-0.0987603
-0.0976118
-0.096403
-0.0951281
-0.0937801
-0.0923507
-0.0908297
-0.0892047
-0.0874605
-0.0855797
-0.0835412
-0.081322
-0.0788958
-0.0762364
-0.0733182
-0.07012
-0.0666254
-0.0628291
-0.0587387
-0.0543774
-0.0497864
-0.0450246
-0.0401677
-0.0353049
-0.0305337
-0.0259561
-0.0216696
-0.0177626
-0.0143083
-0.0113598
-0.00894859
-0.00708303
-0.0057497
-0.00491588
-0.00453341
-0.00454292
-0.00487832
-0.00547096
-0.0062533
-0.00716172
-0.00813869
-0.00913398
-0.0101057
-0.0110223
-0.0118515
-0.0125781
-0.0131908
-0.0136821
-0.0140501
-0.014297
-0.0144281
-0.0144514
-0.0143768
-0.0142156
-0.01398
-0.0136826
-0.0133361
-0.0129531
-0.0125455
-0.0121245
-0.0117004
-0.0112824
-0.0108784
-0.0104949
-0.0101372
-0.00980892
-0.00951248
-0.00924879
-0.00901755
-0.00881748
-0.00864666
-0.00850294
-0.00838421
-0.0082887
-0.00821501
-0.00816203
-0.00812877
-0.0081141
-0.00811648
-0.00813379
-0.00816314
-0.00820086
-0.00824253
-0.0082832
-0.00831759
-0.00834049
-0.00834705
-0.00833293
-0.00829653
-0.00823577
-0.0081514
-0.00804564
-0.0079223
-0.00778631
-0.00764311
-0.00749768
-0.00735352
-0.00721158
-0.00706934
-0.00692019
-0.00675328
-0.00655396
-0.00630498
-0.0059883
-0.0055876
-0.00509109
-0.00449459
-0.00380396
-0.00303817
-0.00222713
-0.00142273
-0.000660013
-7.75236e-05
0.000485278
0.000214259
0.00140883
-0.211104
-0.213223
-0.214964
-0.216351
-0.217424
-0.218221
-0.218764
-0.219075
-0.219176
-0.219082
-0.218806
-0.218357
-0.217741
-0.216961
-0.216018
-0.214909
-0.213632
-0.212181
-0.210551
-0.208735
-0.206725
-0.204515
-0.202099
-0.199474
-0.196636
-0.193588
-0.190335
-0.186887
-0.183259
-0.179472
-0.175555
-0.17154
-0.167466
-0.163375
-0.159312
-0.155325
-0.151459
-0.147754
-0.144248
-0.140971
-0.137943
-0.135178
-0.132679
-0.130442
-0.128454
-0.126699
-0.125155
-0.1238
-0.12261
-0.121563
-0.120638
-0.119816
-0.119081
-0.118417
-0.117812
-0.117256
-0.116738
-0.116252
-0.115789
-0.115343
-0.114907
-0.114478
-0.114049
-0.113617
-0.113177
-0.112725
-0.112259
-0.111774
-0.111269
-0.11074
-0.110185
-0.109603
-0.10899
-0.108347
-0.10767
-0.106959
-0.106212
-0.105428
-0.104606
-0.103744
-0.102841
-0.101894
-0.100901
-0.0998603
-0.0987676
-0.0976192
-0.0964103
-0.0951352
-0.0937869
-0.0923569
-0.0908349
-0.0892082
-0.0874617
-0.0855774
-0.0835343
-0.0813089
-0.0788751
-0.0762065
-0.0732777
-0.0700674
-0.0665602
-0.062751
-0.0586477
-0.0542744
-0.0496725
-0.0449013
-0.0400366
-0.0351677
-0.0303924
-0.0258122
-0.0215248
-0.0176186
-0.014166
-0.0112202
-0.00881257
-0.00695148
-0.00562343
-0.00479572
-0.00442018
-0.00443743
-0.00478131
-0.00538311
-0.00617516
-0.00709373
-0.00808118
-0.00908726
-0.0100686
-0.0109943
-0.0118334
-0.0125698
-0.0131911
-0.0136905
-0.014066
-0.0143197
-0.014457
-0.0144858
-0.0144161
-0.0142591
-0.0140271
-0.0137325
-0.0133883
-0.0130069
-0.0126002
-0.0121796
-0.0117552
-0.0113364
-0.010931
-0.0105457
-0.0101858
-0.00985494
-0.00955562
-0.00928882
-0.00905431
-0.00885093
-0.00867684
-0.00852998
-0.00840833
-0.00831016
-0.00823408
-0.00817899
-0.00814384
-0.00812747
-0.00812827
-0.00814406
-0.00817188
-0.00820802
-0.00824806
-0.00828702
-0.00831966
-0.0083408
-0.00834564
-0.00833009
-0.00829218
-0.00823034
-0.00814517
-0.00803897
-0.00791551
-0.00777966
-0.0076367
-0.00749142
-0.00734707
-0.00720433
-0.00706042
-0.00690848
-0.00673749
-0.00653276
-0.00627707
-0.00595259
-0.0055433
-0.00503783
-0.00443245
-0.00373352
-0.0029604
-0.00214354
-0.00133424
-0.000570268
1.90777e-05
0.000567492
0.000352403
0.00137269
-0.211168
-0.213294
-0.215046
-0.216438
-0.217515
-0.218311
-0.218855
-0.219166
-0.219266
-0.219172
-0.218895
-0.218447
-0.217831
-0.217052
-0.21611
-0.215003
-0.213729
-0.212281
-0.210655
-0.208843
-0.206839
-0.204635
-0.202226
-0.199608
-0.196778
-0.193738
-0.190493
-0.187052
-0.183432
-0.179652
-0.17574
-0.171728
-0.167655
-0.163564
-0.159498
-0.155506
-0.151631
-0.147915
-0.144397
-0.141105
-0.138062
-0.135281
-0.132766
-0.130514
-0.128512
-0.126744
-0.125189
-0.123825
-0.122628
-0.121576
-0.120647
-0.119822
-0.119084
-0.11842
-0.117815
-0.117259
-0.116742
-0.116257
-0.115795
-0.115349
-0.114915
-0.114487
-0.114059
-0.113628
-0.113188
-0.112738
-0.112272
-0.111788
-0.111283
-0.110754
-0.110199
-0.109617
-0.109004
-0.108361
-0.107684
-0.106973
-0.106226
-0.105442
-0.10462
-0.103759
-0.102856
-0.101909
-0.100917
-0.0998765
-0.0987843
-0.0976366
-0.0964285
-0.0951542
-0.0938068
-0.0923777
-0.0908565
-0.0892303
-0.0874839
-0.085599
-0.0835543
-0.081326
-0.0788876
-0.0762124
-0.073275
-0.0700537
-0.0665333
-0.0627088
-0.0585889
-0.0541978
-0.0495779
-0.0447889
-0.0399077
-0.0350237
-0.0302356
-0.0256452
-0.0213502
-0.0174391
-0.0139849
-0.0110403
-0.00863681
-0.00678262
-0.00546397
-0.00464784
-0.00428568
-0.00431772
-0.0046774
-0.00529557
-0.00610416
-0.00703904
-0.00804222
-0.00906295
-0.010061
-0.0109981
-0.0118496
-0.0125967
-0.0132274
-0.0137351
-0.0141176
-0.0143773
-0.0145194
-0.0145521
-0.0144854
-0.0143305
-0.0140996
-0.0138056
-0.0134611
-0.0130788
-0.0126707
-0.012248
-0.0118212
-0.0113995
-0.0109909
-0.0106021
-0.0102385
-0.00990386
-0.00960066
-0.00932996
-0.0090916
-0.00888446
-0.00870676
-0.0085565
-0.00843172
-0.00833073
-0.00825215
-0.00819489
-0.00815788
-0.00813989
-0.00813929
-0.00815381
-0.00818044
-0.00821541
-0.00825424
-0.00829193
-0.00832321
-0.00834291
-0.00834626
-0.00832929
-0.00828995
-0.00822664
-0.0081403
-0.00803316
-0.00790903
-0.00777276
-0.00762958
-0.00748418
-0.00733961
-0.00719634
-0.0070513
-0.00689736
-0.00672323
-0.00651395
-0.00625219
-0.00592007
-0.00550164
-0.00498576
-0.00436905
-0.00365831
-0.00287331
-0.00204525
-0.00122507
-0.00045351
0.000148305
0.000688731
0.000520039
0.00145779
-0.22252
-0.222633
-0.222675
-0.222723
-0.222759
-0.222786
-0.222799
-0.222795
-0.222772
-0.222727
-0.222659
-0.222566
-0.222447
-0.222302
-0.222128
-0.221927
-0.221697
-0.22144
-0.221153
-0.220839
-0.220496
-0.220126
-0.219727
-0.219299
-0.218841
-0.21835
-0.217824
-0.217263
-0.216668
-0.216046
-0.21541
-0.214781
-0.21419
-0.21367
-0.21325
-0.212945
-0.212733
-0.212538
-0.212198
-0.211446
-0.209909
-0.207132
-0.202633
-0.195977
-0.186835
-0.175033
-0.16061
-0.14382
-0.125141
-0.105282
-0.0851291
-0.0656849
-0.0479467
-0.032798
-0.0209105
-0.0126557
-0.00810324
-0.00703106
-0.00898061
-0.0133536
-0.0195
-0.026789
-0.0346602
-0.0426515
-0.0504088
-0.0576879
-0.0643091
-0.0701963
-0.0753143
-0.0796665
-0.0832829
-0.0862093
-0.0885003
-0.0902132
-0.0914048
-0.0921289
-0.0924358
-0.092371
-0.0919759
-0.0912876
-0.0903398
-0.0891628
-0.0877847
-0.0862313
-0.084527
-0.082695
-0.080758
-0.0787378
-0.0766559
-0.0745335
-0.0723911
-0.0702488
-0.0681256
-0.0660394
-0.0640065
-0.0620414
-0.0601565
-0.0583617
-0.0566643
-0.0550691
-0.0535783
-0.0521918
-0.0509071
-0.0497201
-0.0486255
-0.0476166
-0.0466865
-0.0458277
-0.045033
-0.0442952
-0.0436075
-0.0429636
-0.0423573
-0.0417831
-0.0412356
-0.0407099
-0.0402011
-0.0397048
-0.0392166
-0.0387323
-0.0382481
-0.0377601
-0.0372648
-0.0367589
-0.0362395
-0.0357039
-0.0351498
-0.0345753
-0.0339787
-0.0333586
-0.032714
-0.0320437
-0.0313471
-0.0306232
-0.0298711
-0.0290899
-0.0282783
-0.0274347
-0.0265573
-0.0256436
-0.0246906
-0.0236949
-0.0226523
-0.0215586
-0.0204089
-0.0191986
-0.0179231
-0.016579
-0.0151639
-0.0136776
-0.0121221
-0.0105027
-0.00882796
-0.00711016
-0.00536524
-0.00361249
-0.00187396
-0.000173653
0.00146358
0.00301319
0.0044522
0.00576034
0.0069211
0.00792254
0.00875772
0.00942495
0.0099276
0.0102738
0.0104755
0.0105481
0.0105091
0.0103773
0.0101724
0.00991304
0.00961489
0.00929797
0.00897343
0.00865274
0.00834463
0.00805505
0.00778732
0.00754231
0.00731876
0.00711354
0.00692196
0.00673792
0.00655387
0.00636049
0.00614629
0.00589746
0.00559833
0.00523286
0.00478768
0.00425465
0.00363751
0.0029445
0.00221902
0.00144418
0.000830146
-0.000121684
-0.222512
-0.222611
-0.222648
-0.222695
-0.22273
-0.222757
-0.22277
-0.222766
-0.222744
-0.222699
-0.222631
-0.222539
-0.22242
-0.222275
-0.222102
-0.221901
-0.221671
-0.221413
-0.221127
-0.220813
-0.22047
-0.220099
-0.219699
-0.219271
-0.218812
-0.21832
-0.217794
-0.217233
-0.216638
-0.216015
-0.215377
-0.214744
-0.214143
-0.213607
-0.213163
-0.212824
-0.21257
-0.212329
-0.211947
-0.211166
-0.209625
-0.206873
-0.202431
-0.195859
-0.186822
-0.175128
-0.16082
-0.144144
-0.12556
-0.10578
-0.0856859
-0.0662795
-0.0485611
-0.0334186
-0.0215241
-0.0132553
-0.00868222
-0.00757963
-0.00948842
-0.0138112
-0.0198995
-0.0271253
-0.0349313
-0.0428588
-0.0505555
-0.0577686
-0.0643486
-0.0701927
-0.075276
-0.0796013
-0.0831968
-0.0861073
-0.0883865
-0.0900911
-0.0912768
-0.091997
-0.0923013
-0.092235
-0.0918389
-0.0911501
-0.0902021
-0.0890251
-0.087647
-0.0860938
-0.0843899
-0.0825586
-0.0806224
-0.0786035
-0.0765234
-0.0744032
-0.0722638
-0.0701251
-0.0680061
-0.0659249
-0.0638977
-0.0619389
-0.0600607
-0.0582729
-0.0565829
-0.0549951
-0.0535117
-0.0521323
-0.0508545
-0.049674
-0.0485853
-0.0475819
-0.0466566
-0.0458021
-0.045011
-0.0442764
-0.0435913
-0.0429496
-0.0423451
-0.0417723
-0.041226
-0.0407013
-0.0401933
-0.0396976
-0.03921
-0.0387262
-0.0382424
-0.0377549
-0.03726
-0.0367546
-0.0362357
-0.0357006
-0.0351471
-0.0345731
-0.033977
-0.0333575
-0.0327135
-0.0320438
-0.0313478
-0.0306245
-0.0298731
-0.0290926
-0.0282817
-0.0274391
-0.0265627
-0.0256501
-0.0246985
-0.0237045
-0.022664
-0.0215727
-0.0204259
-0.0192189
-0.0179474
-0.0166079
-0.015198
-0.0137173
-0.0121679
-0.0105548
-0.00888665
-0.00717538
-0.00543677
-0.00368988
-0.00195656
-0.000260588
0.00137335
0.00292087
0.0043591
0.00566787
0.00683072
0.00783567
0.00867575
0.00934916
0.00985917
0.0102137
0.0104245
0.0105069
0.0104779
0.0103564
0.0101613
0.00991125
0.00962384
0.00931597
0.00899952
0.00868608
0.00838429
0.00810002
0.00783656
0.00759478
0.00737341
0.00716934
0.00697799
0.00679338
0.00660816
0.00641329
0.00619765
0.00594775
0.00564821
0.00528308
0.00483889
0.00430703
0.00369096
0.00299745
0.00227184
0.00148911
0.000880698
-9.83761e-05
-0.222498
-0.222594
-0.222626
-0.222672
-0.222707
-0.222734
-0.222748
-0.222745
-0.222723
-0.222679
-0.222611
-0.222519
-0.222401
-0.222256
-0.222083
-0.221883
-0.221653
-0.221395
-0.221109
-0.220794
-0.220451
-0.22008
-0.21968
-0.219251
-0.218791
-0.218299
-0.217773
-0.217212
-0.216616
-0.215991
-0.215348
-0.214706
-0.214091
-0.213534
-0.213065
-0.212698
-0.212421
-0.212171
-0.211806
-0.211078
-0.209624
-0.206985
-0.202665
-0.196211
-0.187273
-0.175657
-0.161428
-0.144786
-0.126226
-0.106456
-0.0863585
-0.0669415
-0.0492123
-0.034054
-0.0221454
-0.0138639
-0.00928051
-0.00816664
-0.0100603
-0.0143611
-0.0204193
-0.0276064
-0.0353664
-0.0432424
-0.0508846
-0.0580467
-0.0645743
-0.0703744
-0.0754124
-0.0796988
-0.0832613
-0.0861441
-0.0884005
-0.0900864
-0.0912571
-0.0919654
-0.0922601
-0.0921861
-0.0917838
-0.0910898
-0.0901373
-0.0889564
-0.0875747
-0.0860182
-0.084311
-0.0824766
-0.0805375
-0.0785158
-0.0764331
-0.0743109
-0.0721698
-0.07003
-0.0679108
-0.06583
-0.0638041
-0.0618475
-0.0599724
-0.0581885
-0.0565031
-0.0549205
-0.0534427
-0.0520692
-0.0507974
-0.0496228
-0.0485399
-0.0475419
-0.0466216
-0.0457717
-0.0449847
-0.0442537
-0.0435717
-0.0429327
-0.0423305
-0.0417597
-0.041215
-0.0406917
-0.040185
-0.0396904
-0.0392038
-0.0387209
-0.038238
-0.0377512
-0.0372572
-0.0367525
-0.0362344
-0.0357
-0.0351472
-0.0345738
-0.0339784
-0.0333596
-0.0327161
-0.0320471
-0.0313517
-0.0306291
-0.0298784
-0.0290987
-0.0282888
-0.0274471
-0.0265718
-0.0256607
-0.0247107
-0.0237186
-0.0226804
-0.0215917
-0.020448
-0.0192445
-0.0179769
-0.0166416
-0.0152362
-0.0137603
-0.0122158
-0.0106076
-0.00894408
-0.00723719
-0.00550253
-0.00375903
-0.00202845
-0.000334495
0.00129822
0.00284535
0.00428405
0.00559413
0.00675912
0.00776702
0.00861081
0.00928865
0.00980373
0.0101639
0.0103809
0.0104697
0.0104476
0.0103331
0.0101452
0.0099022
0.00962087
0.00932005
0.00900995
0.00870251
0.00840633
0.00812718
0.0078683
0.0076305
0.00741246
0.00721107
0.00702172
0.00683852
0.00665423
0.00646002
0.006245
0.00599589
0.00569739
0.00533341
0.00489018
0.00435841
0.00374141
0.0030442
0.00231597
0.00151969
0.000923901
-0.000116501
-0.222481
-0.222581
-0.222608
-0.222655
-0.22269
-0.222718
-0.222732
-0.22273
-0.222708
-0.222665
-0.222598
-0.222507
-0.222389
-0.222244
-0.222072
-0.221871
-0.221642
-0.221384
-0.221097
-0.220782
-0.220439
-0.220067
-0.219667
-0.219237
-0.218778
-0.218286
-0.217761
-0.217199
-0.216602
-0.215973
-0.215322
-0.214665
-0.214029
-0.213444
-0.212944
-0.212552
-0.21227
-0.212052
-0.211768
-0.211173
-0.209888
-0.207428
-0.20327
-0.19694
-0.188082
-0.176548
-0.162329
-0.145702
-0.127143
-0.107366
-0.0872554
-0.0678291
-0.050092
-0.0349348
-0.023038
-0.0147785
-0.0102188
-0.00912307
-0.0110229
-0.0153135
-0.0213428
-0.0284832
-0.0361812
-0.043984
-0.051547
-0.0586282
-0.0650746
-0.0707999
-0.0757684
-0.0799917
-0.0834994
-0.0863356
-0.0885529
-0.0902065
-0.091351
-0.0920381
-0.0923159
-0.0922283
-0.091815
-0.0911121
-0.090152
-0.0889644
-0.0875766
-0.086014
-0.0843009
-0.0824604
-0.0805149
-0.0784865
-0.0763971
-0.0742679
-0.0721201
-0.0699738
-0.0678485
-0.0657625
-0.0637324
-0.0617726
-0.0598956
-0.0581112
-0.0564266
-0.054846
-0.0533713
-0.0520018
-0.0507347
-0.0495654
-0.0484879
-0.0474953
-0.0465803
-0.0457353
-0.044953
-0.044226
-0.0435478
-0.042912
-0.0423127
-0.0417444
-0.041202
-0.0406806
-0.0401756
-0.0396826
-0.0391974
-0.038716
-0.0382343
-0.0377487
-0.0372558
-0.0367522
-0.0362351
-0.0357017
-0.0351497
-0.0345771
-0.0339825
-0.0333644
-0.0327217
-0.0320534
-0.0313587
-0.0306368
-0.0298869
-0.029108
-0.0282991
-0.0274586
-0.0265847
-0.0256751
-0.0247271
-0.0237372
-0.0227016
-0.0216159
-0.0204756
-0.0192758
-0.0180123
-0.0166812
-0.0152803
-0.0138089
-0.0122688
-0.0106648
-0.00900528
-0.00730199
-0.00557047
-0.00382962
-0.00210116
-0.000408788
0.00122288
0.00276949
0.00420817
0.00551875
0.00668473
0.00769412
0.0085399
0.00922022
0.00973827
0.0101019
0.0103228
0.010416
0.0103987
0.0102893
0.0101069
0.00986951
0.00959366
0.00929923
0.00899526
0.00869392
0.00840382
0.0081307
0.00787769
0.00764555
0.00743286
0.00723644
0.0070516
0.00687242
0.0066917
0.00650065
0.0062885
0.00604202
0.00574589
0.00538373
0.00494136
0.00440878
0.00378924
0.00308595
0.00235321
0.00153967
0.00096221
-0.000172176
-0.222465
-0.222571
-0.222595
-0.222642
-0.222678
-0.222707
-0.222723
-0.222722
-0.222701
-0.222658
-0.222592
-0.222501
-0.222384
-0.222239
-0.222067
-0.221866
-0.221637
-0.221379
-0.221092
-0.220776
-0.220432
-0.22006
-0.21966
-0.21923
-0.218771
-0.21828
-0.217755
-0.217194
-0.216595
-0.21596
-0.215296
-0.214619
-0.213952
-0.213331
-0.212795
-0.212383
-0.212116
-0.211968
-0.211819
-0.211413
-0.210339
-0.208078
-0.204074
-0.197845
-0.189055
-0.177546
-0.163359
-0.146754
-0.128211
-0.108454
-0.088365
-0.0689745
-0.0512866
-0.0361954
-0.0243782
-0.0162038
-0.0117206
-0.0106806
-0.0126069
-0.0168896
-0.022876
-0.0299419
-0.0375401
-0.0452255
-0.0526613
-0.0596124
-0.0659311
-0.0715358
-0.0763986
-0.0805245
-0.0839466
-0.0867103
-0.0888669
-0.0904707
-0.0915749
-0.09223
-0.0924826
-0.0923755
-0.0919472
-0.0912325
-0.0902632
-0.0890679
-0.0876732
-0.086104
-0.084384
-0.0825359
-0.0805819
-0.078544
-0.076444
-0.0743031
-0.0721428
-0.0699835
-0.067845
-0.0657461
-0.0637037
-0.0617328
-0.0598462
-0.0580541
-0.0563636
-0.0547794
-0.0533031
-0.0519339
-0.0506687
-0.0495025
-0.0484292
-0.0474414
-0.0465315
-0.0456917
-0.0449144
-0.0441923
-0.0435184
-0.0428866
-0.0422908
-0.0417257
-0.0411862
-0.0406673
-0.0401646
-0.0396737
-0.0391904
-0.0387107
-0.0382307
-0.0377467
-0.0372552
-0.036753
-0.0362371
-0.0357049
-0.0351539
-0.0345823
-0.0339886
-0.0333714
-0.0327294
-0.0320619
-0.031368
-0.0306469
-0.0298979
-0.02912
-0.0283122
-0.027473
-0.0266007
-0.025693
-0.0247471
-0.0237598
-0.022727
-0.0216447
-0.020508
-0.0193122
-0.018053
-0.0167265
-0.0153303
-0.0138636
-0.0123282
-0.0107288
-0.00907368
-0.00737456
-0.00564697
-0.00390979
-0.00218475
-0.000495546
0.0011332
0.00267715
0.00411347
0.005422
0.00658634
0.00759453
0.00843965
0.00911992
0.00963858
0.0100035
0.0102265
0.0103225
0.0103087
0.0102035
0.010026
0.00979428
0.00952754
0.00923624
0.00893927
0.00864528
0.00836279
0.00809757
0.00785268
0.00762878
0.00742438
0.00723616
0.00705929
0.00688769
0.00671401
0.00652938
0.00632292
0.00608134
0.00578915
0.00542972
0.00498851
0.00445482
0.00383208
0.00312161
0.00238412
0.00155101
0.000999654
-0.000263059
-0.222454
-0.222569
-0.22259
-0.222637
-0.222674
-0.222705
-0.222722
-0.222722
-0.222702
-0.22266
-0.222595
-0.222504
-0.222387
-0.222242
-0.22207
-0.221869
-0.22164
-0.221381
-0.221094
-0.220778
-0.220433
-0.22006
-0.219659
-0.21923
-0.218771
-0.218282
-0.217758
-0.217198
-0.216596
-0.215954
-0.215274
-0.21457
-0.213866
-0.213202
-0.212629
-0.212205
-0.211974
-0.211926
-0.211944
-0.211744
-0.210878
-0.208791
-0.204905
-0.19875
-0.190004
-0.17853
-0.164379
-0.147818
-0.129325
-0.109635
-0.0896349
-0.0703539
-0.0528038
-0.0378742
-0.0262311
-0.0182273
-0.0138907
-0.0129561
-0.0149356
-0.0192142
-0.0251409
-0.0320988
-0.0395513
-0.0470653
-0.0543161
-0.061079
-0.0672142
-0.0726474
-0.0773538
-0.0813407
-0.0846415
-0.0873019
-0.0893724
-0.0909056
-0.0919531
-0.0925635
-0.0927818
-0.0926488
-0.0922016
-0.0914734
-0.0904944
-0.0892921
-0.0878919
-0.0863178
-0.0845924
-0.0827377
-0.0807756
-0.0787274
-0.0766146
-0.0744586
-0.0722806
-0.0701017
-0.067942
-0.0658208
-0.0637557
-0.0617627
-0.0598552
-0.0580441
-0.0563372
-0.0547394
-0.0532528
-0.0518765
-0.0506071
-0.0494396
-0.048367
-0.0473818
-0.0464757
-0.0456405
-0.0448682
-0.0441511
-0.0434821
-0.042855
-0.0422635
-0.0417023
-0.0411663
-0.0406507
-0.0401509
-0.0396627
-0.0391819
-0.0387044
-0.0382265
-0.0377444
-0.0372547
-0.0367542
-0.0362398
-0.035709
-0.0351592
-0.0345887
-0.0339961
-0.0333797
-0.0327386
-0.0320719
-0.0313788
-0.0306586
-0.0299105
-0.0291337
-0.0283272
-0.0274894
-0.0266188
-0.0257131
-0.0247695
-0.0237848
-0.0227552
-0.0216762
-0.0205433
-0.0193518
-0.018097
-0.0167752
-0.0153839
-0.0139223
-0.0123921
-0.010798
-0.0091483
-0.00745468
-0.00573271
-0.00400131
-0.00228221
-0.000599106
0.00102341
0.00256105
0.0039911
0.00529354
0.00645211
0.00745506
0.0082956
0.00897215
0.00948808
0.00985137
0.0100739
0.0101707
0.0101589
0.0100569
0.00988371
0.0096575
0.00939622
0.00911255
0.0088237
0.00853853
0.00826543
0.00801023
0.00777594
0.00756317
0.00737032
0.00719395
0.00702904
0.00686926
0.00670695
0.00653292
0.00633597
0.00610252
0.00581683
0.00546197
0.00502315
0.00448916
0.00386389
0.00314669
0.00240605
0.00155256
0.00103794
-0.000390085
-0.222453
-0.222576
-0.222595
-0.222644
-0.222682
-0.222715
-0.222733
-0.222733
-0.222714
-0.222673
-0.222607
-0.222516
-0.222399
-0.222255
-0.222082
-0.221881
-0.221651
-0.221392
-0.221104
-0.220787
-0.220441
-0.220067
-0.219666
-0.219237
-0.21878
-0.218292
-0.217771
-0.217211
-0.216607
-0.215955
-0.215257
-0.214523
-0.21378
-0.213072
-0.212465
-0.212039
-0.211858
-0.211923
-0.212106
-0.212095
-0.211398
-0.209438
-0.205634
-0.19953
-0.190826
-0.179397
-0.165302
-0.148815
-0.130423
-0.110859
-0.0910263
-0.0719538
-0.0546541
-0.040006
-0.0286538
-0.0209249
-0.016819
-0.0160481
-0.0181108
-0.0223882
-0.0282344
-0.0350443
-0.0422973
-0.0495779
-0.0565778
-0.0630863
-0.0689745
-0.0741764
-0.0786719
-0.0824728
-0.0856117
-0.0881341
-0.0900897
-0.0915289
-0.0925011
-0.0930527
-0.0932264
-0.0930607
-0.0925905
-0.0918472
-0.090859
-0.0896517
-0.0882492
-0.0866739
-0.0849473
-0.0830901
-0.0811232
-0.079067
-0.0769425
-0.0747707
-0.0725726
-0.0703694
-0.0681815
-0.066029
-0.0639303
-0.0619025
-0.0599603
-0.0581155
-0.0563775
-0.054752
-0.0532417
-0.0518463
-0.0505625
-0.049385
-0.0483067
-0.0473191
-0.0464135
-0.0455808
-0.0448123
-0.0441
-0.0434363
-0.0428143
-0.042228
-0.0416716
-0.0411401
-0.0406286
-0.0401325
-0.0396477
-0.03917
-0.0386954
-0.0382201
-0.0377404
-0.0372529
-0.0367543
-0.0362417
-0.0357124
-0.035164
-0.034595
-0.0340033
-0.0333879
-0.0327478
-0.032082
-0.0313899
-0.0306706
-0.0299235
-0.0291478
-0.0283425
-0.0275063
-0.0266374
-0.0257337
-0.0247924
-0.0238104
-0.0227838
-0.0217083
-0.0205791
-0.0193917
-0.0181414
-0.0168244
-0.0154382
-0.0139821
-0.0124578
-0.0108701
-0.00922721
-0.00754104
-0.00582718
-0.00410461
-0.00239508
-0.000722238
0.0008894
0.00241571
0.00383417
0.00512503
0.00627232
0.0072646
0.0080954
0.00876341
0.00927228
0.00963016
0.00984908
0.0099441
0.00993242
0.00983242
0.00966285
0.00944196
0.00918689
0.00891162
0.00863191
0.00835709
0.00809527
0.00785224
0.007631
0.00743212
0.00725396
0.00709298
0.006944
0.00680039
0.00665409
0.00649539
0.00631259
0.00609157
0.00581619
0.00546915
0.00503548
0.00450362
0.00387821
0.00315655
0.00241626
0.00154325
0.00107822
-0.000552876
-0.222466
-0.222598
-0.222615
-0.222665
-0.222704
-0.222738
-0.222756
-0.222757
-0.222738
-0.222696
-0.222631
-0.22254
-0.222422
-0.222277
-0.222104
-0.221902
-0.221671
-0.221411
-0.221122
-0.220803
-0.220456
-0.220082
-0.21968
-0.219251
-0.218796
-0.21831
-0.217792
-0.217233
-0.216628
-0.215968
-0.215251
-0.214488
-0.213705
-0.212957
-0.212324
-0.211904
-0.211777
-0.211947
-0.212269
-0.2124
-0.211819
-0.209939
-0.206184
-0.200121
-0.191462
-0.180091
-0.166076
-0.149697
-0.131455
-0.112092
-0.0925229
-0.0737772
-0.0568612
-0.0426334
-0.0317051
-0.0243667
-0.0205816
-0.0200336
-0.0222066
-0.0264801
-0.0322176
-0.0388318
-0.0458243
-0.0528025
-0.0594795
-0.0656624
-0.071236
-0.0761439
-0.0803724
-0.0839373
-0.0868714
-0.0892193
-0.0910295
-0.0923499
-0.0932271
-0.0937048
-0.0938226
-0.0936167
-0.0931191
-0.0923589
-0.0913621
-0.0901524
-0.0887516
-0.0871804
-0.0854585
-0.083605
-0.0816393
-0.0795807
-0.077449
-0.0752642
-0.073047
-0.0708181
-0.0685982
-0.0664076
-0.064266
-0.0621913
-0.0601998
-0.0583053
-0.0565186
-0.0548473
-0.0532956
-0.0518643
-0.050551
-0.0493504
-0.0482553
-0.0472568
-0.0463452
-0.0455107
-0.0447435
-0.0440346
-0.0433757
-0.0427594
-0.042179
-0.0416285
-0.0411026
-0.0405964
-0.0401053
-0.0396249
-0.0391513
-0.0386804
-0.0382084
-0.0377317
-0.0372468
-0.0367507
-0.0362402
-0.0357129
-0.0351661
-0.0345985
-0.0340082
-0.033394
-0.0327549
-0.0320901
-0.0313989
-0.0306806
-0.0299346
-0.0291601
-0.0283561
-0.0275213
-0.0266541
-0.0257524
-0.0248134
-0.0238339
-0.0228101
-0.0217378
-0.0206122
-0.0194287
-0.0181828
-0.0168707
-0.0154899
-0.0140399
-0.0125224
-0.0109425
-0.00930847
-0.00763238
-0.00592995
-0.00422021
-0.00252493
-0.000867676
0.000727206
0.00223585
0.00363609
0.00490858
0.00603781
0.00701282
0.00782762
0.00848131
0.00897791
0.00932588
0.00953745
0.00962776
0.00961404
0.00951461
0.00934806
0.00913245
0.00888451
0.00861863
0.00834939
0.00808662
0.00783811
0.00760945
0.00740363
0.00722122
0.00706057
0.00691812
0.00678859
0.00666511
0.00653921
0.00640064
0.00623701
0.00603354
0.00577347
0.00543905
0.00501512
0.00448977
0.00386864
0.00314686
0.00241225
0.00152257
0.00112095
-0.000748
-0.222502
-0.222637
-0.222652
-0.222702
-0.222742
-0.222775
-0.222794
-0.222794
-0.222774
-0.222731
-0.222665
-0.222573
-0.222454
-0.222308
-0.222134
-0.221931
-0.221699
-0.221437
-0.221147
-0.220827
-0.220478
-0.220103
-0.219701
-0.219273
-0.218818
-0.218336
-0.21782
-0.217264
-0.216658
-0.215991
-0.215259
-0.214469
-0.213654
-0.212873
-0.212222
-0.211812
-0.211733
-0.211984
-0.212401
-0.212619
-0.212098
-0.21026
-0.20653
-0.200497
-0.19188
-0.180574
-0.166658
-0.150424
-0.132391
-0.113313
-0.0941192
-0.0758354
-0.0594522
-0.0457964
-0.0354329
-0.0286031
-0.0252259
-0.0249535
-0.0272551
-0.0315121
-0.0371036
-0.0434666
-0.0501315
-0.0567344
-0.0630141
-0.0687992
-0.0739904
-0.0785426
-0.0824489
-0.0857291
-0.0884164
-0.0905545
-0.0921897
-0.0933673
-0.0941303
-0.094519
-0.09457
-0.0943162
-0.0937868
-0.0930079
-0.0920031
-0.0907935
-0.0893988
-0.0878373
-0.0861268
-0.0842845
-0.0823279
-0.0802745
-0.0781425
-0.0759508
-0.0737189
-0.0714666
-0.0692145
-0.066983
-0.0647921
-0.062661
-0.0606075
-0.0586474
-0.0567938
-0.0550567
-0.0534427
-0.0519546
-0.0505916
-0.0493497
-0.0482219
-0.0471992
-0.0462714
-0.0454273
-0.0446563
-0.0439477
-0.0432923
-0.0426815
-0.0421077
-0.0415643
-0.0410457
-0.0405464
-0.0400618
-0.0395876
-0.0391194
-0.0386535
-0.038186
-0.0377133
-0.037232
-0.0367389
-0.0362313
-0.0357063
-0.0351618
-0.0345959
-0.0340071
-0.0333944
-0.0327565
-0.0320929
-0.0314028
-0.0306856
-0.0299407
-0.0291673
-0.0283646
-0.0275313
-0.0266657
-0.0257658
-0.0248288
-0.0238516
-0.0228304
-0.021761
-0.0206387
-0.019459
-0.0182174
-0.0169102
-0.0155353
-0.0140921
-0.0125828
-0.0110126
-0.00938999
-0.00772733
-0.00604047
-0.00434852
-0.00267322
-0.001038
0.000533076
0.00201655
0.00339074
0.00463693
0.00574024
0.00669038
0.00748199
0.00811479
0.00859328
0.0089263
0.00912635
0.00920873
0.00919066
0.00909036
0.00892623
0.00871602
0.00847614
0.00822101
0.00796385
0.00771509
0.00748208
0.00727009
0.00708206
0.00691854
0.00677793
0.00665671
0.0065496
0.0064496
0.00634796
0.00623391
0.00609441
0.00591395
0.00567507
0.00535942
0.00495154
0.00443913
0.0038288
0.00311337
0.00239153
0.00149018
0.00116512
-0.000968127
-0.222566
-0.222698
-0.222711
-0.222759
-0.222797
-0.222828
-0.222845
-0.222843
-0.222821
-0.222777
-0.222708
-0.222614
-0.222494
-0.222347
-0.222171
-0.221967
-0.221733
-0.22147
-0.221177
-0.220855
-0.220506
-0.220129
-0.219726
-0.219299
-0.218846
-0.218367
-0.217855
-0.217302
-0.216696
-0.216025
-0.215281
-0.214472
-0.213632
-0.212829
-0.212168
-0.211768
-0.211722
-0.21202
-0.212482
-0.212732
-0.212227
-0.210388
-0.206658
-0.200636
-0.192053
-0.180815
-0.167015
-0.150965
-0.133205
-0.114509
-0.0958151
-0.0781414
-0.0624507
-0.0495232
-0.0398637
-0.0336529
-0.0307591
-0.0308007
-0.0332347
-0.0374503
-0.0428485
-0.0488983
-0.0551651
-0.0613191
-0.0671291
-0.0724476
-0.0771932
-0.0813328
-0.0848669
-0.0878186
-0.0902218
-0.0921186
-0.0935527
-0.094566
-0.0951976
-0.0954842
-0.0954587
-0.0951504
-0.0945852
-0.0937862
-0.0927741
-0.0915673
-0.0901831
-0.0886372
-0.0869452
-0.085122
-0.0831829
-0.0811435
-0.0790201
-0.0768296
-0.0745901
-0.0723201
-0.0700393
-0.0677675
-0.065525
-0.0633317
-0.0612066
-0.0591676
-0.0572303
-0.0554075
-0.053709
-0.0521407
-0.0507044
-0.0493982
-0.0482168
-0.0471516
-0.0461922
-0.0453267
-0.044543
-0.0438292
-0.043174
-0.0425674
-0.0420005
-0.0414657
-0.0409561
-0.0404661
-0.0399906
-0.0395247
-0.0390643
-0.0386054
-0.0381442
-0.0376771
-0.0372008
-0.0367121
-0.0362081
-0.0356865
-0.0351448
-0.0345814
-0.0339948
-0.0333838
-0.0327476
-0.0320854
-0.0313967
-0.0306807
-0.0299371
-0.029165
-0.0283636
-0.0275316
-0.0266675
-0.0257692
-0.024834
-0.0238588
-0.0228398
-0.021773
-0.0206537
-0.0194775
-0.0182401
-0.0169382
-0.0155698
-0.0141346
-0.0126353
-0.0110772
-0.00946935
-0.00782427
-0.00615803
-0.00448982
-0.00284129
-0.00123563
0.000303506
0.00175321
0.00309253
0.00430352
0.00537217
0.00628907
0.00704968
0.00765446
0.00810856
0.00842129
0.00860548
0.00867659
0.00865183
0.00854928
0.00838707
0.00818256
0.00795176
0.00770866
0.00746574
0.00723322
0.00701805
0.00682513
0.00665727
0.00651498
0.00639672
0.00629908
0.00621687
0.00614313
0.00606896
0.00598327
0.00587251
0.00572048
0.00550906
0.00521923
0.00483509
0.0043438
0.00375271
0.00305214
0.00235158
0.0014459
0.0012079
-0.00120129
-0.22267
-0.222785
-0.222792
-0.222834
-0.222868
-0.222895
-0.222907
-0.222902
-0.222877
-0.222829
-0.222758
-0.222662
-0.22254
-0.22239
-0.222212
-0.222006
-0.22177
-0.221505
-0.221211
-0.220887
-0.220536
-0.220158
-0.219755
-0.219328
-0.218877
-0.218401
-0.217893
-0.217344
-0.21674
-0.216068
-0.215317
-0.214497
-0.213642
-0.212826
-0.21216
-0.211766
-0.211734
-0.212043
-0.212505
-0.212735
-0.212197
-0.210317
-0.206555
-0.200518
-0.191954
-0.180781
-0.167113
-0.151288
-0.133876
-0.115668
-0.0976112
-0.0807043
-0.0658679
-0.0538196
-0.0449907
-0.0394917
-0.0371359
-0.0375096
-0.0400622
-0.0441974
-0.0493464
-0.055017
-0.0608158
-0.0664516
-0.0717261
-0.0765178
-0.0807637
-0.0844434
-0.087564
-0.090152
-0.0922412
-0.0938718
-0.0950843
-0.0959164
-0.0964035
-0.0965778
-0.0964683
-0.0961006
-0.095497
-0.0946774
-0.0936592
-0.0924584
-0.0910891
-0.0895648
-0.0878983
-0.0861023
-0.0841897
-0.0821737
-0.0800683
-0.0778886
-0.0756503
-0.0733705
-0.0710672
-0.0687594
-0.0664668
-0.0642094
-0.0620073
-0.0598798
-0.0578449
-0.0559187
-0.0541145
-0.0524419
-0.0509066
-0.0495101
-0.0482497
-0.0471186
-0.0461072
-0.0452035
-0.0443941
-0.0436655
-0.0430046
-0.0423992
-0.0418385
-0.0413131
-0.040815
-0.0403372
-0.0398739
-0.0394198
-0.0389705
-0.0385218
-0.0380698
-0.0376108
-0.0371417
-0.0366593
-0.0361609
-0.0356441
-0.0351065
-0.0345467
-0.0339632
-0.0333549
-0.032721
-0.0320608
-0.0313739
-0.0306595
-0.0299174
-0.0291467
-0.0283466
-0.027516
-0.0266533
-0.0257563
-0.0248226
-0.023849
-0.0228319
-0.0217673
-0.0206507
-0.019478
-0.0182451
-0.016949
-0.015588
-0.0141625
-0.0126755
-0.0111327
-0.00954369
-0.00792125
-0.00628166
-0.00464415
-0.0030302
-0.00146265
3.54103e-05
0.00144185
0.00273663
0.00390282
0.00492751
0.00580234
0.00652381
0.00709326
0.00751658
0.00780368
0.00796771
0.00802432
0.00799069
0.0078847
0.00772409
0.00752579
0.00730521
0.00707581
0.00684925
0.0066353
0.00644038
0.00626894
0.00612358
0.00600474
0.00591091
0.00583886
0.00578362
0.00573841
0.00569438
0.00564035
0.00556245
0.00544403
0.00526638
0.00500985
0.00465801
0.00419727
0.00363533
0.00295985
0.0022901
0.00138973
0.00124473
-0.00143095
-0.222822
-0.2229
-0.222897
-0.222927
-0.222953
-0.222973
-0.222978
-0.222968
-0.222938
-0.222886
-0.222812
-0.222712
-0.222587
-0.222435
-0.222255
-0.222046
-0.221809
-0.221542
-0.221245
-0.22092
-0.220567
-0.220188
-0.219785
-0.219358
-0.218909
-0.218436
-0.217932
-0.217387
-0.216786
-0.216114
-0.215361
-0.214536
-0.213675
-0.212853
-0.212185
-0.211791
-0.211752
-0.212041
-0.212459
-0.21262
-0.211998
-0.210032
-0.206198
-0.200113
-0.191544
-0.180429
-0.166911
-0.15136
-0.134379
-0.116779
-0.0995038
-0.0835217
-0.0696938
-0.0586594
-0.0507644
-0.0460428
-0.0442527
-0.0449521
-0.0475902
-0.0515935
-0.0564313
-0.0616569
-0.066923
-0.0719805
-0.0766656
-0.0808833
-0.0845894
-0.0877749
-0.0904536
-0.0926543
-0.0944098
-0.0957581
-0.0967357
-0.0973762
-0.0977104
-0.0977662
-0.0975685
-0.0971388
-0.0964959
-0.0956562
-0.0946342
-0.0934426
-0.0920931
-0.0905963
-0.0889624
-0.0872017
-0.0853244
-0.0833414
-0.0812642
-0.0791053
-0.0768783
-0.0745982
-0.072281
-0.0699441
-0.0676061
-0.0652866
-0.0630059
-0.0607844
-0.0586422
-0.0565983
-0.0546696
-0.0528702
-0.0512103
-0.049696
-0.0483284
-0.0471042
-0.0460155
-0.0450513
-0.044198
-0.0434408
-0.0427643
-0.0421542
-0.0415971
-0.0410812
-0.0405964
-0.0401342
-0.0396873
-0.0392497
-0.0388161
-0.038382
-0.0379434
-0.0374966
-0.0370383
-0.0365654
-0.0360753
-0.0355657
-0.0350344
-0.0344803
-0.0339013
-0.033297
-0.0326666
-0.0320095
-0.0313251
-0.030613
-0.0298728
-0.0291039
-0.0283054
-0.0274761
-0.0266146
-0.0257189
-0.0247864
-0.0238141
-0.0227986
-0.0217359
-0.020622
-0.0194528
-0.0182249
-0.0169355
-0.0155836
-0.01417
-0.0126983
-0.0111749
-0.00960968
-0.00801591
-0.00641001
-0.00481116
-0.00324059
-0.0017206
-0.000273523
0.0010795
0.00231956
0.00343101
0.00440223
0.00522613
0.00590039
0.00642738
0.00681383
0.00707024
0.00721019
0.00724943
0.00720508
0.00709473
0.00693569
0.00674428
0.00653525
0.00632134
0.00611323
0.00592015
0.00574781
0.00560013
0.0054794
0.00538594
0.00531831
0.00527349
0.00524684
0.00523193
0.0052202
0.00520059
0.0051592
0.00507918
0.00494142
0.00472574
0.00441511
0.00399503
0.00347309
0.00283406
0.00220516
0.00132183
0.0012698
-0.00163738
-0.223037
-0.223043
-0.223022
-0.223034
-0.223047
-0.223055
-0.223053
-0.223035
-0.222999
-0.222943
-0.222864
-0.222761
-0.222633
-0.222478
-0.222295
-0.222084
-0.221844
-0.221575
-0.221277
-0.220951
-0.220597
-0.220217
-0.219813
-0.219387
-0.21894
-0.218469
-0.217968
-0.217426
-0.216828
-0.216158
-0.215404
-0.214579
-0.213717
-0.212896
-0.212224
-0.211819
-0.211753
-0.211988
-0.212318
-0.212362
-0.211604
-0.209499
-0.205544
-0.199371
-0.190769
-0.179706
-0.166361
-0.151144
-0.134691
-0.117827
-0.101481
-0.0865742
-0.0738908
-0.0639779
-0.0570876
-0.0531755
-0.0519475
-0.0529409
-0.0556136
-0.0594236
-0.0638863
-0.0686061
-0.0732855
-0.0777186
-0.0817769
-0.0853909
-0.0885341
-0.091208
-0.0934317
-0.095235
-0.0966492
-0.0977092
-0.0984476
-0.0988931
-0.0990719
-0.0990078
-0.0987211
-0.0982295
-0.0975482
-0.0966904
-0.0956673
-0.0944888
-0.0931638
-0.0917002
-0.0901058
-0.0883882
-0.0865549
-0.0846144
-0.0825755
-0.0804481
-0.0782433
-0.0759734
-0.0736523
-0.0712954
-0.0689195
-0.0665431
-0.0641861
-0.0618693
-0.0596143
-0.0574426
-0.0553745
-0.0534287
-0.0516205
-0.0499613
-0.0484574
-0.04711
-0.0459151
-0.0448637
-0.0439431
-0.043138
-0.0424315
-0.0418068
-0.0412476
-0.0407392
-0.0402687
-0.0398252
-0.0393994
-0.0389837
-0.0385719
-0.0381587
-0.0377394
-0.0373103
-0.0368679
-0.0364093
-0.0359318
-0.0354333
-0.0349116
-0.034366
-0.0337942
-0.0331962
-0.0325712
-0.0319187
-0.0312382
-0.0305295
-0.0297921
-0.0290256
-0.028229
-0.0274014
-0.0265412
-0.0256466
-0.0247152
-0.0237441
-0.02273
-0.0216692
-0.0205581
-0.019393
-0.0181709
-0.0168898
-0.0155491
-0.0141505
-0.012698
-0.011199
-0.00966363
-0.00810556
-0.00654136
-0.00499005
-0.00347244
-0.00201012
-0.000624419
0.00066473
0.00183982
0.00288668
0.00379518
0.0045597
0.00517922
0.00565724
0.00600136
0.00622273
0.00633528
0.00635487
0.00629846
0.00618327
0.00602606
0.00584245
0.00564639
0.00544979
0.00526212
0.00509204
0.00494435
0.00482238
0.00472804
0.00466147
0.0046213
0.0046048
0.00460778
0.00462433
0.00464642
0.00466341
0.00466165
0.00462434
0.00453221
0.00436469
0.00410414
0.00373499
0.00326414
0.00267347
0.00209539
0.00124241
0.00127697
-0.0018004
-0.22333
-0.223213
-0.223162
-0.223146
-0.223141
-0.223136
-0.223123
-0.223097
-0.223054
-0.222993
-0.22291
-0.222803
-0.222671
-0.222514
-0.222329
-0.222116
-0.221874
-0.221603
-0.221304
-0.220976
-0.220621
-0.220241
-0.219837
-0.219412
-0.218965
-0.218495
-0.217996
-0.217455
-0.216858
-0.216189
-0.215438
-0.21461
-0.213748
-0.212924
-0.212243
-0.211814
-0.211696
-0.211842
-0.212039
-0.211912
-0.21096
-0.208659
-0.204528
-0.198222
-0.189561
-0.178551
-0.165415
-0.150607
-0.134791
-0.118796
-0.103521
-0.0898216
-0.0783903
-0.0696709
-0.0638176
-0.0607098
-0.0600086
-0.0612404
-0.0638821
-0.0674326
-0.0714597
-0.0756232
-0.0796769
-0.0834582
-0.0868721
-0.0898731
-0.0924502
-0.0946134
-0.0963854
-0.0977961
-0.0988741
-0.0996512
-0.100155
-0.10041
-0.100437
-0.100256
-0.0998831
-0.0993324
-0.0986156
-0.0977426
-0.0967217
-0.0955601
-0.0942641
-0.0928392
-0.0912904
-0.0896228
-0.0878417
-0.0859526
-0.0839618
-0.0818765
-0.0797051
-0.077457
-0.0751435
-0.0727773
-0.0703733
-0.0679481
-0.0655205
-0.063111
-0.0607421
-0.0584369
-0.0562191
-0.0541114
-0.0521344
-0.0503054
-0.0486368
-0.0471358
-0.0458033
-0.0446343
-0.0436185
-0.0427413
-0.041985
-0.0413309
-0.0407598
-0.0402536
-0.0397962
-0.0393733
-0.038973
-0.0385854
-0.0382024
-0.0378175
-0.0374254
-0.0370214
-0.0366021
-0.0361644
-0.0357055
-0.0352236
-0.0347169
-0.0341833
-0.0336229
-0.0330346
-0.0324179
-0.0317725
-0.031098
-0.0303944
-0.0296612
-0.0288981
-0.0281043
-0.0272789
-0.0264205
-0.0255273
-0.0245971
-0.0236273
-0.0226147
-0.0215563
-0.0204486
-0.0192886
-0.018074
-0.0168033
-0.0154769
-0.0140972
-0.012669
-0.0112003
-0.00970176
-0.00818737
-0.0066737
-0.00517951
-0.00372496
-0.0023307
-0.00101683
0.000198166
0.00129842
0.00227144
0.00310878
0.00380638
0.00436464
0.0047882
0.00508559
0.00526853
0.00535128
0.00534971
0.00528054
0.00516054
0.00500577
0.00483105
0.00464942
0.00447191
0.00430646
0.00416117
0.00403979
0.00394502
0.00387828
0.0038395
0.00382739
0.00383958
0.00387247
0.00392088
0.00397754
0.00403254
0.00407279
0.00408183
0.00404048
0.00392792
0.00372585
0.00341755
0.00300863
0.0024781
0.00196018
0.00115184
0.00126088
-0.00190281
-0.223722
-0.2234
-0.223305
-0.223253
-0.223227
-0.223206
-0.223181
-0.223147
-0.223098
-0.223031
-0.222944
-0.222834
-0.222699
-0.222539
-0.222352
-0.222138
-0.221895
-0.221623
-0.221322
-0.220994
-0.220638
-0.220257
-0.219853
-0.219427
-0.21898
-0.218509
-0.218009
-0.217467
-0.216867
-0.216194
-0.215438
-0.214606
-0.213738
-0.212903
-0.212199
-0.211725
-0.211525
-0.21154
-0.211554
-0.211197
-0.20999
-0.207429
-0.203065
-0.196584
-0.187847
-0.176905
-0.164033
-0.149723
-0.134662
-0.119667
-0.10559
-0.0932032
-0.0830949
-0.0755991
-0.0707733
-0.0684274
-0.0681884
-0.0695836
-0.0721199
-0.0753452
-0.0788853
-0.0824571
-0.0858655
-0.0889891
-0.0917634
-0.0941639
-0.0961919
-0.0978638
-0.0992043
-0.100242
-0.101001
-0.101511
-0.101794
-0.101869
-0.101754
-0.101464
-0.101011
-0.100406
-0.0996584
-0.0987739
-0.0977589
-0.0966178
-0.0953547
-0.0939726
-0.0924744
-0.0908628
-0.0891406
-0.0873108
-0.0853772
-0.083344
-0.0812168
-0.0790022
-0.0767084
-0.0743453
-0.0719249
-0.0694616
-0.0669723
-0.0644767
-0.0619969
-0.0595574
-0.0571841
-0.0549038
-0.0527419
-0.0507218
-0.0488629
-0.0471789
-0.0456772
-0.0443584
-0.0432161
-0.0422381
-0.0414072
-0.0407036
-0.0401058
-0.0395923
-0.0391432
-0.0387405
-0.0383686
-0.0380146
-0.0376678
-0.0373198
-0.0369638
-0.0365943
-0.0362071
-0.0357988
-0.0353667
-0.0349088
-0.0344232
-0.0339076
-0.0333646
-0.032791
-0.0321867
-0.0315519
-0.0308866
-0.0301907
-0.0294639
-0.028706
-0.0279164
-0.0270943
-0.0262384
-0.0253473
-0.0244189
-0.023451
-0.0224408
-0.0213856
-0.0202826
-0.0191296
-0.0179248
-0.0166677
-0.0153597
-0.0140038
-0.0126059
-0.0111744
-0.00972058
-0.00825861
-0.00680491
-0.00537776
-0.00399646
-0.0026805
-0.00144847
-0.000317184
0.000699316
0.00159041
0.00234943
0.00297399
0.00346589
0.00383095
0.00407853
0.00422091
0.00427254
0.00424923
0.00416736
0.00404308
0.00389171
0.00372711
0.00356134
0.0034046
0.00326287
0.00314367
0.00304974
0.00298309
0.0029445
0.00293368
0.00294944
0.00298986
0.00305206
0.00313178
0.00322281
0.00331625
0.00339992
0.00345803
0.00347171
0.00342002
0.00328403
0.0030457
0.00270873
0.00224942
0.00179991
0.00105071
0.00121781
-0.0019331
-0.224237
-0.223592
-0.223433
-0.223339
-0.22329
-0.223254
-0.223219
-0.223178
-0.223123
-0.223053
-0.222962
-0.222849
-0.222713
-0.222551
-0.222363
-0.222147
-0.221903
-0.22163
-0.221329
-0.220999
-0.220643
-0.220261
-0.219855
-0.219427
-0.218978
-0.218504
-0.217997
-0.217448
-0.216838
-0.216153
-0.215384
-0.214537
-0.21365
-0.212787
-0.212039
-0.211489
-0.211167
-0.211001
-0.210774
-0.210124
-0.208594
-0.205709
-0.20106
-0.194375
-0.185561
-0.174724
-0.162188
-0.14848
-0.134295
-0.120421
-0.107645
-0.0966405
-0.0878839
-0.0815978
-0.0777489
-0.0760885
-0.076223
-0.0776936
-0.0800477
-0.0828895
-0.0859054
-0.0888697
-0.0916354
-0.0941185
-0.0962807
-0.0981142
-0.0996295
-0.100847
-0.101791
-0.102486
-0.102956
-0.103224
-0.103306
-0.103219
-0.102976
-0.102588
-0.102065
-0.101414
-0.10064
-0.099748
-0.0987421
-0.0976245
-0.096397
-0.0950607
-0.0936165
-0.0920649
-0.0904066
-0.0886423
-0.0867732
-0.0848008
-0.0827279
-0.080558
-0.078296
-0.0759489
-0.0735252
-0.0710367
-0.0684975
-0.0659256
-0.0633422
-0.0607721
-0.0582429
-0.0557843
-0.0534267
-0.0511991
-0.049128
-0.0472346
-0.0455338
-0.044033
-0.0427315
-0.0416211
-0.0406868
-0.0399088
-0.0392642
-0.0387289
-0.0382789
-0.0378922
-0.0375489
-0.0372323
-0.0369284
-0.0366258
-0.0363157
-0.0359911
-0.0356466
-0.0352782
-0.0348827
-0.0344581
-0.034002
-0.0335133
-0.0329941
-0.0324416
-0.0318554
-0.0312363
-0.0305844
-0.0298998
-0.0291825
-0.0284324
-0.0276492
-0.0268322
-0.0259805
-0.0250929
-0.0241676
-0.0232028
-0.0221964
-0.0211462
-0.0200501
-0.0189067
-0.0177151
-0.0164759
-0.0151912
-0.0138652
-0.0125044
-0.0111179
-0.00971742
-0.00831705
-0.00693294
-0.00558265
-0.0042844
-0.00305624
-0.00191506
-0.000875764
4.95747e-05
0.000852309
0.00152764
0.00207482
0.00249707
0.00280129
0.0029976
0.00309869
0.00311911
0.00307447
0.00298068
0.00285321
0.00270649
0.00255336
0.00240475
0.00227014
0.00215331
0.002061
0.0019951
0.0019568
0.0019462
0.00196274
0.00200537
0.00207268
0.00216263
0.00227212
0.00239623
0.00252741
0.00265474
0.00276339
0.0028351
0.00284897
0.00278539
0.00262492
0.00236867
0.00199044
0.00161618
0.000940025
0.0011461
-0.00188661
-0.224888
-0.223768
-0.223524
-0.223385
-0.223317
-0.22327
-0.223228
-0.223183
-0.223126
-0.223053
-0.222961
-0.222847
-0.222709
-0.222547
-0.222358
-0.222141
-0.221896
-0.221623
-0.22132
-0.220989
-0.22063
-0.220246
-0.219836
-0.219404
-0.218947
-0.218463
-0.217944
-0.217378
-0.216748
-0.216039
-0.215241
-0.214362
-0.213434
-0.212519
-0.211693
-0.211026
-0.210533
-0.210128
-0.209595
-0.208584
-0.206664
-0.2034
-0.198428
-0.191527
-0.182659
-0.171987
-0.159879
-0.146885
-0.133691
-0.121041
-0.109636
-0.100044
-0.0926231
-0.0874895
-0.0845296
-0.0834508
-0.0838537
-0.0853067
-0.0874075
-0.0898209
-0.0922949
-0.094658
-0.0968069
-0.0986891
-0.100288
-0.101606
-0.102662
-0.103476
-0.10407
-0.104464
-0.104682
-0.104739
-0.104648
-0.104421
-0.104067
-0.103596
-0.103013
-0.102322
-0.101529
-0.100634
-0.0996401
-0.0985478
-0.0973573
-0.0960681
-0.0946792
-0.0931896
-0.0915979
-0.0899028
-0.0881032
-0.0861983
-0.0841878
-0.0820723
-0.0798537
-0.0775351
-0.0751219
-0.0726221
-0.0700471
-0.0674118
-0.064736
-0.0620435
-0.059363
-0.0567262
-0.0541675
-0.0517216
-0.0494217
-0.047297
-0.0453705
-0.0436577
-0.0421648
-0.0408893
-0.0398202
-0.0389394
-0.0382237
-0.037647
-0.0371821
-0.0368027
-0.0364845
-0.0362062
-0.0359496
-0.0356999
-0.0354451
-0.0351761
-0.0348857
-0.0345688
-0.0342215
-0.0338412
-0.0334254
-0.0329734
-0.0324865
-0.0319629
-0.031402
-0.030805
-0.0301721
-0.0295037
-0.0288001
-0.0280615
-0.0272877
-0.0264786
-0.0256334
-0.0247514
-0.0238313
-0.0228719
-0.0218716
-0.020829
-0.019743
-0.018613
-0.0174391
-0.0162229
-0.0149677
-0.0136783
-0.0123623
-0.0110291
-0.0096908
-0.00836124
-0.00705604
-0.0057918
-0.00458543
-0.00345329
-0.00241039
-0.00146956
-0.000640807
6.92439e-05
0.000657647
0.00112525
0.00147659
0.00171952
0.00186478
0.00192534
0.0019157
0.00185112
0.00174693
0.00161782
0.00147725
0.00133696
0.00120663
0.00109337
0.0010038
0.000938791
0.000900923
0.00089054
0.000907053
0.000949612
0.00101732
0.00110932
0.00122457
0.00136128
0.0015161
0.00168312
0.00185301
0.00201226
0.00214348
0.002226
0.00223953
0.00216312
0.00199466
0.00170571
0.00141187
0.000821351
0.0010461
-0.00176495
-0.225675
-0.223876
-0.223544
-0.223377
-0.223294
-0.223244
-0.223203
-0.223158
-0.223101
-0.223029
-0.222937
-0.222824
-0.222687
-0.222524
-0.222335
-0.222117
-0.221871
-0.221596
-0.221291
-0.220956
-0.220593
-0.220202
-0.219785
-0.219341
-0.21887
-0.218368
-0.217825
-0.217229
-0.216563
-0.21581
-0.214962
-0.214025
-0.213027
-0.212021
-0.211074
-0.21024
-0.209517
-0.20881
-0.207903
-0.206465
-0.204099
-0.200414
-0.195103
-0.188002
-0.179132
-0.168708
-0.157133
-0.144966
-0.132867
-0.121515
-0.111515
-0.103321
-0.0971762
-0.0930989
-0.0909101
-0.0902898
-0.090849
-0.0921959
-0.0939851
-0.0959447
-0.0978815
-0.0996731
-0.101253
-0.102595
-0.103695
-0.104566
-0.105226
-0.105696
-0.105994
-0.106138
-0.106145
-0.106026
-0.10579
-0.105447
-0.105003
-0.104463
-0.103832
-0.103111
-0.102303
-0.101409
-0.10043
-0.0993635
-0.0982098
-0.0969669
-0.0956327
-0.0942045
-0.0926795
-0.0910547
-0.0893269
-0.0874932
-0.0855507
-0.0834973
-0.0813314
-0.0790529
-0.0766632
-0.0741666
-0.0715707
-0.0688872
-0.0661331
-0.0633307
-0.0605081
-0.0576986
-0.0549396
-0.0522707
-0.0497316
-0.0473593
-0.0451856
-0.0432344
-0.0415206
-0.0400487
-0.038813
-0.037799
-0.0369848
-0.0363433
-0.035845
-0.0354598
-0.0351588
-0.0349158
-0.034708
-0.0345161
-0.0343246
-0.0341211
-0.0338962
-0.0336428
-0.0333559
-0.033032
-0.0326684
-0.032264
-0.0318196
-0.0313341
-0.0308073
-0.03024
-0.029633
-0.0289868
-0.0283022
-0.0275797
-0.0268195
-0.0260219
-0.0251866
-0.0243133
-0.0234015
-0.0224506
-0.0214598
-0.0204286
-0.0193568
-0.0182449
-0.0170941
-0.0159071
-0.014688
-0.0134429
-0.0121796
-0.0109083
-0.00964078
-0.00839073
-0.00717291
-0.00600273
-0.00489554
-0.00386583
-0.00292656
-0.00208844
-0.00135934
-0.000743902
-0.000243295
0.000144816
0.000426105
0.000609237
0.000705384
0.000727619
0.000690231
0.000608021
0.000495612
0.000366807
0.000234037
0.000107914
-3.09137e-06
-9.32218e-05
-0.000156856
-0.000194633
-0.000205045
-0.000188591
-0.000146508
-7.99392e-05
1.03706e-05
0.000124175
0.000261492
0.000422006
0.000604146
0.000803952
0.00101396
0.00122235
0.00141286
0.00156526
0.00165861
0.00167044
0.00159479
0.00140128
0.00119114
0.000696921
0.000919856
-0.00157422
-0.226736
-0.223761
-0.223423
-0.223314
-0.223216
-0.223171
-0.223141
-0.223102
-0.22305
-0.222981
-0.222892
-0.222781
-0.222645
-0.222482
-0.222292
-0.222073
-0.221824
-0.221545
-0.221234
-0.220892
-0.220519
-0.220115
-0.219682
-0.219218
-0.218721
-0.218186
-0.217603
-0.216957
-0.216232
-0.215411
-0.214484
-0.213453
-0.212346
-0.211205
-0.210086
-0.209025
-0.208009
-0.206934
-0.205591
-0.203672
-0.200822
-0.196701
-0.191065
-0.18381
-0.175016
-0.164941
-0.154011
-0.142777
-0.131853
-0.121839
-0.113237
-0.106384
-0.101416
-0.0982669
-0.0967107
-0.0964179
-0.0970253
-0.0981907
-0.0996305
-0.101134
-0.102562
-0.103834
-0.104912
-0.105787
-0.106467
-0.106965
-0.107301
-0.107492
-0.107552
-0.107494
-0.107332
-0.107073
-0.106724
-0.106289
-0.105774
-0.105181
-0.104512
-0.103769
-0.102953
-0.102062
-0.101098
-0.100057
-0.0989384
-0.0977394
-0.0964569
-0.0950872
-0.0936264
-0.09207
-0.0904133
-0.0886516
-0.0867797
-0.0847929
-0.0826866
-0.0804571
-0.0781024
-0.0756224
-0.0730207
-0.070305
-0.0674888
-0.0645918
-0.0616408
-0.0586692
-0.0557165
-0.0528263
-0.0500441
-0.0474146
-0.0449781
-0.0427679
-0.0408081
-0.0391114
-0.0376792
-0.0365019
-0.0355605
-0.0348285
-0.0342751
-0.0338669
-0.0335711
-0.0333565
-0.0331953
-0.0330632
-0.0329402
-0.0328103
-0.0326609
-0.0324825
-0.0322681
-0.032013
-0.0317138
-0.0313687
-0.0309779
-0.030541
-0.0300577
-0.0295289
-0.0289556
-0.0283387
-0.0276794
-0.0269786
-0.0262371
-0.0254555
-0.0246343
-0.0237739
-0.0228745
-0.0219361
-0.0209591
-0.019944
-0.0188915
-0.0178032
-0.0166817
-0.0155306
-0.014355
-0.0131617
-0.0119592
-0.0107577
-0.00956907
-0.00840616
-0.00728279
-0.00621295
-0.00521022
-0.0042871
-0.00345441
-0.0027207
-0.00209175
-0.00157031
-0.00115593
-0.000844962
-0.000630774
-0.000504111
-0.000453558
-0.000466125
-0.000527893
-0.000624662
-0.000742613
-0.000868895
-0.000992146
-0.0011029
-0.00119385
-0.00126044
-0.00129883
-0.00131006
-0.00129419
-0.00125254
-0.00118698
-0.00109894
-0.000989036
-0.000856871
-0.000701308
-0.000521077
-0.000315799
-8.72693e-05
0.000159222
0.000413793
0.000661633
0.000883157
0.00105691
0.00115883
0.00117869
0.00108447
0.00095936
0.000569638
0.000770801
-0.00132327
-0.228327
-0.22331
-0.22309
-0.223196
-0.223101
-0.223058
-0.223048
-0.223022
-0.222977
-0.222913
-0.222828
-0.222719
-0.222583
-0.22242
-0.222227
-0.222003
-0.221748
-0.221459
-0.221137
-0.22078
-0.220389
-0.219963
-0.219501
-0.219002
-0.218463
-0.217876
-0.217229
-0.216509
-0.215696
-0.214773
-0.213728
-0.212564
-0.2113
-0.209973
-0.208624
-0.207277
-0.205907
-0.204407
-0.20258
-0.200148
-0.196801
-0.192261
-0.186346
-0.179014
-0.170395
-0.160781
-0.150604
-0.140389
-0.13069
-0.122018
-0.114765
-0.109157
-0.105233
-0.102864
-0.101793
-0.1017
-0.102262
-0.103192
-0.10427
-0.10534
-0.10631
-0.107131
-0.107787
-0.108279
-0.10862
-0.108824
-0.108906
-0.10888
-0.108757
-0.108546
-0.108255
-0.107891
-0.107455
-0.106951
-0.106383
-0.10575
-0.105055
-0.104297
-0.103476
-0.102591
-0.101641
-0.100624
-0.0995374
-0.0983782
-0.0971426
-0.0958265
-0.0944249
-0.0929324
-0.0913434
-0.0896512
-0.0878492
-0.0859302
-0.083887
-0.0817127
-0.0794016
-0.0769496
-0.0743557
-0.0716235
-0.068762
-0.0657878
-0.062725
-0.0596062
-0.0564716
-0.053368
-0.0503457
-0.0474562
-0.0447485
-0.0422652
-0.0400401
-0.0380952
-0.0364402
-0.0350719
-0.0339755
-0.0331268
-0.0324948
-0.0320441
-0.0317382
-0.0315415
-0.0314209
-0.031347
-0.0312949
-0.031244
-0.031178
-0.0310843
-0.0309534
-0.0307787
-0.0305558
-0.0302817
-0.0299559
-0.0295781
-0.0291484
-0.0286674
-0.0281363
-0.0275564
-0.0269294
-0.0262566
-0.0255395
-0.0247793
-0.0239773
-0.0231346
-0.0222523
-0.0213314
-0.0203733
-0.0193796
-0.0183522
-0.0172938
-0.0162081
-0.0150998
-0.013975
-0.0128409
-0.0117066
-0.0105822
-0.00947907
-0.00840937
-0.00738563
-0.00642022
-0.00552484
-0.00470991
-0.00398408
-0.00335379
-0.00282286
-0.0023923
-0.00206022
-0.00182188
-0.00166994
-0.00159476
-0.0015849
-0.00162764
-0.00170959
-0.00181726
-0.00193772
-0.00205912
-0.00217119
-0.00226558
-0.0023361
-0.00237947
-0.00239334
-0.00237931
-0.00233884
-0.00227409
-0.00218757
-0.00208099
-0.00195484
-0.00180808
-0.00163844
-0.001443
-0.00121932
-0.000966874
-0.000688557
-0.000392048
-9.04582e-05
0.000197516
0.000450013
0.000641516
0.000757127
0.000763549
0.000722805
0.000442994
0.000603631
-0.00102257
)
;

boundaryField
{
    inlet
    {
        type            zeroGradient;
    }
    outlet
    {
        type            fixedValue;
        value           uniform 0;
    }
    walls
    {
        type            zeroGradient;
    }
    frontAndBack
    {
        type            empty;
    }
}


// ************************************************************************* //
