/*--------------------------------*- C++ -*----------------------------------*\
  =========                 |
  \\      /  F ield         | OpenFOAM: The Open Source CFD Toolbox
   \\    /   O peration     | Website:  https://openfoam.org
    \\  /    A nd           | Version:  11
     \\/     M anipulation  |
\*---------------------------------------------------------------------------*/
FoamFile
{
    format      ascii;
    class       volScalarField;
    location    "16";
    object      p;
}
// * * * * * * * * * * * * * * * * * * * * * * * * * * * * * * * * * * * * * //

dimensions      [0 2 -2 0 0 0 0];

internalField   nonuniform List<scalar> 
8400
(
-0.0949431
-0.101174
-0.107852
-0.113924
-0.119858
-0.125891
-0.132024
-0.13823
-0.14451
-0.150883
-0.157367
-0.163984
-0.170759
-0.177728
-0.184937
-0.192451
-0.200361
-0.208829
-0.218185
-0.230029
-0.0946017
-0.101195
-0.108013
-0.113979
-0.119853
-0.125901
-0.13205
-0.138259
-0.144542
-0.150919
-0.15741
-0.164035
-0.17082
-0.177801
-0.185024
-0.192554
-0.200477
-0.208922
-0.21789
-0.22687
-0.0942877
-0.101173
-0.108145
-0.114021
-0.11982
-0.125874
-0.13204
-0.138247
-0.144522
-0.150894
-0.157379
-0.163995
-0.170767
-0.17773
-0.184924
-0.192401
-0.200215
-0.208386
-0.216623
-0.223807
-0.0940039
-0.101071
-0.108223
-0.114058
-0.119767
-0.125803
-0.13198
-0.138182
-0.144439
-0.15079
-0.157253
-0.16384
-0.170572
-0.177479
-0.184591
-0.191938
-0.199524
-0.207255
-0.214685
-0.22068
-0.09373
-0.100901
-0.108227
-0.114063
-0.119687
-0.125687
-0.131865
-0.138056
-0.144283
-0.150598
-0.157019
-0.163553
-0.170214
-0.177025
-0.184003
-0.19115
-0.19842
-0.205646
-0.212332
-0.217482
-0.0934579
-0.100688
-0.108156
-0.114017
-0.119569
-0.125522
-0.131688
-0.137859
-0.144046
-0.150309
-0.156667
-0.163123
-0.169684
-0.176361
-0.183157
-0.190049
-0.196956
-0.203667
-0.209711
-0.214275
-0.0931847
-0.100449
-0.10802
-0.113912
-0.119409
-0.12531
-0.131451
-0.137593
-0.143728
-0.149924
-0.156202
-0.162558
-0.168991
-0.175502
-0.18208
-0.188684
-0.195208
-0.201434
-0.206943
-0.211107
-0.0929112
-0.100195
-0.107834
-0.113752
-0.119206
-0.125055
-0.131162
-0.137264
-0.143339
-0.149457
-0.155639
-0.161876
-0.16816
-0.174482
-0.180821
-0.187122
-0.19327
-0.199056
-0.20413
-0.20802
-0.092642
-0.0999361
-0.107615
-0.113546
-0.118965
-0.124766
-0.130832
-0.136886
-0.142895
-0.148925
-0.155001
-0.161107
-0.167228
-0.17335
-0.179441
-0.18544
-0.191234
-0.196635
-0.201361
-0.205062
-0.0923847
-0.0996835
-0.107377
-0.113306
-0.118696
-0.124456
-0.130477
-0.136477
-0.142414
-0.148353
-0.154317
-0.160287
-0.166241
-0.172159
-0.178006
-0.18372
-0.189193
-0.194265
-0.198714
-0.202287
-0.0921491
-0.099448
-0.107133
-0.113045
-0.118411
-0.124137
-0.130114
-0.136057
-0.141921
-0.147769
-0.153622
-0.159456
-0.165246
-0.170968
-0.176585
-0.182037
-0.187229
-0.192027
-0.196261
-0.199748
-0.0919458
-0.0992402
-0.106895
-0.112776
-0.118123
-0.123826
-0.129761
-0.135645
-0.141439
-0.147202
-0.152948
-0.158654
-0.164289
-0.16983
-0.175241
-0.180463
-0.185416
-0.189991
-0.19406
-0.197493
-0.0917861
-0.0990699
-0.10667
-0.112509
-0.117847
-0.123538
-0.129433
-0.135262
-0.140991
-0.146677
-0.152328
-0.157917
-0.163415
-0.168797
-0.174028
-0.179057
-0.183814
-0.188214
-0.192161
-0.195562
-0.0916805
-0.0989447
-0.106464
-0.112252
-0.117596
-0.123287
-0.129147
-0.134923
-0.140597
-0.146218
-0.151787
-0.157277
-0.162659
-0.167908
-0.172992
-0.177864
-0.182468
-0.186737
-0.190596
-0.193982
-0.0916388
-0.0988683
-0.106275
-0.112014
-0.117384
-0.123084
-0.128912
-0.134643
-0.140274
-0.145843
-0.151347
-0.156756
-0.162046
-0.167192
-0.172162
-0.176916
-0.181407
-0.185581
-0.189384
-0.192767
-0.0916691
-0.0988381
-0.106098
-0.1118
-0.117221
-0.122938
-0.128734
-0.13443
-0.14003
-0.145563
-0.151018
-0.156369
-0.161592
-0.166663
-0.171552
-0.176224
-0.180639
-0.184752
-0.188521
-0.19191
-0.0917768
-0.0988404
-0.105925
-0.111619
-0.117115
-0.122847
-0.128615
-0.134286
-0.139868
-0.145379
-0.150802
-0.156115
-0.161295
-0.166319
-0.171158
-0.17578
-0.18015
-0.18423
-0.187985
-0.191385
-0.0919642
-0.0988455
-0.105751
-0.111486
-0.117067
-0.122807
-0.128549
-0.134206
-0.139783
-0.145281
-0.150688
-0.155981
-0.16114
-0.16614
-0.170955
-0.175554
-0.179904
-0.183972
-0.187725
-0.191138
-0.0922375
-0.0988287
-0.105586
-0.111412
-0.11707
-0.122804
-0.128528
-0.134182
-0.13976
-0.145258
-0.15066
-0.155949
-0.161104
-0.1661
-0.170911
-0.175508
-0.179859
-0.183931
-0.187695
-0.191123
-0.0925762
-0.0988078
-0.105433
-0.111381
-0.1171
-0.122826
-0.128541
-0.134201
-0.139786
-0.14529
-0.150699
-0.155996
-0.16116
-0.166167
-0.170991
-0.175603
-0.179971
-0.184062
-0.187845
-0.191294
-0.23007
-0.218759
-0.215414
-0.215187
-0.214759
-0.214371
-0.214207
-0.214097
-0.213951
-0.213764
-0.213539
-0.213269
-0.212947
-0.212571
-0.212139
-0.211649
-0.211098
-0.210486
-0.20981
-0.209069
-0.208261
-0.207386
-0.206441
-0.205426
-0.204339
-0.203179
-0.201943
-0.200632
-0.199241
-0.197771
-0.196219
-0.194583
-0.19286
-0.191049
-0.189147
-0.187151
-0.185058
-0.182865
-0.18057
-0.178168
-0.175657
-0.173033
-0.170293
-0.167433
-0.164451
-0.161343
-0.158107
-0.154741
-0.151244
-0.147616
-0.143858
-0.139971
-0.13596
-0.13183
-0.127589
-0.123246
-0.118812
-0.114301
-0.10973
-0.105116
-0.100479
-0.0958395
-0.0912208
-0.0866454
-0.0821364
-0.0777163
-0.0734065
-0.069227
-0.0651956
-0.0613275
-0.0576351
-0.0541277
-0.0508114
-0.047689
-0.0447602
-0.0420219
-0.0394684
-0.0370918
-0.0348825
-0.0328292
-0.03092
-0.0291423
-0.0274833
-0.0259302
-0.0244708
-0.0230935
-0.0217871
-0.0205418
-0.0193485
-0.0181989
-0.017086
-0.0160035
-0.0149464
-0.0139101
-0.012891
-0.0118864
-0.0108939
-0.00991201
-0.00893958
-0.00797643
-0.00702171
-0.00607572
-0.00513876
-0.00421138
-0.00329435
-0.00238861
-0.00149513
-0.000614984
0.000250703
0.00110079
0.00193414
0.00274964
0.00354621
0.00432281
0.00507849
0.00581235
0.00652357
0.00721142
0.00787527
0.00851456
0.00912883
0.00971771
0.0102809
0.0108182
0.0113295
0.0118148
0.0122741
0.0127075
0.0131151
0.0134972
0.013854
0.0141858
0.0144931
0.0147761
0.0150353
0.0152712
0.0154841
0.0156747
0.0158432
0.0159903
0.0161165
0.0162222
0.0163079
0.0163742
0.0164215
0.0164504
0.0164612
0.0164545
0.0164308
0.0163904
0.0163339
0.0162617
0.0161741
0.0160716
0.0159545
0.0158234
0.0156784
0.0155201
0.0153487
0.0151646
0.014968
0.0147594
0.0145391
0.0143072
0.0140642
0.0138102
0.0135456
0.0132706
0.0129855
0.0126906
0.0123859
0.0120719
0.0117487
0.0114165
0.0110755
0.010726
0.0103682
0.0100021
0.00962815
0.00924637
0.00885699
0.00846018
0.00805611
0.00764496
0.00722688
0.00680205
0.00637063
0.00593279
0.00548871
0.00503856
0.00458254
0.00412084
0.00365371
0.00318136
0.0027043
0.00222211
0.00173828
0.00124165
0.000775308
0.000153868
-0.226933
-0.218768
-0.215149
-0.214812
-0.2145
-0.214094
-0.213902
-0.213803
-0.213674
-0.213498
-0.213281
-0.213018
-0.212701
-0.212327
-0.211894
-0.211401
-0.210846
-0.210226
-0.209541
-0.208788
-0.207966
-0.207075
-0.206112
-0.205076
-0.203966
-0.20278
-0.201517
-0.200175
-0.198752
-0.197246
-0.195656
-0.193979
-0.192214
-0.190357
-0.188406
-0.18636
-0.184214
-0.181966
-0.179614
-0.177155
-0.174584
-0.171901
-0.169101
-0.166182
-0.163143
-0.159981
-0.156694
-0.153283
-0.149746
-0.146087
-0.142306
-0.138408
-0.134397
-0.130282
-0.12607
-0.121773
-0.117403
-0.112974
-0.108504
-0.10401
-0.0995108
-0.0950278
-0.0905817
-0.0861937
-0.0818845
-0.0776742
-0.0735812
-0.0696225
-0.0658125
-0.0621631
-0.0586836
-0.0553801
-0.0522558
-0.0493111
-0.0465438
-0.043949
-0.04152
-0.039248
-0.0371233
-0.0351348
-0.0332712
-0.0315206
-0.0298714
-0.0283121
-0.026832
-0.0254208
-0.0240692
-0.0227687
-0.0215116
-0.0202913
-0.0191019
-0.0179385
-0.0167969
-0.0156738
-0.0145663
-0.0134725
-0.0123908
-0.0113201
-0.0102601
-0.00921026
-0.00817082
-0.007142
-0.00612439
-0.00511875
-0.00412601
-0.0031472
-0.00218339
-0.00123572
-0.000305366
0.000606515
0.00149877
0.00237028
0.00321997
0.00404683
0.00484993
0.00562841
0.00638148
0.00710847
0.00780878
0.00848193
0.00912751
0.00974522
0.0103348
0.0108963
0.0114294
0.0119344
0.0124113
0.0128602
0.0132815
0.0136755
0.0140425
0.0143829
0.0146972
0.0149858
0.0152493
0.0154881
0.015703
0.0158943
0.0160627
0.0162088
0.0163331
0.0164362
0.0165187
0.0165813
0.0166243
0.0166485
0.0166542
0.0166422
0.0166128
0.0165666
0.0165041
0.0164258
0.016332
0.0162233
0.0161001
0.0159628
0.0158117
0.0156473
0.01547
0.0152801
0.0150778
0.0148637
0.0146379
0.0144009
0.0141528
0.013894
0.0136247
0.0133452
0.0130558
0.0127567
0.0124482
0.0121304
0.0118036
0.011468
0.0111238
0.0107712
0.0104104
0.0100416
0.009665
0.00928073
0.00888899
0.00848995
0.00808376
0.00767058
0.00725059
0.00682393
0.00639077
0.00595126
0.00550557
0.00505387
0.00459634
0.00413317
0.0036646
0.00319081
0.0027123
0.0022287
0.00174311
0.00124576
0.000774485
0.000166907
-0.224566
-0.218851
-0.21518
-0.214511
-0.214248
-0.213847
-0.213609
-0.213497
-0.213376
-0.213205
-0.212991
-0.21273
-0.212414
-0.212039
-0.211603
-0.211103
-0.210539
-0.209907
-0.209207
-0.208438
-0.207597
-0.206684
-0.205696
-0.204633
-0.203494
-0.202276
-0.200978
-0.199598
-0.198135
-0.196586
-0.19495
-0.193225
-0.191409
-0.189499
-0.187493
-0.185388
-0.183183
-0.180874
-0.17846
-0.175937
-0.173303
-0.170556
-0.167694
-0.164715
-0.161618
-0.158402
-0.155068
-0.151615
-0.148045
-0.14436
-0.140566
-0.136666
-0.132668
-0.12858
-0.124412
-0.120176
-0.115884
-0.111553
-0.107199
-0.102839
-0.0984921
-0.0941772
-0.0899137
-0.0857209
-0.0816171
-0.0776194
-0.0737434
-0.0700029
-0.066409
-0.0629705
-0.0596937
-0.056582
-0.0536361
-0.0508544
-0.0482329
-0.0457658
-0.0434454
-0.041263
-0.0392087
-0.037272
-0.0354424
-0.033709
-0.0320615
-0.0304899
-0.0289847
-0.0275373
-0.0261397
-0.0247849
-0.0234666
-0.0221793
-0.0209185
-0.0196801
-0.0184611
-0.0172587
-0.0160711
-0.0148968
-0.0137346
-0.0125843
-0.0114457
-0.0103186
-0.00920341
-0.00810061
-0.00701099
-0.00593548
-0.0048751
-0.00383095
-0.00280419
-0.001796
-0.000807588
0.000159864
0.00110519
0.00202727
0.00292503
0.00379748
0.00464368
0.00546281
0.00625412
0.00701695
0.00775076
0.00845508
0.00912957
0.00977397
0.0103881
0.010972
0.0115255
0.0120489
0.0125423
0.013006
0.0134402
0.0138455
0.0142221
0.0145707
0.0148918
0.0151858
0.0154535
0.0156954
0.0159121
0.0161044
0.0162728
0.016418
0.0165407
0.0166415
0.0167212
0.0167802
0.0168193
0.0168391
0.0168402
0.0168231
0.0167884
0.0167368
0.0166686
0.0165845
0.0164849
0.0163703
0.0162412
0.016098
0.0159412
0.015771
0.015588
0.0153925
0.0151849
0.0149654
0.0147345
0.0144925
0.0142395
0.0139761
0.0137023
0.0134185
0.013125
0.0128219
0.0125095
0.0121881
0.0118578
0.0115189
0.0111716
0.0108161
0.0104524
0.010081
0.00970181
0.00931513
0.0089211
0.00851988
0.00811163
0.00769649
0.00727463
0.00684619
0.00641132
0.00597017
0.00552291
0.00506968
0.00461066
0.00414603
0.003676
0.00320077
0.00272077
0.00223572
0.00174823
0.00125028
0.000772958
0.000183609
-0.221939
-0.218209
-0.214996
-0.214121
-0.213884
-0.213533
-0.213269
-0.21314
-0.213023
-0.21286
-0.212649
-0.21239
-0.212073
-0.211695
-0.211253
-0.210744
-0.210167
-0.20952
-0.208802
-0.208011
-0.207145
-0.206205
-0.205187
-0.204092
-0.202916
-0.201659
-0.20032
-0.198896
-0.197386
-0.195788
-0.1941
-0.192321
-0.190447
-0.188478
-0.186411
-0.184243
-0.181974
-0.179599
-0.177119
-0.174529
-0.17183
-0.169019
-0.166095
-0.163058
-0.159906
-0.156641
-0.153264
-0.149776
-0.14618
-0.142481
-0.138684
-0.134794
-0.130822
-0.126774
-0.122664
-0.118503
-0.114304
-0.110084
-0.105858
-0.101644
-0.0974577
-0.0933181
-0.0892422
-0.0852468
-0.0813478
-0.0775594
-0.0738943
-0.070363
-0.0669739
-0.0637328
-0.0606432
-0.0577063
-0.0549209
-0.0522836
-0.0497896
-0.047432
-0.045203
-0.0430939
-0.0410954
-0.0391976
-0.037391
-0.0356661
-0.0340135
-0.0324248
-0.030892
-0.0294076
-0.0279652
-0.0265589
-0.0251837
-0.0238351
-0.0225096
-0.021204
-0.019916
-0.0186436
-0.0173855
-0.0161405
-0.0149082
-0.0136886
-0.0124816
-0.0112874
-0.0101063
-0.00893932
-0.00778721
-0.00665103
-0.00553187
-0.00443088
-0.00334928
-0.00228828
-0.0012491
-0.000232966
0.000758958
0.00172554
0.00266571
0.00357847
0.00446291
0.0053182
0.0061436
0.00693848
0.00770232
0.00843467
0.00913524
0.00980378
0.0104402
0.0110444
0.0116166
0.0121569
0.0126654
0.0131427
0.0135889
0.0140046
0.0143903
0.0147466
0.015074
0.0153732
0.0156449
0.0158897
0.0161084
0.0163016
0.0164702
0.0166148
0.0167361
0.0168349
0.016912
0.0169679
0.0170034
0.0170192
0.017016
0.0169943
0.0169548
0.0168981
0.0168247
0.0167352
0.0166302
0.0165102
0.0163756
0.0162269
0.0160646
0.0158891
0.0157008
0.0155001
0.0152874
0.0150629
0.0148272
0.0145804
0.014323
0.0140551
0.0137771
0.0134892
0.0131917
0.0128849
0.012569
0.0122441
0.0119106
0.0115685
0.0112182
0.0108598
0.0104936
0.0101195
0.00973794
0.00934896
0.00895274
0.00854944
0.00813921
0.0077222
0.00729855
0.0068684
0.00643189
0.00598917
0.00554038
0.00508567
0.0046252
0.00415914
0.00368769
0.00321103
0.00272953
0.00224303
0.00175355
0.00125512
0.000770956
0.000203084
-0.21907
-0.216893
-0.214415
-0.213523
-0.213318
-0.213058
-0.212819
-0.21269
-0.212586
-0.212438
-0.212236
-0.211981
-0.211667
-0.211286
-0.210837
-0.210318
-0.209726
-0.209061
-0.208321
-0.207505
-0.206611
-0.205639
-0.204587
-0.203453
-0.202237
-0.200936
-0.19955
-0.198077
-0.196515
-0.194863
-0.193118
-0.191279
-0.189344
-0.187312
-0.18518
-0.182947
-0.18061
-0.178169
-0.175621
-0.172966
-0.170202
-0.167329
-0.164346
-0.161254
-0.158054
-0.154746
-0.151334
-0.14782
-0.144209
-0.140506
-0.136718
-0.132852
-0.128917
-0.124924
-0.120884
-0.11681
-0.112717
-0.108617
-0.104529
-0.100466
-0.0964451
-0.0924826
-0.0885933
-0.0847916
-0.0810908
-0.0775022
-0.0740358
-0.0706991
-0.067498
-0.0644357
-0.0615136
-0.0587309
-0.056085
-0.0535715
-0.0511845
-0.0489173
-0.046762
-0.0447103
-0.0427535
-0.0408828
-0.0390896
-0.0373656
-0.0357029
-0.0340942
-0.0325328
-0.0310126
-0.0295282
-0.0280748
-0.0266485
-0.0252456
-0.0238634
-0.0224995
-0.021152
-0.0198196
-0.0185012
-0.0171963
-0.0159046
-0.0146264
-0.0133617
-0.0121106
-0.0108741
-0.00965299
-0.0084482
-0.00726082
-0.00609199
-0.00494291
-0.00381482
-0.00270897
-0.00162659
-0.000568919
0.000462862
0.00146761
0.00244425
0.00339179
0.00430929
0.00519595
0.00605102
0.00687387
0.007664
0.00842098
0.00914452
0.0098344
0.0104906
0.011113
0.0117018
0.0122571
0.0127793
0.0132687
0.0137258
0.0141511
0.014545
0.0149083
0.0152417
0.0155456
0.0158211
0.0160687
0.0162892
0.0164835
0.0166523
0.0167964
0.0169167
0.0170138
0.0170886
0.0171418
0.0171741
0.0171864
0.0171793
0.0171534
0.0171095
0.0170482
0.0169701
0.0168758
0.0167659
0.0166409
0.0165013
0.0163476
0.0161803
0.0159999
0.0158067
0.0156012
0.0153838
0.0151548
0.0149145
0.0146634
0.0144018
0.0141298
0.0138479
0.0135562
0.0132551
0.0129448
0.0126255
0.0122975
0.0119609
0.0116159
0.0112629
0.0109018
0.010533
0.0101566
0.00977275
0.00938162
0.00898335
0.00857811
0.00816602
0.00774724
0.0073219
0.00689014
0.00645208
0.00600787
0.00555763
0.00510152
0.00463967
0.00417224
0.00369941
0.00322136
0.00273839
0.00225046
0.00175897
0.00126016
0.000768743
0.000224268
-0.216117
-0.215115
-0.213431
-0.212684
-0.212542
-0.212399
-0.212231
-0.212131
-0.212053
-0.211931
-0.211747
-0.211503
-0.211194
-0.210813
-0.210358
-0.209828
-0.209222
-0.208537
-0.207773
-0.206929
-0.206004
-0.204997
-0.203906
-0.202731
-0.20147
-0.200123
-0.198686
-0.19716
-0.195543
-0.193833
-0.192029
-0.190128
-0.18813
-0.186033
-0.183835
-0.181536
-0.179133
-0.176625
-0.174012
-0.171294
-0.168469
-0.165539
-0.162503
-0.159364
-0.156122
-0.15278
-0.149343
-0.145814
-0.142199
-0.138504
-0.134737
-0.130906
-0.127021
-0.123094
-0.119135
-0.115158
-0.111177
-0.107205
-0.103257
-0.0993473
-0.0954909
-0.0917015
-0.0879919
-0.0843743
-0.0808591
-0.0774553
-0.0741701
-0.0710087
-0.0679746
-0.065069
-0.0622916
-0.0596403
-0.0571113
-0.0546997
-0.0523994
-0.0502037
-0.048105
-0.0460957
-0.0441679
-0.0423139
-0.0405262
-0.0387977
-0.0371215
-0.0354916
-0.0339025
-0.032349
-0.0308267
-0.0293319
-0.0278612
-0.0264119
-0.0249816
-0.0235687
-0.0221715
-0.0207892
-0.0194211
-0.0180669
-0.0167263
-0.0154
-0.0140879
-0.0127904
-0.0115085
-0.0102431
-0.00899516
-0.0077658
-0.00655619
-0.00536755
-0.00420114
-0.00305823
-0.00194007
-0.000847903
0.000217075
0.00125371
0.00226091
0.00323768
0.00418307
0.00509626
0.00597652
0.00682321
0.0076358
0.0084139
0.0091572
0.00986551
0.0105387
0.0111769
0.0117802
0.0123488
0.012883
0.0133832
0.0138499
0.0142836
0.0146849
0.0150545
0.0153931
0.0157015
0.0159803
0.0162305
0.0164529
0.0166482
0.0168173
0.0169612
0.0170805
0.0171762
0.0172491
0.0172999
0.0173295
0.0173387
0.0173282
0.0172987
0.0172509
0.0171856
0.0171033
0.0170047
0.0168903
0.0167608
0.0166168
0.0164586
0.0162868
0.0161019
0.0159044
0.0156945
0.0154729
0.0152397
0.0149954
0.0147404
0.0144749
0.0141993
0.0139137
0.0136186
0.0133142
0.0130007
0.0126784
0.0123474
0.012008
0.0116604
0.0113048
0.0109414
0.0105702
0.0101916
0.0098057
0.00941258
0.00901242
0.00860538
0.00819159
0.00777118
0.00734428
0.00691102
0.00647153
0.00602592
0.00557434
0.00511691
0.00465376
0.00418504
0.00371091
0.00323153
0.00274715
0.00225785
0.0017644
0.00126528
0.000766586
0.000245998
-0.213155
-0.213032
-0.212096
-0.211614
-0.211582
-0.211577
-0.211515
-0.211473
-0.211436
-0.21135
-0.211194
-0.210967
-0.210667
-0.210289
-0.209831
-0.209291
-0.208669
-0.207964
-0.207175
-0.206302
-0.205343
-0.204299
-0.203168
-0.20195
-0.200642
-0.199245
-0.197757
-0.196177
-0.194503
-0.192734
-0.190869
-0.188907
-0.186846
-0.184685
-0.182423
-0.180059
-0.177593
-0.175023
-0.17235
-0.169574
-0.166694
-0.163714
-0.160633
-0.157454
-0.15418
-0.150815
-0.147364
-0.143831
-0.140223
-0.136547
-0.132812
-0.129027
-0.125202
-0.121349
-0.117478
-0.113604
-0.109738
-0.105895
-0.102086
-0.0983266
-0.0946278
-0.0910019
-0.0874598
-0.0840111
-0.0806641
-0.0774254
-0.0742999
-0.071291
-0.0684
-0.0656269
-0.0629701
-0.0604264
-0.0579916
-0.0556606
-0.0534274
-0.0512854
-0.0492279
-0.0472479
-0.0453386
-0.043493
-0.0417048
-0.0399679
-0.0382767
-0.036626
-0.0350112
-0.033428
-0.031873
-0.0303429
-0.028835
-0.0273472
-0.0258775
-0.0244246
-0.0229873
-0.0215648
-0.0201568
-0.018763
-0.017384
-0.0160193
-0.0146694
-0.0133351
-0.0120172
-0.0107166
-0.00943439
-0.0081716
-0.00692946
-0.00570921
-0.0045121
-0.00333942
-0.00219243
-0.00107238
1.95122e-05
0.00108208
0.00211423
0.00311493
0.00408325
0.00501833
0.00591943
0.00678591
0.00761724
0.008413
0.00917289
0.00989673
0.0105844
0.011236
0.0118516
0.0124315
0.012976
0.0134854
0.0139604
0.0144015
0.0148092
0.0151844
0.0155276
0.0158399
0.0161218
0.0163743
0.0165983
0.0167947
0.0169642
0.0171079
0.0172265
0.0173211
0.0173923
0.0174412
0.0174685
0.017475
0.0174615
0.0174289
0.0173778
0.0173089
0.0172229
0.0171205
0.0170023
0.0168689
0.0167209
0.0165588
0.0163831
0.0161943
0.0159928
0.0157792
0.0155537
0.0153169
0.015069
0.0148105
0.0145416
0.0142626
0.0139739
0.0136757
0.0133684
0.013052
0.0127269
0.0123933
0.0120514
0.0117014
0.0113435
0.0109779
0.0106047
0.0102241
0.0098363
0.00944139
0.00903953
0.00863086
0.00821552
0.00779363
0.00736531
0.00693069
0.00648989
0.00604302
0.00559021
0.00513156
0.00466722
0.0041973
0.00372196
0.00324134
0.00275564
0.00226504
0.00176974
0.00127034
0.000764731
0.0002671
-0.21024
-0.210781
-0.210508
-0.210357
-0.210485
-0.210631
-0.210699
-0.21074
-0.210759
-0.210718
-0.210598
-0.210394
-0.210107
-0.209735
-0.209275
-0.208726
-0.208089
-0.207364
-0.20655
-0.205647
-0.204655
-0.203573
-0.202401
-0.201139
-0.199785
-0.198338
-0.196798
-0.195164
-0.193434
-0.191608
-0.189684
-0.187663
-0.185541
-0.18332
-0.180998
-0.178575
-0.17605
-0.173424
-0.170697
-0.16787
-0.164944
-0.161922
-0.158805
-0.155597
-0.152302
-0.148924
-0.145469
-0.141942
-0.138351
-0.134705
-0.131011
-0.12728
-0.123522
-0.119748
-0.11597
-0.112199
-0.108448
-0.104729
-0.101054
-0.0974349
-0.0938819
-0.0904051
-0.0870134
-0.0837144
-0.0805144
-0.0774178
-0.0744281
-0.0715467
-0.0687739
-0.0661085
-0.063548
-0.0610889
-0.0587268
-0.0564565
-0.0542726
-0.0521689
-0.0501394
-0.0481778
-0.0462783
-0.0444349
-0.0426422
-0.040895
-0.0391886
-0.0375185
-0.0358809
-0.0342724
-0.0326899
-0.0311308
-0.0295928
-0.028074
-0.0265731
-0.0250886
-0.0236199
-0.0221662
-0.0207272
-0.0193031
-0.0178939
-0.0164996
-0.0151207
-0.0137581
-0.0124124
-0.0110847
-0.00977602
-0.0084874
-0.00722007
-0.00597526
-0.00475425
-0.00355832
-0.00238874
-0.00124678
-0.000133668
0.00094943
0.00200139
0.00302118
0.00400784
0.00496051
0.00587842
0.00676093
0.00760748
0.00841765
0.00919112
0.00992771
0.0106273
0.01129
0.0119159
0.0125052
0.0130582
0.0135755
0.0140575
0.0145047
0.014918
0.0152978
0.0156451
0.0159607
0.0162453
0.0164999
0.0167254
0.0169227
0.0170926
0.0172362
0.0173543
0.0174479
0.0175179
0.0175651
0.0175905
0.0175948
0.0175788
0.0175435
0.0174895
0.0174176
0.0173285
0.0172229
0.0171014
0.0169646
0.0168132
0.0166477
0.0164685
0.0162763
0.0160715
0.0158545
0.0156258
0.0153858
0.0151347
0.0148731
0.0146012
0.0143194
0.0140279
0.013727
0.013417
0.0130982
0.0127707
0.0124348
0.0120907
0.0117386
0.0113786
0.0110111
0.0106361
0.0102537
0.00986422
0.00946771
0.00906434
0.00865422
0.0082375
0.00781429
0.00738471
0.00694888
0.0065069
0.0060589
0.00560498
0.00514525
0.00467982
0.00420882
0.00373237
0.00325062
0.00276369
0.00227189
0.00177489
0.00127522
0.000763374
0.000286475
-0.207431
-0.208483
-0.208775
-0.208979
-0.209303
-0.209612
-0.209822
-0.209963
-0.210052
-0.210065
-0.209985
-0.20981
-0.20954
-0.209175
-0.208715
-0.208159
-0.207508
-0.206763
-0.205925
-0.204993
-0.203968
-0.202849
-0.201638
-0.200332
-0.198933
-0.197439
-0.195849
-0.194163
-0.192381
-0.190501
-0.188522
-0.186445
-0.184269
-0.181992
-0.179616
-0.17714
-0.174564
-0.17189
-0.169118
-0.166249
-0.163286
-0.160232
-0.15709
-0.153863
-0.150556
-0.147175
-0.143726
-0.140215
-0.13665
-0.133041
-0.129395
-0.125722
-0.122034
-0.118341
-0.114654
-0.110983
-0.107341
-0.103739
-0.100187
-0.0966941
-0.0932708
-0.0899247
-0.086663
-0.0834916
-0.0804148
-0.077436
-0.0745569
-0.0717781
-0.0690987
-0.066517
-0.0640301
-0.0616343
-0.0593255
-0.0570986
-0.0549487
-0.0528703
-0.050858
-0.0489065
-0.0470105
-0.045165
-0.0433654
-0.0416072
-0.0398863
-0.038199
-0.0365421
-0.0349126
-0.0333078
-0.0317256
-0.0301638
-0.0286211
-0.027096
-0.0255874
-0.0240948
-0.0226174
-0.0211551
-0.0197082
-0.0182763
-0.0168598
-0.0154593
-0.0140755
-0.0127091
-0.0113612
-0.0100326
-0.00872459
-0.00743831
-0.00617499
-0.00493591
-0.00372234
-0.00253558
-0.00137689
-0.000247498
0.000851396
0.00191867
0.00295326
0.0039542
0.00492061
0.00585172
0.00674684
0.00760543
0.00842705
0.00921135
0.00995815
0.0106673
0.011339
0.0119731
0.0125701
0.0131302
0.0136538
0.0141415
0.0145939
0.0150117
0.0153955
0.0157461
0.0160645
0.0163514
0.0166078
0.0168345
0.0170326
0.017203
0.0173465
0.0174643
0.0175571
0.0176261
0.0176719
0.0176957
0.0176981
0.0176802
0.0176426
0.0175862
0.0175118
0.0174201
0.0173117
0.0171874
0.0170478
0.0168935
0.0167251
0.016543
0.0163479
0.0161402
0.0159204
0.0156889
0.0154461
0.0151924
0.0149281
0.0146537
0.0143694
0.0140755
0.0137723
0.01346
0.013139
0.0128094
0.0124715
0.0121255
0.0117716
0.0114099
0.0110407
0.010664
0.0102802
0.00988922
0.00949133
0.00908663
0.00867526
0.00825733
0.00783296
0.00740228
0.00696538
0.00652238
0.00607338
0.00561848
0.00515779
0.0046914
0.00421944
0.003742
0.00325922
0.0027712
0.0022783
0.00177979
0.00127979
0.000762653
0.000303183
-0.204786
-0.206236
-0.207002
-0.207553
-0.208093
-0.208572
-0.208929
-0.209181
-0.209348
-0.20942
-0.209385
-0.209241
-0.20899
-0.208635
-0.208176
-0.207614
-0.206951
-0.206188
-0.205327
-0.204367
-0.203311
-0.202158
-0.200909
-0.199564
-0.198122
-0.196584
-0.194949
-0.193216
-0.191385
-0.189457
-0.18743
-0.185304
-0.183079
-0.180755
-0.178332
-0.175811
-0.173193
-0.17048
-0.167671
-0.164771
-0.161781
-0.158705
-0.155547
-0.15231
-0.149002
-0.145627
-0.142192
-0.138704
-0.135172
-0.131603
-0.128008
-0.124397
-0.120778
-0.117162
-0.113561
-0.109984
-0.106441
-0.102943
-0.0994977
-0.0961151
-0.0928023
-0.0895661
-0.086412
-0.0833446
-0.080367
-0.0774814
-0.0746885
-0.0719881
-0.0693791
-0.0668593
-0.0644257
-0.0620748
-0.0598026
-0.0576046
-0.0554763
-0.0534129
-0.0514096
-0.0494619
-0.047565
-0.0457148
-0.0439071
-0.042138
-0.0404042
-0.0387023
-0.0370294
-0.0353829
-0.0337606
-0.0321603
-0.0305804
-0.0290194
-0.0274761
-0.0259496
-0.0244392
-0.0229441
-0.0214651
-0.0200013
-0.0185529
-0.0171203
-0.0157041
-0.0143049
-0.0129235
-0.0115607
-0.0102178
-0.00889561
-0.00759549
-0.00631862
-0.00506627
-0.00383972
-0.00264025
-0.00146915
-0.000327647
0.000783049
0.0018618
0.00290754
0.00391928
0.00489613
0.00583729
0.00674208
0.00760993
0.00844037
0.00923307
0.0099878
0.0107045
0.0113831
0.0120238
0.0126268
0.0131924
0.0137211
0.0142134
0.01467
0.0150913
0.0154783
0.0158317
0.0161523
0.0164411
0.0166989
0.0169267
0.0171255
0.0172962
0.0174398
0.0175572
0.0176495
0.0177176
0.0177624
0.0177848
0.0177858
0.0177661
0.0177268
0.0176684
0.0175919
0.017498
0.0173874
0.0172608
0.0171188
0.0169621
0.0167913
0.0166068
0.0164093
0.0161992
0.015977
0.0157431
0.015498
0.015242
0.0149756
0.014699
0.0144126
0.0141166
0.0138114
0.0134973
0.0131745
0.0128431
0.0125035
0.0121559
0.0118004
0.0114372
0.0110666
0.0106886
0.0103034
0.00991122
0.00951215
0.00910632
0.00869387
0.00827491
0.00784956
0.00741792
0.00698011
0.00653623
0.00608637
0.00563062
0.0051691
0.00470188
0.00422907
0.00375077
0.00326709
0.00277809
0.00228421
0.0017844
0.00128398
0.000762642
0.000316499
-0.202361
-0.204126
-0.205283
-0.206153
-0.206914
-0.207563
-0.208065
-0.208431
-0.208681
-0.208814
-0.208825
-0.208713
-0.208483
-0.208139
-0.207682
-0.207116
-0.206442
-0.205663
-0.204781
-0.203797
-0.202713
-0.201529
-0.200246
-0.198865
-0.197386
-0.195808
-0.194133
-0.192359
-0.190487
-0.188517
-0.186448
-0.184281
-0.182016
-0.179653
-0.177193
-0.174636
-0.171986
-0.169242
-0.166407
-0.163485
-0.160477
-0.157389
-0.154224
-0.150987
-0.147684
-0.144322
-0.140907
-0.137447
-0.13395
-0.130425
-0.126881
-0.123327
-0.119774
-0.11623
-0.112705
-0.10921
-0.105753
-0.102344
-0.0989893
-0.0956974
-0.0924746
-0.0893264
-0.0862572
-0.0832706
-0.0803688
-0.0775531
-0.0748239
-0.0721805
-0.0696215
-0.0671446
-0.0647472
-0.0624257
-0.0601767
-0.0579961
-0.0558798
-0.0538237
-0.0518235
-0.0498751
-0.0479746
-0.0461182
-0.0443021
-0.0425231
-0.0407779
-0.0390637
-0.0373779
-0.035718
-0.034082
-0.032468
-0.0308743
-0.0292997
-0.027743
-0.0262034
-0.0246803
-0.0231725
-0.0216811
-0.0202052
-0.018745
-0.017301
-0.0158736
-0.0144635
-0.0130714
-0.0116982
-0.010345
-0.00901287
-0.00770293
-0.00641642
-0.0051546
-0.00391876
-0.00271019
-0.00153016
-0.000379918
0.000739329
0.00182643
0.00288031
0.00389997
0.00488449
0.00583309
0.00674504
0.00761978
0.00845681
0.00925581
0.0100165
0.0107388
0.0114228
0.0120684
0.0126761
0.013246
0.0137786
0.0142744
0.0147341
0.0151583
0.0155478
0.0159033
0.0162257
0.0165159
0.0167749
0.0170035
0.0172029
0.0173738
0.0175174
0.0176346
0.0177264
0.0177938
0.0178378
0.0178591
0.0178589
0.0178379
0.017797
0.0177371
0.0176589
0.0175633
0.0174508
0.0173223
0.0171784
0.0170197
0.0168469
0.0166605
0.0164609
0.0162489
0.0160247
0.0157889
0.0155419
0.0152841
0.0150158
0.0147374
0.0144493
0.0141516
0.0138448
0.0135291
0.0132047
0.0128719
0.0125309
0.0121819
0.0118251
0.0114607
0.0110889
0.0107098
0.0103235
0.00993029
0.00953022
0.00912345
0.00871009
0.00829027
0.00786409
0.00743166
0.00699308
0.00654845
0.00609786
0.0056414
0.00517917
0.00471125
0.00423772
0.00375867
0.00327421
0.00278437
0.00228961
0.00178871
0.00128775
0.000763359
0.000325971
-0.200206
-0.202222
-0.203697
-0.20485
-0.205821
-0.206634
-0.207273
-0.207749
-0.208081
-0.208274
-0.208329
-0.20825
-0.208041
-0.207708
-0.207254
-0.206684
-0.206001
-0.205209
-0.204309
-0.203304
-0.202195
-0.200985
-0.199673
-0.198262
-0.196751
-0.195141
-0.193432
-0.191624
-0.189718
-0.187714
-0.185612
-0.183412
-0.181115
-0.178722
-0.176234
-0.173652
-0.170977
-0.168213
-0.165362
-0.162426
-0.159409
-0.156316
-0.153152
-0.149921
-0.14663
-0.143285
-0.139893
-0.136463
-0.133002
-0.129518
-0.126022
-0.122521
-0.119025
-0.115543
-0.112084
-0.108658
-0.105272
-0.101934
-0.0986513
-0.0954305
-0.092277
-0.0891955
-0.0861896
-0.0832622
-0.0804149
-0.0776487
-0.0749635
-0.0723587
-0.0698326
-0.0673833
-0.0650081
-0.0627041
-0.0604679
-0.058296
-0.0561847
-0.0541303
-0.0521291
-0.0501774
-0.0482716
-0.0464082
-0.044584
-0.042796
-0.0410411
-0.0393168
-0.0376205
-0.03595
-0.0343035
-0.032679
-0.031075
-0.0294903
-0.0279237
-0.0263744
-0.0248414
-0.0233254
-0.0218251
-0.0203406
-0.0188722
-0.0174202
-0.015985
-0.0145672
-0.0131677
-0.0117873
-0.0104271
-0.00908797
-0.00777122
-0.00647804
-0.00520966
-0.00396737
-0.00275246
-0.0015662
-0.000409847
0.000715398
0.00180837
0.002868
0.00389326
0.00488325
0.00583714
0.00675423
0.00763391
0.00847571
0.00927926
0.0100443
0.0107708
0.0114586
0.0121079
0.0127189
0.0132919
0.0138274
0.0143259
0.014788
0.0152143
0.0156055
0.0159626
0.0162864
0.0165777
0.0168375
0.0170668
0.0172665
0.0174376
0.0175812
0.0176982
0.0177896
0.0178565
0.0178997
0.0179202
0.017919
0.0178969
0.0178549
0.0177937
0.0177141
0.017617
0.0175031
0.0173731
0.0172277
0.0170674
0.016893
0.0167049
0.0165038
0.0162901
0.0160644
0.015827
0.0155785
0.0153191
0.0150494
0.0147695
0.01448
0.014181
0.0138729
0.0135559
0.0132302
0.0128962
0.0125541
0.012204
0.0118461
0.0114807
0.0111079
0.0107278
0.0103407
0.00994662
0.00954575
0.0091382
0.0087241
0.00830356
0.00787669
0.00744361
0.00700439
0.00655915
0.00610796
0.00565091
0.0051881
0.00471959
0.00424546
0.00376578
0.00328066
0.00279011
0.00229458
0.00179277
0.00129112
0.000764787
0.000331442
-0.198362
-0.200577
-0.202308
-0.203702
-0.204863
-0.205825
-0.206589
-0.207165
-0.207573
-0.207822
-0.207919
-0.207869
-0.207679
-0.207357
-0.206907
-0.206335
-0.205646
-0.204842
-0.203927
-0.202905
-0.201776
-0.200544
-0.19921
-0.197774
-0.196237
-0.194601
-0.192866
-0.191032
-0.1891
-0.18707
-0.184943
-0.182719
-0.1804
-0.177986
-0.175478
-0.172879
-0.17019
-0.167413
-0.164553
-0.161611
-0.158592
-0.155501
-0.152342
-0.149122
-0.145845
-0.14252
-0.139152
-0.13575
-0.132322
-0.128876
-0.125421
-0.121965
-0.118517
-0.115086
-0.11168
-0.108308
-0.104976
-0.101693
-0.098464
-0.0952954
-0.092192
-0.0891578
-0.086196
-0.0833089
-0.080498
-0.077764
-0.0751068
-0.0725256
-0.070019
-0.0675853
-0.0652219
-0.0629262
-0.0606953
-0.0585258
-0.0564147
-0.0543584
-0.0523535
-0.0503967
-0.0484848
-0.0466144
-0.0447826
-0.0429865
-0.0412233
-0.0394905
-0.0377857
-0.0361069
-0.0344521
-0.0328195
-0.0312077
-0.0296154
-0.0280416
-0.0264851
-0.0249456
-0.0234229
-0.0219162
-0.0204257
-0.0189514
-0.0174937
-0.0160531
-0.0146301
-0.0132255
-0.0118401
-0.010475
-0.00913116
-0.00780978
-0.00651206
-0.00523924
-0.00399258
-0.00277338
-0.0015829
-0.000422396
0.000706921
0.00180389
0.00286743
0.00389653
0.00489025
0.00584778
0.0067684
0.0076515
0.00849659
0.0093033
0.0100714
0.0108007
0.0114912
0.0121431
0.0127565
0.0133317
0.0138693
0.0143696
0.0148333
0.0152611
0.0156536
0.0160118
0.0163365
0.0166286
0.0168889
0.0171186
0.0173185
0.0174898
0.0176333
0.01775
0.0178411
0.0179075
0.0179501
0.01797
0.0179679
0.017945
0.017902
0.0178398
0.0177591
0.0176609
0.0175458
0.0174146
0.0172679
0.0171064
0.0169307
0.0167414
0.016539
0.016324
0.016097
0.0158584
0.0156086
0.0153481
0.0150771
0.0147962
0.0145055
0.0142054
0.0138962
0.0135782
0.0132516
0.0129166
0.0125735
0.0122225
0.0118638
0.0114976
0.011124
0.0107432
0.0103553
0.00996056
0.00955903
0.00915085
0.00873615
0.00831504
0.00788762
0.007454
0.00701427
0.00656853
0.00611685
0.00565933
0.00519604
0.00472705
0.00425243
0.00377225
0.00328658
0.00279544
0.00229925
0.00179671
0.0012942
0.0007669
0.000333071
-0.196857
-0.199228
-0.201162
-0.202753
-0.204077
-0.205169
-0.206039
-0.206703
-0.207176
-0.207475
-0.207608
-0.207583
-0.207411
-0.207098
-0.206652
-0.206079
-0.205384
-0.204571
-0.203646
-0.20261
-0.201467
-0.200218
-0.198866
-0.197412
-0.195857
-0.194202
-0.192448
-0.190595
-0.188645
-0.186597
-0.184453
-0.182213
-0.179879
-0.177451
-0.174932
-0.172322
-0.169626
-0.166844
-0.16398
-0.161038
-0.158022
-0.154937
-0.151787
-0.148578
-0.145317
-0.142011
-0.138665
-0.135288
-0.131889
-0.128474
-0.125052
-0.121632
-0.118221
-0.114829
-0.111462
-0.10813
-0.104837
-0.101593
-0.0984011
-0.0952681
-0.0921979
-0.0891945
-0.0862606
-0.0833985
-0.0806094
-0.077894
-0.0752522
-0.0726834
-0.0701863
-0.0677592
-0.0654001
-0.0631065
-0.0608756
-0.0587045
-0.0565903
-0.0545297
-0.0525196
-0.0505569
-0.0486385
-0.0467613
-0.0449224
-0.0431191
-0.0413487
-0.0396088
-0.037897
-0.0362113
-0.0345499
-0.0329109
-0.031293
-0.0296949
-0.0281156
-0.0265535
-0.0250091
-0.0234814
-0.02197
-0.020475
-0.0189965
-0.0175348
-0.0160903
-0.0146635
-0.0132553
-0.0118665
-0.0104981
-0.00915102
-0.0078265
-0.00652571
-0.00524989
-0.00400032
-0.00277826
-0.00158498
-0.00042173
0.000710277
0.00180989
0.002876
0.00390762
0.0049038
0.00586373
0.00678667
0.00767202
0.00851929
0.00932808
0.0100981
0.0108294
0.0115217
0.0121752
0.0127902
0.0133669
0.0139057
0.0144073
0.0148721
0.0153008
0.0156942
0.0160531
0.0163783
0.0166708
0.0169315
0.0171614
0.0173614
0.0175325
0.0176759
0.0177924
0.0178832
0.0179491
0.0179912
0.0180105
0.0180078
0.0179841
0.0179403
0.0178773
0.0177958
0.0176967
0.0175806
0.0174484
0.0173008
0.0171382
0.0169615
0.0167712
0.0165678
0.0163518
0.0161238
0.0158842
0.0156335
0.015372
0.0151001
0.0148182
0.0145266
0.0142257
0.0139156
0.0135968
0.0132694
0.0129337
0.0125899
0.0122382
0.0118788
0.0115119
0.0111377
0.0107563
0.0103679
0.00997256
0.0095705
0.00916183
0.00874665
0.00832508
0.00789722
0.00746317
0.00702304
0.00657689
0.00612483
0.00566692
0.00520325
0.00473388
0.00425886
0.00377827
0.00329217
0.00280055
0.00230379
0.00180069
0.00129718
0.000769698
0.000331336
-0.195703
-0.198196
-0.200285
-0.20203
-0.203485
-0.204683
-0.20564
-0.206373
-0.206901
-0.207239
-0.207401
-0.207398
-0.207239
-0.206934
-0.206491
-0.205917
-0.205219
-0.204401
-0.203467
-0.202422
-0.201269
-0.200009
-0.198645
-0.197178
-0.19561
-0.193943
-0.192176
-0.190311
-0.188349
-0.186291
-0.184136
-0.181887
-0.179545
-0.17711
-0.174585
-0.171972
-0.169272
-0.16649
-0.163628
-0.160689
-0.157678
-0.1546
-0.15146
-0.148264
-0.145017
-0.141726
-0.138399
-0.135043
-0.131665
-0.128274
-0.124877
-0.121483
-0.118099
-0.114734
-0.111395
-0.108088
-0.104822
-0.101602
-0.0984336
-0.0953221
-0.0922717
-0.0892858
-0.0863673
-0.0835182
-0.0807399
-0.078033
-0.0753976
-0.0728331
-0.0703384
-0.0679121
-0.0655521
-0.0632563
-0.0610221
-0.0588469
-0.0567277
-0.0546615
-0.0526455
-0.0506765
-0.0487516
-0.0468678
-0.0450224
-0.0432126
-0.0414359
-0.0396898
-0.037972
-0.0362806
-0.0346137
-0.0329695
-0.0313466
-0.0297436
-0.0281593
-0.0265936
-0.0250451
-0.0235135
-0.0219985
-0.0205001
-0.0190184
-0.0175536
-0.0161062
-0.0146767
-0.0132659
-0.0118745
-0.0105037
-0.00915432
-0.00782759
-0.00652468
-0.00524681
-0.00399525
-0.00277127
-0.00157612
-0.000411064
0.000722703
0.00182402
0.0028918
0.00392503
0.00492278
0.00588423
0.00680864
0.0076954
0.00854401
0.0093541
0.0101254
0.0108578
0.0115512
0.0122057
0.0128216
0.0133992
0.0139389
0.0144411
0.0149065
0.0153357
0.0157295
0.0160888
0.0164143
0.0167069
0.0169677
0.0171976
0.0173975
0.0175685
0.0177117
0.0178279
0.0179183
0.0179838
0.0180254
0.0180441
0.0180409
0.0180166
0.0179721
0.0179084
0.0178262
0.0177263
0.0176094
0.0174765
0.017328
0.0171647
0.0169871
0.016796
0.0165918
0.016375
0.0161462
0.0159058
0.0156543
0.015392
0.0151194
0.0148368
0.0145445
0.0142428
0.0139321
0.0136127
0.0132846
0.0129483
0.0126039
0.0122517
0.0118918
0.0115244
0.0111497
0.0107678
0.0103789
0.00998316
0.00958069
0.00917161
0.00875605
0.00833412
0.00790591
0.00747152
0.00703106
0.0065846
0.00613223
0.00567402
0.00521004
0.00474037
0.00426505
0.00378413
0.00329769
0.00280569
0.00230846
0.00180493
0.00130031
0.000773251
0.000327035
-0.194897
-0.19748
-0.199682
-0.20154
-0.203094
-0.204372
-0.205394
-0.206179
-0.206746
-0.207115
-0.207298
-0.20731
-0.207161
-0.206862
-0.206422
-0.205848
-0.205148
-0.204326
-0.203388
-0.202337
-0.201177
-0.19991
-0.198539
-0.197065
-0.19549
-0.193815
-0.192041
-0.19017
-0.188201
-0.186137
-0.183978
-0.181725
-0.179379
-0.176942
-0.174415
-0.171802
-0.169103
-0.166323
-0.163464
-0.16053
-0.157525
-0.154455
-0.151324
-0.148137
-0.144902
-0.141624
-0.138311
-0.13497
-0.131608
-0.128233
-0.124853
-0.121476
-0.118109
-0.114761
-0.111437
-0.108147
-0.104895
-0.101689
-0.0985325
-0.0954318
-0.0923907
-0.0894126
-0.0865003
-0.0836558
-0.0808805
-0.0781752
-0.07554
-0.0729745
-0.0704777
-0.0680483
-0.0656843
-0.0633839
-0.0611445
-0.0589636
-0.0568385
-0.0547662
-0.0527439
-0.0507686
-0.0488374
-0.0469475
-0.0450961
-0.0432804
-0.041498
-0.0397465
-0.0380236
-0.0363272
-0.0346555
-0.0330069
-0.0313797
-0.0297727
-0.0281848
-0.0266154
-0.0250635
-0.0235287
-0.0220107
-0.0205095
-0.0190251
-0.0175578
-0.016108
-0.0146763
-0.0132633
-0.01187
-0.0104973
-0.00914615
-0.00781774
-0.00651322
-0.00523384
-0.00398083
-0.00275547
-0.00155901
-0.000392696
0.000742269
0.00184473
0.00291361
0.00394788
0.00494663
0.00590902
0.00683432
0.00772193
0.00857135
0.00938218
0.0101542
0.0108872
0.0115812
0.0122363
0.0128527
0.0134307
0.0139707
0.0144732
0.0149388
0.0153682
0.0157622
0.0161215
0.016447
0.0167396
0.0170003
0.0172299
0.0174297
0.0176004
0.0177432
0.0178591
0.017949
0.0180141
0.0180552
0.0180734
0.0180695
0.0180447
0.0179996
0.0179352
0.0178523
0.0177518
0.0176343
0.0175006
0.0173514
0.0171874
0.0170092
0.0168174
0.0166125
0.0163951
0.0161656
0.0159246
0.0156724
0.0154095
0.0151363
0.0148531
0.0145602
0.014258
0.0139468
0.0136267
0.0132982
0.0129614
0.0126166
0.0122639
0.0119035
0.0115357
0.0111606
0.0107783
0.0103891
0.00999297
0.00959017
0.00918077
0.0087649
0.00834267
0.00791417
0.00747951
0.00703879
0.00659207
0.00613945
0.005681
0.00521678
0.00474687
0.00427131
0.00379014
0.00330343
0.00281114
0.00231353
0.00180969
0.00130393
0.000777716
0.000321256
-0.19441
-0.197056
-0.199335
-0.201271
-0.202891
-0.204223
-0.205289
-0.206109
-0.206703
-0.207091
-0.207289
-0.20731
-0.207168
-0.206873
-0.206435
-0.205861
-0.20516
-0.204336
-0.203396
-0.202341
-0.201178
-0.199907
-0.198532
-0.197055
-0.195476
-0.193798
-0.192021
-0.190147
-0.188176
-0.18611
-0.183949
-0.181695
-0.179349
-0.176912
-0.174387
-0.171775
-0.169079
-0.166302
-0.163447
-0.160518
-0.157519
-0.154455
-0.15133
-0.148152
-0.144925
-0.141656
-0.138352
-0.13502
-0.131668
-0.128303
-0.124933
-0.121565
-0.118207
-0.114867
-0.111552
-0.108269
-0.105023
-0.101822
-0.0986705
-0.0955732
-0.0925343
-0.0895573
-0.086645
-0.0837996
-0.0810225
-0.0783144
-0.0756757
-0.073106
-0.0706044
-0.0681697
-0.0658002
-0.0634938
-0.0612484
-0.0590613
-0.0569299
-0.0548514
-0.0528229
-0.0508417
-0.0489046
-0.047009
-0.0451521
-0.0433312
-0.0415438
-0.0397875
-0.03806
-0.0363592
-0.0346834
-0.0330308
-0.0314001
-0.0297894
-0.0281983
-0.0266257
-0.0250708
-0.0235332
-0.0220126
-0.0205089
-0.0190221
-0.0175526
-0.0161007
-0.014667
-0.0132523
-0.0118572
-0.0104828
-0.00913013
-0.00780027
-0.00649439
-0.00521373
-0.00395952
-0.00273304
-0.00153553
-0.000368229
0.000767654
0.00187097
0.00294064
0.00397565
0.00497507
0.00593809
0.00686396
0.00775209
0.00860197
0.00941321
0.0101856
0.0109189
0.0116132
0.0122685
0.012885
0.0134631
0.0140031
0.0145057
0.0149713
0.0154006
0.0157944
0.0161535
0.0164788
0.0167711
0.0170315
0.0172608
0.0174601
0.0176305
0.0177728
0.0178882
0.0179777
0.0180422
0.0180827
0.0181003
0.0180959
0.0180704
0.0180248
0.0179597
0.0178762
0.0177751
0.0176569
0.0175226
0.0173728
0.0172082
0.0170294
0.0168369
0.0166314
0.0164134
0.0161834
0.0159418
0.015689
0.0154256
0.0151518
0.0148681
0.0145748
0.0142721
0.0139604
0.0136399
0.013311
0.0129737
0.0126285
0.0122754
0.0119147
0.0115465
0.0111711
0.0107885
0.0103989
0.0100025
0.00959944
0.00918977
0.00877364
0.00835115
0.00792242
0.00748753
0.00704658
0.00659965
0.00614682
0.00568817
0.00522376
0.00475365
0.0042779
0.00379654
0.00330962
0.00281712
0.00231922
0.00181519
0.00130833
0.000783298
0.000315258
-0.194191
-0.196878
-0.199204
-0.201186
-0.202847
-0.204211
-0.205302
-0.206141
-0.206751
-0.20715
-0.207355
-0.207382
-0.207243
-0.20695
-0.206513
-0.20594
-0.205238
-0.204414
-0.203472
-0.202416
-0.201251
-0.199979
-0.198603
-0.197124
-0.195544
-0.193865
-0.192088
-0.190213
-0.188243
-0.186177
-0.184016
-0.181763
-0.179418
-0.176983
-0.17446
-0.171851
-0.169157
-0.166384
-0.163532
-0.160607
-0.157612
-0.154553
-0.151433
-0.14826
-0.145038
-0.141774
-0.138475
-0.135149
-0.131801
-0.128441
-0.125075
-0.121711
-0.118357
-0.115019
-0.111706
-0.108424
-0.10518
-0.101979
-0.0988261
-0.0957272
-0.0926861
-0.0897061
-0.0867903
-0.0839407
-0.0811588
-0.0784456
-0.0758014
-0.0732258
-0.0707182
-0.0682773
-0.0659014
-0.0635888
-0.061337
-0.0591437
-0.0570062
-0.0549218
-0.0528876
-0.0509007
-0.0489583
-0.0470576
-0.0451958
-0.0433702
-0.0415783
-0.0398177
-0.0380861
-0.0363816
-0.0347021
-0.033046
-0.0314116
-0.0297982
-0.0282041
-0.0266286
-0.025071
-0.0235308
-0.0220077
-0.0205017
-0.0190127
-0.0175411
-0.0160872
-0.0146516
-0.013235
-0.0118382
-0.0104622
-0.00910802
-0.00777672
-0.00646949
-0.00518756
-0.00393217
-0.00270458
-0.00150606
-0.000337818
0.000798928
0.00190303
0.00297341
0.00400906
0.00500905
0.00597256
0.00689886
0.00778735
0.00863752
0.00944899
0.0102215
0.0109549
0.0116492
0.0123045
0.012921
0.013499
0.0140389
0.0145412
0.0150065
0.0154355
0.015829
0.0161877
0.0165125
0.0168044
0.0170642
0.017293
0.0174918
0.0176615
0.0178033
0.017918
0.0180068
0.0180707
0.0181106
0.0181275
0.0181225
0.0180963
0.0180499
0.0179842
0.0179
0.0177982
0.0176794
0.0175444
0.017394
0.0172287
0.0170493
0.0168562
0.0166501
0.0164315
0.0162009
0.0159588
0.0157055
0.0154416
0.0151673
0.0148831
0.0145893
0.0142861
0.013974
0.0136531
0.0133238
0.0129862
0.0126406
0.0122871
0.0119261
0.0115576
0.0111818
0.0107989
0.0104091
0.0100124
0.00960908
0.00919916
0.00878279
0.00836008
0.00793113
0.00749603
0.00705488
0.00660776
0.00615475
0.00569592
0.00523133
0.00476106
0.00428514
0.00380362
0.00331654
0.00282389
0.00232577
0.00182167
0.00131384
0.000790404
0.000310583
-0.194197
-0.196909
-0.199262
-0.201268
-0.202948
-0.204327
-0.205429
-0.206277
-0.206893
-0.207296
-0.207503
-0.207531
-0.207393
-0.2071
-0.206662
-0.206088
-0.205385
-0.20456
-0.203617
-0.20256
-0.201394
-0.200122
-0.198745
-0.197266
-0.195686
-0.194008
-0.192231
-0.190357
-0.188387
-0.186322
-0.184164
-0.181912
-0.179569
-0.177136
-0.174615
-0.172008
-0.169318
-0.166546
-0.163698
-0.160775
-0.157783
-0.154727
-0.15161
-0.148439
-0.145219
-0.141957
-0.138661
-0.135335
-0.131989
-0.128629
-0.125263
-0.121899
-0.118543
-0.115204
-0.111889
-0.108604
-0.105356
-0.102151
-0.0989943
-0.0958904
-0.0928438
-0.089858
-0.0869359
-0.0840798
-0.0812912
-0.0785712
-0.07592
-0.0733374
-0.0708228
-0.068375
-0.0659924
-0.0636731
-0.0614149
-0.0592154
-0.0570719
-0.0549817
-0.052942
-0.0509499
-0.0490025
-0.047097
-0.0452306
-0.0434007
-0.0416047
-0.0398402
-0.0381049
-0.0363968
-0.0347139
-0.0330546
-0.0314172
-0.0298006
-0.0282036
-0.0266253
-0.025065
-0.0235222
-0.0219966
-0.0204881
-0.0189968
-0.0175229
-0.0160668
-0.0146291
-0.0132104
-0.0118117
-0.0104338
-0.00907772
-0.00774468
-0.0064358
-0.0051523
-0.00389544
-0.00266647
-0.00146666
-0.000297232
0.000840606
0.0019457
0.00301698
0.00405341
0.00505409
0.00601819
0.00694498
0.00783385
0.00868431
0.00949598
0.0102686
0.011002
0.0116963
0.0123514
0.0129676
0.0135453
0.0140848
0.0145866
0.0150514
0.0154798
0.0158727
0.0162307
0.0165548
0.0168459
0.017105
0.0173329
0.0175308
0.0176997
0.0178405
0.0179544
0.0180423
0.0181052
0.0181442
0.0181602
0.0181542
0.0181271
0.0180799
0.0180133
0.0179282
0.0178255
0.0177059
0.0175701
0.0174189
0.0172528
0.0170726
0.0168788
0.016672
0.0164527
0.0162215
0.0159787
0.0157248
0.0154602
0.0151854
0.0149006
0.0146063
0.0143027
0.01399
0.0136687
0.0133389
0.0130009
0.0126548
0.012301
0.0119396
0.0115707
0.0111946
0.0108114
0.0104213
0.0100243
0.00962069
0.0092105
0.00879387
0.00837091
0.00794173
0.00750641
0.00706504
0.00661772
0.00616451
0.00570549
0.00524073
0.00477029
0.00429421
0.00381254
0.00332531
0.00283252
0.00233425
0.00183014
0.00132156
0.000800385
0.000309967
-0.194389
-0.197119
-0.199486
-0.201502
-0.20319
-0.204573
-0.205676
-0.206523
-0.207137
-0.207537
-0.207742
-0.207766
-0.207624
-0.207328
-0.206887
-0.20631
-0.205605
-0.204777
-0.203832
-0.202774
-0.201607
-0.200334
-0.198956
-0.197477
-0.195898
-0.194219
-0.192443
-0.19057
-0.188602
-0.186538
-0.184381
-0.182131
-0.17979
-0.177359
-0.17484
-0.172235
-0.169546
-0.166777
-0.16393
-0.161009
-0.158018
-0.154963
-0.151846
-0.148676
-0.145456
-0.142194
-0.138895
-0.135569
-0.13222
-0.128857
-0.125488
-0.12212
-0.11876
-0.115416
-0.112095
-0.108804
-0.105549
-0.102337
-0.0991725
-0.0960609
-0.0930063
-0.0900123
-0.087082
-0.0842175
-0.0814207
-0.0786924
-0.0760331
-0.0734426
-0.0709203
-0.068465
-0.0660753
-0.0637491
-0.0614843
-0.0592785
-0.0571291
-0.0550333
-0.0529883
-0.0509911
-0.0490389
-0.0471289
-0.0452583
-0.0434243
-0.0416245
-0.0398563
-0.0381175
-0.036406
-0.0347198
-0.0330573
-0.0314169
-0.0297973
-0.0281974
-0.0266162
-0.0250531
-0.0235075
-0.0219792
-0.020468
-0.018974
-0.0174975
-0.0160388
-0.0145985
-0.0131774
-0.0117762
-0.010396
-0.00903763
-0.00770237
-0.00639135
-0.00510581
-0.00384699
-0.00261618
-0.00141463
-0.000243583
0.000895748
0.00200221
0.00307472
0.00411225
0.00511389
0.0060788
0.00700627
0.00789567
0.00874653
0.00955846
0.0103312
0.0110646
0.0117587
0.0124136
0.0130294
0.0136066
0.0141455
0.0146467
0.0151107
0.0155383
0.0159302
0.0162872
0.0166102
0.0169002
0.0171581
0.0173849
0.0175816
0.0177492
0.0178888
0.0180013
0.0180879
0.0181496
0.0181873
0.018202
0.0181948
0.0181664
0.018118
0.0180502
0.017964
0.0178601
0.0177393
0.0176025
0.0174502
0.0172831
0.0171019
0.0169072
0.0166995
0.0164793
0.0162472
0.0160035
0.0157489
0.0154836
0.015208
0.0149226
0.0146276
0.0143233
0.0140101
0.0136882
0.0133578
0.0130193
0.0126728
0.0123185
0.0119566
0.0115873
0.0112108
0.0108272
0.0104367
0.0100394
0.00963539
0.00922488
0.00880794
0.00838469
0.00795522
0.00751963
0.00707801
0.00663044
0.006177
0.00571777
0.0052528
0.00478217
0.00430591
0.00382407
0.00333668
0.00284377
0.00234537
0.00184127
0.00133232
0.000813679
0.000316079
-0.213346
-0.213547
-0.213681
-0.213769
-0.213808
-0.213807
-0.213772
-0.213702
-0.213593
-0.213441
-0.213243
-0.212996
-0.212698
-0.212346
-0.211938
-0.211474
-0.21095
-0.210366
-0.209721
-0.209013
-0.208242
-0.207406
-0.206504
-0.205536
-0.204499
-0.203394
-0.202219
-0.200973
-0.199655
-0.198262
-0.196794
-0.19525
-0.193626
-0.191922
-0.190135
-0.188263
-0.186303
-0.184252
-0.182107
-0.179864
-0.17752
-0.175071
-0.172512
-0.169838
-0.167044
-0.164125
-0.161076
-0.157889
-0.15456
-0.151083
-0.147451
-0.14366
-0.139705
-0.135583
-0.131289
-0.126824
-0.122187
-0.117383
-0.112414
-0.107292
-0.102025
-0.0966286
-0.0911212
-0.0855238
-0.0798612
-0.0741612
-0.0684543
-0.062773
-0.0571516
-0.0516249
-0.0462278
-0.0409942
-0.0359564
-0.031144
-0.0265832
-0.0222965
-0.018302
-0.0146129
-0.0112375
-0.00817927
-0.00543705
-0.00300515
-0.000873914
0.000969918
0.00254258
0.00386265
0.00495047
0.00582752
0.00651591
0.0070378
0.00741504
0.00766872
0.00781889
0.00788432
0.00788232
0.00782866
0.00773747
0.00762125
0.0074909
0.00735577
0.00722377
0.00710142
0.006994
0.0069057
0.00683933
0.0067977
0.00678183
0.00679259
0.00683015
0.00689421
0.00698406
0.00709865
0.00723666
0.00739658
0.00757675
0.00777537
0.00799061
0.00822058
0.00846337
0.00871711
0.00897993
0.00925002
0.00952562
0.00980504
0.0100867
0.0103689
0.0106503
0.0109296
0.0112053
0.0114762
0.0117413
0.0119994
0.0122496
0.0124909
0.0127225
0.0129436
0.0131536
0.0133518
0.0135376
0.0137105
0.0138701
0.0140159
0.0141477
0.014265
0.0143677
0.0144556
0.0145284
0.0145861
0.0146286
0.0146557
0.0146676
0.0146641
0.0146454
0.0146115
0.0145624
0.0144984
0.0144195
0.0143259
0.0142178
0.0140953
0.0139586
0.013808
0.0136436
0.0134658
0.0132748
0.0130707
0.0128539
0.0126247
0.0123832
0.0121298
0.0118647
0.0115882
0.0113006
0.0110022
0.0106932
0.0103738
0.0100445
0.00970533
0.00935668
0.00899879
0.00863191
0.00825629
0.00787219
0.00747986
0.00707952
0.00667143
0.00625581
0.0058329
0.00540293
0.0049661
0.00452265
0.00407277
0.00361667
0.00315455
0.0026866
0.00221301
0.00173389
0.00124972
0.000758729
0.000274616
-0.213314
-0.213488
-0.213593
-0.213666
-0.2137
-0.213699
-0.213666
-0.213597
-0.213489
-0.213339
-0.213143
-0.212898
-0.212601
-0.212251
-0.211845
-0.211382
-0.21086
-0.210278
-0.209635
-0.208929
-0.208159
-0.207325
-0.206424
-0.205457
-0.204422
-0.203319
-0.202145
-0.2009
-0.199582
-0.198191
-0.196724
-0.19518
-0.193558
-0.191854
-0.190068
-0.188197
-0.186237
-0.184187
-0.182043
-0.179801
-0.177458
-0.17501
-0.172452
-0.16978
-0.166988
-0.164071
-0.161024
-0.157841
-0.154516
-0.151043
-0.147416
-0.143632
-0.139684
-0.13557
-0.131286
-0.126832
-0.122208
-0.117416
-0.112463
-0.107355
-0.102105
-0.0967269
-0.0912378
-0.0856592
-0.0800155
-0.0743344
-0.0686459
-0.0629824
-0.0573778
-0.0518667
-0.0464837
-0.0412625
-0.0362351
-0.0314311
-0.0268766
-0.022594
-0.0186014
-0.014912
-0.0115344
-0.00847209
-0.00572405
-0.00328463
-0.00114423
0.000710224
0.00229478
0.00362781
0.00472943
0.00562095
0.00632425
0.00686132
0.00725379
0.00752261
0.00768767
0.00776761
0.00777962
0.00773937
0.00766092
0.0075567
0.00743757
0.00731287
0.00719046
0.00707688
0.00697739
0.00689612
0.00683595
0.00680039
0.00678959
0.00680467
0.00684592
0.0069131
0.00700553
0.00712221
0.00726186
0.00742302
0.00760404
0.0078032
0.00801867
0.0082486
0.00849114
0.00874441
0.00900659
0.00927589
0.00955057
0.00982896
0.0101095
0.0103905
0.0106707
0.0109487
0.0112231
0.0114927
0.0117564
0.0120132
0.012262
0.012502
0.0127323
0.0129522
0.013161
0.013358
0.0135426
0.0137144
0.0138729
0.0140177
0.0141485
0.0142649
0.0143667
0.0144537
0.0145257
0.0145827
0.0146244
0.0146509
0.0146622
0.0146582
0.0146389
0.0146045
0.0145551
0.0144907
0.0144114
0.0143175
0.0142091
0.0140863
0.0139494
0.0137986
0.0136341
0.0134562
0.013265
0.0130609
0.0128441
0.0126148
0.0123733
0.0121199
0.0118548
0.0115784
0.0112909
0.0109925
0.0106835
0.0103643
0.010035
0.009696
0.00934747
0.00898971
0.00862296
0.00824749
0.00786354
0.00747135
0.00707118
0.00666325
0.0062478
0.00582506
0.00539525
0.0049586
0.00451532
0.00406561
0.00360968
0.00314774
0.00267996
0.00220654
0.00172755
0.00124367
0.000751729
0.000271356
-0.213258
-0.213438
-0.213524
-0.213586
-0.213616
-0.213615
-0.213583
-0.213517
-0.213411
-0.213263
-0.21307
-0.212827
-0.212533
-0.212185
-0.211781
-0.21132
-0.2108
-0.21022
-0.209578
-0.208874
-0.208106
-0.207273
-0.206374
-0.205408
-0.204375
-0.203272
-0.2021
-0.200856
-0.19954
-0.19815
-0.196684
-0.195142
-0.193521
-0.191819
-0.190034
-0.188164
-0.186206
-0.184157
-0.182014
-0.179774
-0.177434
-0.174988
-0.172432
-0.169763
-0.166974
-0.164061
-0.161018
-0.157839
-0.154519
-0.151052
-0.147433
-0.143655
-0.139716
-0.13561
-0.131336
-0.126892
-0.122278
-0.117498
-0.112557
-0.107461
-0.102223
-0.096857
-0.0913798
-0.0858126
-0.0801799
-0.0745091
-0.06883
-0.0631751
-0.0575781
-0.0520735
-0.0466959
-0.041479
-0.0364549
-0.0316531
-0.0270998
-0.0228174
-0.0188241
-0.0151329
-0.0117526
-0.00868661
-0.00593397
-0.00348914
-0.00134261
0.000518661
0.00211064
0.00345165
0.00456175
0.00546215
0.00617469
0.00672126
0.00712343
0.00740205
0.00757693
0.00766665
0.00768831
0.00765752
0.00758826
0.00749293
0.00738232
0.00726573
0.007151
0.00704463
0.0069519
0.00687701
0.00682332
0.00679195
0.00678593
0.00680532
0.00685037
0.00692093
0.00701631
0.00713553
0.00727736
0.00744033
0.00762285
0.0078232
0.00803958
0.00827018
0.00851314
0.00876664
0.00902885
0.00929802
0.00957243
0.00985042
0.0101304
0.0104109
0.0106904
0.0109675
0.0112411
0.0115099
0.0117727
0.0120285
0.0122764
0.0125155
0.0127448
0.0129638
0.0131716
0.0133676
0.0135513
0.0137222
0.0138798
0.0140238
0.0141537
0.0142694
0.0143704
0.0144567
0.014528
0.0145843
0.0146254
0.0146513
0.0146619
0.0146574
0.0146376
0.0146027
0.0145528
0.014488
0.0144084
0.0143141
0.0142053
0.0140823
0.0139451
0.0137941
0.0136294
0.0134512
0.0132599
0.0130556
0.0128386
0.0126092
0.0123677
0.0121142
0.0118491
0.0115726
0.011285
0.0109866
0.0106776
0.0103584
0.0100292
0.00969015
0.00934165
0.00898393
0.00861723
0.00824182
0.00785793
0.00746581
0.00706571
0.00665786
0.00624249
0.00581984
0.00539012
0.00495357
0.00451038
0.00406077
0.00360495
0.00314311
0.00267544
0.00220214
0.00172321
0.00123968
0.000746915
0.000271107
-0.213193
-0.213399
-0.213475
-0.213531
-0.213557
-0.213556
-0.213526
-0.213462
-0.21336
-0.213215
-0.213024
-0.212784
-0.212492
-0.212147
-0.211745
-0.211286
-0.210768
-0.21019
-0.20955
-0.208847
-0.20808
-0.207249
-0.206352
-0.205388
-0.204356
-0.203255
-0.202084
-0.200841
-0.199526
-0.198138
-0.196674
-0.195133
-0.193513
-0.191813
-0.19003
-0.188161
-0.186205
-0.184159
-0.182019
-0.179782
-0.177444
-0.175001
-0.17245
-0.169784
-0.167
-0.164092
-0.161055
-0.157882
-0.154569
-0.15111
-0.147499
-0.14373
-0.1398
-0.135704
-0.13144
-0.127006
-0.122403
-0.117633
-0.112702
-0.107616
-0.102387
-0.0970294
-0.0915597
-0.0859991
-0.0803718
-0.0747052
-0.0690293
-0.0633766
-0.0577806
-0.0522762
-0.0468982
-0.0416802
-0.0366545
-0.0318508
-0.0272952
-0.0230103
-0.0190142
-0.0153202
-0.0119368
-0.00886778
-0.00611195
-0.0036638
-0.00151375
0.000351282
0.00194731
0.00329271
0.00440758
0.00531315
0.00603126
0.0065838
0.00699233
0.00727767
0.00745957
0.00755657
0.00758571
0.00756253
0.00750095
0.00741331
0.00731032
0.00720124
0.00709384
0.00699459
0.0069087
0.00684031
0.00679254
0.00676716
0.00676672
0.00679119
0.00684094
0.0069158
0.0070151
0.00713787
0.00728287
0.00744867
0.00763367
0.00783618
0.00805442
0.00828659
0.00853087
0.00878542
0.00904848
0.00931827
0.00959312
0.00987137
0.0101515
0.0104319
0.0107112
0.0109882
0.0112614
0.0115297
0.011792
0.0120473
0.0122945
0.0125329
0.0127615
0.0129797
0.0131868
0.013382
0.013565
0.0137351
0.0138919
0.0140351
0.0141643
0.0142791
0.0143794
0.014465
0.0145356
0.0145912
0.0146316
0.0146569
0.0146669
0.0146618
0.0146414
0.014606
0.0145556
0.0144903
0.0144102
0.0143155
0.0142063
0.0140828
0.0139453
0.0137939
0.0136289
0.0134505
0.0132588
0.0130543
0.0128371
0.0126075
0.0123657
0.012112
0.0118467
0.0115701
0.0112824
0.0109839
0.0106748
0.0103555
0.0100262
0.0096871
0.00933855
0.00898079
0.00861406
0.00823861
0.00785471
0.00746258
0.00706247
0.00665462
0.00623927
0.00581663
0.00538694
0.00495041
0.00450726
0.00405769
0.00360191
0.00314012
0.0026725
0.00219928
0.00172039
0.00123718
0.000743939
0.0002722
-0.213134
-0.213376
-0.213447
-0.213497
-0.213522
-0.213522
-0.213495
-0.213434
-0.213335
-0.213193
-0.213005
-0.212768
-0.212478
-0.212135
-0.211735
-0.211278
-0.210762
-0.210185
-0.209547
-0.208845
-0.20808
-0.20725
-0.206354
-0.205392
-0.204361
-0.203261
-0.202092
-0.200851
-0.199537
-0.19815
-0.196688
-0.195148
-0.193531
-0.191832
-0.190051
-0.188185
-0.186232
-0.184188
-0.182051
-0.179818
-0.177484
-0.175046
-0.172499
-0.169839
-0.167061
-0.164159
-0.161129
-0.157965
-0.15466
-0.15121
-0.147608
-0.14385
-0.139931
-0.135846
-0.131593
-0.12717
-0.122578
-0.117819
-0.112897
-0.10782
-0.102599
-0.0972483
-0.0917841
-0.0862277
-0.0806033
-0.0749384
-0.0692631
-0.0636098
-0.0580125
-0.0525062
-0.0471257
-0.0419051
-0.0368766
-0.0320701
-0.0275119
-0.0232247
-0.0192266
-0.0155309
-0.0121462
-0.009076
-0.00631905
-0.00386973
-0.00171832
0.000148352
0.00174645
0.00309443
0.00421247
0.00512188
0.00584451
0.0064023
0.00681676
0.00710869
0.0072978
0.00740255
0.00743991
0.00742534
0.00737267
0.00729413
0.00720036
0.00710052
0.0070023
0.0069121
0.00683505
0.00677522
0.00673563
0.00671821
0.00672538
0.00675693
0.00681336
0.00689446
0.00699955
0.00712765
0.00727754
0.00744778
0.0076368
0.00784292
0.00806438
0.00829938
0.00854614
0.00880284
0.00906773
0.00933907
0.00961519
0.00989447
0.0101754
0.0104564
0.0107361
0.0110132
0.0112865
0.0115547
0.0118168
0.0120718
0.0123186
0.0125565
0.0127846
0.0130022
0.0132085
0.0134031
0.0135852
0.0137546
0.0139106
0.0140529
0.0141813
0.0142953
0.0143948
0.0144795
0.0145493
0.014604
0.0146437
0.0146681
0.0146774
0.0146715
0.0146505
0.0146144
0.0145633
0.0144973
0.0144166
0.0143212
0.0142115
0.0140875
0.0139495
0.0137976
0.0136321
0.0134532
0.0132612
0.0130562
0.0128387
0.0126087
0.0123666
0.0121126
0.011847
0.0115702
0.0112822
0.0109835
0.0106742
0.0103547
0.0100252
0.00968596
0.00933727
0.00897937
0.00861253
0.00823698
0.00785298
0.00746077
0.00706059
0.00665268
0.00623727
0.00581459
0.00538486
0.0049483
0.00450512
0.00405554
0.00359976
0.00313798
0.00267039
0.00219721
0.00171837
0.00123539
0.000742014
0.000272896
-0.213094
-0.213379
-0.213446
-0.213494
-0.213518
-0.213519
-0.213495
-0.213438
-0.213342
-0.213203
-0.213018
-0.212783
-0.212495
-0.212153
-0.211755
-0.211299
-0.210784
-0.210209
-0.209571
-0.208871
-0.208107
-0.207278
-0.206383
-0.205422
-0.204392
-0.203294
-0.202125
-0.200885
-0.199573
-0.198188
-0.196727
-0.195189
-0.193573
-0.191877
-0.190098
-0.188235
-0.186284
-0.184244
-0.182111
-0.179881
-0.177552
-0.175119
-0.172578
-0.169924
-0.167153
-0.16426
-0.161238
-0.158083
-0.154788
-0.151348
-0.147757
-0.14401
-0.140102
-0.136029
-0.131787
-0.127376
-0.122794
-0.118045
-0.113133
-0.108064
-0.10285
-0.0975043
-0.0920443
-0.0864909
-0.0808683
-0.0752041
-0.0695286
-0.0638746
-0.0582762
-0.0527685
-0.0473867
-0.042165
-0.0371359
-0.0323293
-0.0277716
-0.0234855
-0.019489
-0.0157954
-0.012413
-0.00934521
-0.00659059
-0.00414329
-0.00199341
-0.000127567
0.00147055
0.00281954
0.0039397
0.00485238
0.00557948
0.00614292
0.00656419
0.00686402
0.00706205
0.0071766
0.00722456
0.00722123
0.00718031
0.00711391
0.00703254
0.00694522
0.00685953
0.00678175
0.00671693
0.00666904
0.00664103
0.00663459
0.00665252
0.00669429
0.00676041
0.00685059
0.00696417
0.00710019
0.0072574
0.00743439
0.00762959
0.00784134
0.00806789
0.00830747
0.00855832
0.00881864
0.00908671
0.00936083
0.00963933
0.00992062
0.0102032
0.0104856
0.0107664
0.0110444
0.0113182
0.0115868
0.0118491
0.0121041
0.0123508
0.0125884
0.012816
0.013033
0.0132388
0.0134326
0.013614
0.0137825
0.0139376
0.0140791
0.0142064
0.0143195
0.0144179
0.0145016
0.0145704
0.0146242
0.0146628
0.0146863
0.0146946
0.0146877
0.0146658
0.0146287
0.0145767
0.0145099
0.0144283
0.0143322
0.0142216
0.0140969
0.0139581
0.0138055
0.0136394
0.0134598
0.0132672
0.0130617
0.0128436
0.0126131
0.0123705
0.0121161
0.0118501
0.0115728
0.0112844
0.0109854
0.0106758
0.0103559
0.0100261
0.00968665
0.00933771
0.00897959
0.00861253
0.00823679
0.00785261
0.00746023
0.0070599
0.00665185
0.00623632
0.00581352
0.00538369
0.00494704
0.00450379
0.00405415
0.00359832
0.00313651
0.0026689
0.00219574
0.00171695
0.00123407
0.000740942
0.000272159
-0.213091
-0.213419
-0.213483
-0.213529
-0.213553
-0.213557
-0.213535
-0.213481
-0.213387
-0.21325
-0.213066
-0.212832
-0.212546
-0.212205
-0.211807
-0.211352
-0.210837
-0.210262
-0.209625
-0.208925
-0.208162
-0.207333
-0.206439
-0.205478
-0.204448
-0.203351
-0.202183
-0.200944
-0.199633
-0.198249
-0.196789
-0.195253
-0.193639
-0.191945
-0.190169
-0.188308
-0.186361
-0.184324
-0.182195
-0.17997
-0.177646
-0.175219
-0.172684
-0.170037
-0.167274
-0.164389
-0.161376
-0.15823
-0.154946
-0.151516
-0.147937
-0.144201
-0.140304
-0.136242
-0.132011
-0.12761
-0.123038
-0.118298
-0.113393
-0.108332
-0.103123
-0.0977819
-0.0923253
-0.0867745
-0.0811537
-0.075491
-0.0698167
-0.0641639
-0.0585671
-0.0530615
-0.0476826
-0.0424647
-0.0374404
-0.0326395
-0.0280885
-0.0238099
-0.0198215
-0.0161363
-0.0127624
-0.00970289
-0.00695597
-0.00451549
-0.00237128
-0.000509687
0.00108579
0.00243393
0.00355511
0.00447075
0.00520275
0.00577299
0.00620286
0.00651298
0.00672282
0.00685055
0.00691285
0.00692483
0.0069
0.00685026
0.00678595
0.00671589
0.00664751
0.00658694
0.00653909
0.00650781
0.00649604
0.00650606
0.00653785
0.00659401
0.00667383
0.00677689
0.00690257
0.00704991
0.00721768
0.00740444
0.00760866
0.00782867
0.00806276
0.00830919
0.00856622
0.00883209
0.00910509
0.00938356
0.00966588
0.00995049
0.0102359
0.0105207
0.0108035
0.0110831
0.0113582
0.0116278
0.0118907
0.0121461
0.0123929
0.0126305
0.0128579
0.0130745
0.0132797
0.0134728
0.0136534
0.0138209
0.0139751
0.0141154
0.0142417
0.0143535
0.0144508
0.0145332
0.0146008
0.0146532
0.0146906
0.0147128
0.0147198
0.0147117
0.0146885
0.0146502
0.014597
0.014529
0.0144463
0.0143491
0.0142375
0.0141117
0.0139719
0.0138184
0.0136513
0.0134709
0.0132774
0.0130711
0.0128523
0.012621
0.0123778
0.0121227
0.0118561
0.0115782
0.0112893
0.0109897
0.0106796
0.0103594
0.0100291
0.00968925
0.00933994
0.00898147
0.00861408
0.00823804
0.00785357
0.00746094
0.00706036
0.00665209
0.00623635
0.00581336
0.00538335
0.00494654
0.00450315
0.00405338
0.00359745
0.00313556
0.0026679
0.00219471
0.00171599
0.00123304
0.000740663
0.000269227
-0.213139
-0.213508
-0.213567
-0.213612
-0.213637
-0.213641
-0.21362
-0.213567
-0.213474
-0.213337
-0.213153
-0.212918
-0.212631
-0.212289
-0.211891
-0.211435
-0.210919
-0.210343
-0.209706
-0.209005
-0.208241
-0.207412
-0.206518
-0.205556
-0.204527
-0.203429
-0.202262
-0.201024
-0.199713
-0.19833
-0.196871
-0.195337
-0.193724
-0.192032
-0.190259
-0.188401
-0.186457
-0.184424
-0.182299
-0.180079
-0.17776
-0.175339
-0.17281
-0.170171
-0.167415
-0.164538
-0.161534
-0.158398
-0.155123
-0.151704
-0.148134
-0.144409
-0.140522
-0.13647
-0.132248
-0.127856
-0.123292
-0.118559
-0.11366
-0.108604
-0.1034
-0.098063
-0.0926101
-0.0870627
-0.0814456
-0.0757868
-0.0701173
-0.0644703
-0.0588806
-0.0533836
-0.0480149
-0.0428088
-0.0377979
-0.0330119
-0.0284771
-0.0242154
-0.0202445
-0.016577
-0.0132203
-0.010177
-0.00744508
-0.00501781
-0.00288467
-0.00103168
0.000557898
0.00190301
0.00302412
0.00394269
0.00468054
0.00525944
0.00570063
0.00602449
0.00625026
0.00639584
0.00647762
0.00651043
0.00650749
0.00648043
0.00643932
0.00639275
0.00634791
0.00631073
0.00628596
0.00627726
0.00628744
0.00631849
0.00637089
0.00644665
0.00654512
0.0066658
0.0068081
0.00697104
0.00715337
0.00735367
0.00757042
0.00780197
0.00804665
0.00830275
0.00856854
0.00884232
0.00912242
0.00940722
0.00969513
0.00998465
0.0102743
0.0105628
0.0108487
0.0111309
0.0114081
0.0116793
0.0119435
0.0121998
0.0124472
0.0126849
0.0129123
0.0131286
0.0133333
0.0135257
0.0137055
0.013872
0.014025
0.0141641
0.0142889
0.0143994
0.0144951
0.014576
0.014642
0.0146928
0.0147286
0.0147491
0.0147545
0.0147448
0.01472
0.0146801
0.0146254
0.0145558
0.0144716
0.014373
0.0142599
0.0141328
0.0139917
0.0138369
0.0136686
0.013487
0.0132924
0.0130851
0.0128651
0.012633
0.0123888
0.0121328
0.0118653
0.0115867
0.0112971
0.0109967
0.010686
0.0103651
0.0100343
0.00969383
0.009344
0.00898504
0.0086172
0.00824073
0.00785587
0.00746286
0.00706194
0.00665334
0.00623729
0.00581402
0.00538375
0.0049467
0.00450309
0.00405313
0.00359703
0.00313501
0.00266727
0.00219401
0.00171536
0.00123212
0.000741135
0.000263588
-0.213255
-0.213659
-0.21371
-0.21375
-0.213772
-0.213775
-0.213752
-0.213696
-0.2136
-0.213461
-0.213274
-0.213037
-0.212747
-0.212402
-0.212002
-0.211543
-0.211026
-0.210448
-0.209808
-0.209106
-0.208341
-0.20751
-0.206615
-0.205652
-0.204623
-0.203525
-0.202357
-0.201119
-0.199809
-0.198426
-0.196968
-0.195435
-0.193824
-0.192134
-0.190362
-0.188507
-0.186567
-0.184537
-0.182416
-0.180201
-0.177887
-0.175471
-0.172949
-0.170316
-0.167568
-0.164698
-0.161702
-0.158574
-0.155307
-0.151897
-0.148335
-0.144618
-0.140739
-0.136694
-0.13248
-0.128094
-0.123536
-0.118808
-0.113914
-0.108862
-0.103662
-0.0983299
-0.092882
-0.0873405
-0.0817305
-0.0760805
-0.0704217
-0.0647877
-0.0592134
-0.0537344
-0.0483863
-0.0432034
-0.0382178
-0.033459
-0.0289528
-0.0247206
-0.0207794
-0.017141
-0.0138124
-0.0107955
-0.00808738
-0.00568101
-0.00356532
-0.00172599
-0.000145966
0.00119383
0.00231394
0.00323576
0.003981
0.0045712
0.00502734
0.00536945
0.00561642
0.00578576
0.00589347
0.00595397
0.0059801
0.00598312
0.00597274
0.00595724
0.00594351
0.00593722
0.00594287
0.00596394
0.00600302
0.00606196
0.00614161
0.00624309
0.00636609
0.00651006
0.00667434
0.00685792
0.00705956
0.00727786
0.0075113
0.00775827
0.00801713
0.00828621
0.00856382
0.00884832
0.00913808
0.00943154
0.00972715
0.0100235
0.0103191
0.0106127
0.0109031
0.011189
0.0114693
0.011743
0.0120092
0.0122669
0.0125153
0.0127537
0.0129813
0.0131975
0.0134017
0.0135935
0.0137723
0.0139377
0.0140893
0.0142269
0.0143502
0.0144589
0.0145528
0.0146318
0.0146958
0.0147446
0.0147783
0.0147969
0.0148002
0.0147884
0.0147615
0.0147197
0.014663
0.0145915
0.0145054
0.0144048
0.01429
0.0141611
0.0140183
0.0138618
0.013692
0.0135089
0.0133128
0.013104
0.0128828
0.0126493
0.0124039
0.0121468
0.0118782
0.0115985
0.0113079
0.0110067
0.0106951
0.0103733
0.0100417
0.00970056
0.00935004
0.00899043
0.00862198
0.00824494
0.00785954
0.00746603
0.00706464
0.0066556
0.00623914
0.00581549
0.00538487
0.00494749
0.00450357
0.00405334
0.00359701
0.00313479
0.00266691
0.00219352
0.00171498
0.00123124
0.000742352
0.000255053
-0.213457
-0.213884
-0.213918
-0.213948
-0.213962
-0.213958
-0.213928
-0.213865
-0.213763
-0.213617
-0.213424
-0.213182
-0.212887
-0.212538
-0.212133
-0.21167
-0.211149
-0.210568
-0.209926
-0.209221
-0.208453
-0.207621
-0.206723
-0.20576
-0.204729
-0.203629
-0.202461
-0.201222
-0.199912
-0.198529
-0.197072
-0.19554
-0.19393
-0.192242
-0.190472
-0.18862
-0.186682
-0.184656
-0.182538
-0.180327
-0.178018
-0.175607
-0.17309
-0.170462
-0.16772
-0.164856
-0.161866
-0.158744
-0.155484
-0.152079
-0.148524
-0.144812
-0.140938
-0.136898
-0.132687
-0.128305
-0.12375
-0.119025
-0.114135
-0.109087
-0.103892
-0.0985658
-0.0931257
-0.0875942
-0.0819969
-0.0763627
-0.0707231
-0.065112
-0.0595644
-0.054116
-0.0488021
-0.0436565
-0.0387112
-0.0339948
-0.0295324
-0.0253446
-0.0214475
-0.017852
-0.0145641
-0.0115848
-0.0089107
-0.00653381
-0.00444258
-0.00262227
-0.00105555
0.000276792
0.0013953
0.00232125
0.00307609
0.00368105
0.00415669
0.00452259
0.00479714
0.0049973
0.00513855
0.00523481
0.00529839
0.00534008
0.00536915
0.00539345
0.00541953
0.00545271
0.00549721
0.00555624
0.00563223
0.00572689
0.00584106
0.00597536
0.00612962
0.00630328
0.00649559
0.00670553
0.00693186
0.00717319
0.00742803
0.00769481
0.00797193
0.00825774
0.00855065
0.00884905
0.00915139
0.00945615
0.00976186
0.0100671
0.0103707
0.0106712
0.0109675
0.0112584
0.011543
0.0118202
0.0120892
0.012349
0.012599
0.0128384
0.0130665
0.0132828
0.0134867
0.0136778
0.0138556
0.0140198
0.0141699
0.0143058
0.0144271
0.0145337
0.0146255
0.0147022
0.0147638
0.0148102
0.0148414
0.0148574
0.0148582
0.0148438
0.0148144
0.0147701
0.0147109
0.014637
0.0145485
0.0144456
0.0143285
0.0141974
0.0140525
0.013894
0.0137221
0.0135371
0.0133392
0.0131286
0.0129057
0.0126706
0.0124237
0.0121651
0.0118951
0.0116141
0.0113223
0.0110198
0.0107071
0.0103843
0.0100518
0.00970964
0.00935825
0.00899781
0.00862859
0.00825081
0.00786473
0.00747057
0.00706858
0.00665897
0.00624198
0.00581783
0.00538674
0.00494893
0.00450462
0.00405403
0.00359739
0.00313489
0.00266681
0.00219324
0.00171482
0.00123038
0.000744306
0.000243754
-0.213766
-0.214194
-0.214198
-0.214206
-0.214203
-0.214183
-0.214141
-0.214065
-0.213952
-0.213796
-0.213595
-0.213344
-0.213041
-0.212686
-0.212275
-0.211807
-0.211281
-0.210696
-0.210049
-0.209341
-0.20857
-0.207735
-0.206835
-0.205869
-0.204836
-0.203736
-0.202566
-0.201327
-0.200016
-0.198633
-0.197177
-0.195645
-0.194036
-0.192349
-0.190581
-0.18873
-0.186794
-0.18477
-0.182656
-0.180448
-0.178142
-0.175734
-0.173221
-0.170597
-0.167858
-0.164999
-0.162013
-0.158894
-0.155637
-0.152235
-0.148682
-0.144972
-0.1411
-0.13706
-0.132851
-0.12847
-0.123916
-0.119193
-0.114305
-0.109262
-0.104073
-0.0987558
-0.093328
-0.0878126
-0.0822357
-0.0766267
-0.0710175
-0.065442
-0.0599352
-0.0545326
-0.0492691
-0.044178
-0.0392904
-0.034634
-0.0302328
-0.0261064
-0.0222695
-0.0187319
-0.0154986
-0.0125694
-0.00993986
-0.00760137
-0.0055417
-0.00374566
-0.00219569
-0.000872469
0.000244455
0.00117611
0.00194361
0.00256768
0.00306833
0.00346452
0.00377398
0.00401302
0.00419644
0.00433748
0.00444785
0.00453774
0.00461586
0.00468959
0.00476502
0.00484707
0.00493964
0.00504557
0.0051672
0.00530602
0.00546265
0.00563746
0.00583032
0.00604061
0.00626753
0.00651003
0.00676689
0.00703672
0.00731808
0.00760943
0.00790922
0.00821588
0.00852786
0.00884363
0.00916172
0.00948067
0.00979911
0.0101157
0.0104293
0.0107386
0.0110425
0.0113399
0.01163
0.0119119
0.0121845
0.0124473
0.0126994
0.0129403
0.0131693
0.013386
0.0135897
0.0137802
0.0139569
0.0141197
0.0142681
0.014402
0.0145212
0.0146254
0.0147145
0.0147885
0.0148472
0.0148907
0.0149189
0.0149319
0.0149296
0.0149122
0.0148798
0.0148324
0.0147702
0.0146933
0.0146019
0.0144962
0.0143763
0.0142425
0.014095
0.013934
0.0137596
0.0135723
0.0133721
0.0131594
0.0129344
0.0126973
0.0124485
0.0121881
0.0119165
0.0116339
0.0113405
0.0110366
0.0107225
0.0103984
0.0100646
0.00972134
0.00936885
0.0090074
0.00863721
0.00825853
0.0078716
0.00747664
0.00707389
0.00666358
0.00624592
0.00582115
0.00538948
0.00495112
0.00450631
0.00405526
0.00359821
0.00313536
0.00266701
0.00219319
0.00171489
0.00122956
0.000746964
0.000230118
-0.214208
-0.214599
-0.21455
-0.214519
-0.214485
-0.214441
-0.214377
-0.214284
-0.214155
-0.213985
-0.213771
-0.21351
-0.213198
-0.212834
-0.212416
-0.211942
-0.21141
-0.21082
-0.210169
-0.209456
-0.208682
-0.207844
-0.206941
-0.205972
-0.204938
-0.203835
-0.202665
-0.201424
-0.200113
-0.198729
-0.197272
-0.19574
-0.194132
-0.192445
-0.190678
-0.188829
-0.186894
-0.184872
-0.182759
-0.180552
-0.178248
-0.175842
-0.17333
-0.170708
-0.16797
-0.165111
-0.162126
-0.159007
-0.155749
-0.152346
-0.148791
-0.145079
-0.141205
-0.137163
-0.132951
-0.128568
-0.124014
-0.119291
-0.114407
-0.109369
-0.10419
-0.0988862
-0.0934771
-0.0879861
-0.0824398
-0.076868
-0.0713029
-0.0657782
-0.0603289
-0.05499
-0.0497957
-0.0447784
-0.039968
-0.035391
-0.0310701
-0.0270232
-0.0232637
-0.0198
-0.0166354
-0.0137688
-0.0111945
-0.00890307
-0.00688162
-0.00511452
-0.003584
-0.00227076
-0.00115453
-0.000214655
0.000569446
0.00121788
0.00174993
0.00218378
0.00253633
0.00282307
0.00305798
0.00325352
0.00342064
0.00356883
0.00370617
0.00383944
0.00397422
0.00411499
0.00426524
0.00442738
0.00460377
0.00479546
0.00500284
0.00522616
0.00546521
0.00571936
0.00598772
0.00626923
0.00656268
0.00686672
0.00717992
0.00750081
0.00782789
0.00815967
0.00849468
0.00883146
0.00916863
0.00950482
0.00983875
0.0101692
0.010495
0.0108151
0.0111284
0.0114339
0.0117309
0.0120185
0.0122959
0.0125624
0.0128174
0.0130603
0.0132906
0.0135078
0.0137116
0.0139014
0.0140772
0.0142384
0.014385
0.0145166
0.0146333
0.0147347
0.0148208
0.0148916
0.0149471
0.0149871
0.0150118
0.0150212
0.0150154
0.0149943
0.0149583
0.0149073
0.0148415
0.0147611
0.0146663
0.0145572
0.0144341
0.0142971
0.0141464
0.0139824
0.0138052
0.013615
0.0134121
0.0131968
0.0129694
0.0127299
0.0124788
0.0122163
0.0119426
0.0116581
0.0113628
0.0110572
0.0107415
0.0104158
0.0100805
0.00973589
0.0093821
0.00901941
0.00864807
0.00826829
0.00788033
0.00748441
0.00708075
0.00666958
0.00625112
0.00582559
0.0053932
0.00495419
0.00450876
0.00405715
0.00359958
0.00313629
0.00266759
0.00219342
0.00171524
0.00122887
0.000750244
0.000214827
-0.214817
-0.215106
-0.214969
-0.214874
-0.214792
-0.214712
-0.214619
-0.214502
-0.214353
-0.214167
-0.213939
-0.213666
-0.213344
-0.212971
-0.212545
-0.212064
-0.211526
-0.21093
-0.210274
-0.209557
-0.208779
-0.207937
-0.207032
-0.206061
-0.205024
-0.20392
-0.202747
-0.201505
-0.200193
-0.198809
-0.197351
-0.195819
-0.19421
-0.192523
-0.190756
-0.188906
-0.186972
-0.184949
-0.182836
-0.180629
-0.178324
-0.175917
-0.173404
-0.17078
-0.168039
-0.165177
-0.162188
-0.159065
-0.155802
-0.152393
-0.148832
-0.145113
-0.141232
-0.137184
-0.132967
-0.12858
-0.124024
-0.119302
-0.114422
-0.109393
-0.104228
-0.0989446
-0.0935628
-0.0881068
-0.0826036
-0.0770834
-0.0715784
-0.0661222
-0.0607494
-0.0554942
-0.0503898
-0.0454673
-0.0407552
-0.0362783
-0.0320574
-0.0281089
-0.0244442
-0.02107
-0.0179882
-0.015196
-0.0126868
-0.0104502
-0.00847257
-0.00673798
-0.00522851
-0.00392498
-0.00280747
-0.00185586
-0.00105025
-0.000371332
0.000199269
0.00067879
0.00108316
0.00142688
0.00172298
0.001983
0.00221704
0.00243378
0.00264057
0.00284353
0.00304768
0.00325699
0.00347455
0.00370203
0.00394224
0.00419539
0.00446176
0.0047415
0.0050343
0.00533945
0.00565603
0.00598297
0.00631906
0.00666297
0.00701332
0.00736871
0.0077277
0.00808889
0.00845089
0.00881234
0.00917194
0.00952844
0.00988066
0.0102275
0.0105678
0.0109007
0.0112252
0.0115405
0.0118457
0.0121403
0.0124234
0.0126945
0.012953
0.0131985
0.0134305
0.0136487
0.0138526
0.014042
0.0142167
0.0143764
0.0145209
0.0146501
0.0147639
0.0148622
0.0149449
0.0150121
0.0150638
0.0150999
0.0151206
0.0151259
0.0151159
0.0150907
0.0150504
0.0149953
0.0149254
0.0148409
0.0147421
0.0146291
0.0145021
0.0143614
0.0142071
0.0140396
0.013859
0.0136655
0.0134596
0.0132412
0.0130109
0.0127687
0.012515
0.0122499
0.0119739
0.011687
0.0113896
0.011082
0.0107643
0.0104368
0.0100998
0.00975353
0.0093982
0.00903407
0.00866136
0.0082803
0.00789113
0.00749407
0.00708934
0.00667715
0.00625774
0.00583131
0.00539808
0.00495828
0.00451211
0.00405981
0.00360163
0.00313778
0.00266863
0.00219404
0.00171592
0.00122839
0.000754005
0.000198756
-0.215643
-0.215716
-0.215439
-0.215247
-0.215099
-0.214972
-0.214843
-0.214699
-0.214528
-0.214324
-0.214082
-0.213796
-0.213464
-0.213082
-0.212648
-0.21216
-0.211616
-0.211015
-0.210355
-0.209635
-0.208853
-0.208008
-0.2071
-0.206126
-0.205087
-0.203981
-0.202807
-0.201563
-0.200249
-0.198864
-0.197405
-0.195871
-0.194261
-0.192573
-0.190804
-0.188952
-0.187016
-0.184991
-0.182875
-0.180664
-0.178355
-0.175944
-0.173425
-0.170795
-0.168048
-0.165178
-0.16218
-0.159047
-0.155774
-0.152354
-0.148782
-0.145052
-0.14116
-0.137103
-0.132878
-0.128485
-0.123926
-0.119207
-0.114334
-0.109318
-0.104174
-0.0989196
-0.0935758
-0.0881676
-0.0827223
-0.0772704
-0.0718439
-0.0664761
-0.0612007
-0.0560509
-0.0510583
-0.0462527
-0.0416604
-0.0373045
-0.0332035
-0.0293717
-0.0258185
-0.0225485
-0.0195621
-0.016855
-0.0144192
-0.0122436
-0.0103139
-0.00861381
-0.00712554
-0.00583013
-0.00470817
-0.00374025
-0.00290734
-0.00219112
-0.00157429
-0.00104071
-0.000575603
-0.000165566
0.000201348
0.000535657
0.000846487
0.00114164
0.00142768
0.00171
0.00199297
0.00228005
0.0025743
0.0028758
0.00318802
0.00351061
0.00384372
0.00418731
0.00454093
0.00490381
0.00527499
0.00565339
0.00603781
0.00642695
0.0068195
0.00721409
0.0076094
0.00800409
0.00839688
0.0087865
0.00917176
0.00955153
0.00992473
0.0102904
0.0106475
0.0109951
0.0113326
0.0116592
0.0119741
0.0122768
0.0125666
0.0128432
0.013106
0.0133547
0.0135889
0.0138082
0.0140125
0.0142016
0.0143752
0.0145332
0.0146755
0.0148021
0.0149128
0.0150076
0.0150866
0.0151498
0.0151972
0.015229
0.0152451
0.0152458
0.0152311
0.0152012
0.0151562
0.0150963
0.0150218
0.0149327
0.0148294
0.0147119
0.0145806
0.0144356
0.0142772
0.0141057
0.0139212
0.0137241
0.0135145
0.0132927
0.0130591
0.0128137
0.012557
0.0122891
0.0120103
0.0117208
0.011421
0.011111
0.0107911
0.0104615
0.0101225
0.0097744
0.00941731
0.00905152
0.00867724
0.00829471
0.00790415
0.00750577
0.0070998
0.00668645
0.00626594
0.00583847
0.00540426
0.00496354
0.00451651
0.0040634
0.00360448
0.00313996
0.00267026
0.00219514
0.001717
0.00122824
0.000758055
0.000182903
-0.216764
-0.21642
-0.215931
-0.215605
-0.215373
-0.21519
-0.215023
-0.214851
-0.214659
-0.214438
-0.214182
-0.213886
-0.213545
-0.213155
-0.212715
-0.212222
-0.211673
-0.211068
-0.210404
-0.209681
-0.208896
-0.208048
-0.207137
-0.206162
-0.205121
-0.204012
-0.202836
-0.20159
-0.200274
-0.198886
-0.197425
-0.195889
-0.194276
-0.192584
-0.190811
-0.188955
-0.187014
-0.184983
-0.182861
-0.180643
-0.178326
-0.175905
-0.173377
-0.170735
-0.167975
-0.165092
-0.162079
-0.158931
-0.155642
-0.152206
-0.148617
-0.144871
-0.140965
-0.136895
-0.13266
-0.128261
-0.123701
-0.118986
-0.114125
-0.109129
-0.104015
-0.0988003
-0.0935077
-0.0881624
-0.0827922
-0.0774273
-0.0720996
-0.0668415
-0.0616856
-0.0566636
-0.0518055
-0.0471388
-0.0426878
-0.0384729
-0.0345104
-0.0308122
-0.0273853
-0.0242325
-0.0213521
-0.0187385
-0.0163824
-0.0142718
-0.0123921
-0.0107268
-0.00925816
-0.00796784
-0.00683707
-0.00584733
-0.00498065
-0.00421988
-0.00354893
-0.00295296
-0.00241842
-0.00193315
-0.00148639
-0.00106873
-0.000672067
-0.000289545
8.45397e-05
0.000454835
0.000825019
0.00119786
0.00157506
0.00196027
0.00235174
0.00275071
0.00315735
0.00357128
0.00399192
0.00441843
0.00484983
0.00528502
0.00572281
0.00616195
0.00660117
0.00703919
0.00747476
0.00790663
0.00833363
0.00875461
0.00916848
0.00957423
0.00997089
0.0103576
0.0107335
0.0110979
0.01145
0.0117893
0.0121151
0.0124271
0.0127247
0.0130076
0.0132753
0.0135277
0.0137645
0.0139854
0.0141903
0.0143791
0.0145517
0.014708
0.014848
0.0149717
0.0150791
0.0151702
0.0152451
0.0153039
0.0153467
0.0153736
0.0153847
0.0153803
0.0153604
0.0153253
0.0152751
0.01521
0.0151303
0.0150361
0.0149277
0.0148053
0.0146691
0.0145194
0.0143564
0.0141804
0.0139917
0.0137903
0.0135768
0.0133512
0.0131138
0.012865
0.0126048
0.0123337
0.0120519
0.0117595
0.0114569
0.0111443
0.0108219
0.01049
0.0101488
0.00979857
0.00943951
0.00907185
0.00869581
0.00831162
0.00791949
0.00751964
0.00711227
0.0066976
0.00627584
0.0058472
0.00541188
0.0049701
0.00452208
0.00406805
0.00360827
0.00314297
0.00267259
0.00219682
0.00171853
0.0012285
0.000762162
0.000168314
-0.218298
-0.217191
-0.216399
-0.215903
-0.215574
-0.215333
-0.215131
-0.214935
-0.214726
-0.214493
-0.214228
-0.213924
-0.213577
-0.213182
-0.212738
-0.212241
-0.21169
-0.211081
-0.210415
-0.209689
-0.208902
-0.208052
-0.207139
-0.206162
-0.205118
-0.204007
-0.202828
-0.201579
-0.20026
-0.198868
-0.197403
-0.195861
-0.194243
-0.192545
-0.190765
-0.188902
-0.186951
-0.184911
-0.182778
-0.180548
-0.178217
-0.175782
-0.173237
-0.170578
-0.167799
-0.164896
-0.161862
-0.158692
-0.15538
-0.151922
-0.148312
-0.144546
-0.140621
-0.136536
-0.13229
-0.127886
-0.123328
-0.118622
-0.113779
-0.108813
-0.103739
-0.0985777
-0.0933516
-0.0880864
-0.0828102
-0.0775528
-0.0723453
-0.0672191
-0.0622053
-0.0573336
-0.0526319
-0.0481252
-0.0438352
-0.0397796
-0.0359721
-0.0324219
-0.0291337
-0.026108
-0.0233415
-0.0208269
-0.018554
-0.01651
-0.01468
-0.0130476
-0.0115955
-0.0103059
-0.00916087
-0.0081431
-0.00723582
-0.00642319
-0.00569051
-0.0050243
-0.00441239
-0.00384395
-0.00330945
-0.00280065
-0.00231052
-0.00183318
-0.0013638
-0.000898502
-0.000434293
3.10967e-05
0.000499296
0.000972132
0.00144873
0.00192982
0.00241537
0.00290481
0.0033974
0.00389228
0.00438841
0.00488468
0.00537993
0.00587294
0.00636251
0.00684742
0.00732652
0.00779865
0.00826273
0.00871775
0.00916272
0.00959676
0.010019
0.0104287
0.0108252
0.0112079
0.0115761
0.0119295
0.0122674
0.0125897
0.0128959
0.0131858
0.0134592
0.0137158
0.0139556
0.0141783
0.0143841
0.0145728
0.0147444
0.014899
0.0150366
0.0151573
0.0152612
0.0153483
0.0154188
0.0154729
0.0155107
0.0155324
0.0155382
0.0155282
0.0155028
0.015462
0.0154061
0.0153353
0.01525
0.0151502
0.0150363
0.0149085
0.014767
0.0146122
0.0144442
0.0142633
0.0140698
0.013864
0.013646
0.0134162
0.0131748
0.0129221
0.0126583
0.0123837
0.0120985
0.0118029
0.0114973
0.0111818
0.0108567
0.0105222
0.0101786
0.00982601
0.00946477
0.00909505
0.00871707
0.00833105
0.00793719
0.00753571
0.0071268
0.00671067
0.00628752
0.00585757
0.00542101
0.00497806
0.00452893
0.00407386
0.0036131
0.00314689
0.00267571
0.00219917
0.00172056
0.00122926
0.000766077
0.000156006
-0.220399
-0.217967
-0.21678
-0.216086
-0.215658
-0.215369
-0.215141
-0.214932
-0.214715
-0.214477
-0.214208
-0.213902
-0.213553
-0.213157
-0.212711
-0.212213
-0.211661
-0.211051
-0.210384
-0.209656
-0.208867
-0.208016
-0.207101
-0.20612
-0.205073
-0.203959
-0.202776
-0.201523
-0.200198
-0.1988
-0.197327
-0.195778
-0.194151
-0.192443
-0.190652
-0.188776
-0.186811
-0.184756
-0.182606
-0.180357
-0.178007
-0.17555
-0.172982
-0.170298
-0.167493
-0.164563
-0.161501
-0.158302
-0.154962
-0.151476
-0.14784
-0.14405
-0.140105
-0.136004
-0.131748
-0.127341
-0.122789
-0.118099
-0.113284
-0.108358
-0.103338
-0.0982451
-0.0931028
-0.0879367
-0.0827747
-0.0776461
-0.0725808
-0.0676086
-0.0627587
-0.0580586
-0.0535335
-0.0492057
-0.0450938
-0.0412129
-0.0375735
-0.0341821
-0.0310413
-0.0281493
-0.0255008
-0.0230876
-0.0208984
-0.0189199
-0.017137
-0.0155337
-0.0140933
-0.0127987
-0.0116334
-0.0105811
-0.0096264
-0.00875503
-0.00795373
-0.00721049
-0.00651457
-0.00585651
-0.00522805
-0.00462214
-0.00403285
-0.00345524
-0.00288537
-0.00232011
-0.00175714
-0.00119477
-0.000631526
-6.69321e-05
0.000498859
0.00106595
0.00163406
0.00220248
0.0027704
0.00333688
0.00390084
0.00446119
0.00501676
0.00556639
0.00610894
0.00664326
0.00716827
0.00768293
0.00818626
0.00867734
0.00915532
0.00961943
0.0100689
0.0105033
0.0109218
0.011324
0.0117095
0.012078
0.012429
0.0127625
0.0130781
0.0133756
0.0136551
0.0139165
0.0141596
0.0143846
0.0145914
0.0147801
0.0149509
0.0151038
0.015239
0.0153565
0.0154567
0.0155397
0.0156057
0.0156548
0.0156874
0.0157036
0.0157036
0.0156878
0.0156564
0.0156096
0.0155477
0.0154709
0.0153795
0.0152738
0.015154
0.0150204
0.0148733
0.0147129
0.0145396
0.0143535
0.014155
0.0139442
0.0137216
0.0134873
0.0132415
0.0129847
0.0127169
0.0124385
0.0121496
0.0118506
0.0115417
0.0112231
0.0108951
0.0105578
0.0102116
0.00985655
0.00949295
0.00912101
0.00874094
0.00835294
0.00795721
0.00755395
0.00714337
0.00672565
0.00630101
0.00586963
0.00543172
0.00498748
0.00453713
0.0040809
0.00361905
0.0031518
0.00267969
0.00220226
0.00172311
0.00123057
0.000769545
0.000146899
-0.223317
-0.218615
-0.216971
-0.216108
-0.215591
-0.215271
-0.21504
-0.214833
-0.21462
-0.214386
-0.214121
-0.213818
-0.213472
-0.213078
-0.212634
-0.212138
-0.211586
-0.210977
-0.210309
-0.20958
-0.208789
-0.207936
-0.207017
-0.206033
-0.204981
-0.203862
-0.202672
-0.201411
-0.200078
-0.19867
-0.197187
-0.195625
-0.193984
-0.192261
-0.190454
-0.188559
-0.186575
-0.184497
-0.182323
-0.180049
-0.177671
-0.175185
-0.172586
-0.169869
-0.167031
-0.164066
-0.160969
-0.157735
-0.154361
-0.150842
-0.147176
-0.14336
-0.139394
-0.135278
-0.131015
-0.12661
-0.12207
-0.117406
-0.11263
-0.107757
-0.102807
-0.0977997
-0.0927599
-0.0877129
-0.082686
-0.0777073
-0.0728054
-0.068008
-0.0633421
-0.0588324
-0.0545012
-0.0503677
-0.0464474
-0.0427521
-0.0392897
-0.036064
-0.0330749
-0.0303189
-0.0277891
-0.0254759
-0.0233677
-0.0214507
-0.0197101
-0.0181304
-0.0166956
-0.0153898
-0.0141976
-0.0131044
-0.0120961
-0.0111601
-0.0102845
-0.009459
-0.00867422
-0.00792209
-0.00719562
-0.00648893
-0.00579712
-0.00511623
-0.00444311
-0.00377539
-0.00311144
-0.00244981
-0.0017899
-0.00113151
-0.000474776
0.000179986
0.000832257
0.00148125
0.00212605
0.00276564
0.00339894
0.00402484
0.0046422
0.0052499
0.00584684
0.00643196
0.00700426
0.00756277
0.00810664
0.00863504
0.00914724
0.00964257
0.0101205
0.0105804
0.0110219
0.0114446
0.0118483
0.0122327
0.0125975
0.0129428
0.0132683
0.0135741
0.0138602
0.0141266
0.0143734
0.0146008
0.0148089
0.0149979
0.0151679
0.0153191
0.0154519
0.0155664
0.0156628
0.0157416
0.0158028
0.0158469
0.015874
0.0158845
0.0158786
0.0158568
0.0158191
0.015766
0.0156978
0.0156147
0.015517
0.0154051
0.0152791
0.0151395
0.0149865
0.0148203
0.0146413
0.0144497
0.0142459
0.0140301
0.0138025
0.0135634
0.0133131
0.0130518
0.0127799
0.0124974
0.0122048
0.0119022
0.0115898
0.011268
0.0109368
0.0105966
0.0102476
0.0098899
0.00952381
0.00914952
0.00876722
0.00837711
0.00797939
0.00757425
0.00716188
0.00674248
0.00631623
0.00588332
0.00544396
0.00499834
0.00454667
0.00408918
0.00362613
0.00315774
0.00268456
0.00220611
0.00172618
0.00123247
0.000772334
0.000141749
-0.227713
-0.219007
-0.21678
-0.215955
-0.215374
-0.215036
-0.214828
-0.214643
-0.214445
-0.214224
-0.213971
-0.213677
-0.213338
-0.21295
-0.212511
-0.212017
-0.211466
-0.210858
-0.210189
-0.209459
-0.208665
-0.207807
-0.206884
-0.205894
-0.204835
-0.203706
-0.202507
-0.201235
-0.199888
-0.198466
-0.196967
-0.195388
-0.193727
-0.191982
-0.190151
-0.188231
-0.186219
-0.184112
-0.181906
-0.179598
-0.177184
-0.17466
-0.172021
-0.169264
-0.166384
-0.163377
-0.160238
-0.156964
-0.153551
-0.149996
-0.146298
-0.142456
-0.138469
-0.134342
-0.130077
-0.125682
-0.121165
-0.116538
-0.111814
-0.10701
-0.102146
-0.0972437
-0.0923258
-0.0874179
-0.0825462
-0.0777375
-0.0730183
-0.0684141
-0.063949
-0.0596448
-0.0555206
-0.0515922
-0.0478721
-0.0443689
-0.0410875
-0.0380291
-0.0351916
-0.0325695
-0.0301548
-0.0279371
-0.0259041
-0.0240423
-0.0223372
-0.0207741
-0.019338
-0.0180144
-0.0167893
-0.0156493
-0.0145824
-0.0135771
-0.0126234
-0.0117124
-0.0108361
-0.00998783
-0.00916181
-0.00835325
-0.00755825
-0.00677374
-0.00599732
-0.00522728
-0.00446269
-0.0037024
-0.0029464
-0.00219468
-0.00144759
-0.000705729
3.02032e-05
0.000759317
0.00148061
0.00219302
0.00289545
0.00358677
0.00426588
0.00493168
0.00558313
0.00621924
0.00683908
0.00744177
0.00802653
0.00859265
0.00913949
0.00966651
0.0101732
0.0106592
0.0111242
0.011568
0.0119903
0.012391
0.0127701
0.0131275
0.0134634
0.0137777
0.0140707
0.0143426
0.0145934
0.0148234
0.015033
0.0152223
0.0153917
0.0155414
0.0156718
0.0157832
0.015876
0.0159505
0.016007
0.0160459
0.0160675
0.0160722
0.0160603
0.0160323
0.0159883
0.0159288
0.0158541
0.0157645
0.0156604
0.015542
0.0154098
0.0152639
0.0151048
0.0149326
0.0147478
0.0145506
0.0143413
0.0141202
0.0138875
0.0136435
0.0133884
0.0131227
0.0128464
0.0125598
0.0122632
0.0119568
0.0116409
0.0113156
0.0109813
0.010638
0.0102861
0.00992564
0.00955696
0.00918022
0.0087956
0.00840329
0.0080035
0.00759639
0.00718216
0.00676099
0.00633306
0.00589855
0.00545766
0.00501057
0.0045575
0.00409867
0.00363433
0.0031647
0.00269033
0.00221074
0.00172975
0.00123496
0.000774273
0.000141081
-0.233948
-0.21909
-0.216088
-0.215629
-0.215069
-0.214707
-0.214532
-0.214386
-0.214213
-0.214011
-0.213772
-0.21349
-0.21316
-0.212779
-0.212344
-0.211853
-0.211304
-0.210694
-0.210024
-0.20929
-0.208491
-0.207627
-0.206695
-0.205695
-0.204625
-0.203483
-0.202268
-0.20098
-0.199615
-0.198172
-0.19665
-0.195046
-0.193359
-0.191585
-0.189723
-0.187769
-0.185721
-0.183575
-0.181329
-0.178978
-0.17652
-0.173949
-0.171264
-0.168458
-0.16553
-0.162474
-0.159289
-0.155969
-0.152515
-0.148923
-0.145193
-0.141326
-0.137324
-0.133191
-0.128932
-0.124557
-0.120074
-0.115498
-0.110842
-0.106124
-0.101365
-0.0965852
-0.0918083
-0.0870584
-0.0823604
-0.0777392
-0.0732188
-0.0688223
-0.0645704
-0.060482
-0.0565727
-0.052855
-0.0493382
-0.0460277
-0.042926
-0.0400317
-0.0373408
-0.0348465
-0.0325397
-0.0304094
-0.0284435
-0.0266285
-0.0249509
-0.0233967
-0.0219523
-0.0206046
-0.0193409
-0.0181498
-0.0170205
-0.0159433
-0.0149098
-0.0139123
-0.0129443
-0.0120005
-0.011076
-0.0101673
-0.00927115
-0.00838543
-0.00750839
-0.00663919
-0.00577666
-0.00492084
-0.00407173
-0.00322961
-0.00239505
-0.00156886
-0.000751878
5.49016e-05
0.000850411
0.00163354
0.00240317
0.00315819
0.0038975
0.00462004
0.00532481
0.00601088
0.00667738
0.00732351
0.00794857
0.00855193
0.00913306
0.00969149
0.0102269
0.0107389
0.0112273
0.011692
0.012133
0.0125502
0.0129436
0.0133134
0.0136598
0.0139829
0.014283
0.0145604
0.0148154
0.0150483
0.0152595
0.0154493
0.0156182
0.0157665
0.0158947
0.0160032
0.0160924
0.0161626
0.0162145
0.0162483
0.0162644
0.0162634
0.0162455
0.0162112
0.0161609
0.016095
0.0160138
0.0159177
0.0158071
0.0156823
0.0155437
0.0153915
0.0152262
0.0150481
0.0148574
0.0146545
0.0144396
0.0142131
0.0139752
0.0137262
0.0134664
0.013196
0.0129153
0.0126245
0.0123239
0.0120137
0.0116941
0.0113654
0.0110277
0.0106814
0.0103265
0.00996326
0.00959193
0.00921267
0.00882568
0.00843113
0.00802921
0.00762008
0.00720394
0.00678094
0.00635128
0.00591512
0.00547265
0.00502405
0.00456952
0.00410927
0.00364356
0.0031726
0.00269694
0.00221609
0.0017338
0.00123803
0.000775266
0.00014514
)
;

boundaryField
{
    inlet
    {
        type            zeroGradient;
    }
    outlet
    {
        type            fixedValue;
        value           uniform 0;
    }
    walls
    {
        type            zeroGradient;
    }
    frontAndBack
    {
        type            empty;
    }
}


// ************************************************************************* //
