/*--------------------------------*- C++ -*----------------------------------*\
  =========                 |
  \\      /  F ield         | OpenFOAM: The Open Source CFD Toolbox
   \\    /   O peration     | Website:  https://openfoam.org
    \\  /    A nd           | Version:  11
     \\/     M anipulation  |
\*---------------------------------------------------------------------------*/
FoamFile
{
    format      ascii;
    class       volScalarField;
    location    "2";
    object      p;
}
// * * * * * * * * * * * * * * * * * * * * * * * * * * * * * * * * * * * * * //

dimensions      [0 2 -2 0 0 0 0];

internalField   nonuniform List<scalar> 
8400
(
-0.272013
-0.273443
-0.275027
-0.276477
-0.277916
-0.279416
-0.280964
-0.282546
-0.284159
-0.28581
-0.287501
-0.289237
-0.29102
-0.292855
-0.294744
-0.296691
-0.298698
-0.300764
-0.30287
-0.305188
-0.271908
-0.273424
-0.275064
-0.2765
-0.277921
-0.279421
-0.280974
-0.282558
-0.284172
-0.285823
-0.287517
-0.289255
-0.291041
-0.292879
-0.294773
-0.296725
-0.298739
-0.300808
-0.302908
-0.304932
-0.271793
-0.273383
-0.275084
-0.27651
-0.277904
-0.279396
-0.280952
-0.282535
-0.284146
-0.285794
-0.287485
-0.28922
-0.291002
-0.292837
-0.294728
-0.296681
-0.298698
-0.300781
-0.302919
-0.305184
-0.271651
-0.273292
-0.275055
-0.276489
-0.277861
-0.27934
-0.280896
-0.282477
-0.284081
-0.285721
-0.287403
-0.289129
-0.290902
-0.292726
-0.294608
-0.296555
-0.298574
-0.300682
-0.302911
-0.305422
-0.271482
-0.27316
-0.274978
-0.276428
-0.277781
-0.279244
-0.280794
-0.282369
-0.283962
-0.285587
-0.287253
-0.288962
-0.290716
-0.29252
-0.294382
-0.296312
-0.298326
-0.300455
-0.30277
-0.305476
-0.271287
-0.272992
-0.274853
-0.276319
-0.277659
-0.279103
-0.280642
-0.282207
-0.283784
-0.285389
-0.287032
-0.288714
-0.290439
-0.292212
-0.294042
-0.295941
-0.297934
-0.300065
-0.302425
-0.305227
-0.271069
-0.272793
-0.274684
-0.276165
-0.277493
-0.278919
-0.280443
-0.281993
-0.28355
-0.285128
-0.28674
-0.288388
-0.290074
-0.291803
-0.293586
-0.295439
-0.297389
-0.299489
-0.301836
-0.30462
-0.270833
-0.272569
-0.27448
-0.27597
-0.277289
-0.278696
-0.280202
-0.281733
-0.283264
-0.284811
-0.286386
-0.287991
-0.289628
-0.291303
-0.293025
-0.294814
-0.296698
-0.29873
-0.301001
-0.303666
-0.270585
-0.272329
-0.274252
-0.275745
-0.277054
-0.278443
-0.279928
-0.281437
-0.28294
-0.28445
-0.285983
-0.287539
-0.28912
-0.29073
-0.292381
-0.294089
-0.295883
-0.297812
-0.299952
-0.302422
-0.270334
-0.272083
-0.274009
-0.275499
-0.276797
-0.278169
-0.279633
-0.281117
-0.282589
-0.284061
-0.285548
-0.287052
-0.288571
-0.29011
-0.291679
-0.293293
-0.294979
-0.296776
-0.298745
-0.300971
-0.270091
-0.271841
-0.273763
-0.275245
-0.27653
-0.277886
-0.279331
-0.280788
-0.282228
-0.283662
-0.285102
-0.286551
-0.288006
-0.28947
-0.290952
-0.292464
-0.294029
-0.295677
-0.297452
-0.29941
-0.269866
-0.271614
-0.273525
-0.274993
-0.276266
-0.277609
-0.279034
-0.280466
-0.281874
-0.28327
-0.284665
-0.286059
-0.28745
-0.28884
-0.290234
-0.291643
-0.293082
-0.294574
-0.296149
-0.29784
-0.269669
-0.271411
-0.273304
-0.274753
-0.276015
-0.277348
-0.278757
-0.280164
-0.281542
-0.282903
-0.284256
-0.2856
-0.286932
-0.28825
-0.289561
-0.29087
-0.292188
-0.293529
-0.294912
-0.296353
-0.269509
-0.27124
-0.273107
-0.274535
-0.275789
-0.277116
-0.278511
-0.279896
-0.281248
-0.282579
-0.283895
-0.285194
-0.286472
-0.287728
-0.288963
-0.290182
-0.29139
-0.292595
-0.293807
-0.29503
-0.269395
-0.271107
-0.27294
-0.274344
-0.275595
-0.276922
-0.278305
-0.279672
-0.281003
-0.282309
-0.283595
-0.284857
-0.286091
-0.287294
-0.288467
-0.28961
-0.290726
-0.291817
-0.292886
-0.293933
-0.26933
-0.271015
-0.272804
-0.274186
-0.275442
-0.276773
-0.278148
-0.279499
-0.280814
-0.282102
-0.283365
-0.2846
-0.2858
-0.286963
-0.288088
-0.289174
-0.290219
-0.291223
-0.292185
-0.2931
-0.269316
-0.270962
-0.272696
-0.274062
-0.275332
-0.27667
-0.278039
-0.279379
-0.280684
-0.281961
-0.283209
-0.284425
-0.285602
-0.286739
-0.287832
-0.288879
-0.289877
-0.290823
-0.291713
-0.292541
-0.269348
-0.270943
-0.272614
-0.273974
-0.275266
-0.276614
-0.277976
-0.27931
-0.28061
-0.281882
-0.283123
-0.284328
-0.285494
-0.286616
-0.287693
-0.288719
-0.289692
-0.290606
-0.291458
-0.29224
-0.269412
-0.270932
-0.272545
-0.273919
-0.275239
-0.276593
-0.27795
-0.279281
-0.280581
-0.281851
-0.283089
-0.284291
-0.285452
-0.28657
-0.28764
-0.288659
-0.289623
-0.290527
-0.291365
-0.29213
-0.269511
-0.270944
-0.272508
-0.2739
-0.275242
-0.276599
-0.277954
-0.279287
-0.28059
-0.281862
-0.283103
-0.284307
-0.285471
-0.286593
-0.287667
-0.288691
-0.289661
-0.290571
-0.291416
-0.292188
-0.305007
-0.310398
-0.32474
-0.340798
-0.354682
-0.363362
-0.362785
-0.349172
-0.322617
-0.288464
-0.254769
-0.229406
-0.218081
-0.222414
-0.239768
-0.264778
-0.290949
-0.314267
-0.332607
-0.345368
-0.35281
-0.355673
-0.355142
-0.352966
-0.351316
-0.352216
-0.357014
-0.365707
-0.376849
-0.387983
-0.396473
-0.400432
-0.39917
-0.393069
-0.383253
-0.37127
-0.358844
-0.347677
-0.339293
-0.334942
-0.335554
-0.341716
-0.353643
-0.37112
-0.393452
-0.419441
-0.447456
-0.475632
-0.502116
-0.525222
-0.543379
-0.554917
-0.557876
-0.55003
-0.529291
-0.494157
-0.444696
-0.383015
-0.313255
-0.241175
-0.17343
-0.116675
-0.0765287
-0.0564971
-0.0571793
-0.0758218
-0.106492
-0.14261
-0.179655
-0.215246
-0.247778
-0.275576
-0.296874
-0.310161
-0.314354
-0.308794
-0.293613
-0.269842
-0.239327
-0.204631
-0.168776
-0.134685
-0.104374
-0.078807
-0.0589238
-0.0463749
-0.0423236
-0.0455234
-0.0531672
-0.0637169
-0.0777004
-0.096418
-0.12065
-0.149848
-0.181879
-0.21357
-0.241765
-0.264124
-0.279358
-0.287112
-0.287989
-0.283584
-0.275879
-0.266248
-0.254966
-0.241589
-0.225835
-0.208356
-0.190998
-0.176363
-0.166763
-0.16309
-0.164154
-0.166831
-0.16686
-0.160144
-0.144425
-0.120552
-0.0917604
-0.0634085
-0.0392314
-0.0206498
-0.00726642
0.00210941
0.00864471
0.0131629
0.0161951
0.0181234
0.0192596
0.0198569
0.0201054
0.0201359
0.0200325
0.0198476
0.0196129
0.0193482
0.0190656
0.0187726
0.018474
0.0181724
0.0178695
0.0175663
0.017263
0.0169601
0.0166574
0.0163552
0.0160533
0.0157517
0.0154504
0.0151494
0.0148485
0.0145479
0.0142473
0.0139469
0.0136467
0.0133465
0.0130465
0.0127465
0.0124465
0.0121466
0.0118467
0.0115468
0.0112469
0.0109471
0.0106473
0.0103475
0.0100478
0.00974799
0.00944821
0.00914841
0.00884858
0.00854872
0.00824884
0.00794893
0.00764899
0.00734902
0.00704904
0.00674906
0.00644908
0.00614911
0.00584913
0.00554915
0.00524917
0.00494918
0.00464919
0.00434921
0.00404924
0.00374928
0.00344933
0.00314938
0.00284944
0.0025495
0.00224956
0.00194962
0.00164967
0.00134973
0.00104978
0.000749832
0.000449895
0.000149965
-0.306184
-0.311362
-0.324349
-0.33979
-0.353127
-0.361144
-0.360099
-0.346708
-0.321243
-0.288649
-0.25645
-0.232022
-0.220553
-0.223453
-0.238213
-0.261376
-0.286094
-0.308538
-0.326586
-0.339592
-0.34774
-0.351613
-0.352255
-0.35121
-0.350306
-0.351208
-0.354957
-0.361492
-0.369592
-0.377265
-0.382455
-0.383768
-0.380821
-0.374132
-0.364819
-0.35431
-0.344133
-0.335748
-0.330434
-0.329229
-0.332911
-0.341992
-0.356688
-0.376845
-0.401834
-0.430474
-0.461075
-0.491664
-0.520312
-0.545334
-0.565214
-0.578309
-0.58257
-0.57551
-0.554693
-0.518174
-0.465774
-0.399633
-0.324223
-0.245869
-0.171947
-0.109899
-0.0660848
-0.0446229
-0.046262
-0.0677527
-0.102686
-0.143623
-0.185463
-0.22555
-0.262072
-0.293242
-0.317282
-0.332652
-0.338175
-0.333115
-0.317529
-0.292358
-0.259377
-0.221208
-0.181213
-0.142977
-0.109251
-0.0813144
-0.0598388
-0.0460288
-0.0409749
-0.0437279
-0.0514319
-0.0619903
-0.0754722
-0.0930921
-0.115739
-0.143073
-0.173245
-0.203384
-0.230527
-0.25238
-0.267631
-0.275866
-0.277707
-0.27466
-0.268378
-0.259795
-0.24894
-0.235535
-0.219852
-0.203286
-0.188267
-0.177503
-0.172875
-0.174526
-0.180526
-0.187234
-0.190039
-0.184507
-0.168147
-0.141874
-0.109629
-0.0773964
-0.0496409
-0.0281349
-0.0125465
-0.00159298
0.00603215
0.0112893
0.0148256
0.0171083
0.0185036
0.0192965
0.0196953
0.0198415
0.0198269
0.0197091
0.0195248
0.019297
0.019041
0.0187667
0.0184807
0.0181873
0.0178894
0.0175887
0.0172863
0.0169831
0.0166794
0.0163757
0.0160721
0.0157687
0.0154655
0.0151627
0.0148602
0.014558
0.0142561
0.0139545
0.0136531
0.013352
0.0130511
0.0127504
0.0124498
0.0121493
0.011849
0.0115487
0.0112485
0.0109484
0.0106484
0.0103484
0.0100485
0.0097486
0.00944871
0.00914882
0.00884891
0.00854899
0.00824905
0.0079491
0.00764913
0.00734913
0.00704914
0.00674914
0.00644915
0.00614916
0.00584918
0.00554919
0.0052492
0.00494921
0.00464922
0.00434923
0.00404926
0.00374929
0.00344934
0.0031494
0.00284945
0.00254951
0.00224957
0.00194963
0.00164968
0.00134973
0.00104978
0.000749837
0.0004499
0.000149967
-0.307585
-0.313145
-0.32463
-0.33857
-0.350482
-0.357151
-0.355286
-0.342273
-0.31852
-0.288424
-0.258703
-0.235935
-0.224742
-0.22665
-0.240268
-0.260062
-0.282628
-0.303681
-0.321027
-0.333983
-0.34235
-0.346794
-0.348178
-0.347793
-0.347166
-0.347654
-0.350059
-0.3543
-0.359401
-0.363834
-0.36609
-0.365216
-0.361073
-0.354239
-0.345758
-0.336901
-0.328976
-0.323203
-0.320625
-0.322084
-0.328237
-0.339574
-0.356386
-0.378657
-0.405882
-0.436906
-0.469938
-0.502844
-0.533579
-0.560455
-0.582049
-0.596803
-0.602639
-0.596834
-0.576646
-0.539647
-0.48536
-0.41588
-0.335906
-0.252206
-0.172759
-0.105705
-0.0581368
-0.034901
-0.0370046
-0.0610761
-0.100362
-0.14604
-0.192214
-0.236007
-0.275709
-0.309685
-0.336155
-0.353436
-0.3602
-0.355613
-0.339729
-0.313451
-0.278453
-0.237251
-0.193302
-0.150732
-0.113146
-0.0823922
-0.0590616
-0.0439518
-0.0379739
-0.0403625
-0.0482584
-0.0590574
-0.0722831
-0.0889643
-0.110082
-0.135528
-0.163771
-0.192254
-0.218229
-0.239483
-0.254662
-0.263472
-0.266384
-0.264732
-0.259729
-0.251872
-0.241077
-0.227404
-0.211807
-0.196402
-0.184
-0.177148
-0.177133
-0.183365
-0.193401
-0.20339
-0.208595
-0.204317
-0.187782
-0.159873
-0.124959
-0.0896061
-0.058868
-0.0348591
-0.0173408
-0.00498338
0.00362018
0.00954344
0.0135359
0.0161421
0.017777
0.0187537
0.0192954
0.0195531
0.0196245
0.0195724
0.0194374
0.0192461
0.0190164
0.0187606
0.0184873
0.0182021
0.0179091
0.0176109
0.0173095
0.017006
0.0167013
0.0163961
0.0160907
0.0157855
0.0154806
0.015176
0.0148718
0.0145681
0.0142648
0.0139619
0.0136595
0.0133574
0.0130557
0.0127542
0.012453
0.012152
0.0118512
0.0115506
0.0112501
0.0109497
0.0106495
0.0103493
0.0100492
0.0097492
0.00944919
0.00914921
0.00884922
0.00854924
0.00824926
0.00794926
0.00764926
0.00734924
0.00704923
0.00674922
0.00644921
0.00614922
0.00584922
0.00554923
0.00524923
0.00494924
0.00464925
0.00434926
0.00404928
0.00374931
0.00344935
0.00314941
0.00284946
0.00254952
0.00224957
0.00194963
0.00164968
0.00134974
0.00104979
0.000749848
0.000449909
0.000149971
-0.308545
-0.31422
-0.324201
-0.336256
-0.346474
-0.351671
-0.349073
-0.336716
-0.315122
-0.288081
-0.261385
-0.240743
-0.230185
-0.231122
-0.242267
-0.259698
-0.279923
-0.299228
-0.315492
-0.327706
-0.335914
-0.3405
-0.342166
-0.34198
-0.341203
-0.340941
-0.341831
-0.343823
-0.346202
-0.347867
-0.347768
-0.345302
-0.340496
-0.333931
-0.326546
-0.319436
-0.313694
-0.310301
-0.310076
-0.31369
-0.321719
-0.334695
-0.353063
-0.37701
-0.406176
-0.439412
-0.474777
-0.509911
-0.542611
-0.571185
-0.594334
-0.610649
-0.618091
-0.613838
-0.594646
-0.55787
-0.502632
-0.430929
-0.347591
-0.259695
-0.175665
-0.104183
-0.0530257
-0.0277603
-0.029832
-0.0566987
-0.100275
-0.15009
-0.199572
-0.246012
-0.288187
-0.324645
-0.353422
-0.372526
-0.380422
-0.376133
-0.359785
-0.332373
-0.295582
-0.251769
-0.20425
-0.157437
-0.115751
-0.0818224
-0.0563757
-0.039881
-0.0330277
-0.0351497
-0.0433988
-0.0547139
-0.0680177
-0.0840461
-0.103821
-0.127469
-0.153794
-0.180579
-0.205318
-0.225908
-0.241042
-0.250392
-0.254381
-0.253981
-0.249899
-0.242282
-0.231123
-0.217001
-0.201619
-0.187679
-0.178101
-0.175018
-0.179016
-0.188894
-0.201979
-0.214494
-0.221725
-0.218751
-0.202525
-0.173768
-0.137109
-0.0995463
-0.0665763
-0.0406072
-0.0215187
-0.00798605
0.00145161
0.00795
0.0123419
0.0152363
0.0170894
0.0182364
0.0189127
0.0192763
0.0194301
0.0194413
0.0193539
0.0191978
0.0189937
0.0187559
0.0184948
0.0182175
0.0179292
0.0176334
0.0173328
0.0170289
0.0167232
0.0164165
0.0161094
0.0158023
0.0154955
0.0151892
0.0148833
0.0145781
0.0142734
0.0139693
0.0136658
0.0133628
0.0130602
0.012758
0.0124562
0.0121547
0.0118534
0.0115524
0.0112516
0.010951
0.0106505
0.0103502
0.0100499
0.00974978
0.00944966
0.00914958
0.00884953
0.00854949
0.00824945
0.00794942
0.00764938
0.00734935
0.00704932
0.00674929
0.00644928
0.00614927
0.00584927
0.00554927
0.00524927
0.00494927
0.00464927
0.00434928
0.0040493
0.00374933
0.00344937
0.00314942
0.00284947
0.00254952
0.00224958
0.00194963
0.00164968
0.00134974
0.0010498
0.000749858
0.000449918
0.000149974
-0.308996
-0.314544
-0.323131
-0.333231
-0.341627
-0.345395
-0.342237
-0.330752
-0.31154
-0.287787
-0.264344
-0.246037
-0.236291
-0.23637
-0.245256
-0.259998
-0.277429
-0.294425
-0.308968
-0.320107
-0.327701
-0.331976
-0.333502
-0.333153
-0.331952
-0.330805
-0.330242
-0.330276
-0.330429
-0.329955
-0.328164
-0.324713
-0.319735
-0.313787
-0.307689
-0.302361
-0.298681
-0.297408
-0.299153
-0.304443
-0.313829
-0.327945
-0.34744
-0.372732
-0.403613
-0.43893
-0.476545
-0.513809
-0.548313
-0.578356
-0.60279
-0.620395
-0.629233
-0.626384
-0.60843
-0.572334
-0.516897
-0.44401
-0.358555
-0.267785
-0.180388
-0.105391
-0.0511221
-0.0237379
-0.0258463
-0.0556011
-0.102794
-0.155557
-0.207047
-0.255215
-0.299411
-0.338166
-0.369136
-0.389926
-0.398775
-0.394577
-0.377504
-0.348733
-0.310114
-0.263929
-0.213237
-0.162457
-0.116652
-0.0793241
-0.0515505
-0.0335796
-0.0258743
-0.027824
-0.036604
-0.0487442
-0.0625323
-0.0783086
-0.0970626
-0.119126
-0.143644
-0.168758
-0.192237
-0.212125
-0.227193
-0.237053
-0.241972
-0.242454
-0.238724
-0.230758
-0.218848
-0.204243
-0.189354
-0.177231
-0.170608
-0.171009
-0.178301
-0.190873
-0.206113
-0.220504
-0.229392
-0.227676
-0.212094
-0.183195
-0.145724
-0.106923
-0.0725501
-0.0452349
-0.0249908
-0.0105497
-0.000445146
0.00652535
0.0112543
0.0143997
0.0164483
0.0177515
0.0185532
0.0190164
0.0192482
0.0193193
0.0192772
0.0191546
0.0189746
0.0187538
0.0185042
0.0182342
0.0179502
0.0176566
0.0173564
0.0170521
0.0167452
0.0164368
0.0161279
0.015819
0.0155103
0.0152022
0.0148947
0.0145879
0.0142819
0.0139766
0.0136719
0.013368
0.0130646
0.0127617
0.0124593
0.0121573
0.0118556
0.0115542
0.0112531
0.0109522
0.0106516
0.010351
0.0100506
0.00975033
0.00945011
0.00914995
0.00884982
0.00854972
0.00824964
0.00794957
0.00764951
0.00734945
0.0070494
0.00674936
0.00644934
0.00614932
0.00584931
0.0055493
0.0052493
0.0049493
0.0046493
0.0043493
0.00404932
0.00374934
0.00344938
0.00314943
0.00284948
0.00254953
0.00224958
0.00194963
0.00164968
0.00134974
0.0010498
0.000749866
0.000449924
0.000149976
-0.308858
-0.314062
-0.321344
-0.329571
-0.336204
-0.338727
-0.335262
-0.324838
-0.308083
-0.287624
-0.267428
-0.251473
-0.242614
-0.241947
-0.248708
-0.26064
-0.275051
-0.28937
-0.301772
-0.311331
-0.317802
-0.32132
-0.322331
-0.321533
-0.31975
-0.317723
-0.315913
-0.314395
-0.312885
-0.310913
-0.308061
-0.304173
-0.299448
-0.294397
-0.28972
-0.286163
-0.284406
-0.284995
-0.288364
-0.294935
-0.305272
-0.320145
-0.340424
-0.366763
-0.399142
-0.436407
-0.476175
-0.515441
-0.551554
-0.582796
-0.608183
-0.626707
-0.636569
-0.634834
-0.617982
-0.58273
-0.527619
-0.454456
-0.368115
-0.275909
-0.186603
-0.109389
-0.0528331
-0.0236527
-0.0264236
-0.0583504
-0.107797
-0.16198
-0.214305
-0.263548
-0.309415
-0.350197
-0.383086
-0.405286
-0.414819
-0.410543
-0.392553
-0.362208
-0.32162
-0.27313
-0.219558
-0.165154
-0.115381
-0.0745814
-0.0443477
-0.0248337
-0.0162885
-0.0181417
-0.027624
-0.0409129
-0.0556425
-0.0716612
-0.0898376
-0.110662
-0.133597
-0.157154
-0.179404
-0.198579
-0.213538
-0.223769
-0.229248
-0.229996
-0.225901
-0.217012
-0.204136
-0.189242
-0.175272
-0.165345
-0.161759
-0.165291
-0.175164
-0.189611
-0.206308
-0.222034
-0.232175
-0.23152
-0.216708
-0.188197
-0.150765
-0.111661
-0.0767151
-0.0486845
-0.0277199
-0.0126531
-0.00205913
0.00527597
0.0102785
0.0136376
0.0158593
0.0173046
0.0182219
0.0187778
0.0190824
0.0192096
0.0192097
0.0191183
0.0189607
0.0187556
0.0185163
0.0182529
0.0179726
0.0176806
0.0173806
0.0170755
0.0167673
0.0164572
0.0161464
0.0158355
0.0155249
0.015215
0.0149058
0.0145975
0.0142901
0.0139836
0.0136779
0.013373
0.0130689
0.0127653
0.0124623
0.0121598
0.0118577
0.011556
0.0112546
0.0109534
0.0106525
0.0103518
0.0100513
0.00975086
0.00945054
0.00915029
0.0088501
0.00854995
0.00824982
0.00794972
0.00764963
0.00734955
0.00704949
0.00674943
0.0064494
0.00614937
0.00584935
0.00554934
0.00524933
0.00494932
0.00464932
0.00434932
0.00404933
0.00374936
0.0034494
0.00314944
0.00284949
0.00254953
0.00224957
0.00194962
0.00164968
0.00134974
0.00104981
0.00074987
0.000449927
0.000149977
-0.308148
-0.312858
-0.318934
-0.325484
-0.330551
-0.33207
-0.328535
-0.319286
-0.304938
-0.287622
-0.270506
-0.256795
-0.248809
-0.247474
-0.252237
-0.26137
-0.272694
-0.28411
-0.294044
-0.301639
-0.30661
-0.309029
-0.309239
-0.307794
-0.305356
-0.302538
-0.299746
-0.297103
-0.294475
-0.291599
-0.288252
-0.284404
-0.280286
-0.276352
-0.27318
-0.271356
-0.271372
-0.273592
-0.278299
-0.285846
-0.296827
-0.312142
-0.332868
-0.359941
-0.393578
-0.432613
-0.474369
-0.515441
-0.552912
-0.585053
-0.611055
-0.630113
-0.640565
-0.639508
-0.623412
-0.588921
-0.534417
-0.461723
-0.37565
-0.283508
-0.193935
-0.116237
-0.0586045
-0.0288674
-0.0323434
-0.0649284
-0.114808
-0.168934
-0.221218
-0.271013
-0.318113
-0.360468
-0.394817
-0.418021
-0.427961
-0.423435
-0.404437
-0.372425
-0.329767
-0.278964
-0.222696
-0.16499
-0.111505
-0.0672939
-0.0345509
-0.0134645
-0.00409364
-0.00589936
-0.0162182
-0.0309595
-0.0471083
-0.0639304
-0.0820716
-0.102119
-0.123816
-0.146027
-0.167145
-0.185604
-0.200321
-0.210585
-0.216004
-0.216225
-0.21105
-0.200862
-0.187104
-0.172359
-0.159851
-0.152512
-0.152012
-0.158315
-0.170152
-0.185852
-0.203479
-0.220043
-0.230954
-0.23102
-0.21692
-0.189157
-0.152472
-0.113897
-0.0791394
-0.0509891
-0.0297234
-0.0143079
-0.00339787
0.00419808
0.00941414
0.0129523
0.0153261
0.0168996
0.0179229
0.0185641
0.0189359
0.0191146
0.0191535
0.0190905
0.0189532
0.018762
0.0185319
0.018274
0.0179966
0.0177057
0.0174055
0.0170994
0.0167895
0.0164775
0.0161647
0.0158518
0.0155393
0.0152275
0.0149167
0.0146069
0.0142981
0.0139904
0.0136837
0.0133779
0.013073
0.0127687
0.0124652
0.0121622
0.0118597
0.0115576
0.0112559
0.0109546
0.0106535
0.0103526
0.0100519
0.00975135
0.00945094
0.00915061
0.00885036
0.00855015
0.00824999
0.00794985
0.00764974
0.00734964
0.00704956
0.0067495
0.00644945
0.00614941
0.00584939
0.00554937
0.00524936
0.00494935
0.00464934
0.00434934
0.00404935
0.00374938
0.00344942
0.00314946
0.00284949
0.00254953
0.00224957
0.00194962
0.00164968
0.00134974
0.00104981
0.00074987
0.000449928
0.000149977
-0.306946
-0.31108
-0.316064
-0.321174
-0.324922
-0.32568
-0.322269
-0.314249
-0.302185
-0.287768
-0.273473
-0.261815
-0.254631
-0.252681
-0.255573
-0.262006
-0.270268
-0.278685
-0.285965
-0.291359
-0.294587
-0.295686
-0.294918
-0.292726
-0.289646
-0.286183
-0.282699
-0.279351
-0.276111
-0.272859
-0.269505
-0.266099
-0.262874
-0.26022
-0.258595
-0.258433
-0.260066
-0.263705
-0.269516
-0.277799
-0.289166
-0.304616
-0.325442
-0.352917
-0.387512
-0.428027
-0.471466
-0.514023
-0.552533
-0.585287
-0.611625
-0.630887
-0.641508
-0.640642
-0.624845
-0.590868
-0.537031
-0.465379
-0.380613
-0.290012
-0.201959
-0.125865
-0.069123
-0.0405345
-0.0436363
-0.0749414
-0.123278
-0.17612
-0.227694
-0.277508
-0.325271
-0.368601
-0.403853
-0.427622
-0.437659
-0.432713
-0.412677
-0.379022
-0.334291
-0.281173
-0.222325
-0.161589
-0.104695
-0.0572357
-0.0220124
0.00063969
0.0108153
0.00903866
-0.00218427
-0.0186111
-0.0366262
-0.0548369
-0.0735497
-0.0933673
-0.114265
-0.135426
-0.155549
-0.173279
-0.18743
-0.197148
-0.201711
-0.200628
-0.193896
-0.182404
-0.168184
-0.154215
-0.143774
-0.139415
-0.142017
-0.150739
-0.164036
-0.180523
-0.198626
-0.215503
-0.226632
-0.227008
-0.21346
-0.186686
-0.151301
-0.113941
-0.0800177
-0.0522648
-0.0310708
-0.0155561
-0.0044863
0.00327831
0.00865545
0.0123424
0.0148497
0.0165387
0.0176585
0.0183776
0.0188105
0.019036
0.0191098
0.0190721
0.0189527
0.0187735
0.0185511
0.0182977
0.0180224
0.0177318
0.017431
0.0171234
0.0168117
0.0164978
0.0161828
0.0158678
0.0155533
0.0152397
0.0149272
0.0146159
0.0143059
0.013997
0.0136893
0.0133826
0.0130769
0.012772
0.0124679
0.0121644
0.0118615
0.0115592
0.0112572
0.0109556
0.0106543
0.0103533
0.0100525
0.00975181
0.0094513
0.00915091
0.0088506
0.00855035
0.00825015
0.00794998
0.00764984
0.00734972
0.00704963
0.00674956
0.0064495
0.00614946
0.00584942
0.0055494
0.00524938
0.00494937
0.00464936
0.00434936
0.00404937
0.0037494
0.00344943
0.00314947
0.0028495
0.00254953
0.00224957
0.00194962
0.00164968
0.00134974
0.0010498
0.000749867
0.000449925
0.000149976
-0.305366
-0.308897
-0.312914
-0.316825
-0.319513
-0.319739
-0.316602
-0.309811
-0.299853
-0.288038
-0.27625
-0.266405
-0.259917
-0.257386
-0.258541
-0.262424
-0.267738
-0.273193
-0.277775
-0.280874
-0.282251
-0.281927
-0.280113
-0.277168
-0.273525
-0.269605
-0.265728
-0.262067
-0.258662
-0.255487
-0.252533
-0.24989
-0.247776
-0.246501
-0.246406
-0.247791
-0.250857
-0.255704
-0.262413
-0.271221
-0.282733
-0.298023
-0.318616
-0.346146
-0.381298
-0.422836
-0.467469
-0.51106
-0.550257
-0.583393
-0.609873
-0.629083
-0.639495
-0.638344
-0.622352
-0.588578
-0.535277
-0.465098
-0.382521
-0.294837
-0.210099
-0.137996
-0.0852694
-0.058341
-0.0598675
-0.0878951
-0.13277
-0.183237
-0.23351
-0.282788
-0.330571
-0.374222
-0.409805
-0.433708
-0.443553
-0.438034
-0.416959
-0.381754
-0.335033
-0.279647
-0.218308
-0.154775
-0.0947853
-0.0443126
-0.00670332
0.0174797
0.0284362
0.0267013
0.0145935
-0.00362659
-0.0238486
-0.0439877
-0.0638887
-0.0840599
-0.104638
-0.125073
-0.144307
-0.161122
-0.174258
-0.182718
-0.185688
-0.182821
-0.174504
-0.162125
-0.148117
-0.135652
-0.127899
-0.126857
-0.132492
-0.143262
-0.157596
-0.174477
-0.192594
-0.209225
-0.220015
-0.220333
-0.207143
-0.181528
-0.147861
-0.112232
-0.0796404
-0.0526931
-0.0318734
-0.0164648
-0.00536348
0.00249533
0.00799181
0.0118034
0.0144286
0.016222
0.0174293
0.0182189
0.0187069
0.0189742
0.0190788
0.0190633
0.0189591
0.0187901
0.0185738
0.0183237
0.0180496
0.0177589
0.0174569
0.0171476
0.0168338
0.0165176
0.0162005
0.0158834
0.0155669
0.0152515
0.0149373
0.0146246
0.0143132
0.0140032
0.0136945
0.0133869
0.0130805
0.012775
0.0124704
0.0121665
0.0118633
0.0115606
0.0112584
0.0109566
0.0106551
0.0103539
0.010053
0.00975222
0.00945163
0.00915117
0.00885081
0.00855052
0.00825029
0.0079501
0.00764993
0.0073498
0.00704969
0.00674961
0.00644955
0.00614949
0.00584945
0.00554943
0.0052494
0.00494938
0.00464937
0.00434938
0.0040494
0.00374942
0.00344945
0.00314948
0.0028495
0.00254953
0.00224957
0.00194962
0.00164967
0.00134973
0.0010498
0.000749861
0.000449921
0.000149974
-0.303538
-0.306482
-0.309662
-0.312603
-0.314478
-0.314367
-0.311603
-0.305993
-0.297928
-0.288394
-0.278775
-0.270483
-0.264566
-0.26148
-0.261043
-0.262573
-0.26513
-0.267767
-0.269736
-0.270579
-0.270119
-0.268386
-0.26556
-0.261935
-0.257865
-0.2537
-0.249719
-0.246096
-0.242908
-0.24018
-0.237948
-0.236311
-0.235441
-0.235559
-0.236893
-0.239635
-0.243907
-0.249741
-0.257145
-0.266288
-0.277741
-0.292633
-0.312721
-0.339941
-0.375138
-0.417077
-0.462249
-0.506344
-0.545879
-0.579211
-0.605684
-0.624622
-0.634484
-0.632594
-0.615957
-0.582121
-0.529016
-0.460656
-0.380895
-0.297158
-0.217929
-0.152575
-0.106828
-0.0826603
-0.0800688
-0.103111
-0.142804
-0.189863
-0.238258
-0.286492
-0.333684
-0.377031
-0.412431
-0.436102
-0.445523
-0.4393
-0.417199
-0.380568
-0.331992
-0.274429
-0.210696
-0.144576
-0.0818094
-0.0286068
0.0112411
0.0368995
0.0486155
0.046963
0.0340781
0.0141207
-0.00845926
-0.0309196
-0.0525452
-0.0736154
-0.0943228
-0.114307
-0.132673
-0.148262
-0.159866
-0.166483
-0.167485
-0.162865
-0.153419
-0.140877
-0.127886
-0.11768
-0.113177
-0.115629
-0.124053
-0.136456
-0.151448
-0.168342
-0.186015
-0.201867
-0.211818
-0.21187
-0.198842
-0.174512
-0.142842
-0.109285
-0.0783557
-0.0524978
-0.03227
-0.0171176
-0.00607781
0.00182221
0.00740868
0.0113275
0.0140587
0.0159468
0.0172334
0.0180867
0.0186238
0.018928
0.0190596
0.019063
0.0189717
0.0188108
0.0185993
0.0183513
0.0180776
0.0177861
0.0174826
0.0171713
0.0168553
0.0165369
0.0162175
0.0158983
0.0155798
0.0152626
0.0149469
0.0146327
0.0143201
0.014009
0.0136993
0.013391
0.0130839
0.0127778
0.0124727
0.0121684
0.0118649
0.0115619
0.0112595
0.0109575
0.0106558
0.0103545
0.0100534
0.00975259
0.00945193
0.00915141
0.008851
0.00855068
0.00825041
0.0079502
0.00765002
0.00734987
0.00704975
0.00674966
0.00644959
0.00614953
0.00584948
0.00554945
0.00524942
0.0049494
0.00464939
0.0043494
0.00404942
0.00374944
0.00344947
0.00314949
0.00284951
0.00254954
0.00224957
0.00194961
0.00164967
0.00134973
0.00104979
0.000749853
0.000449915
0.000149972
-0.301595
-0.303998
-0.306473
-0.308649
-0.309924
-0.309634
-0.307296
-0.302778
-0.296375
-0.28879
-0.281001
-0.274001
-0.268531
-0.264916
-0.263046
-0.262458
-0.262514
-0.262571
-0.262121
-0.260861
-0.258692
-0.255666
-0.251946
-0.247779
-0.243457
-0.239266
-0.235446
-0.232159
-0.229494
-0.227499
-0.226219
-0.225725
-0.226122
-0.227531
-0.230086
-0.233921
-0.239133
-0.245725
-0.253639
-0.262969
-0.274238
-0.288605
-0.308004
-0.334556
-0.369244
-0.410835
-0.455782
-0.49982
-0.539345
-0.572681
-0.59899
-0.617449
-0.626438
-0.623407
-0.605657
-0.57106
-0.518752
-0.451928
-0.375293
-0.296434
-0.224958
-0.169001
-0.131181
-0.108533
-0.102938
-0.118988
-0.152522
-0.19543
-0.241439
-0.28822
-0.334325
-0.376855
-0.411658
-0.434814
-0.44365
-0.436636
-0.413546
-0.375626
-0.325348
-0.265731
-0.199721
-0.131232
-0.0660165
-0.010404
0.03149
0.0585482
0.0710059
0.0694956
0.0560102
0.0345328
0.00968405
-0.0152428
-0.0389351
-0.061315
-0.0824969
-0.102204
-0.119635
-0.133731
-0.143454
-0.148041
-0.147234
-0.141394
-0.131601
-0.119767
-0.108642
-0.101403
-0.100506
-0.106309
-0.117068
-0.130661
-0.145962
-0.162524
-0.179359
-0.194007
-0.202735
-0.202504
-0.189415
-0.166484
-0.136952
-0.105627
-0.0765289
-0.0519173
-0.0324096
-0.0176041
-0.00668141
0.00122903
0.00688848
0.0109036
0.0137321
0.0157072
0.0170663
0.0179769
0.0185578
0.0188945
0.0190495
0.0190691
0.0189884
0.018834
0.018626
0.0183794
0.0181055
0.0178128
0.0175075
0.017194
0.0168758
0.0165551
0.0162335
0.0159122
0.0155919
0.0152729
0.0149557
0.0146401
0.0143264
0.0140143
0.0137038
0.0133947
0.013087
0.0127804
0.0124748
0.0121702
0.0118663
0.0115631
0.0112604
0.0109583
0.0106565
0.010355
0.0100539
0.00975292
0.00945219
0.00915161
0.00885117
0.00855081
0.00825052
0.00795028
0.00765009
0.00734993
0.0070498
0.0067497
0.00644962
0.00614956
0.00584951
0.00554947
0.00524943
0.00494941
0.00464941
0.00434942
0.00404944
0.00374946
0.00344948
0.0031495
0.00284952
0.00254954
0.00224957
0.00194961
0.00164966
0.00134972
0.00104978
0.000749844
0.000449908
0.000149969
-0.299663
-0.301589
-0.303488
-0.305077
-0.305928
-0.305574
-0.303674
-0.30013
-0.295143
-0.289182
-0.282896
-0.276937
-0.271796
-0.267691
-0.264561
-0.262124
-0.259991
-0.257778
-0.255193
-0.25208
-0.248421
-0.244297
-0.239868
-0.235341
-0.230957
-0.22695
-0.223517
-0.220801
-0.218886
-0.217812
-0.217595
-0.218249
-0.21979
-0.222256
-0.225733
-0.230357
-0.236244
-0.243385
-0.251665
-0.261107
-0.272179
-0.286048
-0.304677
-0.33028
-0.363907
-0.404355
-0.448284
-0.491575
-0.530761
-0.563871
-0.589823
-0.607565
-0.615355
-0.610817
-0.591603
-0.556009
-0.503979
-0.438631
-0.365311
-0.292491
-0.230678
-0.185387
-0.154847
-0.134436
-0.125897
-0.134873
-0.161329
-0.199349
-0.242588
-0.287625
-0.332316
-0.373658
-0.407562
-0.430006
-0.437965
-0.43038
-0.40636
-0.367283
-0.315463
-0.25394
-0.185804
-0.115194
-0.0478738
0.00979754
0.0535046
0.0818625
0.0950389
0.0937325
0.0798528
0.0571854
0.0303772
0.00312111
-0.0227099
-0.046602
-0.0684648
-0.0879853
-0.104453
-0.117004
-0.124873
-0.127725
-0.125708
-0.119469
-0.110251
-0.10006
-0.0916349
-0.0878624
-0.0905042
-0.0991184
-0.111614
-0.125974
-0.141287
-0.157262
-0.173
-0.186184
-0.193377
-0.191015
-0.17961
-0.158231
-0.130844
-0.10175
-0.074503
-0.0511778
-0.0324339
-0.0180095
-0.00722454
0.000685532
0.00641162
0.0105178
0.013438
0.0154944
0.0169202
0.0178831
0.0185034
0.018869
0.0190444
0.0190779
0.0190063
0.0188573
0.0186519
0.0184061
0.0181317
0.0178377
0.0175306
0.017215
0.0168946
0.0165717
0.0162481
0.0159248
0.0156028
0.0152823
0.0149636
0.0146469
0.014332
0.014019
0.0137077
0.013398
0.0130897
0.0127826
0.0124767
0.0121717
0.0118676
0.0115641
0.0112613
0.0109589
0.010657
0.0103555
0.0100542
0.00975321
0.00945241
0.00915179
0.00885131
0.00855093
0.00825061
0.00795035
0.00765014
0.00734998
0.00704984
0.00674973
0.00644965
0.00614958
0.00584953
0.00554948
0.00524945
0.00494943
0.00464943
0.00434944
0.00404946
0.00374948
0.00344949
0.0031495
0.00284952
0.00254954
0.00224957
0.00194961
0.00164966
0.00134971
0.00104977
0.000749834
0.000449901
0.000149967
-0.297854
-0.299378
-0.300819
-0.30197
-0.302535
-0.302193
-0.300706
-0.297997
-0.294177
-0.289529
-0.284437
-0.279289
-0.274376
-0.269831
-0.265631
-0.26164
-0.257671
-0.253556
-0.249187
-0.244542
-0.239678
-0.23471
-0.229794
-0.22511
-0.220852
-0.217209
-0.214338
-0.212354
-0.211314
-0.211218
-0.212021
-0.213662
-0.216085
-0.219289
-0.223366
-0.228498
-0.234838
-0.242365
-0.250918
-0.260474
-0.271468
-0.285005
-0.302931
-0.327408
-0.35939
-0.397906
-0.440028
-0.481963
-0.52034
-0.552924
-0.578288
-0.595073
-0.601406
-0.595083
-0.574073
-0.53715
-0.484894
-0.420803
-0.351303
-0.286022
-0.234446
-0.19906
-0.174665
-0.157163
-0.146698
-0.149487
-0.168591
-0.201109
-0.241191
-0.284337
-0.327506
-0.367499
-0.400348
-0.422023
-0.429357
-0.420982
-0.396206
-0.356088
-0.302882
-0.239602
-0.169565
-0.0971193
-0.028056
0.0312969
0.0765484
0.106073
0.119924
0.118863
0.104776
0.0812797
0.0529511
0.0237244
-0.00406984
-0.0294751
-0.0521145
-0.0714989
-0.0871925
-0.0983969
-0.104791
-0.10651
-0.104071
-0.0983478
-0.0907025
-0.0831225
-0.078053
-0.0777684
-0.0833251
-0.093928
-0.107543
-0.122304
-0.13743
-0.152695
-0.167229
-0.178881
-0.18466
-0.181885
-0.170448
-0.150433
-0.125059
-0.0980611
-0.0725651
-0.0504684
-0.0324608
-0.0184051
-0.00775067
0.000163466
0.00595771
0.0101537
0.0131627
0.0152964
0.016785
0.0177964
0.0184531
0.0188451
0.019039
0.0190852
0.0190218
0.0188776
0.0186747
0.0184296
0.0181548
0.0178596
0.0175508
0.0172334
0.0169111
0.0165863
0.0162608
0.0159359
0.0156123
0.0152904
0.0149705
0.0146527
0.0143369
0.0140231
0.0137111
0.0134008
0.013092
0.0127846
0.0124783
0.012173
0.0118686
0.011565
0.011262
0.0109595
0.0106575
0.0103558
0.0100545
0.00975345
0.00945261
0.00915195
0.00885143
0.00855102
0.00825069
0.00795041
0.00765019
0.00735002
0.00704987
0.00674976
0.00644967
0.0061496
0.00584954
0.0055495
0.00524946
0.00494945
0.00464945
0.00434946
0.00404947
0.00374949
0.0034495
0.00314951
0.00284953
0.00254955
0.00224958
0.00194961
0.00164965
0.0013497
0.00104976
0.000749825
0.000449894
0.000149964
-0.29626
-0.29746
-0.29855
-0.299384
-0.299764
-0.299475
-0.298351
-0.296321
-0.293423
-0.289791
-0.285611
-0.281069
-0.276303
-0.271383
-0.266318
-0.261085
-0.255661
-0.250047
-0.244289
-0.238475
-0.23273
-0.227198
-0.222031
-0.217386
-0.213418
-0.210271
-0.208065
-0.20687
-0.206691
-0.207463
-0.209076
-0.211411
-0.214386
-0.218011
-0.222428
-0.22787
-0.234505
-0.242298
-0.251072
-0.260807
-0.271931
-0.285391
-0.302867
-0.326108
-0.355987
-0.391898
-0.431491
-0.471425
-0.508463
-0.540146
-0.564651
-0.580257
-0.584936
-0.576592
-0.553443
-0.514795
-0.461965
-0.399353
-0.334765
-0.278118
-0.235971
-0.20828
-0.188761
-0.174111
-0.163347
-0.161746
-0.17399
-0.200489
-0.236895
-0.27804
-0.319795
-0.358522
-0.390338
-0.411276
-0.418064
-0.409053
-0.383635
-0.342665
-0.288278
-0.223466
-0.151814
-0.0778449
-0.0074257
0.053219
0.0997212
0.130239
0.144685
0.143865
0.129699
0.105685
0.0762868
0.0455433
0.0161063
-0.0106767
-0.0341735
-0.0536532
-0.068757
-0.0789572
-0.0843826
-0.0856283
-0.0835911
-0.0793869
-0.0743973
-0.0702471
-0.068664
-0.0712168
-0.0786694
-0.0904009
-0.104587
-0.119473
-0.134325
-0.148868
-0.162225
-0.172427
-0.176939
-0.173691
-0.162369
-0.143559
-0.11998
-0.0948515
-0.0709198
-0.0499229
-0.0325728
-0.0188419
-0.00829279
-0.000361025
0.00550735
0.00979454
0.0128913
0.0151003
0.0166494
0.0177074
0.0183988
0.018816
0.0190279
0.0190865
0.0190311
0.0188919
0.0186918
0.0184479
0.0181732
0.0178773
0.0175674
0.0172486
0.0169247
0.0165984
0.0162715
0.0159452
0.0156203
0.0152973
0.0149763
0.0146576
0.0143411
0.0140266
0.0137141
0.0134033
0.0130941
0.0127862
0.0124797
0.0121742
0.0118696
0.0115658
0.0112626
0.01096
0.0106579
0.0103562
0.0100548
0.00975366
0.00945278
0.00915208
0.00885154
0.0085511
0.00825075
0.00795046
0.00765023
0.00735005
0.0070499
0.00674979
0.00644969
0.00614962
0.00584956
0.00554951
0.00524948
0.00494947
0.00464947
0.00434947
0.00404948
0.00374949
0.00344951
0.00314952
0.00284953
0.00254955
0.00224958
0.00194961
0.00164964
0.00134969
0.00104975
0.000749817
0.000449888
0.000149962
-0.294948
-0.295901
-0.296733
-0.297347
-0.297612
-0.297388
-0.296555
-0.295042
-0.29283
-0.289942
-0.286419
-0.282302
-0.277624
-0.272408
-0.266692
-0.260538
-0.254046
-0.24735
-0.240611
-0.234005
-0.227708
-0.221887
-0.216689
-0.212247
-0.20868
-0.206087
-0.204538
-0.204044
-0.204548
-0.205929
-0.208036
-0.21074
-0.213977
-0.217803
-0.222409
-0.228046
-0.234871
-0.242839
-0.251808
-0.261813
-0.273292
-0.286991
-0.30432
-0.326394
-0.353946
-0.386779
-0.423261
-0.460613
-0.49578
-0.526125
-0.549445
-0.563643
-0.566486
-0.555901
-0.530368
-0.489821
-0.436616
-0.376467
-0.318053
-0.269981
-0.235606
-0.213133
-0.197028
-0.184689
-0.175067
-0.171141
-0.177766
-0.197927
-0.229861
-0.268666
-0.309187
-0.346973
-0.37799
-0.398342
-0.404739
-0.39533
-0.369471
-0.327843
-0.272484
-0.206412
-0.133465
-0.0583643
0.0130032
0.0745612
0.122013
0.153313
0.168223
0.167583
0.153383
0.129064
0.0989733
0.0671502
0.0364255
0.00845242
-0.0157683
-0.0357054
-0.0504625
-0.0599951
-0.0648783
-0.0662798
-0.0656013
-0.064079
-0.0626726
-0.062141
-0.0633849
-0.0676679
-0.0760048
-0.0881423
-0.102454
-0.117289
-0.131851
-0.145737
-0.15804
-0.166978
-0.170426
-0.166747
-0.155629
-0.137859
-0.115813
-0.0922764
-0.0696743
-0.0496091
-0.0328108
-0.0193468
-0.00887067
-0.000904666
0.00504508
0.00942588
0.0126106
0.0148944
0.0165034
0.0176076
0.0183336
0.0187763
0.0190065
0.0190779
0.0190314
0.0188981
0.0187015
0.0184596
0.0181857
0.0178899
0.0175795
0.01726
0.0169351
0.0166078
0.0162798
0.0159525
0.0156267
0.0153028
0.0149811
0.0146616
0.0143445
0.0140295
0.0137165
0.0134053
0.0130957
0.0127876
0.0124808
0.0121751
0.0118703
0.0115664
0.0112631
0.0109604
0.0106583
0.0103565
0.010055
0.00975384
0.00945292
0.0091522
0.00885162
0.00855117
0.0082508
0.0079505
0.00765026
0.00735008
0.00704993
0.00674981
0.00644971
0.00614964
0.00584957
0.00554953
0.0052495
0.00494949
0.00464948
0.00434949
0.00404949
0.0037495
0.00344951
0.00314952
0.00284954
0.00254956
0.00224958
0.00194961
0.00164964
0.00134968
0.00104974
0.00074981
0.000449884
0.00014996
-0.293958
-0.294734
-0.295389
-0.295856
-0.296052
-0.295883
-0.295258
-0.294103
-0.292357
-0.289967
-0.286876
-0.283034
-0.278402
-0.272979
-0.266823
-0.260061
-0.252876
-0.245498
-0.238169
-0.231125
-0.224578
-0.218705
-0.213646
-0.209505
-0.206359
-0.204259
-0.203218
-0.203196
-0.204096
-0.205775
-0.208083
-0.210912
-0.214239
-0.218163
-0.222897
-0.228672
-0.235613
-0.243693
-0.252844
-0.26318
-0.275145
-0.28939
-0.306845
-0.32801
-0.353333
-0.382948
-0.416002
-0.450384
-0.483274
-0.511893
-0.533714
-0.546289
-0.547149
-0.534231
-0.506399
-0.464339
-0.411649
-0.355221
-0.30356
-0.262857
-0.234208
-0.215021
-0.200969
-0.190338
-0.182212
-0.177841
-0.180721
-0.194832
-0.22128
-0.25679
-0.295898
-0.333121
-0.363805
-0.383931
-0.390238
-0.380705
-0.354654
-0.31261
-0.256551
-0.189533
-0.115561
-0.0397452
0.0321298
0.0942875
0.142375
0.174215
0.189417
0.188841
0.174577
0.150063
0.119557
0.0870283
0.0553462
0.0263399
0.00124092
-0.0190355
-0.0336349
-0.0427181
-0.0474672
-0.0498537
-0.0516916
-0.0537779
-0.0560465
-0.0583421
-0.0612441
-0.0662579
-0.0747826
-0.0868051
-0.100922
-0.115578
-0.129855
-0.143184
-0.154611
-0.162528
-0.165145
-0.161125
-0.150271
-0.133368
-0.112589
-0.0903561
-0.0688389
-0.0495293
-0.0331731
-0.0199219
-0.009488
-0.00147292
0.0045641
0.00904046
0.0123136
0.0146724
0.0163417
0.0174925
0.018254
0.018723
0.0189725
0.019058
0.0190215
0.0188951
0.0187032
0.0184643
0.0181922
0.0178973
0.0175872
0.0172675
0.0169423
0.0166145
0.0162859
0.015958
0.0156315
0.015307
0.0149847
0.0146648
0.0143472
0.0140318
0.0137184
0.0134069
0.0130971
0.0127888
0.0124818
0.0121759
0.011871
0.0115669
0.0112636
0.0109608
0.0106585
0.0103567
0.0100552
0.009754
0.00945305
0.0091523
0.0088517
0.00855123
0.00825085
0.00795054
0.00765029
0.0073501
0.00704995
0.00674983
0.00644973
0.00614965
0.00584959
0.00554955
0.00524952
0.00494951
0.0046495
0.00434949
0.0040495
0.00374951
0.00344952
0.00314953
0.00284954
0.00254956
0.00224958
0.0019496
0.00164964
0.00134968
0.00104974
0.000749805
0.00044988
0.000149959
-0.293297
-0.29396
-0.294503
-0.29488
-0.295035
-0.294899
-0.294399
-0.293454
-0.291979
-0.289872
-0.287026
-0.283335
-0.278724
-0.273182
-0.266784
-0.259695
-0.252154
-0.244446
-0.236862
-0.229671
-0.223104
-0.217339
-0.212497
-0.208648
-0.205827
-0.204039
-0.203263
-0.203441
-0.204469
-0.206212
-0.208542
-0.211382
-0.214738
-0.218731
-0.22357
-0.229448
-0.236465
-0.244625
-0.25394
-0.264606
-0.277087
-0.291942
-0.309709
-0.330331
-0.353875
-0.380604
-0.410304
-0.441611
-0.472069
-0.498826
-0.519064
-0.530007
-0.528947
-0.513942
-0.484342
-0.441632
-0.390509
-0.338421
-0.292845
-0.257676
-0.232862
-0.215457
-0.202596
-0.192932
-0.185844
-0.182203
-0.183533
-0.193153
-0.213674
-0.244309
-0.280811
-0.317291
-0.348141
-0.368707
-0.375467
-0.366158
-0.340226
-0.298068
-0.241625
-0.174014
-0.0993906
-0.0231264
0.0489351
0.111393
0.159793
0.191919
0.207216
0.206556
0.192148
0.167482
0.136762
0.103844
0.0715076
0.0416792
0.0158047
-0.00477243
-0.0192963
-0.0283085
-0.0338088
-0.038293
-0.0432956
-0.0487083
-0.0535443
-0.0573298
-0.0609151
-0.0661492
-0.074541
-0.0861684
-0.09987
-0.114212
-0.128184
-0.14106
-0.151809
-0.158964
-0.160978
-0.156732
-0.146175
-0.129954
-0.110194
-0.0890014
-0.0683446
-0.0496312
-0.0336195
-0.0205441
-0.0101274
-0.00205292
0.00407378
0.00864518
0.0120057
0.0144385
0.0161675
0.0173651
0.0181622
0.0186581
0.0189277
0.019028
0.0190024
0.0188839
0.0186977
0.0184626
0.0181932
0.0178999
0.0175908
0.0172716
0.0169466
0.0166187
0.0162899
0.0159617
0.0156348
0.01531
0.0149874
0.0146671
0.0143492
0.0140335
0.0137199
0.0134082
0.0130982
0.0127897
0.0124825
0.0121765
0.0118715
0.0115674
0.0112639
0.0109611
0.0106588
0.0103569
0.0100554
0.00975414
0.00945316
0.00915239
0.00885177
0.00855128
0.00825088
0.00795057
0.00765032
0.00735012
0.00704997
0.00674984
0.00644974
0.00614966
0.00584961
0.00554957
0.00524954
0.00494952
0.00464951
0.0043495
0.0040495
0.00374951
0.00344952
0.00314953
0.00284954
0.00254956
0.00224958
0.0019496
0.00164963
0.00134968
0.00104973
0.000749802
0.000449878
0.000149959
-0.292941
-0.293544
-0.294027
-0.294356
-0.294485
-0.294359
-0.29391
-0.293053
-0.29169
-0.289699
-0.286951
-0.283318
-0.278716
-0.27313
-0.266647
-0.259455
-0.251819
-0.244048
-0.23645
-0.229304
-0.222842
-0.217227
-0.212558
-0.208883
-0.206213
-0.204535
-0.203818
-0.204004
-0.205007
-0.206713
-0.209009
-0.211836
-0.215215
-0.219268
-0.224185
-0.230138
-0.237218
-0.245453
-0.254911
-0.265842
-0.278715
-0.294044
-0.312073
-0.332464
-0.354933
-0.379629
-0.406601
-0.435087
-0.463184
-0.488175
-0.50706
-0.516732
-0.514279
-0.497819
-0.467248
-0.424727
-0.375653
-0.327434
-0.286293
-0.254672
-0.232104
-0.215668
-0.203349
-0.194071
-0.187671
-0.184761
-0.186091
-0.193661
-0.209723
-0.234777
-0.266771
-0.301
-0.331639
-0.353118
-0.361
-0.352608
-0.327187
-0.285288
-0.228807
-0.160964
-0.0860789
-0.00961032
0.0624935
0.124889
0.173384
0.205572
0.220791
0.219925
0.205309
0.180524
0.149772
0.116774
0.0840822
0.0537
0.0273039
0.00631898
-0.00863146
-0.0184798
-0.0257096
-0.0326995
-0.0401656
-0.0473439
-0.0531814
-0.0574414
-0.0612942
-0.0666771
-0.0749208
-0.0861035
-0.0992831
-0.113199
-0.126818
-0.139317
-0.149546
-0.156155
-0.157744
-0.153342
-0.143154
-0.127398
-0.108453
-0.0880722
-0.0680818
-0.0498283
-0.0340745
-0.021164
-0.0107422
-0.0026039
0.00360859
0.00826866
0.0117102
0.0142118
0.0159964
0.0172375
0.0180682
0.0185896
0.0188784
0.0189932
0.0189784
0.0188679
0.0186875
0.0184567
0.0181902
0.017899
0.0175913
0.017273
0.0169485
0.0166209
0.0162922
0.0159639
0.015637
0.015312
0.0149892
0.0146687
0.0143506
0.0140348
0.013721
0.0134091
0.013099
0.0127904
0.0124831
0.012177
0.0118719
0.0115677
0.0112642
0.0109613
0.010659
0.0103571
0.0100555
0.00975426
0.00945325
0.00915246
0.00885182
0.00855132
0.00825092
0.0079506
0.00765034
0.00735014
0.00704998
0.00674985
0.00644975
0.00614968
0.00584962
0.00554958
0.00524955
0.00494953
0.00464951
0.00434951
0.00404951
0.00374951
0.00344952
0.00314953
0.00284955
0.00254956
0.00224958
0.0019496
0.00164963
0.00134967
0.00104973
0.0007498
0.000449877
0.000149958
-0.29281
-0.293391
-0.293851
-0.294159
-0.294275
-0.294145
-0.2937
-0.292855
-0.291504
-0.289523
-0.286777
-0.283144
-0.278541
-0.27296
-0.266491
-0.259324
-0.251734
-0.244022
-0.236501
-0.22945
-0.223092
-0.217581
-0.213001
-0.209384
-0.20673
-0.205035
-0.204283
-0.204431
-0.205397
-0.207065
-0.209331
-0.212134
-0.215514
-0.2196
-0.22457
-0.230579
-0.237716
-0.246029
-0.25561
-0.266696
-0.279752
-0.29527
-0.313408
-0.333783
-0.355934
-0.379817
-0.405362
-0.43197
-0.458157
-0.481471
-0.499076
-0.50782
-0.504686
-0.487682
-0.456869
-0.414945
-0.367612
-0.322017
-0.283411
-0.253612
-0.23197
-0.215949
-0.203768
-0.194569
-0.188458
-0.186046
-0.187983
-0.195424
-0.209807
-0.231645
-0.259496
-0.290016
-0.318394
-0.339375
-0.34796
-0.340877
-0.316646
-0.275559
-0.219303
-0.15156
-0.0766963
-0.000255517
0.0717877
0.133995
0.1824
0.214428
0.229418
0.228265
0.213417
0.188603
0.158052
0.125288
0.0928501
0.0622535
0.0348896
0.0124644
-0.00384933
-0.0147792
-0.023125
-0.0314643
-0.0400277
-0.0475316
-0.053281
-0.0575835
-0.0617143
-0.0673639
-0.0756048
-0.0864936
-0.0992486
-0.112756
-0.126011
-0.138188
-0.147964
-0.154121
-0.155436
-0.15118
-0.140956
-0.125688
-0.107265
-0.0874418
-0.0679234
-0.0500046
-0.0344123
-0.0216952
-0.0112406
-0.00304461
0.00323712
0.00796743
0.0114728
0.0140287
0.0158572
0.0171328
0.0179901
0.0185317
0.018836
0.0189624
0.0189564
0.0188525
0.0186769
0.0184497
0.0181858
0.0178965
0.0175901
0.0172728
0.0169489
0.0166216
0.0162931
0.015965
0.0156381
0.0153131
0.0149902
0.0146697
0.0143515
0.0140356
0.0137217
0.0134097
0.0130995
0.0127908
0.0124835
0.0121773
0.0118722
0.0115679
0.0112644
0.0109615
0.0106591
0.0103572
0.0100556
0.00975433
0.00945332
0.00915251
0.00885186
0.00855135
0.00825094
0.00795062
0.00765036
0.00735016
0.00704999
0.00674986
0.00644976
0.00614969
0.00584963
0.00554959
0.00524956
0.00494954
0.00464952
0.00434951
0.00404951
0.00374951
0.00344952
0.00314953
0.00284955
0.00254956
0.00224958
0.0019496
0.00164963
0.00134967
0.00104973
0.0007498
0.000449877
0.000149958
-0.292877
-0.293467
-0.293936
-0.294251
-0.294372
-0.294242
-0.293789
-0.292925
-0.291542
-0.28952
-0.286732
-0.283064
-0.278435
-0.272844
-0.266388
-0.259257
-0.251727
-0.244101
-0.236672
-0.229701
-0.223399
-0.217912
-0.213329
-0.209693
-0.207018
-0.205305
-0.204534
-0.204654
-0.205578
-0.2072
-0.209419
-0.212192
-0.215564
-0.219665
-0.22467
-0.230729
-0.237924
-0.246292
-0.255926
-0.267064
-0.280156
-0.295699
-0.31387
-0.334383
-0.356866
-0.381161
-0.406878
-0.433336
-0.458721
-0.480766
-0.496838
-0.504136
-0.500039
-0.482823
-0.452193
-0.410633
-0.36417
-0.319795
-0.282332
-0.253302
-0.231898
-0.216001
-0.203678
-0.194378
-0.188336
-0.186246
-0.188816
-0.197308
-0.212822
-0.235125
-0.262205
-0.290705
-0.316322
-0.334707
-0.341716
-0.33397
-0.309758
-0.269109
-0.213656
-0.14615
-0.0714279
0.00487678
0.0767844
0.138837
0.187046
0.218919
0.233696
0.232265
0.217155
0.192171
0.161728
0.12929
0.0964874
0.0646291
0.0358507
0.0121217
-0.00535298
-0.0170498
-0.0253918
-0.0329419
-0.0405766
-0.0476393
-0.0532734
-0.0576893
-0.0621387
-0.0680807
-0.076501
-0.0874142
-0.100049
-0.113336
-0.126285
-0.138137
-0.147497
-0.15325
-0.154265
-0.149776
-0.139492
-0.124512
-0.106386
-0.0868907
-0.0676448
-0.0499112
-0.034345
-0.0219431
-0.0114103
-0.00319374
0.00310962
0.00786347
0.0113912
0.0139664
0.0158105
0.0170983
0.0179648
0.0185133
0.0188227
0.0189529
0.0189497
0.0188479
0.0186739
0.0184478
0.0181847
0.0178959
0.0175899
0.0172728
0.0169491
0.0166219
0.0162935
0.0159654
0.0156385
0.0153134
0.0149906
0.01467
0.0143518
0.0140358
0.0137219
0.0134099
0.0130997
0.012791
0.0124836
0.0121774
0.0118723
0.011568
0.0112645
0.0109616
0.0106592
0.0103572
0.0100556
0.00975436
0.00945333
0.00915252
0.00885187
0.00855136
0.00825094
0.00795062
0.00765036
0.00735016
0.00704999
0.00674986
0.00644976
0.00614969
0.00584964
0.0055496
0.00524956
0.00494954
0.00464952
0.00434951
0.00404951
0.00374951
0.00344952
0.00314953
0.00284955
0.00254956
0.00224958
0.0019496
0.00164963
0.00134967
0.00104973
0.0007498
0.000449877
0.000149959
-0.286545
-0.28411
-0.286165
-0.29402
-0.305697
-0.316236
-0.322834
-0.325127
-0.324026
-0.321118
-0.31783
-0.314734
-0.312022
-0.310922
-0.313752
-0.320915
-0.330018
-0.338608
-0.345702
-0.351349
-0.356079
-0.360364
-0.364408
-0.368167
-0.371448
-0.374102
-0.376222
-0.378211
-0.380541
-0.383866
-0.389043
-0.396358
-0.405276
-0.412346
-0.415231
-0.411908
-0.401218
-0.383138
-0.358848
-0.330215
-0.299518
-0.269038
-0.240852
-0.216526
-0.197093
-0.183101
-0.174662
-0.17154
-0.17322
-0.178989
-0.188011
-0.199372
-0.212018
-0.224951
-0.237105
-0.247373
-0.254656
-0.257862
-0.255993
-0.248649
-0.235501
-0.216949
-0.194057
-0.168046
-0.141424
-0.115919
-0.0932475
-0.0745558
-0.0603178
-0.0504731
-0.0437164
-0.039521
-0.0370732
-0.0360963
-0.0366073
-0.0382986
-0.0405039
-0.0423716
-0.0432917
-0.0429168
-0.041454
-0.0394457
-0.0375869
-0.0364857
-0.0365518
-0.0380277
-0.0410864
-0.0458944
-0.0526153
-0.0614354
-0.07261
-0.0863044
-0.102696
-0.121723
-0.142835
-0.165007
-0.186869
-0.206671
-0.222853
-0.234227
-0.240053
-0.240054
-0.234316
-0.223116
-0.206672
-0.185797
-0.160382
-0.131041
-0.0985983
-0.0642903
-0.0297875
0.00294841
0.0318597
0.0553999
0.072663
0.0835245
0.088594
0.0889216
0.085706
0.0800574
0.0730391
0.0653846
0.0577183
0.0504978
0.0440319
0.0384866
0.0339018
0.0302221
0.0273338
0.0250997
0.0233842
0.0220669
0.021049
0.0202522
0.0196171
0.0190989
0.0186647
0.0182901
0.017957
0.0176524
0.0173668
0.0170932
0.0168266
0.0165636
0.0163016
0.016039
0.0157746
0.0155079
0.0152385
0.0149662
0.014691
0.014413
0.0141325
0.0138495
0.0135643
0.0132772
0.0129882
0.0126977
0.0124058
0.0121127
0.0118185
0.0115235
0.0112277
0.0109312
0.0106342
0.0103368
0.0100389
0.00974074
0.00944229
0.00914359
0.00884467
0.00854556
0.00824628
0.00794686
0.00764733
0.0073477
0.00704798
0.00674818
0.00644833
0.00614845
0.00584854
0.00554862
0.00524869
0.00494875
0.00464881
0.00434886
0.00404892
0.00374897
0.00344904
0.00314912
0.00284922
0.00254931
0.0022494
0.00194949
0.00164956
0.00134963
0.00104971
0.000749792
0.000449878
0.00014996
-0.286833
-0.284942
-0.287604
-0.296011
-0.307885
-0.318145
-0.323913
-0.325037
-0.323207
-0.320357
-0.317544
-0.314913
-0.312482
-0.311473
-0.314402
-0.32169
-0.330742
-0.339011
-0.34569
-0.351043
-0.355661
-0.359964
-0.364097
-0.367976
-0.37137
-0.374097
-0.376239
-0.378178
-0.380374
-0.383412
-0.387954
-0.39456
-0.40327
-0.411376
-0.415809
-0.413945
-0.40413
-0.386182
-0.361491
-0.332297
-0.301002
-0.270081
-0.241552
-0.216954
-0.1973
-0.18313
-0.174551
-0.171329
-0.172944
-0.178693
-0.187744
-0.199205
-0.211946
-0.225037
-0.237433
-0.247966
-0.255535
-0.25905
-0.257645
-0.250362
-0.237284
-0.21868
-0.195601
-0.169498
-0.142576
-0.116766
-0.0938005
-0.0748763
-0.0604556
-0.0500924
-0.0432291
-0.0386307
-0.0357632
-0.034643
-0.0354901
-0.0377514
-0.0402957
-0.0423796
-0.0434297
-0.0431445
-0.0416646
-0.0395971
-0.0376611
-0.0364951
-0.0365124
-0.0379422
-0.0409436
-0.0456742
-0.0522965
-0.0610012
-0.0719692
-0.0854434
-0.101603
-0.120466
-0.141601
-0.164053
-0.186298
-0.206653
-0.223385
-0.235201
-0.241322
-0.241473
-0.235778
-0.224649
-0.2085
-0.187426
-0.162053
-0.132751
-0.10028
-0.065851
-0.0311303
0.00196887
0.0312401
0.0551248
0.0726609
0.0837101
0.0888812
0.0892398
0.0860091
0.0803687
0.0732738
0.0655536
0.057823
0.0505441
0.0440328
0.0384584
0.0338598
0.0301777
0.0272941
0.0250677
0.0233603
0.0220501
0.0210377
0.020245
0.0196127
0.0190965
0.0186636
0.0182898
0.0179572
0.017653
0.0173675
0.017094
0.0168274
0.0165644
0.0163023
0.0160397
0.0157753
0.0155085
0.015239
0.0149666
0.0146914
0.0144134
0.0141328
0.0138498
0.0135646
0.0132774
0.0129884
0.0126978
0.0124059
0.0121128
0.0118186
0.0115236
0.0112277
0.0109313
0.0106343
0.0103368
0.0100389
0.00974077
0.00944231
0.0091436
0.00884468
0.00854557
0.00824629
0.00794687
0.00764734
0.0073477
0.00704798
0.00674819
0.00644834
0.00614845
0.00584854
0.00554862
0.00524869
0.00494875
0.00464881
0.00434886
0.00404892
0.00374897
0.00344904
0.00314912
0.00284922
0.00254932
0.00224941
0.00194949
0.00164956
0.00134963
0.00104971
0.000749795
0.00044988
0.000149961
-0.28717
-0.285862
-0.289821
-0.299501
-0.312043
-0.322587
-0.327987
-0.327967
-0.324377
-0.320083
-0.316719
-0.314213
-0.312184
-0.311629
-0.315188
-0.323073
-0.332298
-0.340327
-0.346579
-0.351527
-0.355882
-0.360055
-0.36415
-0.368033
-0.371433
-0.374136
-0.376209
-0.378021
-0.380056
-0.382947
-0.388041
-0.396621
-0.408198
-0.41922
-0.42545
-0.42367
-0.412587
-0.392794
-0.366305
-0.335507
-0.303086
-0.27133
-0.242169
-0.217088
-0.197065
-0.182625
-0.173867
-0.170553
-0.172153
-0.17797
-0.187164
-0.198923
-0.211977
-0.225456
-0.238278
-0.249305
-0.257339
-0.261276
-0.260163
-0.253179
-0.240197
-0.221542
-0.198247
-0.171898
-0.144609
-0.118424
-0.0951352
-0.0759601
-0.061357
-0.0510157
-0.0442122
-0.0397106
-0.0368147
-0.0354457
-0.0357248
-0.037414
-0.0398758
-0.0422238
-0.043535
-0.0433324
-0.0417778
-0.0395691
-0.0374684
-0.0361681
-0.0360894
-0.0374431
-0.0403694
-0.0450228
-0.0515658
-0.0601892
-0.071106
-0.084612
-0.100984
-0.120362
-0.142276
-0.165662
-0.188836
-0.209865
-0.22697
-0.238855
-0.244823
-0.244706
-0.238732
-0.227373
-0.211129
-0.190184
-0.164926
-0.135711
-0.103213
-0.0685949
-0.0335012
0.000250291
0.0301796
0.0546901
0.0726997
0.0840304
0.0893048
0.0896354
0.0862951
0.0804971
0.0732743
0.0654409
0.0576193
0.0502819
0.0437464
0.0381779
0.0336074
0.0299655
0.0271252
0.0249392
0.0232658
0.0219825
0.0209904
0.0202126
0.019591
0.0190824
0.0186547
0.0182845
0.0179545
0.0176519
0.0173676
0.0170948
0.0168287
0.0165659
0.016304
0.0160413
0.0157768
0.01551
0.0152404
0.0149679
0.0146926
0.0144145
0.0141337
0.0138506
0.0135653
0.013278
0.0129889
0.0126983
0.0124063
0.0121131
0.0118189
0.0115238
0.0112279
0.0109314
0.0106344
0.0103369
0.010039
0.00974085
0.00944238
0.00914366
0.00884473
0.00854561
0.00824633
0.0079469
0.00764737
0.00734773
0.007048
0.0067482
0.00644835
0.00614847
0.00584856
0.00554863
0.0052487
0.00494876
0.00464882
0.00434887
0.00404892
0.00374897
0.00344904
0.00314913
0.00284922
0.00254932
0.00224941
0.00194949
0.00164956
0.00134963
0.00104971
0.000749798
0.000449882
0.000149962
-0.287539
-0.287106
-0.292949
-0.304306
-0.317664
-0.328342
-0.333437
-0.332479
-0.326831
-0.319969
-0.314905
-0.312116
-0.310581
-0.311158
-0.316117
-0.325051
-0.334517
-0.34221
-0.347929
-0.352426
-0.356463
-0.360445
-0.364443
-0.368273
-0.371623
-0.374277
-0.376312
-0.378102
-0.380193
-0.383784
-0.391311
-0.404228
-0.420159
-0.433534
-0.439506
-0.435703
-0.422027
-0.399919
-0.371421
-0.339111
-0.305484
-0.272811
-0.242952
-0.217336
-0.196916
-0.1822
-0.173275
-0.169911
-0.171559
-0.177526
-0.186984
-0.199034
-0.212543
-0.226524
-0.239892
-0.251491
-0.260078
-0.264496
-0.26374
-0.257031
-0.244153
-0.225444
-0.201948
-0.175329
-0.147702
-0.121198
-0.0976596
-0.0783358
-0.063698
-0.0534499
-0.0468118
-0.0426642
-0.0400607
-0.0385171
-0.0380425
-0.038742
-0.0403582
-0.0421947
-0.0433829
-0.0432761
-0.0417906
-0.039419
-0.0370816
-0.0355727
-0.0353485
-0.0365929
-0.0394182
-0.0439606
-0.0504115
-0.0589892
-0.0699947
-0.0838246
-0.100845
-0.121355
-0.144588
-0.169293
-0.193519
-0.21517
-0.232473
-0.244223
-0.249849
-0.249319
-0.24299
-0.231477
-0.215183
-0.194403
-0.169391
-0.140397
-0.10796
-0.0731473
-0.0375227
-0.00302481
0.0278463
0.0532425
0.0719593
0.0837424
0.0892125
0.0895508
0.0861289
0.0802381
0.0729265
0.0650178
0.0571467
0.0497948
0.0432797
0.0377598
0.033255
0.0296845
0.0269117
0.0247834
0.0231562
0.0219079
0.0209411
0.0201812
0.019572
0.0190717
0.0186496
0.0182831
0.0179554
0.0176543
0.0173709
0.0170985
0.0168325
0.0165697
0.0163076
0.0160447
0.01578
0.0155128
0.015243
0.0149702
0.0146946
0.0144162
0.0141353
0.0138519
0.0135664
0.0132789
0.0129897
0.012699
0.0124069
0.0121136
0.0118193
0.0115242
0.0112282
0.0109317
0.0106346
0.0103371
0.0100392
0.00974097
0.00944248
0.00914374
0.0088448
0.00854567
0.00824637
0.00794695
0.0076474
0.00734775
0.00704802
0.00674822
0.00644837
0.00614849
0.00584858
0.00554865
0.00524871
0.00494877
0.00464882
0.00434887
0.00404892
0.00374898
0.00344905
0.00314913
0.00284923
0.00254932
0.00224941
0.00194949
0.00164956
0.00134964
0.00104972
0.000749803
0.000449885
0.000149963
-0.287909
-0.288619
-0.296424
-0.309428
-0.323582
-0.334281
-0.338961
-0.337172
-0.329658
-0.319865
-0.312139
-0.308186
-0.307211
-0.309517
-0.316553
-0.326778
-0.336477
-0.343894
-0.349188
-0.35336
-0.357177
-0.361035
-0.364979
-0.368787
-0.372124
-0.374782
-0.376871
-0.378809
-0.381457
-0.387233
-0.399296
-0.417347
-0.43615
-0.449382
-0.453298
-0.446844
-0.430666
-0.406391
-0.376172
-0.342482
-0.307777
-0.274287
-0.243818
-0.217752
-0.197018
-0.18211
-0.173111
-0.169776
-0.171564
-0.177763
-0.187536
-0.199948
-0.213923
-0.228411
-0.2423
-0.254409
-0.263486
-0.268335
-0.267905
-0.261419
-0.248615
-0.229841
-0.206168
-0.179319
-0.151452
-0.124766
-0.10115
-0.081865
-0.0673774
-0.0573909
-0.0510814
-0.047356
-0.0452081
-0.0439267
-0.0431629
-0.0428358
-0.0429075
-0.0432533
-0.0434906
-0.0430205
-0.0414727
-0.0390327
-0.0364688
-0.0347017
-0.0342957
-0.0354092
-0.0381152
-0.0425481
-0.0489309
-0.0575574
-0.0688444
-0.0833074
-0.10139
-0.123376
-0.148213
-0.174362
-0.199668
-0.221932
-0.239396
-0.250945
-0.256144
-0.255113
-0.248412
-0.236648
-0.220351
-0.199824
-0.175204
-0.14659
-0.11434
-0.0793813
-0.0431804
-0.00785585
0.0240925
0.0505526
0.0701616
0.082566
0.0883623
0.0887848
0.085311
0.0793459
0.0720096
0.0641353
0.0563334
0.049071
0.0426586
0.0372486
0.0328533
0.0293835
0.0266964
0.0246364
0.0230604
0.0218487
0.0209073
0.0201642
0.0195658
0.0190724
0.0186544
0.0182902
0.0179636
0.0176629
0.0173793
0.0171065
0.01684
0.0165765
0.0163138
0.0160502
0.0157849
0.0155172
0.0152468
0.0149735
0.0146974
0.0144187
0.0141374
0.0138537
0.0135679
0.0132802
0.0129908
0.0126999
0.0124077
0.0121143
0.0118199
0.0115246
0.0112286
0.010932
0.0106349
0.0103373
0.0100394
0.00974111
0.00944259
0.00914384
0.00884488
0.00854573
0.00824643
0.00794699
0.00764744
0.00734778
0.00704805
0.00674825
0.0064484
0.00614851
0.0058486
0.00554867
0.00524873
0.00494878
0.00464883
0.00434888
0.00404893
0.00374899
0.00344906
0.00314914
0.00284923
0.00254933
0.00224942
0.0019495
0.00164957
0.00134965
0.00104973
0.000749807
0.000449888
0.000149964
-0.288234
-0.290186
-0.299648
-0.314103
-0.328972
-0.339621
-0.343927
-0.341191
-0.332101
-0.319604
-0.308879
-0.303192
-0.302466
-0.30671
-0.315915
-0.327234
-0.337158
-0.344536
-0.349785
-0.353924
-0.357756
-0.36169
-0.365745
-0.369678
-0.373126
-0.375895
-0.378146
-0.380369
-0.384329
-0.393824
-0.41116
-0.432889
-0.452146
-0.463627
-0.46508
-0.456225
-0.437953
-0.411855
-0.380185
-0.345368
-0.309817
-0.275711
-0.244797
-0.218462
-0.197581
-0.182643
-0.173725
-0.170563
-0.17261
-0.17913
-0.189264
-0.202055
-0.216444
-0.231348
-0.24563
-0.25809
-0.267473
-0.272561
-0.272284
-0.265861
-0.253022
-0.234135
-0.21031
-0.183329
-0.155404
-0.128782
-0.105373
-0.0864253
-0.0723739
-0.0628896
-0.0571074
-0.0539093
-0.0522396
-0.0513121
-0.0505632
-0.0496002
-0.0482316
-0.0465804
-0.0448703
-0.0430833
-0.0409513
-0.0383182
-0.0355728
-0.0335633
-0.0329622
-0.033967
-0.0365792
-0.0409363
-0.0473173
-0.0561163
-0.0678816
-0.0832354
-0.102617
-0.126328
-0.152889
-0.180594
-0.20706
-0.229964
-0.247547
-0.25879
-0.263413
-0.261742
-0.254547
-0.242487
-0.226207
-0.206007
-0.181909
-0.153831
-0.121901
-0.086881
-0.0501414
-0.0139627
0.019096
0.0466855
0.0672621
0.0803727
0.0865915
0.0871944
0.0837475
0.0777581
0.0704502
0.0627057
0.0551101
0.0480772
0.0418831
0.0366653
0.0324316
0.0290923
0.026506
0.0245202
0.0229961
0.0218192
0.0208998
0.0201701
0.0195792
0.0190895
0.0186729
0.0183087
0.0179813
0.0176794
0.0173943
0.0171201
0.0168521
0.0165872
0.0163231
0.0160584
0.015792
0.0155233
0.015252
0.014978
0.0147013
0.0144219
0.0141401
0.013856
0.0135699
0.0132819
0.0129922
0.0127011
0.0124087
0.0121151
0.0118205
0.0115252
0.011229
0.0109324
0.0106352
0.0103375
0.0100396
0.00974127
0.00944273
0.00914395
0.00884497
0.00854581
0.00824649
0.00794704
0.00764748
0.00734782
0.00704808
0.00674828
0.00644842
0.00614853
0.00584862
0.00554869
0.00524874
0.00494879
0.00464884
0.00434889
0.00404894
0.00374899
0.00344906
0.00314915
0.00284924
0.00254934
0.00224942
0.0019495
0.00164958
0.00134965
0.00104973
0.000749812
0.00044989
0.000149965
-0.288425
-0.291389
-0.302124
-0.317806
-0.333239
-0.343729
-0.347475
-0.343996
-0.333625
-0.318984
-0.30561
-0.298116
-0.29735
-0.30313
-0.31389
-0.325871
-0.336145
-0.343873
-0.349471
-0.353915
-0.35804
-0.362281
-0.366653
-0.370901
-0.374613
-0.377588
-0.379943
-0.382536
-0.388547
-0.402399
-0.424038
-0.447378
-0.465626
-0.475017
-0.474295
-0.463477
-0.443495
-0.415969
-0.383218
-0.347607
-0.311519
-0.27708
-0.24599
-0.219629
-0.198857
-0.184136
-0.175526
-0.172733
-0.175183
-0.182115
-0.192639
-0.205777
-0.220469
-0.235611
-0.250053
-0.262583
-0.271954
-0.276953
-0.276516
-0.269886
-0.256814
-0.237718
-0.213764
-0.186796
-0.159068
-0.132853
-0.110042
-0.0918306
-0.0785871
-0.0699177
-0.0649004
-0.0623722
-0.0612182
-0.0606012
-0.0598543
-0.0584815
-0.056098
-0.0526496
-0.0485579
-0.0444706
-0.0407728
-0.0374203
-0.0344055
-0.032191
-0.0314329
-0.0323707
-0.0349612
-0.0393181
-0.0457847
-0.0548751
-0.0672673
-0.0836707
-0.104457
-0.130056
-0.158439
-0.187819
-0.215492
-0.238971
-0.256526
-0.267282
-0.271159
-0.268711
-0.260914
-0.248519
-0.232272
-0.212464
-0.188994
-0.161593
-0.130114
-0.0951403
-0.0579937
-0.0209817
0.0131526
0.0418413
0.0633594
0.0771671
0.0838377
0.0846948
0.0813735
0.0754572
0.0682602
0.0607223
0.0534441
0.0467774
0.0409299
0.036002
0.0319927
0.0288184
0.0263486
0.0244417
0.0229688
0.0218232
0.0209218
0.0202011
0.0196139
0.0191245
0.0187064
0.0183397
0.0180095
0.0177045
0.0174166
0.0171396
0.0168691
0.016602
0.0163359
0.0160694
0.0158014
0.0155314
0.0152589
0.0149839
0.0147062
0.0144261
0.0141436
0.013859
0.0135723
0.0132839
0.0129939
0.0127025
0.0124098
0.0121161
0.0118213
0.0115258
0.0112296
0.0109328
0.0106355
0.0103378
0.0100398
0.00974146
0.00944288
0.00914407
0.00884507
0.00854589
0.00824656
0.00794709
0.00764752
0.00734785
0.00704811
0.00674831
0.00644845
0.00614856
0.00584864
0.00554871
0.00524876
0.0049488
0.00464885
0.0043489
0.00404895
0.00374901
0.00344908
0.00314916
0.00284925
0.00254934
0.00224943
0.00194951
0.00164959
0.00134966
0.00104974
0.000749817
0.000449893
0.000149965
-0.288355
-0.291916
-0.303596
-0.320247
-0.336063
-0.34631
-0.349513
-0.345332
-0.33394
-0.317861
-0.302614
-0.293737
-0.292777
-0.299189
-0.31054
-0.322816
-0.333628
-0.342028
-0.348352
-0.353401
-0.358027
-0.362713
-0.367507
-0.372153
-0.376117
-0.379086
-0.381177
-0.384177
-0.39281
-0.410799
-0.435309
-0.45888
-0.47569
-0.48323
-0.480758
-0.468397
-0.447123
-0.418577
-0.385163
-0.349166
-0.3129
-0.278456
-0.247533
-0.221484
-0.201164
-0.186991
-0.178984
-0.176804
-0.179834
-0.187272
-0.198195
-0.211597
-0.226412
-0.241526
-0.255783
-0.267979
-0.276884
-0.281326
-0.280283
-0.273053
-0.259464
-0.240011
-0.215941
-0.189161
-0.161954
-0.136574
-0.114844
-0.0978552
-0.0858639
-0.0783787
-0.074402
-0.0727164
-0.0721399
-0.0718131
-0.070988
-0.0691872
-0.0659865
-0.0611427
-0.0548971
-0.048111
-0.0418879
-0.0368863
-0.0331616
-0.0307088
-0.0298285
-0.0307528
-0.0334132
-0.0378688
-0.0445152
-0.0539884
-0.0670883
-0.0846177
-0.107024
-0.13425
-0.164679
-0.195779
-0.224581
-0.248449
-0.265766
-0.275861
-0.278884
-0.275642
-0.2671
-0.25434
-0.238138
-0.218772
-0.196022
-0.169401
-0.138542
-0.103754
-0.0663162
-0.0285819
0.00651529
0.0361869
0.0585396
0.0729667
0.0800634
0.0812179
0.0781259
0.0724184
0.0654521
0.0582167
0.0513435
0.0451484
0.0397622
0.0352244
0.0315108
0.0285437
0.0262114
0.0243915
0.0229711
0.0218552
0.0209687
0.020254
0.0196673
0.0191755
0.0187535
0.0183823
0.0180473
0.0177378
0.0174457
0.0171649
0.016891
0.0166208
0.0163521
0.0160832
0.0158132
0.0155414
0.0152674
0.014991
0.0147123
0.0144311
0.0141478
0.0138625
0.0135753
0.0132864
0.0129959
0.0127042
0.0124112
0.0121172
0.0118223
0.0115266
0.0112302
0.0109333
0.0106359
0.0103382
0.0100401
0.00974168
0.00944306
0.00914422
0.00884519
0.00854599
0.00824664
0.00794715
0.00764757
0.00734789
0.00704814
0.00674833
0.00644848
0.00614859
0.00584867
0.00554872
0.00524877
0.00494882
0.00464887
0.00434891
0.00404896
0.00374902
0.00344909
0.00314917
0.00284926
0.00254935
0.00224944
0.00194952
0.00164959
0.00134967
0.00104974
0.000749821
0.000449895
0.000149966
-0.287869
-0.291938
-0.304155
-0.321409
-0.337356
-0.347351
-0.350027
-0.34519
-0.332968
-0.316181
-0.299945
-0.290388
-0.289068
-0.295093
-0.306357
-0.318624
-0.33014
-0.339562
-0.346846
-0.35266
-0.357826
-0.362874
-0.367918
-0.372635
-0.376374
-0.378675
-0.380093
-0.3839
-0.395636
-0.417294
-0.443607
-0.466822
-0.48228
-0.488326
-0.484496
-0.47098
-0.44882
-0.419738
-0.386058
-0.350062
-0.314007
-0.279961
-0.24963
-0.224334
-0.204903
-0.191697
-0.184664
-0.183393
-0.187205
-0.195243
-0.206541
-0.22007
-0.234751
-0.249472
-0.263084
-0.274409
-0.28226
-0.285539
-0.283312
-0.274978
-0.260496
-0.240487
-0.216303
-0.189913
-0.163602
-0.139554
-0.119459
-0.104244
-0.0940002
-0.088106
-0.0854704
-0.0848193
-0.0849569
-0.0848711
-0.0839041
-0.0815814
-0.0775456
-0.0715265
-0.0635555
-0.0543013
-0.0451435
-0.0375711
-0.0323325
-0.0293365
-0.0283276
-0.0292701
-0.0320704
-0.0367223
-0.0436334
-0.053545
-0.067375
-0.0860261
-0.110012
-0.139037
-0.171364
-0.204088
-0.233826
-0.257842
-0.274743
-0.284075
-0.286192
-0.282063
-0.272813
-0.259679
-0.243538
-0.224652
-0.202685
-0.176936
-0.146796
-0.112342
-0.0747748
-0.0365063
-0.000655438
0.0297875
0.0527918
0.0677125
0.0751874
0.0766762
0.073927
0.0685877
0.0620151
0.0552166
0.0488396
0.0431949
0.0383556
0.034293
0.030945
0.0282331
0.0260661
0.0243475
0.0229858
0.0219016
0.0210302
0.0203206
0.0197334
0.0192379
0.0188107
0.0184336
0.0180929
0.0177778
0.0174806
0.0171952
0.0169171
0.0166433
0.0163713
0.0160996
0.0158272
0.0155533
0.0152775
0.0149995
0.0147194
0.0144371
0.0141528
0.0138667
0.0135787
0.0132892
0.0129983
0.0127062
0.0124128
0.0121185
0.0118234
0.0115275
0.0112309
0.0109339
0.0106364
0.0103385
0.0100404
0.00974194
0.00944327
0.00914439
0.00884533
0.0085461
0.00824673
0.00794722
0.00764762
0.00734793
0.00704818
0.00674837
0.00644851
0.00614861
0.00584869
0.00554874
0.00524879
0.00494884
0.00464888
0.00434893
0.00404898
0.00374904
0.0034491
0.00314918
0.00284927
0.00254936
0.00224944
0.00194952
0.0016496
0.00134967
0.00104975
0.000749824
0.000449896
0.000149966
-0.287163
-0.29165
-0.304029
-0.32149
-0.337412
-0.347102
-0.349197
-0.343597
-0.330869
-0.314068
-0.297493
-0.288011
-0.286033
-0.290975
-0.301055
-0.314083
-0.326587
-0.337212
-0.345575
-0.352115
-0.357577
-0.362529
-0.367145
-0.37108
-0.373663
-0.374645
-0.37554
-0.381001
-0.396282
-0.42114
-0.448611
-0.471333
-0.485692
-0.490585
-0.485721
-0.471392
-0.448734
-0.419514
-0.385969
-0.350371
-0.314954
-0.28178
-0.252559
-0.228566
-0.210569
-0.198839
-0.193217
-0.193196
-0.19801
-0.206734
-0.218354
-0.231812
-0.246025
-0.259886
-0.272275
-0.282053
-0.288138
-0.289512
-0.285398
-0.275349
-0.259523
-0.238712
-0.214401
-0.18862
-0.163615
-0.14144
-0.12358
-0.110726
-0.102753
-0.0988719
-0.0978857
-0.0984579
-0.0993492
-0.0995701
-0.0984313
-0.0955088
-0.090551
-0.0833875
-0.0739819
-0.062729
-0.0508371
-0.0402334
-0.0326184
-0.0284548
-0.0271451
-0.0280943
-0.031056
-0.0359684
-0.043205
-0.0535778
-0.0681188
-0.08784
-0.113329
-0.144154
-0.178254
-0.212285
-0.242734
-0.266682
-0.283065
-0.29163
-0.292855
-0.287865
-0.277932
-0.264434
-0.248348
-0.229952
-0.208791
-0.183957
-0.15461
-0.120624
-0.0831233
-0.0445866
-0.00829737
0.0225964
0.0459845
0.0612317
0.0690376
0.0709247
0.0686668
0.0638926
0.0579179
0.051724
0.0459597
0.0409405
0.0367097
0.0331841
0.0302596
0.027849
0.0258792
0.0242818
0.0229905
0.0219448
0.0210925
0.0203904
0.0198038
0.0193053
0.018873
0.0184901
0.0181432
0.0178223
0.0175196
0.0172291
0.0169465
0.0166686
0.0163931
0.0161183
0.0158431
0.0155668
0.0152889
0.0150092
0.0147276
0.014444
0.0141586
0.0138714
0.0135827
0.0132926
0.0130011
0.0127084
0.0124147
0.0121201
0.0118246
0.0115285
0.0112318
0.0109346
0.0106369
0.010339
0.0100407
0.00974224
0.00944351
0.00914459
0.00884549
0.00854623
0.00824683
0.0079473
0.00764768
0.00734798
0.00704822
0.0067484
0.00644854
0.00614864
0.00584871
0.00554876
0.00524881
0.00494886
0.00464891
0.00434896
0.004049
0.00374906
0.00344912
0.00314919
0.00284928
0.00254936
0.00224945
0.00194953
0.00164961
0.00134968
0.00104975
0.000749825
0.000449897
0.000149966
-0.286737
-0.291535
-0.303712
-0.320935
-0.336651
-0.346002
-0.347445
-0.340991
-0.327853
-0.311127
-0.295591
-0.286101
-0.283113
-0.286895
-0.296733
-0.310136
-0.323822
-0.335797
-0.345232
-0.352259
-0.35749
-0.361544
-0.364691
-0.366722
-0.367254
-0.366733
-0.367871
-0.375939
-0.394919
-0.422408
-0.450592
-0.472857
-0.486353
-0.490331
-0.484713
-0.469858
-0.447048
-0.418045
-0.385001
-0.350202
-0.3159
-0.284162
-0.256674
-0.234634
-0.218702
-0.209017
-0.205285
-0.206875
-0.212915
-0.222402
-0.234266
-0.247419
-0.260769
-0.273229
-0.283716
-0.29119
-0.294654
-0.293258
-0.286448
-0.273971
-0.256286
-0.234387
-0.209921
-0.184966
-0.161691
-0.141948
-0.126936
-0.117037
-0.111854
-0.110401
-0.111361
-0.113339
-0.115071
-0.115618
-0.114298
-0.110736
-0.104784
-0.0964228
-0.0856916
-0.072828
-0.0587025
-0.0451798
-0.0346466
-0.0285534
-0.0265287
-0.0273916
-0.0304823
-0.0356628
-0.0432487
-0.054076
-0.0692767
-0.0899774
-0.116834
-0.149299
-0.184968
-0.22005
-0.250823
-0.274625
-0.290488
-0.29835
-0.298821
-0.293024
-0.282425
-0.268569
-0.25254
-0.234621
-0.214249
-0.19033
-0.161815
-0.128416
-0.0912112
-0.0527514
-0.0164519
0.0144552
0.0378706
0.053238
0.0613422
0.0637435
0.0621892
0.0582338
0.0531054
0.0477226
0.0427163
0.0384092
0.0348404
0.0318951
0.0294356
0.0273642
0.0256224
0.0241687
0.0229637
0.0219674
0.0211416
0.0204522
0.01987
0.0193708
0.0189352
0.0185475
0.0181953
0.0178688
0.0175607
0.0172652
0.016978
0.016696
0.0164167
0.0161386
0.0158606
0.0155817
0.0153016
0.0150199
0.0147366
0.0144516
0.014165
0.0138768
0.0135872
0.0132963
0.0130042
0.012711
0.0124169
0.0121218
0.0118261
0.0115297
0.0112327
0.0109353
0.0106376
0.0103395
0.0100412
0.00974259
0.0094438
0.00914482
0.00884567
0.00854638
0.00824695
0.0079474
0.00764776
0.00734804
0.00704826
0.00674844
0.00644857
0.00614866
0.00584873
0.00554879
0.00524883
0.00494888
0.00464893
0.00434898
0.00404903
0.00374908
0.00344913
0.00314921
0.00284929
0.00254937
0.00224946
0.00194954
0.00164961
0.00134968
0.00104975
0.000749826
0.000449897
0.000149966
-0.287249
-0.292257
-0.303886
-0.320377
-0.335648
-0.344627
-0.345404
-0.33811
-0.324527
-0.308106
-0.293323
-0.283597
-0.279583
-0.282772
-0.292852
-0.307202
-0.32237
-0.335803
-0.346218
-0.353428
-0.357891
-0.360229
-0.360925
-0.360178
-0.358269
-0.356638
-0.358901
-0.370035
-0.39228
-0.421605
-0.450146
-0.471896
-0.484658
-0.487916
-0.481726
-0.466642
-0.443964
-0.41545
-0.383244
-0.34968
-0.317048
-0.287398
-0.262344
-0.24296
-0.229748
-0.222684
-0.221315
-0.224865
-0.232349
-0.242671
-0.254701
-0.267311
-0.2794
-0.289898
-0.297789
-0.302119
-0.302035
-0.29692
-0.286541
-0.270835
-0.250715
-0.227403
-0.202721
-0.178789
-0.157649
-0.140878
-0.129307
-0.122933
-0.121029
-0.122383
-0.125555
-0.129103
-0.131772
-0.132656
-0.131161
-0.126955
-0.119981
-0.110366
-0.098307
-0.0840463
-0.0681761
-0.0522087
-0.0387078
-0.0300778
-0.0267476
-0.0272964
-0.0304395
-0.0358367
-0.0437482
-0.0549926
-0.0707723
-0.0923187
-0.120339
-0.154164
-0.191078
-0.226912
-0.257848
-0.281452
-0.296879
-0.304176
-0.303995
-0.297492
-0.286288
-0.272104
-0.25614
-0.238678
-0.219052
-0.196006
-0.168328
-0.135625
-0.0989804
-0.0610292
-0.0252658
0.00509954
0.0281006
0.043351
0.0517466
0.0548464
0.0542925
0.0514857
0.0475083
0.0431836
0.0391087
0.035618
0.0327679
0.0304375
0.0284717
0.0267671
0.0252789
0.0239907
0.0228892
0.0219555
0.0211661
0.0204967
0.0199243
0.0194286
0.0189926
0.0186021
0.018246
0.017915
0.0176022
0.0173021
0.0170106
0.0167244
0.0164415
0.0161601
0.0158791
0.0155976
0.0153152
0.0150315
0.0147464
0.0144599
0.014172
0.0138827
0.0135921
0.0133004
0.0130076
0.0127139
0.0124192
0.0121238
0.0118277
0.011531
0.0112338
0.0109362
0.0106383
0.0103401
0.0100416
0.00974298
0.00944412
0.00914508
0.00884588
0.00854655
0.00824708
0.00794751
0.00764784
0.00734811
0.00704831
0.00674848
0.0064486
0.00614869
0.00584876
0.00554881
0.00524886
0.00494891
0.00464896
0.00434901
0.00404905
0.0037491
0.00344915
0.00314922
0.0028493
0.00254938
0.00224946
0.00194954
0.00164961
0.00134968
0.00104976
0.000749826
0.000449897
0.000149966
-0.289212
-0.294412
-0.305293
-0.320565
-0.335046
-0.343574
-0.34373
-0.335629
-0.321434
-0.304925
-0.290146
-0.279612
-0.274934
-0.278238
-0.289306
-0.305239
-0.322197
-0.337138
-0.348415
-0.355588
-0.358982
-0.359263
-0.357125
-0.3534
-0.349227
-0.347029
-0.350856
-0.364729
-0.389236
-0.419502
-0.447803
-0.468926
-0.480974
-0.483638
-0.477066
-0.461957
-0.439592
-0.411791
-0.380777
-0.34895
-0.318612
-0.291747
-0.269837
-0.253783
-0.243899
-0.239976
-0.241389
-0.247213
-0.256339
-0.267575
-0.279721
-0.2916
-0.302088
-0.310129
-0.314766
-0.315134
-0.31059
-0.300794
-0.285734
-0.266169
-0.242984
-0.217882
-0.192875
-0.170106
-0.15145
-0.138138
-0.130546
-0.128206
-0.130011
-0.134496
-0.140093
-0.145338
-0.149034
-0.150293
-0.14865
-0.143829
-0.13585
-0.12496
-0.11153
-0.0959368
-0.0786527
-0.0607918
-0.0446738
-0.0332578
-0.0280368
-0.0279022
-0.0309735
-0.0364975
-0.044662
-0.056251
-0.072498
-0.0947112
-0.123628
-0.15846
-0.196227
-0.232548
-0.263548
-0.286981
-0.302105
-0.308995
-0.308302
-0.301208
-0.289491
-0.275044
-0.259175
-0.242156
-0.223218
-0.200975
-0.174114
-0.142224
-0.106455
-0.0695423
-0.0349821
-0.00582287
0.0162532
0.031134
0.0398523
0.0439125
0.0447494
0.0435074
0.0410509
0.0380734
0.0351296
0.0325772
0.030511
0.0288287
0.0273776
0.026059
0.0248438
0.0237396
0.0227579
0.0219004
0.0211584
0.0205176
0.0199615
0.0194742
0.0190414
0.0186511
0.018293
0.017959
0.0176425
0.0173385
0.0170431
0.0167533
0.0164668
0.0161822
0.0158982
0.0156141
0.0153294
0.0150437
0.0147568
0.0144687
0.0141794
0.0138889
0.0135974
0.0133048
0.0130113
0.0127169
0.0124218
0.0121259
0.0118294
0.0115324
0.011235
0.0109372
0.0106391
0.0103408
0.0100422
0.00974342
0.00944447
0.00914537
0.00884612
0.00854674
0.00824723
0.00794763
0.00764794
0.00734818
0.00704837
0.00674852
0.00644864
0.00614872
0.00584879
0.00554884
0.00524889
0.00494894
0.00464899
0.00434903
0.00404907
0.00374912
0.00344917
0.00314924
0.00284931
0.00254939
0.00224947
0.00194955
0.00164962
0.00134969
0.00104976
0.000749826
0.000449896
0.000149966
-0.292693
-0.298206
-0.308434
-0.32226
-0.335574
-0.343437
-0.342926
-0.333898
-0.318673
-0.301249
-0.285377
-0.273639
-0.268651
-0.272743
-0.285541
-0.303594
-0.322561
-0.339001
-0.35107
-0.358216
-0.360674
-0.359104
-0.354486
-0.348265
-0.342406
-0.340092
-0.345351
-0.361073
-0.386584
-0.416646
-0.444174
-0.46446
-0.475803
-0.477884
-0.470996
-0.455896
-0.433941
-0.407091
-0.377681
-0.348148
-0.320748
-0.297331
-0.279199
-0.26705
-0.260994
-0.260634
-0.265171
-0.273531
-0.28448
-0.296725
-0.308988
-0.320035
-0.3287
-0.333915
-0.334774
-0.330502
-0.320687
-0.305324
-0.284879
-0.260454
-0.233537
-0.206183
-0.18066
-0.159112
-0.143201
-0.133745
-0.130583
-0.132704
-0.138562
-0.146418
-0.154593
-0.16163
-0.166409
-0.168156
-0.166445
-0.161078
-0.152147
-0.139991
-0.12514
-0.108174
-0.0896197
-0.0703021
-0.0520939
-0.0380214
-0.0305138
-0.0292542
-0.0320702
-0.0376181
-0.0459269
-0.0577502
-0.0743196
-0.096979
-0.126471
-0.161911
-0.200148
-0.236698
-0.267705
-0.29104
-0.305996
-0.312628
-0.311566
-0.304025
-0.291931
-0.277338
-0.261637
-0.245066
-0.226756
-0.205232
-0.179165
-0.148229
-0.113728
-0.07849
-0.0459126
-0.0187103
0.00188783
0.016153
0.0252746
0.0306364
0.033344
0.0341663
0.0336662
0.0323623
0.0307716
0.0292951
0.0280865
0.0270873
0.026169
0.0252498
0.0243214
0.0234156
0.0225678
0.0217989
0.0211149
0.0205113
0.0199784
0.0195049
0.0190796
0.0186924
0.0183348
0.0179994
0.0176806
0.0173736
0.0170749
0.0167818
0.0164922
0.0162045
0.0159178
0.0156311
0.0153441
0.0150563
0.0147676
0.0144779
0.0141872
0.0138956
0.013603
0.0133095
0.0130152
0.0127202
0.0124245
0.0121282
0.0118313
0.011534
0.0112363
0.0109383
0.01064
0.0103415
0.0100428
0.0097439
0.00944487
0.00914569
0.00884638
0.00854694
0.0082474
0.00794776
0.00764804
0.00734826
0.00704844
0.00674857
0.00644868
0.00614876
0.00584882
0.00554887
0.00524892
0.00494897
0.00464902
0.00434906
0.0040491
0.00374914
0.00344919
0.00314926
0.00284933
0.00254941
0.00224948
0.00194955
0.00164962
0.00134969
0.00104976
0.000749825
0.000449895
0.000149965
-0.297182
-0.303329
-0.313248
-0.325875
-0.337968
-0.344926
-0.343525
-0.333222
-0.316253
-0.296748
-0.278834
-0.265594
-0.260511
-0.26582
-0.28083
-0.301277
-0.3223
-0.340176
-0.353039
-0.360359
-0.362357
-0.35968
-0.353445
-0.345714
-0.338944
-0.336836
-0.343037
-0.359519
-0.384813
-0.413755
-0.439917
-0.459087
-0.469527
-0.470888
-0.463539
-0.448381
-0.426952
-0.401367
-0.374034
-0.347359
-0.323479
-0.304063
-0.290202
-0.282381
-0.280515
-0.284024
-0.291943
-0.303051
-0.315988
-0.329363
-0.341814
-0.352038
-0.35881
-0.361022
-0.357762
-0.348384
-0.33267
-0.310986
-0.284316
-0.254286
-0.222991
-0.192868
-0.166534
-0.146156
-0.133136
-0.127818
-0.12943
-0.136331
-0.146479
-0.157856
-0.168708
-0.177638
-0.183639
-0.186021
-0.184389
-0.178589
-0.168772
-0.155358
-0.13902
-0.120566
-0.100712
-0.080174
-0.0603707
-0.0440239
-0.0341149
-0.031331
-0.0336518
-0.0391228
-0.047456
-0.0593717
-0.0760855
-0.0989373
-0.128652
-0.164281
-0.202614
-0.239162
-0.270131
-0.293433
-0.308332
-0.314836
-0.313544
-0.305728
-0.293448
-0.278886
-0.26347
-0.247375
-0.229636
-0.208747
-0.18347
-0.153688
-0.120937
-0.0881163
-0.0583862
-0.0339372
-0.015374
-0.00194072
0.00771927
0.0147935
0.0199211
0.0233733
0.0253115
0.0260342
0.0260365
0.0257835
0.0255123
0.0252333
0.0248639
0.0243536
0.0237212
0.0230245
0.0223216
0.0216522
0.0210357
0.0204774
0.0199744
0.0195199
0.0191061
0.0187253
0.0183705
0.0180356
0.0177157
0.0174068
0.0171056
0.0168098
0.0165173
0.0162269
0.0159375
0.0156484
0.0153591
0.0150693
0.0147788
0.0144875
0.0141954
0.0139025
0.0136088
0.0133144
0.0130194
0.0127237
0.0124274
0.0121306
0.0118333
0.0115356
0.0112376
0.0109394
0.0106409
0.0103422
0.0100434
0.00974441
0.00944529
0.00914603
0.00884666
0.00854717
0.00824758
0.0079479
0.00764816
0.00734835
0.00704851
0.00674863
0.00644872
0.0061488
0.00584886
0.00554891
0.00524896
0.00494901
0.00464905
0.00434909
0.00404912
0.00374916
0.00344921
0.00314928
0.00284935
0.00254942
0.00224949
0.00194956
0.00164962
0.00134969
0.00104976
0.000749825
0.000449894
0.000149965
-0.301615
-0.308609
-0.319011
-0.331044
-0.342441
-0.348646
-0.34625
-0.334249
-0.314676
-0.291947
-0.270844
-0.255973
-0.250794
-0.257373
-0.274701
-0.29748
-0.320453
-0.339678
-0.353394
-0.361201
-0.363378
-0.360551
-0.353691
-0.345593
-0.338743
-0.337107
-0.343823
-0.360124
-0.384304
-0.411347
-0.435644
-0.453165
-0.462213
-0.462487
-0.454476
-0.439275
-0.418601
-0.394668
-0.369886
-0.346563
-0.326659
-0.311631
-0.302358
-0.299123
-0.30166
-0.309222
-0.320691
-0.334703
-0.349778
-0.364428
-0.37721
-0.386745
-0.391722
-0.390956
-0.383505
-0.368783
-0.346776
-0.318225
-0.28466
-0.248338
-0.211985
-0.178609
-0.151083
-0.131703
-0.121591
-0.12057
-0.127176
-0.139052
-0.15361
-0.16858
-0.182201
-0.193195
-0.200664
-0.20395
-0.202623
-0.196535
-0.185878
-0.171163
-0.153214
-0.133074
-0.111736
-0.0899889
-0.0689182
-0.0507536
-0.0385863
-0.0340193
-0.0355825
-0.0408779
-0.0491331
-0.0609853
-0.07764
-0.100409
-0.12998
-0.165384
-0.203448
-0.239779
-0.270646
-0.293942
-0.308857
-0.315349
-0.313974
-0.306087
-0.293863
-0.27956
-0.264584
-0.249004
-0.231781
-0.211455
-0.187006
-0.158658
-0.128239
-0.0986568
-0.0726704
-0.051756
-0.0357419
-0.0233069
-0.0129267
-0.00368593
0.00444283
0.0111206
0.01599
0.0191029
0.0209436
0.0220634
0.0228098
0.023288
0.023482
0.0233869
0.023056
0.0225754
0.0220258
0.0214643
0.0209233
0.0204173
0.01995
0.0195194
0.0191211
0.0187496
0.0184
0.0180674
0.0177478
0.0174379
0.017135
0.0168369
0.0165419
0.016249
0.0159571
0.0156657
0.0153742
0.0150824
0.0147901
0.0144973
0.0142037
0.0139096
0.0136149
0.0133195
0.0130237
0.0127273
0.0124304
0.0121331
0.0118354
0.0115374
0.0112391
0.0109406
0.0106419
0.0103431
0.0100441
0.00974496
0.00944574
0.0091464
0.00884696
0.00854741
0.00824777
0.00794806
0.00764828
0.00734845
0.00704858
0.00674869
0.00644877
0.00614884
0.0058489
0.00554895
0.00524899
0.00494904
0.00464907
0.00434911
0.00404914
0.00374918
0.00344923
0.0031493
0.00284936
0.00254943
0.0022495
0.00194957
0.00164963
0.00134969
0.00104976
0.000749825
0.000449893
0.000149964
-0.3048
-0.312677
-0.323985
-0.33695
-0.348129
-0.354265
-0.351266
-0.337576
-0.314875
-0.288128
-0.26319
-0.246015
-0.24037
-0.247818
-0.267231
-0.291972
-0.316711
-0.337264
-0.351957
-0.360531
-0.363375
-0.361179
-0.355344
-0.34736
-0.340901
-0.339954
-0.346809
-0.362381
-0.38477
-0.40933
-0.43095
-0.446195
-0.4534
-0.452341
-0.443635
-0.428548
-0.408935
-0.387048
-0.365227
-0.34562
-0.329978
-0.319539
-0.314981
-0.316414
-0.323414
-0.335088
-0.350176
-0.36718
-0.384511
-0.400596
-0.413921
-0.423022
-0.426483
-0.423005
-0.411551
-0.391526
-0.363096
-0.327375
-0.286456
-0.243278
-0.201296
-0.164118
-0.134976
-0.11629
-0.108974
-0.112284
-0.12398
-0.140893
-0.159876
-0.178487
-0.195055
-0.208434
-0.21778
-0.222381
-0.221658
-0.21543
-0.203924
-0.187761
-0.167961
-0.145826
-0.12267
-0.0995073
-0.0772642
-0.0576571
-0.0435283
-0.0371007
-0.0376744
-0.0426936
-0.0508055
-0.0624525
-0.0788358
-0.101239
-0.13031
-0.165093
-0.202541
-0.238427
-0.269091
-0.292365
-0.307339
-0.313907
-0.31262
-0.3049
-0.293016
-0.279234
-0.264861
-0.249833
-0.233065
-0.213251
-0.189733
-0.163193
-0.135768
-0.110265
-0.0888706
-0.0721806
-0.0591386
-0.0478078
-0.0365028
-0.0246404
-0.0129614
-0.00248862
0.00577772
0.0116262
0.015537
0.018169
0.0200073
0.0212758
0.0220443
0.0223673
0.0223402
0.0220794
0.0216885
0.0212412
0.020782
0.020334
0.0199075
0.0195049
0.0191252
0.0187659
0.0184235
0.0180948
0.0177768
0.0174669
0.0171629
0.0168631
0.016566
0.0162708
0.0159767
0.015683
0.0153895
0.0150957
0.0148017
0.0145072
0.0142123
0.0139169
0.0136211
0.0133248
0.0130281
0.012731
0.0124335
0.0121357
0.0118376
0.0115392
0.0112406
0.0109418
0.0106429
0.0103439
0.0100448
0.00974554
0.00944621
0.00914678
0.00884727
0.00854766
0.00824798
0.00794822
0.00764841
0.00734856
0.00704867
0.00674876
0.00644883
0.00614889
0.00584894
0.00554899
0.00524903
0.00494907
0.0046491
0.00434913
0.00404916
0.0037492
0.00344925
0.00314932
0.00284938
0.00254945
0.00224951
0.00194958
0.00164964
0.0013497
0.00104976
0.000749824
0.000449892
0.000149963
-0.306434
-0.314265
-0.326847
-0.340696
-0.353234
-0.359991
-0.357205
-0.342615
-0.317102
-0.286302
-0.257407
-0.23716
-0.230589
-0.23845
-0.258703
-0.284998
-0.311222
-0.333088
-0.348892
-0.358481
-0.36234
-0.361219
-0.356425
-0.349816
-0.344837
-0.344146
-0.350809
-0.365091
-0.384943
-0.40643
-0.425033
-0.437644
-0.442786
-0.440322
-0.431004
-0.416259
-0.398029
-0.378532
-0.359972
-0.344288
-0.333007
-0.327163
-0.32726
-0.333266
-0.344631
-0.360338
-0.378997
-0.398995
-0.41865
-0.436324
-0.45045
-0.459486
-0.461887
-0.456185
-0.441185
-0.416205
-0.381524
-0.338604
-0.290108
-0.239687
-0.191576
-0.15008
-0.118884
-0.100497
-0.0957389
-0.103296
-0.120049
-0.141937
-0.165305
-0.187682
-0.207557
-0.223855
-0.235646
-0.242057
-0.242263
-0.236015
-0.223574
-0.205705
-0.183675
-0.159097
-0.133644
-0.108662
-0.0850961
-0.0642385
-0.0484698
-0.0402619
-0.0396904
-0.0443358
-0.0522813
-0.0636254
-0.0795424
-0.101309
-0.129547
-0.163349
-0.19985
-0.235049
-0.265369
-0.288566
-0.303614
-0.310349
-0.309326
-0.302039
-0.2908
-0.277803
-0.264179
-0.249705
-0.23332
-0.214001
-0.191592
-0.167316
-0.143572
-0.122926
-0.106823
-0.0948748
-0.0850925
-0.0749138
-0.0625015
-0.047609
-0.0319545
-0.0172137
-0.00515927
0.00371694
0.00989153
0.0141511
0.0171412
0.0192245
0.0205731
0.0213131
0.0215882
0.021548
0.0213187
0.0209896
0.0206167
0.0202312
0.0198493
0.0194781
0.01912
0.018775
0.0184418
0.0181184
0.0178031
0.0174939
0.0171895
0.0168884
0.0165896
0.0162924
0.0159961
0.0157003
0.0154047
0.0151091
0.0148133
0.0145173
0.014221
0.0139243
0.0136274
0.0133301
0.0130326
0.0127348
0.0124367
0.0121383
0.0118398
0.011541
0.0112421
0.0109431
0.010644
0.0103448
0.0100455
0.00974614
0.0094467
0.00914718
0.00884759
0.00854792
0.00824819
0.00794839
0.00764855
0.00734867
0.00704876
0.00674883
0.00644889
0.00614894
0.00584899
0.00554903
0.00524906
0.0049491
0.00464912
0.00434915
0.00404918
0.00374922
0.00344927
0.00314933
0.0028494
0.00254946
0.00224952
0.00194959
0.00164965
0.0013497
0.00104976
0.000749824
0.000449891
0.000149963
-0.30677
-0.313279
-0.327234
-0.34225
-0.355633
-0.363588
-0.361612
-0.347189
-0.32011
-0.286479
-0.254312
-0.231357
-0.223041
-0.230211
-0.250399
-0.277348
-0.304527
-0.327506
-0.344456
-0.355202
-0.360269
-0.360474
-0.357044
-0.351944
-0.348091
-0.348137
-0.35438
-0.366975
-0.384056
-0.402201
-0.417526
-0.4273
-0.430258
-0.426398
-0.416631
-0.402502
-0.385965
-0.369126
-0.353988
-0.342262
-0.335257
-0.333824
-0.338332
-0.348642
-0.364111
-0.383623
-0.405682
-0.428578
-0.450559
-0.469952
-0.485161
-0.494579
-0.496517
-0.489284
-0.471449
-0.442154
-0.401706
-0.351862
-0.295835
-0.238008
-0.183426
-0.137143
-0.103399
-0.0849109
-0.0823751
-0.0939749
-0.115628
-0.142344
-0.170103
-0.196531
-0.220253
-0.240116
-0.254923
-0.263554
-0.264978
-0.258813
-0.24534
-0.225485
-0.200793
-0.173228
-0.144879
-0.117511
-0.0922544
-0.0701159
-0.0529432
-0.0431255
-0.0413495
-0.0455417
-0.0533345
-0.0643444
-0.0796498
-0.100544
-0.127657
-0.160162
-0.195416
-0.229676
-0.259477
-0.282509
-0.29763
-0.304619
-0.304048
-0.297471
-0.287177
-0.275194
-0.262403
-0.248434
-0.232348
-0.213549
-0.192503
-0.170989
-0.151561
-0.136371
-0.126009
-0.119071
-0.11267
-0.103652
-0.090038
-0.0718056
-0.0519524
-0.0326532
-0.0165559
-0.00445469
0.00411452
0.0100776
0.0142564
0.0171655
0.0190919
0.0202425
0.0208148
0.020993
0.0209256
0.0207168
0.0204329
0.0201129
0.0197786
0.0194414
0.0191071
0.0187783
0.0184556
0.0181387
0.0178269
0.0175193
0.0172149
0.0169129
0.0166126
0.0163135
0.0160153
0.0157175
0.01542
0.0151226
0.0148251
0.0145275
0.0142297
0.0139318
0.0136338
0.0133356
0.0130372
0.0127386
0.0124399
0.0121411
0.0118421
0.0115429
0.0112437
0.0109444
0.0106451
0.0103457
0.0100462
0.00974675
0.0094472
0.00914759
0.00884792
0.00854819
0.0082484
0.00794857
0.0076487
0.00734879
0.00704885
0.0067489
0.00644895
0.00614899
0.00584903
0.00554907
0.0052491
0.00494912
0.00464914
0.00434917
0.0040492
0.00374924
0.00344929
0.00314935
0.00284941
0.00254948
0.00224954
0.0019496
0.00164966
0.00134971
0.00104977
0.000749825
0.00044989
0.000149963
-0.307147
-0.311216
-0.325788
-0.341729
-0.355675
-0.364289
-0.363356
-0.349372
-0.322285
-0.287661
-0.253711
-0.228766
-0.218793
-0.224803
-0.243791
-0.270115
-0.297332
-0.320955
-0.338896
-0.350795
-0.357114
-0.358676
-0.35673
-0.353148
-0.350464
-0.351059
-0.356679
-0.367392
-0.381534
-0.396178
-0.408096
-0.414943
-0.415713
-0.410595
-0.400637
-0.387431
-0.372853
-0.35883
-0.347132
-0.339234
-0.336243
-0.338864
-0.347364
-0.361542
-0.3807
-0.40366
-0.428847
-0.454472
-0.478735
-0.499948
-0.516516
-0.526785
-0.528922
-0.520975
-0.501205
-0.468479
-0.423034
-0.366847
-0.303635
-0.238493
-0.177286
-0.125856
-0.0891068
-0.0700866
-0.0693667
-0.0846954
-0.110991
-0.142405
-0.174694
-0.205575
-0.233645
-0.25752
-0.275653
-0.286651
-0.289454
-0.283512
-0.269051
-0.247117
-0.219477
-0.188444
-0.156577
-0.126166
-0.0986866
-0.0750288
-0.0565382
-0.0452917
-0.0423378
-0.0460326
-0.0537158
-0.0644368
-0.0790642
-0.0989113
-0.124664
-0.155613
-0.189359
-0.222439
-0.251529
-0.274285
-0.28947
-0.296801
-0.296868
-0.291264
-0.282176
-0.271358
-0.259388
-0.245806
-0.229929
-0.211725
-0.192354
-0.174083
-0.159451
-0.150037
-0.145526
-0.143568
-0.140491
-0.132625
-0.117891
-0.0970508
-0.072225
-0.0482685
-0.0280553
-0.0126643
-0.00165744
0.00603217
0.0114052
0.0151331
0.0176246
0.0191735
0.0200341
0.0204257
0.0205182
0.0204299
0.0202364
0.0199836
0.0196986
0.0193972
0.0190883
0.018777
0.018466
0.0181564
0.0178489
0.0175433
0.0172393
0.0169367
0.0166352
0.0163345
0.0160344
0.0157347
0.0154352
0.015136
0.0148368
0.0145377
0.0142385
0.0139394
0.0136402
0.013341
0.0130418
0.0127425
0.0124432
0.0121438
0.0118444
0.0115449
0.0112453
0.0109458
0.0106462
0.0103466
0.010047
0.00974737
0.00944771
0.00914801
0.00884825
0.00854846
0.00824862
0.00794875
0.00764884
0.0073489
0.00704894
0.00674898
0.00644902
0.00614905
0.00584908
0.00554911
0.00524913
0.00494915
0.00464917
0.00434919
0.00404922
0.00374926
0.00344931
0.00314937
0.00284943
0.00254949
0.00224955
0.00194961
0.00164967
0.00134972
0.00104977
0.000749826
0.000449891
0.000149964
)
;

boundaryField
{
    inlet
    {
        type            zeroGradient;
    }
    outlet
    {
        type            fixedValue;
        value           uniform 0;
    }
    walls
    {
        type            zeroGradient;
    }
    frontAndBack
    {
        type            empty;
    }
}


// ************************************************************************* //
