/*--------------------------------*- C++ -*----------------------------------*\
  =========                 |
  \\      /  F ield         | OpenFOAM: The Open Source CFD Toolbox
   \\    /   O peration     | Website:  https://openfoam.org
    \\  /    A nd           | Version:  11
     \\/     M anipulation  |
\*---------------------------------------------------------------------------*/
FoamFile
{
    format      ascii;
    class       volScalarField;
    location    "3";
    object      p;
}
// * * * * * * * * * * * * * * * * * * * * * * * * * * * * * * * * * * * * * //

dimensions      [0 2 -2 0 0 0 0];

internalField   nonuniform List<scalar> 
8400
(
-0.209819
-0.212773
-0.216061
-0.219078
-0.22204
-0.225073
-0.228175
-0.231331
-0.234543
-0.237822
-0.241179
-0.244626
-0.248177
-0.251852
-0.255674
-0.259676
-0.263903
-0.268421
-0.27332
-0.279117
-0.20963
-0.212762
-0.216142
-0.219119
-0.222043
-0.225078
-0.228189
-0.231347
-0.23456
-0.237841
-0.2412
-0.24465
-0.248205
-0.251884
-0.25571
-0.259716
-0.26394
-0.268429
-0.273136
-0.277625
-0.20944
-0.212729
-0.216205
-0.219144
-0.222019
-0.225047
-0.228167
-0.231326
-0.234532
-0.237807
-0.24116
-0.244602
-0.248146
-0.251809
-0.255613
-0.259582
-0.263738
-0.268069
-0.272386
-0.276063
-0.209241
-0.212634
-0.216215
-0.219146
-0.221971
-0.224981
-0.228103
-0.231258
-0.234451
-0.23771
-0.241045
-0.244465
-0.24798
-0.251604
-0.255355
-0.259242
-0.263263
-0.267352
-0.271253
-0.274378
-0.209027
-0.212486
-0.216163
-0.219106
-0.221888
-0.22487
-0.227985
-0.231131
-0.234304
-0.237535
-0.240839
-0.24422
-0.247686
-0.251246
-0.254909
-0.258673
-0.262509
-0.266317
-0.269832
-0.272555
-0.208796
-0.212297
-0.21605
-0.219015
-0.221761
-0.22471
-0.22781
-0.230939
-0.234083
-0.237276
-0.240534
-0.24386
-0.247255
-0.250726
-0.254271
-0.257878
-0.261498
-0.265016
-0.268187
-0.270613
-0.208548
-0.212077
-0.215885
-0.218869
-0.221588
-0.224502
-0.227579
-0.230684
-0.233791
-0.236935
-0.240134
-0.243389
-0.246696
-0.250055
-0.25346
-0.256886
-0.260276
-0.263512
-0.266382
-0.26858
-0.208287
-0.211835
-0.215678
-0.218676
-0.221372
-0.224252
-0.2273
-0.230372
-0.233436
-0.236523
-0.239653
-0.242823
-0.246027
-0.24926
-0.252508
-0.255741
-0.258898
-0.26187
-0.264479
-0.266497
-0.208021
-0.211578
-0.215442
-0.218445
-0.221121
-0.223968
-0.226982
-0.230018
-0.233032
-0.236055
-0.239108
-0.242185
-0.245277
-0.248373
-0.251457
-0.254496
-0.257428
-0.260157
-0.262541
-0.264411
-0.207756
-0.21132
-0.215189
-0.218188
-0.220844
-0.223661
-0.226641
-0.229635
-0.232596
-0.235553
-0.238525
-0.241505
-0.24448
-0.247437
-0.250357
-0.253206
-0.255929
-0.258441
-0.260632
-0.262376
-0.207505
-0.211069
-0.214933
-0.217918
-0.220554
-0.223346
-0.226292
-0.229242
-0.232149
-0.235039
-0.23793
-0.240813
-0.243673
-0.246494
-0.249257
-0.25193
-0.254462
-0.256785
-0.258811
-0.26045
-0.207278
-0.210838
-0.214683
-0.217646
-0.220265
-0.223037
-0.225951
-0.228858
-0.231712
-0.234538
-0.237352
-0.240143
-0.242893
-0.245588
-0.248207
-0.250721
-0.253086
-0.255246
-0.257135
-0.258687
-0.207086
-0.210636
-0.21445
-0.217385
-0.21999
-0.222748
-0.225634
-0.2285
-0.231305
-0.234073
-0.236817
-0.239524
-0.242176
-0.244757
-0.24725
-0.249626
-0.25185
-0.253876
-0.255653
-0.257133
-0.206939
-0.210472
-0.214241
-0.217142
-0.219741
-0.222493
-0.225355
-0.228183
-0.230945
-0.233664
-0.236347
-0.238981
-0.241549
-0.244035
-0.246422
-0.248685
-0.250794
-0.252712
-0.254402
-0.255827
-0.206847
-0.210351
-0.214058
-0.216925
-0.219529
-0.222283
-0.225124
-0.22792
-0.230647
-0.233326
-0.235961
-0.238536
-0.241036
-0.243446
-0.245749
-0.247924
-0.249945
-0.251783
-0.253408
-0.254793
-0.206815
-0.210275
-0.213902
-0.216739
-0.219362
-0.222125
-0.224948
-0.227718
-0.230419
-0.23307
-0.235669
-0.2382
-0.24065
-0.243004
-0.245246
-0.247358
-0.249317
-0.251099
-0.25268
-0.25404
-0.206845
-0.210238
-0.213767
-0.216588
-0.219246
-0.222021
-0.224829
-0.227579
-0.230265
-0.232898
-0.235472
-0.237974
-0.240391
-0.242709
-0.244912
-0.246984
-0.248904
-0.250653
-0.252209
-0.253556
-0.206935
-0.210222
-0.213647
-0.216477
-0.219182
-0.221968
-0.224761
-0.2275
-0.230179
-0.232802
-0.235364
-0.23785
-0.240249
-0.242548
-0.244731
-0.246782
-0.248683
-0.250416
-0.251962
-0.253306
-0.207076
-0.210208
-0.21354
-0.216411
-0.219166
-0.221955
-0.224736
-0.22747
-0.230148
-0.23277
-0.235327
-0.237808
-0.240202
-0.242495
-0.244672
-0.246718
-0.248615
-0.250346
-0.251893
-0.25324
-0.207259
-0.210212
-0.21346
-0.216379
-0.219175
-0.221967
-0.224744
-0.227479
-0.230161
-0.232786
-0.235346
-0.237832
-0.24023
-0.242527
-0.244711
-0.246763
-0.248668
-0.250408
-0.251964
-0.253322
-0.279
-0.27447
-0.273742
-0.274191
-0.274207
-0.274016
-0.273817
-0.273602
-0.273373
-0.273149
-0.272934
-0.272713
-0.272467
-0.272186
-0.271868
-0.27153
-0.271201
-0.270923
-0.270741
-0.270692
-0.27079
-0.271006
-0.271258
-0.271404
-0.271257
-0.270615
-0.269309
-0.267262
-0.264552
-0.261448
-0.25841
-0.256035
-0.254921
-0.255495
-0.257845
-0.261633
-0.266143
-0.270456
-0.273683
-0.275143
-0.274448
-0.271483
-0.266355
-0.259324
-0.250746
-0.241037
-0.230638
-0.219995
-0.209539
-0.19966
-0.19069
-0.182878
-0.176377
-0.171238
-0.167417
-0.164797
-0.163221
-0.162523
-0.162556
-0.163211
-0.164411
-0.166104
-0.16823
-0.170689
-0.173317
-0.175868
-0.17802
-0.179408
-0.179676
-0.178541
-0.175872
-0.171768
-0.16665
-0.161308
-0.156901
-0.154797
-0.156167
-0.16199
-0.172187
-0.185802
-0.201227
-0.216732
-0.230859
-0.24254
-0.251113
-0.256218
-0.257735
-0.255724
-0.250399
-0.242119
-0.231349
-0.218611
-0.204429
-0.189291
-0.173628
-0.157818
-0.142194
-0.127066
-0.112729
-0.0994694
-0.0875618
-0.0772594
-0.0687779
-0.0622787
-0.0578525
-0.0555158
-0.0552335
-0.0569721
-0.060768
-0.0667655
-0.0751875
-0.0862285
-0.0998805
-0.115755
-0.13304
-0.150656
-0.167537
-0.182848
-0.196064
-0.206919
-0.215289
-0.221022
-0.223824
-0.223304
-0.219101
-0.211096
-0.199576
-0.185283
-0.169285
-0.152764
-0.136772
-0.122075
-0.109088
-0.0979045
-0.0883947
-0.0803092
-0.0733791
-0.0673864
-0.0622044
-0.0578093
-0.0542715
-0.0517304
-0.050359
-0.0503224
-0.0517347
-0.0546246
-0.058919
-0.0644486
-0.0709663
-0.0781661
-0.0856927
-0.093148
-0.100103
-0.106125
-0.110813
-0.113832
-0.114936
-0.114004
-0.111007
-0.105999
-0.0991295
-0.0906758
-0.081073
-0.0709112
-0.0608678
-0.0515889
-0.0435613
-0.0370265
-0.0319624
-0.0281313
-0.0251716
-0.0226982
-0.0203855
-0.018015
-0.0154869
-0.0128069
-0.0100509
-0.00733377
-0.0047739
-0.0024732
-0.000503453
0.00109903
0.00233107
0.00321572
0.00379359
0.00411437
0.00422979
0.0041884
0.00403241
0.00379618
0.00350609
0.00318121
0.00283456
0.00247444
0.00210584
0.00173149
0.00135314
0.000970542
0.000589199
0.000183511
-0.27768
-0.274468
-0.27348
-0.273862
-0.273963
-0.273779
-0.273574
-0.273369
-0.273144
-0.27291
-0.272676
-0.27243
-0.272157
-0.271845
-0.271497
-0.271127
-0.270759
-0.270432
-0.270184
-0.270042
-0.270011
-0.270058
-0.270103
-0.270013
-0.269623
-0.268757
-0.26728
-0.265143
-0.262433
-0.259403
-0.256457
-0.254099
-0.252815
-0.252933
-0.254489
-0.257172
-0.260368
-0.263307
-0.265245
-0.265619
-0.264112
-0.260649
-0.25535
-0.248474
-0.24037
-0.231435
-0.222083
-0.21272
-0.203723
-0.195413
-0.188041
-0.181767
-0.176659
-0.172695
-0.169778
-0.167769
-0.166519
-0.165896
-0.16581
-0.166218
-0.167116
-0.168511
-0.17039
-0.172678
-0.17521
-0.177718
-0.179844
-0.181184
-0.181343
-0.180006
-0.177025
-0.172498
-0.166862
-0.160964
-0.15605
-0.153655
-0.154952
-0.161119
-0.172061
-0.186732
-0.203354
-0.22
-0.235061
-0.247459
-0.25654
-0.261958
-0.263618
-0.261601
-0.256148
-0.247644
-0.236589
-0.223529
-0.209001
-0.193489
-0.177404
-0.161097
-0.144876
-0.129033
-0.113864
-0.099682
-0.0868099
-0.0755682
-0.0662521
-0.0591054
-0.0542933
-0.0518816
-0.0518371
-0.0540631
-0.058468
-0.0650327
-0.0738238
-0.0849222
-0.0982761
-0.113545
-0.130049
-0.14688
-0.163112
-0.177977
-0.190938
-0.201658
-0.209913
-0.215449
-0.217927
-0.216994
-0.212403
-0.204191
-0.192808
-0.179093
-0.164121
-0.148985
-0.134585
-0.121511
-0.11002
-0.100091
-0.0915315
-0.0840791
-0.0774891
-0.0715927
-0.0663251
-0.0617276
-0.0579318
-0.055129
-0.0535312
-0.0533263
-0.0546356
-0.0574856
-0.0618013
-0.0674179
-0.074099
-0.081546
-0.0893992
-0.0972391
-0.1046
-0.111004
-0.116005
-0.119243
-0.120452
-0.119509
-0.116385
-0.111126
-0.103849
-0.0947777
-0.0842947
-0.0729655
-0.0614992
-0.050634
-0.0409922
-0.0329621
-0.0266489
-0.0219024
-0.0184001
-0.0157512
-0.0135883
-0.0116296
-0.00970326
-0.00774291
-0.00576178
-0.00382435
-0.00201032
-0.00039376
0.000970736
0.00205543
0.00285891
0.00340086
0.00371507
0.00384243
0.00382495
0.00370138
0.00350448
0.00325995
0.00298642
0.00269624
0.00239679
0.00209179
0.00178265
0.00146944
0.00115218
0.000829258
0.00050717
0.000152409
-0.27664
-0.274513
-0.273364
-0.273505
-0.273616
-0.273437
-0.273206
-0.272988
-0.272753
-0.272497
-0.272229
-0.271942
-0.271622
-0.271262
-0.270861
-0.270433
-0.27
-0.269592
-0.269241
-0.268965
-0.268763
-0.268598
-0.268392
-0.268027
-0.267358
-0.26624
-0.264566
-0.262313
-0.259571
-0.25657
-0.253658
-0.251252
-0.249738
-0.249358
-0.250113
-0.251724
-0.253675
-0.255332
-0.25609
-0.255495
-0.253304
-0.249478
-0.24415
-0.237573
-0.230079
-0.222038
-0.213825
-0.205795
-0.19826
-0.191467
-0.185586
-0.180695
-0.176789
-0.173789
-0.171569
-0.169987
-0.168916
-0.168272
-0.168024
-0.168194
-0.16884
-0.17002
-0.17175
-0.173962
-0.176478
-0.179
-0.181139
-0.182453
-0.182518
-0.181004
-0.17776
-0.172896
-0.16689
-0.160639
-0.155442
-0.152785
-0.154326
-0.160878
-0.172568
-0.188291
-0.206064
-0.223745
-0.239612
-0.252552
-0.261955
-0.267506
-0.269127
-0.266922
-0.261162
-0.252272
-0.240797
-0.227325
-0.212411
-0.196536
-0.180092
-0.163392
-0.146704
-0.130285
-0.114417
-0.0994174
-0.0856452
-0.0734796
-0.0632918
-0.0554087
-0.0500759
-0.0474237
-0.0474487
-0.0500272
-0.0549731
-0.062117
-0.0713582
-0.0826406
-0.0958458
-0.110658
-0.126504
-0.142619
-0.158198
-0.172538
-0.1851
-0.195495
-0.203414
-0.208527
-0.210502
-0.209058
-0.204086
-0.195795
-0.18477
-0.171909
-0.158244
-0.144735
-0.132105
-0.120761
-0.110811
-0.102137
-0.0945026
-0.0876455
-0.0813559
-0.07552
-0.0701362
-0.0653099
-0.0612305
-0.0581374
-0.0562768
-0.0558559
-0.0570042
-0.0597531
-0.0640366
-0.0697048
-0.076535
-0.0842326
-0.0924257
-0.100665
-0.108441
-0.115226
-0.120526
-0.123953
-0.125229
-0.124229
-0.120938
-0.115406
-0.107735
-0.0981079
-0.0868535
-0.0745001
-0.0617647
-0.0494543
-0.0383097
-0.0288589
-0.0213359
-0.0156846
-0.0116309
-0.00878666
-0.00675096
-0.00518403
-0.0038451
-0.0025972
-0.00139004
-0.000236653
0.000824163
0.00174756
0.00249742
0.00305541
0.00342229
0.00361453
0.00365916
0.00358826
0.00343411
0.00322558
0.00298588
0.00273184
0.00247408
0.00221806
0.00196539
0.00171509
0.00146489
0.00121217
0.00095517
0.000691051
0.000426638
0.000123626
-0.275258
-0.273979
-0.272942
-0.272912
-0.273018
-0.272867
-0.27262
-0.272378
-0.27212
-0.271832
-0.271517
-0.271173
-0.27079
-0.27036
-0.269884
-0.269372
-0.268844
-0.268324
-0.267834
-0.267387
-0.266975
-0.266561
-0.266071
-0.265402
-0.264433
-0.263045
-0.26116
-0.258771
-0.255971
-0.252961
-0.250036
-0.247531
-0.245747
-0.244859
-0.244844
-0.245458
-0.246277
-0.24679
-0.246519
-0.245112
-0.242393
-0.238357
-0.233147
-0.227005
-0.22024
-0.213182
-0.20616
-0.199468
-0.19335
-0.187977
-0.183439
-0.179747
-0.176837
-0.174594
-0.172884
-0.171576
-0.170581
-0.169863
-0.169449
-0.169421
-0.169886
-0.170934
-0.172593
-0.174788
-0.177319
-0.179864
-0.182003
-0.183273
-0.183235
-0.181564
-0.178127
-0.17308
-0.166956
-0.160684
-0.155548
-0.153008
-0.154646
-0.161547
-0.173918
-0.190579
-0.20934
-0.227862
-0.244342
-0.257667
-0.267253
-0.272829
-0.274305
-0.271796
-0.265597
-0.256181
-0.244153
-0.230157
-0.214782
-0.198516
-0.181729
-0.164695
-0.147634
-0.130756
-0.114306
-0.0985911
-0.0839869
-0.0709196
-0.0598287
-0.0511221
-0.045128
-0.0420502
-0.0419355
-0.0446675
-0.0500058
-0.0576626
-0.0673799
-0.0789513
-0.0921627
-0.106689
-0.122025
-0.137518
-0.152465
-0.166223
-0.178261
-0.188153
-0.195526
-0.200036
-0.201394
-0.199425
-0.194175
-0.186011
-0.175621
-0.163909
-0.151814
-0.140133
-0.129399
-0.119843
-0.111442
-0.104
-0.097253
-0.0909523
-0.0849306
-0.0791309
-0.0736145
-0.0685474
-0.0641725
-0.0607721
-0.0586223
-0.0579491
-0.0588947
-0.0615046
-0.0657303
-0.0714395
-0.0784197
-0.0863728
-0.0949083
-0.103543
-0.111722
-0.118867
-0.124439
-0.128019
-0.129321
-0.12822
-0.124719
-0.118883
-0.110813
-0.100666
-0.088726
-0.0754795
-0.0616343
-0.0480416
-0.0355386
-0.0247789
-0.0161204
-0.00960342
-0.00500845
-0.0019586
-2.76279e-05
0.00117505
0.00195424
0.00251373
0.00296574
0.00334945
0.00366736
0.00390446
0.00404386
0.00407717
0.0040078
0.00384949
0.00362297
0.00335198
0.00305939
0.0027644
0.00248078
0.00221641
0.00197377
0.00175128
0.00154468
0.00134825
0.00115599
0.000962568
0.000764393
0.000557647
0.000348639
9.78237e-05
-0.273599
-0.27297
-0.272189
-0.272071
-0.272144
-0.272018
-0.271765
-0.271495
-0.271206
-0.270876
-0.270504
-0.270089
-0.269627
-0.269108
-0.268535
-0.267916
-0.267266
-0.266603
-0.265943
-0.265294
-0.264642
-0.263951
-0.263157
-0.262171
-0.260892
-0.25923
-0.257129
-0.254595
-0.251718
-0.248671
-0.245696
-0.243061
-0.240994
-0.239617
-0.238894
-0.23862
-0.238452
-0.237992
-0.236872
-0.234832
-0.231756
-0.227669
-0.222719
-0.217132
-0.211184
-0.205163
-0.199339
-0.193944
-0.189149
-0.185053
-0.181679
-0.178982
-0.176859
-0.175182
-0.173821
-0.172673
-0.171688
-0.17088
-0.170328
-0.170159
-0.170514
-0.171495
-0.173126
-0.175315
-0.177845
-0.180374
-0.182466
-0.183647
-0.18349
-0.181699
-0.178194
-0.173209
-0.167325
-0.161422
-0.15663
-0.154305
-0.156042
-0.163175
-0.176031
-0.193391
-0.212886
-0.232012
-0.248903
-0.262462
-0.272137
-0.27768
-0.278983
-0.276142
-0.269459
-0.259446
-0.246778
-0.232168
-0.216259
-0.199555
-0.182412
-0.165068
-0.147692
-0.130438
-0.113503
-0.0971643
-0.0817965
-0.0678557
-0.0558394
-0.0462309
-0.0394397
-0.0357472
-0.0352631
-0.0379042
-0.0434141
-0.0514281
-0.0615594
-0.073455
-0.0867854
-0.101177
-0.116153
-0.131132
-0.14549
-0.158636
-0.170054
-0.179303
-0.185986
-0.189797
-0.190527
-0.188127
-0.182801
-0.175044
-0.165598
-0.155319
-0.145017
-0.135308
-0.126536
-0.118778
-0.111899
-0.105645
-0.0997397
-0.0939583
-0.0881793
-0.0824034
-0.0767514
-0.0714452
-0.0667759
-0.0630634
-0.0606115
-0.059667
-0.0603917
-0.0628511
-0.067016
-0.072767
-0.0798943
-0.0880913
-0.096946
-0.105942
-0.114483
-0.121946
-0.127751
-0.131446
-0.132738
-0.131503
-0.127759
-0.121592
-0.113113
-0.102469
-0.0899105
-0.0758872
-0.0610879
-0.0463876
-0.0326954
-0.0207706
-0.0110837
-0.00376812
0.00133738
0.00459151
0.00643748
0.00730842
0.00756636
0.00747693
0.00720929
0.00685564
0.00645804
0.00603114
0.00557733
0.00509856
0.0046014
0.00409765
0.0036027
0.00313286
0.0027023
0.00232092
0.00199327
0.00171831
0.00149035
0.0013007
0.0011392
0.00099535
0.000859499
0.000723625
0.000582281
0.000430766
0.000274189
7.5598e-05
-0.271751
-0.271599
-0.271103
-0.270967
-0.271002
-0.270893
-0.270643
-0.270346
-0.270017
-0.269637
-0.269198
-0.268703
-0.268146
-0.267524
-0.266835
-0.266087
-0.265292
-0.264462
-0.263609
-0.262734
-0.261823
-0.260841
-0.259734
-0.258429
-0.256845
-0.254914
-0.252601
-0.249922
-0.246957
-0.243855
-0.240811
-0.238034
-0.235693
-0.233872
-0.232531
-0.231499
-0.230513
-0.229268
-0.227494
-0.22501
-0.221751
-0.217768
-0.213204
-0.208266
-0.20319
-0.198214
-0.193549
-0.189359
-0.185748
-0.182751
-0.180338
-0.178424
-0.176892
-0.175613
-0.174474
-0.173407
-0.1724
-0.171513
-0.170866
-0.170616
-0.170916
-0.171866
-0.173472
-0.175629
-0.178104
-0.180545
-0.182518
-0.18356
-0.183283
-0.18145
-0.178073
-0.173463
-0.168194
-0.162986
-0.158739
-0.156667
-0.158443
-0.1656
-0.178649
-0.196395
-0.216342
-0.235835
-0.252954
-0.266623
-0.276315
-0.281788
-0.28293
-0.279787
-0.272646
-0.262044
-0.248716
-0.233454
-0.216966
-0.199787
-0.182269
-0.164619
-0.146956
-0.12938
-0.112032
-0.0951462
-0.0790792
-0.0642995
-0.0513482
-0.0407753
-0.0330675
-0.0285842
-0.0275037
-0.0297927
-0.0352088
-0.0433504
-0.0537396
-0.0658989
-0.0793788
-0.0937305
-0.108462
-0.123026
-0.13685
-0.149389
-0.160138
-0.16867
-0.174623
-0.177758
-0.17797
-0.175348
-0.170233
-0.163204
-0.155003
-0.146399
-0.138048
-0.130383
-0.123582
-0.117586
-0.112171
-0.107045
-0.10193
-0.0966329
-0.0910791
-0.085325
-0.0795467
-0.074016
-0.069066
-0.0650505
-0.0623011
-0.0610896
-0.0616006
-0.0639193
-0.0680299
-0.0738181
-0.0810719
-0.0894743
-0.0985944
-0.107889
-0.116726
-0.124446
-0.130433
-0.134203
-0.135458
-0.134067
-0.130063
-0.123553
-0.114662
-0.103539
-0.0904191
-0.075722
-0.0601166
-0.0444867
-0.0297902
-0.016869
-0.00628875
0.00173185
0.00729663
0.0107408
0.0125167
0.0130909
0.0128743
0.0121868
0.0112519
0.0102094
0.00913942
0.00808492
0.00706709
0.00609834
0.00518917
0.00435061
0.00359417
0.00292994
0.00236432
0.00189848
0.00152788
0.00124269
0.00102919
0.000871591
0.000753829
0.000660752
0.000579134
0.000498388
0.000411165
0.000312109
0.00020428
5.74854e-05
-0.269771
-0.269953
-0.269719
-0.269619
-0.269631
-0.269532
-0.269286
-0.268964
-0.268591
-0.268153
-0.267641
-0.267056
-0.266396
-0.265656
-0.264838
-0.263946
-0.262989
-0.261975
-0.260913
-0.259799
-0.25862
-0.257347
-0.255931
-0.254317
-0.252442
-0.250259
-0.247748
-0.244929
-0.241877
-0.238714
-0.235596
-0.232683
-0.230099
-0.2279
-0.226046
-0.224406
-0.222779
-0.220944
-0.218714
-0.215973
-0.212697
-0.208953
-0.204877
-0.200647
-0.196456
-0.192488
-0.188892
-0.185769
-0.183165
-0.181063
-0.179398
-0.178067
-0.176949
-0.175929
-0.17492
-0.173886
-0.172852
-0.171914
-0.17122
-0.17094
-0.17122
-0.172142
-0.173697
-0.175766
-0.178109
-0.180379
-0.182159
-0.183025
-0.182659
-0.180912
-0.177898
-0.173973
-0.169599
-0.165289
-0.161679
-0.159894
-0.16161
-0.168553
-0.181466
-0.19926
-0.219367
-0.239016
-0.25622
-0.269905
-0.279565
-0.284949
-0.285951
-0.282556
-0.275025
-0.263899
-0.249959
-0.234067
-0.216999
-0.199335
-0.181432
-0.163474
-0.145538
-0.127671
-0.109959
-0.0925876
-0.0758806
-0.0603028
-0.0464232
-0.0348462
-0.0261295
-0.0207076
-0.0188294
-0.0205193
-0.0255685
-0.0335703
-0.0439939
-0.0562677
-0.0698347
-0.0841591
-0.0987056
-0.112926
-0.126273
-0.138237
-0.148332
-0.156173
-0.161472
-0.164075
-0.163993
-0.161444
-0.156867
-0.15088
-0.144178
-0.137417
-0.131093
-0.125476
-0.120596
-0.116285
-0.112252
-0.108179
-0.103799
-0.0989523
-0.0936124
-0.0878874
-0.0820027
-0.0762734
-0.0710693
-0.0667768
-0.0637569
-0.0623074
-0.062633
-0.0648307
-0.0688888
-0.0746934
-0.0820294
-0.0905723
-0.0998782
-0.109384
-0.118433
-0.126334
-0.132444
-0.13625
-0.137445
-0.135889
-0.131625
-0.124774
-0.115481
-0.103903
-0.0902726
-0.0749952
-0.0587231
-0.0423394
-0.0268311
-0.0130984
-0.00178155
0.00682862
0.0127827
0.01639
0.0181044
0.0184174
0.0177789
0.0165552
0.0150175
0.0133482
0.0116622
0.0100285
0.00848584
0.00705719
0.00575807
0.00460046
0.00359364
0.0027429
0.00204783
0.00150138
0.00109016
0.000795747
0.000596538
0.000469865
0.000393929
0.000349095
0.000318754
0.000289916
0.000253368
0.000203296
0.000139852
4.38641e-05
-0.267709
-0.268122
-0.26811
-0.268078
-0.268084
-0.267989
-0.267746
-0.267401
-0.266982
-0.266482
-0.265893
-0.265214
-0.264443
-0.26358
-0.262624
-0.261578
-0.26045
-0.259244
-0.257966
-0.256612
-0.255168
-0.253611
-0.251903
-0.25
-0.247859
-0.245448
-0.242759
-0.239817
-0.236687
-0.23347
-0.230288
-0.227261
-0.224481
-0.221984
-0.219737
-0.21764
-0.215552
-0.21332
-0.210822
-0.207997
-0.20485
-0.201454
-0.197931
-0.194426
-0.191085
-0.188038
-0.185375
-0.183145
-0.181344
-0.179926
-0.178806
-0.177876
-0.177026
-0.17616
-0.175219
-0.174196
-0.173148
-0.172196
-0.171499
-0.171222
-0.171491
-0.17237
-0.173829
-0.175743
-0.177877
-0.179899
-0.181425
-0.182114
-0.181724
-0.180224
-0.177798
-0.174768
-0.171418
-0.168036
-0.165162
-0.163643
-0.165213
-0.171726
-0.184181
-0.201682
-0.22167
-0.241297
-0.258489
-0.272139
-0.281743
-0.287044
-0.28792
-0.284328
-0.276489
-0.264938
-0.25048
-0.234032
-0.216433
-0.198306
-0.180026
-0.161764
-0.143563
-0.125424
-0.107381
-0.0895705
-0.0722774
-0.055949
-0.0411663
-0.0285744
-0.0187928
-0.0123261
-0.00949275
-0.0103775
-0.0148157
-0.0224172
-0.0326286
-0.0448169
-0.0583392
-0.0725768
-0.0869378
-0.100851
-0.113776
-0.125229
-0.134748
-0.142021
-0.146841
-0.14915
-0.149068
-0.146915
-0.143189
-0.138498
-0.133468
-0.128626
-0.124324
-0.120689
-0.117631
-0.114892
-0.112136
-0.10903
-0.105324
-0.100895
-0.0957625
-0.0900811
-0.0841183
-0.0782264
-0.0728096
-0.0682868
-0.0650481
-0.0634116
-0.0635911
-0.0656842
-0.0696784
-0.0754601
-0.0828143
-0.0914142
-0.100809
-0.110425
-0.119589
-0.127588
-0.133755
-0.137557
-0.138672
-0.136952
-0.132438
-0.125263
-0.115588
-0.103586
-0.089499
-0.07373
-0.0569224
-0.0399552
-0.0238282
-0.00947672
0.00240646
0.0114748
0.0177334
0.0214654
0.0231208
0.0232067
0.0222029
0.0205126
0.018446
0.0162223
0.0139869
0.0118313
0.00981064
0.00795846
0.00629683
0.0048407
0.00359889
0.00257316
0.00175702
0.00113567
0.000687228
0.00038492
0.000199593
0.000102073
6.51941e-05
6.51445e-05
8.21914e-05
0.000101156
0.000111008
0.000105732
8.17407e-05
3.47973e-05
-0.265626
-0.266196
-0.266362
-0.266409
-0.266424
-0.266332
-0.26609
-0.265723
-0.265259
-0.264697
-0.264029
-0.263253
-0.262372
-0.261382
-0.260286
-0.259085
-0.257784
-0.256387
-0.254897
-0.25331
-0.251615
-0.249794
-0.247818
-0.245657
-0.243282
-0.240674
-0.237835
-0.234793
-0.231605
-0.228351
-0.225126
-0.222022
-0.219104
-0.216397
-0.213878
-0.211476
-0.209097
-0.206645
-0.204049
-0.201286
-0.198381
-0.195404
-0.192456
-0.189645
-0.187071
-0.184812
-0.182911
-0.181375
-0.180172
-0.179235
-0.178478
-0.1778
-0.177106
-0.176323
-0.175414
-0.1744
-0.173361
-0.172429
-0.171762
-0.171504
-0.171758
-0.172565
-0.173883
-0.175582
-0.177442
-0.179161
-0.180421
-0.180958
-0.180639
-0.17953
-0.17783
-0.175749
-0.173405
-0.170905
-0.16876
-0.167511
-0.168887
-0.17481
-0.186517
-0.2034
-0.223019
-0.242479
-0.259597
-0.273202
-0.282758
-0.287995
-0.28877
-0.285039
-0.276979
-0.265117
-0.25027
-0.23338
-0.215336
-0.196802
-0.178175
-0.15962
-0.141161
-0.12276
-0.104408
-0.0861954
-0.0683658
-0.0513408
-0.0357
-0.0221149
-0.011255
-0.00368848
0.000200514
0.00026681
-0.00337366
-0.0103592
-0.0201361
-0.0320367
-0.0453575
-0.0594108
-0.0735483
-0.0871676
-0.0997222
-0.110725
-0.11983
-0.126722
-0.131295
-0.133585
-0.133805
-0.13234
-0.129706
-0.126475
-0.123184
-0.120246
-0.117885
-0.116109
-0.114729
-0.113423
-0.111818
-0.109581
-0.106483
-0.10244
-0.0975113
-0.0918922
-0.085886
-0.0798789
-0.0743087
-0.0696262
-0.0662424
-0.064482
-0.0645536
-0.0665482
-0.0704531
-0.0761594
-0.0834569
-0.0920217
-0.101403
-0.111021
-0.120197
-0.128204
-0.134361
-0.138116
-0.139132
-0.137251
-0.132506
-0.125035
-0.115008
-0.102622
-0.0881353
-0.0719618
-0.0547441
-0.0373561
-0.0207982
-0.00602065
0.00625383
0.0156407
0.0221097
0.0259199
0.0275134
0.0274047
0.0260935
0.0240103
0.0214952
0.0187963
0.0160845
0.0134702
0.0110232
0.00878864
0.00679679
0.00506744
0.00361046
0.00242487
0.00149863
0.000809617
0.000327873
1.87863e-05
-0.000153789
-0.000224953
-0.000226693
-0.000186557
-0.000127077
-6.53829e-05
-1.41824e-05
2.0467e-05
3.06264e-05
2.98762e-05
-0.263582
-0.264259
-0.264561
-0.264687
-0.264722
-0.264634
-0.264389
-0.264003
-0.263497
-0.262874
-0.262129
-0.261261
-0.260271
-0.25916
-0.257927
-0.256575
-0.255108
-0.253529
-0.25184
-0.250037
-0.248114
-0.246057
-0.243847
-0.241465
-0.238894
-0.236127
-0.233173
-0.23006
-0.226838
-0.223573
-0.220337
-0.217199
-0.214207
-0.211381
-0.208705
-0.206138
-0.20362
-0.2011
-0.198544
-0.195952
-0.19336
-0.190826
-0.188425
-0.186229
-0.184296
-0.182662
-0.181336
-0.180296
-0.179495
-0.178867
-0.178327
-0.177789
-0.177174
-0.176428
-0.175538
-0.174543
-0.173537
-0.172653
-0.172033
-0.171797
-0.172024
-0.172732
-0.173872
-0.175317
-0.176868
-0.178271
-0.179276
-0.17972
-0.179571
-0.178932
-0.177957
-0.176735
-0.175281
-0.173697
-0.172053
-0.171156
-0.172342
-0.177558
-0.188268
-0.204224
-0.223251
-0.242415
-0.259428
-0.27301
-0.282558
-0.287773
-0.288494
-0.284683
-0.276497
-0.264447
-0.249352
-0.23216
-0.213785
-0.194925
-0.175996
-0.157171
-0.138461
-0.119804
-0.101157
-0.0825705
-0.0642504
-0.0465889
-0.0301537
-0.0156297
-0.00372375
0.00494194
0.00992276
0.0110154
0.00828618
0.00206186
-0.00711661
-0.0185678
-0.0315494
-0.045323
-0.059193
-0.0725275
-0.0847699
-0.0954593
-0.104278
-0.11099
-0.115553
-0.118083
-0.118856
-0.118288
-0.116886
-0.115169
-0.11359
-0.112461
-0.111897
-0.11181
-0.111932
-0.111891
-0.111295
-0.109818
-0.10726
-0.103568
-0.0988403
-0.0933044
-0.0872962
-0.0812351
-0.0755915
-0.0708404
-0.0673976
-0.0655763
-0.0655693
-0.0674609
-0.0712429
-0.0768166
-0.0839812
-0.0924193
-0.101684
-0.111199
-0.120283
-0.128208
-0.134285
-0.137951
-0.138848
-0.136812
-0.131857
-0.124119
-0.11378
-0.101056
-0.0862321
-0.0697415
-0.0522343
-0.0345794
-0.0177687
-0.00274999
0.0097446
0.0193104
0.0258928
0.0297311
0.0312563
0.0309835
0.0294229
0.0270218
0.0241406
0.0210487
0.0179362
0.0149287
0.01211
0.00953801
0.00725292
0.00528056
0.00363248
0.00230538
0.00128194
0.000533189
2.18306e-05
-0.000293772
-0.000455927
-0.000504867
-0.000476718
-0.000402223
-0.000306337
-0.000207893
-0.000121087
-5.19629e-05
-1.30365e-05
2.81508e-05
-0.26164
-0.262388
-0.262792
-0.262989
-0.26305
-0.262968
-0.262721
-0.262318
-0.261773
-0.261094
-0.260278
-0.259325
-0.258234
-0.257009
-0.255649
-0.254158
-0.252539
-0.250795
-0.248927
-0.246934
-0.244813
-0.242555
-0.240151
-0.23759
-0.234866
-0.231982
-0.22895
-0.2258
-0.222575
-0.219328
-0.216115
-0.212989
-0.209987
-0.207124
-0.204396
-0.201781
-0.199249
-0.196776
-0.194355
-0.191999
-0.18974
-0.187623
-0.185697
-0.184
-0.182557
-0.181375
-0.18044
-0.179718
-0.179161
-0.178705
-0.178276
-0.177801
-0.177217
-0.176486
-0.175612
-0.17465
-0.173698
-0.172878
-0.172311
-0.172094
-0.17228
-0.172873
-0.173816
-0.174994
-0.176234
-0.177339
-0.178141
-0.178563
-0.178634
-0.17845
-0.178091
-0.177555
-0.176798
-0.175846
-0.1748
-0.174258
-0.175327
-0.179815
-0.18935
-0.204112
-0.222286
-0.241028
-0.257927
-0.27153
-0.281134
-0.286395
-0.287121
-0.283313
-0.275104
-0.262991
-0.247796
-0.23045
-0.211873
-0.19278
-0.173607
-0.154541
-0.135589
-0.116678
-0.0977424
-0.0788042
-0.0600362
-0.0418021
-0.0246522
-0.00927322
0.00360329
0.0133121
0.0193558
0.0214773
0.0196944
0.0142969
0.00580501
-0.00509936
-0.017653
-0.0310833
-0.0446599
-0.0577277
-0.0697245
-0.0802104
-0.0888922
-0.095604
-0.100358
-0.103322
-0.10481
-0.105245
-0.105108
-0.104865
-0.104894
-0.105419
-0.106465
-0.107859
-0.109276
-0.110311
-0.110569
-0.109739
-0.107646
-0.10427
-0.0997382
-0.0943081
-0.0883481
-0.08231
-0.0766897
-0.0719711
-0.0685533
-0.0667241
-0.066658
-0.068437
-0.0720627
-0.0774502
-0.0844112
-0.0926385
-0.101693
-0.111005
-0.119902
-0.127659
-0.133588
-0.137119
-0.137879
-0.135687
-0.130543
-0.122572
-0.111963
-0.0989526
-0.0838585
-0.0671395
-0.0494584
-0.03168
-0.0147807
0.000308721
0.0128643
0.0224774
0.0290809
0.0328981
0.0343481
0.0339403
0.0321864
0.0295408
0.0263747
0.0229705
0.0195314
0.016196
0.0130621
0.0102015
0.00766486
0.00548422
0.00367264
0.00222443
0.00111742
0.000316539
-0.000221778
-0.000545017
-0.000700563
-0.000732842
-0.000681346
-0.000579429
-0.000454075
-0.000325578
-0.000209401
-0.000111642
-4.91063e-05
2.82127e-05
-0.259858
-0.260652
-0.261133
-0.26139
-0.26148
-0.261406
-0.261158
-0.260739
-0.260163
-0.259435
-0.258556
-0.257526
-0.256347
-0.255021
-0.25355
-0.251937
-0.250186
-0.248299
-0.24628
-0.244129
-0.241846
-0.239428
-0.236873
-0.234178
-0.231346
-0.228386
-0.225315
-0.222162
-0.218964
-0.215765
-0.21261
-0.209538
-0.206578
-0.203748
-0.201048
-0.198473
-0.196012
-0.19366
-0.191422
-0.189315
-0.187364
-0.185597
-0.18404
-0.182708
-0.181602
-0.18071
-0.18001
-0.179467
-0.179033
-0.178655
-0.178268
-0.177809
-0.177229
-0.176505
-0.175654
-0.174737
-0.17385
-0.173099
-0.172583
-0.172377
-0.172515
-0.172988
-0.173737
-0.17466
-0.17562
-0.176476
-0.177136
-0.177583
-0.177868
-0.178053
-0.178156
-0.178112
-0.177861
-0.177408
-0.176855
-0.176653
-0.17771
-0.181533
-0.189797
-0.203111
-0.220162
-0.238326
-0.255087
-0.268777
-0.278534
-0.283936
-0.284773
-0.281045
-0.27292
-0.260863
-0.245714
-0.228358
-0.209707
-0.190478
-0.171123
-0.151845
-0.13266
-0.113495
-0.0942744
-0.075001
-0.0558242
-0.0370833
-0.019309
-0.00318194
0.0105531
0.0211999
0.028218
0.0313028
0.0304276
0.0258451
0.0180515
0.00772088
-0.00437483
-0.0174425
-0.0307284
-0.0435618
-0.0553815
-0.0657625
-0.0744307
-0.0812762
-0.0863535
-0.0898629
-0.0921324
-0.0935796
-0.0946566
-0.0957817
-0.097266
-0.0992512
-0.101681
-0.104319
-0.1068
-0.108709
-0.10966
-0.109358
-0.107655
-0.104555
-0.100213
-0.0949153
-0.0890633
-0.0831361
-0.0776392
-0.0730474
-0.0697244
-0.0679274
-0.0678165
-0.0694755
-0.0729183
-0.0780754
-0.0847732
-0.0927179
-0.101482
-0.110504
-0.119132
-0.126643
-0.132362
-0.135715
-0.136318
-0.133969
-0.128653
-0.12048
-0.109644
-0.0964032
-0.0811088
-0.0642495
-0.046504
-0.0287321
-0.0118898
0.00312039
0.0155972
0.025142
0.0316847
0.0354381
0.036808
0.0362933
0.0343992
0.0315781
0.0282026
0.0245615
0.020866
0.0172666
0.0138761
0.0107793
0.00803687
0.00568592
0.00374023
0.00219178
0.0010142
0.000167544
-0.000396579
-0.000730092
-0.000884224
-0.000906583
-0.000839253
-0.000717602
-0.000570296
-0.000418824
-0.000279722
-0.000159297
-7.78333e-05
2.84452e-05
-0.258286
-0.259112
-0.25965
-0.259957
-0.260074
-0.26001
-0.259762
-0.259333
-0.258731
-0.257963
-0.257032
-0.255938
-0.254685
-0.253276
-0.251713
-0.25
-0.248141
-0.246139
-0.244
-0.241726
-0.239321
-0.236785
-0.234124
-0.23134
-0.228444
-0.225449
-0.222375
-0.219249
-0.216105
-0.212979
-0.209906
-0.206918
-0.20404
-0.201287
-0.198667
-0.196183
-0.193837
-0.191633
-0.18958
-0.187693
-0.185988
-0.184481
-0.183178
-0.18208
-0.181175
-0.180445
-0.179864
-0.1794
-0.179013
-0.178654
-0.178267
-0.1778
-0.177213
-0.176495
-0.175673
-0.174808
-0.173987
-0.173301
-0.172831
-0.17263
-0.172719
-0.173079
-0.173654
-0.174358
-0.175088
-0.175756
-0.176324
-0.17681
-0.177263
-0.177708
-0.178111
-0.17839
-0.17848
-0.178393
-0.178238
-0.17837
-0.179485
-0.182779
-0.189785
-0.201463
-0.217092
-0.23444
-0.250972
-0.264788
-0.274801
-0.280469
-0.281543
-0.278022
-0.270086
-0.258236
-0.243249
-0.22601
-0.207398
-0.188125
-0.168647
-0.149188
-0.12978
-0.11036
-0.0908545
-0.0712595
-0.0517097
-0.0325274
-0.0142245
0.00252915
0.0169846
0.0284264
0.0362823
0.0402089
0.0401402
0.0362951
0.0291455
0.0193535
0.00769195
-0.0050351
-0.0180599
-0.0307032
-0.0424051
-0.0527539
-0.0614944
-0.0685544
-0.0740166
-0.0780994
-0.0811374
-0.0835405
-0.085735
-0.0880909
-0.0908492
-0.0940713
-0.0976318
-0.101251
-0.104553
-0.107129
-0.108608
-0.108717
-0.107325
-0.10446
-0.100303
-0.0951707
-0.0894913
-0.0837603
-0.0784801
-0.0740786
-0.0708999
-0.0691651
-0.0690242
-0.0705641
-0.0738096
-0.0787062
-0.0850959
-0.0927015
-0.101114
-0.109778
-0.118072
-0.125277
-0.130733
-0.133871
-0.134288
-0.131786
-0.126313
-0.117967
-0.106947
-0.0935312
-0.0781067
-0.061192
-0.0434816
-0.0258289
-0.00916594
0.00564144
0.0179256
0.0273086
0.0337254
0.0373822
0.0386716
0.0380772
0.0360908
0.0331559
0.0296376
0.0258272
0.0219406
0.0181407
0.0145539
0.0112763
0.00837602
0.00589354
0.00384274
0.00221365
0.000976899
8.92363e-05
-0.000500941
-0.000848486
-0.00100723
-0.00102699
-0.000951724
-0.000818214
-0.000656551
-0.000489164
-0.000333465
-0.000196187
-9.98688e-05
2.73855e-05
-0.256965
-0.257812
-0.258393
-0.258741
-0.258884
-0.258833
-0.258587
-0.258151
-0.25753
-0.256733
-0.255761
-0.254619
-0.253309
-0.251835
-0.250202
-0.248413
-0.246473
-0.244388
-0.242162
-0.239802
-0.237313
-0.234702
-0.231976
-0.229146
-0.226224
-0.223228
-0.220179
-0.217103
-0.21403
-0.210989
-0.208011
-0.205121
-0.20234
-0.199684
-0.197163
-0.194785
-0.192558
-0.19049
-0.188589
-0.186867
-0.185332
-0.183989
-0.182837
-0.181867
-0.181062
-0.180403
-0.179865
-0.179422
-0.179036
-0.178665
-0.178258
-0.177771
-0.177174
-0.176465
-0.175674
-0.17486
-0.174101
-0.173473
-0.173039
-0.172839
-0.172884
-0.173148
-0.173581
-0.174112
-0.17467
-0.175205
-0.175715
-0.17623
-0.176789
-0.177387
-0.177967
-0.17844
-0.178753
-0.178929
-0.179094
-0.179534
-0.180771
-0.183707
-0.189594
-0.199568
-0.213495
-0.229698
-0.245796
-0.259699
-0.270046
-0.276108
-0.277558
-0.274343
-0.266766
-0.255243
-0.240545
-0.223532
-0.205056
-0.185814
-0.166268
-0.146659
-0.127038
-0.107364
-0.0875748
-0.0676716
-0.0477832
-0.0282236
-0.00948881
0.00776432
0.0227884
0.0348593
0.0433846
0.0479919
0.0485838
0.0453505
0.0387419
0.0294072
0.0181161
0.00567765
-0.00713316
-0.019634
-0.0312634
-0.0416249
-0.050481
-0.0577814
-0.0636287
-0.0682588
-0.0720146
-0.0752982
-0.0785029
-0.081937
-0.0857624
-0.0899674
-0.0943801
-0.0987081
-0.102586
-0.105626
-0.107477
-0.10788
-0.106724
-0.104057
-0.100086
-0.095151
-0.0897007
-0.0842291
-0.0792147
-0.0750563
-0.0720477
-0.0703985
-0.0702471
-0.0716806
-0.0747307
-0.0793548
-0.0854099
-0.0926377
-0.100657
-0.108915
-0.11684
-0.123696
-0.128855
-0.13175
-0.131964
-0.129308
-0.123688
-0.115193
-0.104031
-0.0904942
-0.0750063
-0.0581131
-0.0405229
-0.0230793
-0.00669017
0.00782202
0.0198306
0.0289849
0.0352313
0.038772
0.0399859
0.0393376
0.0372993
0.0342996
0.0306984
0.0267782
0.0227623
0.0188249
0.0151028
0.0116997
0.00868837
0.00611114
0.00398184
0.00228947
0.00100319
7.80605e-05
-0.000539111
-0.00090471
-0.00107403
-0.00109826
-0.00102262
-0.000884653
-0.000715746
-0.000539046
-0.000372625
-0.000223867
-0.000116172
2.40671e-05
-0.25592
-0.256785
-0.257398
-0.257779
-0.257946
-0.257908
-0.257667
-0.257228
-0.256597
-0.255779
-0.254781
-0.253604
-0.252255
-0.250737
-0.249056
-0.247215
-0.245222
-0.243083
-0.240803
-0.238391
-0.235856
-0.233205
-0.230451
-0.227608
-0.22469
-0.221717
-0.21871
-0.215695
-0.212696
-0.209741
-0.206853
-0.204055
-0.201365
-0.198799
-0.196368
-0.194082
-0.191951
-0.189982
-0.188185
-0.186565
-0.185128
-0.183872
-0.182792
-0.181876
-0.181106
-0.180465
-0.17993
-0.179476
-0.179069
-0.178671
-0.178235
-0.177726
-0.17712
-0.17642
-0.17566
-0.174893
-0.174186
-0.173604
-0.173199
-0.172999
-0.173007
-0.173197
-0.173524
-0.17393
-0.174368
-0.174813
-0.175281
-0.175807
-0.176416
-0.17709
-0.177762
-0.178352
-0.178818
-0.179189
-0.179612
-0.180325
-0.181735
-0.18449
-0.189533
-0.197923
-0.209988
-0.22469
-0.240011
-0.253813
-0.264474
-0.271016
-0.272976
-0.270258
-0.263125
-0.252036
-0.237729
-0.221034
-0.202771
-0.183622
-0.164055
-0.144323
-0.124506
-0.104586
-0.0845197
-0.0643255
-0.0441331
-0.0242597
-0.00518715
0.0124406
0.0278799
0.0404071
0.0494201
0.0545279
0.0556106
0.0528367
0.0466382
0.037653
0.0266467
0.0144296
0.00178055
-0.0106207
-0.022211
-0.0326011
-0.0415765
-0.0491045
-0.0553119
-0.0604572
-0.0648891
-0.0689862
-0.0730853
-0.0774168
-0.0820671
-0.0869745
-0.0919523
-0.0967225
-0.100947
-0.104264
-0.10634
-0.106934
-0.105947
-0.103448
-0.0996634
-0.0949469
-0.0897588
-0.084577
-0.0798499
-0.0759423
-0.0731205
-0.0715762
-0.0714392
-0.0727921
-0.0756679
-0.0800302
-0.0857482
-0.092579
-0.100194
-0.108015
-0.115569
-0.122047
-0.126892
-0.129532
-0.12955
-0.126729
-0.120972
-0.112351
-0.101089
-0.0874769
-0.0719859
-0.0551783
-0.0377741
-0.0206015
-0.00454859
0.00961098
0.0212951
0.0301842
0.0362386
0.039658
0.0408067
0.0401275
0.0380704
0.035048
0.0314094
0.027433
0.0233467
0.0193324
0.0155325
0.012055
0.00897483
0.00633533
0.00415076
0.00241023
0.00108283
0.00012349
-0.000521241
-0.000908113
-0.00109294
-0.00112754
-0.00105798
-0.000921793
-0.000751774
-0.000571477
-0.000399454
-0.000243921
-0.000127822
1.82134e-05
-0.255162
-0.25604
-0.256678
-0.257086
-0.257274
-0.257249
-0.257016
-0.256578
-0.255943
-0.255116
-0.254102
-0.252906
-0.251534
-0.249991
-0.248282
-0.246414
-0.244392
-0.242225
-0.239919
-0.237484
-0.23493
-0.232269
-0.229513
-0.226678
-0.223781
-0.220842
-0.217882
-0.214923
-0.21199
-0.209104
-0.206289
-0.203562
-0.200941
-0.19844
-0.196073
-0.193849
-0.191778
-0.189868
-0.188126
-0.186557
-0.185163
-0.183941
-0.182884
-0.18198
-0.181212
-0.180562
-0.18001
-0.179533
-0.179098
-0.178668
-0.178203
-0.177672
-0.177058
-0.176368
-0.175633
-0.174904
-0.174239
-0.173693
-0.17331
-0.173109
-0.17309
-0.173228
-0.17348
-0.173803
-0.174161
-0.174547
-0.174982
-0.175502
-0.176125
-0.176827
-0.177546
-0.178215
-0.178802
-0.179336
-0.179958
-0.180902
-0.18251
-0.185251
-0.189798
-0.196967
-0.207275
-0.22025
-0.23439
-0.24773
-0.258502
-0.26548
-0.268006
-0.265881
-0.259293
-0.248749
-0.234916
-0.21861
-0.200621
-0.181615
-0.162063
-0.142238
-0.122247
-0.102096
-0.0817724
-0.0613118
-0.0408511
-0.0207271
-0.00140592
0.0164807
0.0321906
0.0450093
0.0543335
0.0597633
0.0611649
0.0586928
0.0527671
0.0440173
0.0332048
0.0211403
0.00860571
-0.00372769
-0.0152929
-0.0257123
-0.0347996
-0.0425498
-0.0491191
-0.0547796
-0.059861
-0.064688
-0.0695216
-0.0745195
-0.0797189
-0.0850421
-0.0903162
-0.0952928
-0.0996658
-0.103099
-0.105278
-0.105974
-0.105102
-0.102743
-0.0991273
-0.094643
-0.0897198
-0.0848225
-0.0803707
-0.0767024
-0.0740667
-0.0726392
-0.0725442
-0.0738535
-0.0765956
-0.0807332
-0.0861409
-0.0925808
-0.099823
-0.107224
-0.11434
-0.120463
-0.124996
-0.127387
-0.127212
-0.124238
-0.118358
-0.109649
-0.098325
-0.0846736
-0.0692305
-0.0525564
-0.0353809
-0.0185079
-0.00281909
0.0109675
0.0223142
0.0309324
0.0367958
0.0401018
0.0411992
0.0405087
0.0384581
0.0354444
0.0318081
0.0278231
0.023719
0.0196804
0.0158518
0.0123426
0.00922847
0.00655382
0.0043338
0.00255856
0.00119827
0.000208782
-0.000462598
-0.000872119
-0.00107538
-0.00112426
-0.00106535
-0.00093554
-0.000769103
-0.000589683
-0.000416166
-0.000257716
-0.000135765
1.02634e-05
-0.254678
-0.255569
-0.256227
-0.256655
-0.256861
-0.256849
-0.256624
-0.256192
-0.255558
-0.254728
-0.25371
-0.252507
-0.251126
-0.249573
-0.247854
-0.245975
-0.243944
-0.241768
-0.239456
-0.237018
-0.234465
-0.231809
-0.229065
-0.226248
-0.223376
-0.220469
-0.217547
-0.214631
-0.211743
-0.208904
-0.206134
-0.203451
-0.20087
-0.198407
-0.196073
-0.193881
-0.191838
-0.189952
-0.188231
-0.186679
-0.185295
-0.184078
-0.183019
-0.182107
-0.181326
-0.180659
-0.180086
-0.179583
-0.17912
-0.17866
-0.178168
-0.177618
-0.176997
-0.176313
-0.175598
-0.174898
-0.174264
-0.173745
-0.173377
-0.173177
-0.173139
-0.173241
-0.173445
-0.173714
-0.174022
-0.174369
-0.174779
-0.175286
-0.175905
-0.176615
-0.177364
-0.178095
-0.17878
-0.179447
-0.180224
-0.181353
-0.183158
-0.186009
-0.190388
-0.196865
-0.205859
-0.217217
-0.229935
-0.242397
-0.252898
-0.260065
-0.263045
-0.261497
-0.255514
-0.245543
-0.232231
-0.216355
-0.198681
-0.179857
-0.160356
-0.140467
-0.120327
-0.0999732
-0.0794212
-0.0587342
-0.0380456
-0.0177344
0.00175424
0.0198003
0.0356552
0.0486229
0.0581051
0.0636999
0.0652679
0.0629568
0.0571802
0.0485627
0.037863
0.0258883
0.0134265
0.00113213
-0.01041
-0.020876
-0.0301069
-0.0381227
-0.0450904
-0.0512625
-0.0569187
-0.0623163
-0.0676542
-0.0730492
-0.0785252
-0.0840153
-0.0893717
-0.0943758
-0.098749
-0.102178
-0.104364
-0.105094
-0.104292
-0.102048
-0.0985901
-0.0943073
-0.0896213
-0.0849735
-0.0807603
-0.0773019
-0.0748365
-0.0735289
-0.0735
-0.0748066
-0.0774701
-0.0814447
-0.0866056
-0.0927408
-0.0995827
-0.106607
-0.113321
-0.119092
-0.123326
-0.125479
-0.125126
-0.121999
-0.116038
-0.107266
-0.0959057
-0.0822809
-0.0669078
-0.0503922
-0.0334646
-0.0168811
-0.00155014
0.0118803
0.0229116
0.0312813
0.0369748
0.0401855
0.0412474
0.0405616
0.038537
0.0355569
0.0319527
0.0279957
0.0239131
0.0198889
0.0160673
0.0125575
0.00943592
0.00674749
0.00450867
0.00271114
0.00132669
0.000312724
-0.00038214
-0.00081311
-0.00103508
-0.00109945
-0.00105196
-0.000932444
-0.00077251
-0.000596907
-0.000424792
-0.00026629
-0.000140638
1.25074e-06
-0.254432
-0.255334
-0.256007
-0.256451
-0.25667
-0.256669
-0.256452
-0.256027
-0.255398
-0.254571
-0.253554
-0.252353
-0.250972
-0.24942
-0.247701
-0.245823
-0.243794
-0.241621
-0.239313
-0.236881
-0.234336
-0.231692
-0.228961
-0.226162
-0.22331
-0.220425
-0.217526
-0.214635
-0.211772
-0.208956
-0.206207
-0.203543
-0.200979
-0.198529
-0.196207
-0.194022
-0.191986
-0.190105
-0.188385
-0.186831
-0.185443
-0.184218
-0.183148
-0.182222
-0.181425
-0.180741
-0.180149
-0.179624
-0.179136
-0.178651
-0.178137
-0.17757
-0.176941
-0.176261
-0.175558
-0.174877
-0.174264
-0.173764
-0.173407
-0.173208
-0.173159
-0.173237
-0.17341
-0.173644
-0.17392
-0.174242
-0.174636
-0.175133
-0.175749
-0.176466
-0.177239
-0.178017
-0.178772
-0.179533
-0.180426
-0.181698
-0.183676
-0.186704
-0.191148
-0.197406
-0.205729
-0.215989
-0.227465
-0.23889
-0.248761
-0.255731
-0.258857
-0.257673
-0.25217
-0.242701
-0.229884
-0.214425
-0.197067
-0.178439
-0.159014
-0.139094
-0.11884
-0.09832
-0.0775778
-0.0566976
-0.0358561
-0.0154112
0.00416885
0.0222946
0.0381888
0.0511923
0.0607125
0.0663504
0.0679675
0.0657101
0.0599893
0.0514275
0.0407817
0.028848
0.0164345
0.00414073
-0.00742667
-0.0180034
-0.0274432
-0.0357647
-0.0431128
-0.0496985
-0.0557512
-0.0614849
-0.0670722
-0.0726232
-0.0781704
-0.0836638
-0.088975
-0.0939045
-0.0981918
-0.101541
-0.103672
-0.104385
-0.103611
-0.101431
-0.0981083
-0.0939868
-0.089488
-0.0850349
-0.0810081
-0.0777169
-0.075394
-0.074204
-0.0742473
-0.075585
-0.0782293
-0.0821192
-0.087125
-0.0930429
-0.0995862
-0.106286
-0.112656
-0.118105
-0.122057
-0.123984
-0.123466
-0.12023
-0.114184
-0.105369
-0.0939965
-0.0804087
-0.0651229
-0.0487704
-0.0320827
-0.0157307
-0.000726277
0.012397
0.0231631
0.0313286
0.0368863
0.0400256
0.0410677
0.0403983
0.0384118
0.0354801
0.0319215
0.0280102
0.023969
0.0199791
0.0161839
0.0126922
0.00958018
0.00689338
0.00464929
0.00284102
0.00144197
0.000411162
-0.000301326
-0.0007495
-0.000987348
-0.0010656
-0.00102919
-0.000919814
-0.000766984
-0.000596354
-0.000427133
-0.00027033
-0.000142618
-7.27214e-06
-0.254374
-0.255285
-0.255969
-0.256424
-0.256653
-0.256661
-0.256453
-0.256034
-0.255411
-0.254591
-0.253579
-0.252382
-0.251007
-0.249459
-0.247746
-0.245874
-0.24385
-0.241684
-0.239384
-0.23696
-0.234424
-0.231789
-0.229069
-0.22628
-0.223439
-0.220564
-0.217676
-0.214794
-0.211938
-0.209128
-0.206383
-0.20372
-0.201156
-0.198705
-0.19638
-0.194191
-0.192149
-0.190261
-0.188534
-0.18697
-0.185572
-0.184335
-0.183252
-0.182313
-0.181503
-0.180805
-0.180198
-0.179657
-0.17915
-0.178646
-0.178114
-0.177531
-0.176893
-0.17621
-0.17551
-0.174838
-0.174238
-0.173749
-0.173401
-0.173203
-0.173148
-0.173211
-0.173362
-0.17357
-0.173823
-0.174127
-0.174512
-0.175009
-0.175632
-0.176364
-0.17716
-0.177967
-0.178758
-0.179566
-0.180525
-0.181898
-0.184021
-0.187238
-0.191868
-0.198228
-0.206445
-0.216317
-0.22715
-0.237864
-0.247105
-0.253639
-0.256553
-0.255362
-0.250007
-0.240782
-0.228241
-0.213068
-0.195937
-0.177457
-0.158096
-0.138161
-0.117826
-0.0971821
-0.0762947
-0.0552682
-0.0343033
-0.0137601
0.00586003
0.024032
0.0398881
0.0528488
0.0623208
0.0679105
0.0694848
0.0671928
0.0614453
0.052862
0.0421979
0.0302459
0.0177588
0.00547029
-0.0062237
-0.0169799
-0.0266388
-0.0352034
-0.0427924
-0.0495898
-0.0558056
-0.0616455
-0.0672844
-0.0728398
-0.0783532
-0.0837829
-0.0890077
-0.0938345
-0.0980102
-0.10125
-0.103289
-0.103941
-0.103147
-0.100995
-0.0977296
-0.0937026
-0.0893222
-0.0849964
-0.0810954
-0.0779225
-0.0757078
-0.0746133
-0.0747401
-0.0761326
-0.0788153
-0.0827055
-0.0876687
-0.0934915
-0.0998876
-0.106384
-0.112519
-0.11772
-0.121431
-0.123143
-0.12245
-0.119084
-0.112942
-0.10407
-0.0926704
-0.0790938
-0.0638631
-0.0476242
-0.0311494
-0.0148849
-0.000162031
0.0127276
0.0232923
0.0313002
0.0367496
0.039827
0.0408455
0.0401809
0.0382181
0.0353239
0.0317979
0.0279224
0.0239166
0.0199594
0.016193
0.012725
0.00963091
0.00695617
0.00471846
0.00291154
0.00150978
0.000473276
-0.000246813
-0.000703524
-0.000950055
-0.00103657
-0.00100806
-0.000904919
-0.000757052
-0.000590349
-0.000423837
-0.000269226
-0.000140426
-1.2508e-05
-0.254467
-0.25539
-0.256084
-0.256549
-0.256787
-0.256803
-0.256602
-0.25619
-0.255573
-0.254759
-0.253753
-0.252563
-0.251193
-0.249652
-0.247945
-0.246079
-0.244062
-0.241902
-0.239608
-0.23719
-0.23466
-0.23203
-0.229314
-0.226528
-0.223689
-0.220815
-0.217925
-0.21504
-0.212179
-0.209362
-0.206609
-0.203936
-0.201361
-0.198898
-0.19656
-0.194359
-0.192303
-0.190402
-0.188661
-0.187085
-0.185674
-0.184424
-0.18333
-0.182379
-0.181558
-0.180851
-0.180234
-0.179683
-0.179165
-0.178648
-0.178099
-0.177501
-0.176848
-0.176154
-0.175449
-0.174775
-0.174177
-0.173694
-0.173353
-0.173159
-0.173101
-0.173155
-0.173288
-0.173473
-0.173701
-0.173987
-0.174364
-0.174869
-0.175514
-0.176274
-0.177096
-0.177919
-0.178711
-0.179513
-0.180483
-0.181902
-0.184127
-0.187512
-0.192409
-0.199062
-0.20756
-0.217605
-0.228464
-0.238998
-0.247917
-0.254071
-0.256621
-0.255129
-0.249558
-0.24021
-0.227616
-0.212434
-0.195321
-0.176858
-0.157487
-0.13751
-0.117103
-0.0963597
-0.0753583
-0.054216
-0.0331479
-0.0125189
0.00716986
0.0253425
0.0412179
0.0541631
0.0636015
0.0691379
0.0706392
0.0682544
0.0623933
0.0536749
0.0428515
0.0307048
0.0179729
0.00543476
-0.00649588
-0.0174575
-0.0272787
-0.0359513
-0.0435913
-0.0503912
-0.0565755
-0.0623641
-0.0679414
-0.0734304
-0.0788742
-0.0842311
-0.0893782
-0.0941191
-0.0981981
-0.101333
-0.103266
-0.103826
-0.102967
-0.100772
-0.0974604
-0.0934504
-0.0891092
-0.0848369
-0.0809991
-0.0778962
-0.0757568
-0.0747417
-0.0749527
-0.0764603
-0.0792179
-0.083186
-0.0882157
-0.0940793
-0.100462
-0.106929
-0.112973
-0.118043
-0.121589
-0.123119
-0.12224
-0.1187
-0.112404
-0.103396
-0.0918802
-0.0782385
-0.0629787
-0.0467505
-0.0302929
-0.0142043
0.000443315
0.0132041
0.0236383
0.0315246
0.0368678
0.039858
0.0408097
0.0400986
0.0381033
0.0351687
0.0316416
0.027769
0.0237726
0.01983
0.0160817
0.0126334
0.00955932
0.00690335
0.00468233
0.00288949
0.00149901
0.000471094
-0.000242835
-0.000695459
-0.000939614
-0.00102518
-0.000996734
-0.000892516
-0.000745638
-0.000580049
-0.000414635
-0.000261551
-0.000132179
-1.11841e-05
-0.273051
-0.272894
-0.272934
-0.2731
-0.273292
-0.273403
-0.273382
-0.273242
-0.273027
-0.272783
-0.272545
-0.272335
-0.272159
-0.27201
-0.271873
-0.271734
-0.271582
-0.271416
-0.271241
-0.271062
-0.270883
-0.270707
-0.270533
-0.270367
-0.270215
-0.270093
-0.270025
-0.270045
-0.270195
-0.270528
-0.271116
-0.272057
-0.27348
-0.275553
-0.278463
-0.282354
-0.28723
-0.292799
-0.298414
-0.303196
-0.306228
-0.306759
-0.304315
-0.298688
-0.289873
-0.277977
-0.263156
-0.245586
-0.225488
-0.203124
-0.178887
-0.1533
-0.127047
-0.100953
-0.0759323
-0.0529224
-0.0327834
-0.0162145
-0.00367748
0.00462142
0.00872748
0.00893182
0.00571878
-0.000310658
-0.00850193
-0.018202
-0.0288026
-0.0397692
-0.0506668
-0.0611516
-0.0709487
-0.0799124
-0.0879457
-0.0950131
-0.101117
-0.106286
-0.110567
-0.114013
-0.116679
-0.11862
-0.119896
-0.120569
-0.120712
-0.120406
-0.119742
-0.118816
-0.117721
-0.116543
-0.115352
-0.114205
-0.113139
-0.112165
-0.111255
-0.110335
-0.109308
-0.108073
-0.106547
-0.10467
-0.10243
-0.0998372
-0.0969538
-0.0939057
-0.0908847
-0.0881362
-0.0859273
-0.0845066
-0.0840674
-0.0847368
-0.0865998
-0.0897512
-0.0943408
-0.100598
-0.108695
-0.118783
-0.130738
-0.144082
-0.158019
-0.17155
-0.183678
-0.193584
-0.200701
-0.204727
-0.205574
-0.203295
-0.198028
-0.189964
-0.179342
-0.166453
-0.151695
-0.135525
-0.118476
-0.101116
-0.084
-0.0676315
-0.0524204
-0.0386626
-0.0265318
-0.0160874
-0.0072947
-5.06522e-05
0.0057884
0.0103793
0.0138739
0.0164043
0.0180768
0.0189735
0.0191598
0.0186935
0.017635
0.0160523
0.0140133
0.0115827
0.008891
0.0059828
0.00293419
-0.000190661
-0.00334505
-0.00651184
-0.00972398
-0.013081
-0.0167415
-0.0208771
-0.0256017
-0.0309042
-0.0366138
-0.0424117
-0.0478796
-0.0525712
-0.0560851
-0.0581232
-0.058521
-0.0572425
-0.0544084
-0.0502215
-0.0450108
-0.0390817
-0.0327161
-0.0263332
-0.0201456
-0.0143739
-0.00917488
-0.00464652
-0.000835087
0.00225589
0.00465585
0.00641752
0.00760844
0.0083037
0.00858035
0.00851315
0.00817166
0.00761842
0.00690787
0.00608573
0.00519027
0.00425235
0.00329447
0.00233279
0.00138234
0.000431427
-0.273101
-0.272972
-0.27302
-0.273162
-0.273311
-0.273378
-0.273327
-0.273177
-0.27297
-0.272744
-0.272527
-0.272332
-0.272164
-0.272017
-0.271876
-0.271731
-0.271574
-0.271405
-0.271231
-0.271055
-0.270883
-0.270715
-0.270552
-0.270398
-0.270258
-0.270146
-0.270086
-0.270107
-0.270252
-0.270571
-0.27113
-0.272019
-0.273356
-0.275292
-0.278008
-0.281661
-0.2863
-0.291714
-0.297323
-0.302253
-0.305536
-0.306346
-0.30415
-0.298723
-0.290067
-0.278309
-0.263629
-0.246214
-0.226273
-0.204065
-0.179967
-0.154496
-0.128328
-0.102285
-0.0772808
-0.054266
-0.0341072
-0.0175055
-0.0049331
0.00339799
0.00754143
0.00779646
0.00464848
-0.00130052
-0.00939611
-0.0189868
-0.0294672
-0.0403059
-0.0510626
-0.0614011
-0.0710799
-0.0799262
-0.0878587
-0.094845
-0.100884
-0.106001
-0.11024
-0.113651
-0.116284
-0.118196
-0.119442
-0.120087
-0.120207
-0.119888
-0.119223
-0.11831
-0.117245
-0.116109
-0.114968
-0.113873
-0.112859
-0.111937
-0.111079
-0.110215
-0.109243
-0.10806
-0.106582
-0.104759
-0.102563
-0.100008
-0.0971551
-0.0941249
-0.0911058
-0.0883423
-0.086104
-0.0846442
-0.0841604
-0.0847796
-0.0865799
-0.0896438
-0.0941087
-0.100158
-0.108054
-0.117924
-0.129708
-0.142992
-0.157012
-0.170709
-0.183081
-0.19324
-0.200585
-0.204801
-0.205801
-0.203646
-0.19848
-0.1905
-0.179942
-0.167107
-0.152365
-0.136187
-0.119111
-0.101707
-0.0845413
-0.0681234
-0.0528707
-0.0390837
-0.026938
-0.0164924
-0.0077108
-0.000486153
0.00533025
0.00990239
0.013387
0.0159199
0.0176098
0.0185407
0.0187781
0.0183791
0.0174006
0.0159066
0.0139685
0.0116629
0.0090518
0.00621136
0.00320813
0.000104463
-0.003048
-0.00622172
-0.00943632
-0.0127803
-0.016409
-0.0205019
-0.0251884
-0.0304736
-0.036199
-0.04205
-0.0476043
-0.0524039
-0.0560327
-0.0581782
-0.0586638
-0.0574531
-0.0546567
-0.0505198
-0.0452954
-0.0393417
-0.0329734
-0.0265524
-0.0203313
-0.0145274
-0.0092982
-0.00474252
-0.000907105
0.00220433
0.00462126
0.00639665
0.00759832
0.00830176
0.00858436
0.00852124
0.0081823
0.00763035
0.00692005
0.00609738
0.00520261
0.00426346
0.00330441
0.0023411
0.00139103
0.000432988
-0.273137
-0.27302
-0.273083
-0.273225
-0.273356
-0.273393
-0.273312
-0.273142
-0.27293
-0.27271
-0.272505
-0.272323
-0.272164
-0.272021
-0.27188
-0.271731
-0.271569
-0.271398
-0.271222
-0.271049
-0.270881
-0.27072
-0.270566
-0.270421
-0.270289
-0.27018
-0.270118
-0.270131
-0.270257
-0.270544
-0.27105
-0.271861
-0.273084
-0.274867
-0.277428
-0.281002
-0.285747
-0.291509
-0.29766
-0.303175
-0.30693
-0.308015
-0.305904
-0.300437
-0.291693
-0.27986
-0.265156
-0.247756
-0.22785
-0.20571
-0.181676
-0.156248
-0.130094
-0.104044
-0.0790186
-0.055983
-0.0357879
-0.019144
-0.00653625
0.00182278
0.00599176
0.00627352
0.00315747
-0.00275006
-0.0107916
-0.0203138
-0.030711
-0.0414533
-0.0521069
-0.06234
-0.0719097
-0.0806452
-0.0884598
-0.0953441
-0.101297
-0.106346
-0.110532
-0.113903
-0.116504
-0.118384
-0.119593
-0.120192
-0.120255
-0.119869
-0.119134
-0.118156
-0.117037
-0.115864
-0.114707
-0.113617
-0.112625
-0.11174
-0.110933
-0.11013
-0.109222
-0.1081
-0.106675
-0.104894
-0.102731
-0.100196
-0.0973454
-0.0942951
-0.0912334
-0.0884084
-0.0860978
-0.0845635
-0.0840083
-0.084556
-0.0862739
-0.0892313
-0.0935583
-0.0994753
-0.10725
-0.117103
-0.129053
-0.142695
-0.157163
-0.171346
-0.184112
-0.194533
-0.20201
-0.20626
-0.20724
-0.205045
-0.199841
-0.191824
-0.181217
-0.168313
-0.153477
-0.137173
-0.11995
-0.102391
-0.0850773
-0.0685346
-0.0531902
-0.03935
-0.0271859
-0.0167513
-0.00800457
-0.000828251
0.00493639
0.00946174
0.012911
0.0154239
0.0171112
0.0180563
0.0183234
0.017967
0.017042
0.0156091
0.0137352
0.011498
0.0089607
0.00619957
0.00326795
0.000224259
-0.00288126
-0.00601871
-0.00920103
-0.0125104
-0.0161032
-0.0201701
-0.0248581
-0.030188
-0.0360069
-0.041992
-0.0477022
-0.0526561
-0.0564167
-0.0586569
-0.0591945
-0.0579985
-0.0551892
-0.0509849
-0.0456917
-0.0396556
-0.0332147
-0.0267132
-0.0204214
-0.0145584
-0.00928261
-0.00469261
-0.000834154
0.00229058
0.00471285
0.00648746
0.00768397
0.00837935
0.00865229
0.00857887
0.00822976
0.00766828
0.00694945
0.00611986
0.00521818
0.00427416
0.00331153
0.00234516
0.00139521
0.000428742
-0.273153
-0.273052
-0.273141
-0.273302
-0.273431
-0.273447
-0.273333
-0.273132
-0.272902
-0.272678
-0.272479
-0.272307
-0.27216
-0.272023
-0.271884
-0.271733
-0.271568
-0.271392
-0.271215
-0.271042
-0.270878
-0.270724
-0.270579
-0.270442
-0.270315
-0.270206
-0.270135
-0.270128
-0.270219
-0.270452
-0.270872
-0.271569
-0.272636
-0.274262
-0.276759
-0.280529
-0.285862
-0.292559
-0.299746
-0.306087
-0.310267
-0.31138
-0.309033
-0.303228
-0.294169
-0.282124
-0.267299
-0.24988
-0.23003
-0.207965
-0.184004
-0.158632
-0.132514
-0.106493
-0.0814765
-0.0584546
-0.0382846
-0.0216822
-0.00912924
-0.000830064
0.00328641
0.00353317
0.000407593
-0.00547825
-0.0134641
-0.0228968
-0.0331731
-0.0437685
-0.0542548
-0.0643042
-0.0736835
-0.082245
-0.0898833
-0.0966137
-0.10244
-0.107396
-0.111524
-0.114867
-0.11746
-0.119339
-0.12054
-0.12111
-0.121111
-0.120628
-0.119762
-0.118629
-0.117345
-0.116017
-0.114729
-0.113544
-0.112499
-0.1116
-0.110815
-0.11006
-0.109215
-0.108157
-0.10679
-0.105054
-0.10292
-0.100397
-0.0975307
-0.0944348
-0.091298
-0.0883747
-0.085954
-0.0843102
-0.0836529
-0.0841024
-0.0857138
-0.0885476
-0.0927471
-0.0985675
-0.10637
-0.116501
-0.129049
-0.143483
-0.158789
-0.173645
-0.186809
-0.197362
-0.204778
-0.208864
-0.209651
-0.207285
-0.201951
-0.193824
-0.183108
-0.170075
-0.155074
-0.138562
-0.121109
-0.103312
-0.0857796
-0.0690559
-0.0535814
-0.0396653
-0.0274809
-0.0170755
-0.00839254
-0.00130014
0.00437482
0.00881638
0.012196
0.0146583
0.0163154
0.0172495
0.0175222
0.0171846
0.0162885
0.0148928
0.0130648
0.0108827
0.00841504
0.00574654
0.00292248
-5.05538e-06
-0.00299442
-0.0060262
-0.00912017
-0.0123612
-0.0159088
-0.019963
-0.024685
-0.0301067
-0.036073
-0.0422429
-0.0481456
-0.0532696
-0.0571555
-0.0594653
-0.0600168
-0.0587866
-0.0559022
-0.0515953
-0.0461836
-0.0400215
-0.0334634
-0.0268503
-0.0204627
-0.0145226
-0.00918908
-0.00455976
-0.000678433
0.00245539
0.00487588
0.00664074
0.00782219
0.00849948
0.00875314
0.0086607
0.00829379
0.00771643
0.00698405
0.00614363
0.00523275
0.00428212
0.00331508
0.00234558
0.00139613
0.000421687
-0.273141
-0.273074
-0.273201
-0.273394
-0.273533
-0.273531
-0.27338
-0.273141
-0.272883
-0.272648
-0.272451
-0.272289
-0.272152
-0.272025
-0.27189
-0.271738
-0.271568
-0.271389
-0.271209
-0.271038
-0.270879
-0.270734
-0.2706
-0.270472
-0.27035
-0.270237
-0.270147
-0.270103
-0.270132
-0.270271
-0.270566
-0.271081
-0.271946
-0.273436
-0.276047
-0.280393
-0.286812
-0.294856
-0.303215
-0.310222
-0.314502
-0.315309
-0.312476
-0.306187
-0.296764
-0.284497
-0.2696
-0.252213
-0.232456
-0.210508
-0.18667
-0.161419
-0.135415
-0.109506
-0.0846218
-0.0617445
-0.041746
-0.0253344
-0.0129782
-0.00486471
-0.000904057
-0.000767585
-0.0039474
-0.00982582
-0.0177417
-0.0270453
-0.0371401
-0.0475105
-0.0577379
-0.0675051
-0.0765904
-0.0848487
-0.0922481
-0.0987486
-0.104389
-0.109216
-0.113277
-0.11661
-0.11924
-0.12118
-0.122445
-0.123053
-0.123045
-0.122488
-0.121477
-0.12013
-0.11858
-0.116956
-0.115376
-0.113931
-0.112679
-0.11164
-0.110781
-0.110011
-0.109193
-0.108185
-0.106875
-0.105191
-0.103096
-0.100584
-0.097697
-0.0945417
-0.0913066
-0.0882536
-0.0856857
-0.0838933
-0.0830971
-0.0834165
-0.0848984
-0.0876022
-0.0916961
-0.0975211
-0.105581
-0.116355
-0.129934
-0.145522
-0.161811
-0.177287
-0.190681
-0.201164
-0.208334
-0.212117
-0.212623
-0.210036
-0.20455
-0.196302
-0.185469
-0.172286
-0.157085
-0.140316
-0.122581
-0.104492
-0.0866969
-0.0697563
-0.0541302
-0.0401373
-0.0279479
-0.0175969
-0.00901036
-0.00203797
0.0035102
0.00783175
0.0111074
0.0134866
0.0150824
0.0159756
0.0162244
0.0158765
0.0149806
0.0135945
0.0117871
0.00963584
0.0072234
0.00463816
0.00193575
-0.000834149
-0.00364175
-0.0064882
-0.00941639
-0.0125292
-0.0159965
-0.0200252
-0.0247824
-0.0303021
-0.0364198
-0.0427712
-0.0488539
-0.0541272
-0.0581121
-0.0604631
-0.0609998
-0.059707
-0.0567214
-0.0522875
-0.0467326
-0.0404231
-0.0337264
-0.0269864
-0.0204911
-0.0144658
-0.00906972
-0.0043994
-0.000496045
0.00264411
0.0050588
0.0068092
0.00797071
0.00862526
0.00885553
0.00874066
0.00835336
0.00775831
0.00701136
0.00615932
0.00524006
0.00428358
0.00331327
0.00234208
0.00139445
0.000414366
-0.273095
-0.273083
-0.273255
-0.27349
-0.273646
-0.273631
-0.273446
-0.273167
-0.272877
-0.272625
-0.272426
-0.272272
-0.272147
-0.272028
-0.271896
-0.271743
-0.27157
-0.271387
-0.271206
-0.271039
-0.270889
-0.270758
-0.270639
-0.270526
-0.270409
-0.270286
-0.270161
-0.270049
-0.26997
-0.269953
-0.270033
-0.270283
-0.270898
-0.272316
-0.275278
-0.28057
-0.288396
-0.29786
-0.307186
-0.314514
-0.31859
-0.318915
-0.315549
-0.308822
-0.299115
-0.286719
-0.271819
-0.254515
-0.234894
-0.213112
-0.18946
-0.164405
-0.138617
-0.112949
-0.0883477
-0.0657916
-0.0461528
-0.0301224
-0.018143
-0.010374
-0.006699
-0.00676855
-0.0100621
-0.0159569
-0.0237936
-0.0329299
-0.0427802
-0.0528425
-0.0627131
-0.0720906
-0.080771
-0.0886359
-0.095656
-0.10183
-0.107209
-0.111857
-0.115831
-0.119168
-0.12188
-0.123956
-0.125376
-0.126125
-0.126206
-0.125655
-0.124546
-0.122991
-0.121126
-0.119105
-0.117077
-0.115177
-0.113506
-0.112119
-0.111003
-0.110071
-0.10918
-0.108167
-0.10689
-0.105254
-0.103202
-0.10071
-0.0978054
-0.0945853
-0.0912348
-0.0880235
-0.0852703
-0.0832863
-0.0823095
-0.0824652
-0.0837987
-0.0863799
-0.0904299
-0.0964206
-0.105023
-0.116802
-0.131759
-0.148624
-0.165822
-0.181731
-0.195152
-0.205401
-0.212222
-0.21565
-0.215862
-0.213079
-0.207452
-0.199108
-0.188173
-0.174837
-0.159423
-0.142357
-0.124311
-0.105893
-0.0878036
-0.0706281
-0.054848
-0.0407897
-0.0286175
-0.0183507
-0.00989471
-0.00307832
0.00230697
0.006473
0.0096097
0.0118706
0.0133691
0.0141836
0.0143687
0.0139689
0.0130312
0.0116134
0.00978737
0.00763671
0.00525228
0.00272685
0.0001349
-0.00246944
-0.00506247
-0.00766459
-0.0103497
-0.0132536
-0.0165703
-0.0205183
-0.0252663
-0.0308421
-0.0370658
-0.0435488
-0.0497604
-0.0551355
-0.0591798
-0.0615415
-0.0620416
-0.0606701
-0.0575709
-0.0529994
-0.0472929
-0.0408295
-0.0339878
-0.0271178
-0.0205136
-0.0144034
-0.0089468
-0.00423862
-0.000317143
0.00282511
0.00522985
0.0069621
0.0081007
0.00873042
0.00893614
0.00879859
0.0083915
0.0077801
0.00702043
0.0061594
0.00523396
0.00427437
0.00330352
0.00233338
0.00138957
0.000408207
-0.273013
-0.273072
-0.273291
-0.27357
-0.273748
-0.27373
-0.273518
-0.273205
-0.272885
-0.272616
-0.272413
-0.272263
-0.272145
-0.272032
-0.271902
-0.271747
-0.271571
-0.271387
-0.271209
-0.27105
-0.270917
-0.270809
-0.270716
-0.270625
-0.270515
-0.270372
-0.270186
-0.269958
-0.269696
-0.269423
-0.26917
-0.26905
-0.269375
-0.270811
-0.274345
-0.280807
-0.290088
-0.300776
-0.310748
-0.318131
-0.321884
-0.321754
-0.31797
-0.310948
-0.301084
-0.288658
-0.273821
-0.256651
-0.237212
-0.215643
-0.192233
-0.167457
-0.142
-0.116724
-0.0925907
-0.0705674
-0.0515116
-0.0360831
-0.0246853
-0.0174376
-0.0141894
-0.0145663
-0.018034
-0.023967
-0.0317113
-0.0406366
-0.0501735
-0.0598384
-0.0692472
-0.0781192
-0.0862728
-0.0936164
-0.10014
-0.105883
-0.110913
-0.115321
-0.119181
-0.12253
-0.125365
-0.12765
-0.129323
-0.130323
-0.130608
-0.13017
-0.129054
-0.127349
-0.125188
-0.122733
-0.120164
-0.117654
-0.115357
-0.11338
-0.111758
-0.110438
-0.10929
-0.108141
-0.106822
-0.1052
-0.103182
-0.100716
-0.0978018
-0.0945204
-0.0910468
-0.0876554
-0.0846826
-0.0824645
-0.0812639
-0.0812235
-0.0823974
-0.0848824
-0.0889831
-0.0953314
-0.104757
-0.11779
-0.13431
-0.152361
-0.170285
-0.186431
-0.199735
-0.209674
-0.216125
-0.219214
-0.21917
-0.216235
-0.210528
-0.202133
-0.191122
-0.177645
-0.162021
-0.14462
-0.12624
-0.107478
-0.0890723
-0.0716574
-0.0557344
-0.0416336
-0.0295098
-0.0193632
-0.0110756
-0.00445272
0.000733451
0.00470878
0.00767119
0.00977689
0.0111379
0.0118294
0.0119022
0.0113985
0.0103648
0.00886188
0.00696746
0.00477458
0.00238385
-0.000103626
-0.00260027
-0.00504475
-0.00741437
-0.00974146
-0.0121259
-0.0147394
-0.0178108
-0.0215812
-0.0262263
-0.0317667
-0.0380061
-0.0445336
-0.0507955
-0.0562078
-0.060264
-0.0626059
-0.0630519
-0.0615933
-0.0583788
-0.0536715
-0.0478172
-0.0412053
-0.0342246
-0.0272321
-0.0205272
-0.0143406
-0.00883203
-0.00409416
-0.000162014
0.0029759
0.00536556
0.00707598
0.00818955
0.00879385
0.00897583
0.00881762
0.00839375
0.0077697
0.00700148
0.00613552
0.00520875
0.00425046
0.00328315
0.00231795
0.00138053
0.000404175
-0.272896
-0.273034
-0.273296
-0.273617
-0.273821
-0.273807
-0.273585
-0.273251
-0.27291
-0.272628
-0.272419
-0.27227
-0.272153
-0.27204
-0.271908
-0.27175
-0.271572
-0.271389
-0.271219
-0.271077
-0.270971
-0.2709
-0.270849
-0.270792
-0.270696
-0.270521
-0.270238
-0.269828
-0.269287
-0.268628
-0.267905
-0.267309
-0.267328
-0.268874
-0.273116
-0.280778
-0.291347
-0.302962
-0.313322
-0.320649
-0.324129
-0.323688
-0.319667
-0.312507
-0.302613
-0.290247
-0.275535
-0.258536
-0.239306
-0.217986
-0.194876
-0.170471
-0.145479
-0.120773
-0.097318
-0.0760625
-0.0578309
-0.0432362
-0.032628
-0.0260751
-0.0233865
-0.0241605
-0.0278506
-0.0338314
-0.0414597
-0.0501224
-0.0592715
-0.0684466
-0.0772871
-0.0855369
-0.0930411
-0.0997384
-0.10565
-0.110848
-0.115442
-0.11955
-0.123268
-0.126637
-0.129642
-0.132212
-0.13424
-0.135607
-0.136215
-0.136008
-0.134987
-0.133216
-0.130813
-0.127944
-0.124802
-0.121596
-0.118522
-0.115745
-0.113364
-0.111386
-0.109727
-0.108231
-0.106717
-0.105017
-0.10299
-0.100539
-0.0976226
-0.0942882
-0.0906964
-0.0871165
-0.0839005
-0.0814133
-0.0799514
-0.0796882
-0.0807022
-0.0831366
-0.0874013
-0.0942932
-0.104753
-0.119113
-0.137248
-0.156256
-0.174722
-0.190963
-0.204087
-0.213713
-0.21983
-0.22264
-0.222409
-0.219396
-0.213676
-0.205283
-0.194233
-0.180632
-0.164766
-0.147085
-0.128323
-0.109195
-0.0904732
-0.072832
-0.0567922
-0.0426848
-0.0306509
-0.0206673
-0.0125891
-0.00619731
-0.00124461
0.00250742
0.00526244
0.00717677
0.00835904
0.00887957
0.00878545
0.00811727
0.00692359
0.00527072
0.0032463
0.00095633
-0.00148406
-0.00396091
-0.00637769
-0.00866601
-0.0108045
-0.012835
-0.0148756
-0.017126
-0.0198493
-0.0233174
-0.0277241
-0.0330929
-0.0392179
-0.0456719
-0.0518844
-0.0572569
-0.0612717
-0.0635619
-0.0639392
-0.0623914
-0.0590683
-0.0542368
-0.0482495
-0.0415058
-0.0344039
-0.0273069
-0.020519
-0.0142727
-0.00872715
-0.00397291
-4.1387e-05
0.00308313
0.00545095
0.00713516
0.00822157
0.00880042
0.0089605
0.00878498
0.00834883
0.00771748
0.00694648
0.00608161
0.00515938
0.00420806
0.00324947
0.00229407
0.00136615
0.000402642
-0.272753
-0.272971
-0.273268
-0.273624
-0.273853
-0.273854
-0.273637
-0.2733
-0.272954
-0.272665
-0.272451
-0.272298
-0.272176
-0.272055
-0.271916
-0.271752
-0.271572
-0.271393
-0.271236
-0.27112
-0.271055
-0.271039
-0.271051
-0.27105
-0.270975
-0.27076
-0.270343
-0.269678
-0.26875
-0.267573
-0.266255
-0.265112
-0.264835
-0.266562
-0.271531
-0.280255
-0.291829
-0.304078
-0.31467
-0.32195
-0.325288
-0.324723
-0.320642
-0.313491
-0.303673
-0.291434
-0.276886
-0.26008
-0.241079
-0.220042
-0.197297
-0.173371
-0.148995
-0.125055
-0.102506
-0.0822617
-0.0650958
-0.0515575
-0.0419298
-0.0362228
-0.0342013
-0.0354373
-0.0393751
-0.045395
-0.0528703
-0.0612107
-0.0698946
-0.0784883
-0.0866582
-0.0941756
-0.100915
-0.106848
-0.112032
-0.116582
-0.120656
-0.124409
-0.127962
-0.131368
-0.134597
-0.137541
-0.140035
-0.141895
-0.142955
-0.143101
-0.142286
-0.140541
-0.137967
-0.134725
-0.13102
-0.127082
-0.123147
-0.119427
-0.116083
-0.113195
-0.110748
-0.108637
-0.106701
-0.104754
-0.102615
-0.100129
-0.0971992
-0.0938238
-0.0901284
-0.0863698
-0.0829063
-0.080132
-0.0783857
-0.0778866
-0.078754
-0.0811977
-0.0857398
-0.0933204
-0.104936
-0.120793
-0.139969
-0.159899
-0.178782
-0.19504
-0.207978
-0.217333
-0.223184
-0.225799
-0.225486
-0.222463
-0.216807
-0.208479
-0.197429
-0.183722
-0.167625
-0.149634
-0.130491
-0.110998
-0.0919764
-0.0741404
-0.0580274
-0.0439641
-0.0320717
-0.0222993
-0.0144724
-0.00834686
-0.00365727
-0.000155572
0.00236401
0.00405442
0.00501809
0.00531904
0.00500022
0.00410182
0.00267664
0.000800144
-0.00142612
-0.0038787
-0.00642293
-0.00892789
-0.0112868
-0.0134225
-0.0153165
-0.0170219
-0.0186725
-0.0204887
-0.0227596
-0.0257871
-0.0297934
-0.0348204
-0.0406677
-0.0469037
-0.0529483
-0.058192
-0.0621053
-0.0643092
-0.064604
-0.0629696
-0.0595507
-0.0546157
-0.0485211
-0.0416744
-0.0344807
-0.0273084
-0.020465
-0.014184
-0.0086238
-0.00387211
4.32559e-05
0.00314222
0.00547936
0.00713166
0.0081881
0.00874129
0.00888147
0.00869244
0.00824918
0.00761662
0.00684952
0.00599267
0.00508172
0.00414385
0.00319991
0.00225989
0.00134519
0.000403201
-0.272604
-0.272893
-0.273214
-0.273596
-0.273849
-0.27387
-0.273672
-0.273351
-0.273014
-0.272728
-0.272512
-0.27235
-0.272216
-0.272082
-0.271929
-0.271755
-0.27157
-0.271395
-0.271256
-0.271176
-0.271168
-0.271229
-0.271329
-0.271407
-0.271372
-0.271115
-0.270534
-0.269556
-0.268146
-0.266353
-0.264364
-0.262653
-0.262114
-0.26404
-0.269641
-0.279165
-0.291417
-0.304046
-0.314797
-0.322087
-0.325425
-0.324895
-0.32089
-0.313872
-0.304218
-0.292155
-0.277791
-0.261186
-0.242429
-0.221716
-0.199413
-0.17609
-0.152501
-0.129536
-0.108123
-0.0891267
-0.0732487
-0.06096
-0.0524677
-0.0477186
-0.0464337
-0.0481619
-0.052344
-0.0583727
-0.0656439
-0.0735961
-0.0817377
-0.089665
-0.0970729
-0.103761
-0.109634
-0.1147
-0.119054
-0.122865
-0.126342
-0.129689
-0.133062
-0.136529
-0.140047
-0.143464
-0.146549
-0.14904
-0.150694
-0.151327
-0.150838
-0.149221
-0.146555
-0.142995
-0.138755
-0.134084
-0.129249
-0.124503
-0.12006
-0.116069
-0.11259
-0.109592
-0.106963
-0.104534
-0.102105
-0.0994751
-0.0964854
-0.0930666
-0.0892889
-0.0853785
-0.0816885
-0.0786354
-0.0766052
-0.0758759
-0.0766268
-0.0791464
-0.0840609
-0.0924093
-0.105167
-0.122322
-0.142467
-0.163083
-0.182212
-0.198477
-0.211262
-0.220411
-0.226079
-0.228589
-0.22828
-0.225357
-0.219847
-0.211643
-0.20063
-0.186829
-0.170502
-0.152189
-0.132672
-0.112834
-0.0935503
-0.075573
-0.0594498
-0.0454959
-0.0338058
-0.0242957
-0.0167597
-0.0109293
-0.00652419
-0.00329099
-0.00102669
0.000413921
0.00112389
0.00115924
0.000558548
-0.000637207
-0.00236858
-0.00454744
-0.00705413
-0.009743
-0.0124553
-0.0150378
-0.0173723
-0.019366
-0.0210031
-0.0223489
-0.0235537
-0.0248563
-0.0265658
-0.0290089
-0.0324394
-0.0369323
-0.042313
-0.0481629
-0.0539029
-0.0589159
-0.0626592
-0.0647378
-0.064936
-0.0632199
-0.0597245
-0.0547166
-0.048552
-0.0416433
-0.0343998
-0.0271932
-0.0203323
-0.0140509
-0.00850561
-0.00378135
9.77416e-05
0.00315563
0.00545082
0.00706385
0.00808643
0.00861308
0.00873498
0.00853609
0.00809089
0.00746337
0.00670704
0.00586542
0.00497284
0.00405527
0.00313235
0.00221372
0.00131669
0.000404656
-0.272479
-0.272827
-0.273161
-0.273554
-0.273821
-0.273864
-0.273694
-0.273403
-0.273089
-0.272815
-0.272598
-0.272427
-0.272276
-0.272122
-0.271949
-0.271759
-0.271565
-0.271392
-0.271272
-0.271234
-0.271296
-0.271453
-0.271666
-0.27185
-0.271878
-0.271593
-0.270844
-0.269526
-0.267594
-0.265146
-0.262477
-0.260229
-0.259465
-0.26155
-0.267594
-0.277592
-0.290206
-0.303007
-0.31381
-0.321161
-0.324602
-0.324228
-0.320427
-0.313635
-0.304197
-0.292328
-0.278149
-0.261747
-0.243252
-0.222912
-0.201148
-0.178569
-0.155952
-0.134173
-0.114117
-0.0965792
-0.0821737
-0.0712819
-0.0640297
-0.0603007
-0.0597755
-0.0619866
-0.0663787
-0.0723642
-0.0793685
-0.0868638
-0.0943918
-0.10158
-0.108152
-0.113934
-0.118861
-0.122975
-0.126419
-0.129414
-0.132229
-0.135127
-0.138312
-0.141872
-0.14575
-0.149747
-0.153556
-0.156826
-0.159224
-0.160489
-0.16046
-0.159085
-0.15642
-0.152612
-0.147879
-0.142494
-0.136749
-0.130937
-0.125319
-0.120099
-0.115409
-0.111292
-0.107706
-0.10453
-0.101579
-0.0986321
-0.0954798
-0.0919832
-0.0881382
-0.0841148
-0.0802435
-0.0769518
-0.0746695
-0.0737349
-0.0744195
-0.0770803
-0.0824301
-0.091552
-0.10534
-0.123554
-0.144482
-0.165586
-0.184889
-0.201147
-0.213823
-0.222841
-0.22842
-0.230932
-0.230733
-0.228006
-0.222721
-0.214695
-0.203742
-0.189852
-0.173295
-0.154657
-0.134788
-0.114645
-0.0951634
-0.0771228
-0.0610727
-0.0473068
-0.0358855
-0.0266875
-0.0194755
-0.0139589
-0.00984756
-0.00688895
-0.00488865
-0.00371411
-0.00328507
-0.00355519
-0.00449038
-0.00604765
-0.00815846
-0.0107186
-0.0135862
-0.0165889
-0.0195392
-0.022256
-0.0246121
-0.0264861
-0.0278639
-0.02882
-0.0295205
-0.030223
-0.0312557
-0.032967
-0.035642
-0.0393982
-0.0441061
-0.0493813
-0.0546608
-0.0593261
-0.0628207
-0.0647295
-0.0648154
-0.0630254
-0.0594799
-0.0544395
-0.0482544
-0.0413376
-0.0340994
-0.0269114
-0.020082
-0.0138437
-0.00835059
-0.00368478
0.000133177
0.0031309
0.00537033
0.00693491
0.00791849
0.00841679
0.00852138
0.00831577
0.00787339
0.00725682
0.00651791
0.00569849
0.00483129
0.00394087
0.00304538
0.0021543
0.00128009
0.000405223
-0.272416
-0.272805
-0.273137
-0.27353
-0.273798
-0.273854
-0.273713
-0.273456
-0.273173
-0.272917
-0.272704
-0.272523
-0.272354
-0.272175
-0.271977
-0.271764
-0.271555
-0.27138
-0.271277
-0.271283
-0.27142
-0.271683
-0.272025
-0.272337
-0.272453
-0.272168
-0.271277
-0.269643
-0.267219
-0.264155
-0.260869
-0.258158
-0.257203
-0.259359
-0.265609
-0.27576
-0.288392
-0.301154
-0.31192
-0.319338
-0.322953
-0.322814
-0.319285
-0.312754
-0.303537
-0.29185
-0.27784
-0.261637
-0.243432
-0.223535
-0.202426
-0.180752
-0.159296
-0.138906
-0.120403
-0.104493
-0.0916928
-0.0822877
-0.0763219
-0.0736198
-0.0738288
-0.0764734
-0.0810114
-0.0868832
-0.09355
-0.100522
-0.107376
-0.113771
-0.119456
-0.124282
-0.128211
-0.131318
-0.133791
-0.13591
-0.138012
-0.140432
-0.143428
-0.147116
-0.151429
-0.156115
-0.160782
-0.164979
-0.168274
-0.17032
-0.170889
-0.169882
-0.167327
-0.163358
-0.158199
-0.152139
-0.145501
-0.138615
-0.131785
-0.125268
-0.119253
-0.113852
-0.109095
-0.104924
-0.101201
-0.097718
-0.0942451
-0.0905879
-0.0866649
-0.0825688
-0.0785797
-0.0751193
-0.0726508
-0.0715722
-0.0722436
-0.0751023
-0.0809119
-0.0907462
-0.105384
-0.124386
-0.145863
-0.167291
-0.186707
-0.202958
-0.215578
-0.224547
-0.230142
-0.232767
-0.232789
-0.230351
-0.225357
-0.217542
-0.20666
-0.192675
-0.175882
-0.156932
-0.136751
-0.116374
-0.0967859
-0.0787857
-0.0629106
-0.0494213
-0.0383362
-0.0294943
-0.0226279
-0.0174298
-0.0136066
-0.0109142
-0.00917337
-0.00826935
-0.00813795
-0.00874411
-0.0100582
-0.0120339
-0.0145911
-0.0176061
-0.020911
-0.0243029
-0.0275617
-0.0304694
-0.0329059
-0.0346932
-0.0358248
-0.0363767
-0.0365252
-0.0365457
-0.0367867
-0.0376196
-0.0393616
-0.0421782
-0.0459991
-0.0504955
-0.0551399
-0.0593234
-0.062478
-0.0641652
-0.064121
-0.0622681
-0.0587066
-0.0536829
-0.0475392
-0.0406812
-0.0335158
-0.0264111
-0.0196726
-0.0135297
-0.00813365
-0.00356331
0.000164001
0.00307898
0.00524628
0.0067514
0.00768948
0.00815668
0.00824414
0.00803427
0.00759887
0.00699857
0.00628316
0.00549241
0.00465718
0.00380037
0.00293856
0.00208101
0.00123536
0.000402931
-0.272471
-0.272873
-0.273192
-0.273562
-0.27381
-0.273863
-0.27374
-0.273515
-0.273262
-0.273026
-0.272819
-0.272631
-0.272443
-0.272239
-0.272013
-0.271773
-0.271543
-0.271359
-0.271266
-0.271309
-0.271516
-0.271884
-0.272354
-0.272798
-0.273019
-0.272766
-0.27179
-0.269913
-0.267099
-0.263545
-0.259768
-0.256701
-0.255579
-0.257706
-0.263905
-0.273931
-0.286307
-0.29881
-0.309426
-0.31688
-0.320652
-0.320753
-0.317482
-0.311177
-0.302136
-0.29059
-0.276723
-0.260724
-0.242855
-0.223497
-0.203183
-0.182586
-0.162477
-0.143655
-0.126859
-0.112695
-0.101573
-0.0936815
-0.0889873
-0.0872633
-0.0881338
-0.0911258
-0.0957205
-0.101395
-0.107651
-0.114042
-0.12018
-0.125751
-0.130528
-0.134379
-0.137289
-0.139362
-0.140832
-0.142037
-0.143392
-0.145313
-0.148122
-0.151975
-0.156796
-0.162277
-0.16793
-0.173193
-0.177528
-0.180496
-0.1818
-0.181291
-0.178964
-0.174939
-0.169442
-0.162775
-0.15529
-0.147352
-0.139311
-0.131471
-0.124074
-0.117292
-0.111216
-0.105856
-0.101134
-0.0968887
-0.0929019
-0.0889544
-0.0849025
-0.0807557
-0.0767206
-0.0731792
-0.0706051
-0.0694751
-0.0702056
-0.0733077
-0.0795654
-0.0899985
-0.105257
-0.124762
-0.146547
-0.168136
-0.187605
-0.203859
-0.216476
-0.225485
-0.231203
-0.234057
-0.234404
-0.232333
-0.227673
-0.22008
-0.209255
-0.195158
-0.178128
-0.158896
-0.138472
-0.117963
-0.0983917
-0.08056
-0.0649767
-0.0518571
-0.0411715
-0.0327184
-0.0262043
-0.0213125
-0.0177555
-0.0153053
-0.0138051
-0.0131629
-0.0133337
-0.0142948
-0.0160208
-0.0184607
-0.02152
-0.0250522
-0.0288599
-0.0327072
-0.0363397
-0.0394864
-0.0420638
-0.0438113
-0.0447282
-0.0448833
-0.0444554
-0.0437321
-0.0430816
-0.0429009
-0.0435428
-0.0452253
-0.0479478
-0.0514548
-0.055275
-0.0588253
-0.0615336
-0.0629376
-0.062742
-0.0608388
-0.0573
-0.0523526
-0.0463229
-0.0396022
-0.0325884
-0.0256423
-0.0190635
-0.0130766
-0.00782917
-0.00339675
0.000206152
0.0030126
0.005089
0.00652195
0.0074068
0.00783916
0.00790889
0.00769651
0.00727155
0.00669216
0.00600561
0.00524932
0.00445198
0.00363471
0.00281238
0.00199397
0.00118291
0.000396088
-0.272692
-0.273065
-0.273353
-0.273679
-0.273882
-0.27391
-0.273788
-0.273581
-0.273351
-0.273133
-0.272933
-0.27274
-0.272536
-0.272309
-0.272055
-0.271786
-0.27153
-0.271331
-0.271241
-0.27131
-0.271571
-0.272023
-0.2726
-0.273159
-0.273478
-0.273277
-0.272275
-0.270263
-0.267212
-0.263356
-0.259262
-0.255966
-0.254718
-0.25674
-0.262739
-0.272403
-0.284287
-0.296334
-0.306668
-0.314029
-0.317853
-0.318095
-0.314977
-0.3088
-0.299851
-0.288388
-0.274643
-0.258877
-0.241422
-0.222728
-0.203368
-0.184023
-0.165431
-0.148321
-0.133339
-0.120978
-0.111544
-0.105129
-0.101633
-0.100787
-0.102204
-0.105428
-0.109972
-0.115358
-0.121137
-0.126904
-0.132305
-0.137052
-0.140931
-0.143824
-0.145729
-0.146777
-0.147238
-0.147514
-0.148104
-0.149513
-0.152143
-0.156195
-0.161591
-0.167959
-0.17471
-0.181161
-0.186659
-0.190672
-0.192833
-0.192943
-0.190963
-0.186997
-0.181267
-0.174088
-0.165833
-0.156902
-0.147687
-0.138539
-0.129751
-0.121546
-0.114069
-0.107392
-0.101501
-0.0962941
-0.0915977
-0.0872027
-0.0829322
-0.078725
-0.0747021
-0.0711811
-0.0686209
-0.0675296
-0.0683943
-0.0717728
-0.0784385
-0.0893241
-0.104955
-0.12467
-0.14652
-0.16811
-0.187569
-0.20383
-0.216497
-0.225634
-0.231584
-0.234776
-0.235535
-0.233886
-0.229572
-0.222179
-0.211377
-0.197144
-0.179887
-0.160428
-0.139863
-0.11936
-0.09996
-0.0824452
-0.0672789
-0.0546204
-0.0443876
-0.0363412
-0.0301688
-0.0255538
-0.0222241
-0.0199771
-0.018685
-0.0182829
-0.0187473
-0.0200692
-0.0222267
-0.0251618
-0.0287627
-0.0328566
-0.037214
-0.0415651
-0.045628
-0.0491592
-0.0518273
-0.0535849
-0.0543341
-0.054124
-0.0531266
-0.0516315
-0.0500203
-0.0487167
-0.0481134
-0.0484865
-0.049913
-0.0522245
-0.0550255
-0.0577781
-0.059919
-0.0609667
-0.0605921
-0.05865
-0.055177
-0.0503713
-0.0445361
-0.0380397
-0.0312653
-0.0245616
-0.0182187
-0.012455
-0.00741328
-0.00316573
0.000275449
0.00294486
0.00490964
0.00625621
0.00707901
0.00747196
0.00752262
0.00730879
0.00689703
0.00634246
0.00568941
0.00497259
0.00421833
0.00344581
0.0026682
0.00189396
0.00112349
0.000383643
-0.273127
-0.273394
-0.273627
-0.273888
-0.274025
-0.274007
-0.273863
-0.273656
-0.273437
-0.273229
-0.273034
-0.272838
-0.272623
-0.272378
-0.272099
-0.271804
-0.271524
-0.271307
-0.27121
-0.271291
-0.271585
-0.272089
-0.272737
-0.273372
-0.273758
-0.273602
-0.272609
-0.270561
-0.26743
-0.263465
-0.259283
-0.25592
-0.25461
-0.256505
-0.262203
-0.271338
-0.282559
-0.293977
-0.303828
-0.310886
-0.314567
-0.314763
-0.311634
-0.305449
-0.296501
-0.285075
-0.271463
-0.255994
-0.239071
-0.221193
-0.202957
-0.185029
-0.168095
-0.152799
-0.13968
-0.12912
-0.121319
-0.116286
-0.11386
-0.113748
-0.115566
-0.118884
-0.123262
-0.128275
-0.133524
-0.138645
-0.143318
-0.147271
-0.150299
-0.152287
-0.153238
-0.153298
-0.152775
-0.15213
-0.151951
-0.152842
-0.155298
-0.159578
-0.165603
-0.172936
-0.180875
-0.188607
-0.195361
-0.200513
-0.203626
-0.204454
-0.202928
-0.199133
-0.193285
-0.185706
-0.176787
-0.166957
-0.156646
-0.146247
-0.136101
-0.126478
-0.117577
-0.109519
-0.102351
-0.0960379
-0.0904652
-0.0854649
-0.0808625
-0.0765524
-0.0725757
-0.0691667
-0.0667356
-0.0657922
-0.0668671
-0.0705445
-0.0775618
-0.0887426
-0.104497
-0.124143
-0.145818
-0.167247
-0.186618
-0.202881
-0.215648
-0.224999
-0.231281
-0.234904
-0.236137
-0.234925
-0.230932
-0.223687
-0.212857
-0.198467
-0.181014
-0.161417
-0.140853
-0.120527
-0.101476
-0.0844396
-0.069817
-0.0577026
-0.0479614
-0.0403221
-0.034463
-0.0300788
-0.0269231
-0.0248271
-0.023698
-0.0235023
-0.0242397
-0.0259147
-0.0285077
-0.0319508
-0.0361112
-0.0407868
-0.0457147
-0.0505919
-0.0551052
-0.0589629
-0.0618662
-0.0636901
-0.0643298
-0.0638106
-0.0622853
-0.0600318
-0.057435
-0.05494
-0.0529818
-0.0519005
-0.0518582
-0.0527848
-0.0543775
-0.0561634
-0.0576054
-0.0582122
-0.0576221
-0.055648
-0.0522834
-0.0476867
-0.0421299
-0.03595
-0.029508
-0.0231355
-0.0171099
-0.011641
-0.00686589
-0.00285339
0.000386226
0.00288817
0.0047191
0.00596402
0.00671511
0.00706337
0.00709301
0.00687818
0.00648174
0.0059552
0.00533952
0.00466642
0.00395967
0.00323637
0.00250799
0.0017823
0.00105796
0.000365335
-0.273818
-0.273845
-0.273988
-0.274163
-0.274222
-0.274142
-0.273961
-0.273737
-0.273514
-0.273308
-0.273114
-0.272916
-0.272694
-0.272436
-0.272141
-0.271827
-0.271527
-0.271293
-0.271187
-0.271267
-0.271571
-0.272096
-0.272769
-0.273432
-0.273843
-0.273706
-0.272729
-0.270701
-0.267603
-0.263697
-0.25961
-0.25634
-0.255067
-0.256842
-0.262161
-0.270647
-0.281052
-0.291643
-0.300781
-0.307302
-0.310611
-0.310553
-0.307241
-0.300927
-0.291912
-0.280519
-0.267096
-0.252035
-0.235793
-0.218901
-0.201956
-0.18559
-0.170416
-0.156983
-0.14572
-0.136898
-0.13062
-0.12682
-0.125295
-0.125741
-0.127792
-0.131062
-0.135165
-0.139734
-0.144422
-0.148907
-0.152893
-0.156118
-0.158376
-0.159545
-0.159622
-0.158763
-0.157308
-0.155764
-0.154825
-0.155198
-0.157484
-0.162012
-0.168706
-0.177059
-0.186246
-0.195318
-0.203383
-0.209727
-0.213851
-0.215466
-0.214475
-0.210947
-0.205091
-0.19723
-0.187771
-0.177164
-0.165868
-0.154317
-0.14289
-0.131903
-0.1216
-0.112153
-0.103663
-0.0961556
-0.0895867
-0.0838472
-0.0787961
-0.0743165
-0.0703903
-0.0671641
-0.0649702
-0.0642826
-0.065641
-0.0696328
-0.076941
-0.0882693
-0.103926
-0.123248
-0.14452
-0.165623
-0.184817
-0.201064
-0.213971
-0.223609
-0.230304
-0.23442
-0.236147
-0.235347
-0.231609
-0.224436
-0.21352
-0.198967
-0.181378
-0.161771
-0.141384
-0.121437
-0.102932
-0.0865384
-0.0725793
-0.0610779
-0.0518495
-0.0445998
-0.0390095
-0.0347962
-0.0317497
-0.0297427
-0.0287225
-0.0286895
-0.029668
-0.0316748
-0.0346902
-0.0386323
-0.0433438
-0.0485912
-0.0540795
-0.0594763
-0.0644416
-0.068653
-0.0718204
-0.0737619
-0.0743586
-0.0736054
-0.0716249
-0.0686698
-0.0651128
-0.0614097
-0.0580347
-0.0553956
-0.0537471
-0.0531275
-0.0533407
-0.0539977
-0.0546063
-0.0546793
-0.053828
-0.0518208
-0.0486017
-0.0442783
-0.0390817
-0.0333105
-0.027295
-0.021344
-0.0157189
-0.0106182
-0.00617244
-0.00244667
0.00055027
0.0028533
0.00452742
0.00565481
0.00632402
0.00662184
0.006628
0.00641207
0.00603245
0.00553647
0.00496135
0.00433548
0.00367989
0.00300953
0.00233421
0.0016607
0.000987287
0.000341636
-0.274795
-0.274349
-0.274358
-0.274437
-0.27442
-0.274281
-0.274059
-0.27381
-0.273574
-0.273362
-0.273165
-0.272964
-0.272739
-0.272475
-0.272172
-0.271848
-0.271537
-0.271292
-0.271176
-0.271248
-0.271544
-0.27206
-0.272718
-0.273362
-0.273751
-0.273597
-0.272619
-0.270627
-0.267617
-0.263865
-0.259983
-0.256913
-0.25574
-0.25739
-0.262269
-0.27
-0.279437
-0.289015
-0.297232
-0.303
-0.305727
-0.305231
-0.301601
-0.295079
-0.285983
-0.274673
-0.261544
-0.247038
-0.231647
-0.215912
-0.200409
-0.185713
-0.172357
-0.160784
-0.151313
-0.144112
-0.139196
-0.136441
-0.135618
-0.136429
-0.138545
-0.141633
-0.14537
-0.14945
-0.15358
-0.157471
-0.160845
-0.163442
-0.165042
-0.165506
-0.164816
-0.163126
-0.160808
-0.158403
-0.15672
-0.156576
-0.158691
-0.163476
-0.170864
-0.180266
-0.190733
-0.201167
-0.210556
-0.218101
-0.22325
-0.22568
-0.225271
-0.222078
-0.216303
-0.208271
-0.198397
-0.187149
-0.175009
-0.162437
-0.149847
-0.137592
-0.125956
-0.115157
-0.105347
-0.0966125
-0.0889769
-0.0824003
-0.0767969
-0.07207
-0.0681713
-0.0651705
-0.0633041
-0.0629729
-0.0646847
-0.0690048
-0.0765497
-0.0879036
-0.103283
-0.122073
-0.14274
-0.163355
-0.182273
-0.19847
-0.211537
-0.22151
-0.228665
-0.233292
-0.235487
-0.235025
-0.231444
-0.224249
-0.213198
-0.198501
-0.180873
-0.161423
-0.141425
-0.122079
-0.104321
-0.088731
-0.0755411
-0.064703
-0.0559899
-0.0490957
-0.0437168
-0.0396052
-0.0365962
-0.0346103
-0.033639
-0.033718
-0.0348959
-0.0371999
-0.0406056
-0.0450133
-0.050238
-0.0560158
-0.0620241
-0.0679076
-0.0733071
-0.0778807
-0.0813309
-0.0834384
-0.0840593
-0.0831568
-0.0808162
-0.077252
-0.0728081
-0.0679356
-0.0631378
-0.0588887
-0.0555411
-0.0532509
-0.051942
-0.0513256
-0.0509733
-0.0504175
-0.0492513
-0.0472004
-0.0441539
-0.0401604
-0.0353993
-0.0301237
-0.0246246
-0.0191829
-0.0140394
-0.0093794
-0.00532505
-0.00193733
0.00077605
0.00284888
0.00434326
0.00533717
0.00591418
0.00615556
0.00613541
0.00591781
0.00555597
0.00509249
0.00456041
0.00398458
0.0033831
0.00276865
0.00214945
0.00153103
0.000912408
0.000313555
-0.276085
-0.274772
-0.274626
-0.274618
-0.274546
-0.274369
-0.27412
-0.273853
-0.273603
-0.273383
-0.273181
-0.272978
-0.272751
-0.272486
-0.272181
-0.271855
-0.271541
-0.271293
-0.27117
-0.27123
-0.271507
-0.271988
-0.272598
-0.27318
-0.273501
-0.273288
-0.27228
-0.270314
-0.267408
-0.263842
-0.260208
-0.25737
-0.256299
-0.257791
-0.262161
-0.269033
-0.277372
-0.285778
-0.2929
-0.29773
-0.299705
-0.298638
-0.294608
-0.287858
-0.278723
-0.267594
-0.254903
-0.241122
-0.226755
-0.212334
-0.198392
-0.185434
-0.173902
-0.164134
-0.156341
-0.150598
-0.146846
-0.144922
-0.14459
-0.145576
-0.147602
-0.150398
-0.153711
-0.157297
-0.160908
-0.164285
-0.167155
-0.169248
-0.170324
-0.170213
-0.168875
-0.16645
-0.163307
-0.160124
-0.157716
-0.157059
-0.158999
-0.164041
-0.172132
-0.18259
-0.194337
-0.206119
-0.216802
-0.225515
-0.231658
-0.234886
-0.235064
-0.232236
-0.226601
-0.218484
-0.208308
-0.196554
-0.183719
-0.170282
-0.156679
-0.143287
-0.130426
-0.118353
-0.107268
-0.0973156
-0.0885848
-0.081109
-0.0748705
-0.0698173
-0.0659011
-0.0631364
-0.0616624
-0.0617763
-0.0639107
-0.0685786
-0.0763224
-0.0876158
-0.102596
-0.120706
-0.14061
-0.160593
-0.179131
-0.195227
-0.208443
-0.218759
-0.22637
-0.231471
-0.234053
-0.233815
-0.230267
-0.222958
-0.211742
-0.196955
-0.179428
-0.160338
-0.140965
-0.122453
-0.10564
-0.0909981
-0.0786624
-0.0685172
-0.0603038
-0.0537183
-0.0484852
-0.0444023
-0.0413574
-0.0393239
-0.0383393
-0.0384753
-0.0398026
-0.0423554
-0.0460999
-0.0509144
-0.0565866
-0.0628273
-0.0692939
-0.0756168
-0.0814229
-0.086356
-0.0901036
-0.092415
-0.093119
-0.0921485
-0.0895486
-0.0854876
-0.0802662
-0.074312
-0.0681414
-0.062286
-0.0571975
-0.053157
-0.0502196
-0.0482123
-0.0467869
-0.0455121
-0.0439741
-0.0418597
-0.039001
-0.0353823
-0.0311211
-0.0264173
-0.0215161
-0.0166644
-0.0120787
-0.00792746
-0.00432339
-0.00132258
0.00106824
0.00288092
0.00417357
0.00501865
0.00549336
0.00567228
0.00562277
0.00540255
0.00505894
0.00462931
0.00414216
0.00361851
0.0030734
0.00251715
0.00195638
0.00139527
0.000834244
0.000282389
-0.277914
-0.274921
-0.27461
-0.274636
-0.274539
-0.274351
-0.274106
-0.273839
-0.273586
-0.273361
-0.273156
-0.272949
-0.272721
-0.272456
-0.272154
-0.271829
-0.271518
-0.271268
-0.271139
-0.27118
-0.271422
-0.271847
-0.272376
-0.272856
-0.273066
-0.272752
-0.271682
-0.26972
-0.266906
-0.263525
-0.260131
-0.257505
-0.256494
-0.257762
-0.26154
-0.267457
-0.274588
-0.281695
-0.287581
-0.291338
-0.292447
-0.290735
-0.286285
-0.279343
-0.27026
-0.259448
-0.24736
-0.234476
-0.221294
-0.208313
-0.19601
-0.184812
-0.175061
-0.166993
-0.160721
-0.156237
-0.153431
-0.152116
-0.152071
-0.153063
-0.154875
-0.157311
-0.160185
-0.163311
-0.166482
-0.169454
-0.171951
-0.173682
-0.174372
-0.173818
-0.171947
-0.168887
-0.165025
-0.16107
-0.157959
-0.156792
-0.158547
-0.16384
-0.172642
-0.184148
-0.197148
-0.210228
-0.222143
-0.23195
-0.239017
-0.242983
-0.243708
-0.241235
-0.235757
-0.227605
-0.217211
-0.205067
-0.191681
-0.17754
-0.163089
-0.148721
-0.134775
-0.121541
-0.10926
-0.098131
-0.0883086
-0.0799001
-0.0729628
-0.067506
-0.0635086
-0.0609576
-0.0599076
-0.060537
-0.0631649
-0.0682154
-0.0761465
-0.0873353
-0.101856
-0.119208
-0.138249
-0.157489
-0.17555
-0.191474
-0.204791
-0.215405
-0.223408
-0.228888
-0.231726
-0.231562
-0.227916
-0.220413
-0.209034
-0.194252
-0.177005
-0.15851
-0.140014
-0.122566
-0.106882
-0.0933104
-0.0818897
-0.0724459
-0.064702
-0.05837
-0.0532152
-0.0490893
-0.0459387
-0.0437919
-0.0427333
-0.0428691
-0.044289
-0.0470289
-0.0510416
-0.056183
-0.0622185
-0.0688425
-0.0757024
-0.08242
-0.0886099
-0.0938995
-0.0979543
-0.100496
-0.101325
-0.100348
-0.0975753
-0.093127
-0.0872521
-0.0803373
-0.0728912
-0.0654875
-0.05867
-0.0528481
-0.0482179
-0.0447352
-0.0421476
-0.0400752
-0.0381096
-0.0359053
-0.033238
-0.0300245
-0.0263129
-0.0222433
-0.0180092
-0.0138179
-0.00985688
-0.00627557
-0.00317485
-0.000605238
0.00142753
0.00295276
0.0040235
0.00470555
0.00506851
0.00517914
0.00509714
0.00487305
0.0045477
0.00415276
0.00371183
0.0032419
0.00275478
0.00225835
0.00175764
0.00125535
0.000753701
0.000249505
-0.280754
-0.274747
-0.274178
-0.274464
-0.274403
-0.274215
-0.273997
-0.273754
-0.273511
-0.273288
-0.27308
-0.272869
-0.272637
-0.272368
-0.272064
-0.271738
-0.271425
-0.271169
-0.271023
-0.271033
-0.271218
-0.271558
-0.27197
-0.272306
-0.272361
-0.271904
-0.270734
-0.268746
-0.266001
-0.262778
-0.259588
-0.257123
-0.256101
-0.257064
-0.260164
-0.265043
-0.270882
-0.276607
-0.281172
-0.283782
-0.283978
-0.281613
-0.27678
-0.269733
-0.26083
-0.250491
-0.239171
-0.227342
-0.215476
-0.204024
-0.193395
-0.183928
-0.175868
-0.169354
-0.164412
-0.160971
-0.158885
-0.15797
-0.158033
-0.158898
-0.16042
-0.162472
-0.164937
-0.167678
-0.170516
-0.173213
-0.175477
-0.176981
-0.177412
-0.176527
-0.174221
-0.170607
-0.166087
-0.161408
-0.157622
-0.155959
-0.157524
-0.163048
-0.172524
-0.185104
-0.199332
-0.213656
-0.226718
-0.237523
-0.24541
-0.250016
-0.251205
-0.249023
-0.24367
-0.235485
-0.224913
-0.212459
-0.198638
-0.183941
-0.168811
-0.153638
-0.13877
-0.124512
-0.11114
-0.0989025
-0.0880157
-0.0786606
-0.0709733
-0.0650358
-0.0608749
-0.0584793
-0.0578432
-0.0590293
-0.0622178
-0.0677069
-0.0758507
-0.0869378
-0.100997
-0.117583
-0.135731
-0.154165
-0.171665
-0.18733
-0.200658
-0.211469
-0.219741
-0.225446
-0.228367
-0.22811
-0.224238
-0.216488
-0.20499
-0.190357
-0.173609
-0.155966
-0.138601
-0.122434
-0.108036
-0.095628
-0.0851575
-0.0764051
-0.0690905
-0.0629551
-0.0578145
-0.0535809
-0.0502624
-0.0479434
-0.046754
-0.0468319
-0.0482813
-0.0511356
-0.0553326
-0.0607106
-0.0670227
-0.0739581
-0.081162
-0.0882487
-0.0948159
-0.100466
-0.104836
-0.107618
-0.108589
-0.107637
-0.104745
-0.099994
-0.0935797
-0.0858357
-0.0772423
-0.0683931
-0.0599097
-0.0523257
-0.0459835
-0.0409781
-0.0371672
-0.0342356
-0.0317927
-0.0294687
-0.0269861
-0.0241933
-0.0210647
-0.0176756
-0.0141625
-0.0106881
-0.00740718
-0.00444683
-0.00189433
0.000206383
0.00185072
0.003065
0.00389634
0.00440288
0.00464564
0.00468261
0.00456505
0.00433565
0.00402823
0.00366833
0.00327439
0.00285915
0.00243105
0.00199544
0.00155575
0.00111316
0.000671704
0.000216177
)
;

boundaryField
{
    inlet
    {
        type            zeroGradient;
    }
    outlet
    {
        type            fixedValue;
        value           uniform 0;
    }
    walls
    {
        type            zeroGradient;
    }
    frontAndBack
    {
        type            empty;
    }
}


// ************************************************************************* //
