/*--------------------------------*- C++ -*----------------------------------*\
  =========                 |
  \\      /  F ield         | OpenFOAM: The Open Source CFD Toolbox
   \\    /   O peration     | Website:  https://openfoam.org
    \\  /    A nd           | Version:  11
     \\/     M anipulation  |
\*---------------------------------------------------------------------------*/
FoamFile
{
    format      ascii;
    class       volScalarField;
    location    "24";
    object      p;
}
// * * * * * * * * * * * * * * * * * * * * * * * * * * * * * * * * * * * * * //

dimensions      [0 2 -2 0 0 0 0];

internalField   nonuniform List<scalar> 
8400
(
-0.0952858
-0.101517
-0.108194
-0.114266
-0.1202
-0.126233
-0.132366
-0.138571
-0.144851
-0.151223
-0.157707
-0.164323
-0.171097
-0.178065
-0.185273
-0.192784
-0.200693
-0.209157
-0.218509
-0.230348
-0.0949443
-0.101537
-0.108355
-0.114321
-0.120195
-0.126243
-0.132392
-0.138601
-0.144883
-0.15126
-0.15775
-0.164374
-0.171158
-0.178138
-0.18536
-0.192887
-0.200808
-0.20925
-0.218214
-0.22719
-0.0946304
-0.101515
-0.108488
-0.114363
-0.120162
-0.126216
-0.132382
-0.138589
-0.144863
-0.151234
-0.157719
-0.164334
-0.171106
-0.178067
-0.185259
-0.192734
-0.200546
-0.208714
-0.216948
-0.224128
-0.0943466
-0.101413
-0.108566
-0.1144
-0.12011
-0.126146
-0.132322
-0.138524
-0.14478
-0.151131
-0.157593
-0.164179
-0.170911
-0.177816
-0.184927
-0.192272
-0.199855
-0.207585
-0.215011
-0.221003
-0.0940728
-0.101244
-0.10857
-0.114406
-0.12003
-0.12603
-0.132207
-0.138398
-0.144624
-0.150939
-0.157359
-0.163892
-0.170553
-0.177363
-0.184339
-0.191485
-0.198753
-0.205977
-0.21266
-0.217807
-0.0938009
-0.101031
-0.108498
-0.11436
-0.119912
-0.125865
-0.132031
-0.138201
-0.144387
-0.15065
-0.157008
-0.163464
-0.170024
-0.1767
-0.183494
-0.190385
-0.19729
-0.204
-0.210042
-0.214604
-0.0935279
-0.100792
-0.108363
-0.114255
-0.119752
-0.125653
-0.131794
-0.137935
-0.14407
-0.150266
-0.156544
-0.162899
-0.169331
-0.175841
-0.182419
-0.189022
-0.195545
-0.201769
-0.207277
-0.211439
-0.0932546
-0.100538
-0.108178
-0.114095
-0.119549
-0.125398
-0.131505
-0.137607
-0.143682
-0.149799
-0.155981
-0.162218
-0.168501
-0.174823
-0.181161
-0.187461
-0.193608
-0.199393
-0.204467
-0.208356
-0.0929857
-0.10028
-0.107959
-0.11389
-0.119309
-0.12511
-0.131176
-0.13723
-0.143238
-0.149268
-0.155344
-0.16145
-0.167571
-0.173692
-0.179783
-0.185782
-0.191575
-0.196976
-0.201701
-0.205402
-0.0927287
-0.100028
-0.107721
-0.11365
-0.11904
-0.1248
-0.130821
-0.136821
-0.142758
-0.148697
-0.154661
-0.160631
-0.166585
-0.172503
-0.17835
-0.184063
-0.189537
-0.194609
-0.199058
-0.202632
-0.0924934
-0.0997923
-0.107477
-0.11339
-0.118755
-0.124482
-0.130458
-0.136401
-0.142265
-0.148114
-0.153967
-0.159801
-0.165591
-0.171313
-0.176931
-0.182383
-0.187575
-0.192374
-0.196608
-0.200097
-0.0922904
-0.0995848
-0.107239
-0.113121
-0.118468
-0.124171
-0.130105
-0.13599
-0.141784
-0.147547
-0.153294
-0.158999
-0.164636
-0.170177
-0.175588
-0.180811
-0.185764
-0.190341
-0.194411
-0.197845
-0.092131
-0.0994148
-0.107015
-0.112854
-0.118192
-0.123883
-0.129779
-0.135607
-0.141337
-0.147023
-0.152674
-0.158263
-0.163762
-0.169145
-0.174377
-0.179406
-0.184165
-0.188566
-0.192515
-0.195918
-0.0920257
-0.0992898
-0.106809
-0.112598
-0.117942
-0.123632
-0.129493
-0.135269
-0.140943
-0.146565
-0.152134
-0.157624
-0.163007
-0.168257
-0.173342
-0.178215
-0.182821
-0.187091
-0.190953
-0.194341
-0.0919841
-0.0992136
-0.106621
-0.112359
-0.11773
-0.12343
-0.129258
-0.134989
-0.14062
-0.14619
-0.151694
-0.157105
-0.162395
-0.167542
-0.172513
-0.177269
-0.181761
-0.185937
-0.189742
-0.193129
-0.0920146
-0.0991836
-0.106444
-0.112146
-0.117567
-0.123283
-0.12908
-0.134776
-0.140377
-0.14591
-0.151366
-0.156718
-0.161941
-0.167013
-0.171904
-0.176578
-0.180994
-0.18511
-0.188882
-0.192274
-0.0921223
-0.099186
-0.106271
-0.111965
-0.11746
-0.123193
-0.128961
-0.134632
-0.140216
-0.145726
-0.15115
-0.156464
-0.161645
-0.16667
-0.17151
-0.176134
-0.180506
-0.184588
-0.188346
-0.191749
-0.0923098
-0.0991911
-0.106097
-0.111832
-0.117413
-0.123153
-0.128896
-0.134553
-0.14013
-0.145629
-0.151036
-0.156331
-0.16149
-0.166492
-0.171308
-0.175908
-0.18026
-0.18433
-0.188087
-0.191503
-0.0925832
-0.0991743
-0.105932
-0.111758
-0.117416
-0.12315
-0.128874
-0.134529
-0.140107
-0.145605
-0.151009
-0.156299
-0.161454
-0.166451
-0.171264
-0.175863
-0.180215
-0.18429
-0.188056
-0.191488
-0.0929219
-0.0991535
-0.105779
-0.111727
-0.117446
-0.123172
-0.128888
-0.134548
-0.140134
-0.145638
-0.151048
-0.156345
-0.16151
-0.166519
-0.171344
-0.175957
-0.180327
-0.18442
-0.188207
-0.191659
-0.230385
-0.219075
-0.215731
-0.215504
-0.215075
-0.214688
-0.214525
-0.214414
-0.214268
-0.214082
-0.213857
-0.213587
-0.213266
-0.212891
-0.212459
-0.21197
-0.21142
-0.210809
-0.210134
-0.209395
-0.208589
-0.207716
-0.206774
-0.205762
-0.204679
-0.203523
-0.202293
-0.200986
-0.199603
-0.198141
-0.196598
-0.194972
-0.193261
-0.191464
-0.189578
-0.1876
-0.185527
-0.183358
-0.18109
-0.178718
-0.176241
-0.173656
-0.170958
-0.168147
-0.165217
-0.162168
-0.158998
-0.155703
-0.152284
-0.14874
-0.145072
-0.141282
-0.137373
-0.13335
-0.129219
-0.124988
-0.120669
-0.116272
-0.111811
-0.107303
-0.102764
-0.0982145
-0.0936733
-0.0891615
-0.0847001
-0.0803099
-0.0760112
-0.0718229
-0.0677627
-0.0638457
-0.0600852
-0.0564914
-0.0530721
-0.0498319
-0.0467728
-0.0438942
-0.0411926
-0.0386628
-0.0362974
-0.0340875
-0.0320231
-0.0300935
-0.0282873
-0.0265931
-0.0249996
-0.0234957
-0.0220712
-0.020716
-0.0194213
-0.0181788
-0.0169813
-0.0158221
-0.0146959
-0.0135976
-0.0125234
-0.0114699
-0.0104344
-0.00941497
-0.00840996
-0.00741841
-0.00643984
-0.00547365
-0.00452008
-0.00357928
-0.00265169
-0.00173798
-0.000838909
4.46636e-05
0.000911825
0.00176162
0.00259309
0.00340526
0.00419721
0.00496804
0.0057169
0.00644302
0.00714569
0.00782428
0.00847822
0.00910705
0.00971039
0.0102879
0.0108395
0.0113648
0.011864
0.0123369
0.0127838
0.0132046
0.0135996
0.0139691
0.0143134
0.0146328
0.0149276
0.0151984
0.0154454
0.0156693
0.0158704
0.0160493
0.0162064
0.0163422
0.0164574
0.0165522
0.0166274
0.0166833
0.0167205
0.0167395
0.0167407
0.0167246
0.0166916
0.0166423
0.0165771
0.0164963
0.0164005
0.0162899
0.016165
0.0160262
0.0158738
0.0157082
0.0155298
0.0153388
0.0151356
0.0149205
0.0146938
0.0144557
0.0142067
0.0139469
0.0136766
0.0133961
0.0131056
0.0128053
0.0124955
0.0121765
0.0118484
0.0115114
0.0111658
0.0108117
0.0104494
0.010079
0.0097008
0.00931488
0.00892144
0.00852066
0.00811271
0.00769776
0.00727597
0.0068475
0.00641253
0.00597121
0.00552371
0.00507022
0.00461092
0.004146
0.00367572
0.00320028
0.00272018
0.002235
0.00174824
0.00124868
0.000779712
0.000154379
-0.227249
-0.219084
-0.215466
-0.215129
-0.214817
-0.214411
-0.21422
-0.214121
-0.213993
-0.213817
-0.213601
-0.213338
-0.213022
-0.212649
-0.212218
-0.211727
-0.211173
-0.210555
-0.209871
-0.209121
-0.208303
-0.207415
-0.206456
-0.205424
-0.20432
-0.20314
-0.201884
-0.200549
-0.199135
-0.19764
-0.196062
-0.194398
-0.192648
-0.190809
-0.188878
-0.186853
-0.184732
-0.182513
-0.180192
-0.177767
-0.175236
-0.172595
-0.169844
-0.166978
-0.163996
-0.160897
-0.157679
-0.154343
-0.150887
-0.147313
-0.143623
-0.13982
-0.135909
-0.131897
-0.12779
-0.123599
-0.119333
-0.115007
-0.110634
-0.106231
-0.101815
-0.0974034
-0.0930163
-0.0886727
-0.0843918
-0.0801925
-0.0760925
-0.0721081
-0.068254
-0.0645426
-0.060984
-0.0575857
-0.0543528
-0.0512876
-0.0483899
-0.0456571
-0.0430849
-0.0406667
-0.0383948
-0.0362601
-0.0342528
-0.0323627
-0.0305792
-0.0288919
-0.0272907
-0.0257658
-0.0243082
-0.0229094
-0.0215618
-0.0202585
-0.0189934
-0.0177613
-0.0165578
-0.0153789
-0.0142216
-0.0130834
-0.0119623
-0.010857
-0.0097664
-0.00869021
-0.007628
-0.00657979
-0.00554588
-0.00452676
-0.0035231
-0.00253572
-0.00156551
-0.000613421
0.000319547
0.00123238
0.00212407
0.00299364
0.00384013
0.00466265
0.00546037
0.00623253
0.00697845
0.00769754
0.00838927
0.00905324
0.00968912
0.0102967
0.0108757
0.0114263
0.0119483
0.0124418
0.0129071
0.0133444
0.0137539
0.014136
0.0144911
0.0148197
0.0151221
0.015399
0.0156508
0.0158781
0.0160816
0.0162616
0.0164189
0.0165541
0.0166677
0.0167603
0.0168325
0.0168849
0.016918
0.0169325
0.0169288
0.0169075
0.0168691
0.0168141
0.016743
0.0166563
0.0165544
0.0164378
0.0163068
0.0161619
0.0160035
0.015832
0.0156477
0.015451
0.0152422
0.0150217
0.0147896
0.0145465
0.0142925
0.0140279
0.013753
0.013468
0.0131733
0.012869
0.0125553
0.0122326
0.011901
0.0115607
0.0112119
0.0108548
0.0104896
0.0101166
0.00973577
0.00934743
0.0089517
0.00854875
0.00813875
0.00772186
0.00729822
0.00686801
0.00643137
0.00598845
0.00553943
0.00508448
0.00462376
0.00415747
0.00368583
0.00320905
0.00272761
0.00224113
0.00175275
0.00125249
0.000779043
0.000166144
-0.224884
-0.219169
-0.215498
-0.214829
-0.214566
-0.214167
-0.213928
-0.213818
-0.213697
-0.213528
-0.213314
-0.213055
-0.21274
-0.212367
-0.211932
-0.211435
-0.210873
-0.210244
-0.209547
-0.208782
-0.207945
-0.207037
-0.206055
-0.204999
-0.203866
-0.202656
-0.201367
-0.199998
-0.198547
-0.197012
-0.195391
-0.193683
-0.191886
-0.189997
-0.188015
-0.185937
-0.183761
-0.181485
-0.179107
-0.176624
-0.174034
-0.171335
-0.168526
-0.165605
-0.162571
-0.159422
-0.15616
-0.152784
-0.149296
-0.145698
-0.141994
-0.138188
-0.134286
-0.130296
-0.126225
-0.122086
-0.117889
-0.113648
-0.109377
-0.105093
-0.100811
-0.0965505
-0.0923278
-0.088161
-0.0840673
-0.0800632
-0.0761638
-0.0723828
-0.0687319
-0.0652207
-0.0618566
-0.0586444
-0.0555868
-0.0526841
-0.0499342
-0.0473335
-0.0448764
-0.0425559
-0.040364
-0.0382919
-0.0363303
-0.0344695
-0.0327
-0.0310126
-0.0293982
-0.0278485
-0.0263556
-0.0249125
-0.0235128
-0.0221508
-0.0208217
-0.0195212
-0.0182457
-0.0169923
-0.0157588
-0.0145432
-0.0133443
-0.0121611
-0.0109933
-0.00984068
-0.00870315
-0.00758099
-0.00647476
-0.00538516
-0.00431303
-0.00325929
-0.00222494
-0.00121102
-0.00021859
0.000751288
0.00169757
0.00261925
0.00351537
0.00438502
0.00522738
0.00604169
0.0068273
0.00758364
0.00831022
0.00900667
0.0096727
0.0103081
0.0109128
0.0114869
0.0120302
0.0125432
0.0130258
0.0134786
0.0139018
0.0142959
0.0146613
0.0149987
0.0153084
0.0155912
0.0158477
0.0160785
0.0162842
0.0164655
0.0166231
0.0167577
0.01687
0.0169605
0.0170301
0.0170792
0.0171086
0.0171188
0.0171106
0.0170844
0.0170409
0.0169805
0.0169039
0.0168115
0.0167039
0.0165815
0.0164447
0.016294
0.0161299
0.0159527
0.0157628
0.0155606
0.0153464
0.0151207
0.0148836
0.0146355
0.0143767
0.0141075
0.0138282
0.0135389
0.0132401
0.0129319
0.0126145
0.0122882
0.0119531
0.0116096
0.0112577
0.0108977
0.0105298
0.0101541
0.00977084
0.00938014
0.00898218
0.00857712
0.00816512
0.00774633
0.00732089
0.00688896
0.00645069
0.00600621
0.00555569
0.00509928
0.00463715
0.00416949
0.0036965
0.00321837
0.00273553
0.0022477
0.00175755
0.00125673
0.000777633
0.000181689
-0.222259
-0.218529
-0.215316
-0.214441
-0.214205
-0.213855
-0.213592
-0.213464
-0.213349
-0.213187
-0.212978
-0.21272
-0.212406
-0.21203
-0.21159
-0.211084
-0.210511
-0.209868
-0.209155
-0.208369
-0.20751
-0.206576
-0.205566
-0.204479
-0.203313
-0.202067
-0.20074
-0.199329
-0.197834
-0.196253
-0.194585
-0.192826
-0.190976
-0.189032
-0.186994
-0.184857
-0.182622
-0.180286
-0.177846
-0.175303
-0.172652
-0.169895
-0.167028
-0.164053
-0.160968
-0.157773
-0.154471
-0.151062
-0.147549
-0.143936
-0.140227
-0.136428
-0.132547
-0.128591
-0.12457
-0.120496
-0.11638
-0.112237
-0.10808
-0.103925
-0.0997885
-0.0956857
-0.0916332
-0.0876468
-0.0837414
-0.0799312
-0.0762286
-0.0726445
-0.0691881
-0.0658662
-0.0626837
-0.0596433
-0.0567454
-0.0539888
-0.0513702
-0.0488848
-0.0465265
-0.0442883
-0.0421621
-0.0401396
-0.0382121
-0.036371
-0.0346078
-0.0329142
-0.0312826
-0.0297057
-0.0281771
-0.0266909
-0.0252417
-0.023825
-0.0224369
-0.0210741
-0.0197338
-0.0184137
-0.0171123
-0.0158282
-0.0145605
-0.0133088
-0.0120732
-0.0108536
-0.00965001
-0.00846309
-0.00729357
-0.00614228
-0.00501018
-0.00389828
-0.00280766
-0.00173942
-0.00069466
0.000325507
0.00132001
0.00228782
0.00322795
0.00413951
0.00502165
0.00587363
0.00669479
0.00748458
0.00824254
0.00896831
0.00966163
0.0103224
0.0109504
0.0115459
0.0121088
0.0126395
0.0131382
0.0136053
0.0140412
0.0144464
0.0148215
0.015167
0.0154837
0.0157721
0.016033
0.0162671
0.0164751
0.0166577
0.0168158
0.01695
0.0170611
0.0171498
0.0172169
0.0172631
0.0172891
0.0172955
0.0172831
0.0172524
0.0172041
0.0171388
0.017057
0.0169594
0.0168464
0.0167186
0.0165764
0.0164203
0.0162508
0.0160683
0.0158731
0.0156658
0.0154465
0.0152158
0.0149739
0.0147212
0.0144579
0.0141843
0.0139008
0.0136075
0.0133048
0.0129929
0.012672
0.0123422
0.012004
0.0116573
0.0113026
0.0109398
0.0105692
0.010191
0.00980536
0.00941241
0.00901231
0.00860523
0.00819132
0.0077707
0.00734354
0.00690996
0.0064701
0.00602412
0.00557214
0.00511433
0.00465083
0.00418182
0.00370749
0.00322801
0.00274377
0.00225458
0.00176256
0.00126129
0.000775697
0.000200166
-0.219394
-0.217216
-0.214738
-0.213847
-0.213643
-0.213384
-0.213146
-0.213019
-0.212917
-0.212771
-0.212571
-0.212319
-0.212008
-0.211631
-0.211185
-0.21067
-0.210084
-0.209424
-0.20869
-0.207881
-0.206996
-0.206032
-0.20499
-0.203867
-0.202663
-0.201377
-0.200006
-0.19855
-0.197007
-0.195375
-0.193653
-0.19184
-0.189933
-0.187931
-0.185832
-0.183635
-0.181338
-0.17894
-0.176439
-0.173834
-0.171124
-0.168309
-0.165388
-0.162362
-0.159231
-0.155997
-0.152661
-0.149227
-0.145699
-0.14208
-0.138377
-0.134597
-0.130748
-0.126838
-0.122879
-0.118882
-0.114858
-0.110822
-0.106788
-0.10277
-0.0987825
-0.0948408
-0.090959
-0.0871509
-0.0834293
-0.0798058
-0.0762903
-0.0728913
-0.0696153
-0.0664669
-0.0634488
-0.0605618
-0.0578048
-0.0551752
-0.052669
-0.0502807
-0.0480041
-0.0458322
-0.0437574
-0.041772
-0.0398682
-0.0380382
-0.0362746
-0.0345704
-0.0329191
-0.0313145
-0.0297512
-0.0282245
-0.0267299
-0.0252639
-0.0238234
-0.0224057
-0.0210087
-0.0196308
-0.0182707
-0.0169277
-0.0156012
-0.0142912
-0.0129977
-0.0117209
-0.0104611
-0.00921909
-0.00799574
-0.00679198
-0.00560882
-0.00444734
-0.00330868
-0.00219398
-0.0011044
-4.10609e-05
0.000994931
0.00200252
0.00298072
0.0039286
0.00484531
0.00573012
0.00658236
0.00740147
0.00818701
0.00893862
0.00965608
0.0103392
0.0109881
0.0116026
0.0121831
0.0127297
0.0132428
0.0137228
0.0141702
0.0145856
0.0149695
0.0153226
0.0156456
0.0159392
0.0162042
0.0164414
0.0166516
0.0168356
0.0169941
0.0171281
0.0172383
0.0173255
0.0173905
0.0174341
0.017457
0.01746
0.0174437
0.017409
0.0173564
0.0172866
0.0172001
0.0170977
0.0169798
0.016847
0.0166999
0.0165388
0.0163644
0.0161769
0.015977
0.0157648
0.0155409
0.0153057
0.0150593
0.0148023
0.0145348
0.0142572
0.0139697
0.0136727
0.0133664
0.013051
0.0127268
0.0123939
0.0120526
0.0117031
0.0113456
0.0109802
0.0106071
0.0102266
0.00983872
0.00944365
0.00904155
0.00863257
0.00821685
0.00779452
0.00736572
0.00693058
0.00648923
0.00604182
0.00558846
0.0051293
0.00466449
0.00419418
0.00371855
0.00323776
0.00275214
0.00226161
0.00176768
0.00126606
0.000773492
0.000220537
-0.216444
-0.215442
-0.213758
-0.213013
-0.212871
-0.21273
-0.212564
-0.212466
-0.212391
-0.212271
-0.212091
-0.211851
-0.211545
-0.211169
-0.21072
-0.210196
-0.209595
-0.208918
-0.208162
-0.207328
-0.206413
-0.205417
-0.204339
-0.203177
-0.201932
-0.200601
-0.199184
-0.197678
-0.196084
-0.194398
-0.192621
-0.19075
-0.188784
-0.186723
-0.184563
-0.182305
-0.179946
-0.177487
-0.174926
-0.172262
-0.169496
-0.166628
-0.163658
-0.160587
-0.157417
-0.154151
-0.150791
-0.147341
-0.143807
-0.140194
-0.136508
-0.132758
-0.128951
-0.125099
-0.121211
-0.117299
-0.113376
-0.109454
-0.105547
-0.101667
-0.0978297
-0.0940466
-0.0903306
-0.0866933
-0.0831454
-0.079696
-0.076353
-0.0731222
-0.0700082
-0.0670137
-0.0641394
-0.0613848
-0.0587477
-0.0562247
-0.0538111
-0.0515014
-0.0492894
-0.0471685
-0.0451318
-0.0431722
-0.0412828
-0.039457
-0.0376882
-0.0359706
-0.0342985
-0.032667
-0.0310716
-0.0295083
-0.0279736
-0.0264646
-0.0249789
-0.0235144
-0.0220694
-0.0206429
-0.0192338
-0.0178417
-0.0164663
-0.0151079
-0.0137665
-0.0124424
-0.0111363
-0.00984882
-0.00858103
-0.00733389
-0.00610847
-0.00490591
-0.00372737
-0.00257404
-0.00144708
-0.000347669
0.000723083
0.00176409
0.00277435
0.00375292
0.00469894
0.00561165
0.00649038
0.00733457
0.00814377
0.00891762
0.00965591
0.0103585
0.0110253
0.0116566
0.0122523
0.0128129
0.0133387
0.0138302
0.0142878
0.0147121
0.0151039
0.0154637
0.0157924
0.0160908
0.0163596
0.0165997
0.0168119
0.0169971
0.0171563
0.0172901
0.0173996
0.0174855
0.0175487
0.01759
0.0176103
0.0176102
0.0175907
0.0175523
0.0174959
0.017422
0.0173314
0.0172247
0.0171025
0.0169653
0.0168136
0.0166481
0.0164692
0.0162773
0.016073
0.0158565
0.0156284
0.015389
0.0151386
0.0148776
0.0146063
0.014325
0.014034
0.0137336
0.013424
0.0131054
0.0127781
0.0124424
0.0120983
0.0117462
0.0113861
0.0110183
0.010643
0.0102603
0.00987036
0.00947335
0.0090694
0.00865866
0.00824126
0.00781734
0.00738702
0.00695044
0.00650771
0.00605895
0.0056043
0.00514389
0.00467784
0.0042063
0.00372943
0.0032474
0.00276044
0.00226861
0.00177281
0.00127092
0.000771285
0.000241653
-0.213486
-0.213364
-0.212429
-0.211947
-0.211918
-0.211914
-0.211855
-0.211816
-0.211782
-0.2117
-0.211548
-0.211326
-0.211031
-0.210659
-0.210208
-0.209675
-0.209061
-0.208365
-0.207587
-0.206725
-0.205779
-0.204749
-0.203633
-0.202431
-0.201142
-0.199766
-0.1983
-0.196744
-0.195096
-0.193356
-0.191523
-0.189595
-0.187571
-0.18545
-0.183231
-0.180913
-0.178495
-0.175978
-0.173361
-0.170644
-0.167827
-0.164912
-0.161899
-0.158792
-0.155592
-0.152302
-0.148928
-0.145473
-0.141943
-0.138345
-0.134687
-0.130976
-0.127222
-0.123435
-0.119625
-0.115805
-0.111986
-0.10818
-0.104399
-0.100656
-0.0969628
-0.0933307
-0.0897703
-0.0862913
-0.0829021
-0.0796098
-0.0764202
-0.0733373
-0.0703639
-0.0675009
-0.0647481
-0.0621037
-0.0595648
-0.0571276
-0.0547872
-0.0525383
-0.0503751
-0.0482913
-0.0462809
-0.0443375
-0.0424552
-0.0406282
-0.038851
-0.0371185
-0.0354262
-0.0337699
-0.0321458
-0.0305507
-0.0289817
-0.0274366
-0.0259132
-0.0244101
-0.0229258
-0.0214596
-0.0200108
-0.0185791
-0.0171644
-0.0157672
-0.0143873
-0.0130253
-0.0116819
-0.0103581
-0.00905464
-0.00777268
-0.0065133
-0.00527766
-0.00406695
-0.00288236
-0.0017251
-0.000596356
0.000502739
0.00157109
0.00260765
0.00361148
0.00458169
0.00551752
0.00641827
0.00728337
0.00811236
0.0089049
0.00966072
0.0103797
0.0110619
0.0117073
0.0123161
0.0128887
0.0134254
0.0139267
0.0143931
0.0148253
0.0152239
0.0155897
0.0159234
0.0162259
0.0164981
0.0167408
0.0169549
0.0171413
0.017301
0.0174348
0.0175437
0.0176286
0.0176903
0.0177297
0.0177477
0.0177451
0.0177226
0.0176812
0.0176214
0.017544
0.0174498
0.0173393
0.0172132
0.0170721
0.0169165
0.016747
0.0165641
0.0163683
0.0161601
0.0159398
0.0157079
0.0154648
0.0152108
0.0149463
0.0146716
0.0143871
0.0140929
0.0137894
0.0134768
0.0131554
0.0128254
0.012487
0.0121404
0.0117859
0.0114236
0.0110537
0.0106763
0.0102916
0.00989982
0.00950104
0.00909541
0.00868307
0.00826416
0.00783879
0.0074071
0.00696919
0.00652519
0.00607522
0.00561938
0.00515781
0.00469062
0.00421794
0.00373992
0.00325671
0.00276849
0.00227543
0.00177785
0.00127574
0.000769325
0.000262342
-0.210576
-0.211118
-0.210846
-0.210697
-0.210828
-0.210976
-0.211047
-0.211091
-0.211114
-0.211079
-0.210963
-0.210766
-0.210486
-0.21012
-0.209668
-0.209129
-0.208502
-0.207788
-0.206986
-0.206097
-0.20512
-0.204055
-0.202901
-0.201658
-0.200325
-0.198902
-0.197388
-0.195782
-0.194083
-0.192289
-0.190402
-0.188418
-0.186338
-0.184161
-0.181886
-0.179513
-0.177041
-0.174472
-0.171805
-0.16904
-0.16618
-0.163226
-0.160179
-0.157044
-0.153823
-0.15052
-0.14714
-0.143689
-0.140174
-0.136601
-0.132978
-0.129314
-0.125619
-0.121902
-0.118175
-0.114448
-0.110732
-0.10704
-0.103381
-0.0997669
-0.0962084
-0.092715
-0.0892956
-0.0859579
-0.0827086
-0.079553
-0.0764951
-0.0735375
-0.0706815
-0.0679269
-0.0652726
-0.0627162
-0.0602544
-0.0578834
-0.0555983
-0.0533941
-0.0512655
-0.049207
-0.0472131
-0.0452783
-0.0433975
-0.0415657
-0.0397783
-0.038031
-0.03632
-0.0346416
-0.0329929
-0.0313711
-0.0297739
-0.0281992
-0.0266455
-0.0251115
-0.0235961
-0.0220985
-0.0206185
-0.0191557
-0.0177106
-0.0162829
-0.0148731
-0.0134816
-0.0121094
-0.0107572
-0.00942604
-0.00811696
-0.00683107
-0.00556955
-0.00433361
-0.00312446
-0.00194332
-0.00079138
0.000330196
0.00142029
0.00247786
0.00350193
0.0044916
0.00544607
0.00636465
0.00724675
0.00809189
0.00889971
0.00966995
0.0104025
0.0110973
0.0117544
0.0123742
0.0129568
0.0135026
0.0140122
0.014486
0.0149248
0.0153293
0.0157001
0.0160382
0.0163443
0.0166194
0.0168644
0.0170802
0.0172677
0.0174279
0.0175618
0.0176703
0.0177543
0.0178147
0.0178526
0.0178687
0.0178638
0.017839
0.0177948
0.0177322
0.0176518
0.0175544
0.0174407
0.0173113
0.0171668
0.0170078
0.0168349
0.0166486
0.0164494
0.0162377
0.0160141
0.0157789
0.0155326
0.0152755
0.0150079
0.0147302
0.0144427
0.0141458
0.0138395
0.0135244
0.0132005
0.012868
0.0125274
0.0121786
0.011822
0.0114576
0.0110858
0.0107066
0.0103202
0.00992673
0.00952637
0.00911925
0.0087055
0.00828523
0.00785857
0.00742564
0.00698655
0.00654142
0.00609034
0.00563344
0.00517082
0.0047026
0.00422888
0.00374981
0.00326552
0.00277614
0.00228194
0.00178272
0.00128039
0.000767817
0.000281499
-0.207772
-0.208825
-0.209119
-0.209325
-0.209652
-0.209964
-0.210179
-0.210324
-0.210418
-0.210437
-0.210363
-0.210195
-0.209933
-0.209577
-0.209126
-0.208581
-0.207942
-0.20721
-0.206386
-0.20547
-0.204463
-0.203363
-0.202172
-0.20089
-0.199515
-0.198047
-0.196487
-0.194833
-0.193084
-0.191241
-0.189302
-0.187267
-0.185136
-0.182907
-0.180582
-0.17816
-0.175641
-0.173026
-0.170317
-0.167513
-0.164618
-0.161634
-0.158563
-0.155409
-0.152176
-0.148869
-0.145493
-0.142055
-0.138562
-0.13502
-0.131439
-0.127827
-0.124195
-0.12055
-0.116905
-0.113269
-0.109652
-0.106066
-0.102519
-0.0990228
-0.0955851
-0.0922143
-0.0889177
-0.0857015
-0.0825708
-0.0795296
-0.0765803
-0.0737245
-0.0709625
-0.0682935
-0.0657156
-0.0632264
-0.0608224
-0.0584998
-0.0562542
-0.0540809
-0.0519752
-0.0499322
-0.0479472
-0.0460153
-0.0441321
-0.0422935
-0.0404953
-0.0387341
-0.0370065
-0.0353094
-0.0336402
-0.0319967
-0.0303768
-0.0287789
-0.0272014
-0.0256434
-0.024104
-0.0225825
-0.0210787
-0.0195924
-0.018124
-0.0166733
-0.0152408
-0.0138272
-0.0124332
-0.0110596
-0.00970753
-0.00837793
-0.00707196
-0.0057908
-0.00453565
-0.00330774
-0.00210831
-0.00093855
0.000200356
0.00130728
0.00238116
0.00342099
0.00442588
0.00539499
0.00632763
0.00722317
0.00808112
0.00890111
0.00968288
0.0104263
0.0111313
0.0117979
0.0124265
0.0130172
0.0135705
0.0140869
0.0145669
0.0150112
0.0154205
0.0157955
0.0161372
0.0164464
0.0167239
0.0169708
0.0171881
0.0173765
0.0175373
0.0176712
0.0177794
0.0178627
0.0179222
0.0179587
0.0179732
0.0179666
0.0179397
0.0178933
0.0178283
0.0177454
0.0176453
0.0175289
0.0173966
0.0172493
0.0170874
0.0169116
0.0167223
0.0165202
0.0163057
0.0160792
0.0158412
0.0155921
0.0153323
0.015062
0.0147818
0.0144918
0.0141924
0.0138839
0.0135664
0.0132403
0.0129059
0.0125632
0.0122125
0.011854
0.011488
0.0111145
0.0107337
0.0103457
0.00995085
0.00954913
0.0091407
0.0087257
0.00830425
0.00787646
0.00744245
0.00700232
0.00655619
0.00610415
0.00564631
0.00518276
0.00471362
0.00423898
0.00375896
0.00327369
0.00278327
0.00228802
0.00178735
0.00128475
0.000766911
0.000298166
-0.205132
-0.206584
-0.207352
-0.207905
-0.208449
-0.208932
-0.209294
-0.209552
-0.209724
-0.209803
-0.209775
-0.209639
-0.209398
-0.209053
-0.208605
-0.208056
-0.207406
-0.206658
-0.205813
-0.204872
-0.203836
-0.202704
-0.201479
-0.200159
-0.198745
-0.197236
-0.195633
-0.193935
-0.192142
-0.190253
-0.188268
-0.186188
-0.184011
-0.181739
-0.17937
-0.176907
-0.174348
-0.171697
-0.168953
-0.16612
-0.163199
-0.160193
-0.157107
-0.153943
-0.150707
-0.147404
-0.14404
-0.140622
-0.137156
-0.133651
-0.130115
-0.126557
-0.122986
-0.119412
-0.115845
-0.112293
-0.108767
-0.105276
-0.10183
-0.0984358
-0.0951018
-0.0918349
-0.0886409
-0.0855248
-0.0824905
-0.0795407
-0.0766771
-0.0739004
-0.0712103
-0.0686055
-0.0660841
-0.0636435
-0.0612803
-0.058991
-0.0567717
-0.054618
-0.0525259
-0.050491
-0.0485091
-0.0465761
-0.0446883
-0.0428418
-0.0410333
-0.0392595
-0.0375176
-0.0358051
-0.0341194
-0.0324587
-0.0308212
-0.0292052
-0.0276097
-0.0260336
-0.0244761
-0.0229368
-0.0214151
-0.0199118
-0.0184261
-0.0169585
-0.0155094
-0.0140795
-0.0126695
-0.0112803
-0.00991287
-0.0085682
-0.00724744
-0.00595179
-0.00468245
-0.00344064
-0.0022276
-0.00104455
0.000107327
0.00122689
0.00231307
0.00336484
0.00438128
0.00536156
0.00630495
0.00721082
0.00807866
0.00890808
0.00969881
0.0104507
0.0111636
0.0118378
0.0124733
0.0130705
0.0136297
0.0141515
0.0146364
0.0150851
0.0154983
0.0158767
0.0162213
0.016533
0.0168126
0.017061
0.0172794
0.0174687
0.0176299
0.0177639
0.0178718
0.0179546
0.0180133
0.0180488
0.018062
0.0180538
0.0180253
0.0179771
0.0179101
0.0178251
0.0177229
0.0176041
0.0174695
0.0173198
0.0171555
0.0169772
0.0167855
0.016581
0.016364
0.0161351
0.0158948
0.0156433
0.0153812
0.0151088
0.0148263
0.0145343
0.0142328
0.0139223
0.0136029
0.013275
0.0129388
0.0125944
0.0122421
0.0118821
0.0115145
0.0111396
0.0107574
0.0103682
0.00997209
0.0095692
0.00915965
0.00874359
0.00832112
0.00789236
0.00745742
0.0070164
0.00656941
0.00611654
0.00565788
0.00519353
0.00472358
0.00424814
0.00376729
0.00328116
0.00278981
0.00229362
0.00179169
0.00128874
0.000766689
0.0003116
-0.202712
-0.204479
-0.205638
-0.206512
-0.207277
-0.207931
-0.208438
-0.208811
-0.209067
-0.209208
-0.209227
-0.209125
-0.208905
-0.208573
-0.208129
-0.207576
-0.206917
-0.206155
-0.205291
-0.204327
-0.203265
-0.202105
-0.200848
-0.199495
-0.198045
-0.1965
-0.19486
-0.193124
-0.191292
-0.189364
-0.187341
-0.185222
-0.183008
-0.180698
-0.178295
-0.175798
-0.173209
-0.17053
-0.167761
-0.164907
-0.161969
-0.158951
-0.155857
-0.152692
-0.14946
-0.146167
-0.14282
-0.139426
-0.135992
-0.132525
-0.129034
-0.125528
-0.122016
-0.118507
-0.11501
-0.111533
-0.108087
-0.104678
-0.101316
-0.0980069
-0.0947581
-0.0915751
-0.0884629
-0.0854253
-0.0824655
-0.0795853
-0.0767858
-0.0740674
-0.0714292
-0.0688701
-0.0663878
-0.06398
-0.0616437
-0.0593755
-0.0571718
-0.0550291
-0.0529434
-0.0509112
-0.0489286
-0.046992
-0.0450981
-0.0432437
-0.0414255
-0.0396408
-0.0378871
-0.036162
-0.0344633
-0.0327892
-0.0311381
-0.0295086
-0.0278995
-0.02631
-0.0247393
-0.0231866
-0.0216526
-0.0201365
-0.0186384
-0.0171586
-0.0156977
-0.0142562
-0.0128348
-0.0114344
-0.010056
-0.00870055
-0.00736923
-0.0060632
-0.00478366
-0.00353185
-0.002309
-0.00111633
4.49674e-05
0.00117374
0.0022689
0.00332943
0.00435439
0.00534292
0.00629429
0.00720785
0.00808309
0.00891959
0.00971705
0.0104753
0.0111943
0.0118742
0.012515
0.0131171
0.0136809
0.0142069
0.0146956
0.0151477
0.0155639
0.015945
0.0162919
0.0166055
0.0168866
0.0171364
0.0173557
0.0175456
0.0177071
0.0178412
0.0179489
0.0180313
0.0180893
0.0181239
0.0181361
0.0181267
0.0180968
0.0180471
0.0179785
0.0178918
0.0177878
0.0176672
0.0175307
0.017379
0.0172127
0.0170324
0.0168387
0.0166322
0.0164132
0.0161824
0.01594
0.0156867
0.0154227
0.0151484
0.0148642
0.0145703
0.0142672
0.013955
0.0136341
0.0133046
0.0129669
0.0126211
0.0122675
0.0119061
0.0115373
0.0111612
0.0107779
0.0103876
0.00999049
0.00958662
0.00917614
0.00875918
0.00833586
0.00790628
0.00747056
0.00702879
0.00658107
0.00612749
0.00566814
0.00520311
0.00473248
0.00425635
0.00377479
0.00328792
0.00279576
0.00229873
0.00179575
0.00129232
0.00076718
0.000321321
-0.200561
-0.202579
-0.204058
-0.205215
-0.206191
-0.207008
-0.207654
-0.208137
-0.208476
-0.208678
-0.208743
-0.208673
-0.208476
-0.208155
-0.207716
-0.207161
-0.206495
-0.205721
-0.204841
-0.203858
-0.202773
-0.201588
-0.200304
-0.198922
-0.197443
-0.195868
-0.194196
-0.192428
-0.190564
-0.188605
-0.186551
-0.184401
-0.182158
-0.17982
-0.17739
-0.174869
-0.172258
-0.169559
-0.166774
-0.163907
-0.16096
-0.157937
-0.154843
-0.151682
-0.14846
-0.145182
-0.141856
-0.138487
-0.135084
-0.131655
-0.128207
-0.124749
-0.121289
-0.117836
-0.114399
-0.110986
-0.107605
-0.104263
-0.100969
-0.0977271
-0.0945445
-0.0914258
-0.0883752
-0.085396
-0.0824904
-0.0796601
-0.0769058
-0.0742275
-0.0716244
-0.0690952
-0.066638
-0.0642504
-0.0619298
-0.0596732
-0.0574774
-0.0553391
-0.0532549
-0.0512216
-0.0492357
-0.0472941
-0.0453936
-0.0435314
-0.0417046
-0.0399106
-0.038147
-0.0364118
-0.0347028
-0.0330184
-0.0313569
-0.0297172
-0.0280981
-0.0264987
-0.0249185
-0.0233563
-0.0218131
-0.0202879
-0.018781
-0.0172927
-0.0158234
-0.0143737
-0.0129444
-0.0115362
-0.0101501
-0.00878714
-0.00744846
-0.00613518
-0.00484853
-0.00358973
-0.00236001
-0.00116058
7.33852e-06
0.00114261
0.00224413
0.00331088
0.00434189
0.00533632
0.00629342
0.00721252
0.00809309
0.00893471
0.00973708
0.0105
0.0112235
0.0119075
0.0125522
0.013158
0.0137252
0.0142542
0.0147457
0.0152003
0.0156188
0.0160019
0.0163505
0.0166655
0.0169479
0.0171986
0.0174186
0.0176089
0.0177706
0.0179047
0.0180123
0.0180943
0.0181518
0.0181857
0.018197
0.0181867
0.0181557
0.0181048
0.0180349
0.0179468
0.0178414
0.0177193
0.0175812
0.017428
0.0172601
0.0170782
0.0168829
0.0166747
0.0164541
0.0162216
0.0159777
0.0157228
0.0154573
0.0151815
0.0148958
0.0146005
0.014296
0.0139825
0.0136603
0.0133296
0.0129906
0.0126437
0.0122889
0.0119266
0.0115567
0.0111796
0.0107954
0.0104042
0.0100062
0.00960156
0.00919031
0.00877262
0.00834859
0.00791835
0.00748198
0.00703959
0.00659127
0.0061371
0.00567718
0.00521159
0.00474039
0.00426368
0.00378152
0.00329402
0.00280118
0.00230342
0.00179957
0.00129553
0.000768374
0.000327146
-0.198721
-0.200938
-0.202674
-0.204072
-0.205239
-0.206207
-0.206977
-0.207561
-0.207976
-0.208235
-0.208342
-0.208303
-0.208126
-0.207817
-0.207383
-0.206827
-0.206155
-0.205371
-0.204478
-0.203478
-0.202375
-0.20117
-0.199865
-0.19846
-0.196958
-0.195358
-0.193662
-0.191869
-0.189981
-0.187998
-0.18592
-0.183748
-0.181483
-0.179126
-0.176678
-0.17414
-0.171515
-0.168804
-0.16601
-0.163137
-0.160187
-0.157166
-0.154076
-0.150923
-0.147714
-0.144453
-0.141148
-0.137805
-0.134431
-0.131035
-0.127625
-0.124207
-0.120792
-0.117386
-0.113997
-0.110634
-0.107304
-0.104014
-0.10077
-0.097579
-0.0944447
-0.0913722
-0.0883651
-0.0854261
-0.0825574
-0.0797603
-0.0770352
-0.0743822
-0.0718006
-0.069289
-0.0668458
-0.0644689
-0.0621558
-0.0599039
-0.0577102
-0.0555719
-0.0534858
-0.0514489
-0.0494582
-0.0475108
-0.0456037
-0.0437341
-0.0418996
-0.0400976
-0.038326
-0.0365825
-0.0348653
-0.0331728
-0.0315035
-0.029856
-0.0282294
-0.0266226
-0.0250347
-0.0234664
-0.0219164
-0.0203847
-0.0188716
-0.0173773
-0.0159021
-0.0144468
-0.0130119
-0.0115983
-0.0102069
-0.00883884
-0.00749511
-0.00617689
-0.00488539
-0.00362182
-0.00238741
-0.00118338
-1.09396e-05
0.00112877
0.00223465
0.00330565
0.00434083
0.00533933
0.00630037
0.0072233
0.00810757
0.00895276
0.00975855
0.0105248
0.0112513
0.0119382
0.0125858
0.0131941
0.0137636
0.0142949
0.0147884
0.0152448
0.0156649
0.0160494
0.0163992
0.0167152
0.0169983
0.0172496
0.0174701
0.0176607
0.0178225
0.0179566
0.018064
0.0181457
0.0182027
0.018236
0.0182466
0.0182355
0.0182036
0.0181517
0.0180808
0.0179917
0.017885
0.0177618
0.0176225
0.017468
0.0172988
0.0171156
0.016919
0.0167095
0.0164876
0.0162539
0.0160087
0.0157525
0.0154858
0.0152088
0.014922
0.0146256
0.0143199
0.0140053
0.0136821
0.0133504
0.0130105
0.0126626
0.012307
0.0119437
0.0115731
0.0111952
0.0108102
0.0104183
0.0100197
0.00961433
0.00920246
0.00878417
0.00835958
0.00792879
0.0074919
0.007049
0.00660019
0.00614556
0.00568517
0.00521911
0.00474745
0.00427027
0.00378763
0.0032996
0.00280619
0.00230781
0.00180326
0.00129845
0.000770248
0.000329205
-0.197219
-0.199594
-0.201532
-0.203128
-0.204457
-0.205556
-0.206433
-0.207104
-0.207587
-0.207895
-0.208039
-0.208026
-0.207867
-0.207569
-0.207138
-0.206583
-0.205906
-0.205115
-0.204211
-0.2032
-0.202083
-0.200862
-0.199541
-0.198119
-0.196599
-0.194982
-0.193267
-0.191457
-0.189552
-0.187552
-0.185458
-0.183271
-0.180992
-0.178622
-0.176163
-0.173616
-0.170983
-0.168267
-0.16547
-0.162596
-0.159648
-0.156631
-0.153549
-0.150407
-0.147211
-0.143967
-0.140681
-0.137361
-0.134013
-0.130645
-0.127265
-0.12388
-0.120499
-0.117128
-0.113777
-0.110451
-0.107158
-0.103905
-0.100697
-0.0975396
-0.094438
-0.0913959
-0.0884168
-0.0855033
-0.0826572
-0.0798797
-0.0771715
-0.0745323
-0.0719618
-0.0694587
-0.0670215
-0.0646482
-0.0623368
-0.0600848
-0.0578895
-0.0557482
-0.053658
-0.0516162
-0.0496199
-0.0476663
-0.0457527
-0.0438764
-0.042035
-0.0402261
-0.0384476
-0.0366973
-0.0349735
-0.0332746
-0.031599
-0.0299455
-0.028313
-0.0267005
-0.0251077
-0.0235341
-0.021979
-0.0204426
-0.018925
-0.0174263
-0.015947
-0.0144876
-0.0130488
-0.0116314
-0.0102365
-0.00886483
-0.00751766
-0.00619609
-0.00490131
-0.00363453
-0.00239698
-0.00118989
-1.44305e-05
0.00112823
0.00223699
0.00331082
0.00434876
0.00534995
0.0063136
0.00723907
0.0081258
0.00897335
0.00978141
0.0105498
0.0112784
0.0119673
0.0126166
0.0132267
0.0137978
0.0143305
0.0148253
0.0152829
0.015704
0.0160894
0.01644
0.0167566
0.0170403
0.0172919
0.0175126
0.0177033
0.0178652
0.0179991
0.0181062
0.0181876
0.0182442
0.018277
0.018287
0.0182752
0.0182426
0.0181899
0.0181182
0.0180281
0.0179206
0.0177963
0.0176561
0.0175006
0.0173304
0.0171462
0.0169485
0.016738
0.0165151
0.0162803
0.0160342
0.015777
0.0155093
0.0152314
0.0149436
0.0146463
0.0143398
0.0140243
0.0137003
0.0133678
0.0130271
0.0126785
0.0123221
0.0119582
0.0115869
0.0112084
0.0108229
0.0104304
0.0100312
0.00962534
0.00921297
0.00879421
0.00836916
0.00793794
0.00750063
0.00705733
0.00660813
0.00615312
0.00569236
0.00522593
0.0047539
0.00427634
0.0037933
0.00330485
0.00281099
0.00231207
0.00180697
0.00130125
0.0007728
0.000327943
-0.196068
-0.198565
-0.200658
-0.202408
-0.203869
-0.205074
-0.206038
-0.206779
-0.207316
-0.207665
-0.207839
-0.207847
-0.207702
-0.207412
-0.206986
-0.20643
-0.205751
-0.204954
-0.204044
-0.203024
-0.201897
-0.200666
-0.199333
-0.1979
-0.196368
-0.194739
-0.193013
-0.191191
-0.189275
-0.187265
-0.185161
-0.182965
-0.180679
-0.178302
-0.175837
-0.173286
-0.170651
-0.167934
-0.165138
-0.162266
-0.159323
-0.156312
-0.153238
-0.150107
-0.146924
-0.143694
-0.140425
-0.137123
-0.133796
-0.130449
-0.127092
-0.123731
-0.120375
-0.11703
-0.113703
-0.110403
-0.107134
-0.103905
-0.100719
-0.0975835
-0.0945015
-0.0914773
-0.088514
-0.0856142
-0.0827798
-0.080012
-0.0773113
-0.0746777
-0.0721109
-0.0696098
-0.067173
-0.0647988
-0.0624853
-0.0602301
-0.0580307
-0.0558847
-0.0537893
-0.0517418
-0.0497395
-0.0477797
-0.0458599
-0.0439773
-0.0421298
-0.0403148
-0.0385303
-0.0367743
-0.0350449
-0.0333406
-0.0316599
-0.0300015
-0.0283645
-0.0267474
-0.0251505
-0.0235727
-0.0220138
-0.0204738
-0.0189527
-0.0174507
-0.0159682
-0.0145059
-0.0130642
-0.0116442
-0.0102466
-0.00887244
-0.00752285
-0.00619895
-0.00490192
-0.00363296
-0.0023933
-0.00118415
-6.70462e-06
0.00113789
0.00224854
0.0033242
0.00436392
0.00536683
0.00633216
0.00725924
0.00814751
0.00899655
0.00980604
0.0105758
0.0113056
0.0119957
0.0126462
0.0132573
0.0138293
0.0143629
0.0148585
0.0153167
0.0157384
0.0161243
0.0164753
0.0167922
0.0170761
0.0173279
0.0175486
0.0177393
0.0179009
0.0180347
0.0181415
0.0182225
0.0182787
0.018311
0.0183205
0.0183081
0.0182748
0.0182215
0.018149
0.0180582
0.0179499
0.0178249
0.0176839
0.0175275
0.0173565
0.0171715
0.016973
0.0167616
0.0165379
0.0163024
0.0160554
0.0157975
0.015529
0.0152503
0.0149618
0.0146637
0.0143565
0.0140404
0.0137157
0.0133826
0.0130413
0.0126921
0.0123352
0.0119708
0.0115989
0.0112199
0.0108339
0.010441
0.0100414
0.00963509
0.00922233
0.00880319
0.00837778
0.00794621
0.00750857
0.00706495
0.00661545
0.00616013
0.00569907
0.00523236
0.00476003
0.00428217
0.00379882
0.00331004
0.00281582
0.00231645
0.00181094
0.0013042
0.000776094
0.000324124
-0.195263
-0.19785
-0.200057
-0.201921
-0.203481
-0.204765
-0.205795
-0.206589
-0.207166
-0.207545
-0.20774
-0.207764
-0.207629
-0.207346
-0.206923
-0.206367
-0.205687
-0.204887
-0.203972
-0.202946
-0.201813
-0.200576
-0.199236
-0.197796
-0.196257
-0.194621
-0.192889
-0.191061
-0.189139
-0.187123
-0.185015
-0.182815
-0.180525
-0.178146
-0.175679
-0.173128
-0.170493
-0.167777
-0.164984
-0.162117
-0.159179
-0.156175
-0.153109
-0.149987
-0.146814
-0.143596
-0.14034
-0.137051
-0.133738
-0.130407
-0.127065
-0.12372
-0.120379
-0.11705
-0.113739
-0.110454
-0.1072
-0.103983
-0.10081
-0.0976853
-0.094613
-0.091597
-0.0886406
-0.0857462
-0.0829157
-0.0801504
-0.0774509
-0.0748173
-0.0722493
-0.069746
-0.0673061
-0.0649282
-0.0626102
-0.06035
-0.0581453
-0.0559936
-0.0538923
-0.0518389
-0.0498306
-0.0478649
-0.0459391
-0.0440509
-0.0421976
-0.0403772
-0.0385875
-0.0368265
-0.0350923
-0.0333834
-0.0316983
-0.0300357
-0.0283944
-0.0267741
-0.0251735
-0.0235924
-0.0220303
-0.0204873
-0.0189634
-0.0174587
-0.0159737
-0.014509
-0.0130651
-0.0116429
-0.0102433
-0.0088672
-0.00751579
-0.00619015
-0.00489147
-0.00362093
-0.00237977
-0.00116918
9.64827e-06
0.00115556
0.00226747
0.00334434
0.00438521
0.00538921
0.00635558
0.00728366
0.00817288
0.0090228
0.00983312
0.0106036
0.0113342
0.012025
0.012676
0.0132877
0.0138602
0.0143942
0.0148901
0.0153486
0.0157705
0.0161566
0.0165076
0.0168246
0.0171084
0.0173601
0.0175807
0.0177711
0.0179325
0.0180659
0.0181724
0.018253
0.0183087
0.0183405
0.0183495
0.0183365
0.0183026
0.0182487
0.0181756
0.0180841
0.0179752
0.0178494
0.0177077
0.0175506
0.0173789
0.0171932
0.016994
0.016782
0.0165576
0.0163214
0.0160738
0.0158152
0.015546
0.0152667
0.0149776
0.014679
0.0143713
0.0140546
0.0137294
0.0133957
0.013054
0.0127043
0.0123469
0.0119821
0.0116098
0.0112304
0.010844
0.0104508
0.0100508
0.00964415
0.00923107
0.00881163
0.00838593
0.00795408
0.00751617
0.00707229
0.00662253
0.00616697
0.00570568
0.00523873
0.00476617
0.00428808
0.00380449
0.00331544
0.00282095
0.00232122
0.00181542
0.00130761
0.000780274
0.000318795
-0.194778
-0.197428
-0.199712
-0.201653
-0.20328
-0.204619
-0.205692
-0.206521
-0.207125
-0.207524
-0.207733
-0.207767
-0.207639
-0.20736
-0.206939
-0.206384
-0.205703
-0.204901
-0.203984
-0.202955
-0.201819
-0.200578
-0.199235
-0.197791
-0.196249
-0.194609
-0.192874
-0.191043
-0.189119
-0.187101
-0.184991
-0.182791
-0.1805
-0.178121
-0.175656
-0.173106
-0.170473
-0.16776
-0.164971
-0.162108
-0.159175
-0.156176
-0.153117
-0.150002
-0.146836
-0.143626
-0.140378
-0.137099
-0.133794
-0.130472
-0.12714
-0.123804
-0.120472
-0.117151
-0.113847
-0.110569
-0.107321
-0.104111
-0.100942
-0.0978211
-0.0947515
-0.0917373
-0.0887816
-0.085887
-0.0830554
-0.080288
-0.0775857
-0.0749487
-0.0723766
-0.0698687
-0.0674238
-0.0650405
-0.0627169
-0.0604509
-0.0582403
-0.0560827
-0.0539755
-0.0519162
-0.0499022
-0.0479308
-0.0459996
-0.0441061
-0.0422478
-0.0404225
-0.0386281
-0.0368626
-0.0351242
-0.0334112
-0.0317223
-0.030056
-0.0284114
-0.0267877
-0.025184
-0.0236
-0.0220352
-0.0204895
-0.0189631
-0.0174561
-0.0159689
-0.0145021
-0.0130562
-0.0116322
-0.0102308
-0.00885312
-0.00750016
-0.00617306
-0.00487301
-0.00360119
-0.00235881
-0.00114709
3.27957e-05
0.0011797
0.00229254
0.00337027
0.00441194
0.00541669
0.00638374
0.00731244
0.00820223
0.00905267
0.00986345
0.0106344
0.0113653
0.0120564
0.0127077
0.0133195
0.0138922
0.0144262
0.0149222
0.0153807
0.0158025
0.0161885
0.0165393
0.0168561
0.0171397
0.017391
0.0176112
0.0178013
0.0179623
0.0180953
0.0182013
0.0182813
0.0183365
0.0183678
0.0183761
0.0183626
0.0183281
0.0182735
0.0181998
0.0181077
0.0179981
0.0178717
0.0177294
0.0175717
0.0173993
0.017213
0.0170132
0.0168006
0.0165756
0.0163387
0.0160905
0.0158314
0.0155617
0.0152819
0.0149923
0.0146932
0.0143849
0.0140678
0.0137421
0.0134081
0.0130659
0.0127158
0.0123581
0.0119928
0.0116202
0.0112405
0.0108538
0.0104602
0.0100599
0.00965302
0.00923967
0.00881997
0.00839402
0.00796193
0.0075238
0.0070797
0.00662974
0.00617397
0.00571248
0.00524534
0.00477259
0.00429431
0.00381053
0.00332129
0.00282659
0.00232658
0.0018206
0.00131176
0.000785531
0.000313176
-0.19456
-0.197251
-0.199582
-0.201569
-0.203236
-0.204607
-0.205706
-0.206554
-0.207174
-0.207583
-0.207801
-0.20784
-0.207716
-0.207439
-0.207018
-0.206464
-0.205782
-0.20498
-0.204061
-0.203031
-0.201894
-0.200651
-0.199307
-0.197862
-0.196319
-0.194678
-0.192942
-0.191111
-0.189186
-0.187169
-0.185059
-0.182859
-0.18057
-0.178193
-0.175729
-0.173181
-0.170551
-0.167841
-0.165055
-0.162195
-0.159266
-0.156272
-0.153217
-0.150106
-0.146945
-0.14374
-0.140497
-0.137222
-0.133922
-0.130605
-0.127276
-0.123944
-0.120615
-0.117297
-0.113996
-0.11072
-0.107473
-0.104263
-0.101094
-0.0979718
-0.0949005
-0.0918839
-0.0889252
-0.086027
-0.0831913
-0.0804194
-0.0777121
-0.0750698
-0.0724921
-0.0699784
-0.0675276
-0.0651383
-0.0628086
-0.0605366
-0.0583201
-0.0561567
-0.0540438
-0.051979
-0.0499596
-0.0479831
-0.0460469
-0.0441486
-0.0422857
-0.0404561
-0.0386575
-0.036888
-0.0351458
-0.0334293
-0.0317369
-0.0300674
-0.0284197
-0.0267929
-0.0251864
-0.0235996
-0.0220323
-0.0204842
-0.0189554
-0.0174462
-0.015957
-0.0144881
-0.0130404
-0.0116145
-0.0102115
-0.00883219
-0.00747772
-0.00614921
-0.00484783
-0.00357477
-0.00233125
-0.00111845
6.2421e-05
0.00121024
0.0023239
0.00340238
0.00444473
0.00545007
0.00641766
0.00734681
0.00823699
0.00908775
0.00989877
0.0106699
0.011401
0.0120921
0.0127434
0.0133551
0.0139277
0.0144616
0.0149573
0.0154156
0.0158371
0.0162227
0.0165732
0.0168895
0.0171726
0.0174234
0.0176431
0.0178326
0.017993
0.0181254
0.0182307
0.0183102
0.0183647
0.0183953
0.018403
0.0183888
0.0183536
0.0182983
0.0182239
0.0181311
0.0180208
0.0178938
0.0177508
0.0175924
0.0174195
0.0172325
0.0170321
0.0168188
0.0165933
0.0163559
0.0161071
0.0158475
0.0155773
0.0152969
0.0150068
0.0147073
0.0143986
0.014081
0.0137549
0.0134205
0.0130779
0.0127275
0.0123694
0.0120038
0.0116309
0.0112509
0.0108638
0.01047
0.0100694
0.00966226
0.00924866
0.00882873
0.00840256
0.00797025
0.00753191
0.00708762
0.00663746
0.00618152
0.00571985
0.00525254
0.00477963
0.00430119
0.00381725
0.00332786
0.002833
0.00233279
0.00182673
0.00131697
0.000792252
0.000308759
-0.194566
-0.197282
-0.199639
-0.201651
-0.203337
-0.204724
-0.205833
-0.20669
-0.207315
-0.207729
-0.207948
-0.207989
-0.207865
-0.207588
-0.207167
-0.206611
-0.205929
-0.205125
-0.204205
-0.203175
-0.202036
-0.200793
-0.199448
-0.198003
-0.19646
-0.194819
-0.193083
-0.191253
-0.189329
-0.187313
-0.185205
-0.183006
-0.180718
-0.178343
-0.175881
-0.173335
-0.170708
-0.168
-0.165216
-0.162359
-0.159433
-0.156441
-0.153388
-0.15028
-0.147122
-0.143918
-0.140677
-0.137404
-0.134105
-0.130788
-0.12746
-0.124127
-0.120798
-0.117478
-0.114176
-0.110897
-0.107647
-0.104433
-0.10126
-0.0981338
-0.0950576
-0.0920357
-0.0890713
-0.0861671
-0.0833252
-0.0805468
-0.077833
-0.075184
-0.0725996
-0.0700793
-0.0676219
-0.0652261
-0.0628901
-0.060612
-0.0583895
-0.0562203
-0.0541019
-0.0520317
-0.0500072
-0.0480258
-0.046085
-0.0441822
-0.042315
-0.0404813
-0.0386789
-0.0369057
-0.0351599
-0.0334399
-0.0317443
-0.0300716
-0.0284209
-0.0267913
-0.0251819
-0.0235924
-0.0220224
-0.0204718
-0.0189406
-0.017429
-0.0159374
-0.0144664
-0.0130165
-0.0115886
-0.0101836
-0.00880245
-0.00744619
-0.00611599
-0.004813
-0.00353844
-0.0022935
-0.00107939
0.000102703
0.00125163
0.00236631
0.00344569
0.00448884
0.00549489
0.00646307
0.00739272
0.00828329
0.00913434
0.00994556
0.0107168
0.0114478
0.0121389
0.01279
0.0134015
0.0139738
0.0145072
0.0150025
0.0154603
0.0158812
0.0162661
0.0166159
0.0169315
0.0172138
0.0174639
0.0176827
0.0178713
0.0180309
0.0181623
0.0182667
0.0183452
0.0183988
0.0184285
0.0184352
0.0184201
0.018384
0.0183278
0.0182525
0.0181589
0.0180477
0.0179198
0.017776
0.0176168
0.0174431
0.0172553
0.0170542
0.0168402
0.016614
0.0163759
0.0161265
0.0158662
0.0155954
0.0153145
0.0150239
0.0147238
0.0144146
0.0140966
0.01377
0.0134351
0.0130921
0.0127413
0.0123828
0.0120168
0.0116436
0.0112632
0.0108759
0.0104817
0.0100808
0.00967342
0.00925955
0.00883936
0.00841295
0.00798041
0.00754185
0.00709735
0.00664699
0.00619085
0.005729
0.00526151
0.00478844
0.00430984
0.00382575
0.00333621
0.00284122
0.00234085
0.00183478
0.00132431
0.000801724
0.000308174
-0.194757
-0.197491
-0.199863
-0.201885
-0.203579
-0.204968
-0.206079
-0.206935
-0.207559
-0.20797
-0.208186
-0.208223
-0.208096
-0.207815
-0.207391
-0.206832
-0.206147
-0.205341
-0.204419
-0.203387
-0.202247
-0.201003
-0.199657
-0.198211
-0.196668
-0.195028
-0.193292
-0.191463
-0.18954
-0.187524
-0.185418
-0.183221
-0.180935
-0.178561
-0.176101
-0.173557
-0.170931
-0.168225
-0.165443
-0.162587
-0.159662
-0.156671
-0.153619
-0.150511
-0.147353
-0.144149
-0.140907
-0.137632
-0.134331
-0.131012
-0.127681
-0.124345
-0.121011
-0.117687
-0.114379
-0.111095
-0.107839
-0.104619
-0.101439
-0.0983053
-0.0952216
-0.0921921
-0.0892199
-0.0863078
-0.0834579
-0.0806716
-0.07795
-0.0752932
-0.0727013
-0.0701736
-0.0677091
-0.0653065
-0.0629638
-0.0606794
-0.0584508
-0.0562758
-0.0541519
-0.0520765
-0.0500471
-0.048061
-0.0461156
-0.0442086
-0.0423374
-0.0404998
-0.0386936
-0.0369168
-0.0351676
-0.0334443
-0.0317454
-0.0300696
-0.0284158
-0.0267831
-0.0251708
-0.0235784
-0.0220056
-0.0204522
-0.0189182
-0.0174039
-0.0159097
-0.0144361
-0.0129837
-0.0115533
-0.0101459
-0.00876235
-0.00740384
-0.00607147
-0.00476641
-0.00348986
-0.00224306
-0.0010272
0.000156514
0.00130694
0.00242298
0.0035036
0.00454784
0.00555484
0.00652383
0.00745414
0.00834523
0.00919666
0.0100081
0.0107794
0.0115105
0.0122013
0.0128522
0.0134633
0.014035
0.0145679
0.0150625
0.0155194
0.0159394
0.0163234
0.0166721
0.0169866
0.0172678
0.0175167
0.0177343
0.0179217
0.0180799
0.0182101
0.0183132
0.0183904
0.0184427
0.018471
0.0184765
0.0184601
0.0184227
0.0183654
0.0182888
0.018194
0.0180817
0.0179527
0.0178077
0.0176475
0.0174727
0.017284
0.0170819
0.016867
0.0166399
0.016401
0.0161508
0.0158897
0.0156182
0.0153366
0.0150452
0.0147445
0.0144347
0.014116
0.0137889
0.0134534
0.01311
0.0127586
0.0123997
0.0120333
0.0116596
0.0112788
0.0108911
0.0104965
0.0100953
0.00968758
0.0092734
0.00885291
0.0084262
0.00799339
0.00755456
0.00710981
0.00665921
0.00620285
0.00574078
0.00527309
0.00479983
0.00432105
0.00383679
0.0033471
0.00285197
0.00235148
0.0018454
0.00133456
0.000814372
0.000313971
-0.213662
-0.213863
-0.213998
-0.214085
-0.214124
-0.214124
-0.214089
-0.214018
-0.213909
-0.213757
-0.213559
-0.213312
-0.213014
-0.212662
-0.212254
-0.211789
-0.211266
-0.210682
-0.210037
-0.209329
-0.208558
-0.207723
-0.206821
-0.205853
-0.204818
-0.203714
-0.20254
-0.201296
-0.199979
-0.198589
-0.197125
-0.195584
-0.193965
-0.192267
-0.190487
-0.188623
-0.186672
-0.184633
-0.182502
-0.180276
-0.177951
-0.175525
-0.172992
-0.170349
-0.167591
-0.164714
-0.161712
-0.158581
-0.155315
-0.15191
-0.14836
-0.144661
-0.140809
-0.136801
-0.132634
-0.128308
-0.123823
-0.119182
-0.114388
-0.109449
-0.104375
-0.0991777
-0.0938727
-0.0884783
-0.083016
-0.0775098
-0.0719862
-0.0664739
-0.0610031
-0.055605
-0.050311
-0.0451523
-0.0401585
-0.0353579
-0.0307758
-0.0264347
-0.0223531
-0.018546
-0.0150238
-0.0117927
-0.00885467
-0.00620766
-0.00384567
-0.00175947
6.33283e-05
0.0016376
0.00298017
0.00410934
0.00504435
0.00580494
0.00641087
0.00688158
0.00723586
0.00749159
0.00766554
0.0077732
0.00782871
0.0078448
0.00783279
0.00780258
0.00776273
0.00772052
0.00768201
0.00765218
0.00763498
0.00763349
0.00764975
0.00768564
0.00774183
0.00781877
0.00791638
0.00803424
0.00817157
0.00832737
0.00850043
0.0086894
0.00889278
0.00910905
0.0093366
0.00957381
0.00981906
0.0100708
0.0103273
0.0105872
0.0108489
0.0111111
0.0113724
0.0116314
0.0118869
0.0121379
0.0123831
0.0126216
0.0128525
0.0130749
0.0132878
0.0134907
0.0136828
0.0138635
0.0140323
0.0141886
0.0143319
0.014462
0.0145783
0.0146807
0.0147689
0.0148427
0.0149018
0.0149462
0.0149758
0.0149904
0.0149901
0.0149749
0.0149448
0.0148999
0.0148401
0.0147658
0.0146768
0.0145735
0.0144559
0.0143243
0.0141788
0.0140196
0.0138469
0.013661
0.0134622
0.0132505
0.0130264
0.01279
0.0125416
0.0122814
0.0120098
0.011727
0.0114332
0.0111287
0.0108138
0.0104887
0.0101538
0.00980917
0.00945519
0.00909209
0.00872011
0.00833951
0.00795052
0.00755338
0.00714834
0.00673561
0.00631544
0.00588804
0.00545362
0.00501241
0.00456462
0.00411044
0.00365007
0.0031837
0.00271152
0.00223371
0.00175035
0.00126198
0.000766538
0.000279281
-0.21363
-0.213805
-0.213909
-0.213982
-0.214016
-0.214016
-0.213982
-0.213913
-0.213805
-0.213655
-0.213459
-0.213214
-0.212917
-0.212567
-0.212161
-0.211698
-0.211176
-0.210594
-0.209951
-0.209245
-0.208476
-0.207641
-0.206742
-0.205775
-0.204741
-0.203639
-0.202466
-0.201223
-0.199907
-0.198519
-0.197055
-0.195515
-0.193898
-0.1922
-0.190421
-0.188558
-0.186608
-0.18457
-0.18244
-0.180215
-0.177891
-0.175466
-0.172934
-0.170293
-0.167537
-0.164662
-0.161663
-0.158535
-0.155273
-0.151872
-0.148327
-0.144634
-0.140789
-0.136788
-0.13263
-0.128314
-0.12384
-0.119211
-0.11443
-0.109506
-0.104447
-0.0992652
-0.0939768
-0.0885996
-0.0831546
-0.0776657
-0.0721593
-0.0666636
-0.0612088
-0.0558256
-0.0505453
-0.0453988
-0.0404157
-0.0356239
-0.0310488
-0.0267127
-0.0226342
-0.0188281
-0.0153051
-0.0120714
-0.00912913
-0.0064763
-0.00410703
-0.00201209
-0.000179273
0.00140611
0.00276073
0.00390267
0.00485102
0.00562531
0.00624514
0.0067298
0.00709793
0.00736727
0.00755447
0.00767493
0.00774269
0.00777043
0.0077694
0.00774947
0.00771918
0.00768578
0.00765534
0.00763285
0.00762225
0.00762659
0.0076482
0.00768882
0.00774907
0.00782947
0.00793003
0.00805033
0.00818967
0.00834705
0.00852132
0.00871115
0.0089151
0.00913165
0.00935924
0.00959628
0.00984116
0.0100923
0.0103482
0.0106073
0.0108682
0.0111294
0.0113896
0.0116475
0.0119019
0.0121517
0.0123957
0.0126331
0.0128627
0.0130839
0.0132957
0.0134974
0.0136884
0.013868
0.0140357
0.0141909
0.0143333
0.0144624
0.0145778
0.0146794
0.0147667
0.0148397
0.0148981
0.0149418
0.0149707
0.0149847
0.0149839
0.0149681
0.0149375
0.0148921
0.014832
0.0147573
0.014668
0.0145644
0.0144465
0.0143147
0.0141689
0.0140096
0.0138368
0.0136508
0.0134519
0.0132402
0.013016
0.0127795
0.0125311
0.012271
0.0119994
0.0117166
0.0114229
0.0111185
0.0108037
0.0104787
0.0101439
0.00979938
0.00944553
0.00908256
0.00871073
0.00833027
0.00794143
0.00754445
0.00713957
0.00672701
0.006307
0.00587977
0.00544553
0.00500449
0.00455687
0.00410286
0.00364266
0.00317647
0.00270445
0.00222681
0.00174357
0.0012555
0.000758963
0.000275761
-0.213574
-0.213754
-0.21384
-0.213903
-0.213933
-0.213932
-0.2139
-0.213833
-0.213728
-0.21358
-0.213386
-0.213143
-0.212849
-0.212501
-0.212097
-0.211636
-0.211116
-0.210536
-0.209894
-0.20919
-0.208422
-0.20759
-0.206692
-0.205727
-0.204694
-0.203593
-0.202422
-0.20118
-0.199866
-0.198478
-0.197016
-0.195478
-0.193861
-0.192165
-0.190387
-0.188526
-0.186578
-0.184541
-0.182412
-0.180189
-0.177868
-0.175444
-0.172915
-0.170277
-0.167524
-0.164652
-0.161657
-0.158533
-0.155276
-0.15188
-0.148342
-0.144655
-0.140817
-0.136825
-0.132676
-0.128369
-0.123904
-0.119285
-0.114515
-0.109602
-0.104554
-0.0993834
-0.094106
-0.0887394
-0.0833047
-0.0778255
-0.0723281
-0.0668408
-0.0613934
-0.0560167
-0.050742
-0.0456001
-0.0406206
-0.0358314
-0.031258
-0.0269226
-0.022844
-0.019037
-0.015512
-0.0122755
-0.00932959
-0.00667226
-0.00429778
-0.00219698
-0.000357704
0.00123469
0.00259679
0.00374665
0.00470328
0.00548613
0.00611476
0.00660836
0.0069855
0.00726387
0.00746003
0.00758931
0.00766572
0.00770186
0.00770893
0.00769677
0.00767387
0.00764746
0.0076236
0.00760725
0.00760236
0.00761201
0.00763841
0.0076832
0.00774737
0.00783128
0.00793494
0.00805796
0.00819964
0.00835903
0.00853499
0.00872621
0.00893127
0.00914868
0.0093769
0.00961435
0.00985947
0.0101107
0.0103665
0.0106253
0.0108858
0.0111466
0.0114062
0.0116635
0.0119173
0.0121663
0.0124096
0.0126461
0.012875
0.0130953
0.0133062
0.0135071
0.0136972
0.013876
0.0140428
0.0141972
0.0143387
0.0144671
0.0145818
0.0146826
0.0147692
0.0148414
0.0148992
0.0149422
0.0149706
0.014984
0.0149826
0.0149664
0.0149353
0.0148895
0.014829
0.0147538
0.0146642
0.0145602
0.0144421
0.0143099
0.014164
0.0140044
0.0138314
0.0136452
0.0134461
0.0132343
0.01301
0.0127734
0.012525
0.0122648
0.0119931
0.0117103
0.0114165
0.0111121
0.0107973
0.0104723
0.0101375
0.00979308
0.00943927
0.00907635
0.00870457
0.00832417
0.0079354
0.0075385
0.00713369
0.00672122
0.0063013
0.00587415
0.00544001
0.00499907
0.00455155
0.00409764
0.00363755
0.00317146
0.00269955
0.00222203
0.00173886
0.00125117
0.000753672
0.000275586
-0.213509
-0.213715
-0.213792
-0.213847
-0.213874
-0.213873
-0.213843
-0.213779
-0.213676
-0.213532
-0.21334
-0.2131
-0.212808
-0.212463
-0.212061
-0.211602
-0.211084
-0.210506
-0.209866
-0.209163
-0.208397
-0.207566
-0.20667
-0.205706
-0.204675
-0.203575
-0.202406
-0.201165
-0.199853
-0.198467
-0.197006
-0.195469
-0.193854
-0.19216
-0.190384
-0.188524
-0.186578
-0.184543
-0.182417
-0.180196
-0.177878
-0.175458
-0.172932
-0.170298
-0.167549
-0.164682
-0.161692
-0.158574
-0.155323
-0.151934
-0.148403
-0.144724
-0.140895
-0.136911
-0.132771
-0.128473
-0.124018
-0.119409
-0.114648
-0.109743
-0.104704
-0.0995414
-0.0942711
-0.0889108
-0.0834815
-0.0780067
-0.0725127
-0.0670277
-0.0615818
-0.0562058
-0.050931
-0.0457883
-0.0408076
-0.0360168
-0.0314415
-0.0271038
-0.0230227
-0.0192129
-0.0156852
-0.0124457
-0.0094968
-0.00683636
-0.00445861
-0.00235436
-0.000511405
0.00108492
0.00245125
0.00360566
0.00456717
0.00535526
0.00598946
0.00648895
0.00687227
0.00715707
0.00735987
0.00749594
0.00757925
0.00762232
0.00763632
0.00763102
0.00761487
0.00759505
0.00757757
0.00756735
0.00756833
0.00758355
0.00761527
0.00766481
0.00773356
0.00782171
0.00792923
0.00805578
0.00820064
0.0083629
0.0085414
0.00873485
0.00894186
0.00916095
0.00939059
0.00962923
0.0098753
0.0101273
0.0103836
0.0106429
0.0109036
0.0111645
0.0114241
0.0116813
0.0119348
0.0121835
0.0124264
0.0126624
0.0128908
0.0131105
0.0133208
0.013521
0.0137105
0.0138886
0.0140547
0.0142084
0.0143492
0.0144768
0.0145908
0.0146909
0.0147769
0.0148485
0.0149055
0.014948
0.0149757
0.0149885
0.0149866
0.0149698
0.0149382
0.0148918
0.0148308
0.0147552
0.0146651
0.0145608
0.0144422
0.0143097
0.0141634
0.0140035
0.0138302
0.0136438
0.0134444
0.0132323
0.0130078
0.0127711
0.0125224
0.012262
0.0119902
0.0117073
0.0114134
0.0111089
0.010794
0.010469
0.0101341
0.00978957
0.00943572
0.00907276
0.00870095
0.00832054
0.00793176
0.00753485
0.00713005
0.00671759
0.00629768
0.00587056
0.00543644
0.00499554
0.00454805
0.00409419
0.00363415
0.00316812
0.00269627
0.00221883
0.00173569
0.00124838
0.00075031
0.000276996
-0.21345
-0.213693
-0.213763
-0.213814
-0.213838
-0.213838
-0.213811
-0.21375
-0.213651
-0.21351
-0.213321
-0.213084
-0.212795
-0.212451
-0.212051
-0.211594
-0.211078
-0.210501
-0.209863
-0.209162
-0.208397
-0.207568
-0.206672
-0.20571
-0.204681
-0.203582
-0.202414
-0.201175
-0.199864
-0.198479
-0.19702
-0.195485
-0.193872
-0.192179
-0.190405
-0.188548
-0.186604
-0.184572
-0.182449
-0.180232
-0.177917
-0.175501
-0.17298
-0.17035
-0.167607
-0.164746
-0.161763
-0.158652
-0.155409
-0.152028
-0.148505
-0.144836
-0.141016
-0.137042
-0.132912
-0.128624
-0.124179
-0.119579
-0.114827
-0.109931
-0.104899
-0.0997429
-0.094478
-0.0891219
-0.0836957
-0.0782228
-0.0727296
-0.0672445
-0.0617976
-0.0564199
-0.0511429
-0.0459978
-0.0410143
-0.0362207
-0.0316426
-0.0273024
-0.023219
-0.0194072
-0.0158776
-0.0126367
-0.00968632
-0.00702451
-0.00464535
-0.00253953
-0.000694746
0.000903766
0.00227273
0.00343028
0.00439548
0.00518785
0.00582692
0.00633186
0.0067212
0.00701252
0.00722229
0.00736575
0.00745674
0.00750776
0.00752986
0.00753276
0.00752481
0.00751314
0.00750369
0.00750132
0.00750992
0.00753247
0.00757118
0.00762745
0.00770252
0.00779662
0.0079097
0.0080414
0.00819102
0.00835764
0.0085401
0.00873715
0.00894739
0.00916935
0.00940152
0.00964238
0.00989037
0.010144
0.0104017
0.0106621
0.0109238
0.0111853
0.0114454
0.0117029
0.0119566
0.0122054
0.0124482
0.0126841
0.0129121
0.0131314
0.0133413
0.013541
0.0137299
0.0139073
0.0140728
0.0142258
0.0143659
0.0144927
0.014606
0.0147053
0.0147905
0.0148614
0.0149177
0.0149593
0.0149863
0.0149984
0.0149958
0.0149783
0.014946
0.014899
0.0148374
0.0147611
0.0146705
0.0145656
0.0144465
0.0143135
0.0141667
0.0140063
0.0138326
0.0136457
0.013446
0.0132335
0.0130086
0.0127716
0.0125226
0.012262
0.0119899
0.0117067
0.0114126
0.0111079
0.0107928
0.0104676
0.0101325
0.0097879
0.00943392
0.00907085
0.00869893
0.00831843
0.00792957
0.00753259
0.00712772
0.00671521
0.00629526
0.0058681
0.00543395
0.00499303
0.00454553
0.00409167
0.00363164
0.00316562
0.00269381
0.00221643
0.00173335
0.00124634
0.000748039
0.000278157
-0.213411
-0.213696
-0.213762
-0.21381
-0.213834
-0.213836
-0.213811
-0.213754
-0.213658
-0.21352
-0.213334
-0.213099
-0.212811
-0.212469
-0.212071
-0.211616
-0.211101
-0.210525
-0.209888
-0.209188
-0.208424
-0.207596
-0.206701
-0.20574
-0.204712
-0.203614
-0.202447
-0.201209
-0.1999
-0.198516
-0.197059
-0.195525
-0.193914
-0.192224
-0.190452
-0.188597
-0.186656
-0.184627
-0.182508
-0.180294
-0.177984
-0.175572
-0.173057
-0.170433
-0.167696
-0.164842
-0.161866
-0.158764
-0.155529
-0.152158
-0.148645
-0.144985
-0.141176
-0.137212
-0.133092
-0.128815
-0.124379
-0.119788
-0.115045
-0.110156
-0.10513
-0.0999797
-0.0947189
-0.0893658
-0.0839414
-0.0784693
-0.0729761
-0.0674903
-0.0620422
-0.0566629
-0.0513843
-0.0462375
-0.0412527
-0.0364582
-0.0318796
-0.0275395
-0.0234566
-0.0196459
-0.0161177
-0.0128783
-0.00992964
-0.00726939
-0.00489153
-0.00278656
-0.000942033
0.000656952
0.00202723
0.00318703
0.00415546
0.00495207
0.00559638
0.00610755
0.00650404
0.00680336
0.0070219
0.00717477
0.00727575
0.00733718
0.00737003
0.00738389
0.00738701
0.00738642
0.00738796
0.00739641
0.00741557
0.00744837
0.00749695
0.00756275
0.00764681
0.00774947
0.00787064
0.0080099
0.00816657
0.0083397
0.00852819
0.00873074
0.008946
0.0091725
0.00940876
0.00965326
0.00990449
0.0101609
0.0104211
0.0106837
0.0109471
0.0112101
0.0114715
0.0117299
0.0119844
0.0122336
0.0124767
0.0127127
0.0129407
0.0131599
0.0133695
0.0135688
0.0137572
0.013934
0.0140988
0.0142511
0.0143904
0.0145165
0.0146288
0.0147273
0.0148116
0.0148815
0.0149369
0.0149776
0.0150037
0.0150149
0.0150113
0.0149929
0.0149598
0.0149119
0.0148494
0.0147724
0.0146809
0.0145752
0.0144554
0.0143217
0.0141742
0.0140132
0.0138389
0.0136514
0.0134511
0.0132381
0.0130127
0.0127752
0.0125257
0.0122646
0.0119922
0.0117086
0.0114141
0.0111091
0.0107937
0.0104682
0.0101329
0.00978799
0.00943378
0.00907049
0.00869839
0.0083177
0.00792868
0.00753155
0.00712655
0.00671391
0.00629385
0.00586659
0.00543236
0.00499136
0.0045438
0.00408988
0.00362981
0.00316378
0.00269197
0.00221464
0.00173162
0.0012448
0.000746647
0.000277987
-0.213408
-0.213736
-0.213799
-0.213845
-0.21387
-0.213874
-0.213852
-0.213797
-0.213704
-0.213567
-0.213383
-0.213149
-0.212862
-0.212521
-0.212124
-0.211668
-0.211154
-0.210579
-0.209942
-0.209242
-0.208479
-0.207651
-0.206757
-0.205796
-0.204768
-0.203671
-0.202505
-0.201268
-0.199959
-0.198577
-0.197121
-0.195589
-0.19398
-0.192291
-0.190522
-0.188669
-0.186732
-0.184706
-0.18259
-0.180381
-0.178075
-0.175669
-0.173159
-0.170542
-0.167812
-0.164966
-0.161998
-0.158904
-0.155678
-0.152316
-0.148813
-0.145164
-0.141364
-0.137411
-0.133301
-0.129033
-0.124606
-0.120023
-0.115287
-0.110404
-0.105384
-0.100238
-0.0949799
-0.0896291
-0.0842063
-0.0787353
-0.0732428
-0.0677576
-0.0623101
-0.0569319
-0.0516548
-0.0465103
-0.0415285
-0.0367379
-0.032164
-0.0278293
-0.0237526
-0.0199485
-0.0164272
-0.0131947
-0.0102527
-0.00759859
-0.00522609
-0.00312547
-0.00128407
0.000313176
0.00168324
0.00284443
0.00381591
0.00461721
0.00526784
0.00578686
0.00619262
0.00650253
0.00673282
0.00689845
0.007013
0.00708869
0.00713629
0.00716524
0.00718364
0.00719837
0.00721514
0.00723862
0.0072725
0.00731962
0.00738205
0.0074612
0.00755796
0.00767275
0.00780539
0.00795545
0.00812222
0.00830477
0.00850199
0.00871259
0.00893523
0.00916848
0.00941086
0.00966088
0.00991705
0.0101779
0.010442
0.0107079
0.0109743
0.0112399
0.0115033
0.0117636
0.0120194
0.0122698
0.0125137
0.0127502
0.0129786
0.0131978
0.0134073
0.0136064
0.0137943
0.0139706
0.0141347
0.0142862
0.0144247
0.0145498
0.0146612
0.0147586
0.0148417
0.0149105
0.0149648
0.0150043
0.0150292
0.0150392
0.0150345
0.0150149
0.0149806
0.0149316
0.014868
0.0147899
0.0146974
0.0145906
0.0144698
0.0143351
0.0141867
0.0140248
0.0138496
0.0136613
0.0134602
0.0132464
0.0130203
0.0127821
0.012532
0.0122703
0.0119973
0.0117131
0.0114182
0.0111126
0.0107968
0.0104709
0.0101351
0.00978988
0.00943532
0.00907172
0.00869931
0.00831834
0.00792906
0.00753169
0.00712646
0.00671361
0.00629337
0.00586594
0.00543155
0.0049904
0.00454272
0.0040887
0.00362855
0.00316246
0.00269063
0.0022133
0.00173036
0.00124356
0.000746061
0.000275676
-0.213456
-0.213825
-0.213884
-0.213929
-0.213953
-0.213958
-0.213937
-0.213883
-0.21379
-0.213653
-0.213469
-0.213234
-0.212947
-0.212605
-0.212207
-0.211751
-0.211235
-0.21066
-0.210022
-0.209322
-0.208558
-0.20773
-0.206835
-0.205875
-0.204847
-0.20375
-0.202584
-0.201347
-0.200039
-0.198658
-0.197203
-0.195672
-0.194064
-0.192378
-0.190611
-0.188761
-0.186826
-0.184804
-0.182692
-0.180487
-0.178186
-0.175785
-0.173282
-0.17067
-0.167948
-0.165109
-0.162149
-0.159063
-0.155846
-0.152493
-0.148999
-0.145359
-0.141569
-0.137624
-0.133523
-0.129262
-0.124843
-0.120266
-0.115536
-0.110658
-0.105642
-0.100499
-0.0952449
-0.0898969
-0.0844768
-0.0790087
-0.0735196
-0.0680384
-0.062596
-0.057224
-0.0519544
-0.0468187
-0.0418473
-0.0370683
-0.0325073
-0.0281865
-0.0241243
-0.0203351
-0.0168287
-0.0136106
-0.0106822
-0.00804046
-0.00567877
-0.00358708
-0.00175247
-0.00015967
0.00120843
0.0023702
0.00334483
0.00415179
0.00481049
0.00533985
0.00575804
0.00608225
0.00632849
0.00651149
0.00664458
0.00673972
0.00680746
0.00685702
0.00689628
0.00693193
0.0069695
0.0070135
0.00706748
0.00713417
0.00721552
0.00731294
0.00742717
0.00755859
0.00770701
0.00787194
0.00805267
0.00824827
0.00845762
0.00867946
0.00891245
0.00915519
0.00940623
0.0096641
0.00992737
0.0101946
0.0104643
0.0107352
0.011006
0.0112754
0.0115421
0.011805
0.0120631
0.0123153
0.0125607
0.0127983
0.0130274
0.0132471
0.0134567
0.0136557
0.0138433
0.0140191
0.0141825
0.0143332
0.0144707
0.0145946
0.0147048
0.0148009
0.0148828
0.0149501
0.0150029
0.015041
0.0150644
0.0150729
0.0150666
0.0150456
0.0150098
0.0149593
0.0148942
0.0148147
0.0147208
0.0146127
0.0144905
0.0143545
0.0142049
0.0140418
0.0138654
0.013676
0.0134738
0.013259
0.0130319
0.0127928
0.0125418
0.0122793
0.0120055
0.0117206
0.0114249
0.0111187
0.0108022
0.0104757
0.0101394
0.00979364
0.0094386
0.00907453
0.0087017
0.00832033
0.00793068
0.00753296
0.00712741
0.00671426
0.00629374
0.00586605
0.00543143
0.00499007
0.0045422
0.00408801
0.00362773
0.00316153
0.00268964
0.00221228
0.00172945
0.00124247
0.000746236
0.00027066
-0.213572
-0.213976
-0.214026
-0.214067
-0.214089
-0.214091
-0.214068
-0.214012
-0.213917
-0.213777
-0.21359
-0.213353
-0.213063
-0.212718
-0.212318
-0.211859
-0.211342
-0.210764
-0.210125
-0.209423
-0.208658
-0.207828
-0.206933
-0.205971
-0.204942
-0.203845
-0.202679
-0.201442
-0.200134
-0.198754
-0.197299
-0.195769
-0.194163
-0.192478
-0.190713
-0.188866
-0.186934
-0.184915
-0.182807
-0.180606
-0.17831
-0.175913
-0.173416
-0.17081
-0.168094
-0.165262
-0.162309
-0.159231
-0.156021
-0.152676
-0.14919
-0.145557
-0.141774
-0.137836
-0.133741
-0.129486
-0.125072
-0.1205
-0.115774
-0.1109
-0.105888
-0.100749
-0.0954979
-0.0901545
-0.0847397
-0.0792782
-0.0737971
-0.0683259
-0.0628953
-0.0575374
-0.0522841
-0.047167
-0.0422162
-0.0374597
-0.0329226
-0.0286268
-0.0245902
-0.0208265
-0.0173451
-0.014151
-0.0112449
-0.00862321
-0.00627894
-0.00420164
-0.00237807
-0.000792744
0.000571562
0.00173327
0.00271152
0.00352567
0.00419493
0.00473799
0.00517275
0.00551608
0.00578366
0.00598986
0.00614771
0.0062688
0.00636339
0.00644038
0.00650737
0.00657079
0.00663595
0.00670716
0.00678778
0.00688039
0.00698681
0.00710843
0.00724585
0.00739933
0.00756866
0.00775335
0.00795266
0.00816564
0.00839119
0.00862806
0.00887494
0.00913044
0.00939316
0.00966168
0.00993457
0.0102105
0.010488
0.0107658
0.0110426
0.0113173
0.0115886
0.0118555
0.0121169
0.0123718
0.0126194
0.0128587
0.013089
0.0133095
0.0135196
0.0137186
0.0139061
0.0140814
0.0142441
0.0143938
0.0145302
0.0146529
0.0147616
0.0148562
0.0149364
0.015002
0.015053
0.0150893
0.0151107
0.0151174
0.0151092
0.0150862
0.0150485
0.0149961
0.0149292
0.0148478
0.0147521
0.0146422
0.0145184
0.0143807
0.0142295
0.0140648
0.0138869
0.0136961
0.0134925
0.0132764
0.0130481
0.0128077
0.0125556
0.012292
0.0120171
0.0117312
0.0114346
0.0111275
0.0108102
0.0104829
0.0101459
0.00979941
0.00944371
0.00907904
0.00870564
0.00832374
0.00793358
0.00753539
0.00712941
0.00671586
0.00629495
0.00586692
0.00543197
0.00499032
0.00454218
0.00408775
0.00362727
0.00316092
0.00268892
0.00221148
0.00172879
0.0012414
0.000747163
0.000262695
-0.213774
-0.2142
-0.214234
-0.214265
-0.214278
-0.214274
-0.214244
-0.214181
-0.214079
-0.213933
-0.213741
-0.213498
-0.213203
-0.212854
-0.212449
-0.211986
-0.211465
-0.210884
-0.210242
-0.209538
-0.20877
-0.207938
-0.207041
-0.206078
-0.205048
-0.20395
-0.202782
-0.201545
-0.200237
-0.198857
-0.197403
-0.195874
-0.194268
-0.192585
-0.190822
-0.188976
-0.187047
-0.185031
-0.182926
-0.180729
-0.178437
-0.176046
-0.173552
-0.170952
-0.16824
-0.165414
-0.162466
-0.159394
-0.15619
-0.15285
-0.149369
-0.145741
-0.141962
-0.138029
-0.133937
-0.129686
-0.125275
-0.120706
-0.115983
-0.111112
-0.106103
-0.100969
-0.0957242
-0.0903883
-0.0849833
-0.079534
-0.074068
-0.0686149
-0.0632058
-0.0578726
-0.0526473
-0.0475612
-0.0426441
-0.0379235
-0.0334241
-0.0291669
-0.0251692
-0.0214439
-0.0179996
-0.0148406
-0.0119667
-0.00937385
-0.00705441
-0.00499748
-0.0031895
-0.00161475
-0.000255907
0.000905433
0.00188828
0.00271179
0.00339489
0.00395591
0.00441235
0.00478065
0.00507603
0.00531243
0.00550239
0.00565711
0.00578639
0.00589876
0.00600148
0.00610064
0.00620126
0.0063074
0.0064222
0.00654805
0.00668674
0.00683927
0.00700637
0.00718812
0.00738426
0.00759429
0.00781743
0.00805275
0.00829913
0.00855537
0.00882016
0.00909217
0.00937002
0.00965236
0.0099378
0.010225
0.0105127
0.0107996
0.0110845
0.0113662
0.0116437
0.0119159
0.0121817
0.0124404
0.012691
0.0129327
0.0131648
0.0133866
0.0135975
0.0137969
0.0139843
0.0141592
0.0143211
0.0144699
0.0146049
0.0147262
0.0148332
0.0149259
0.0150041
0.0150677
0.0151165
0.0151505
0.0151697
0.015174
0.0151634
0.0151381
0.015098
0.0150433
0.014974
0.0148903
0.0147924
0.0146803
0.0145543
0.0144146
0.0142613
0.0140946
0.0139149
0.0137222
0.0135169
0.0132991
0.0130692
0.0128273
0.0125737
0.0123087
0.0120325
0.0117454
0.0114476
0.0111393
0.010821
0.0104927
0.0101547
0.00980738
0.00945085
0.0090854
0.00871126
0.00832868
0.00793787
0.00753909
0.00713254
0.00671846
0.00629707
0.00586857
0.0054332
0.00499116
0.00454266
0.00408793
0.00362717
0.00316059
0.00268845
0.00221087
0.00172834
0.00124035
0.00074884
0.000251862
-0.214082
-0.21451
-0.214514
-0.214523
-0.214519
-0.2145
-0.214457
-0.214382
-0.214268
-0.214113
-0.213911
-0.21366
-0.213357
-0.213002
-0.212591
-0.212123
-0.211597
-0.211012
-0.210365
-0.209657
-0.208887
-0.208052
-0.207152
-0.206187
-0.205155
-0.204056
-0.202887
-0.201649
-0.200341
-0.19896
-0.197506
-0.195977
-0.194373
-0.19269
-0.190928
-0.189085
-0.187157
-0.185144
-0.183041
-0.180847
-0.178557
-0.176169
-0.173679
-0.171082
-0.168374
-0.165551
-0.162607
-0.159537
-0.156337
-0.152999
-0.14952
-0.145895
-0.142117
-0.138185
-0.134094
-0.129844
-0.125434
-0.120866
-0.116145
-0.111277
-0.106273
-0.101145
-0.0959102
-0.0905869
-0.085198
-0.0797689
-0.0743273
-0.0689031
-0.0635275
-0.0582323
-0.0530492
-0.0480093
-0.0431415
-0.0384728
-0.0340269
-0.029824
-0.0258804
-0.0222079
-0.0188141
-0.0157023
-0.0128715
-0.0103168
-0.00802994
-0.00599949
-0.00421155
-0.0026502
-0.00129808
-0.000136858
0.000852246
0.00168807
0.00238911
0.00297324
0.0034574
0.00385747
0.0041881
0.00446263
0.00469304
0.00488998
0.00506276
0.00521939
0.00536671
0.00551043
0.0056552
0.00580478
0.00596205
0.0061292
0.00630785
0.00649888
0.00670279
0.00691959
0.00714901
0.00739048
0.00764323
0.0079063
0.0081786
0.00845895
0.00874607
0.00903868
0.00933546
0.0096351
0.00993629
0.0102378
0.0105383
0.0108367
0.0111318
0.0114225
0.0117078
0.0119868
0.0122584
0.012522
0.0127766
0.0130215
0.0132561
0.0134797
0.0136918
0.0138918
0.0140793
0.0142539
0.0144151
0.0145627
0.0146964
0.0148159
0.014921
0.0150116
0.0150875
0.0151485
0.0151948
0.0152261
0.0152424
0.0152439
0.0152305
0.0152023
0.0151593
0.0151017
0.0150297
0.0149432
0.0148425
0.0147277
0.0145991
0.0144568
0.014301
0.014132
0.0139499
0.013755
0.0135475
0.0133277
0.0130958
0.012852
0.0125966
0.0123299
0.0120521
0.0117634
0.0114641
0.0111545
0.0108349
0.0105053
0.0101662
0.00981778
0.00946023
0.00909381
0.00871876
0.00833532
0.00794372
0.00754419
0.00713694
0.0067222
0.00630019
0.00587112
0.00543521
0.00499268
0.00454374
0.00408859
0.00362748
0.0031606
0.00268825
0.00221047
0.00172812
0.00123933
0.000751242
0.000238543
-0.214524
-0.214916
-0.214867
-0.214836
-0.214801
-0.214757
-0.214693
-0.2146
-0.214471
-0.214301
-0.214087
-0.213826
-0.213514
-0.21315
-0.212732
-0.212258
-0.211726
-0.211136
-0.210485
-0.209773
-0.208998
-0.20816
-0.207258
-0.20629
-0.205256
-0.204155
-0.202985
-0.201746
-0.200436
-0.199055
-0.197601
-0.196072
-0.194468
-0.192786
-0.191024
-0.189182
-0.187255
-0.185243
-0.183142
-0.180949
-0.178661
-0.176274
-0.173785
-0.171189
-0.168483
-0.16566
-0.162717
-0.159647
-0.156446
-0.153108
-0.149627
-0.146
-0.14222
-0.138286
-0.134193
-0.129941
-0.12553
-0.120962
-0.116243
-0.111379
-0.106382
-0.101265
-0.0960445
-0.0907406
-0.0853763
-0.0799774
-0.0745719
-0.0691899
-0.0638623
-0.0586209
-0.0534968
-0.0485203
-0.0437196
-0.0391207
-0.034746
-0.0306146
-0.0267415
-0.0231371
-0.0198079
-0.016756
-0.0139792
-0.011472
-0.00922524
-0.007227
-0.00546303
-0.00391727
-0.0025724
-0.00141027
-0.000412425
0.000439502
0.00116346
0.00177667
0.00229542
0.00273487
0.00310896
0.0034303
0.00371019
0.00395863
0.00418429
0.00439465
0.00459602
0.00479363
0.00499174
0.00519374
0.00540222
0.00561919
0.00584603
0.00608335
0.00633152
0.00659052
0.00685999
0.00713932
0.00742773
0.00772425
0.00802781
0.00833726
0.00865136
0.0089689
0.0092886
0.00960923
0.00992955
0.0102484
0.0105646
0.010877
0.0111846
0.0114863
0.0117814
0.0120687
0.0123476
0.0126172
0.0128769
0.0131259
0.0133637
0.0135897
0.0138034
0.0140044
0.0141922
0.0143666
0.0145271
0.0146735
0.0148056
0.0149232
0.0150261
0.0151142
0.0151873
0.0152455
0.0152887
0.0153168
0.0153299
0.0153281
0.0153113
0.0152797
0.0152333
0.0151723
0.0150969
0.0150071
0.0149031
0.0147852
0.0146534
0.0145081
0.0143493
0.0141774
0.0139926
0.013795
0.0135849
0.0133626
0.0131283
0.0128823
0.0126248
0.012356
0.0120762
0.0117857
0.0114847
0.0111734
0.0108522
0.0105212
0.0101806
0.00983087
0.00947207
0.00910449
0.00872835
0.00834388
0.00795131
0.00755087
0.00714277
0.00672723
0.00630447
0.0058747
0.00543814
0.004995
0.0045455
0.00408986
0.00362829
0.00316103
0.00268839
0.00221035
0.00172817
0.00123842
0.0007543
0.000223374
-0.215133
-0.215423
-0.215285
-0.21519
-0.215108
-0.215028
-0.214935
-0.214818
-0.21467
-0.214483
-0.214255
-0.213982
-0.21366
-0.213287
-0.212861
-0.212379
-0.211842
-0.211246
-0.21059
-0.209874
-0.209095
-0.208254
-0.207349
-0.206378
-0.205342
-0.204239
-0.203067
-0.201827
-0.200516
-0.199134
-0.197679
-0.19615
-0.194545
-0.192863
-0.191101
-0.189258
-0.187331
-0.185319
-0.183217
-0.181024
-0.178735
-0.176348
-0.173857
-0.17126
-0.168551
-0.165726
-0.162779
-0.159705
-0.156499
-0.153156
-0.14967
-0.146037
-0.142252
-0.138311
-0.134214
-0.129957
-0.125544
-0.120976
-0.11626
-0.111403
-0.106416
-0.101315
-0.0961165
-0.0908409
-0.0855118
-0.0801556
-0.0748003
-0.069476
-0.0642134
-0.0590436
-0.0539971
-0.0491032
-0.0443891
-0.0398791
-0.0355944
-0.0315525
-0.0277666
-0.024246
-0.0209955
-0.0180157
-0.0153037
-0.0128526
-0.0106527
-0.00869148
-0.00695448
-0.00542555
-0.00408746
-0.00292241
-0.00191242
-0.00103973
-0.000287091
0.000361933
0.000922792
0.0014098
0.00183602
0.00221326
0.00255201
0.00286149
0.00314969
0.00342341
0.0036884
0.00394935
0.00421007
0.00447353
0.00474205
0.00501739
0.00530054
0.00559198
0.00589193
0.00620028
0.0065166
0.00684025
0.0071704
0.0075061
0.0078463
0.00818988
0.00853567
0.00888249
0.00922916
0.00957451
0.0099174
0.0102567
0.0105914
0.0109205
0.0112429
0.0115578
0.0118644
0.0121618
0.0124494
0.0127263
0.0129921
0.0132461
0.0134879
0.0137169
0.0139327
0.014135
0.0143234
0.0144976
0.0146575
0.0148027
0.0149331
0.0150485
0.0151489
0.0152342
0.0153043
0.0153592
0.0153989
0.0154233
0.0154327
0.015427
0.0154063
0.0153707
0.0153204
0.0152555
0.0151762
0.0150825
0.0149747
0.0148531
0.0147177
0.0145687
0.0144066
0.0142313
0.0140432
0.0138425
0.0136294
0.0134042
0.0131672
0.0129185
0.0126584
0.0123872
0.0121052
0.0118125
0.0115094
0.0111962
0.0108731
0.0105403
0.0101982
0.00984687
0.00948661
0.00911765
0.00874022
0.00835454
0.00796082
0.00755931
0.0071502
0.00673372
0.00631007
0.00587947
0.00544214
0.00499827
0.0045481
0.00409184
0.00362973
0.00316199
0.00268898
0.00221058
0.00172854
0.00123771
0.000757886
0.0002072
-0.215959
-0.216032
-0.215755
-0.215563
-0.215415
-0.215288
-0.21516
-0.215015
-0.214845
-0.214641
-0.214398
-0.214112
-0.213779
-0.213398
-0.212964
-0.212476
-0.211932
-0.211331
-0.210671
-0.209951
-0.209169
-0.208324
-0.207416
-0.206444
-0.205405
-0.2043
-0.203126
-0.201884
-0.200572
-0.199188
-0.197732
-0.196202
-0.194595
-0.192912
-0.191148
-0.189304
-0.187375
-0.18536
-0.183256
-0.181059
-0.178767
-0.176375
-0.17388
-0.171277
-0.168562
-0.16573
-0.162775
-0.159693
-0.156478
-0.153125
-0.149629
-0.145986
-0.142191
-0.138241
-0.134136
-0.129874
-0.125458
-0.120891
-0.116179
-0.111332
-0.106362
-0.101284
-0.0961167
-0.0908804
-0.0855996
-0.0803006
-0.0750118
-0.0697627
-0.0645838
-0.0595054
-0.0545567
-0.0497659
-0.0451584
-0.0407572
-0.0365815
-0.0326469
-0.028965
-0.0255431
-0.0223844
-0.0194882
-0.0168502
-0.0144627
-0.012315
-0.0103944
-0.00868607
-0.0071739
-0.00584097
-0.00466994
-0.00364346
-0.00274453
-0.00195678
-0.00126471
-0.000653846
-0.000110866
0.000376325
0.000818572
0.00122546
0.00160537
0.00196549
0.00231193
0.00264976
0.00298313
0.00331533
0.00364891
0.00398589
0.00432768
0.00467489
0.00502789
0.00538677
0.00575129
0.00612095
0.00649506
0.00687277
0.00725314
0.00763514
0.00801769
0.00839967
0.00877999
0.00915754
0.00953123
0.00990001
0.0102629
0.0106189
0.0109671
0.0113067
0.0116369
0.0119569
0.012266
0.0125636
0.0128492
0.0131222
0.0133821
0.0136285
0.0138611
0.0140795
0.0142835
0.0144727
0.014647
0.0148061
0.0149501
0.0150787
0.0151918
0.0152895
0.0153716
0.0154383
0.0154895
0.0155252
0.0155456
0.0155508
0.0155407
0.0155156
0.0154756
0.0154208
0.0153514
0.0152676
0.0151695
0.0150574
0.0149315
0.0147919
0.014639
0.0144728
0.0142937
0.0141019
0.0138977
0.0136811
0.0134527
0.0132124
0.0129607
0.0126978
0.0124238
0.0121391
0.0118439
0.0115385
0.0112231
0.0108978
0.0105631
0.010219
0.00986594
0.009504
0.00913346
0.00875454
0.00836746
0.00797243
0.00756967
0.00715941
0.00674183
0.00631715
0.00588559
0.00544735
0.00500264
0.00455168
0.0040947
0.00363193
0.0031636
0.00269012
0.00221127
0.0017293
0.0012373
0.000761818
0.000191002
-0.21708
-0.216736
-0.216247
-0.215921
-0.215689
-0.215506
-0.215339
-0.215167
-0.214975
-0.214754
-0.214498
-0.214202
-0.21386
-0.213471
-0.213031
-0.212538
-0.211989
-0.211384
-0.21072
-0.209997
-0.209212
-0.208365
-0.207454
-0.206479
-0.205438
-0.204331
-0.203156
-0.201911
-0.200597
-0.199211
-0.197752
-0.196219
-0.19461
-0.192923
-0.191156
-0.189308
-0.187374
-0.185354
-0.183244
-0.181041
-0.178741
-0.176341
-0.173837
-0.171224
-0.168497
-0.165653
-0.162685
-0.159589
-0.156359
-0.152992
-0.149481
-0.145823
-0.142015
-0.138054
-0.133939
-0.129671
-0.125252
-0.120688
-0.115985
-0.111154
-0.106207
-0.101162
-0.0960365
-0.0908528
-0.0856352
-0.0804102
-0.0752059
-0.0700515
-0.0649765
-0.06001
-0.0551802
-0.0505132
-0.0460328
-0.0417598
-0.0377114
-0.0339011
-0.0303384
-0.0270287
-0.0239735
-0.0211705
-0.018614
-0.0162955
-0.0142038
-0.0123255
-0.0106459
-0.00914897
-0.0078183
-0.00663716
-0.00558899
-0.00465773
-0.00382803
-0.00308547
-0.00241669
-0.00180947
-0.00125281
-0.000736915
-0.000253171
0.000205868
0.00064656
0.00107424
0.0014933
0.00190728
0.00231894
0.00273035
0.00314339
0.00355876
0.00397695
0.00439818
0.00482237
0.00524917
0.00567798
0.00610806
0.00653856
0.00696854
0.007397
0.00782289
0.00824519
0.00866284
0.00907483
0.00948018
0.00987794
0.0102672
0.0106471
0.0110169
0.0113758
0.0117231
0.0120582
0.0123806
0.0126897
0.0129851
0.0132663
0.013533
0.0137849
0.0140217
0.0142431
0.0144491
0.0146393
0.0148138
0.0149724
0.015115
0.0152417
0.0153523
0.015447
0.0155258
0.0155887
0.0156359
0.0156673
0.0156832
0.0156836
0.0156687
0.0156387
0.0155937
0.015534
0.0154596
0.0153708
0.0152679
0.0151509
0.0150203
0.0148761
0.0147186
0.014548
0.0143646
0.0141687
0.0139604
0.01374
0.0135079
0.0132641
0.013009
0.0127428
0.0124657
0.0121781
0.0118801
0.011572
0.0112541
0.0109265
0.0105895
0.0102433
0.00988817
0.00952434
0.00915202
0.00877142
0.00838276
0.00798625
0.00758209
0.00717051
0.00675169
0.00632585
0.00589319
0.00545392
0.00500824
0.00455638
0.00409855
0.00363501
0.00316599
0.00269192
0.00221252
0.0017305
0.00123729
0.000765867
0.000175828
-0.218613
-0.217507
-0.216715
-0.216219
-0.21589
-0.215649
-0.215447
-0.215251
-0.215042
-0.214809
-0.214544
-0.21424
-0.213893
-0.213498
-0.213054
-0.212557
-0.212005
-0.211397
-0.210731
-0.210005
-0.209218
-0.208369
-0.207456
-0.206479
-0.205436
-0.204326
-0.203148
-0.201901
-0.200583
-0.199194
-0.197731
-0.196193
-0.194579
-0.192886
-0.191113
-0.189257
-0.187316
-0.185287
-0.183166
-0.180952
-0.17864
-0.176226
-0.173707
-0.171078
-0.168335
-0.165472
-0.162486
-0.15937
-0.156121
-0.152733
-0.149203
-0.145526
-0.141701
-0.137726
-0.133601
-0.129327
-0.124907
-0.120349
-0.115661
-0.110853
-0.10594
-0.100939
-0.0958689
-0.090753
-0.0856155
-0.0804828
-0.0753826
-0.0703431
-0.0653929
-0.0605595
-0.0558693
-0.0513464
-0.0470125
-0.0428859
-0.0389815
-0.0353105
-0.0318801
-0.0286937
-0.0257509
-0.0230481
-0.0205784
-0.0183321
-0.0162977
-0.0144615
-0.0128089
-0.0113243
-0.00999178
-0.00879548
-0.00771982
-0.00674979
-0.00587123
-0.00507093
-0.00433674
-0.00365766
-0.00302385
-0.00242662
-0.00185841
-0.00131273
-0.000784105
-0.000267991
0.000239304
0.000740686
0.00123848
0.00173416
0.00222923
0.00272404
0.00321889
0.00371383
0.00420857
0.00470264
0.00519537
0.00568599
0.00617361
0.00665731
0.00713611
0.00760904
0.0080751
0.00853335
0.00898283
0.00942268
0.00985204
0.0102701
0.0106762
0.0110696
0.0114496
0.0118158
0.0121677
0.0125047
0.0128265
0.0131327
0.0134231
0.0136974
0.0139554
0.0141969
0.0144219
0.0146302
0.0148217
0.0149965
0.0151546
0.0152959
0.0154206
0.0155287
0.0156202
0.0156954
0.0157543
0.015797
0.0158238
0.0158348
0.0158301
0.01581
0.0157747
0.0157243
0.0156591
0.0155793
0.0154851
0.0153768
0.0152546
0.0151187
0.0149694
0.014807
0.0146316
0.0144435
0.014243
0.0140303
0.0138058
0.0135695
0.0133218
0.013063
0.0127932
0.0125128
0.0122219
0.0119209
0.0116098
0.0112891
0.0109589
0.0106194
0.0102709
0.00991355
0.00954764
0.00917335
0.0087909
0.00840049
0.00800233
0.00759663
0.00718359
0.00676339
0.00633625
0.00590237
0.00546194
0.00501518
0.0045623
0.00410352
0.0036391
0.00316926
0.00269449
0.00221443
0.0017322
0.00123777
0.000769781
0.000162707
-0.220715
-0.218283
-0.217096
-0.216402
-0.215974
-0.215685
-0.215458
-0.215248
-0.215032
-0.214793
-0.214525
-0.214218
-0.213869
-0.213473
-0.213027
-0.212529
-0.211977
-0.211367
-0.2107
-0.209973
-0.209184
-0.208333
-0.207418
-0.206438
-0.205392
-0.204279
-0.203097
-0.201846
-0.200523
-0.199128
-0.197658
-0.196113
-0.194491
-0.192789
-0.191005
-0.189138
-0.187184
-0.18514
-0.183005
-0.180774
-0.178443
-0.17601
-0.17347
-0.170819
-0.168052
-0.165164
-0.162152
-0.159011
-0.155736
-0.152323
-0.148769
-0.14507
-0.141226
-0.137236
-0.1331
-0.128822
-0.124407
-0.119861
-0.115194
-0.110419
-0.105551
-0.100607
-0.0956087
-0.0905777
-0.0855387
-0.0805177
-0.0755417
-0.0706379
-0.0658332
-0.0611532
-0.0566223
-0.0522621
-0.0480919
-0.0441274
-0.040381
-0.0368612
-0.0335731
-0.030518
-0.0276937
-0.0250951
-0.0227142
-0.0205407
-0.0185626
-0.0167662
-0.0151372
-0.0136605
-0.0123211
-0.0111039
-0.00999468
-0.00897952
-0.00804556
-0.00718092
-0.00637474
-0.0056173
-0.00489997
-0.00421522
-0.00355654
-0.00291843
-0.00229629
-0.00168637
-0.00108568
-0.000491976
9.6462e-05
0.000681294
0.00126268
0.00184111
0.0024167
0.00298922
0.00355825
0.00412317
0.00468328
0.00523773
0.00578564
0.00632609
0.00685813
0.00738083
0.00789328
0.00839459
0.00888391
0.00936045
0.00982348
0.0102723
0.0107063
0.011125
0.0115278
0.0119142
0.012284
0.0126368
0.0129723
0.0132903
0.0135907
0.0138732
0.0141379
0.0143847
0.0146136
0.0148245
0.0150176
0.015193
0.0153506
0.0154907
0.0156133
0.0157187
0.015807
0.0158783
0.015933
0.0159711
0.0159929
0.0159987
0.0159886
0.015963
0.0159219
0.0158658
0.0157948
0.0157092
0.0156092
0.0154952
0.0153673
0.0152259
0.0150711
0.0149033
0.0147227
0.0145296
0.0143242
0.0141068
0.0138777
0.0136371
0.0133852
0.0131223
0.0128487
0.0125646
0.0122702
0.0119659
0.0116517
0.0113279
0.0109949
0.0106527
0.0103017
0.00994196
0.00957379
0.00919737
0.00881291
0.0084206
0.00802066
0.00761328
0.00719864
0.00677695
0.0063484
0.00591318
0.00547149
0.00502353
0.00456952
0.00410968
0.00364427
0.0031735
0.00269791
0.00221705
0.00173441
0.00123879
0.000773312
0.000152583
-0.223632
-0.218931
-0.217288
-0.216425
-0.215907
-0.215587
-0.215356
-0.215149
-0.214936
-0.214702
-0.214437
-0.214134
-0.213788
-0.213394
-0.212951
-0.212454
-0.211902
-0.211293
-0.210625
-0.209897
-0.209107
-0.208254
-0.207336
-0.206353
-0.205302
-0.204184
-0.202996
-0.201737
-0.200407
-0.199003
-0.197523
-0.195967
-0.194332
-0.192616
-0.190817
-0.188932
-0.18696
-0.184896
-0.182739
-0.180484
-0.178129
-0.175669
-0.173101
-0.17042
-0.167622
-0.164703
-0.161659
-0.158486
-0.15518
-0.151737
-0.148155
-0.144433
-0.140569
-0.136564
-0.13242
-0.128142
-0.123736
-0.11921
-0.114575
-0.109845
-0.105035
-0.100165
-0.0952542
-0.0903261
-0.0854047
-0.0805153
-0.0756836
-0.0709352
-0.0662953
-0.0617873
-0.0574329
-0.0532514
-0.049259
-0.0454689
-0.0418906
-0.0385303
-0.0353907
-0.032471
-0.0297675
-0.0272737
-0.0249807
-0.0228777
-0.0209524
-0.0191916
-0.0175812
-0.016107
-0.0147548
-0.013511
-0.0123621
-0.011296
-0.0103009
-0.00936647
-0.00848313
-0.00764245
-0.00683704
-0.00606051
-0.00530743
-0.00457322
-0.00385417
-0.00314728
-0.00245026
-0.00176153
-0.00107954
-0.000403566
0.000266461
0.000930768
0.00158922
0.00224138
0.00288668
0.0035244
0.00415375
0.00477388
0.00538386
0.0059828
0.00656978
0.0071439
0.00770433
0.00825024
0.00878088
0.00929554
0.0097936
0.0102745
0.0107377
0.0111827
0.0116093
0.012017
0.0124057
0.0127751
0.0131251
0.0134556
0.0137665
0.0140579
0.0143298
0.0145823
0.0148154
0.0150293
0.0152241
0.0154001
0.0155574
0.0156963
0.0158169
0.0159196
0.0160045
0.0160719
0.0161222
0.0161556
0.0161723
0.0161726
0.0161569
0.0161254
0.0160785
0.0160163
0.0159392
0.0158475
0.0157415
0.0156214
0.0154876
0.0153402
0.0151797
0.0150063
0.0148202
0.0146218
0.0144113
0.0141889
0.013955
0.0137097
0.0134534
0.0131863
0.0129086
0.0126206
0.0123225
0.0120146
0.0116971
0.0113702
0.0110341
0.0106891
0.0103354
0.00997314
0.00960256
0.00922388
0.00883728
0.00844296
0.00804111
0.00763193
0.0072156
0.00679231
0.00636224
0.00592559
0.00548254
0.0050333
0.00457807
0.00411706
0.00365055
0.00317875
0.0027022
0.00222043
0.00173714
0.00124039
0.000776222
0.000146248
-0.228028
-0.219323
-0.217097
-0.216272
-0.215691
-0.215353
-0.215144
-0.214959
-0.214762
-0.214541
-0.214287
-0.213993
-0.213654
-0.213267
-0.212827
-0.212334
-0.211784
-0.211175
-0.210507
-0.209777
-0.208985
-0.208128
-0.207205
-0.206216
-0.205159
-0.204033
-0.202836
-0.201567
-0.200224
-0.198806
-0.197312
-0.195739
-0.194086
-0.19235
-0.190529
-0.188621
-0.186623
-0.184533
-0.182346
-0.18006
-0.177672
-0.175178
-0.172574
-0.169856
-0.16702
-0.164063
-0.160981
-0.157771
-0.154429
-0.150953
-0.147342
-0.143595
-0.139711
-0.135694
-0.131547
-0.127276
-0.122887
-0.118391
-0.1138
-0.109128
-0.104393
-0.0996124
-0.0948077
-0.0900011
-0.0852163
-0.0804773
-0.0758084
-0.0712335
-0.0667752
-0.0624546
-0.0582906
-0.0542996
-0.0504951
-0.0468872
-0.0434829
-0.0402858
-0.0372965
-0.0345122
-0.0319279
-0.0295359
-0.0273268
-0.0252894
-0.0234115
-0.0216802
-0.0200823
-0.0186044
-0.0172336
-0.0159572
-0.0147635
-0.0136415
-0.0125809
-0.0115728
-0.0106089
-0.00968216
-0.00878629
-0.00791604
-0.00706698
-0.00623548
-0.0054186
-0.00461408
-0.00382019
-0.00303613
-0.00226055
-0.00149338
-0.000734596
1.56702e-05
0.000757032
0.0014889
0.00221056
0.00292121
0.00362
0.00430603
0.00497838
0.00563615
0.00627845
0.00690444
0.00751332
0.00810434
0.00867684
0.00923019
0.00976385
0.0102774
0.0107703
0.0112424
0.0116933
0.0121228
0.0125309
0.0129175
0.0132824
0.0136258
0.0139478
0.0142484
0.0145278
0.0147862
0.0150238
0.0152409
0.0154377
0.0156145
0.0157716
0.0159093
0.016028
0.016128
0.0162095
0.0162731
0.0163189
0.0163474
0.0163589
0.0163537
0.0163323
0.0162948
0.0162417
0.0161734
0.01609
0.0159921
0.0158798
0.0157535
0.0156135
0.0154601
0.0152937
0.0151144
0.0149227
0.0147188
0.0145029
0.0142754
0.0140364
0.0137864
0.0135255
0.013254
0.0129721
0.01268
0.0123781
0.0120665
0.0117456
0.0114153
0.0110761
0.0107282
0.0103716
0.0100067
0.00963363
0.00925258
0.00886375
0.00846732
0.00806348
0.00765242
0.00723432
0.00680934
0.00637768
0.00593952
0.00549503
0.00504442
0.00458789
0.00412564
0.00365794
0.003185
0.00270737
0.00222457
0.00174038
0.00124258
0.000778321
0.000144282
-0.234262
-0.219406
-0.216405
-0.215945
-0.215386
-0.215024
-0.214849
-0.214703
-0.21453
-0.214327
-0.214089
-0.213808
-0.213478
-0.213097
-0.212662
-0.212171
-0.211623
-0.211014
-0.210344
-0.209611
-0.208814
-0.207951
-0.207021
-0.206023
-0.204955
-0.203816
-0.202605
-0.201321
-0.199961
-0.198524
-0.197009
-0.195413
-0.193735
-0.191973
-0.190123
-0.188184
-0.186153
-0.184027
-0.181803
-0.179478
-0.17705
-0.174513
-0.171866
-0.169104
-0.166224
-0.163223
-0.160098
-0.156847
-0.153466
-0.149956
-0.146315
-0.142544
-0.138645
-0.134622
-0.130478
-0.126221
-0.121861
-0.117408
-0.112874
-0.108276
-0.103631
-0.0989576
-0.0942764
-0.0896093
-0.0849786
-0.0804071
-0.0759172
-0.0715303
-0.0672668
-0.0631449
-0.0591807
-0.0553875
-0.0517757
-0.0483529
-0.0451234
-0.0420885
-0.0392466
-0.0365936
-0.0341231
-0.0318268
-0.0296946
-0.0277155
-0.0258777
-0.0241689
-0.0225766
-0.0210887
-0.0196935
-0.0183797
-0.0171368
-0.0159554
-0.0148267
-0.013743
-0.0126974
-0.011684
-0.0106977
-0.00973424
-0.00879022
-0.00786278
-0.00694976
-0.00604953
-0.00516121
-0.00428359
-0.00341678
-0.0025606
-0.00171525
-0.000881166
-5.8945e-05
0.000750681
0.00154689
0.0023288
0.0030955
0.00384606
0.00457954
0.00529505
0.00599174
0.00666879
0.00732545
0.00796104
0.00857495
0.00916665
0.00973567
0.0102816
0.0108043
0.0113033
0.0117786
0.01223
0.0126577
0.0130615
0.0134415
0.0137981
0.0141312
0.0144412
0.0147283
0.0149928
0.0152351
0.0154556
0.0156545
0.0158322
0.0159893
0.016126
0.0162428
0.0163402
0.0164185
0.0164781
0.0165196
0.0165432
0.0165495
0.0165388
0.0165116
0.0164682
0.016409
0.0163344
0.0162447
0.0161404
0.0160218
0.0158892
0.015743
0.0155835
0.0154111
0.0152259
0.0150284
0.0148189
0.0145976
0.0143648
0.0141208
0.0138659
0.0136003
0.0133243
0.0130381
0.0127419
0.0124361
0.0121208
0.0117962
0.0114627
0.0111203
0.0107692
0.0104098
0.0100422
0.00966655
0.00928307
0.00889195
0.00849336
0.00808748
0.00767448
0.00725454
0.00682784
0.00639453
0.0059548
0.00550883
0.00505679
0.00459889
0.00413533
0.00366637
0.00319221
0.00271339
0.00222945
0.0017441
0.00124536
0.000779493
0.00014699
)
;

boundaryField
{
    inlet
    {
        type            zeroGradient;
    }
    outlet
    {
        type            fixedValue;
        value           uniform 0;
    }
    walls
    {
        type            zeroGradient;
    }
    frontAndBack
    {
        type            empty;
    }
}


// ************************************************************************* //
