/*--------------------------------*- C++ -*----------------------------------*\
  =========                 |
  \\      /  F ield         | OpenFOAM: The Open Source CFD Toolbox
   \\    /   O peration     | Website:  https://openfoam.org
    \\  /    A nd           | Version:  11
     \\/     M anipulation  |
\*---------------------------------------------------------------------------*/
FoamFile
{
    format      ascii;
    class       volVectorField;
    location    "10";
    object      U;
}
// * * * * * * * * * * * * * * * * * * * * * * * * * * * * * * * * * * * * * //

dimensions      [0 1 -1 0 0 0 0];

internalField   nonuniform List<vector> 
4096
(
(0.0439841 -0.043851 0)
(0.0436788 -0.131309 0)
(0.0429161 -0.217599 0)
(0.0417268 -0.301899 0)
(0.0401221 -0.383385 0)
(0.0381174 -0.461263 0)
(0.0357338 -0.534768 0)
(0.0329955 -0.603178 0)
(0.02993 -0.665821 0)
(0.0265678 -0.722079 0)
(0.0229422 -0.771397 0)
(0.0190895 -0.813286 0)
(0.015047 -0.847327 0)
(0.0108567 -0.873172 0)
(0.00655632 -0.890554 0)
(0.00219444 -0.899292 0)
(-0.00219443 -0.899291 0)
(-0.00655631 -0.890554 0)
(-0.0108567 -0.873172 0)
(-0.015047 -0.847327 0)
(-0.0190895 -0.813286 0)
(-0.0229422 -0.771397 0)
(-0.0265678 -0.722079 0)
(-0.02993 -0.665821 0)
(-0.0329955 -0.603178 0)
(-0.0357338 -0.534768 0)
(-0.0381174 -0.461263 0)
(-0.0401221 -0.383385 0)
(-0.0417268 -0.301899 0)
(-0.0429161 -0.217599 0)
(-0.0436788 -0.131309 0)
(-0.0439841 -0.0438509 0)
(-0.043851 0.0439841 0)
(-0.0433427 0.131434 0)
(-0.042458 0.217716 0)
(-0.0411785 0.302006 0)
(-0.0395145 0.383485 0)
(-0.037478 0.461357 0)
(-0.0350861 0.534858 0)
(-0.0323604 0.603265 0)
(-0.0293259 0.665906 0)
(-0.0260111 0.722162 0)
(-0.0224475 0.77148 0)
(-0.0186683 0.813368 0)
(-0.0147103 0.847408 0)
(-0.0106093 0.873252 0)
(-0.00640777 0.890634 0)
(-0.0021416 0.899371 0)
(0.00214161 0.899371 0)
(0.00640778 0.890634 0)
(0.0106093 0.873252 0)
(0.0147103 0.847408 0)
(0.0186683 0.813368 0)
(0.0224475 0.77148 0)
(0.0260111 0.722162 0)
(0.0293259 0.665906 0)
(0.0323604 0.603265 0)
(0.0350861 0.534858 0)
(0.037478 0.461357 0)
(0.0395145 0.383485 0)
(0.0411785 0.302006 0)
(0.042458 0.217716 0)
(0.0433427 0.131434 0)
(0.043851 0.043984 0)
(0.131434 -0.0433427 0)
(0.130308 -0.129983 0)
(0.127901 -0.215453 0)
(0.124249 -0.298945 0)
(0.119387 -0.379649 0)
(0.113358 -0.456776 0)
(0.10622 -0.529572 0)
(0.0980427 -0.597322 0)
(0.0889058 -0.65936 0)
(0.0788982 -0.715074 0)
(0.0681174 -0.763916 0)
(0.056669 -0.8054 0)
(0.0446641 -0.839111 0)
(0.0322217 -0.864706 0)
(0.0194596 -0.881919 0)
(0.00651039 -0.890571 0)
(-0.00651039 -0.890571 0)
(-0.0194596 -0.881919 0)
(-0.0322217 -0.864706 0)
(-0.0446641 -0.839111 0)
(-0.056669 -0.8054 0)
(-0.0681174 -0.763916 0)
(-0.0788981 -0.715074 0)
(-0.0889058 -0.65936 0)
(-0.0980427 -0.597322 0)
(-0.10622 -0.529572 0)
(-0.113358 -0.456776 0)
(-0.119387 -0.379649 0)
(-0.124249 -0.298945 0)
(-0.127901 -0.215453 0)
(-0.130308 -0.129983 0)
(-0.131434 -0.0433427 0)
(-0.131309 0.0436788 0)
(-0.129983 0.130308 0)
(-0.12745 0.215765 0)
(-0.123708 0.299239 0)
(-0.118785 0.379926 0)
(-0.112723 0.45704 0)
(-0.105575 0.529826 0)
(-0.0974087 0.597568 0)
(-0.0883015 0.659599 0)
(-0.0783402 0.71531 0)
(-0.0676205 0.764148 0)
(-0.0562453 0.80563 0)
(-0.0443245 0.839339 0)
(-0.0319718 0.864932 0)
(-0.0193093 0.882145 0)
(-0.00645658 0.890798 0)
(0.00645659 0.890798 0)
(0.0193093 0.882145 0)
(0.0319718 0.864932 0)
(0.0443246 0.839339 0)
(0.0562453 0.80563 0)
(0.0676206 0.764148 0)
(0.0783402 0.71531 0)
(0.0883015 0.659599 0)
(0.0974087 0.597568 0)
(0.105575 0.529826 0)
(0.112723 0.45704 0)
(0.118785 0.379926 0)
(0.123708 0.299238 0)
(0.12745 0.215765 0)
(0.129983 0.130308 0)
(0.131309 0.0436788 0)
(0.217716 -0.042458 0)
(0.215765 -0.12745 0)
(0.21172 -0.211279 0)
(0.205627 -0.293159 0)
(0.197544 -0.372301 0)
(0.187541 -0.447933 0)
(0.175711 -0.519315 0)
(0.162169 -0.585749 0)
(0.147045 -0.646581 0)
(0.130485 -0.701213 0)
(0.11265 -0.749105 0)
(0.093714 -0.789782 0)
(0.0738598 -0.822837 0)
(0.0532827 -0.847933 0)
(0.0321794 -0.86481 0)
(0.0107652 -0.873293 0)
(-0.0107652 -0.873293 0)
(-0.0321794 -0.86481 0)
(-0.0532827 -0.847933 0)
(-0.0738597 -0.822837 0)
(-0.093714 -0.789782 0)
(-0.11265 -0.749105 0)
(-0.130485 -0.701212 0)
(-0.147045 -0.646581 0)
(-0.162169 -0.585749 0)
(-0.175711 -0.519315 0)
(-0.187541 -0.447933 0)
(-0.197544 -0.372301 0)
(-0.205627 -0.293159 0)
(-0.21172 -0.211279 0)
(-0.215765 -0.12745 0)
(-0.217716 -0.042458 0)
(-0.217599 0.0429161 0)
(-0.215453 0.127901 0)
(-0.211279 0.21172 0)
(-0.205097 0.293584 0)
(-0.196951 0.372708 0)
(-0.186912 0.448325 0)
(-0.17507 0.519695 0)
(-0.161536 0.586119 0)
(-0.146439 0.646944 0)
(-0.129923 0.70157 0)
(-0.112148 0.749459 0)
(-0.0932842 0.790133 0)
(-0.073514 0.823186 0)
(-0.0530275 0.848281 0)
(-0.0320252 0.865158 0)
(-0.0107094 0.873643 0)
(0.0107095 0.873643 0)
(0.0320252 0.865158 0)
(0.0530275 0.848281 0)
(0.073514 0.823186 0)
(0.0932843 0.790133 0)
(0.112148 0.749459 0)
(0.129923 0.70157 0)
(0.146439 0.646944 0)
(0.161536 0.586119 0)
(0.17507 0.519695 0)
(0.186912 0.448325 0)
(0.196951 0.372708 0)
(0.205097 0.293584 0)
(0.211279 0.21172 0)
(0.215453 0.127901 0)
(0.217599 0.042916 0)
(0.302006 -0.0411785 0)
(0.299239 -0.123708 0)
(0.293584 -0.205097 0)
(0.285097 -0.284581 0)
(0.273858 -0.3614 0)
(0.259967 -0.434807 0)
(0.243552 -0.504087 0)
(0.224768 -0.568563 0)
(0.203796 -0.627601 0)
(0.180839 -0.680621 0)
(0.156117 -0.7271 0)
(0.129872 -0.766577 0)
(0.102356 -0.798655 0)
(0.0738391 -0.82301 0)
(0.0445945 -0.839387 0)
(0.0149183 -0.847617 0)
(-0.0149183 -0.847617 0)
(-0.0445945 -0.839387 0)
(-0.0738391 -0.82301 0)
(-0.102356 -0.798655 0)
(-0.129872 -0.766577 0)
(-0.156117 -0.7271 0)
(-0.180839 -0.680621 0)
(-0.203796 -0.627601 0)
(-0.224768 -0.568563 0)
(-0.243552 -0.504087 0)
(-0.259967 -0.434807 0)
(-0.273858 -0.3614 0)
(-0.285097 -0.284581 0)
(-0.293584 -0.205097 0)
(-0.299238 -0.123708 0)
(-0.302006 -0.0411785 0)
(-0.301899 0.0417268 0)
(-0.298945 0.124249 0)
(-0.293159 0.205627 0)
(-0.284581 0.285097 0)
(-0.273277 0.3619 0)
(-0.259346 0.435293 0)
(-0.242914 0.504562 0)
(-0.224134 0.569029 0)
(-0.203187 0.628061 0)
(-0.180271 0.681077 0)
(-0.155607 0.727553 0)
(-0.129433 0.767028 0)
(-0.102001 0.799106 0)
(-0.0735754 0.82346 0)
(-0.0444342 0.83984 0)
(-0.0148597 0.848075 0)
(0.0148597 0.848075 0)
(0.0444342 0.83984 0)
(0.0735754 0.82346 0)
(0.102001 0.799106 0)
(0.129433 0.767028 0)
(0.155607 0.727553 0)
(0.180271 0.681077 0)
(0.203187 0.628061 0)
(0.224134 0.569029 0)
(0.242914 0.504562 0)
(0.259346 0.435293 0)
(0.273277 0.3619 0)
(0.284581 0.285097 0)
(0.293159 0.205627 0)
(0.298945 0.124249 0)
(0.301899 0.0417268 0)
(0.383485 -0.0395145 0)
(0.379926 -0.118785 0)
(0.372708 -0.196951 0)
(0.3619 -0.273277 0)
(0.347604 -0.347035 0)
(0.329948 -0.417512 0)
(0.309095 -0.484023 0)
(0.285243 -0.54592 0)
(0.258619 -0.602595 0)
(0.229479 -0.653492 0)
(0.198104 -0.698109 0)
(0.164797 -0.736003 0)
(0.129881 -0.766795 0)
(0.0936945 -0.790172 0)
(0.0565862 -0.80589 0)
(0.0189299 -0.813787 0)
(-0.0189299 -0.813787 0)
(-0.0565862 -0.80589 0)
(-0.0936945 -0.790172 0)
(-0.12988 -0.766795 0)
(-0.164797 -0.736003 0)
(-0.198104 -0.698109 0)
(-0.229479 -0.653492 0)
(-0.258619 -0.602595 0)
(-0.285243 -0.54592 0)
(-0.309095 -0.484023 0)
(-0.329948 -0.417512 0)
(-0.347604 -0.347035 0)
(-0.3619 -0.273277 0)
(-0.372708 -0.196951 0)
(-0.379926 -0.118785 0)
(-0.383485 -0.0395145 0)
(-0.383385 0.0401221 0)
(-0.379649 0.119387 0)
(-0.372301 0.197544 0)
(-0.3614 0.273858 0)
(-0.347035 0.347604 0)
(-0.329335 0.418069 0)
(-0.30846 0.484572 0)
(-0.284608 0.546462 0)
(-0.258004 0.603133 0)
(-0.228902 0.654029 0)
(-0.197582 0.698645 0)
(-0.164345 0.736541 0)
(-0.129512 0.767334 0)
(-0.0934194 0.790712 0)
(-0.0564177 0.806436 0)
(-0.0188677 0.814342 0)
(0.0188677 0.814342 0)
(0.0564177 0.806436 0)
(0.0934194 0.790712 0)
(0.129512 0.767334 0)
(0.164345 0.736541 0)
(0.197582 0.698645 0)
(0.228902 0.654029 0)
(0.258004 0.603133 0)
(0.284608 0.546462 0)
(0.30846 0.484572 0)
(0.329335 0.418069 0)
(0.347035 0.347604 0)
(0.3614 0.273858 0)
(0.372301 0.197544 0)
(0.379649 0.119387 0)
(0.383385 0.040122 0)
(0.461357 -0.037478 0)
(0.45704 -0.112723 0)
(0.448325 -0.186912 0)
(0.435293 -0.259346 0)
(0.418069 -0.329335 0)
(0.396811 -0.396205 0)
(0.371714 -0.459308 0)
(0.343015 -0.518029 0)
(0.310988 -0.571796 0)
(0.27594 -0.62008 0)
(0.238208 -0.662405 0)
(0.198156 -0.698351 0)
(0.15617 -0.727559 0)
(0.112659 -0.749731 0)
(0.0680396 -0.764638 0)
(0.0227616 -0.772126 0)
(-0.0227616 -0.772126 0)
(-0.0680396 -0.764638 0)
(-0.112659 -0.749731 0)
(-0.15617 -0.727559 0)
(-0.198156 -0.698351 0)
(-0.238208 -0.662405 0)
(-0.27594 -0.62008 0)
(-0.310988 -0.571796 0)
(-0.343015 -0.518029 0)
(-0.371714 -0.459308 0)
(-0.396811 -0.396205 0)
(-0.418069 -0.329335 0)
(-0.435293 -0.259346 0)
(-0.448325 -0.186912 0)
(-0.45704 -0.112723 0)
(-0.461357 -0.037478 0)
(-0.461263 0.0381174 0)
(-0.456776 0.113358 0)
(-0.447933 0.187541 0)
(-0.434807 0.259967 0)
(-0.417512 0.329948 0)
(-0.396205 0.396811 0)
(-0.371081 0.459909 0)
(-0.342377 0.518628 0)
(-0.310366 0.572395 0)
(-0.275352 0.620681 0)
(-0.237672 0.663009 0)
(-0.197688 0.69896 0)
(-0.155786 0.728172 0)
(-0.112369 0.75035 0)
(-0.0678609 0.765267 0)
(-0.0226952 0.772767 0)
(0.0226952 0.772767 0)
(0.0678609 0.765267 0)
(0.112369 0.75035 0)
(0.155786 0.728172 0)
(0.197688 0.69896 0)
(0.237672 0.663009 0)
(0.275352 0.620681 0)
(0.310366 0.572395 0)
(0.342377 0.518628 0)
(0.371081 0.459909 0)
(0.396205 0.396811 0)
(0.417512 0.329948 0)
(0.434807 0.259967 0)
(0.447933 0.187541 0)
(0.456776 0.113358 0)
(0.461263 0.0381174 0)
(0.534858 -0.0350861 0)
(0.529826 -0.105575 0)
(0.519695 -0.17507 0)
(0.504562 -0.242914 0)
(0.484572 -0.30846 0)
(0.459909 -0.371081 0)
(0.430803 -0.43017 0)
(0.397527 -0.485153 0)
(0.3604 -0.535494 0)
(0.319776 -0.5807 0)
(0.276045 -0.620326 0)
(0.229627 -0.653978 0)
(0.180971 -0.68132 0)
(0.130549 -0.702075 0)
(0.0788447 -0.716026 0)
(0.0263766 -0.723031 0)
(-0.0263766 -0.723031 0)
(-0.0788447 -0.716026 0)
(-0.130549 -0.702075 0)
(-0.180971 -0.68132 0)
(-0.229627 -0.653978 0)
(-0.276045 -0.620326 0)
(-0.319776 -0.5807 0)
(-0.3604 -0.535494 0)
(-0.397527 -0.485153 0)
(-0.430803 -0.43017 0)
(-0.459909 -0.371081 0)
(-0.484572 -0.30846 0)
(-0.504562 -0.242913 0)
(-0.519695 -0.17507 0)
(-0.529826 -0.105575 0)
(-0.534858 -0.0350861 0)
(-0.534768 0.0357338 0)
(-0.529572 0.10622 0)
(-0.519315 0.175711 0)
(-0.504087 0.243552 0)
(-0.484023 0.309095 0)
(-0.459308 0.371714 0)
(-0.43017 0.430803 0)
(-0.396885 0.485788 0)
(-0.359768 0.536134 0)
(-0.319174 0.581347 0)
(-0.275491 0.62098 0)
(-0.22914 0.654641 0)
(-0.180568 0.681992 0)
(-0.130243 0.702757 0)
(-0.0786537 0.716723 0)
(-0.0263052 0.723747 0)
(0.0263052 0.723747 0)
(0.0786538 0.716723 0)
(0.130243 0.702757 0)
(0.180568 0.681992 0)
(0.22914 0.654641 0)
(0.275491 0.62098 0)
(0.319174 0.581347 0)
(0.359768 0.536134 0)
(0.396885 0.485788 0)
(0.43017 0.430803 0)
(0.459308 0.371714 0)
(0.484023 0.309095 0)
(0.504087 0.243552 0)
(0.519315 0.175711 0)
(0.529572 0.10622 0)
(0.534768 0.0357338 0)
(0.603265 -0.0323604 0)
(0.597568 -0.0974087 0)
(0.586119 -0.161536 0)
(0.569029 -0.224134 0)
(0.546462 -0.284608 0)
(0.518628 -0.342377 0)
(0.485788 -0.396885 0)
(0.448252 -0.447602 0)
(0.406376 -0.494034 0)
(0.360562 -0.535728 0)
(0.311247 -0.572273 0)
(0.258907 -0.603307 0)
(0.204045 -0.628521 0)
(0.147193 -0.647657 0)
(0.0888973 -0.660519 0)
(0.0297401 -0.666973 0)
(-0.0297401 -0.666973 0)
(-0.0888973 -0.660519 0)
(-0.147193 -0.647657 0)
(-0.204045 -0.628521 0)
(-0.258907 -0.603307 0)
(-0.311247 -0.572273 0)
(-0.360562 -0.535728 0)
(-0.406376 -0.494034 0)
(-0.448252 -0.447601 0)
(-0.485788 -0.396885 0)
(-0.518628 -0.342377 0)
(-0.546462 -0.284608 0)
(-0.569029 -0.224134 0)
(-0.586119 -0.161536 0)
(-0.597568 -0.0974087 0)
(-0.603265 -0.0323603 0)
(-0.603178 0.0329955 0)
(-0.597322 0.0980427 0)
(-0.585749 0.162169 0)
(-0.568563 0.224768 0)
(-0.54592 0.285243 0)
(-0.518029 0.343015 0)
(-0.485153 0.397527 0)
(-0.447601 0.448252 0)
(-0.405731 0.494694 0)
(-0.359942 0.5364 0)
(-0.310673 0.572959 0)
(-0.258398 0.604007 0)
(-0.203619 0.629234 0)
(-0.146867 0.648387 0)
(-0.0886919 0.661269 0)
(-0.0296629 0.667747 0)
(0.0296629 0.667747 0)
(0.0886919 0.661269 0)
(0.146867 0.648387 0)
(0.203619 0.629234 0)
(0.258398 0.604007 0)
(0.310673 0.572959 0)
(0.359942 0.5364 0)
(0.405731 0.494694 0)
(0.447602 0.448252 0)
(0.485153 0.397527 0)
(0.518029 0.343015 0)
(0.54592 0.285243 0)
(0.568563 0.224768 0)
(0.585749 0.162169 0)
(0.597322 0.0980427 0)
(0.603178 0.0329955 0)
(0.665906 -0.0293259 0)
(0.659599 -0.0883015 0)
(0.646944 -0.146439 0)
(0.628061 -0.203187 0)
(0.603133 -0.258004 0)
(0.572395 -0.310366 0)
(0.536134 -0.359768 0)
(0.494694 -0.405731 0)
(0.44847 -0.44781 0)
(0.397902 -0.485592 0)
(0.343475 -0.518705 0)
(0.285712 -0.546824 0)
(0.225168 -0.569666 0)
(0.162431 -0.587001 0)
(0.0981002 -0.598648 0)
(0.0328195 -0.60449 0)
(-0.0328195 -0.60449 0)
(-0.0981002 -0.598648 0)
(-0.162431 -0.587001 0)
(-0.225168 -0.569666 0)
(-0.285712 -0.546824 0)
(-0.343475 -0.518705 0)
(-0.397902 -0.485592 0)
(-0.44847 -0.44781 0)
(-0.494694 -0.405731 0)
(-0.536134 -0.359768 0)
(-0.572395 -0.310366 0)
(-0.603133 -0.258004 0)
(-0.628061 -0.203187 0)
(-0.646944 -0.146439 0)
(-0.659599 -0.0883015 0)
(-0.665906 -0.0293259 0)
(-0.665821 0.02993 0)
(-0.65936 0.0889058 0)
(-0.646581 0.147045 0)
(-0.627601 0.203796 0)
(-0.602595 0.258619 0)
(-0.571796 0.310988 0)
(-0.535494 0.3604 0)
(-0.494034 0.406376 0)
(-0.44781 0.44847 0)
(-0.397263 0.486269 0)
(-0.342877 0.519401 0)
(-0.285177 0.547539 0)
(-0.224717 0.570402 0)
(-0.162082 0.587759 0)
(-0.0978779 0.599433 0)
(-0.0327357 0.605305 0)
(0.0327357 0.605305 0)
(0.0978779 0.599433 0)
(0.162082 0.587759 0)
(0.224717 0.570402 0)
(0.285177 0.547539 0)
(0.342877 0.519401 0)
(0.397263 0.486269 0)
(0.44781 0.44847 0)
(0.494034 0.406376 0)
(0.535494 0.3604 0)
(0.571796 0.310988 0)
(0.602595 0.258619 0)
(0.627601 0.203796 0)
(0.646581 0.147045 0)
(0.65936 0.0889058 0)
(0.665821 0.02993 0)
(0.722162 -0.0260111 0)
(0.71531 -0.0783402 0)
(0.70157 -0.129923 0)
(0.681077 -0.180271 0)
(0.654029 -0.228902 0)
(0.620681 -0.275352 0)
(0.581347 -0.319174 0)
(0.5364 -0.359942 0)
(0.486269 -0.397263 0)
(0.431431 -0.43077 0)
(0.372413 -0.460135 0)
(0.30978 -0.485068 0)
(0.244135 -0.505321 0)
(0.176112 -0.520687 0)
(0.106364 -0.531009 0)
(0.0355849 -0.536183 0)
(-0.0355849 -0.536183 0)
(-0.106364 -0.531009 0)
(-0.176112 -0.520687 0)
(-0.244135 -0.505321 0)
(-0.30978 -0.485068 0)
(-0.372413 -0.460135 0)
(-0.431431 -0.43077 0)
(-0.486269 -0.397263 0)
(-0.5364 -0.359942 0)
(-0.581347 -0.319174 0)
(-0.620681 -0.275352 0)
(-0.654029 -0.228902 0)
(-0.681077 -0.180271 0)
(-0.70157 -0.129923 0)
(-0.71531 -0.0783402 0)
(-0.722162 -0.0260111 0)
(-0.722079 0.0265678 0)
(-0.715074 0.0788982 0)
(-0.701212 0.130485 0)
(-0.680621 0.180839 0)
(-0.653492 0.229479 0)
(-0.62008 0.27594 0)
(-0.5807 0.319776 0)
(-0.535728 0.360562 0)
(-0.485592 0.397902 0)
(-0.43077 0.431431 0)
(-0.371789 0.46082 0)
(-0.309216 0.485779 0)
(-0.243655 0.506058 0)
(-0.175737 0.521453 0)
(-0.106122 0.531809 0)
(-0.0354934 0.537017 0)
(0.0354934 0.537017 0)
(0.106122 0.531809 0)
(0.175737 0.521453 0)
(0.243655 0.506058 0)
(0.309216 0.485779 0)
(0.371789 0.46082 0)
(0.43077 0.431431 0)
(0.485592 0.397902 0)
(0.535728 0.360562 0)
(0.5807 0.319776 0)
(0.62008 0.27594 0)
(0.653492 0.229479 0)
(0.680621 0.180839 0)
(0.701213 0.130485 0)
(0.715074 0.0788981 0)
(0.722079 0.0265678 0)
(0.77148 -0.0224475 0)
(0.764148 -0.0676206 0)
(0.749459 -0.112148 0)
(0.727553 -0.155607 0)
(0.698645 -0.197582 0)
(0.663009 -0.237672 0)
(0.62098 -0.275491 0)
(0.572959 -0.310673 0)
(0.519401 -0.342877 0)
(0.46082 -0.371789 0)
(0.397777 -0.397125 0)
(0.330875 -0.418634 0)
(0.260759 -0.436103 0)
(0.188104 -0.449355 0)
(0.113608 -0.458253 0)
(0.0380094 -0.462709 0)
(-0.0380095 -0.462709 0)
(-0.113608 -0.458253 0)
(-0.188104 -0.449355 0)
(-0.260759 -0.436103 0)
(-0.330875 -0.418634 0)
(-0.397777 -0.397125 0)
(-0.46082 -0.371789 0)
(-0.519401 -0.342877 0)
(-0.572959 -0.310673 0)
(-0.62098 -0.275491 0)
(-0.663009 -0.237672 0)
(-0.698645 -0.197582 0)
(-0.727553 -0.155607 0)
(-0.749459 -0.112148 0)
(-0.764148 -0.0676205 0)
(-0.77148 -0.0224475 0)
(-0.771397 0.0229422 0)
(-0.763916 0.0681174 0)
(-0.749105 0.11265 0)
(-0.7271 0.156117 0)
(-0.698109 0.198104 0)
(-0.662405 0.238208 0)
(-0.620326 0.276045 0)
(-0.572273 0.311247 0)
(-0.518705 0.343475 0)
(-0.460135 0.372413 0)
(-0.397125 0.397777 0)
(-0.33028 0.419317 0)
(-0.260247 0.436818 0)
(-0.1877 0.450104 0)
(-0.113344 0.459042 0)
(-0.037909 0.463538 0)
(0.037909 0.463538 0)
(0.113344 0.459042 0)
(0.1877 0.450104 0)
(0.260247 0.436818 0)
(0.33028 0.419317 0)
(0.397125 0.397777 0)
(0.460135 0.372413 0)
(0.518705 0.343475 0)
(0.572273 0.311247 0)
(0.620326 0.276045 0)
(0.662405 0.238208 0)
(0.698109 0.198104 0)
(0.7271 0.156117 0)
(0.749105 0.11265 0)
(0.763916 0.0681174 0)
(0.771397 0.0229422 0)
(0.813368 -0.0186683 0)
(0.80563 -0.0562453 0)
(0.790133 -0.0932843 0)
(0.767028 -0.129433 0)
(0.736541 -0.164345 0)
(0.69896 -0.197688 0)
(0.654641 -0.22914 0)
(0.604007 -0.258398 0)
(0.547539 -0.285177 0)
(0.485779 -0.309216 0)
(0.419317 -0.33028 0)
(0.34879 -0.348161 0)
(0.274877 -0.362681 0)
(0.198289 -0.373692 0)
(0.11976 -0.381082 0)
(0.0400692 -0.384778 0)
(-0.0400692 -0.384778 0)
(-0.11976 -0.381082 0)
(-0.198289 -0.373692 0)
(-0.274877 -0.362681 0)
(-0.34879 -0.348161 0)
(-0.419317 -0.33028 0)
(-0.485779 -0.309216 0)
(-0.547539 -0.285177 0)
(-0.604007 -0.258398 0)
(-0.654641 -0.22914 0)
(-0.69896 -0.197688 0)
(-0.736541 -0.164345 0)
(-0.767028 -0.129433 0)
(-0.790133 -0.0932842 0)
(-0.80563 -0.0562453 0)
(-0.813368 -0.0186683 0)
(-0.813286 0.0190895 0)
(-0.8054 0.056669 0)
(-0.789782 0.093714 0)
(-0.766577 0.129872 0)
(-0.736003 0.164797 0)
(-0.698351 0.198156 0)
(-0.653978 0.229627 0)
(-0.603307 0.258907 0)
(-0.546824 0.285712 0)
(-0.485068 0.30978 0)
(-0.418634 0.330875 0)
(-0.348161 0.34879 0)
(-0.274329 0.363346 0)
(-0.197851 0.374397 0)
(-0.119471 0.381832 0)
(-0.0399582 0.385572 0)
(0.0399583 0.385572 0)
(0.119471 0.381832 0)
(0.197851 0.374397 0)
(0.274329 0.363346 0)
(0.348161 0.34879 0)
(0.418634 0.330875 0)
(0.485068 0.30978 0)
(0.546824 0.285712 0)
(0.603307 0.258907 0)
(0.653978 0.229627 0)
(0.698351 0.198156 0)
(0.736003 0.164797 0)
(0.766577 0.129872 0)
(0.789782 0.093714 0)
(0.8054 0.056669 0)
(0.813286 0.0190895 0)
(0.847408 -0.0147103 0)
(0.839339 -0.0443246 0)
(0.823186 -0.073514 0)
(0.799106 -0.102001 0)
(0.767334 -0.129512 0)
(0.728172 -0.155786 0)
(0.681992 -0.180568 0)
(0.629234 -0.203619 0)
(0.570402 -0.224717 0)
(0.506058 -0.243655 0)
(0.436818 -0.260247 0)
(0.363346 -0.274329 0)
(0.286348 -0.285762 0)
(0.206565 -0.294429 0)
(0.124761 -0.300242 0)
(0.0417439 -0.303145 0)
(-0.0417439 -0.303145 0)
(-0.124761 -0.300242 0)
(-0.206565 -0.294429 0)
(-0.286348 -0.285762 0)
(-0.363346 -0.274329 0)
(-0.436818 -0.260247 0)
(-0.506058 -0.243655 0)
(-0.570402 -0.224717 0)
(-0.629234 -0.203619 0)
(-0.681992 -0.180568 0)
(-0.728172 -0.155786 0)
(-0.767334 -0.129512 0)
(-0.799106 -0.102001 0)
(-0.823186 -0.073514 0)
(-0.839339 -0.0443245 0)
(-0.847408 -0.0147103 0)
(-0.847327 0.015047 0)
(-0.839111 0.0446641 0)
(-0.822837 0.0738598 0)
(-0.798655 0.102356 0)
(-0.766795 0.129881 0)
(-0.727559 0.15617 0)
(-0.68132 0.180971 0)
(-0.628521 0.204045 0)
(-0.569666 0.225168 0)
(-0.505321 0.244135 0)
(-0.436103 0.260759 0)
(-0.362681 0.274877 0)
(-0.285762 0.286348 0)
(-0.20609 0.295058 0)
(-0.124442 0.300919 0)
(-0.0416205 0.303867 0)
(0.0416205 0.303867 0)
(0.124442 0.300919 0)
(0.20609 0.295058 0)
(0.285762 0.286348 0)
(0.362681 0.274877 0)
(0.436103 0.260759 0)
(0.505321 0.244135 0)
(0.569666 0.225168 0)
(0.628521 0.204045 0)
(0.68132 0.180971 0)
(0.727559 0.15617 0)
(0.766795 0.12988 0)
(0.798655 0.102356 0)
(0.822837 0.0738597 0)
(0.839111 0.044664 0)
(0.847327 0.015047 0)
(0.873252 -0.0106093 0)
(0.864932 -0.0319718 0)
(0.848281 -0.0530275 0)
(0.82346 -0.0735754 0)
(0.790712 -0.0934194 0)
(0.75035 -0.112369 0)
(0.702757 -0.130243 0)
(0.648387 -0.146867 0)
(0.587759 -0.162082 0)
(0.521453 -0.175737 0)
(0.450104 -0.1877 0)
(0.374397 -0.197851 0)
(0.295058 -0.20609 0)
(0.21285 -0.212333 0)
(0.12856 -0.216516 0)
(0.0430168 -0.218602 0)
(-0.0430168 -0.218602 0)
(-0.12856 -0.216516 0)
(-0.21285 -0.212333 0)
(-0.295058 -0.20609 0)
(-0.374397 -0.197851 0)
(-0.450104 -0.1877 0)
(-0.521453 -0.175737 0)
(-0.587759 -0.162082 0)
(-0.648387 -0.146867 0)
(-0.702757 -0.130243 0)
(-0.75035 -0.112369 0)
(-0.790712 -0.0934194 0)
(-0.82346 -0.0735754 0)
(-0.848281 -0.0530275 0)
(-0.864932 -0.0319718 0)
(-0.873252 -0.0106093 0)
(-0.873172 0.0108567 0)
(-0.864706 0.0322217 0)
(-0.847933 0.0532827 0)
(-0.82301 0.0738391 0)
(-0.790172 0.0936945 0)
(-0.749731 0.112659 0)
(-0.702075 0.130549 0)
(-0.647657 0.147193 0)
(-0.587001 0.162431 0)
(-0.520687 0.176112 0)
(-0.449355 0.188104 0)
(-0.373692 0.198289 0)
(-0.294429 0.206565 0)
(-0.212333 0.21285 0)
(-0.128206 0.21708 0)
(-0.0428787 0.219208 0)
(0.0428787 0.219208 0)
(0.128206 0.21708 0)
(0.212333 0.21285 0)
(0.294429 0.206565 0)
(0.373692 0.198289 0)
(0.449355 0.188104 0)
(0.520687 0.176112 0)
(0.587001 0.162431 0)
(0.647657 0.147193 0)
(0.702075 0.130549 0)
(0.749731 0.112659 0)
(0.790172 0.0936945 0)
(0.82301 0.0738391 0)
(0.847933 0.0532827 0)
(0.864706 0.0322217 0)
(0.873172 0.0108567 0)
(0.890634 -0.00640778 0)
(0.882145 -0.0193093 0)
(0.865158 -0.0320252 0)
(0.83984 -0.0444342 0)
(0.806436 -0.0564177 0)
(0.765267 -0.0678609 0)
(0.716723 -0.0786537 0)
(0.661269 -0.0886919 0)
(0.599433 -0.0978779 0)
(0.531809 -0.106122 0)
(0.459042 -0.113344 0)
(0.381832 -0.119471 0)
(0.300919 -0.124442 0)
(0.21708 -0.128206 0)
(0.131118 -0.130726 0)
(0.0438747 -0.131979 0)
(-0.0438747 -0.131979 0)
(-0.131118 -0.130726 0)
(-0.21708 -0.128206 0)
(-0.300919 -0.124442 0)
(-0.381832 -0.119471 0)
(-0.459042 -0.113344 0)
(-0.531809 -0.106122 0)
(-0.599433 -0.0978779 0)
(-0.661269 -0.0886919 0)
(-0.716723 -0.0786537 0)
(-0.765267 -0.0678609 0)
(-0.806436 -0.0564177 0)
(-0.83984 -0.0444342 0)
(-0.865158 -0.0320252 0)
(-0.882145 -0.0193093 0)
(-0.890634 -0.00640777 0)
(-0.890554 0.00655632 0)
(-0.881919 0.0194596 0)
(-0.86481 0.0321794 0)
(-0.839387 0.0445945 0)
(-0.80589 0.0565862 0)
(-0.764638 0.0680396 0)
(-0.716026 0.0788447 0)
(-0.660519 0.0888973 0)
(-0.598648 0.0981002 0)
(-0.531009 0.106364 0)
(-0.458253 0.113608 0)
(-0.381082 0.11976 0)
(-0.300242 0.124761 0)
(-0.216516 0.12856 0)
(-0.130726 0.131118 0)
(-0.04372 0.132406 0)
(0.04372 0.132406 0)
(0.130726 0.131118 0)
(0.216516 0.12856 0)
(0.300242 0.124761 0)
(0.381082 0.11976 0)
(0.458253 0.113608 0)
(0.531009 0.106364 0)
(0.598648 0.0981002 0)
(0.660519 0.0888973 0)
(0.716026 0.0788447 0)
(0.764638 0.0680396 0)
(0.80589 0.0565862 0)
(0.839387 0.0445945 0)
(0.86481 0.0321794 0)
(0.881919 0.0194596 0)
(0.890554 0.00655631 0)
(0.899371 -0.00214161 0)
(0.890798 -0.00645659 0)
(0.873643 -0.0107095 0)
(0.848075 -0.0148597 0)
(0.814342 -0.0188677 0)
(0.772767 -0.0226952 0)
(0.723747 -0.0263052 0)
(0.667747 -0.0296629 0)
(0.605305 -0.0327357 0)
(0.537017 -0.0354934 0)
(0.463538 -0.037909 0)
(0.385572 -0.0399582 0)
(0.303867 -0.0416205 0)
(0.219208 -0.0428787 0)
(0.132406 -0.04372 0)
(0.044307 -0.0441374 0)
(-0.0443071 -0.0441374 0)
(-0.132406 -0.04372 0)
(-0.219208 -0.0428787 0)
(-0.303867 -0.0416205 0)
(-0.385572 -0.0399582 0)
(-0.463538 -0.037909 0)
(-0.537017 -0.0354934 0)
(-0.605305 -0.0327357 0)
(-0.667747 -0.0296629 0)
(-0.723747 -0.0263052 0)
(-0.772767 -0.0226952 0)
(-0.814342 -0.0188677 0)
(-0.848075 -0.0148597 0)
(-0.873643 -0.0107094 0)
(-0.890798 -0.00645658 0)
(-0.899371 -0.0021416 0)
(-0.899291 0.00219444 0)
(-0.890571 0.00651039 0)
(-0.873293 0.0107652 0)
(-0.847617 0.0149183 0)
(-0.813787 0.0189299 0)
(-0.772126 0.0227616 0)
(-0.723031 0.0263766 0)
(-0.666973 0.0297401 0)
(-0.60449 0.0328195 0)
(-0.536183 0.0355849 0)
(-0.462709 0.0380094 0)
(-0.384778 0.0400692 0)
(-0.303145 0.0417439 0)
(-0.218602 0.0430168 0)
(-0.131979 0.0438747 0)
(-0.0441374 0.0443071 0)
(0.0441375 0.0443071 0)
(0.131979 0.0438747 0)
(0.218602 0.0430168 0)
(0.303145 0.0417439 0)
(0.384778 0.0400692 0)
(0.462709 0.0380094 0)
(0.536183 0.0355849 0)
(0.60449 0.0328195 0)
(0.666973 0.0297401 0)
(0.723031 0.0263766 0)
(0.772126 0.0227616 0)
(0.813787 0.0189299 0)
(0.847617 0.0149183 0)
(0.873293 0.0107652 0)
(0.890571 0.00651039 0)
(0.899291 0.00219443 0)
(0.899371 0.0021416 0)
(0.890798 0.00645658 0)
(0.873643 0.0107094 0)
(0.848075 0.0148597 0)
(0.814342 0.0188677 0)
(0.772767 0.0226952 0)
(0.723747 0.0263052 0)
(0.667747 0.0296629 0)
(0.605305 0.0327357 0)
(0.537017 0.0354934 0)
(0.463538 0.037909 0)
(0.385572 0.0399582 0)
(0.303867 0.0416205 0)
(0.219208 0.0428787 0)
(0.132406 0.04372 0)
(0.044307 0.0441375 0)
(-0.0443071 0.0441375 0)
(-0.132406 0.04372 0)
(-0.219208 0.0428787 0)
(-0.303867 0.0416205 0)
(-0.385572 0.0399582 0)
(-0.463538 0.037909 0)
(-0.537017 0.0354934 0)
(-0.605305 0.0327357 0)
(-0.667747 0.0296629 0)
(-0.723747 0.0263052 0)
(-0.772767 0.0226952 0)
(-0.814342 0.0188677 0)
(-0.848075 0.0148597 0)
(-0.873643 0.0107095 0)
(-0.890798 0.00645659 0)
(-0.899371 0.00214161 0)
(-0.899291 -0.00219443 0)
(-0.890571 -0.00651039 0)
(-0.873293 -0.0107652 0)
(-0.847617 -0.0149183 0)
(-0.813787 -0.0189299 0)
(-0.772126 -0.0227616 0)
(-0.723031 -0.0263766 0)
(-0.666973 -0.0297401 0)
(-0.60449 -0.0328195 0)
(-0.536183 -0.0355849 0)
(-0.462709 -0.0380094 0)
(-0.384778 -0.0400692 0)
(-0.303145 -0.0417439 0)
(-0.218602 -0.0430168 0)
(-0.131979 -0.0438747 0)
(-0.0441374 -0.0443071 0)
(0.0441375 -0.0443071 0)
(0.131979 -0.0438747 0)
(0.218602 -0.0430168 0)
(0.303145 -0.0417439 0)
(0.384778 -0.0400692 0)
(0.462709 -0.0380094 0)
(0.536183 -0.0355849 0)
(0.60449 -0.0328195 0)
(0.666973 -0.0297401 0)
(0.723031 -0.0263766 0)
(0.772126 -0.0227616 0)
(0.813787 -0.0189299 0)
(0.847617 -0.0149183 0)
(0.873293 -0.0107652 0)
(0.890571 -0.00651039 0)
(0.899291 -0.00219444 0)
(0.890634 0.00640777 0)
(0.882145 0.0193093 0)
(0.865158 0.0320252 0)
(0.83984 0.0444342 0)
(0.806436 0.0564177 0)
(0.765267 0.0678609 0)
(0.716723 0.0786537 0)
(0.661269 0.0886919 0)
(0.599433 0.0978779 0)
(0.531809 0.106122 0)
(0.459042 0.113344 0)
(0.381832 0.119471 0)
(0.300919 0.124442 0)
(0.21708 0.128206 0)
(0.131118 0.130726 0)
(0.0438747 0.131979 0)
(-0.0438747 0.131979 0)
(-0.131118 0.130726 0)
(-0.21708 0.128206 0)
(-0.300919 0.124442 0)
(-0.381832 0.119471 0)
(-0.459042 0.113344 0)
(-0.531809 0.106122 0)
(-0.599433 0.0978779 0)
(-0.661269 0.0886919 0)
(-0.716723 0.0786537 0)
(-0.765267 0.0678609 0)
(-0.806436 0.0564177 0)
(-0.83984 0.0444342 0)
(-0.865158 0.0320252 0)
(-0.882145 0.0193093 0)
(-0.890634 0.00640777 0)
(-0.890554 -0.00655631 0)
(-0.881919 -0.0194596 0)
(-0.86481 -0.0321794 0)
(-0.839387 -0.0445945 0)
(-0.80589 -0.0565862 0)
(-0.764638 -0.0680396 0)
(-0.716026 -0.0788447 0)
(-0.660519 -0.0888973 0)
(-0.598648 -0.0981002 0)
(-0.531009 -0.106364 0)
(-0.458253 -0.113608 0)
(-0.381082 -0.11976 0)
(-0.300242 -0.124761 0)
(-0.216516 -0.12856 0)
(-0.130726 -0.131118 0)
(-0.04372 -0.132406 0)
(0.04372 -0.132406 0)
(0.130726 -0.131118 0)
(0.216516 -0.12856 0)
(0.300242 -0.124761 0)
(0.381082 -0.11976 0)
(0.458253 -0.113608 0)
(0.531009 -0.106364 0)
(0.598648 -0.0981002 0)
(0.660519 -0.0888973 0)
(0.716026 -0.0788447 0)
(0.764638 -0.0680396 0)
(0.80589 -0.0565862 0)
(0.839387 -0.0445945 0)
(0.86481 -0.0321794 0)
(0.881919 -0.0194596 0)
(0.890554 -0.00655631 0)
(0.873252 0.0106093 0)
(0.864932 0.0319718 0)
(0.848281 0.0530275 0)
(0.82346 0.0735754 0)
(0.790712 0.0934194 0)
(0.75035 0.112369 0)
(0.702757 0.130243 0)
(0.648387 0.146867 0)
(0.587759 0.162082 0)
(0.521453 0.175737 0)
(0.450104 0.1877 0)
(0.374397 0.197851 0)
(0.295058 0.20609 0)
(0.21285 0.212333 0)
(0.12856 0.216516 0)
(0.0430167 0.218602 0)
(-0.0430168 0.218602 0)
(-0.12856 0.216516 0)
(-0.21285 0.212333 0)
(-0.295058 0.20609 0)
(-0.374397 0.197851 0)
(-0.450104 0.1877 0)
(-0.521453 0.175737 0)
(-0.587759 0.162082 0)
(-0.648387 0.146867 0)
(-0.702757 0.130243 0)
(-0.75035 0.112369 0)
(-0.790712 0.0934194 0)
(-0.82346 0.0735754 0)
(-0.848281 0.0530275 0)
(-0.864932 0.0319718 0)
(-0.873252 0.0106093 0)
(-0.873172 -0.0108567 0)
(-0.864706 -0.0322217 0)
(-0.847933 -0.0532827 0)
(-0.82301 -0.0738391 0)
(-0.790172 -0.0936945 0)
(-0.749731 -0.112659 0)
(-0.702075 -0.130549 0)
(-0.647657 -0.147193 0)
(-0.587001 -0.162431 0)
(-0.520687 -0.176112 0)
(-0.449355 -0.188104 0)
(-0.373692 -0.198289 0)
(-0.294429 -0.206565 0)
(-0.212333 -0.21285 0)
(-0.128206 -0.21708 0)
(-0.0428787 -0.219208 0)
(0.0428787 -0.219208 0)
(0.128206 -0.21708 0)
(0.212333 -0.21285 0)
(0.294429 -0.206565 0)
(0.373692 -0.198289 0)
(0.449355 -0.188104 0)
(0.520687 -0.176112 0)
(0.587001 -0.162431 0)
(0.647657 -0.147193 0)
(0.702075 -0.130549 0)
(0.749731 -0.112659 0)
(0.790172 -0.0936945 0)
(0.82301 -0.0738391 0)
(0.847933 -0.0532827 0)
(0.864706 -0.0322217 0)
(0.873172 -0.0108567 0)
(0.847408 0.0147103 0)
(0.839339 0.0443246 0)
(0.823186 0.073514 0)
(0.799106 0.102001 0)
(0.767334 0.129512 0)
(0.728172 0.155786 0)
(0.681992 0.180568 0)
(0.629234 0.203619 0)
(0.570402 0.224717 0)
(0.506058 0.243655 0)
(0.436818 0.260247 0)
(0.363346 0.274329 0)
(0.286348 0.285762 0)
(0.206565 0.294429 0)
(0.124761 0.300242 0)
(0.0417439 0.303145 0)
(-0.0417439 0.303145 0)
(-0.124761 0.300242 0)
(-0.206565 0.294429 0)
(-0.286348 0.285762 0)
(-0.363346 0.274329 0)
(-0.436818 0.260247 0)
(-0.506058 0.243655 0)
(-0.570402 0.224717 0)
(-0.629234 0.203619 0)
(-0.681992 0.180568 0)
(-0.728172 0.155786 0)
(-0.767334 0.129512 0)
(-0.799106 0.102001 0)
(-0.823186 0.073514 0)
(-0.839339 0.0443246 0)
(-0.847408 0.0147103 0)
(-0.847327 -0.015047 0)
(-0.839111 -0.0446641 0)
(-0.822837 -0.0738597 0)
(-0.798655 -0.102356 0)
(-0.766795 -0.129881 0)
(-0.727559 -0.15617 0)
(-0.68132 -0.180971 0)
(-0.628521 -0.204045 0)
(-0.569666 -0.225168 0)
(-0.505321 -0.244135 0)
(-0.436103 -0.260759 0)
(-0.362681 -0.274877 0)
(-0.285762 -0.286348 0)
(-0.20609 -0.295058 0)
(-0.124442 -0.300919 0)
(-0.0416205 -0.303867 0)
(0.0416205 -0.303867 0)
(0.124442 -0.300919 0)
(0.20609 -0.295058 0)
(0.285762 -0.286348 0)
(0.362681 -0.274877 0)
(0.436103 -0.260759 0)
(0.505321 -0.244135 0)
(0.569666 -0.225168 0)
(0.628521 -0.204045 0)
(0.68132 -0.180971 0)
(0.727559 -0.15617 0)
(0.766795 -0.12988 0)
(0.798655 -0.102356 0)
(0.822837 -0.0738597 0)
(0.839111 -0.0446641 0)
(0.847327 -0.015047 0)
(0.813368 0.0186683 0)
(0.80563 0.0562453 0)
(0.790133 0.0932843 0)
(0.767028 0.129433 0)
(0.736541 0.164345 0)
(0.69896 0.197688 0)
(0.654641 0.22914 0)
(0.604007 0.258398 0)
(0.547539 0.285177 0)
(0.485779 0.309216 0)
(0.419317 0.33028 0)
(0.34879 0.348161 0)
(0.274877 0.362681 0)
(0.198289 0.373692 0)
(0.11976 0.381082 0)
(0.0400692 0.384778 0)
(-0.0400692 0.384778 0)
(-0.11976 0.381082 0)
(-0.198289 0.373692 0)
(-0.274877 0.362681 0)
(-0.34879 0.348161 0)
(-0.419317 0.33028 0)
(-0.485779 0.309216 0)
(-0.547539 0.285177 0)
(-0.604007 0.258398 0)
(-0.654641 0.22914 0)
(-0.69896 0.197688 0)
(-0.736541 0.164345 0)
(-0.767028 0.129433 0)
(-0.790133 0.0932843 0)
(-0.80563 0.0562453 0)
(-0.813368 0.0186683 0)
(-0.813286 -0.0190895 0)
(-0.8054 -0.056669 0)
(-0.789782 -0.093714 0)
(-0.766577 -0.129872 0)
(-0.736003 -0.164797 0)
(-0.698351 -0.198156 0)
(-0.653978 -0.229627 0)
(-0.603307 -0.258907 0)
(-0.546824 -0.285712 0)
(-0.485068 -0.30978 0)
(-0.418634 -0.330875 0)
(-0.348161 -0.34879 0)
(-0.274329 -0.363346 0)
(-0.197851 -0.374397 0)
(-0.119471 -0.381832 0)
(-0.0399582 -0.385572 0)
(0.0399583 -0.385572 0)
(0.119471 -0.381832 0)
(0.197851 -0.374397 0)
(0.274329 -0.363346 0)
(0.348161 -0.34879 0)
(0.418634 -0.330875 0)
(0.485068 -0.30978 0)
(0.546824 -0.285712 0)
(0.603307 -0.258907 0)
(0.653978 -0.229627 0)
(0.698351 -0.198156 0)
(0.736003 -0.164797 0)
(0.766577 -0.129872 0)
(0.789782 -0.093714 0)
(0.8054 -0.056669 0)
(0.813286 -0.0190895 0)
(0.77148 0.0224475 0)
(0.764148 0.0676206 0)
(0.749459 0.112148 0)
(0.727553 0.155607 0)
(0.698645 0.197582 0)
(0.663009 0.237672 0)
(0.62098 0.275491 0)
(0.572959 0.310673 0)
(0.519401 0.342877 0)
(0.46082 0.371789 0)
(0.397777 0.397125 0)
(0.330875 0.418634 0)
(0.260759 0.436103 0)
(0.188104 0.449355 0)
(0.113608 0.458253 0)
(0.0380094 0.462709 0)
(-0.0380095 0.462709 0)
(-0.113608 0.458253 0)
(-0.188104 0.449355 0)
(-0.260759 0.436103 0)
(-0.330875 0.418634 0)
(-0.397777 0.397125 0)
(-0.46082 0.371789 0)
(-0.519401 0.342877 0)
(-0.572959 0.310673 0)
(-0.62098 0.275491 0)
(-0.663009 0.237672 0)
(-0.698645 0.197582 0)
(-0.727553 0.155607 0)
(-0.749459 0.112148 0)
(-0.764148 0.0676205 0)
(-0.77148 0.0224475 0)
(-0.771397 -0.0229422 0)
(-0.763916 -0.0681174 0)
(-0.749105 -0.11265 0)
(-0.7271 -0.156117 0)
(-0.698109 -0.198104 0)
(-0.662405 -0.238208 0)
(-0.620326 -0.276045 0)
(-0.572273 -0.311247 0)
(-0.518705 -0.343475 0)
(-0.460135 -0.372413 0)
(-0.397125 -0.397777 0)
(-0.33028 -0.419317 0)
(-0.260247 -0.436818 0)
(-0.1877 -0.450104 0)
(-0.113344 -0.459042 0)
(-0.037909 -0.463538 0)
(0.037909 -0.463538 0)
(0.113344 -0.459042 0)
(0.1877 -0.450104 0)
(0.260247 -0.436818 0)
(0.33028 -0.419317 0)
(0.397125 -0.397777 0)
(0.460135 -0.372413 0)
(0.518705 -0.343475 0)
(0.572273 -0.311247 0)
(0.620326 -0.276045 0)
(0.662405 -0.238208 0)
(0.698109 -0.198104 0)
(0.7271 -0.156117 0)
(0.749105 -0.11265 0)
(0.763916 -0.0681174 0)
(0.771397 -0.0229422 0)
(0.722162 0.0260111 0)
(0.71531 0.0783402 0)
(0.70157 0.129923 0)
(0.681077 0.180271 0)
(0.654029 0.228902 0)
(0.620681 0.275352 0)
(0.581347 0.319174 0)
(0.5364 0.359942 0)
(0.486269 0.397263 0)
(0.431431 0.43077 0)
(0.372413 0.460135 0)
(0.30978 0.485068 0)
(0.244135 0.505321 0)
(0.176112 0.520687 0)
(0.106364 0.531009 0)
(0.0355849 0.536183 0)
(-0.0355849 0.536183 0)
(-0.106364 0.531009 0)
(-0.176112 0.520687 0)
(-0.244135 0.505321 0)
(-0.30978 0.485068 0)
(-0.372413 0.460135 0)
(-0.431431 0.43077 0)
(-0.486269 0.397263 0)
(-0.5364 0.359942 0)
(-0.581347 0.319174 0)
(-0.620681 0.275352 0)
(-0.654029 0.228902 0)
(-0.681077 0.180271 0)
(-0.70157 0.129923 0)
(-0.71531 0.0783402 0)
(-0.722162 0.0260111 0)
(-0.722079 -0.0265678 0)
(-0.715074 -0.0788981 0)
(-0.701212 -0.130485 0)
(-0.680621 -0.180839 0)
(-0.653492 -0.229479 0)
(-0.62008 -0.27594 0)
(-0.5807 -0.319776 0)
(-0.535728 -0.360562 0)
(-0.485592 -0.397902 0)
(-0.43077 -0.431431 0)
(-0.371789 -0.46082 0)
(-0.309216 -0.485779 0)
(-0.243655 -0.506058 0)
(-0.175737 -0.521453 0)
(-0.106122 -0.531809 0)
(-0.0354934 -0.537017 0)
(0.0354934 -0.537017 0)
(0.106122 -0.531809 0)
(0.175737 -0.521453 0)
(0.243655 -0.506058 0)
(0.309216 -0.485779 0)
(0.371789 -0.46082 0)
(0.43077 -0.431431 0)
(0.485592 -0.397902 0)
(0.535728 -0.360562 0)
(0.5807 -0.319776 0)
(0.62008 -0.27594 0)
(0.653492 -0.229479 0)
(0.680621 -0.180839 0)
(0.701212 -0.130485 0)
(0.715074 -0.0788981 0)
(0.722079 -0.0265678 0)
(0.665906 0.0293259 0)
(0.659599 0.0883015 0)
(0.646944 0.146439 0)
(0.628061 0.203187 0)
(0.603133 0.258004 0)
(0.572395 0.310366 0)
(0.536134 0.359768 0)
(0.494694 0.405731 0)
(0.44847 0.44781 0)
(0.397902 0.485592 0)
(0.343475 0.518705 0)
(0.285712 0.546824 0)
(0.225168 0.569666 0)
(0.162431 0.587001 0)
(0.0981001 0.598648 0)
(0.0328195 0.60449 0)
(-0.0328195 0.60449 0)
(-0.0981002 0.598648 0)
(-0.162431 0.587001 0)
(-0.225168 0.569666 0)
(-0.285712 0.546824 0)
(-0.343475 0.518705 0)
(-0.397902 0.485592 0)
(-0.44847 0.44781 0)
(-0.494694 0.405731 0)
(-0.536134 0.359768 0)
(-0.572395 0.310366 0)
(-0.603133 0.258004 0)
(-0.628061 0.203187 0)
(-0.646944 0.146439 0)
(-0.659599 0.0883015 0)
(-0.665906 0.0293259 0)
(-0.665821 -0.02993 0)
(-0.65936 -0.0889058 0)
(-0.646581 -0.147045 0)
(-0.627601 -0.203796 0)
(-0.602595 -0.258619 0)
(-0.571796 -0.310988 0)
(-0.535494 -0.3604 0)
(-0.494034 -0.406376 0)
(-0.44781 -0.44847 0)
(-0.397263 -0.486269 0)
(-0.342877 -0.519401 0)
(-0.285177 -0.547539 0)
(-0.224717 -0.570402 0)
(-0.162082 -0.587759 0)
(-0.0978779 -0.599433 0)
(-0.0327357 -0.605305 0)
(0.0327357 -0.605305 0)
(0.0978779 -0.599433 0)
(0.162082 -0.587759 0)
(0.224717 -0.570402 0)
(0.285177 -0.547539 0)
(0.342877 -0.519401 0)
(0.397263 -0.486269 0)
(0.44781 -0.44847 0)
(0.494034 -0.406376 0)
(0.535494 -0.3604 0)
(0.571796 -0.310988 0)
(0.602595 -0.258619 0)
(0.627601 -0.203796 0)
(0.646581 -0.147045 0)
(0.65936 -0.0889058 0)
(0.665821 -0.02993 0)
(0.603265 0.0323604 0)
(0.597568 0.0974087 0)
(0.586119 0.161536 0)
(0.569029 0.224134 0)
(0.546462 0.284608 0)
(0.518628 0.342377 0)
(0.485788 0.396885 0)
(0.448252 0.447602 0)
(0.406376 0.494034 0)
(0.360562 0.535728 0)
(0.311247 0.572273 0)
(0.258907 0.603307 0)
(0.204045 0.628521 0)
(0.147193 0.647657 0)
(0.0888973 0.660519 0)
(0.0297401 0.666973 0)
(-0.0297401 0.666973 0)
(-0.0888973 0.660519 0)
(-0.147193 0.647657 0)
(-0.204045 0.628521 0)
(-0.258907 0.603307 0)
(-0.311247 0.572273 0)
(-0.360562 0.535728 0)
(-0.406376 0.494034 0)
(-0.448252 0.447602 0)
(-0.485788 0.396885 0)
(-0.518628 0.342377 0)
(-0.546462 0.284608 0)
(-0.569029 0.224134 0)
(-0.586119 0.161536 0)
(-0.597568 0.0974087 0)
(-0.603265 0.0323603 0)
(-0.603178 -0.0329955 0)
(-0.597322 -0.0980427 0)
(-0.585749 -0.162169 0)
(-0.568563 -0.224768 0)
(-0.54592 -0.285243 0)
(-0.518029 -0.343015 0)
(-0.485153 -0.397527 0)
(-0.447601 -0.448252 0)
(-0.405731 -0.494694 0)
(-0.359942 -0.5364 0)
(-0.310673 -0.572959 0)
(-0.258398 -0.604007 0)
(-0.203619 -0.629234 0)
(-0.146867 -0.648387 0)
(-0.0886919 -0.661269 0)
(-0.0296629 -0.667747 0)
(0.0296629 -0.667747 0)
(0.0886919 -0.661269 0)
(0.146867 -0.648387 0)
(0.203619 -0.629234 0)
(0.258398 -0.604007 0)
(0.310673 -0.572959 0)
(0.359942 -0.5364 0)
(0.405731 -0.494694 0)
(0.447602 -0.448252 0)
(0.485153 -0.397527 0)
(0.518029 -0.343015 0)
(0.54592 -0.285243 0)
(0.568563 -0.224768 0)
(0.585749 -0.162169 0)
(0.597322 -0.0980427 0)
(0.603178 -0.0329955 0)
(0.534858 0.0350861 0)
(0.529826 0.105575 0)
(0.519695 0.17507 0)
(0.504562 0.242914 0)
(0.484572 0.30846 0)
(0.459909 0.371081 0)
(0.430803 0.43017 0)
(0.397527 0.485153 0)
(0.3604 0.535494 0)
(0.319776 0.5807 0)
(0.276045 0.620326 0)
(0.229627 0.653978 0)
(0.180971 0.68132 0)
(0.130549 0.702075 0)
(0.0788447 0.716026 0)
(0.0263766 0.723031 0)
(-0.0263766 0.723031 0)
(-0.0788447 0.716026 0)
(-0.130549 0.702075 0)
(-0.180971 0.68132 0)
(-0.229627 0.653978 0)
(-0.276045 0.620326 0)
(-0.319776 0.5807 0)
(-0.3604 0.535494 0)
(-0.397527 0.485153 0)
(-0.430803 0.43017 0)
(-0.459909 0.371081 0)
(-0.484572 0.30846 0)
(-0.504562 0.242914 0)
(-0.519695 0.17507 0)
(-0.529826 0.105575 0)
(-0.534858 0.0350861 0)
(-0.534768 -0.0357338 0)
(-0.529572 -0.10622 0)
(-0.519315 -0.175711 0)
(-0.504087 -0.243552 0)
(-0.484023 -0.309095 0)
(-0.459308 -0.371714 0)
(-0.43017 -0.430803 0)
(-0.396885 -0.485788 0)
(-0.359768 -0.536134 0)
(-0.319174 -0.581347 0)
(-0.275491 -0.62098 0)
(-0.22914 -0.654641 0)
(-0.180568 -0.681992 0)
(-0.130243 -0.702757 0)
(-0.0786537 -0.716723 0)
(-0.0263052 -0.723747 0)
(0.0263052 -0.723747 0)
(0.0786538 -0.716723 0)
(0.130243 -0.702757 0)
(0.180568 -0.681992 0)
(0.22914 -0.654641 0)
(0.275491 -0.62098 0)
(0.319174 -0.581347 0)
(0.359768 -0.536134 0)
(0.396885 -0.485788 0)
(0.43017 -0.430803 0)
(0.459308 -0.371714 0)
(0.484023 -0.309095 0)
(0.504087 -0.243552 0)
(0.519315 -0.175711 0)
(0.529572 -0.10622 0)
(0.534768 -0.0357338 0)
(0.461357 0.037478 0)
(0.45704 0.112723 0)
(0.448325 0.186912 0)
(0.435293 0.259346 0)
(0.418069 0.329335 0)
(0.396811 0.396205 0)
(0.371714 0.459308 0)
(0.343015 0.518029 0)
(0.310988 0.571796 0)
(0.27594 0.62008 0)
(0.238208 0.662405 0)
(0.198156 0.698351 0)
(0.15617 0.727559 0)
(0.112659 0.749731 0)
(0.0680396 0.764638 0)
(0.0227616 0.772126 0)
(-0.0227616 0.772126 0)
(-0.0680396 0.764638 0)
(-0.112659 0.749731 0)
(-0.15617 0.727559 0)
(-0.198156 0.698351 0)
(-0.238208 0.662405 0)
(-0.27594 0.62008 0)
(-0.310988 0.571796 0)
(-0.343015 0.518029 0)
(-0.371714 0.459308 0)
(-0.396811 0.396205 0)
(-0.418069 0.329335 0)
(-0.435293 0.259346 0)
(-0.448325 0.186912 0)
(-0.45704 0.112723 0)
(-0.461357 0.037478 0)
(-0.461263 -0.0381174 0)
(-0.456776 -0.113358 0)
(-0.447933 -0.187541 0)
(-0.434807 -0.259967 0)
(-0.417512 -0.329948 0)
(-0.396205 -0.396811 0)
(-0.371081 -0.459909 0)
(-0.342377 -0.518628 0)
(-0.310366 -0.572395 0)
(-0.275352 -0.620681 0)
(-0.237672 -0.663009 0)
(-0.197688 -0.69896 0)
(-0.155786 -0.728172 0)
(-0.112369 -0.75035 0)
(-0.0678609 -0.765267 0)
(-0.0226952 -0.772767 0)
(0.0226952 -0.772767 0)
(0.0678609 -0.765267 0)
(0.112369 -0.75035 0)
(0.155786 -0.728172 0)
(0.197688 -0.69896 0)
(0.237672 -0.663009 0)
(0.275352 -0.620681 0)
(0.310366 -0.572395 0)
(0.342377 -0.518628 0)
(0.371081 -0.459909 0)
(0.396205 -0.396811 0)
(0.417512 -0.329948 0)
(0.434807 -0.259967 0)
(0.447933 -0.187541 0)
(0.456776 -0.113358 0)
(0.461263 -0.0381174 0)
(0.383485 0.0395145 0)
(0.379926 0.118785 0)
(0.372708 0.196951 0)
(0.3619 0.273277 0)
(0.347604 0.347035 0)
(0.329948 0.417512 0)
(0.309095 0.484023 0)
(0.285243 0.54592 0)
(0.258619 0.602595 0)
(0.229479 0.653492 0)
(0.198104 0.698109 0)
(0.164797 0.736003 0)
(0.12988 0.766795 0)
(0.0936945 0.790172 0)
(0.0565862 0.80589 0)
(0.0189299 0.813787 0)
(-0.0189299 0.813787 0)
(-0.0565862 0.80589 0)
(-0.0936945 0.790172 0)
(-0.129881 0.766795 0)
(-0.164797 0.736003 0)
(-0.198104 0.698109 0)
(-0.229479 0.653492 0)
(-0.258619 0.602595 0)
(-0.285243 0.54592 0)
(-0.309095 0.484023 0)
(-0.329948 0.417512 0)
(-0.347604 0.347035 0)
(-0.3619 0.273277 0)
(-0.372708 0.196951 0)
(-0.379926 0.118785 0)
(-0.383485 0.0395145 0)
(-0.383385 -0.0401221 0)
(-0.379649 -0.119387 0)
(-0.372301 -0.197544 0)
(-0.3614 -0.273858 0)
(-0.347035 -0.347604 0)
(-0.329335 -0.418069 0)
(-0.30846 -0.484572 0)
(-0.284608 -0.546462 0)
(-0.258004 -0.603133 0)
(-0.228902 -0.654029 0)
(-0.197582 -0.698645 0)
(-0.164345 -0.736541 0)
(-0.129512 -0.767334 0)
(-0.0934194 -0.790712 0)
(-0.0564177 -0.806436 0)
(-0.0188677 -0.814342 0)
(0.0188677 -0.814342 0)
(0.0564177 -0.806436 0)
(0.0934194 -0.790712 0)
(0.129512 -0.767334 0)
(0.164345 -0.736541 0)
(0.197582 -0.698645 0)
(0.228902 -0.654029 0)
(0.258004 -0.603133 0)
(0.284608 -0.546462 0)
(0.30846 -0.484572 0)
(0.329335 -0.418069 0)
(0.347035 -0.347604 0)
(0.3614 -0.273858 0)
(0.372301 -0.197544 0)
(0.379649 -0.119387 0)
(0.383385 -0.040122 0)
(0.302006 0.0411785 0)
(0.299238 0.123708 0)
(0.293584 0.205097 0)
(0.285097 0.284581 0)
(0.273858 0.3614 0)
(0.259967 0.434807 0)
(0.243552 0.504087 0)
(0.224768 0.568563 0)
(0.203796 0.627601 0)
(0.180839 0.680621 0)
(0.156117 0.7271 0)
(0.129872 0.766577 0)
(0.102356 0.798655 0)
(0.0738391 0.82301 0)
(0.0445945 0.839387 0)
(0.0149183 0.847617 0)
(-0.0149183 0.847617 0)
(-0.0445945 0.839387 0)
(-0.0738391 0.82301 0)
(-0.102356 0.798655 0)
(-0.129872 0.766577 0)
(-0.156117 0.7271 0)
(-0.180839 0.680621 0)
(-0.203796 0.627601 0)
(-0.224768 0.568563 0)
(-0.243552 0.504087 0)
(-0.259967 0.434807 0)
(-0.273858 0.3614 0)
(-0.285097 0.284581 0)
(-0.293584 0.205097 0)
(-0.299238 0.123708 0)
(-0.302006 0.0411785 0)
(-0.301899 -0.0417268 0)
(-0.298945 -0.124249 0)
(-0.293159 -0.205627 0)
(-0.284581 -0.285097 0)
(-0.273277 -0.3619 0)
(-0.259346 -0.435293 0)
(-0.242914 -0.504562 0)
(-0.224134 -0.569029 0)
(-0.203187 -0.628061 0)
(-0.180271 -0.681077 0)
(-0.155607 -0.727553 0)
(-0.129433 -0.767028 0)
(-0.102001 -0.799106 0)
(-0.0735754 -0.82346 0)
(-0.0444342 -0.83984 0)
(-0.0148597 -0.848075 0)
(0.0148597 -0.848075 0)
(0.0444342 -0.83984 0)
(0.0735754 -0.82346 0)
(0.102001 -0.799106 0)
(0.129433 -0.767028 0)
(0.155607 -0.727553 0)
(0.180271 -0.681077 0)
(0.203187 -0.628061 0)
(0.224134 -0.569029 0)
(0.242914 -0.504562 0)
(0.259346 -0.435293 0)
(0.273277 -0.3619 0)
(0.284581 -0.285097 0)
(0.293159 -0.205627 0)
(0.298945 -0.124249 0)
(0.301899 -0.0417268 0)
(0.217716 0.042458 0)
(0.215765 0.12745 0)
(0.21172 0.211279 0)
(0.205627 0.293159 0)
(0.197544 0.372301 0)
(0.187541 0.447933 0)
(0.175711 0.519315 0)
(0.162169 0.585749 0)
(0.147045 0.646581 0)
(0.130485 0.701213 0)
(0.11265 0.749105 0)
(0.093714 0.789782 0)
(0.0738597 0.822837 0)
(0.0532827 0.847933 0)
(0.0321794 0.86481 0)
(0.0107652 0.873293 0)
(-0.0107652 0.873293 0)
(-0.0321794 0.86481 0)
(-0.0532827 0.847933 0)
(-0.0738598 0.822837 0)
(-0.093714 0.789782 0)
(-0.11265 0.749105 0)
(-0.130485 0.701212 0)
(-0.147045 0.646581 0)
(-0.162169 0.585749 0)
(-0.175711 0.519315 0)
(-0.187541 0.447933 0)
(-0.197544 0.372301 0)
(-0.205627 0.293159 0)
(-0.21172 0.211279 0)
(-0.215765 0.12745 0)
(-0.217716 0.042458 0)
(-0.217599 -0.0429161 0)
(-0.215453 -0.127901 0)
(-0.211279 -0.21172 0)
(-0.205097 -0.293584 0)
(-0.196951 -0.372708 0)
(-0.186912 -0.448325 0)
(-0.17507 -0.519695 0)
(-0.161536 -0.586119 0)
(-0.146439 -0.646944 0)
(-0.129923 -0.70157 0)
(-0.112148 -0.749459 0)
(-0.0932842 -0.790133 0)
(-0.073514 -0.823186 0)
(-0.0530275 -0.848281 0)
(-0.0320252 -0.865158 0)
(-0.0107094 -0.873643 0)
(0.0107095 -0.873643 0)
(0.0320252 -0.865158 0)
(0.0530275 -0.848281 0)
(0.073514 -0.823186 0)
(0.0932843 -0.790133 0)
(0.112148 -0.749459 0)
(0.129923 -0.70157 0)
(0.146439 -0.646944 0)
(0.161536 -0.586119 0)
(0.17507 -0.519695 0)
(0.186912 -0.448325 0)
(0.196951 -0.372708 0)
(0.205097 -0.293584 0)
(0.211279 -0.21172 0)
(0.215453 -0.127901 0)
(0.217599 -0.042916 0)
(0.131434 0.0433427 0)
(0.130308 0.129983 0)
(0.127901 0.215453 0)
(0.124249 0.298945 0)
(0.119387 0.379649 0)
(0.113358 0.456776 0)
(0.10622 0.529572 0)
(0.0980427 0.597322 0)
(0.0889058 0.65936 0)
(0.0788981 0.715074 0)
(0.0681174 0.763916 0)
(0.056669 0.8054 0)
(0.044664 0.839111 0)
(0.0322217 0.864706 0)
(0.0194596 0.881919 0)
(0.00651038 0.890571 0)
(-0.00651039 0.890571 0)
(-0.0194596 0.881919 0)
(-0.0322217 0.864706 0)
(-0.0446641 0.839111 0)
(-0.056669 0.8054 0)
(-0.0681174 0.763916 0)
(-0.0788981 0.715074 0)
(-0.0889058 0.65936 0)
(-0.0980427 0.597322 0)
(-0.10622 0.529572 0)
(-0.113358 0.456776 0)
(-0.119387 0.379649 0)
(-0.124249 0.298945 0)
(-0.127901 0.215453 0)
(-0.130308 0.129983 0)
(-0.131434 0.0433427 0)
(-0.131309 -0.0436788 0)
(-0.129983 -0.130308 0)
(-0.12745 -0.215765 0)
(-0.123708 -0.299239 0)
(-0.118785 -0.379926 0)
(-0.112723 -0.45704 0)
(-0.105575 -0.529826 0)
(-0.0974087 -0.597568 0)
(-0.0883015 -0.659599 0)
(-0.0783402 -0.71531 0)
(-0.0676205 -0.764148 0)
(-0.0562453 -0.80563 0)
(-0.0443245 -0.839339 0)
(-0.0319718 -0.864932 0)
(-0.0193093 -0.882145 0)
(-0.00645658 -0.890798 0)
(0.00645659 -0.890798 0)
(0.0193093 -0.882145 0)
(0.0319718 -0.864932 0)
(0.0443246 -0.839339 0)
(0.0562453 -0.80563 0)
(0.0676205 -0.764148 0)
(0.0783402 -0.71531 0)
(0.0883015 -0.659599 0)
(0.0974087 -0.597568 0)
(0.105575 -0.529826 0)
(0.112723 -0.45704 0)
(0.118785 -0.379926 0)
(0.123708 -0.299238 0)
(0.12745 -0.215765 0)
(0.129983 -0.130308 0)
(0.131309 -0.0436788 0)
(0.043984 0.043851 0)
(0.0436788 0.131309 0)
(0.042916 0.217599 0)
(0.0417268 0.301899 0)
(0.0401221 0.383385 0)
(0.0381174 0.461263 0)
(0.0357338 0.534768 0)
(0.0329955 0.603178 0)
(0.02993 0.665821 0)
(0.0265678 0.722079 0)
(0.0229422 0.771397 0)
(0.0190895 0.813286 0)
(0.015047 0.847327 0)
(0.0108567 0.873172 0)
(0.00655631 0.890554 0)
(0.00219443 0.899291 0)
(-0.00219444 0.899291 0)
(-0.00655631 0.890554 0)
(-0.0108567 0.873172 0)
(-0.015047 0.847327 0)
(-0.0190895 0.813286 0)
(-0.0229422 0.771397 0)
(-0.0265678 0.722079 0)
(-0.02993 0.665821 0)
(-0.0329955 0.603178 0)
(-0.0357338 0.534768 0)
(-0.0381174 0.461263 0)
(-0.0401221 0.383385 0)
(-0.0417268 0.301899 0)
(-0.042916 0.217599 0)
(-0.0436788 0.131309 0)
(-0.043984 0.0438509 0)
(-0.043851 -0.0439841 0)
(-0.0433427 -0.131434 0)
(-0.042458 -0.217716 0)
(-0.0411785 -0.302006 0)
(-0.0395145 -0.383485 0)
(-0.037478 -0.461357 0)
(-0.0350861 -0.534858 0)
(-0.0323603 -0.603265 0)
(-0.0293259 -0.665906 0)
(-0.0260111 -0.722162 0)
(-0.0224475 -0.77148 0)
(-0.0186683 -0.813368 0)
(-0.0147103 -0.847408 0)
(-0.0106093 -0.873252 0)
(-0.00640777 -0.890634 0)
(-0.0021416 -0.899371 0)
(0.00214161 -0.899371 0)
(0.00640777 -0.890634 0)
(0.0106093 -0.873252 0)
(0.0147103 -0.847408 0)
(0.0186683 -0.813368 0)
(0.0224475 -0.77148 0)
(0.0260111 -0.722162 0)
(0.0293259 -0.665906 0)
(0.0323604 -0.603265 0)
(0.0350861 -0.534858 0)
(0.037478 -0.461357 0)
(0.0395145 -0.383485 0)
(0.0411785 -0.302006 0)
(0.042458 -0.217716 0)
(0.0433427 -0.131434 0)
(0.043851 -0.043984 0)
(-0.043851 0.0439841 0)
(-0.0433427 0.131434 0)
(-0.042458 0.217716 0)
(-0.0411785 0.302006 0)
(-0.0395145 0.383485 0)
(-0.037478 0.461357 0)
(-0.0350861 0.534858 0)
(-0.0323604 0.603265 0)
(-0.0293259 0.665906 0)
(-0.0260111 0.722162 0)
(-0.0224475 0.77148 0)
(-0.0186683 0.813368 0)
(-0.0147103 0.847408 0)
(-0.0106093 0.873252 0)
(-0.00640778 0.890634 0)
(-0.00214161 0.899371 0)
(0.0021416 0.899371 0)
(0.00640777 0.890634 0)
(0.0106093 0.873252 0)
(0.0147103 0.847408 0)
(0.0186683 0.813368 0)
(0.0224475 0.77148 0)
(0.0260111 0.722162 0)
(0.0293259 0.665906 0)
(0.0323604 0.603265 0)
(0.0350861 0.534858 0)
(0.037478 0.461357 0)
(0.0395145 0.383485 0)
(0.0411785 0.302006 0)
(0.042458 0.217716 0)
(0.0433427 0.131434 0)
(0.043851 0.043984 0)
(0.0439841 -0.043851 0)
(0.0436788 -0.131309 0)
(0.0429161 -0.217599 0)
(0.0417268 -0.301899 0)
(0.0401221 -0.383385 0)
(0.0381174 -0.461263 0)
(0.0357338 -0.534768 0)
(0.0329955 -0.603178 0)
(0.02993 -0.665821 0)
(0.0265678 -0.722079 0)
(0.0229422 -0.771397 0)
(0.0190895 -0.813286 0)
(0.015047 -0.847327 0)
(0.0108567 -0.873172 0)
(0.00655631 -0.890554 0)
(0.00219444 -0.899291 0)
(-0.00219444 -0.899291 0)
(-0.00655631 -0.890554 0)
(-0.0108567 -0.873172 0)
(-0.015047 -0.847327 0)
(-0.0190895 -0.813286 0)
(-0.0229422 -0.771397 0)
(-0.0265678 -0.722079 0)
(-0.02993 -0.665821 0)
(-0.0329955 -0.603178 0)
(-0.0357338 -0.534768 0)
(-0.0381174 -0.461263 0)
(-0.0401221 -0.383385 0)
(-0.0417268 -0.301899 0)
(-0.0429161 -0.217599 0)
(-0.0436788 -0.131309 0)
(-0.0439841 -0.0438509 0)
(-0.131309 0.0436788 0)
(-0.129983 0.130308 0)
(-0.12745 0.215765 0)
(-0.123708 0.299239 0)
(-0.118785 0.379926 0)
(-0.112723 0.45704 0)
(-0.105575 0.529826 0)
(-0.0974087 0.597568 0)
(-0.0883015 0.659599 0)
(-0.0783402 0.71531 0)
(-0.0676206 0.764148 0)
(-0.0562453 0.80563 0)
(-0.0443246 0.839339 0)
(-0.0319718 0.864932 0)
(-0.0193093 0.882145 0)
(-0.00645659 0.890798 0)
(0.00645658 0.890798 0)
(0.0193093 0.882145 0)
(0.0319718 0.864932 0)
(0.0443246 0.839339 0)
(0.0562453 0.80563 0)
(0.0676206 0.764148 0)
(0.0783402 0.71531 0)
(0.0883015 0.659599 0)
(0.0974087 0.597568 0)
(0.105575 0.529826 0)
(0.112723 0.45704 0)
(0.118785 0.379926 0)
(0.123708 0.299238 0)
(0.12745 0.215765 0)
(0.129983 0.130308 0)
(0.131309 0.0436788 0)
(0.131434 -0.0433427 0)
(0.130308 -0.129983 0)
(0.127901 -0.215453 0)
(0.124249 -0.298945 0)
(0.119387 -0.379649 0)
(0.113358 -0.456776 0)
(0.10622 -0.529572 0)
(0.0980427 -0.597322 0)
(0.0889058 -0.65936 0)
(0.0788981 -0.715074 0)
(0.0681174 -0.763916 0)
(0.056669 -0.8054 0)
(0.0446641 -0.839111 0)
(0.0322217 -0.864706 0)
(0.0194596 -0.881919 0)
(0.00651039 -0.890571 0)
(-0.00651039 -0.890571 0)
(-0.0194596 -0.881919 0)
(-0.0322217 -0.864706 0)
(-0.0446641 -0.839111 0)
(-0.056669 -0.8054 0)
(-0.0681174 -0.763916 0)
(-0.0788982 -0.715074 0)
(-0.0889058 -0.65936 0)
(-0.0980427 -0.597322 0)
(-0.10622 -0.529572 0)
(-0.113358 -0.456776 0)
(-0.119387 -0.379649 0)
(-0.124249 -0.298945 0)
(-0.127901 -0.215453 0)
(-0.130308 -0.129983 0)
(-0.131434 -0.0433427 0)
(-0.217599 0.0429161 0)
(-0.215453 0.127901 0)
(-0.211279 0.21172 0)
(-0.205097 0.293584 0)
(-0.196951 0.372708 0)
(-0.186912 0.448325 0)
(-0.17507 0.519695 0)
(-0.161536 0.586119 0)
(-0.146439 0.646944 0)
(-0.129923 0.70157 0)
(-0.112148 0.749459 0)
(-0.0932843 0.790133 0)
(-0.073514 0.823186 0)
(-0.0530275 0.848281 0)
(-0.0320252 0.865158 0)
(-0.0107095 0.873643 0)
(0.0107094 0.873643 0)
(0.0320252 0.865158 0)
(0.0530275 0.848281 0)
(0.073514 0.823186 0)
(0.0932843 0.790133 0)
(0.112148 0.749459 0)
(0.129923 0.70157 0)
(0.146439 0.646944 0)
(0.161536 0.586119 0)
(0.17507 0.519695 0)
(0.186912 0.448325 0)
(0.196951 0.372708 0)
(0.205097 0.293584 0)
(0.211279 0.21172 0)
(0.215453 0.127901 0)
(0.217599 0.042916 0)
(0.217716 -0.042458 0)
(0.215765 -0.12745 0)
(0.21172 -0.211279 0)
(0.205627 -0.293159 0)
(0.197544 -0.372301 0)
(0.187541 -0.447933 0)
(0.175711 -0.519315 0)
(0.162169 -0.585749 0)
(0.147045 -0.646581 0)
(0.130485 -0.701212 0)
(0.11265 -0.749105 0)
(0.093714 -0.789782 0)
(0.0738597 -0.822837 0)
(0.0532827 -0.847933 0)
(0.0321794 -0.86481 0)
(0.0107652 -0.873293 0)
(-0.0107652 -0.873293 0)
(-0.0321794 -0.86481 0)
(-0.0532827 -0.847933 0)
(-0.0738598 -0.822837 0)
(-0.093714 -0.789782 0)
(-0.11265 -0.749105 0)
(-0.130485 -0.701212 0)
(-0.147045 -0.646581 0)
(-0.162169 -0.585749 0)
(-0.175711 -0.519315 0)
(-0.187541 -0.447933 0)
(-0.197544 -0.372301 0)
(-0.205627 -0.293159 0)
(-0.21172 -0.211279 0)
(-0.215765 -0.12745 0)
(-0.217716 -0.042458 0)
(-0.301899 0.0417268 0)
(-0.298945 0.124249 0)
(-0.293159 0.205627 0)
(-0.284581 0.285097 0)
(-0.273277 0.3619 0)
(-0.259346 0.435293 0)
(-0.242914 0.504562 0)
(-0.224134 0.569029 0)
(-0.203187 0.628061 0)
(-0.180271 0.681077 0)
(-0.155607 0.727553 0)
(-0.129433 0.767028 0)
(-0.102001 0.799106 0)
(-0.0735754 0.82346 0)
(-0.0444342 0.83984 0)
(-0.0148597 0.848075 0)
(0.0148597 0.848075 0)
(0.0444342 0.83984 0)
(0.0735754 0.82346 0)
(0.102001 0.799106 0)
(0.129433 0.767028 0)
(0.155607 0.727553 0)
(0.180271 0.681077 0)
(0.203187 0.628061 0)
(0.224134 0.569029 0)
(0.242914 0.504562 0)
(0.259346 0.435293 0)
(0.273277 0.3619 0)
(0.284581 0.285097 0)
(0.293159 0.205627 0)
(0.298945 0.124249 0)
(0.301899 0.0417268 0)
(0.302006 -0.0411785 0)
(0.299239 -0.123708 0)
(0.293584 -0.205097 0)
(0.285097 -0.284581 0)
(0.273858 -0.3614 0)
(0.259967 -0.434807 0)
(0.243552 -0.504087 0)
(0.224768 -0.568563 0)
(0.203796 -0.627601 0)
(0.180839 -0.680621 0)
(0.156117 -0.7271 0)
(0.129872 -0.766577 0)
(0.102356 -0.798655 0)
(0.0738391 -0.82301 0)
(0.0445945 -0.839387 0)
(0.0149183 -0.847617 0)
(-0.0149183 -0.847617 0)
(-0.0445945 -0.839387 0)
(-0.0738391 -0.82301 0)
(-0.102356 -0.798655 0)
(-0.129872 -0.766577 0)
(-0.156117 -0.7271 0)
(-0.180839 -0.680621 0)
(-0.203796 -0.627601 0)
(-0.224768 -0.568563 0)
(-0.243552 -0.504087 0)
(-0.259967 -0.434807 0)
(-0.273858 -0.3614 0)
(-0.285097 -0.284581 0)
(-0.293584 -0.205097 0)
(-0.299239 -0.123708 0)
(-0.302006 -0.0411785 0)
(-0.383385 0.0401221 0)
(-0.379649 0.119387 0)
(-0.372301 0.197544 0)
(-0.3614 0.273858 0)
(-0.347035 0.347604 0)
(-0.329335 0.418069 0)
(-0.30846 0.484572 0)
(-0.284608 0.546462 0)
(-0.258004 0.603133 0)
(-0.228902 0.654029 0)
(-0.197582 0.698645 0)
(-0.164345 0.736541 0)
(-0.129512 0.767334 0)
(-0.0934194 0.790712 0)
(-0.0564177 0.806436 0)
(-0.0188677 0.814342 0)
(0.0188677 0.814342 0)
(0.0564177 0.806436 0)
(0.0934194 0.790712 0)
(0.129512 0.767334 0)
(0.164345 0.736541 0)
(0.197582 0.698645 0)
(0.228902 0.654028 0)
(0.258004 0.603133 0)
(0.284608 0.546462 0)
(0.30846 0.484572 0)
(0.329335 0.418069 0)
(0.347035 0.347604 0)
(0.3614 0.273858 0)
(0.372301 0.197544 0)
(0.379649 0.119387 0)
(0.383385 0.040122 0)
(0.383485 -0.0395145 0)
(0.379926 -0.118785 0)
(0.372708 -0.196951 0)
(0.3619 -0.273277 0)
(0.347604 -0.347035 0)
(0.329948 -0.417512 0)
(0.309095 -0.484023 0)
(0.285243 -0.54592 0)
(0.258619 -0.602595 0)
(0.229479 -0.653492 0)
(0.198104 -0.698109 0)
(0.164797 -0.736003 0)
(0.12988 -0.766795 0)
(0.0936945 -0.790172 0)
(0.0565862 -0.80589 0)
(0.0189299 -0.813787 0)
(-0.0189299 -0.813787 0)
(-0.0565862 -0.80589 0)
(-0.0936945 -0.790172 0)
(-0.129881 -0.766795 0)
(-0.164797 -0.736003 0)
(-0.198104 -0.698109 0)
(-0.229479 -0.653492 0)
(-0.258619 -0.602595 0)
(-0.285243 -0.54592 0)
(-0.309095 -0.484023 0)
(-0.329948 -0.417512 0)
(-0.347604 -0.347035 0)
(-0.3619 -0.273277 0)
(-0.372708 -0.196951 0)
(-0.379926 -0.118785 0)
(-0.383485 -0.0395145 0)
(-0.461263 0.0381174 0)
(-0.456776 0.113358 0)
(-0.447933 0.187541 0)
(-0.434807 0.259967 0)
(-0.417512 0.329948 0)
(-0.396205 0.396811 0)
(-0.371081 0.459909 0)
(-0.342377 0.518628 0)
(-0.310366 0.572395 0)
(-0.275352 0.620681 0)
(-0.237672 0.663009 0)
(-0.197688 0.69896 0)
(-0.155786 0.728172 0)
(-0.112369 0.75035 0)
(-0.0678609 0.765267 0)
(-0.0226952 0.772767 0)
(0.0226952 0.772767 0)
(0.0678609 0.765267 0)
(0.112369 0.75035 0)
(0.155786 0.728172 0)
(0.197688 0.69896 0)
(0.237672 0.663009 0)
(0.275352 0.620681 0)
(0.310366 0.572395 0)
(0.342377 0.518628 0)
(0.371081 0.459909 0)
(0.396205 0.396811 0)
(0.417512 0.329948 0)
(0.434807 0.259967 0)
(0.447933 0.187541 0)
(0.456776 0.113358 0)
(0.461263 0.0381174 0)
(0.461357 -0.037478 0)
(0.45704 -0.112723 0)
(0.448325 -0.186912 0)
(0.435293 -0.259346 0)
(0.418069 -0.329335 0)
(0.396811 -0.396205 0)
(0.371714 -0.459308 0)
(0.343015 -0.518029 0)
(0.310988 -0.571796 0)
(0.27594 -0.62008 0)
(0.238208 -0.662405 0)
(0.198156 -0.698351 0)
(0.15617 -0.727559 0)
(0.112659 -0.749731 0)
(0.0680396 -0.764638 0)
(0.0227616 -0.772126 0)
(-0.0227616 -0.772126 0)
(-0.0680396 -0.764638 0)
(-0.112659 -0.749731 0)
(-0.15617 -0.727559 0)
(-0.198156 -0.698351 0)
(-0.238208 -0.662405 0)
(-0.27594 -0.62008 0)
(-0.310988 -0.571796 0)
(-0.343015 -0.518029 0)
(-0.371714 -0.459308 0)
(-0.396811 -0.396205 0)
(-0.418069 -0.329335 0)
(-0.435293 -0.259346 0)
(-0.448325 -0.186912 0)
(-0.45704 -0.112723 0)
(-0.461357 -0.037478 0)
(-0.534768 0.0357338 0)
(-0.529572 0.10622 0)
(-0.519315 0.175711 0)
(-0.504087 0.243552 0)
(-0.484023 0.309095 0)
(-0.459308 0.371714 0)
(-0.43017 0.430803 0)
(-0.396885 0.485788 0)
(-0.359768 0.536134 0)
(-0.319174 0.581347 0)
(-0.275491 0.62098 0)
(-0.22914 0.654641 0)
(-0.180568 0.681992 0)
(-0.130243 0.702757 0)
(-0.0786537 0.716723 0)
(-0.0263052 0.723747 0)
(0.0263052 0.723747 0)
(0.0786537 0.716723 0)
(0.130243 0.702757 0)
(0.180568 0.681992 0)
(0.22914 0.654641 0)
(0.275491 0.62098 0)
(0.319174 0.581347 0)
(0.359768 0.536134 0)
(0.396885 0.485788 0)
(0.43017 0.430803 0)
(0.459308 0.371714 0)
(0.484023 0.309095 0)
(0.504087 0.243552 0)
(0.519315 0.175711 0)
(0.529572 0.10622 0)
(0.534768 0.0357338 0)
(0.534858 -0.0350861 0)
(0.529826 -0.105575 0)
(0.519695 -0.17507 0)
(0.504562 -0.242914 0)
(0.484572 -0.30846 0)
(0.459909 -0.371081 0)
(0.430803 -0.43017 0)
(0.397527 -0.485153 0)
(0.3604 -0.535494 0)
(0.319776 -0.5807 0)
(0.276045 -0.620326 0)
(0.229627 -0.653978 0)
(0.180971 -0.68132 0)
(0.130549 -0.702075 0)
(0.0788447 -0.716026 0)
(0.0263766 -0.723031 0)
(-0.0263766 -0.723031 0)
(-0.0788447 -0.716026 0)
(-0.130549 -0.702075 0)
(-0.180971 -0.68132 0)
(-0.229627 -0.653978 0)
(-0.276045 -0.620326 0)
(-0.319776 -0.5807 0)
(-0.3604 -0.535494 0)
(-0.397527 -0.485153 0)
(-0.430803 -0.43017 0)
(-0.459909 -0.371081 0)
(-0.484572 -0.30846 0)
(-0.504562 -0.242913 0)
(-0.519695 -0.17507 0)
(-0.529826 -0.105575 0)
(-0.534858 -0.0350861 0)
(-0.603178 0.0329955 0)
(-0.597322 0.0980427 0)
(-0.585749 0.162169 0)
(-0.568563 0.224768 0)
(-0.54592 0.285243 0)
(-0.518029 0.343015 0)
(-0.485153 0.397527 0)
(-0.447602 0.448252 0)
(-0.405731 0.494694 0)
(-0.359942 0.5364 0)
(-0.310673 0.572959 0)
(-0.258398 0.604007 0)
(-0.203619 0.629234 0)
(-0.146867 0.648387 0)
(-0.0886919 0.661269 0)
(-0.0296629 0.667747 0)
(0.0296629 0.667747 0)
(0.0886919 0.661269 0)
(0.146867 0.648387 0)
(0.203619 0.629234 0)
(0.258398 0.604007 0)
(0.310673 0.572959 0)
(0.359942 0.5364 0)
(0.405731 0.494694 0)
(0.447602 0.448252 0)
(0.485153 0.397527 0)
(0.518029 0.343015 0)
(0.54592 0.285243 0)
(0.568563 0.224768 0)
(0.585749 0.162169 0)
(0.597322 0.0980427 0)
(0.603178 0.0329955 0)
(0.603265 -0.0323604 0)
(0.597568 -0.0974087 0)
(0.586119 -0.161536 0)
(0.569029 -0.224134 0)
(0.546462 -0.284608 0)
(0.518628 -0.342377 0)
(0.485788 -0.396885 0)
(0.448252 -0.447602 0)
(0.406376 -0.494034 0)
(0.360562 -0.535728 0)
(0.311247 -0.572273 0)
(0.258907 -0.603307 0)
(0.204045 -0.628521 0)
(0.147193 -0.647657 0)
(0.0888973 -0.660519 0)
(0.0297401 -0.666973 0)
(-0.0297401 -0.666973 0)
(-0.0888973 -0.660519 0)
(-0.147193 -0.647657 0)
(-0.204045 -0.628521 0)
(-0.258907 -0.603307 0)
(-0.311247 -0.572273 0)
(-0.360562 -0.535728 0)
(-0.406376 -0.494034 0)
(-0.448252 -0.447601 0)
(-0.485788 -0.396885 0)
(-0.518628 -0.342377 0)
(-0.546462 -0.284608 0)
(-0.569029 -0.224134 0)
(-0.586119 -0.161536 0)
(-0.597568 -0.0974087 0)
(-0.603265 -0.0323603 0)
(-0.665821 0.02993 0)
(-0.65936 0.0889058 0)
(-0.646581 0.147045 0)
(-0.627601 0.203796 0)
(-0.602595 0.258619 0)
(-0.571796 0.310988 0)
(-0.535494 0.3604 0)
(-0.494034 0.406376 0)
(-0.44781 0.44847 0)
(-0.397263 0.486269 0)
(-0.342877 0.519401 0)
(-0.285177 0.547539 0)
(-0.224717 0.570402 0)
(-0.162082 0.587759 0)
(-0.0978779 0.599433 0)
(-0.0327357 0.605305 0)
(0.0327357 0.605305 0)
(0.0978779 0.599433 0)
(0.162082 0.587759 0)
(0.224717 0.570402 0)
(0.285177 0.547539 0)
(0.342877 0.519401 0)
(0.397263 0.486269 0)
(0.44781 0.44847 0)
(0.494034 0.406376 0)
(0.535494 0.3604 0)
(0.571796 0.310988 0)
(0.602595 0.258619 0)
(0.627601 0.203796 0)
(0.646581 0.147045 0)
(0.65936 0.0889058 0)
(0.665821 0.02993 0)
(0.665906 -0.0293259 0)
(0.659599 -0.0883015 0)
(0.646944 -0.146439 0)
(0.628061 -0.203187 0)
(0.603133 -0.258004 0)
(0.572395 -0.310366 0)
(0.536134 -0.359768 0)
(0.494694 -0.405731 0)
(0.44847 -0.44781 0)
(0.397902 -0.485592 0)
(0.343475 -0.518705 0)
(0.285712 -0.546824 0)
(0.225168 -0.569666 0)
(0.162431 -0.587001 0)
(0.0981001 -0.598648 0)
(0.0328195 -0.60449 0)
(-0.0328195 -0.60449 0)
(-0.0981002 -0.598648 0)
(-0.162431 -0.587001 0)
(-0.225168 -0.569666 0)
(-0.285712 -0.546824 0)
(-0.343475 -0.518705 0)
(-0.397902 -0.485592 0)
(-0.44847 -0.44781 0)
(-0.494694 -0.405731 0)
(-0.536134 -0.359768 0)
(-0.572395 -0.310366 0)
(-0.603133 -0.258004 0)
(-0.628061 -0.203187 0)
(-0.646944 -0.146439 0)
(-0.659599 -0.0883015 0)
(-0.665906 -0.0293259 0)
(-0.722079 0.0265678 0)
(-0.715074 0.0788982 0)
(-0.701213 0.130485 0)
(-0.680621 0.180839 0)
(-0.653492 0.229479 0)
(-0.62008 0.27594 0)
(-0.5807 0.319776 0)
(-0.535728 0.360562 0)
(-0.485592 0.397902 0)
(-0.43077 0.431431 0)
(-0.371789 0.46082 0)
(-0.309216 0.485779 0)
(-0.243655 0.506058 0)
(-0.175737 0.521453 0)
(-0.106122 0.531809 0)
(-0.0354934 0.537017 0)
(0.0354934 0.537017 0)
(0.106122 0.531809 0)
(0.175737 0.521453 0)
(0.243655 0.506058 0)
(0.309216 0.485779 0)
(0.371789 0.46082 0)
(0.43077 0.431431 0)
(0.485592 0.397902 0)
(0.535728 0.360562 0)
(0.5807 0.319776 0)
(0.62008 0.27594 0)
(0.653492 0.229479 0)
(0.680621 0.180839 0)
(0.701213 0.130485 0)
(0.715074 0.0788981 0)
(0.722079 0.0265678 0)
(0.722162 -0.0260111 0)
(0.71531 -0.0783402 0)
(0.70157 -0.129923 0)
(0.681077 -0.180271 0)
(0.654029 -0.228902 0)
(0.620681 -0.275352 0)
(0.581347 -0.319174 0)
(0.5364 -0.359942 0)
(0.486269 -0.397263 0)
(0.431431 -0.43077 0)
(0.372413 -0.460135 0)
(0.30978 -0.485068 0)
(0.244135 -0.505321 0)
(0.176112 -0.520687 0)
(0.106364 -0.531009 0)
(0.0355849 -0.536183 0)
(-0.0355849 -0.536183 0)
(-0.106364 -0.531009 0)
(-0.176112 -0.520687 0)
(-0.244135 -0.505321 0)
(-0.30978 -0.485068 0)
(-0.372413 -0.460135 0)
(-0.431431 -0.43077 0)
(-0.486269 -0.397263 0)
(-0.5364 -0.359942 0)
(-0.581347 -0.319173 0)
(-0.620681 -0.275352 0)
(-0.654029 -0.228902 0)
(-0.681077 -0.180271 0)
(-0.70157 -0.129923 0)
(-0.71531 -0.0783402 0)
(-0.722162 -0.0260111 0)
(-0.771397 0.0229422 0)
(-0.763916 0.0681174 0)
(-0.749105 0.11265 0)
(-0.7271 0.156117 0)
(-0.698109 0.198104 0)
(-0.662405 0.238208 0)
(-0.620326 0.276045 0)
(-0.572273 0.311247 0)
(-0.518705 0.343475 0)
(-0.460135 0.372413 0)
(-0.397125 0.397777 0)
(-0.33028 0.419317 0)
(-0.260247 0.436818 0)
(-0.1877 0.450104 0)
(-0.113344 0.459042 0)
(-0.037909 0.463538 0)
(0.037909 0.463538 0)
(0.113344 0.459042 0)
(0.1877 0.450104 0)
(0.260247 0.436818 0)
(0.33028 0.419317 0)
(0.397125 0.397777 0)
(0.460135 0.372413 0)
(0.518705 0.343475 0)
(0.572273 0.311247 0)
(0.620326 0.276045 0)
(0.662405 0.238208 0)
(0.698109 0.198104 0)
(0.7271 0.156117 0)
(0.749105 0.11265 0)
(0.763916 0.0681174 0)
(0.771397 0.0229422 0)
(0.77148 -0.0224475 0)
(0.764148 -0.0676206 0)
(0.749459 -0.112148 0)
(0.727553 -0.155607 0)
(0.698645 -0.197582 0)
(0.663009 -0.237672 0)
(0.62098 -0.275491 0)
(0.572959 -0.310673 0)
(0.519401 -0.342877 0)
(0.46082 -0.371789 0)
(0.397777 -0.397125 0)
(0.330875 -0.418634 0)
(0.260759 -0.436103 0)
(0.188104 -0.449355 0)
(0.113608 -0.458253 0)
(0.0380094 -0.462709 0)
(-0.0380095 -0.462709 0)
(-0.113608 -0.458253 0)
(-0.188104 -0.449355 0)
(-0.260759 -0.436103 0)
(-0.330875 -0.418634 0)
(-0.397777 -0.397125 0)
(-0.46082 -0.371789 0)
(-0.519401 -0.342877 0)
(-0.572959 -0.310673 0)
(-0.62098 -0.275491 0)
(-0.663009 -0.237672 0)
(-0.698646 -0.197582 0)
(-0.727553 -0.155607 0)
(-0.749459 -0.112148 0)
(-0.764148 -0.0676205 0)
(-0.77148 -0.0224475 0)
(-0.813286 0.0190895 0)
(-0.8054 0.056669 0)
(-0.789782 0.093714 0)
(-0.766577 0.129872 0)
(-0.736003 0.164797 0)
(-0.698351 0.198156 0)
(-0.653978 0.229627 0)
(-0.603307 0.258907 0)
(-0.546824 0.285712 0)
(-0.485068 0.30978 0)
(-0.418634 0.330875 0)
(-0.348161 0.34879 0)
(-0.274329 0.363346 0)
(-0.197851 0.374397 0)
(-0.119471 0.381832 0)
(-0.0399582 0.385572 0)
(0.0399583 0.385572 0)
(0.119471 0.381832 0)
(0.197851 0.374397 0)
(0.274329 0.363346 0)
(0.348161 0.34879 0)
(0.418634 0.330875 0)
(0.485068 0.30978 0)
(0.546824 0.285712 0)
(0.603307 0.258907 0)
(0.653978 0.229627 0)
(0.698351 0.198156 0)
(0.736003 0.164797 0)
(0.766577 0.129872 0)
(0.789782 0.093714 0)
(0.8054 0.056669 0)
(0.813286 0.0190895 0)
(0.813368 -0.0186683 0)
(0.80563 -0.0562453 0)
(0.790133 -0.0932843 0)
(0.767028 -0.129433 0)
(0.736541 -0.164345 0)
(0.69896 -0.197688 0)
(0.654641 -0.22914 0)
(0.604007 -0.258398 0)
(0.547539 -0.285177 0)
(0.485779 -0.309216 0)
(0.419317 -0.33028 0)
(0.34879 -0.348161 0)
(0.274877 -0.362681 0)
(0.198289 -0.373692 0)
(0.11976 -0.381082 0)
(0.0400692 -0.384778 0)
(-0.0400692 -0.384778 0)
(-0.11976 -0.381082 0)
(-0.198289 -0.373692 0)
(-0.274877 -0.362681 0)
(-0.34879 -0.348161 0)
(-0.419317 -0.33028 0)
(-0.485779 -0.309216 0)
(-0.547539 -0.285177 0)
(-0.604007 -0.258398 0)
(-0.654641 -0.22914 0)
(-0.69896 -0.197688 0)
(-0.736541 -0.164345 0)
(-0.767028 -0.129433 0)
(-0.790133 -0.0932842 0)
(-0.80563 -0.0562453 0)
(-0.813368 -0.0186683 0)
(-0.847327 0.015047 0)
(-0.839111 0.0446641 0)
(-0.822837 0.0738598 0)
(-0.798655 0.102356 0)
(-0.766795 0.12988 0)
(-0.727559 0.15617 0)
(-0.68132 0.180971 0)
(-0.628521 0.204045 0)
(-0.569666 0.225168 0)
(-0.505321 0.244135 0)
(-0.436103 0.260759 0)
(-0.362681 0.274877 0)
(-0.285762 0.286348 0)
(-0.20609 0.295058 0)
(-0.124442 0.300919 0)
(-0.0416205 0.303867 0)
(0.0416205 0.303867 0)
(0.124442 0.300919 0)
(0.20609 0.295058 0)
(0.285762 0.286348 0)
(0.362681 0.274877 0)
(0.436103 0.260759 0)
(0.505321 0.244135 0)
(0.569666 0.225168 0)
(0.628521 0.204045 0)
(0.68132 0.180971 0)
(0.727559 0.15617 0)
(0.766795 0.12988 0)
(0.798655 0.102356 0)
(0.822837 0.0738597 0)
(0.839111 0.0446641 0)
(0.847327 0.015047 0)
(0.847408 -0.0147103 0)
(0.839339 -0.0443246 0)
(0.823186 -0.073514 0)
(0.799106 -0.102001 0)
(0.767334 -0.129512 0)
(0.728172 -0.155786 0)
(0.681992 -0.180568 0)
(0.629234 -0.203619 0)
(0.570402 -0.224717 0)
(0.506058 -0.243655 0)
(0.436818 -0.260247 0)
(0.363346 -0.274329 0)
(0.286348 -0.285762 0)
(0.206565 -0.294429 0)
(0.124761 -0.300242 0)
(0.0417438 -0.303145 0)
(-0.0417439 -0.303145 0)
(-0.124761 -0.300242 0)
(-0.206565 -0.294429 0)
(-0.286348 -0.285762 0)
(-0.363346 -0.274329 0)
(-0.436818 -0.260247 0)
(-0.506058 -0.243655 0)
(-0.570402 -0.224717 0)
(-0.629234 -0.203619 0)
(-0.681992 -0.180568 0)
(-0.728172 -0.155786 0)
(-0.767334 -0.129512 0)
(-0.799106 -0.102001 0)
(-0.823186 -0.073514 0)
(-0.839339 -0.0443245 0)
(-0.847408 -0.0147103 0)
(-0.873172 0.0108567 0)
(-0.864706 0.0322217 0)
(-0.847933 0.0532827 0)
(-0.82301 0.0738391 0)
(-0.790172 0.0936945 0)
(-0.749731 0.112659 0)
(-0.702075 0.130549 0)
(-0.647657 0.147193 0)
(-0.587001 0.162431 0)
(-0.520687 0.176112 0)
(-0.449355 0.188104 0)
(-0.373692 0.198289 0)
(-0.294429 0.206565 0)
(-0.212333 0.21285 0)
(-0.128206 0.21708 0)
(-0.0428787 0.219208 0)
(0.0428787 0.219208 0)
(0.128206 0.21708 0)
(0.212333 0.21285 0)
(0.294429 0.206565 0)
(0.373692 0.198289 0)
(0.449355 0.188104 0)
(0.520687 0.176112 0)
(0.587001 0.162431 0)
(0.647657 0.147193 0)
(0.702075 0.130549 0)
(0.749731 0.112659 0)
(0.790172 0.0936945 0)
(0.82301 0.0738391 0)
(0.847933 0.0532827 0)
(0.864706 0.0322217 0)
(0.873172 0.0108567 0)
(0.873252 -0.0106093 0)
(0.864932 -0.0319718 0)
(0.848281 -0.0530275 0)
(0.82346 -0.0735754 0)
(0.790712 -0.0934194 0)
(0.75035 -0.112369 0)
(0.702757 -0.130243 0)
(0.648387 -0.146867 0)
(0.587759 -0.162082 0)
(0.521453 -0.175737 0)
(0.450104 -0.1877 0)
(0.374397 -0.197851 0)
(0.295058 -0.20609 0)
(0.21285 -0.212333 0)
(0.12856 -0.216516 0)
(0.0430167 -0.218602 0)
(-0.0430168 -0.218602 0)
(-0.12856 -0.216516 0)
(-0.21285 -0.212333 0)
(-0.295059 -0.20609 0)
(-0.374397 -0.197851 0)
(-0.450104 -0.1877 0)
(-0.521453 -0.175737 0)
(-0.587759 -0.162082 0)
(-0.648387 -0.146867 0)
(-0.702757 -0.130243 0)
(-0.75035 -0.112369 0)
(-0.790712 -0.0934194 0)
(-0.82346 -0.0735754 0)
(-0.848281 -0.0530275 0)
(-0.864932 -0.0319718 0)
(-0.873252 -0.0106093 0)
(-0.890554 0.00655631 0)
(-0.881919 0.0194596 0)
(-0.86481 0.0321794 0)
(-0.839387 0.0445945 0)
(-0.80589 0.0565862 0)
(-0.764638 0.0680396 0)
(-0.716026 0.0788447 0)
(-0.660519 0.0888973 0)
(-0.598648 0.0981001 0)
(-0.531009 0.106364 0)
(-0.458253 0.113608 0)
(-0.381082 0.11976 0)
(-0.300242 0.124761 0)
(-0.216516 0.12856 0)
(-0.130726 0.131118 0)
(-0.04372 0.132406 0)
(0.04372 0.132406 0)
(0.130726 0.131118 0)
(0.216516 0.12856 0)
(0.300242 0.124761 0)
(0.381082 0.11976 0)
(0.458253 0.113608 0)
(0.531009 0.106364 0)
(0.598648 0.0981001 0)
(0.660519 0.0888973 0)
(0.716026 0.0788447 0)
(0.764638 0.0680396 0)
(0.80589 0.0565862 0)
(0.839387 0.0445945 0)
(0.86481 0.0321794 0)
(0.881919 0.0194596 0)
(0.890554 0.00655631 0)
(0.890634 -0.00640777 0)
(0.882145 -0.0193093 0)
(0.865158 -0.0320252 0)
(0.83984 -0.0444342 0)
(0.806436 -0.0564177 0)
(0.765267 -0.0678609 0)
(0.716723 -0.0786537 0)
(0.661269 -0.0886919 0)
(0.599433 -0.0978779 0)
(0.531809 -0.106122 0)
(0.459042 -0.113344 0)
(0.381832 -0.119471 0)
(0.300919 -0.124442 0)
(0.21708 -0.128206 0)
(0.131118 -0.130726 0)
(0.0438747 -0.131979 0)
(-0.0438747 -0.131979 0)
(-0.131118 -0.130726 0)
(-0.21708 -0.128206 0)
(-0.300919 -0.124442 0)
(-0.381832 -0.119471 0)
(-0.459042 -0.113344 0)
(-0.531809 -0.106122 0)
(-0.599433 -0.0978779 0)
(-0.661269 -0.0886919 0)
(-0.716723 -0.0786537 0)
(-0.765267 -0.0678609 0)
(-0.806436 -0.0564177 0)
(-0.83984 -0.0444342 0)
(-0.865158 -0.0320252 0)
(-0.882145 -0.0193093 0)
(-0.890634 -0.00640777 0)
(-0.899291 0.00219444 0)
(-0.890571 0.00651039 0)
(-0.873293 0.0107652 0)
(-0.847617 0.0149183 0)
(-0.813787 0.0189299 0)
(-0.772126 0.0227616 0)
(-0.723031 0.0263766 0)
(-0.666973 0.0297401 0)
(-0.60449 0.0328195 0)
(-0.536183 0.0355849 0)
(-0.462709 0.0380094 0)
(-0.384778 0.0400692 0)
(-0.303145 0.0417439 0)
(-0.218602 0.0430167 0)
(-0.131979 0.0438747 0)
(-0.0441374 0.044307 0)
(0.0441375 0.044307 0)
(0.131979 0.0438747 0)
(0.218602 0.0430167 0)
(0.303145 0.0417438 0)
(0.384778 0.0400692 0)
(0.462709 0.0380094 0)
(0.536183 0.0355849 0)
(0.60449 0.0328195 0)
(0.666973 0.0297401 0)
(0.723031 0.0263766 0)
(0.772126 0.0227616 0)
(0.813787 0.0189299 0)
(0.847617 0.0149183 0)
(0.873293 0.0107652 0)
(0.890571 0.00651039 0)
(0.899291 0.00219444 0)
(0.899371 -0.0021416 0)
(0.890798 -0.00645658 0)
(0.873643 -0.0107094 0)
(0.848075 -0.0148597 0)
(0.814342 -0.0188677 0)
(0.772767 -0.0226952 0)
(0.723747 -0.0263052 0)
(0.667747 -0.0296629 0)
(0.605305 -0.0327357 0)
(0.537017 -0.0354934 0)
(0.463538 -0.037909 0)
(0.385572 -0.0399582 0)
(0.303867 -0.0416205 0)
(0.219208 -0.0428787 0)
(0.132406 -0.04372 0)
(0.044307 -0.0441374 0)
(-0.0443071 -0.0441374 0)
(-0.132406 -0.04372 0)
(-0.219208 -0.0428787 0)
(-0.303867 -0.0416205 0)
(-0.385572 -0.0399582 0)
(-0.463538 -0.037909 0)
(-0.537017 -0.0354934 0)
(-0.605305 -0.0327357 0)
(-0.667747 -0.0296629 0)
(-0.723747 -0.0263052 0)
(-0.772767 -0.0226952 0)
(-0.814342 -0.0188677 0)
(-0.848075 -0.0148597 0)
(-0.873643 -0.0107094 0)
(-0.890798 -0.00645658 0)
(-0.899372 -0.0021416 0)
(-0.899291 -0.00219444 0)
(-0.890571 -0.00651039 0)
(-0.873293 -0.0107652 0)
(-0.847617 -0.0149183 0)
(-0.813787 -0.0189299 0)
(-0.772126 -0.0227616 0)
(-0.723031 -0.0263766 0)
(-0.666973 -0.0297401 0)
(-0.60449 -0.0328195 0)
(-0.536183 -0.0355849 0)
(-0.462709 -0.0380095 0)
(-0.384778 -0.0400692 0)
(-0.303145 -0.0417439 0)
(-0.218602 -0.0430168 0)
(-0.131979 -0.0438747 0)
(-0.0441374 -0.0443071 0)
(0.0441375 -0.0443071 0)
(0.131979 -0.0438747 0)
(0.218602 -0.0430168 0)
(0.303145 -0.0417439 0)
(0.384778 -0.0400692 0)
(0.462709 -0.0380095 0)
(0.536183 -0.0355849 0)
(0.60449 -0.0328195 0)
(0.666973 -0.0297401 0)
(0.723031 -0.0263766 0)
(0.772126 -0.0227616 0)
(0.813787 -0.0189299 0)
(0.847617 -0.0149183 0)
(0.873293 -0.0107652 0)
(0.890571 -0.00651039 0)
(0.899291 -0.00219443 0)
(0.899371 0.00214161 0)
(0.890798 0.00645659 0)
(0.873643 0.0107095 0)
(0.848075 0.0148597 0)
(0.814342 0.0188677 0)
(0.772767 0.0226952 0)
(0.723747 0.0263052 0)
(0.667747 0.0296629 0)
(0.605305 0.0327357 0)
(0.537017 0.0354934 0)
(0.463538 0.037909 0)
(0.385572 0.0399583 0)
(0.303867 0.0416205 0)
(0.219208 0.0428787 0)
(0.132406 0.04372 0)
(0.044307 0.0441375 0)
(-0.0443071 0.0441375 0)
(-0.132406 0.04372 0)
(-0.219208 0.0428787 0)
(-0.303867 0.0416205 0)
(-0.385572 0.0399583 0)
(-0.463538 0.037909 0)
(-0.537017 0.0354934 0)
(-0.605305 0.0327357 0)
(-0.667747 0.0296629 0)
(-0.723747 0.0263052 0)
(-0.772767 0.0226952 0)
(-0.814342 0.0188677 0)
(-0.848075 0.0148597 0)
(-0.873643 0.0107095 0)
(-0.890798 0.00645659 0)
(-0.899372 0.00214161 0)
(-0.890554 -0.00655631 0)
(-0.881919 -0.0194596 0)
(-0.86481 -0.0321794 0)
(-0.839387 -0.0445945 0)
(-0.80589 -0.0565862 0)
(-0.764638 -0.0680396 0)
(-0.716026 -0.0788447 0)
(-0.660519 -0.0888973 0)
(-0.598648 -0.0981002 0)
(-0.531009 -0.106364 0)
(-0.458253 -0.113608 0)
(-0.381082 -0.11976 0)
(-0.300242 -0.124761 0)
(-0.216516 -0.12856 0)
(-0.130726 -0.131118 0)
(-0.04372 -0.132406 0)
(0.04372 -0.132406 0)
(0.130726 -0.131118 0)
(0.216516 -0.12856 0)
(0.300242 -0.124761 0)
(0.381082 -0.11976 0)
(0.458253 -0.113608 0)
(0.531009 -0.106364 0)
(0.598648 -0.0981002 0)
(0.660519 -0.0888973 0)
(0.716026 -0.0788447 0)
(0.764638 -0.0680396 0)
(0.80589 -0.0565862 0)
(0.839387 -0.0445945 0)
(0.86481 -0.0321794 0)
(0.881919 -0.0194596 0)
(0.890554 -0.00655631 0)
(0.890634 0.00640778 0)
(0.882145 0.0193093 0)
(0.865158 0.0320252 0)
(0.83984 0.0444342 0)
(0.806436 0.0564177 0)
(0.765267 0.0678609 0)
(0.716723 0.0786538 0)
(0.661269 0.0886919 0)
(0.599433 0.0978779 0)
(0.531809 0.106122 0)
(0.459042 0.113344 0)
(0.381832 0.119471 0)
(0.300919 0.124442 0)
(0.21708 0.128206 0)
(0.131118 0.130726 0)
(0.0438747 0.131979 0)
(-0.0438747 0.131979 0)
(-0.131118 0.130726 0)
(-0.21708 0.128206 0)
(-0.300919 0.124442 0)
(-0.381832 0.119471 0)
(-0.459042 0.113344 0)
(-0.531809 0.106122 0)
(-0.599433 0.0978779 0)
(-0.661269 0.0886919 0)
(-0.716723 0.0786537 0)
(-0.765267 0.0678609 0)
(-0.806436 0.0564177 0)
(-0.83984 0.0444342 0)
(-0.865158 0.0320252 0)
(-0.882145 0.0193093 0)
(-0.890634 0.00640777 0)
(-0.873172 -0.0108567 0)
(-0.864706 -0.0322217 0)
(-0.847933 -0.0532827 0)
(-0.82301 -0.0738391 0)
(-0.790172 -0.0936945 0)
(-0.749731 -0.112659 0)
(-0.702075 -0.130549 0)
(-0.647657 -0.147193 0)
(-0.587001 -0.162431 0)
(-0.520687 -0.176112 0)
(-0.449355 -0.188104 0)
(-0.373692 -0.198289 0)
(-0.294429 -0.206565 0)
(-0.212333 -0.21285 0)
(-0.128206 -0.21708 0)
(-0.0428787 -0.219208 0)
(0.0428787 -0.219208 0)
(0.128206 -0.21708 0)
(0.212333 -0.21285 0)
(0.294429 -0.206565 0)
(0.373692 -0.198289 0)
(0.449355 -0.188104 0)
(0.520687 -0.176112 0)
(0.587001 -0.162431 0)
(0.647657 -0.147193 0)
(0.702075 -0.130549 0)
(0.749731 -0.112659 0)
(0.790172 -0.0936945 0)
(0.82301 -0.0738391 0)
(0.847933 -0.0532827 0)
(0.864706 -0.0322217 0)
(0.873172 -0.0108567 0)
(0.873252 0.0106093 0)
(0.864932 0.0319718 0)
(0.848281 0.0530275 0)
(0.82346 0.0735754 0)
(0.790712 0.0934194 0)
(0.75035 0.112369 0)
(0.702757 0.130243 0)
(0.648387 0.146867 0)
(0.587759 0.162082 0)
(0.521453 0.175737 0)
(0.450104 0.1877 0)
(0.374397 0.197851 0)
(0.295058 0.20609 0)
(0.21285 0.212333 0)
(0.12856 0.216516 0)
(0.0430167 0.218602 0)
(-0.0430168 0.218602 0)
(-0.12856 0.216516 0)
(-0.21285 0.212333 0)
(-0.295058 0.20609 0)
(-0.374397 0.197851 0)
(-0.450104 0.1877 0)
(-0.521453 0.175737 0)
(-0.587759 0.162082 0)
(-0.648387 0.146867 0)
(-0.702757 0.130243 0)
(-0.75035 0.112369 0)
(-0.790712 0.0934194 0)
(-0.82346 0.0735754 0)
(-0.848281 0.0530275 0)
(-0.864932 0.0319718 0)
(-0.873252 0.0106093 0)
(-0.847327 -0.015047 0)
(-0.839111 -0.0446641 0)
(-0.822837 -0.0738598 0)
(-0.798655 -0.102356 0)
(-0.766795 -0.129881 0)
(-0.727559 -0.15617 0)
(-0.68132 -0.180971 0)
(-0.628521 -0.204045 0)
(-0.569666 -0.225168 0)
(-0.505321 -0.244135 0)
(-0.436103 -0.260759 0)
(-0.362681 -0.274877 0)
(-0.285762 -0.286348 0)
(-0.20609 -0.295058 0)
(-0.124442 -0.300919 0)
(-0.0416205 -0.303867 0)
(0.0416205 -0.303867 0)
(0.124442 -0.300919 0)
(0.20609 -0.295058 0)
(0.285762 -0.286348 0)
(0.362681 -0.274877 0)
(0.436103 -0.260759 0)
(0.505321 -0.244135 0)
(0.569666 -0.225168 0)
(0.628521 -0.204045 0)
(0.68132 -0.180971 0)
(0.727559 -0.15617 0)
(0.766795 -0.12988 0)
(0.798655 -0.102356 0)
(0.822837 -0.0738597 0)
(0.839111 -0.044664 0)
(0.847327 -0.015047 0)
(0.847408 0.0147103 0)
(0.839339 0.0443246 0)
(0.823186 0.073514 0)
(0.799106 0.102001 0)
(0.767334 0.129512 0)
(0.728172 0.155786 0)
(0.681992 0.180568 0)
(0.629234 0.203619 0)
(0.570402 0.224717 0)
(0.506058 0.243655 0)
(0.436818 0.260247 0)
(0.363346 0.274329 0)
(0.286348 0.285762 0)
(0.206565 0.294429 0)
(0.124761 0.300242 0)
(0.0417438 0.303145 0)
(-0.0417439 0.303145 0)
(-0.124761 0.300242 0)
(-0.206565 0.294429 0)
(-0.286348 0.285762 0)
(-0.363346 0.274329 0)
(-0.436818 0.260247 0)
(-0.506058 0.243655 0)
(-0.570402 0.224717 0)
(-0.629234 0.203619 0)
(-0.681992 0.180568 0)
(-0.728172 0.155786 0)
(-0.767334 0.129512 0)
(-0.799106 0.102001 0)
(-0.823186 0.073514 0)
(-0.839339 0.0443246 0)
(-0.847408 0.0147103 0)
(-0.813286 -0.0190895 0)
(-0.8054 -0.056669 0)
(-0.789782 -0.093714 0)
(-0.766577 -0.129872 0)
(-0.736003 -0.164797 0)
(-0.698351 -0.198156 0)
(-0.653978 -0.229627 0)
(-0.603307 -0.258907 0)
(-0.546824 -0.285712 0)
(-0.485068 -0.30978 0)
(-0.418634 -0.330875 0)
(-0.348161 -0.34879 0)
(-0.274329 -0.363346 0)
(-0.197851 -0.374397 0)
(-0.119471 -0.381832 0)
(-0.0399582 -0.385572 0)
(0.0399583 -0.385572 0)
(0.119471 -0.381832 0)
(0.197851 -0.374397 0)
(0.274329 -0.363346 0)
(0.348161 -0.34879 0)
(0.418634 -0.330875 0)
(0.485068 -0.30978 0)
(0.546824 -0.285712 0)
(0.603307 -0.258907 0)
(0.653978 -0.229627 0)
(0.698351 -0.198156 0)
(0.736003 -0.164797 0)
(0.766577 -0.129872 0)
(0.789782 -0.093714 0)
(0.8054 -0.056669 0)
(0.813286 -0.0190895 0)
(0.813368 0.0186683 0)
(0.80563 0.0562453 0)
(0.790133 0.0932843 0)
(0.767028 0.129433 0)
(0.736541 0.164345 0)
(0.69896 0.197688 0)
(0.654641 0.22914 0)
(0.604007 0.258398 0)
(0.547539 0.285177 0)
(0.485779 0.309216 0)
(0.419317 0.33028 0)
(0.34879 0.348161 0)
(0.274877 0.362681 0)
(0.198289 0.373692 0)
(0.11976 0.381082 0)
(0.0400692 0.384778 0)
(-0.0400692 0.384778 0)
(-0.11976 0.381082 0)
(-0.198289 0.373692 0)
(-0.274877 0.362681 0)
(-0.34879 0.348161 0)
(-0.419317 0.33028 0)
(-0.485779 0.309216 0)
(-0.547539 0.285177 0)
(-0.604007 0.258398 0)
(-0.654641 0.22914 0)
(-0.69896 0.197688 0)
(-0.736541 0.164345 0)
(-0.767028 0.129433 0)
(-0.790133 0.0932843 0)
(-0.80563 0.0562453 0)
(-0.813368 0.0186683 0)
(-0.771397 -0.0229422 0)
(-0.763916 -0.0681174 0)
(-0.749105 -0.11265 0)
(-0.7271 -0.156117 0)
(-0.698109 -0.198104 0)
(-0.662405 -0.238208 0)
(-0.620326 -0.276045 0)
(-0.572273 -0.311247 0)
(-0.518705 -0.343475 0)
(-0.460135 -0.372413 0)
(-0.397125 -0.397777 0)
(-0.33028 -0.419317 0)
(-0.260247 -0.436818 0)
(-0.1877 -0.450104 0)
(-0.113344 -0.459042 0)
(-0.037909 -0.463538 0)
(0.037909 -0.463538 0)
(0.113344 -0.459042 0)
(0.1877 -0.450104 0)
(0.260247 -0.436818 0)
(0.33028 -0.419317 0)
(0.397125 -0.397777 0)
(0.460135 -0.372413 0)
(0.518705 -0.343475 0)
(0.572273 -0.311247 0)
(0.620326 -0.276045 0)
(0.662405 -0.238208 0)
(0.698109 -0.198104 0)
(0.7271 -0.156117 0)
(0.749105 -0.11265 0)
(0.763916 -0.0681174 0)
(0.771397 -0.0229422 0)
(0.77148 0.0224475 0)
(0.764148 0.0676206 0)
(0.749459 0.112148 0)
(0.727553 0.155607 0)
(0.698645 0.197582 0)
(0.663009 0.237672 0)
(0.62098 0.275491 0)
(0.572959 0.310673 0)
(0.519401 0.342877 0)
(0.46082 0.371789 0)
(0.397777 0.397125 0)
(0.330875 0.418634 0)
(0.260759 0.436103 0)
(0.188104 0.449355 0)
(0.113608 0.458253 0)
(0.0380094 0.462709 0)
(-0.0380095 0.462709 0)
(-0.113608 0.458253 0)
(-0.188104 0.449355 0)
(-0.260759 0.436103 0)
(-0.330875 0.418634 0)
(-0.397777 0.397125 0)
(-0.46082 0.371789 0)
(-0.519401 0.342877 0)
(-0.572959 0.310673 0)
(-0.62098 0.275491 0)
(-0.663009 0.237672 0)
(-0.698645 0.197582 0)
(-0.727553 0.155607 0)
(-0.749459 0.112148 0)
(-0.764148 0.0676205 0)
(-0.77148 0.0224475 0)
(-0.722079 -0.0265678 0)
(-0.715074 -0.0788982 0)
(-0.701212 -0.130485 0)
(-0.680621 -0.180839 0)
(-0.653492 -0.229479 0)
(-0.62008 -0.27594 0)
(-0.5807 -0.319776 0)
(-0.535728 -0.360562 0)
(-0.485592 -0.397902 0)
(-0.43077 -0.431431 0)
(-0.371789 -0.46082 0)
(-0.309216 -0.485779 0)
(-0.243655 -0.506058 0)
(-0.175737 -0.521453 0)
(-0.106122 -0.531809 0)
(-0.0354934 -0.537017 0)
(0.0354934 -0.537017 0)
(0.106122 -0.531809 0)
(0.175737 -0.521453 0)
(0.243655 -0.506058 0)
(0.309216 -0.485779 0)
(0.371789 -0.46082 0)
(0.43077 -0.431431 0)
(0.485592 -0.397902 0)
(0.535728 -0.360562 0)
(0.5807 -0.319776 0)
(0.62008 -0.27594 0)
(0.653492 -0.229479 0)
(0.680621 -0.180839 0)
(0.701212 -0.130485 0)
(0.715074 -0.0788981 0)
(0.722079 -0.0265678 0)
(0.722162 0.0260111 0)
(0.71531 0.0783402 0)
(0.70157 0.129923 0)
(0.681077 0.180271 0)
(0.654029 0.228902 0)
(0.620681 0.275352 0)
(0.581347 0.319174 0)
(0.5364 0.359942 0)
(0.486269 0.397263 0)
(0.431431 0.43077 0)
(0.372413 0.460135 0)
(0.30978 0.485068 0)
(0.244135 0.505321 0)
(0.176112 0.520687 0)
(0.106364 0.531009 0)
(0.0355849 0.536183 0)
(-0.0355849 0.536183 0)
(-0.106364 0.531009 0)
(-0.176112 0.520687 0)
(-0.244135 0.505321 0)
(-0.30978 0.485068 0)
(-0.372413 0.460135 0)
(-0.431431 0.43077 0)
(-0.486269 0.397263 0)
(-0.5364 0.359942 0)
(-0.581347 0.319174 0)
(-0.620681 0.275352 0)
(-0.654029 0.228902 0)
(-0.681077 0.180271 0)
(-0.70157 0.129923 0)
(-0.71531 0.0783402 0)
(-0.722162 0.0260111 0)
(-0.665821 -0.02993 0)
(-0.65936 -0.0889058 0)
(-0.646581 -0.147045 0)
(-0.627601 -0.203796 0)
(-0.602595 -0.258619 0)
(-0.571796 -0.310988 0)
(-0.535494 -0.3604 0)
(-0.494034 -0.406376 0)
(-0.44781 -0.44847 0)
(-0.397263 -0.486269 0)
(-0.342877 -0.519401 0)
(-0.285177 -0.547539 0)
(-0.224717 -0.570402 0)
(-0.162082 -0.587759 0)
(-0.0978779 -0.599433 0)
(-0.0327357 -0.605305 0)
(0.0327357 -0.605305 0)
(0.0978779 -0.599433 0)
(0.162082 -0.587759 0)
(0.224717 -0.570402 0)
(0.285177 -0.547539 0)
(0.342877 -0.519401 0)
(0.397263 -0.486269 0)
(0.44781 -0.44847 0)
(0.494034 -0.406376 0)
(0.535494 -0.3604 0)
(0.571796 -0.310988 0)
(0.602595 -0.258619 0)
(0.627601 -0.203796 0)
(0.646581 -0.147045 0)
(0.65936 -0.0889058 0)
(0.665821 -0.02993 0)
(0.665906 0.0293259 0)
(0.659599 0.0883015 0)
(0.646944 0.146439 0)
(0.628061 0.203187 0)
(0.603133 0.258004 0)
(0.572395 0.310366 0)
(0.536134 0.359768 0)
(0.494694 0.405731 0)
(0.44847 0.44781 0)
(0.397902 0.485592 0)
(0.343475 0.518705 0)
(0.285712 0.546824 0)
(0.225168 0.569666 0)
(0.162431 0.587001 0)
(0.0981001 0.598648 0)
(0.0328195 0.60449 0)
(-0.0328195 0.60449 0)
(-0.0981002 0.598648 0)
(-0.162431 0.587001 0)
(-0.225168 0.569666 0)
(-0.285712 0.546824 0)
(-0.343475 0.518705 0)
(-0.397902 0.485592 0)
(-0.44847 0.44781 0)
(-0.494694 0.405731 0)
(-0.536134 0.359768 0)
(-0.572395 0.310366 0)
(-0.603133 0.258004 0)
(-0.628061 0.203187 0)
(-0.646944 0.146439 0)
(-0.659599 0.0883015 0)
(-0.665906 0.0293259 0)
(-0.603178 -0.0329955 0)
(-0.597322 -0.0980427 0)
(-0.585749 -0.162169 0)
(-0.568563 -0.224768 0)
(-0.54592 -0.285243 0)
(-0.518029 -0.343015 0)
(-0.485153 -0.397527 0)
(-0.447601 -0.448252 0)
(-0.405731 -0.494694 0)
(-0.359942 -0.5364 0)
(-0.310673 -0.572959 0)
(-0.258398 -0.604007 0)
(-0.203619 -0.629234 0)
(-0.146867 -0.648387 0)
(-0.0886919 -0.661269 0)
(-0.0296629 -0.667747 0)
(0.0296629 -0.667747 0)
(0.0886919 -0.661269 0)
(0.146867 -0.648387 0)
(0.203619 -0.629234 0)
(0.258398 -0.604007 0)
(0.310673 -0.572959 0)
(0.359942 -0.5364 0)
(0.405731 -0.494694 0)
(0.447602 -0.448252 0)
(0.485153 -0.397527 0)
(0.518029 -0.343015 0)
(0.54592 -0.285243 0)
(0.568563 -0.224768 0)
(0.585749 -0.162169 0)
(0.597322 -0.0980427 0)
(0.603178 -0.0329955 0)
(0.603265 0.0323604 0)
(0.597568 0.0974087 0)
(0.586119 0.161536 0)
(0.569029 0.224134 0)
(0.546462 0.284608 0)
(0.518628 0.342377 0)
(0.485788 0.396885 0)
(0.448252 0.447602 0)
(0.406376 0.494034 0)
(0.360562 0.535728 0)
(0.311247 0.572273 0)
(0.258907 0.603307 0)
(0.204045 0.628521 0)
(0.147193 0.647657 0)
(0.0888973 0.660519 0)
(0.0297401 0.666973 0)
(-0.0297401 0.666973 0)
(-0.0888973 0.660519 0)
(-0.147193 0.647657 0)
(-0.204045 0.628521 0)
(-0.258907 0.603307 0)
(-0.311247 0.572273 0)
(-0.360562 0.535728 0)
(-0.406376 0.494034 0)
(-0.448252 0.447602 0)
(-0.485788 0.396885 0)
(-0.518628 0.342377 0)
(-0.546462 0.284608 0)
(-0.569029 0.224134 0)
(-0.586119 0.161536 0)
(-0.597568 0.0974087 0)
(-0.603265 0.0323603 0)
(-0.534768 -0.0357338 0)
(-0.529572 -0.10622 0)
(-0.519315 -0.175711 0)
(-0.504087 -0.243552 0)
(-0.484023 -0.309095 0)
(-0.459308 -0.371714 0)
(-0.43017 -0.430803 0)
(-0.396885 -0.485788 0)
(-0.359768 -0.536134 0)
(-0.319174 -0.581347 0)
(-0.275491 -0.62098 0)
(-0.22914 -0.654641 0)
(-0.180568 -0.681992 0)
(-0.130243 -0.702757 0)
(-0.0786537 -0.716723 0)
(-0.0263052 -0.723747 0)
(0.0263052 -0.723747 0)
(0.0786537 -0.716723 0)
(0.130243 -0.702757 0)
(0.180568 -0.681992 0)
(0.22914 -0.654641 0)
(0.275491 -0.62098 0)
(0.319174 -0.581347 0)
(0.359768 -0.536134 0)
(0.396885 -0.485788 0)
(0.43017 -0.430803 0)
(0.459308 -0.371714 0)
(0.484023 -0.309095 0)
(0.504087 -0.243552 0)
(0.519315 -0.175711 0)
(0.529572 -0.10622 0)
(0.534768 -0.0357338 0)
(0.534858 0.0350861 0)
(0.529826 0.105575 0)
(0.519695 0.17507 0)
(0.504562 0.242914 0)
(0.484572 0.30846 0)
(0.459909 0.371081 0)
(0.430803 0.43017 0)
(0.397527 0.485153 0)
(0.3604 0.535494 0)
(0.319776 0.5807 0)
(0.276045 0.620326 0)
(0.229627 0.653978 0)
(0.180971 0.68132 0)
(0.130549 0.702075 0)
(0.0788447 0.716026 0)
(0.0263766 0.723031 0)
(-0.0263766 0.723031 0)
(-0.0788447 0.716026 0)
(-0.130549 0.702075 0)
(-0.180971 0.68132 0)
(-0.229627 0.653978 0)
(-0.276045 0.620326 0)
(-0.319776 0.5807 0)
(-0.3604 0.535494 0)
(-0.397527 0.485153 0)
(-0.430803 0.43017 0)
(-0.459909 0.371081 0)
(-0.484572 0.30846 0)
(-0.504562 0.242914 0)
(-0.519695 0.17507 0)
(-0.529826 0.105575 0)
(-0.534858 0.0350861 0)
(-0.461263 -0.0381174 0)
(-0.456776 -0.113358 0)
(-0.447933 -0.187541 0)
(-0.434807 -0.259967 0)
(-0.417512 -0.329948 0)
(-0.396205 -0.396811 0)
(-0.371081 -0.459909 0)
(-0.342377 -0.518628 0)
(-0.310366 -0.572395 0)
(-0.275352 -0.620681 0)
(-0.237672 -0.663009 0)
(-0.197688 -0.69896 0)
(-0.155786 -0.728172 0)
(-0.112369 -0.75035 0)
(-0.0678609 -0.765267 0)
(-0.0226952 -0.772767 0)
(0.0226952 -0.772767 0)
(0.0678609 -0.765267 0)
(0.112369 -0.75035 0)
(0.155786 -0.728172 0)
(0.197688 -0.69896 0)
(0.237672 -0.663009 0)
(0.275352 -0.620681 0)
(0.310366 -0.572395 0)
(0.342377 -0.518628 0)
(0.371081 -0.459909 0)
(0.396205 -0.396811 0)
(0.417512 -0.329948 0)
(0.434807 -0.259967 0)
(0.447933 -0.187541 0)
(0.456776 -0.113358 0)
(0.461263 -0.0381174 0)
(0.461357 0.037478 0)
(0.45704 0.112723 0)
(0.448325 0.186912 0)
(0.435293 0.259346 0)
(0.418069 0.329335 0)
(0.396811 0.396205 0)
(0.371714 0.459308 0)
(0.343015 0.518029 0)
(0.310988 0.571796 0)
(0.27594 0.62008 0)
(0.238208 0.662405 0)
(0.198156 0.698351 0)
(0.15617 0.727559 0)
(0.112659 0.749731 0)
(0.0680396 0.764638 0)
(0.0227616 0.772126 0)
(-0.0227616 0.772126 0)
(-0.0680396 0.764638 0)
(-0.112659 0.749731 0)
(-0.15617 0.727559 0)
(-0.198156 0.698351 0)
(-0.238208 0.662405 0)
(-0.27594 0.62008 0)
(-0.310988 0.571796 0)
(-0.343015 0.518029 0)
(-0.371714 0.459308 0)
(-0.396811 0.396205 0)
(-0.418069 0.329335 0)
(-0.435293 0.259346 0)
(-0.448325 0.186912 0)
(-0.45704 0.112723 0)
(-0.461357 0.037478 0)
(-0.383385 -0.0401221 0)
(-0.379649 -0.119387 0)
(-0.372301 -0.197544 0)
(-0.3614 -0.273858 0)
(-0.347035 -0.347604 0)
(-0.329335 -0.418069 0)
(-0.30846 -0.484572 0)
(-0.284608 -0.546462 0)
(-0.258004 -0.603133 0)
(-0.228902 -0.654029 0)
(-0.197582 -0.698646 0)
(-0.164345 -0.736541 0)
(-0.129512 -0.767334 0)
(-0.0934194 -0.790712 0)
(-0.0564177 -0.806436 0)
(-0.0188677 -0.814342 0)
(0.0188677 -0.814342 0)
(0.0564177 -0.806436 0)
(0.0934194 -0.790712 0)
(0.129512 -0.767334 0)
(0.164345 -0.736541 0)
(0.197582 -0.698645 0)
(0.228902 -0.654029 0)
(0.258004 -0.603133 0)
(0.284608 -0.546462 0)
(0.30846 -0.484572 0)
(0.329335 -0.418069 0)
(0.347035 -0.347604 0)
(0.3614 -0.273858 0)
(0.372301 -0.197544 0)
(0.379649 -0.119387 0)
(0.383385 -0.040122 0)
(0.383485 0.0395145 0)
(0.379926 0.118785 0)
(0.372708 0.196951 0)
(0.3619 0.273277 0)
(0.347604 0.347035 0)
(0.329948 0.417512 0)
(0.309095 0.484023 0)
(0.285243 0.54592 0)
(0.258619 0.602595 0)
(0.229479 0.653492 0)
(0.198104 0.698109 0)
(0.164797 0.736003 0)
(0.12988 0.766795 0)
(0.0936945 0.790172 0)
(0.0565862 0.80589 0)
(0.0189299 0.813787 0)
(-0.0189299 0.813787 0)
(-0.0565862 0.80589 0)
(-0.0936945 0.790172 0)
(-0.12988 0.766795 0)
(-0.164797 0.736003 0)
(-0.198104 0.698109 0)
(-0.229479 0.653492 0)
(-0.258619 0.602595 0)
(-0.285243 0.54592 0)
(-0.309095 0.484023 0)
(-0.329948 0.417512 0)
(-0.347604 0.347035 0)
(-0.3619 0.273277 0)
(-0.372708 0.196951 0)
(-0.379926 0.118785 0)
(-0.383485 0.0395145 0)
(-0.301899 -0.0417268 0)
(-0.298945 -0.124249 0)
(-0.293159 -0.205627 0)
(-0.284581 -0.285097 0)
(-0.273277 -0.3619 0)
(-0.259346 -0.435293 0)
(-0.242913 -0.504562 0)
(-0.224134 -0.569029 0)
(-0.203187 -0.628061 0)
(-0.180271 -0.681077 0)
(-0.155607 -0.727553 0)
(-0.129433 -0.767028 0)
(-0.102001 -0.799106 0)
(-0.0735754 -0.82346 0)
(-0.0444342 -0.83984 0)
(-0.0148597 -0.848075 0)
(0.0148597 -0.848075 0)
(0.0444342 -0.83984 0)
(0.0735754 -0.82346 0)
(0.102001 -0.799106 0)
(0.129433 -0.767028 0)
(0.155607 -0.727553 0)
(0.180271 -0.681077 0)
(0.203187 -0.628061 0)
(0.224134 -0.569029 0)
(0.242914 -0.504562 0)
(0.259346 -0.435293 0)
(0.273277 -0.3619 0)
(0.284581 -0.285097 0)
(0.293159 -0.205627 0)
(0.298945 -0.124249 0)
(0.301899 -0.0417268 0)
(0.302006 0.0411785 0)
(0.299238 0.123708 0)
(0.293584 0.205097 0)
(0.285097 0.284581 0)
(0.273858 0.3614 0)
(0.259967 0.434807 0)
(0.243552 0.504087 0)
(0.224768 0.568563 0)
(0.203796 0.627601 0)
(0.180839 0.680621 0)
(0.156117 0.7271 0)
(0.129872 0.766577 0)
(0.102356 0.798655 0)
(0.0738391 0.82301 0)
(0.0445945 0.839387 0)
(0.0149183 0.847617 0)
(-0.0149183 0.847617 0)
(-0.0445945 0.839387 0)
(-0.0738391 0.82301 0)
(-0.102356 0.798655 0)
(-0.129872 0.766577 0)
(-0.156117 0.7271 0)
(-0.180839 0.680621 0)
(-0.203796 0.627601 0)
(-0.224768 0.568563 0)
(-0.243552 0.504087 0)
(-0.259967 0.434807 0)
(-0.273858 0.3614 0)
(-0.285097 0.284581 0)
(-0.293584 0.205097 0)
(-0.299238 0.123708 0)
(-0.302006 0.0411785 0)
(-0.217599 -0.0429161 0)
(-0.215453 -0.127901 0)
(-0.211279 -0.21172 0)
(-0.205097 -0.293584 0)
(-0.196951 -0.372708 0)
(-0.186912 -0.448325 0)
(-0.17507 -0.519695 0)
(-0.161536 -0.586119 0)
(-0.146439 -0.646944 0)
(-0.129923 -0.70157 0)
(-0.112148 -0.749459 0)
(-0.0932842 -0.790133 0)
(-0.073514 -0.823186 0)
(-0.0530275 -0.848281 0)
(-0.0320252 -0.865158 0)
(-0.0107094 -0.873643 0)
(0.0107095 -0.873643 0)
(0.0320252 -0.865158 0)
(0.0530275 -0.848281 0)
(0.073514 -0.823186 0)
(0.0932843 -0.790133 0)
(0.112148 -0.749459 0)
(0.129923 -0.70157 0)
(0.146439 -0.646944 0)
(0.161536 -0.586119 0)
(0.17507 -0.519695 0)
(0.186912 -0.448325 0)
(0.196951 -0.372708 0)
(0.205097 -0.293584 0)
(0.211279 -0.21172 0)
(0.215453 -0.127901 0)
(0.217599 -0.042916 0)
(0.217716 0.0424581 0)
(0.215765 0.12745 0)
(0.21172 0.211279 0)
(0.205627 0.293159 0)
(0.197544 0.372301 0)
(0.187541 0.447933 0)
(0.175711 0.519315 0)
(0.162169 0.585749 0)
(0.147045 0.646581 0)
(0.130485 0.701213 0)
(0.11265 0.749105 0)
(0.093714 0.789782 0)
(0.0738597 0.822837 0)
(0.0532827 0.847933 0)
(0.0321794 0.86481 0)
(0.0107652 0.873293 0)
(-0.0107652 0.873293 0)
(-0.0321794 0.86481 0)
(-0.0532827 0.847933 0)
(-0.0738597 0.822837 0)
(-0.093714 0.789782 0)
(-0.11265 0.749105 0)
(-0.130485 0.701212 0)
(-0.147045 0.646581 0)
(-0.162169 0.585749 0)
(-0.175711 0.519315 0)
(-0.187541 0.447933 0)
(-0.197544 0.372301 0)
(-0.205627 0.293159 0)
(-0.21172 0.211279 0)
(-0.215765 0.12745 0)
(-0.217716 0.042458 0)
(-0.131309 -0.0436788 0)
(-0.129983 -0.130308 0)
(-0.12745 -0.215765 0)
(-0.123708 -0.299239 0)
(-0.118785 -0.379926 0)
(-0.112723 -0.45704 0)
(-0.105575 -0.529826 0)
(-0.0974087 -0.597568 0)
(-0.0883015 -0.659599 0)
(-0.0783402 -0.71531 0)
(-0.0676205 -0.764148 0)
(-0.0562453 -0.80563 0)
(-0.0443245 -0.839339 0)
(-0.0319718 -0.864932 0)
(-0.0193093 -0.882145 0)
(-0.00645658 -0.890798 0)
(0.00645659 -0.890798 0)
(0.0193093 -0.882145 0)
(0.0319718 -0.864932 0)
(0.0443246 -0.839339 0)
(0.0562453 -0.80563 0)
(0.0676206 -0.764148 0)
(0.0783402 -0.71531 0)
(0.0883015 -0.659599 0)
(0.0974087 -0.597568 0)
(0.105575 -0.529826 0)
(0.112723 -0.45704 0)
(0.118785 -0.379926 0)
(0.123708 -0.299238 0)
(0.12745 -0.215765 0)
(0.129983 -0.130308 0)
(0.131309 -0.0436788 0)
(0.131434 0.0433427 0)
(0.130308 0.129983 0)
(0.127901 0.215453 0)
(0.124249 0.298945 0)
(0.119387 0.379649 0)
(0.113358 0.456776 0)
(0.10622 0.529572 0)
(0.0980427 0.597322 0)
(0.0889058 0.65936 0)
(0.0788981 0.715074 0)
(0.0681174 0.763916 0)
(0.056669 0.8054 0)
(0.0446641 0.839111 0)
(0.0322217 0.864706 0)
(0.0194596 0.881919 0)
(0.00651039 0.890571 0)
(-0.00651039 0.890571 0)
(-0.0194596 0.881919 0)
(-0.0322217 0.864706 0)
(-0.044664 0.839111 0)
(-0.056669 0.8054 0)
(-0.0681174 0.763916 0)
(-0.0788981 0.715074 0)
(-0.0889058 0.65936 0)
(-0.0980427 0.597322 0)
(-0.10622 0.529572 0)
(-0.113358 0.456776 0)
(-0.119387 0.379649 0)
(-0.124249 0.298945 0)
(-0.127901 0.215453 0)
(-0.130308 0.129983 0)
(-0.131434 0.0433427 0)
(-0.0438509 -0.0439841 0)
(-0.0433427 -0.131434 0)
(-0.042458 -0.217716 0)
(-0.0411785 -0.302006 0)
(-0.0395145 -0.383485 0)
(-0.037478 -0.461357 0)
(-0.0350861 -0.534858 0)
(-0.0323603 -0.603265 0)
(-0.0293259 -0.665906 0)
(-0.0260111 -0.722162 0)
(-0.0224475 -0.77148 0)
(-0.0186683 -0.813368 0)
(-0.0147103 -0.847408 0)
(-0.0106093 -0.873252 0)
(-0.00640777 -0.890634 0)
(-0.0021416 -0.899372 0)
(0.00214161 -0.899372 0)
(0.00640778 -0.890634 0)
(0.0106093 -0.873252 0)
(0.0147103 -0.847408 0)
(0.0186683 -0.813368 0)
(0.0224475 -0.77148 0)
(0.0260111 -0.722162 0)
(0.0293259 -0.665906 0)
(0.0323604 -0.603265 0)
(0.0350861 -0.534858 0)
(0.037478 -0.461357 0)
(0.0395145 -0.383485 0)
(0.0411785 -0.302006 0)
(0.042458 -0.217716 0)
(0.0433427 -0.131434 0)
(0.043851 -0.043984 0)
(0.0439841 0.043851 0)
(0.0436788 0.131309 0)
(0.0429161 0.217599 0)
(0.0417268 0.301899 0)
(0.0401221 0.383385 0)
(0.0381174 0.461263 0)
(0.0357338 0.534768 0)
(0.0329955 0.603178 0)
(0.02993 0.665821 0)
(0.0265678 0.722079 0)
(0.0229422 0.771397 0)
(0.0190895 0.813286 0)
(0.015047 0.847327 0)
(0.0108567 0.873172 0)
(0.00655631 0.890554 0)
(0.00219444 0.899291 0)
(-0.00219443 0.899291 0)
(-0.00655631 0.890554 0)
(-0.0108567 0.873172 0)
(-0.015047 0.847327 0)
(-0.0190895 0.813286 0)
(-0.0229422 0.771397 0)
(-0.0265678 0.722079 0)
(-0.02993 0.665821 0)
(-0.0329955 0.603178 0)
(-0.0357338 0.534768 0)
(-0.0381174 0.461263 0)
(-0.040122 0.383385 0)
(-0.0417268 0.301899 0)
(-0.042916 0.217599 0)
(-0.0436788 0.131309 0)
(-0.043984 0.0438509 0)
)
;

boundaryField
{
    top
    {
        type            cyclic;
    }
    bottom
    {
        type            cyclic;
    }
    left
    {
        type            cyclic;
    }
    right
    {
        type            cyclic;
    }
    frontAndBack
    {
        type            empty;
    }
}


// ************************************************************************* //
