1.684573950274995680e+00
1.624691275806112722e+00
1.595962443162910693e+00
1.586931029013553651e+00
1.586889245619658828e+00
1.586250432755803352e+00
1.580291290073142729e+00
1.569996945228097074e+00
1.558752821583841763e+00
1.549653004422161029e+00
1.544307885191782859e+00
1.542544846957135452e+00
1.542818657311886499e+00
1.543130606501093460e+00
1.542058002965206454e+00
1.539410868896981643e+00
1.536151915132987655e+00
1.533714422717229686e+00
1.533158470769145243e+00
1.534522465227557309e+00
1.536688925631542135e+00
1.538081085703960627e+00
1.537847611909190171e+00
1.536401642243240495e+00
1.534880128592059245e+00
1.534196553769031190e+00
1.534448923153367783e+00
1.535010881451725151e+00
1.535124947589745936e+00
1.534469476220309936e+00
1.533295619042805535e+00
1.532150997040921503e+00
1.531473025330410964e+00
1.531333339110669822e+00
1.531466724983573169e+00
1.531517252631971138e+00
1.531293925682767565e+00
1.530859279894482894e+00
1.530429825825972534e+00
1.530196031760472142e+00
1.530195147377018783e+00
1.530310039322713145e+00
1.530371071577120601e+00
1.530271709907945477e+00
1.530019877920422822e+00
1.529709627854918041e+00
1.529447430930587437e+00
1.529282643970326649e+00
1.529183507880631288e+00
1.529071060877159383e+00
1.528882608635288021e+00
1.528615761418382846e+00
1.528323388784498249e+00
1.528069211663677596e+00
1.527880313180179250e+00
1.527731855557794338e+00
1.527573460655901494e+00
1.527372936117220359e+00
1.527139697284586095e+00
1.526910515232758669e+00
1.526713312622854701e+00
1.526541582484161053e+00
1.526361619511987122e+00
1.526144685298407300e+00
1.525891943337232215e+00
1.525628534956958493e+00
1.525376318518371743e+00
1.525134225532795762e+00
1.524883058168759575e+00
1.524606397775175592e+00
1.524305881362980175e+00
1.523996963901158797e+00
1.523691751329165012e+00
1.523387518921426320e+00
1.523071286966019011e+00
1.522733498824622611e+00
1.522375956294448773e+00
1.522006936471870908e+00
1.521630363363928762e+00
1.521240955516574456e+00
1.520829522338186468e+00
1.520391857173844841e+00
1.519931302774685689e+00
1.519452509716449073e+00
1.518954490187465423e+00
1.518431034417468739e+00
1.517876803802495900e+00
1.517291485401061513e+00
1.516677554066974132e+00
1.516034978082362095e+00
1.515359632516664501e+00
1.514646713901029784e+00
1.513894276943979822e+00
1.513102550000994917e+00
1.512270377356467410e+00
1.511393724174350250e+00
1.510467890866449281e+00
1.509490435922621110e+00
1.508460842053548134e+00
1.507377428163789279e+00
1.506236266042571659e+00
1.505033509899572630e+00
1.503767398982768233e+00
1.502436910892988253e+00
1.501039620523615392e+00
1.499572269761733079e+00
1.498033018128865912e+00
1.496421633590778733e+00
1.494737714738057388e+00
1.492979984599581922e+00
1.491147641093952592e+00
1.489241090975313542e+00
1.487260450917149646e+00
1.485204348736188340e+00
1.483071008780397992e+00
1.480859085980896772e+00
1.478566423844026811e+00
1.476189514410982451e+00
1.473725287065041245e+00
1.471172131867899857e+00
1.468529377169901506e+00
1.465798369006141355e+00
1.462984604275457956e+00
1.460097299469983678e+00
1.457148543085240666e+00
1.454154097069049634e+00
1.451132298180385360e+00
1.448102307246632581e+00
1.445084527605065228e+00
1.442100426886603559e+00
1.439171573605105392e+00
1.436320419872597176e+00
1.433569315330182725e+00
1.430939660246787648e+00
1.428452597912405420e+00
1.426147769877599503e+00
1.424221987341538043e+00
1.423438781334765757e+00
1.423807826617820460e+00
1.420015661239519833e+00
1.417396372852143260e+00
1.418295434590993498e+00
1.415007443866292514e+00
1.414709318485473544e+00
1.414292211493548557e+00
1.412125177538324339e+00
1.413044179444035597e+00
1.411300663405609113e+00
1.411306092320287586e+00
1.411204363640576442e+00
1.410085306177450759e+00
1.410807122225345323e+00
1.409783828606446354e+00
1.409995715599126065e+00
1.409899054648558581e+00
1.409321904177160523e+00
1.409763893712639771e+00
1.409134059549904450e+00
1.409265367336761221e+00
1.409160440284402460e+00
1.408786654484092571e+00
1.408969228877009705e+00
1.408557405415953312e+00
1.408520261797015394e+00
1.408397613211044508e+00
1.408079739164772803e+00
1.408073887678833680e+00
1.407778985505589775e+00
1.407625116355030626e+00
1.407499106702938985e+00
1.407233421740580637e+00
1.407136647238386384e+00
1.406940657819524709e+00
1.406760574834964750e+00
1.406654307868530962e+00
1.406462877053170191e+00
1.406340529328800493e+00
1.406219160681248193e+00
1.406060716366946961e+00
1.405966193085167459e+00
1.405841544048735292e+00
1.405717319050120873e+00
1.405634706300306069e+00
1.405514627737249445e+00
1.405417850345820785e+00
1.405337297567728738e+00
1.405225395974099678e+00
1.405147030018894405e+00
1.405062071730976747e+00
1.404961016234859805e+00
1.404890108537560911e+00
1.404800658126166280e+00
1.404709596474350120e+00
1.404639260205420292e+00
1.404548501505558988e+00
1.404464992497435727e+00
1.404392904831976985e+00
1.404303995056237264e+00
1.404225076644645354e+00
1.404151627814239855e+00
1.404066169209733594e+00
1.403989653620113964e+00
1.403916394269558499e+00
1.403834832397839572e+00
1.403759926414494652e+00
1.403688093786300106e+00
1.403610655754893077e+00
1.403537286419033636e+00
1.403467448436706899e+00
1.403394246717883043e+00
1.403322576599187466e+00
1.403254580688373609e+00
1.403185362423146731e+00
1.403115803369828551e+00
1.403049167644408790e+00
1.402983346429509615e+00
1.402916620213549903e+00
1.402851232758439703e+00
1.402787858827335699e+00
1.402724439647711208e+00
1.402660919355250391e+00
1.402599076654175381e+00
1.402538527569317850e+00
1.402477791760369019e+00
1.402417478848286159e+00
1.402358728971463186e+00
1.402300850719195413e+00
1.402242984934118919e+00
1.402185770616437122e+00
1.402129836527979734e+00
1.402074677262522773e+00
1.402019824579253227e+00
1.401965599520883954e+00
1.401912349172229844e+00
1.401859915618976826e+00
1.401808042443380753e+00
1.401756733822301593e+00
1.401706124918085550e+00
1.401656294645772016e+00
1.401607199250729963e+00
1.401558716729587761e+00
1.401510776751659693e+00
1.401463435011188086e+00
1.401416793491290447e+00
1.401370840524677641e+00
1.401325461434563158e+00
1.401280584711535493e+00
1.401236231948848276e+00
1.401192453590892395e+00
1.401149251596235601e+00
1.401106589708913219e+00
1.401064431865427951e+00
1.401022752394271320e+00
1.400981532736470747e+00
1.400940757942161330e+00
1.400900427840974904e+00
1.400860544460164725e+00
1.400821099790854340e+00
1.400782072467325667e+00
1.400743438335038782e+00
1.400705180184374177e+00
1.400667285416123731e+00
1.400629742592510496e+00
1.400592536288404633e+00
1.400555652105385018e+00
1.400519077342945007e+00
1.400482803249152308e+00
1.400446820544107629e+00
1.400411121123822822e+00
1.400375698681601833e+00
1.400340555602231918e+00
1.400305708722125786e+00
1.400271205264987717e+00
1.400237150364485705e+00
1.400203773490187764e+00
1.400171568500066854e+00
1.400141612132128621e+00
1.400116256268903792e+00
1.400100663034816284e+00
1.400105822312495141e+00
1.400153712212577117e+00
1.400279337770994115e+00
1.400511475202350420e+00
1.400785097283129721e+00
1.400878372635941727e+00
1.400581826045714573e+00
1.400115177291488600e+00
1.399919835402553270e+00
1.400045081079059672e+00
1.400116199646969983e+00
1.399947471551696632e+00
1.399811098331297465e+00
1.399864794722285311e+00
1.399875206692973828e+00
1.399701656741965339e+00
1.399558456844538945e+00
1.399616301378456162e+00
1.399701084446015820e+00
1.399597384603220807e+00
1.399419315508441786e+00
1.399394242603605676e+00
1.399462536108036836e+00
1.399432092803007288e+00
1.399323336217149327e+00
1.399275287781647892e+00
1.399282155183242393e+00
1.399248449588049503e+00
1.399174628386355757e+00
1.399136668762741342e+00
1.399142051075911608e+00
1.399118925742583786e+00
1.399046946410146930e+00
1.398989752692098687e+00
1.398977949916045960e+00
1.398967612866548027e+00
1.398925773447865062e+00
1.398874513059610303e+00
1.398842457111818094e+00
1.398821602294038291e+00
1.398787674616031040e+00
1.398740706849645576e+00
1.398702516977723631e+00
1.398679923536022551e+00
1.398656041461365351e+00
1.398619080579539542e+00
1.398577091559742858e+00
1.398541617946692295e+00
1.398512343855669471e+00
1.398480923239435958e+00
1.398443500848852050e+00
1.398405279703361925e+00
1.398372290478406388e+00
1.398342907791831236e+00
1.398311225308808137e+00
1.398275403998786359e+00
1.398238622887208793e+00
1.398204057886116791e+00
1.398171526631688089e+00
1.398138451789768588e+00
1.398103044646212600e+00
1.398066311650668192e+00
1.398030510151134775e+00
1.397996377109437249e+00
1.397962797055896988e+00
1.397928664066814486e+00
1.397894067462678525e+00
1.397860292432818952e+00
1.397829016320365048e+00
1.397801778814973028e+00
1.397780243257465083e+00
1.397767801878716298e+00
1.397771160824842873e+00
1.397801779205075645e+00
1.397875747832263427e+00
1.398011128116035673e+00
1.398210741761650500e+00
1.398429910004806542e+00
1.398532110599519429e+00
1.398355163900478981e+00
1.397898070129740766e+00
1.397447747776726867e+00
1.397302357977262099e+00
1.397462252237458236e+00
1.397666957141899369e+00
1.397657595088032334e+00
1.397412312939054102e+00
1.397150257132952600e+00
1.397080639557329196e+00
1.397178014778989841e+00
1.397252480179908218e+00
1.397173220866100518e+00
1.396992253729081090e+00
1.396864522064781289e+00
1.396861367482070682e+00
1.396909482256107005e+00
1.396895780626771444e+00
1.396792149090095858e+00
1.396672205579571280e+00
1.396614363627683542e+00
1.396617575124215582e+00
1.396617677480555653e+00
1.396565874288511422e+00
1.396476167266651025e+00
1.396398174552255567e+00
1.396359972230137414e+00
1.396344665996841261e+00
1.396317035991721189e+00
1.396261356129371523e+00
1.396191064980240704e+00
1.396129551783277245e+00
1.396086549858736703e+00
1.396053596625785209e+00
1.396016244868498513e+00
1.395967048323119908e+00
1.395909216168412126e+00
1.395851068791867267e+00
1.395798907137941081e+00
1.395753380729914506e+00
1.395710550399354766e+00
1.395665381862910781e+00
1.395614891478076602e+00
1.395559658290512983e+00
1.395502919555949850e+00
1.395448173596753660e+00
1.395396883183521730e+00
1.395347907260244824e+00
1.395298715172435422e+00
1.395247181795510771e+00
1.395192742427260990e+00
1.395136254964485900e+00
1.395079101848083480e+00
1.395022267927584769e+00
1.394966067268206267e+00
1.394910301663585539e+00
1.394854587062385409e+00
1.394798541802345637e+00
1.394741828884639157e+00
1.394684185743530813e+00
1.394625444325448882e+00
1.394565625020149247e+00
1.394504875654851705e+00
1.394443421973352804e+00
1.394381423160443667e+00
1.394318947988143043e+00
1.394255963670109066e+00
1.394192415183887590e+00
1.394128260944057729e+00
1.394063490442926101e+00
1.393998097832719552e+00
1.393932064902329238e+00
1.393865352441925998e+00
1.393797914491901491e+00
1.393729718707673371e+00
1.393660754129526280e+00
1.393591031948410608e+00
1.393520573685967490e+00
1.393449417345682173e+00
1.393377620200762390e+00
1.393305305565221586e+00
1.393232707642411583e+00
1.393160298159650923e+00
1.393088955964416620e+00
1.393020377713026781e+00
1.392957757978927624e+00
1.392907235761856377e+00
1.392880333801679749e+00
1.392898205952965318e+00
1.392996359403068318e+00
1.393223727660822142e+00
1.393610765037732069e+00
1.394069175200703947e+00
1.394261857007160765e+00
1.393786190647862799e+00
1.392793082131570159e+00
1.392103094752791481e+00
1.392181900971027675e+00
1.392596613394789129e+00
1.392633724903153070e+00
1.392151385486722903e+00
1.391684401542121918e+00
1.391646844816111228e+00
1.391819936547278980e+00
1.391763322490737753e+00
1.391427746340291316e+00
1.391154472106428841e+00
1.391143632909295880e+00
1.391194456519554423e+00
1.391047155798774693e+00
1.390767172964641363e+00
1.390616452599844122e+00
1.390627830133041698e+00
1.390575237825977473e+00
1.390359254047900395e+00
1.390153171959057854e+00
1.390091090890633208e+00
1.390055148937463514e+00
1.389902649323351946e+00
1.389698672022920523e+00
1.389575376200445245e+00
1.389509946891255732e+00
1.389393513886663767e+00
1.389218088151631836e+00
1.389062956306077901e+00
1.388952776078893780e+00
1.388838672159518506e+00
1.388690836666821804e+00
1.388531268380072348e+00
1.388385100792887572e+00
1.388250061580660999e+00
1.388111132349666210e+00
1.387958755995662097e+00
1.387795855006903611e+00
1.387635411815474784e+00
1.387484760057682731e+00
1.387333447954761656e+00
1.387167438048605206e+00
1.386991060485375238e+00
1.386819979830003602e+00
1.386656100294583194e+00
1.386486081523483849e+00
1.386303489606584449e+00
1.386116694486946521e+00
1.385933286202826409e+00
1.385749879460289380e+00
1.385560293022974454e+00
1.385364330918635645e+00
1.385165047243918313e+00
1.384963602805399985e+00
1.384759724689811122e+00
1.384552994237320700e+00
1.384342143460001839e+00
1.384125906104584747e+00
1.383905254637967763e+00
1.383682477290738566e+00
1.383457607914798659e+00
1.383228374081076684e+00
1.382993648579964985e+00
1.382754611233106168e+00
1.382512574867157396e+00
1.382267292405093606e+00
1.382017932223720047e+00
1.381764224912120920e+00
1.381506135383550715e+00
1.381243642000885785e+00
1.380976993819251764e+00
1.380706557319884453e+00
1.380432137480441135e+00
1.380153076506067000e+00
1.379869107804803985e+00
1.379580489271801769e+00
1.379287436482371954e+00
1.378989768138747518e+00
1.378687229405508807e+00
1.378379698099605699e+00
1.378066982914703420e+00
1.377748821066282048e+00
1.377425055283997057e+00
1.377095640581884162e+00
1.376760440471785474e+00
1.376419165419450197e+00
1.376071498483899758e+00
1.375717160671002581e+00
1.375355827856041602e+00
1.374987167627313545e+00
1.374610864588438064e+00
1.374226602470205449e+00
1.373833997785268712e+00
1.373432650769076613e+00
1.373022143152900387e+00
1.372602045983503993e+00
1.372171892464178589e+00
1.371731231009414964e+00
1.371279641524973059e+00
1.370816710064777011e+00
1.370342037829262782e+00
1.369855284725935096e+00
1.369356174392779124e+00
1.368844531223048167e+00
1.368320292158297313e+00
1.367783679624297921e+00
1.367235544466267383e+00
1.366679639990370676e+00
1.366133592095343241e+00
1.365688975206150069e+00
1.365745546423517531e+00
1.367216388379191239e+00
1.368884202099277525e+00
1.366088444855068307e+00
1.363219839470841688e+00
1.364444733285169464e+00
1.363637815986828317e+00
1.361768659564065675e+00
1.361971415682953657e+00
1.361294031074652855e+00
1.359976635261122890e+00
1.359789106793011904e+00
1.359429490528686779e+00
1.358060172442466795e+00
1.358001423310996936e+00
1.357538001555423923e+00
1.356251357642158428e+00
1.356466668061897307e+00
1.355483853314987552e+00
1.354811599547962819e+00
1.354795299371033268e+00
1.353675088325330567e+00
1.353468372261642294e+00
1.352976348785143834e+00
1.352199673887849896e+00
1.351917649155130574e+00
1.351294280788369440e+00
1.350777576326397611e+00
1.350262799304026151e+00
1.349783795030329081e+00
1.349226307921677748e+00
1.348702669075828808e+00
1.348259100556175039e+00
1.347654026492544288e+00
1.347195145489618051e+00
1.346696730263085229e+00
1.346116834702300036e+00
1.345672718065874962e+00
1.345142735093812547e+00
1.344590671008382365e+00
1.344146853995406454e+00
1.343598149867837099e+00
1.343085988913417683e+00
1.342616952113856676e+00
1.342076640313002889e+00
1.341601500240487521e+00
1.341092075138428763e+00
1.340591099756395899e+00
1.340120201690347956e+00
1.339606392933385237e+00
1.339123006787859671e+00
1.338655317065843287e+00
1.338159250968479208e+00
1.337682399743815864e+00
1.337214103407850851e+00
1.336739232999002436e+00
1.336282661556372542e+00
1.335810294883148508e+00
1.335353257984696063e+00
1.334907864607141947e+00
1.334455633067469948e+00
1.334017003214521768e+00
1.333578508323989942e+00
1.333142183144635062e+00
1.332719291169293330e+00
1.332296920202808099e+00
1.331882335800366857e+00
1.331477032580409059e+00
1.331072228273024516e+00
1.330678976253992341e+00
1.330289180365550106e+00
1.329906197613817342e+00
1.329534485726642679e+00
1.329172286487366295e+00
1.328831594629609869e+00
1.328530260544179553e+00
1.328308658970840161e+00
1.328263163170609884e+00
1.328522038870201483e+00
1.329118621001512679e+00
1.329589635485028731e+00
1.329433174906630377e+00
1.329029541195227759e+00
1.328303122138007275e+00
1.326871679477416466e+00
1.325831036713350564e+00
1.326317207166083589e+00
1.326924906720487574e+00
1.325865037699271776e+00
1.324513212909594229e+00
1.324856005461870767e+00
1.325455110303212614e+00
1.324590860238477719e+00
1.323630827937412713e+00
1.323837973988045258e+00
1.324054017638849112e+00
1.323469792206310780e+00
1.322944000347061166e+00
1.322926516698754940e+00
1.322822785053312744e+00
1.322512677786433111e+00
1.322319886453544813e+00
1.322110616618705548e+00
1.321774120493272031e+00
1.321619881488321102e+00
1.321639921363747083e+00
1.321423105714932378e+00
1.321014506077532236e+00
1.320835036104091698e+00
1.320832997226841554e+00
1.320680599171652592e+00
1.320444824126414174e+00
1.320316572255371801e+00
1.320181423348215421e+00
1.319943398332921181e+00
1.319758862947442379e+00
1.319691300221304875e+00
1.319596050614492810e+00
1.319442181908371037e+00
1.319333764976322154e+00
1.319253335833018292e+00
1.319119840651660214e+00
1.318971590476790912e+00
1.318875324107174007e+00
1.318787560267682402e+00
1.318673066334926647e+00
1.318586830150231926e+00
1.318553320414013408e+00
1.318541855009381925e+00
1.318585101017939021e+00
1.318760391668845955e+00
1.319111844557172342e+00
1.319634767297214628e+00
1.320207230994623782e+00
1.320409806607651282e+00
1.319783857169815278e+00
1.318468788827979798e+00
1.317546250258919249e+00
1.317664909865472245e+00
1.318346251036800032e+00
1.318655057658940644e+00
1.318146171168693925e+00
1.317364771526435163e+00
1.317130154253858043e+00
1.317488361758446969e+00
1.317791337830617193e+00
1.317572304836649444e+00
1.317063720543863781e+00
1.316815636882623819e+00
1.316969267656940223e+00
1.317179944688989357e+00
1.317109524700551093e+00
1.316797373082564615e+00
1.316555184199013739e+00
1.316562843225530965e+00
1.316689599598067417e+00
1.316715092632656292e+00
1.316568155739363144e+00
1.316364148481818264e+00
1.316255961593788104e+00
1.316272121463023304e+00
1.316325203140461531e+00
1.316313814861271414e+00
1.316214086743467737e+00
1.316083572421606673e+00
1.315988640978515534e+00
1.315956017454444016e+00
1.315962894933833116e+00
1.315963644116337372e+00
1.315930093947681900e+00
1.315861653435526746e+00
1.315778590205395560e+00
1.315704326693874382e+00
1.315652094704494512e+00
1.315622265107257993e+00
1.315604366673974956e+00
1.315586837560956512e+00
1.315562103767116575e+00
1.315526685021425779e+00
1.315481976606789338e+00
1.315431826074984212e+00
1.315380031164051333e+00
1.315329491146988827e+00
1.315281668888929723e+00
1.315237441963752696e+00
1.315196388808090644e+00
1.315157789070979577e+00
1.315121229221055232e+00
1.315086122573552840e+00
1.315052254853996683e+00
1.315019678071706277e+00
1.314988889436002228e+00
1.314960909746941020e+00
1.314937529864372623e+00
1.314922494444883183e+00
1.314922738177352279e+00
1.314951364126552447e+00
1.315033418468063875e+00
1.315214838112027440e+00
1.315573993907892314e+00
1.316219353981956663e+00
1.317209452014097337e+00
1.318299922104945843e+00
1.318651625044041653e+00
1.317400991370508034e+00
1.315334837716493288e+00
1.314518762104713412e+00
1.315457787002157763e+00
1.316443115765165039e+00
1.315933035264511552e+00
1.314680783151428667e+00
1.314470361130424036e+00
1.315260668940168687e+00
1.315510847946924855e+00
1.314773774189831990e+00
1.314254761737283062e+00
1.314619078332394331e+00
1.314995425678282315e+00
1.314658752092806360e+00
1.314178113732835218e+00
1.314261433193308237e+00
1.314576144859990858e+00
1.314475851126474026e+00
1.314114808161331194e+00
1.314045030010264847e+00
1.314245188728328628e+00
1.314276558717835997e+00
1.314051056220426617e+00
1.313904409623875003e+00
1.313986988570466474e+00
1.314069926151581358e+00
1.313974276058484048e+00
1.313821099096756706e+00
1.313794213911516184e+00
1.313860230349355396e+00
1.313860650417832732e+00
1.313762990693755350e+00
1.313676872395926232e+00
1.313675608279853746e+00
1.313705567471491698e+00
1.313683422005707202e+00
1.313611070254906199e+00
1.313553457001430225e+00
1.313544716836374970e+00
1.313553660916085164e+00
1.313535109554623048e+00
1.313485731572562987e+00
1.313437652569347192e+00
1.313415289612169579e+00
1.313410854268987737e+00
1.313399869878128401e+00
1.313370171215876292e+00
1.313330737211837018e+00
1.313298283175042380e+00
1.313279658311897080e+00
1.313267978992229912e+00
1.313252122397084776e+00
1.313227107788802472e+00
1.313196763364717246e+00
1.313168392126631279e+00
1.313146322704592972e+00
1.313129499161080904e+00
1.313113559735164859e+00
1.313094735073975228e+00
1.313072095146509133e+00
1.313047398558167655e+00
1.313023318118424543e+00
1.313001603816413621e+00
1.312982458247781370e+00
1.312964830823510676e+00
1.312947332697058433e+00
1.312928963170403307e+00
1.312909406095320586e+00
1.312888974658589003e+00
1.312868243928331236e+00
1.312847795996045841e+00
1.312827987597275703e+00
1.312808942458056238e+00
1.312790602693873598e+00
1.312772806537426673e+00
1.312755389665824612e+00
1.312738211553927226e+00
1.312721202473567272e+00
1.312704340653255253e+00
1.312687658790625767e+00
1.312671225500000816e+00
1.312655156319019190e+00
1.312639614265294519e+00
1.312624857174442328e+00
1.312611271334942931e+00
1.312599514368268938e+00
1.312590650108752310e+00
1.312586547152499783e+00
1.312590388343485293e+00
1.312607876939261287e+00
1.312648963302930794e+00
1.312731394425991960e+00
1.312885098655650618e+00
1.313159171755939658e+00
1.313619389199092602e+00
1.314325688365861389e+00
1.315220232049620463e+00
1.315962615672271685e+00
1.315874917304335812e+00
1.314607272259943116e+00
1.312977928144723139e+00
1.312366246243433121e+00
1.313043276300087436e+00
1.313915404664508513e+00
1.313844924498775768e+00
1.312929771120443956e+00
1.312311414180949320e+00
1.312599722603977170e+00
1.313157569172070271e+00
1.313130209457281872e+00
1.312572785928461050e+00
1.312248707825420135e+00
1.312475804518221656e+00
1.312773909816449258e+00
1.312669726858849195e+00
1.312323055534120320e+00
1.312199164845198496e+00
1.312371506959775447e+00
1.312505582113453917e+00
1.312390822269768442e+00
1.312187500200711288e+00
1.312143901701374293e+00
1.312248979783215308e+00
1.312309270919356896e+00
1.312229826288681345e+00
1.312108527828848015e+00
1.312076105826764927e+00
1.312127502938852830e+00
1.312163601647047262e+00
1.312124007565841799e+00
1.312049119436573319e+00
1.312011119003813731e+00
1.312025344128408211e+00
1.312049809391821142e+00
1.312040240931150237e+00
1.311998550220229154e+00
1.311958199996180241e+00
1.311944536846536336e+00
1.311952942884142770e+00
1.311958782093029408e+00
1.311945885402835854e+00
1.311917504533282042e+00
1.311890630379570100e+00
1.311877759174959301e+00
1.311877448052030548e+00
1.311878613619616774e+00
1.311870668308280807e+00
1.311852765977820523e+00
1.311831697386481643e+00
1.311815981088732430e+00
1.311808606275896461e+00
1.311805920547506776e+00
1.311801864190559552e+00
1.311792340086973097e+00
1.311778173497639477e+00
1.311762955133024988e+00
1.311750364644426181e+00
1.311741630700816730e+00
1.311735402524225602e+00
1.311729379851440891e+00
1.311721737951670352e+00
1.311712194149155630e+00
1.311701442078076374e+00
1.311690599997186846e+00
1.311680439534842701e+00
1.311671186461546679e+00
1.311662739553254520e+00
1.311654796893824360e+00
1.311647130920753801e+00
1.311639501197422675e+00
1.311631736482538058e+00
1.311623693154711168e+00
1.311615299852628924e+00
1.311606628772283178e+00
1.311597801807077968e+00
1.311589024300862327e+00
1.311580428069735627e+00
1.311572102177797516e+00
1.311564032608906860e+00
1.311556163672478403e+00
1.311548427407107864e+00
1.311540769342241841e+00
1.311533178922260623e+00
1.311525658171534880e+00
1.311518237002001985e+00
1.311510933262498790e+00
1.311503773493210900e+00
1.311496780747564150e+00
1.311489999340450074e+00
1.311483507873852927e+00
1.311477445635949479e+00
1.311472052247364184e+00
1.311467728706749991e+00
1.311465143925718113e+00
1.311465445251941420e+00
1.311470581445494554e+00
1.311484023679687638e+00
1.311511725860041055e+00
1.311564475592841506e+00
1.311660423076952853e+00
1.311831830736686078e+00
1.312127083673823913e+00
1.312618705180140788e+00
1.313359214450093404e+00
1.314321221497986913e+00
1.315145923412880835e+00
1.315204616679593874e+00
1.313989894432909589e+00
1.312227034658758784e+00
1.311367793269975657e+00
1.311933434182437352e+00
1.312930673200254361e+00
1.313036797444130821e+00
1.312146045513218784e+00
1.311376586916672693e+00
1.311564015208172673e+00
1.312195517350525753e+00
1.312274770290998926e+00
1.311714108689834068e+00
1.311309953927956240e+00
1.311521064915930124e+00
1.311877276459836983e+00
1.311796820526263341e+00
1.311419915758871735e+00
1.311284375464130569e+00
1.311490912796396513e+00
1.311648625448951888e+00
1.311509096619344783e+00
1.311286998025505968e+00
1.311273964098769396e+00
1.311418432710888871e+00
1.311470738986715956e+00
1.311351180853979059e+00
1.311229847938001125e+00
1.311246115211074370e+00
1.311332969022387385e+00
1.311347471805043741e+00
1.311266524689584934e+00
1.311196806173142271e+00
1.311208608224812888e+00
1.311258465984307620e+00
1.311264925639336942e+00
1.311216099315819505e+00
1.311169738806871932e+00
1.311168845480183975e+00
1.311195948097744646e+00
1.311204770631523520e+00
1.311179788459633455e+00
1.311146561464831883e+00
1.311134976516223682e+00
1.311145614696983763e+00
1.311155171554349907e+00
1.311146588586344031e+00
1.311125271879003407e+00
1.311109013982006966e+00
1.311106830383504507e+00
1.311112130076310889e+00
1.311112285739173711e+00
1.311102437657859276e+00
1.311088344606562206e+00
1.311078690499507537e+00
1.311076427320447380e+00
1.311077138722804181e+00
1.311074848918990732e+00
1.311067428678205804e+00
1.311057894369628496e+00
1.311050489396334839e+00
1.311046997708229522e+00
1.311045805038991929e+00
1.311044087470247588e+00
1.311040542924480246e+00
1.311036370516239558e+00
1.311034318995644377e+00
1.311037063165867878e+00
1.311046803448929987e+00
1.311065775165214831e+00
1.311098644778967426e+00
1.311152103706792138e+00
1.311236460752297273e+00
1.311352123819978788e+00
1.311487176823117551e+00
1.311575970412637293e+00
1.311551135034386251e+00
1.311365763314058519e+00
1.311123929392004062e+00
1.310978659785776657e+00
1.311003488605861689e+00
1.311125895811196651e+00
1.311207163520911489e+00
1.311168629900956617e+00
1.311045506090817048e+00
1.310955766963554758e+00
1.310964968936678243e+00
1.311031302561319611e+00
1.311065699551156261e+00
1.311025165388464142e+00
1.310952394162797408e+00
1.310916125518670095e+00
1.310937629451363051e+00
1.310976306703469652e+00
1.310981747975161760e+00
1.310946746513144578e+00
1.310905761647620738e+00
1.310893302978482611e+00
1.310908573435251911e+00
1.310923616485464960e+00
1.310917070860165179e+00
1.310893499638617010e+00
1.310874302259717794e+00
1.310872482691845420e+00
1.310881524964533362e+00
1.310885621661983969e+00
1.310876632055307134e+00
1.310860580536225672e+00
1.310848975385328741e+00
1.310847045158747948e+00
1.310850144868868528e+00
1.310850106028347950e+00
1.310843476311218669e+00
1.310833525455141979e+00
1.310826017936533638e+00
1.310823476830991208e+00
1.310823668514939255e+00
1.310822510785462303e+00
1.310817904546746071e+00
1.310811100353605152e+00
1.310804919613775210e+00
1.310801127114511244e+00
1.310799225312280880e+00
1.310797343302443574e+00
1.310794008733351390e+00
1.310789204096980853e+00
1.310784078849440704e+00
1.310779841528891820e+00
1.310776861514541203e+00
1.310774602100881925e+00
1.310772234546998760e+00
1.310769308547007572e+00
1.310766061284792228e+00
1.310763154765097749e+00
1.310761302253740102e+00
1.310760947645963403e+00
1.310762353191052165e+00
1.310765965182374870e+00
1.310772747619322942e+00
1.310784795271805248e+00
1.310805420682885636e+00
1.310840125573257797e+00
1.310897162771524682e+00
1.310989133412901131e+00
1.311135183393464798e+00
1.311359856755835995e+00
1.311693490394984174e+00
1.312148502388498894e+00
1.312694029101457494e+00
1.313180832890005201e+00
1.313343883778893550e+00
1.312926293493883012e+00
1.311993594057252244e+00
1.311065567176658231e+00
1.310701740072724109e+00
1.310997418847684948e+00
1.311529857761571050e+00
1.311766662129218108e+00
1.311492757123657427e+00
1.310981560246516908e+00
1.310696283554613206e+00
1.310815394415600910e+00
1.311107090165900768e+00
1.311213801702398873e+00
1.311030588113591078e+00
1.310760634894833299e+00
1.310667135846338871e+00
1.310787652082050947e+00
1.310936486923868438e+00
1.310938507749614734e+00
1.310795589606261524e+00
1.310660811488405963e+00
1.310649868412941510e+00
1.310735729542621630e+00
1.310803865447316641e+00
1.310778706111278114e+00
1.310691862057338675e+00
1.310626459263438903e+00
1.310630390636875475e+00
1.310677273575767243e+00
1.310706980570259139e+00
1.310688266437082028e+00
1.310640148955733775e+00
1.310605268110879296e+00
1.310605872739700972e+00
1.310628966523500472e+00
1.310644950030362743e+00
1.310636501721072822e+00
1.310610430719522101e+00
1.310586936599140717e+00
1.310580327451936089e+00
1.310588731926995321e+00
1.310599046391716316e+00
1.310599464701401207e+00
1.310588253436318684e+00
1.310572834071690895e+00
1.310562329755347921e+00
1.310560430853307201e+00
1.310563942077828781e+00
1.310566561220933401e+00
1.310564017607347642e+00
1.310556507162665696e+00
1.310547626914731145e+00
1.310541185066835590e+00
1.310538661525057824e+00
1.310538754306610043e+00
1.310538805032441134e+00
1.310536767778719192e+00
1.310532290366775321e+00
1.310526591775489136e+00
1.310521348073309333e+00
1.310517645552050414e+00
1.310515484742373449e+00
1.310514032918188576e+00
1.310512266300888351e+00
1.310509561757401187e+00
1.310505925746625167e+00
1.310501847973462919e+00
1.310497942936823090e+00
1.310494620631224683e+00
1.310491936473195729e+00
1.310489647607139485e+00
1.310487393263583211e+00
1.310484882511328442e+00
1.310482003844613885e+00
1.310478828739917168e+00
1.310475538211868685e+00
1.310472322697042946e+00
1.310469306439511650e+00
1.310466516373106627e+00
1.310463897205966344e+00
1.310461352396243173e+00
1.310458788716834855e+00
1.310456148113118280e+00
1.310453420898216592e+00
1.310450639663319983e+00
1.310447866924642213e+00
1.310445179459768017e+00
1.310442661771768824e+00
1.310440413152796246e+00
1.310438564631798197e+00
1.310437328524540535e+00
1.310437052273293990e+00
1.310438359281247189e+00
1.310442283660987917e+00
1.310450684100298968e+00
1.310466511993685357e+00
1.310495014533926694e+00
1.310543526067112552e+00
1.310624098647410252e+00
1.310746215451386032e+00
1.310917751700192424e+00
1.311102404857890313e+00
1.311234061878243429e+00
1.311176295565806837e+00
1.310916621763066559e+00
1.310584121694238435e+00
1.310415076732621475e+00
1.310489537240149049e+00
1.310675761301320907e+00
1.310771127670641523e+00
1.310675021575224086e+00
1.310490475932341470e+00
1.310393276759223680e+00
1.310446715156197373e+00
1.310550237611867397e+00
1.310569516657500433e+00
1.310484239902949488e+00
1.310389204379520889e+00
1.310376661331755788e+00
1.310432798588122338e+00
1.310472618241322440e+00
1.310446229762723291e+00
1.310385151660909742e+00
1.310355226439245069e+00
1.310376065843674276e+00
1.310408675618560448e+00
1.310409596239733077e+00
1.310378767759958318e+00
1.310352131371911533e+00
1.310355370475838832e+00
1.310378326230324131e+00
1.310393415413816598e+00
1.310389685343912314e+00
1.310381642464695240e+00
1.310391241062106360e+00
1.310424610013509072e+00
1.310471868464990086e+00
1.310526614096189313e+00
1.310594286438060418e+00
1.310696987555081794e+00
1.310850632593849374e+00
1.311058169356441372e+00
1.311312620781110994e+00
1.311572438439529975e+00
1.311793464197337222e+00
1.311875903428671331e+00
1.311739885053178067e+00
1.311371035108701788e+00
1.310873589864469224e+00
1.310458954538561649e+00
1.310288174276595052e+00
1.310381473201751801e+00
1.310614673560235532e+00
1.310808735004401315e+00
1.310838760478929776e+00
1.310688887612596831e+00
1.310464302546139326e+00
1.310300589937650528e+00
1.310275691963138422e+00
1.310364715149947124e+00
1.310475191064816247e+00
1.310520708591314865e+00
1.310472205780485178e+00
1.310369465363472763e+00
1.310280047512159651e+00
1.310250868437765170e+00
1.310281539712250920e+00
1.310334585461178314e+00
1.310367039702193592e+00
1.310357184530693830e+00
1.310313875597512112e+00
1.310264615499106666e+00
1.310235323993900192e+00
1.310235285605313660e+00
1.310255197191987353e+00
1.310276613697139991e+00
1.310284206915889094e+00
1.310273535652483723e+00
1.310251097984335589e+00
1.310228410856585368e+00
1.310214905471857261e+00
1.310213424865329213e+00
1.310220297043122262e+00
1.310228645852600682e+00
1.310232430067737264e+00
1.310229104586705162e+00
1.310219942988906761e+00
1.310208617571850809e+00
1.310198999253382235e+00
1.310193435455077937e+00
1.310192111509474344e+00
1.310193481976634988e+00
1.310195310766687937e+00
1.310195707519374420e+00
1.310193763977030246e+00
1.310189645421100613e+00
1.310184259409597152e+00
1.310178769663670417e+00
1.310174122372103511e+00
1.310170799051678880e+00
1.310168767393598444e+00
1.310167619067902356e+00
1.310166785025857594e+00
1.310165741392696148e+00
1.310164151182865222e+00
1.310161904136883271e+00
1.310159096531046341e+00
1.310155941533145185e+00
1.310152693906192711e+00
1.310149568743636195e+00
1.310146706841552433e+00
1.310144160396301327e+00
1.310141908100445285e+00
1.310139880190253736e+00
1.310137986661153997e+00
1.310136140863284337e+00
1.310134273004450733e+00
1.310132338208648051e+00
1.310130313953334902e+00
1.310128198495824403e+00
1.310126002453251726e+00
1.310123745151319907e+00
1.310121447461424449e+00
1.310119129818533734e+00
1.310116808540811251e+00
1.310114496347387414e+00
1.310112201105706253e+00
1.310109927647445716e+00
1.310107677289466421e+00
1.310105449915996534e+00
1.310103243637613213e+00
1.310101056637047456e+00
1.310098886653123351e+00
1.310096732299192324e+00
1.310094592327005536e+00
1.310092466609937611e+00
1.310090355432478315e+00
1.310088260464018939e+00
1.310086184223987038e+00
1.310084131313388411e+00
1.310082108246241273e+00
1.310080125400583384e+00
1.310078197674028555e+00
1.310076348098483612e+00
1.310074610492929503e+00
1.310073037127395645e+00
1.310071706530657076e+00
1.310070741441383246e+00
1.310070329980121295e+00
1.310070770600569645e+00
1.310072528088051191e+00
1.310076351590928168e+00
1.310083420409863919e+00
1.310095662036437902e+00
1.310116115016027871e+00
1.310149779534726333e+00
1.310204387895038680e+00
1.310292486706635451e+00
1.310432072749578847e+00
1.310650079715317329e+00
1.310975369512735522e+00
1.311435563503684065e+00
1.312005009131079536e+00
1.312581624229358868e+00
1.312882131823944531e+00
1.312636611415250565e+00
1.311746754704769646e+00
1.310695402169486767e+00
1.310116166518394021e+00
1.310286303164713173e+00
1.310850602000237730e+00
1.311205793377270279e+00
1.310985676719445880e+00
1.310426392358307268e+00
1.310044757038250296e+00
1.310126078185688492e+00
1.310455976165874947e+00
1.310614047351561950e+00
1.310435785842502643e+00
1.310133635249680628e+00
1.310024271084321068e+00
1.310161055356652504e+00
1.310329508970707879e+00
1.310320718262567352e+00
1.310156536927108206e+00
1.310017730626221066e+00
1.310027093563782774e+00
1.310128746380525122e+00
1.310183984990559436e+00
1.310129426577806289e+00
1.310029819868958612e+00
1.309984378630867141e+00
1.310019358616573815e+00
1.310075840494368205e+00
1.310085593232274359e+00
1.310041359910602887e+00
1.309990311041272726e+00
1.309977870293692392e+00
1.310003268137586163e+00
1.310030269283666726e+00
1.310028355739938588e+00
1.310000650008553480e+00
1.309973239952224588e+00
1.309967204404354213e+00
1.309980194979593060e+00
1.309993652750958137e+00
1.309992321796515258e+00
1.309977366298014756e+00
1.309961443205290399e+00
1.309955900605583423e+00
1.309961155875796424e+00
1.309968758504523212e+00
1.309970180187183253e+00
1.309964111549936305e+00
1.309955727816264792e+00
1.309951545243509541e+00
1.309953893723338147e+00
1.309960131240179626e+00
1.309965962816525442e+00
1.309969273778445409e+00
1.309971594554696805e+00
1.309976483824726978e+00
1.309987227201859339e+00
1.310004299960188412e+00
1.310027055899149584e+00
1.310053139795205102e+00
1.310082070623691530e+00
1.310111205452381578e+00
1.310139543664385231e+00
1.310158809275541625e+00
1.310164297248872289e+00
1.310145116960876432e+00
1.310103143039104134e+00
1.310042470084479715e+00
1.309979877483331112e+00
1.309930407945215869e+00
1.309904912627947171e+00
1.309904239850362417e+00
1.309921149591632972e+00
1.309944509566560722e+00
1.309963369374664177e+00
1.309970923661991193e+00
1.309964386280555004e+00
1.309947086524076987e+00
1.309924594446617130e+00
1.309904030374460460e+00
1.309890277742283837e+00
1.309885151863875663e+00
1.309887310488383250e+00
1.309893481605183929e+00
1.309899993524646700e+00
1.309903846789078008e+00
1.309903630107630113e+00
1.309899219723161590e+00
1.309891932318656860e+00
1.309883505644269475e+00
1.309875770226872405e+00
1.309869968430747988e+00
1.309866598008019078e+00
1.309865439337912774e+00
1.309865789491262866e+00
1.309866763513074961e+00
1.309867536728932969e+00
1.309867544613762425e+00
1.309866491959024604e+00
1.309864408562957827e+00
1.309861499993442813e+00
1.309858120627004574e+00
1.309854620914259193e+00
1.309851309478710979e+00
1.309848386023209521e+00
1.309845942882655212e+00
1.309843975030137164e+00
1.309842411056651779e+00
1.309841144295164517e+00
1.309840059980174942e+00
1.309839055291091903e+00
1.309838049644339364e+00
1.309836991211449364e+00
1.309835851496648607e+00
1.309834626002904123e+00
1.309833319949547992e+00
1.309831952783980125e+00
1.309830541309451091e+00
1.309829111394409606e+00
1.309827679533404288e+00
1.309826270797116221e+00
1.309824898650416847e+00
1.309823588592395893e+00
1.309822355289562257e+00
1.309821231593373270e+00
1.309820240869090657e+00
1.309819434141252348e+00
1.309818854932274235e+00
1.309818591706714885e+00
1.309818728915089325e+00
1.309819428540247577e+00
1.309820853492982051e+00
1.309823307486189581e+00
1.309827097927333650e+00
1.309832793960943986e+00
1.309840942652299223e+00
1.309852564673122721e+00
1.309868489734052455e+00
1.309890315502383995e+00
1.309918743527893614e+00
1.309955407713515374e+00
1.309998867756957175e+00
1.310048222159734044e+00
1.310095405041210359e+00
1.310133370991197310e+00
1.310147783957017253e+00
1.310133003133375107e+00
1.310089918209065063e+00
1.310034487826421401e+00
1.309995005877506280e+00
1.309993024916890958e+00
1.310043873199571607e+00
1.310144084696152067e+00
1.310275756210512954e+00
1.310425158009668856e+00
1.310556216765735860e+00
1.310665087671679441e+00
1.310711214653893952e+00
1.310702528805773426e+00
1.310615613545609515e+00
1.310466943859784683e+00
1.310281068550297245e+00
1.310090797183653066e+00
1.309942971606374407e+00
1.309857645019324668e+00
1.309838161619504726e+00
1.309867953921236561e+00
1.309921693912097673e+00
1.309971921699968345e+00
1.309998628530506970e+00
1.309992406808670573e+00
1.309952090240696032e+00
1.309893562839741676e+00
1.309832430782126744e+00
1.309786813275853889e+00
1.309766402804327212e+00
1.309771499350808943e+00
1.309793900392782096e+00
1.309820794863529647e+00
1.309840163777920230e+00
1.309843225214860851e+00
1.309829778979047177e+00
1.309803564312191249e+00
1.309773881954446884e+00
1.309748944218260380e+00
1.309734627921996353e+00
1.309732166945138276e+00
1.309738840489762079e+00
1.309749732533020961e+00
1.309759728379259691e+00
1.309765450537696996e+00
1.309765330931607519e+00
1.309760329507035026e+00
1.309752083364980946e+00
1.309743015379073228e+00
1.309734742008232367e+00
1.309728255870806990e+00
1.309723689494993293e+00
1.309720655023004054e+00
1.309718615998019198e+00
1.309717115300845336e+00
1.309715905471230402e+00
1.309714940552009432e+00
1.309714271320111978e+00
1.309713936689898439e+00
1.309713925193441986e+00
1.309714119289061562e+00
1.309714359083705260e+00
1.309714478242328228e+00
1.309714329541801225e+00
1.309713880052180368e+00
1.309713121797561719e+00
1.309712180247578406e+00
1.309711155065041099e+00
1.309710224296590564e+00
1.309709506311018012e+00
1.309709144007162873e+00
1.309709247581329450e+00
1.309709922535807314e+00
1.309711321485410807e+00
1.309713577341986124e+00
1.309716992793221957e+00
1.309721832104544070e+00
1.309728708684765985e+00
1.309738163114630094e+00
1.309751378238993791e+00
1.309769399070030316e+00
1.309794424674751490e+00
1.309828322054918948e+00
1.309874948705233244e+00
1.309937059351542255e+00
1.310020443205437646e+00
1.310126858915473536e+00
1.310261393787462758e+00
1.310416141014845159e+00
1.310584782548485316e+00
1.310730956927649737e+00
1.310825335828144977e+00
1.310806138036727075e+00
1.310662700569982020e+00
1.310394826946816416e+00
1.310088587696815798e+00
1.309831214221016893e+00
1.309701784144624792e+00
1.309712524000230971e+00
1.309818443287412260e+00
1.309943128535279833e+00
1.310019814765029045e+00
1.310009366683828835e+00
1.309922535277846745e+00
1.309801271022623226e+00
1.309700429933427834e+00
1.309656615684443359e+00
1.309673666479189036e+00
1.309727176981605012e+00
1.309781165209006115e+00
1.309808179357387248e+00
1.309796648529105267e+00
1.309756638647245452e+00
1.309706645781087087e+00
1.309667498435419297e+00
1.309650421017485744e+00
1.309655582176393773e+00
1.309674180460154380e+00
1.309694329406525082e+00
1.309705881787007531e+00
1.309704708143511365e+00
1.309691708556959266e+00
1.309672533589773424e+00
1.309653438774351697e+00
1.309639703181693760e+00
1.309633573452922084e+00
1.309634483896714663e+00
1.309639871420088975e+00
1.309646524698265591e+00
1.309651593482707543e+00
1.309653516069014145e+00
1.309651784009920661e+00
1.309647223977788988e+00
1.309641012699024332e+00
1.309634709824214482e+00
1.309629469168694271e+00
1.309626117207061125e+00
1.309624962607615073e+00
1.309625935685355236e+00
1.309628785072874502e+00
1.309633205328960992e+00
1.309639037843389309e+00
1.309646406693891096e+00
1.309655701358265034e+00
1.309667776209689105e+00
1.309683765812351908e+00
1.309705141052576849e+00
1.309733685670199765e+00
1.309770380277585744e+00
1.309816308808908980e+00
1.309867964978071120e+00
1.309921382970635317e+00
1.309961842846271374e+00
1.309978147029182916e+00
1.309951367377391263e+00
1.309883287922209094e+00
1.309784427085742609e+00
1.309686814228580465e+00
1.309619435438528434e+00
1.309598184531199250e+00
1.309618125694401947e+00
1.309659294756564174e+00
1.309697706060062528e+00
1.309714030415317643e+00
1.309702419107974691e+00
1.309668441527108929e+00
1.309628572163455074e+00
1.309598847305715630e+00
1.309588578015692839e+00
1.309596694827838803e+00
1.309614443050700183e+00
1.309630876010624556e+00
1.309638030467588088e+00
1.309633876827045462e+00
1.309622035752890712e+00
1.309609372364989088e+00
1.309602787490987463e+00
1.309606109324960688e+00
1.309619893420660874e+00
1.309642505315384398e+00
1.309671724449501529e+00
1.309708535329251688e+00
1.309755444856329554e+00
1.309821882883083655e+00
1.309916636524853129e+00
1.310055612304587669e+00
1.310248731930469868e+00
1.310502969546429863e+00
1.310807700847339552e+00
1.311111487928664943e+00
1.311334999667719936e+00
1.311339899572940171e+00
1.311063671863144320e+00
1.310533887193671809e+00
1.309970836708606701e+00
1.309615937225257154e+00
1.309591888943021809e+00
1.309818402771593782e+00
1.310088556212807065e+00
1.310207442534397249e+00
1.310098888064014311e+00
1.309850806523662925e+00
1.309629132711238375e+00
1.309561852822855865e+00
1.309648027235917001e+00
1.309783221539942755e+00
1.309849687360926884e+00
1.309801364972259297e+00
1.309682316479890751e+00
1.309579222916107843e+00
1.309552457100186418e+00
1.309597806569502865e+00
1.309663523804267538e+00
1.309694523445343428e+00
1.309671066321444810e+00
1.309612721671643998e+00
1.309559203073916933e+00
1.309539446404330398e+00
1.309555546696507866e+00
1.309587154318086588e+00
1.309608691469874131e+00
1.309606423681281218e+00
1.309583315945390680e+00
1.309554549135879320e+00
1.309535304306939318e+00
1.309532477926316441e+00
1.309542498945982958e+00
1.309555724944420296e+00
1.309562997514867044e+00
1.309560256158224467e+00
1.309549594487306123e+00
1.309536645517724862e+00
1.309527141721215315e+00
1.309523939301576734e+00
1.309526335644106254e+00
1.309531185322496682e+00
1.309534939022050537e+00
1.309535317633291118e+00
1.309532068213276057e+00
1.309526569328160139e+00
1.309520887883885321e+00
1.309516750928063189e+00
1.309514920202622390e+00
1.309515113673739295e+00
1.309516354988801590e+00
1.309517506453969915e+00
1.309517719579454953e+00
1.309516681218046985e+00
1.309514578788208983e+00
1.309511932021770297e+00
1.309509322337329529e+00
1.309507200706830687e+00
1.309505768992541785e+00
1.309504983176203341e+00
1.309504627071149230e+00
1.309504419399134978e+00
1.309504107507037718e+00
1.309503531027358392e+00
1.309502634090246476e+00
1.309501456797102614e+00
1.309500094275576565e+00
1.309498664314761252e+00
1.309497271107048499e+00
1.309495988547423551e+00
1.309494851609608990e+00
1.309493860957493316e+00
1.309492992365369313e+00
1.309492208587130113e+00
1.309491469843790501e+00
1.309490741119589297e+00
1.309489996741345141e+00
1.309489220829860079e+00
1.309488407297232815e+00
1.309487556393057917e+00
1.309486673788438527e+00
1.309485766677395802e+00
1.309484844028621753e+00
1.309483913471253924e+00
1.309482982652852456e+00
1.309482056964761387e+00
1.309481141761344114e+00
1.309480240795399819e+00
1.309479358921920911e+00
1.309478500901542386e+00
1.309477674507557809e+00
1.309476889898274710e+00
1.309476163892282496e+00
1.309475521019655586e+00
1.309475000820991886e+00
1.309474663666413852e+00
1.309474605481401044e+00
1.309474977405376883e+00
1.309476018127873065e+00
1.309478114073378219e+00
1.309481870537516857e+00
1.309488290976742908e+00
1.309498912467965681e+00
1.309516324812061150e+00
1.309544259751428630e+00
1.309588963999272826e+00
1.309657948310846143e+00
1.309762742712447192e+00
1.309908593240892927e+00
1.310097589340103008e+00
1.310287490703344382e+00
1.310417070561548103e+00
1.310368039485735991e+00
1.310125170280581841e+00
1.309781356195231838e+00
1.309548075343496043e+00
1.309552261443077015e+00
1.309747328530590949e+00
1.309967083647057828e+00
1.310070669875599947e+00
1.310039845055917196e+00
1.310022499201800361e+00
1.310168231228761027e+00
1.310527212778461958e+00
1.311004049277977757e+00
1.311385917763479014e+00
1.311582910179662109e+00
1.311465648898451741e+00
1.311086902642890628e+00
1.310535925889232844e+00
1.309969830355720788e+00
1.309619348157848195e+00
1.309593124712381762e+00
1.309835460444622068e+00
1.310129517988198877e+00
1.310221933449010390e+00
1.310035064642926850e+00
1.309692710542784910e+00
1.309466072892513155e+00
1.309492399995041190e+00
1.309683602583092688e+00
1.309833527326730085e+00
1.309801070616291252e+00
1.309636102183398654e+00
1.309482567240418893e+00
1.309449540586473004e+00
1.309521394198099431e+00
1.309604237252101511e+00
1.309624694418106694e+00
1.309575061612863189e+00
1.309503285351082402e+00
1.309456761558926097e+00
1.309452418416877206e+00
1.309477366035080026e+00
1.309505999207619897e+00
1.309517211555223382e+00
1.309502611356561319e+00
1.309469982655065978e+00
1.309439011764803817e+00
1.309427274319813206e+00
1.309438341417159313e+00
1.309459351853400566e+00
1.309471593132138789e+00
1.309465345267325942e+00
1.309445393427832283e+00
1.309425901516011015e+00
1.309417824260106666e+00
1.309422066104138249e+00
1.309431344959576471e+00
1.309437366959274041e+00
1.309436568238566689e+00
1.309430391635316271e+00
1.309422618625265766e+00
1.309416372857021837e+00
1.309413082752922675e+00
1.309412829092321706e+00
1.309414730620876322e+00
1.309417170711020262e+00
1.309418273955264667e+00
1.309416822059898289e+00
1.309413092290516945e+00
1.309408635198598736e+00
1.309405317009321612e+00
1.309404088050970971e+00
1.309404575595551679e+00
1.309405589349713184e+00
1.309406017023206692e+00
1.309405421606795628e+00
1.309403992188836519e+00
1.309402186728648054e+00
1.309400376943950173e+00
1.309398768908346389e+00
1.309397483429275644e+00
1.309396602927163311e+00
1.309396127202972604e+00
1.309395910658713413e+00
1.309395690710493776e+00
1.309395217036113834e+00
1.309394380719766771e+00
1.309393258358572121e+00
1.309392030083378344e+00
1.309390866449903212e+00
1.309389848707749326e+00
1.309388971788697287e+00
1.309388194582005838e+00
1.309387485316334310e+00
1.309386830530163026e+00
1.309386216506588818e+00
1.309385612501493323e+00
1.309384975128525808e+00
1.309384269763177011e+00
1.309383490008102280e+00
1.309382657505370418e+00
1.309381806757271116e+00
1.309380964609616393e+00
1.309380140866778008e+00
1.309379332295495191e+00
1.309378533134670564e+00
1.309377743294608987e+00
1.309376968220285375e+00
1.309376213456122651e+00
1.309375479233734429e+00
1.309374759554332357e+00
1.309374045755093308e+00
1.309373331334447998e+00
1.309372614605526453e+00
1.309371897829816778e+00
1.309371184414455325e+00
1.309370476125088167e+00
1.309369772533537146e+00
1.309369072109678900e+00
1.309368374310436289e+00
1.309367680761361674e+00
1.309366995298409719e+00
1.309366323039436120e+00
1.309365669656846753e+00
1.309365041332581914e+00
1.309364446116646485e+00
1.309363895528402377e+00
1.309363407401837431e+00
1.309363008037358611e+00
1.309362736577785347e+00
1.309362649977092508e+00
1.309362832397746645e+00
1.309363409906150633e+00
1.309364571810006872e+00
1.309366609682271587e+00
1.309369966561393150e+00
1.309375336197772244e+00
1.309383782032761623e+00
1.309396986991331113e+00
1.309417540110800804e+00
1.309449547951005322e+00
1.309499243354089071e+00
1.309576331860045739e+00
1.309694685960430593e+00
1.309874246760966088e+00
1.310137848087267631e+00
1.310507982124355708e+00
1.310979952506631463e+00
1.311498063770657474e+00
1.311891319732386485e+00
1.311926617049228971e+00
1.311410344660540073e+00
1.310498038971295465e+00
1.309656978325452581e+00
1.309358344378295236e+00
1.309644641543770360e+00
1.310134764689856457e+00
1.310357140551695387e+00
1.310124891041686945e+00
1.309666313790514458e+00
1.309378007931803811e+00
1.309447900964666678e+00
1.309707136000209937e+00
1.309849880384124754e+00
1.309732287842868992e+00
1.309488966396490817e+00
1.309353267188097414e+00
1.309414817446906021e+00
1.309560350740791579e+00
1.309618518374942475e+00
1.309536535763326182e+00
1.309401617475884683e+00
1.309337133488879257e+00
1.309378210102600359e+00
1.309458109701241879e+00
1.309489864914442192e+00
1.309445598227169771e+00
1.309371905387061163e+00
1.309331577195669949e+00
1.309347120635355965e+00
1.309389166054326425e+00
1.309412270684799706e+00
1.309396832836523528e+00
1.309358938118678095e+00
1.309330484102139147e+00
1.309329196204770618e+00
1.309347843944973500e+00
1.309365231453773148e+00
1.309365614369078834e+00
1.309349727568608346e+00
1.309330568365124181e+00
1.309321251963647681e+00
1.309325032200242100e+00
1.309335012895938233e+00
1.309341265934479637e+00
1.309338615541476569e+00
1.309329308209080445e+00
1.309319857953268551e+00
1.309315655246457988e+00
1.309317501850960630e+00
1.309322049489186401e+00
1.309324892938787066e+00
1.309323670557994257e+00
1.309319140381095092e+00
1.309314034345091970e+00
1.309310912054321596e+00
1.309310613994371542e+00
1.309312117887925897e+00
1.309313561229140221e+00
1.309313525039128345e+00
1.309311767402190130e+00
1.309309096438322717e+00
1.309306678771103183e+00
1.309305306539743974e+00
1.309305043394735968e+00
1.309305353322978815e+00
1.309305518728335560e+00
1.309305058765625196e+00
1.309303917894578229e+00
1.309302402578550906e+00
1.309300943149357410e+00
1.309299858151673268e+00
1.309299226413921602e+00
1.309298904304754485e+00
1.309298641873848812e+00
1.309298217968347666e+00
1.309297531916155499e+00
1.309296616585232442e+00
1.309295596173099874e+00
1.309294612073117259e+00
1.309293763530738675e+00
1.309293078070090433e+00
1.309292518016944129e+00
1.309292009637331500e+00
1.309291478036894940e+00
1.309290873988753212e+00
1.309290184014939351e+00
1.309289426929336919e+00
1.309288638981088715e+00
1.309287858657077974e+00
1.309287113836852257e+00
1.309286416397014818e+00
1.309285762748584103e+00
1.309285138751411504e+00
1.309284526200356291e+00
1.309283908539898178e+00
1.309283274709115652e+00
1.309282620293776178e+00
1.309281946967348009e+00
1.309281260281120574e+00
1.309280567545455520e+00
1.309279875637607171e+00
1.309279189815765632e+00
1.309278513041252534e+00
1.309277846100326936e+00
1.309277188068720621e+00
1.309276536987962425e+00
1.309275890519256524e+00
1.309275246401954806e+00
1.309274602797119824e+00
1.309273958385163361e+00
1.309273312442831294e+00
1.309272664708858835e+00
1.309272015327726413e+00
1.309271364639294832e+00
1.309270713143702691e+00
1.309270061339364410e+00
1.309269409755511093e+00
1.309268758848990188e+00
1.309268109089641419e+00
1.309267460908734027e+00
1.309266814821283376e+00
1.309266171404664281e+00
1.309265531453905451e+00
1.309264896014659341e+00
1.309264266615878469e+00
1.309263645432430456e+00
1.309263035670215292e+00
1.309262442043114483e+00
1.309261871508230701e+00
1.309261334551740319e+00
1.309260846731661987e+00
1.309260432027216980e+00
1.309260126258231516e+00
1.309259985826677575e+00
1.309260095557427617e+00
1.309260591910533122e+00
1.309261681075662098e+00
1.309263702139922492e+00
1.309267167366146456e+00
1.309272938730197566e+00
1.309282305517859291e+00
1.309297488329179249e+00
1.309321707860284789e+00
1.309360628790630976e+00
1.309421827609084765e+00
1.309518782004914783e+00
1.309665744595463588e+00
1.309887946720907248e+00
1.310192146874444630e+00
1.310596509706466239e+00
1.311021951179580869e+00
1.311439546612841900e+00
1.311644680305449118e+00
1.311713645399544381e+00
1.311555837861094975e+00
1.311297099354859386e+00
1.310946960126879057e+00
1.310486094625409992e+00
1.310028881763572794e+00
1.309694572378232502e+00
1.309630473242494597e+00
1.309855256673780222e+00
1.310135021319448034e+00
1.310154980143250381e+00
1.309807852318800592e+00
1.309395582170762573e+00
1.309286837806714177e+00
1.309518566613742552e+00
1.309776104951323239e+00
1.309751604323559526e+00
1.309488347380470374e+00
1.309270361542246741e+00
1.309287331248334185e+00
1.309441647033148470e+00
1.309521231645823347e+00
1.309455643364352717e+00
1.309343490330567850e+00
1.309296305372587010e+00
1.309312732333495877e+00
1.309330370331867499e+00
1.309325340930162840e+00
1.309320766183026397e+00
1.309326332272213067e+00
1.309318032045413638e+00
1.309281549865285443e+00
1.309245477672630553e+00
1.309246220711915765e+00
1.309279218801999045e+00
1.309303031970002085e+00
1.309288472633623135e+00
1.309251757346741485e+00
1.309228669238210463e+00
1.309233793879730934e+00
1.309250474425932342e+00
1.309257036577535338e+00
1.309250415643412158e+00
1.309241441808460804e+00
1.309237328703881431e+00
1.309234958000638827e+00
1.309230027821276732e+00
1.309225148894853641e+00
1.309225703464434565e+00
1.309231143560228627e+00
1.309234652597685233e+00
1.309231133806426639e+00
1.309223072795312026e+00
1.309217091409827338e+00
1.309216680700638458e+00
1.309219489790043989e+00
1.309221190616892683e+00
1.309220215637634910e+00
1.309218164205000923e+00
1.309216784342023265e+00
1.309215888255458982e+00
1.309214368363008862e+00
1.309212204035608895e+00
1.309210640728703412e+00
1.309210599584512025e+00
1.309211502652618764e+00
1.309211893331995835e+00
1.309210962119338850e+00
1.309209180498656311e+00
1.309207592343541782e+00
1.309206704543906863e+00
1.309206226363994086e+00
1.309205667550297880e+00
1.309204942529848426e+00
1.309204330083443724e+00
1.309204002943459511e+00
1.309203767643535965e+00
1.309203279139357301e+00
1.309202413543688159e+00
1.309201379415496636e+00
1.309200480919722853e+00
1.309199837563343793e+00
1.309199335153938160e+00
1.309198804939414762e+00
1.309198201540535900e+00
1.309197605434062606e+00
1.309197091342788610e+00
1.309196631967045610e+00
1.309196129903903216e+00
1.309195521207242807e+00
1.309194831993011343e+00
1.309194142594667820e+00
1.309193508719366017e+00
1.309192922714757845e+00
1.309192340686113232e+00
1.309191735948682433e+00
1.309191122449459455e+00
1.309190532752403380e+00
1.309189981454986995e+00
1.309189452178363133e+00
1.309188915784460061e+00
1.309188356856735735e+00
1.309187782753432838e+00
1.309187211201720880e+00
1.309186651750718022e+00
1.309186098883599936e+00
1.309185540170274109e+00
1.309184969097991758e+00
1.309184390194344072e+00
1.309183813441646027e+00
1.309183245092851111e+00
1.309182683611821885e+00
1.309182122960671490e+00
1.309181559000889505e+00
1.309180992817709610e+00
1.309180429238105292e+00
1.309179872498022590e+00
1.309179323578022025e+00
1.309178780793070374e+00
1.309178242830207006e+00
1.309177711279070566e+00
1.309177190958080272e+00
1.309176688579597680e+00
1.309176211596119632e+00
1.309175768658488392e+00
1.309175372229863354e+00
1.309175041795894945e+00
1.309174808404743429e+00
1.309174718865720566e+00
1.309174843973590185e+00
1.309175290098973043e+00
1.309176220664310275e+00
1.309177889324579125e+00
1.309180693197597778e+00
1.309185258344720770e+00
1.309192576141964715e+00
1.309204221111320621e+00
1.309222710358684427e+00
1.309252040471838185e+00
1.309298585595227937e+00
1.309372257034989495e+00
1.309488288968484238e+00
1.309668506380740727e+00
1.309941795432737033e+00
1.310337158522990819e+00
1.310865280479735828e+00
1.311471420859893211e+00
1.311981642433696527e+00
1.312091723113463226e+00
1.311552619372764017e+00
1.310490470577233113e+00
1.309499452946191633e+00
1.309176231495954745e+00
1.309563281665476975e+00
1.310142931302808789e+00
1.310319677133370719e+00
1.309938816327405497e+00
1.309388924909115293e+00
1.309173531198657869e+00
1.309392878269866944e+00
1.309703908328575750e+00
1.309738431216234344e+00
1.309475244605133648e+00
1.309211323099690016e+00
1.309194088317578775e+00
1.309369075561149787e+00
1.309495993002962155e+00
1.309431031315697380e+00
1.309259614738445432e+00
1.309161227217131573e+00
1.309207415460934776e+00
1.309311394053242372e+00
1.309346607925849115e+00
1.309281095907116388e+00
1.309187791959115499e+00
1.309153914104959515e+00
1.309192918758071977e+00
1.309246645265877751e+00
1.309255474835985922e+00
1.309213573618731141e+00
1.309164325998882550e+00
1.309149413135099804e+00
1.309171567789340518e+00
1.309200256226625392e+00
1.309205446670288708e+00
1.309184063685236321e+00
1.309156540771886368e+00
1.309144883065008536e+00
1.309153452390136918e+00
1.309168988795674782e+00
1.309175307791238030e+00
1.309167048799871003e+00
1.309152022881646005e+00
1.309141986648124423e+00
1.309142518812225431e+00
1.309149836582478077e+00
1.309155698472924234e+00
1.309154746897925659e+00
1.309147924233937443e+00
1.309140512830022640e+00
1.309137203199657096e+00
1.309138775425829682e+00
1.309142336813784224e+00
1.309144178795186519e+00
1.309142611942418100e+00
1.309138704603973524e+00
1.309134982811045012e+00
1.309133350521659134e+00
1.309133931304296006e+00
1.309135360119413116e+00
1.309136005087198962e+00
1.309135099034744565e+00
1.309133037322750992e+00
1.309130884870619571e+00
1.309129553590409056e+00
1.309129273814092720e+00
1.309129599735546545e+00
1.309129823832543060e+00
1.309129452992869425e+00
1.309128445423120679e+00
1.309127138516561262e+00
1.309125971251441145e+00
1.309125220287923996e+00
1.309124883430612174e+00
1.309124742446163614e+00
1.309124526098860430e+00
1.309124061380629644e+00
1.309123340093108601e+00
1.309122484413002052e+00
1.309121658489054818e+00
1.309120979395163475e+00
1.309120472896434517e+00
1.309120081924955326e+00
1.309119711140094511e+00
1.309119277969347239e+00
1.309118745337999101e+00
1.309118127347992155e+00
1.309117471010742939e+00
1.309116829574429097e+00
1.309116239546024740e+00
1.309115710403468746e+00
1.309115227304105789e+00
1.309114762339582683e+00
1.309114287741143245e+00
1.309113785661081053e+00
1.309113252055607024e+00
1.309112694565693236e+00
1.309112127233009737e+00
1.309111564291109087e+00
1.309111015698061209e+00
1.309110485136263602e+00
1.309109970493276043e+00
1.309109465905031966e+00
1.309108964371105577e+00
1.309108459940378388e+00
1.309107948989964854e+00
1.309107430532999938e+00
1.309106905697907663e+00
1.309106376905268432e+00
1.309105846925196381e+00
1.309105318181989830e+00
1.309104792311337917e+00
1.309104270064828990e+00
1.309103751401796911e+00
1.309103235754776273e+00
1.309102722274334107e+00
1.309102210078601614e+00
1.309101698404563141e+00
1.309101186705908582e+00
1.309100674663413066e+00
1.309100162154063884e+00
1.309099649199320092e+00
1.309099135901424571e+00
1.309098622410361346e+00
1.309098108873746336e+00
1.309097595431132355e+00
1.309097082187263172e+00
1.309096569229321050e+00
1.309096056610834502e+00
1.309095544378006126e+00
1.309095032553755367e+00
1.309094521168263192e+00
1.309094010242871642e+00
1.309093499818033690e+00
1.309092989933745566e+00
1.309092480658553548e+00
1.309091972073024301e+00
1.309091464304428243e+00
1.309090957517416109e+00
1.309090451958027534e+00
1.309089947961189715e+00
1.309089446019132019e+00
1.309088946826099553e+00
1.309088451401569042e+00
1.309087961223284413e+00
1.309087478479305622e+00
1.309087006414485943e+00
1.309086549892179763e+00
1.309086116271085842e+00
1.309085716737610428e+00
1.309085368544309125e+00
1.309085098314075601e+00
1.309084947867311000e+00
1.309084982708231593e+00
1.309085307586348668e+00
1.309086088932494230e+00
1.309087597546618742e+00
1.309090269247549454e+00
1.309094824915310484e+00
1.309102436283107851e+00
1.309115069231299833e+00
1.309135930459688346e+00
1.309170443171099318e+00
1.309227348459540030e+00
1.309321280057107240e+00
1.309474558883670481e+00
1.309722073647434870e+00
1.310106833922636715e+00
1.310676089370952146e+00
1.311423210610609846e+00
1.312231810969063162e+00
1.312729855546765245e+00
1.312471298631229466e+00
1.311275728028278520e+00
1.309824680752250670e+00
1.309120446423468698e+00
1.309516395106163467e+00
1.310331932487546203e+00
1.310609951573168619e+00
1.310042208705065159e+00
1.309304521679790057e+00
1.309156522374520071e+00
1.309585892111777561e+00
1.309921654944753655e+00
1.309730867272886901e+00
1.309274545506023957e+00
1.309106185705659398e+00
1.309328470955133383e+00
1.309556311888212976e+00
1.309470144885582110e+00
1.309201465264626218e+00
1.309079265873352771e+00
1.309197101710349420e+00
1.309345517918061086e+00
1.309322529952652303e+00
1.309168697916309299e+00
1.309071555772708617e+00
1.309118332554856323e+00
1.309215056443085334e+00
1.309230370290096479e+00
1.309151679699510407e+00
1.309076471478661352e+00
1.309079981257763592e+00
1.309136018247793798e+00
1.309166235162125602e+00
1.309136911277515969e+00
1.309085102503084519e+00
1.309065332409083071e+00
1.309087538393049588e+00
1.309116243142092850e+00
1.309116393920316312e+00
1.309089793680815683e+00
1.309065212934485078e+00
1.309064144978589361e+00
1.309080343713683536e+00
1.309091864944365469e+00
1.309085828355296854e+00
1.309069520609843051e+00
1.309058892601776103e+00
1.309061511941116640e+00
1.309070872855368384e+00
1.309075530014265132e+00
1.309070778850655703e+00
1.309061932952295892e+00
1.309057157670200144e+00
1.309059500394531561e+00
1.309065079773143569e+00
1.309068089505229127e+00
1.309066438491646167e+00
1.309063021359133439e+00
1.309062128255424007e+00
1.309065504535317892e+00
1.309071545083993149e+00
1.309077521839186353e+00
1.309082396474228416e+00
1.309087662137610852e+00
1.309095977069421712e+00
1.309108948447671228e+00
1.309127040727037672e+00
1.309148910405617761e+00
1.309174557499909630e+00
1.309202744952364661e+00
1.309234435044217992e+00
1.309265598052346879e+00
1.309293794833309654e+00
1.309309184376431290e+00
1.309307306772225177e+00
1.309280749437855773e+00
1.309233761959059050e+00
1.309172901264518574e+00
1.309113141023748650e+00
1.309066943807141614e+00
1.309042697604986705e+00
1.309040894645886688e+00
1.309055714926572245e+00
1.309078008304715546e+00
1.309098382182443565e+00
1.309110118074118256e+00
1.309109572654087339e+00
1.309098027500350314e+00
1.309079214569998317e+00
1.309059252088453640e+00
1.309043314373372846e+00
1.309034674785235719e+00
1.309033729518738420e+00
1.309038537707442718e+00
1.309045910598693574e+00
1.309052584180265599e+00
1.309056275737391140e+00
1.309055931007384821e+00
1.309052025239404893e+00
1.309045817616640628e+00
1.309039089230185526e+00
1.309033335284788047e+00
1.309029535566021085e+00
1.309027953407108535e+00
1.309028255323327006e+00
1.309029734018466895e+00
1.309031569459189415e+00
1.309033060985175245e+00
1.309033735355703332e+00
1.309033433639848143e+00
1.309032220470167873e+00
1.309030369954158557e+00
1.309028210705240447e+00
1.309026084066645890e+00
1.309024245210983040e+00
1.309022848016111240e+00
1.309021931775485204e+00
1.309021444913519794e+00
1.309021276514370280e+00
1.309021291504604223e+00
1.309021360787608668e+00
1.309021379593325873e+00
1.309021280054346814e+00
1.309021026866385773e+00
1.309020619295988563e+00
1.309020073987339883e+00
1.309019425286008564e+00
1.309018707095733980e+00
1.309017955932981758e+00
1.309017199142362919e+00
1.309016459896275464e+00
1.309015751719002418e+00
1.309015083104221988e+00
1.309014456124495407e+00
1.309013869717350120e+00
1.309013319927335273e+00
1.309012801671541881e+00
1.309012309282540087e+00
1.309011837357447527e+00
1.309011381098403870e+00
1.309010936535453640e+00
1.309010500572029612e+00
1.309010070957696614e+00
1.309009646291602547e+00
1.309009225892485917e+00
1.309008809840301213e+00
1.309008398786569272e+00
1.309007994165577227e+00
1.309007597955688995e+00
1.309007213175720885e+00
1.309006843605942771e+00
1.309006494810955212e+00
1.309006173788977545e+00
1.309005890878203182e+00
1.309005659261334387e+00
1.309005498656216071e+00
1.309005434619559649e+00
1.309005505999972563e+00
1.309005763697430824e+00
1.309006286418451515e+00
1.309007177713652270e+00
1.309008600770523501e+00
1.309010769244300709e+00
1.309014026793252850e+00
1.309018814812942466e+00
1.309025858536428943e+00
1.309036047656774171e+00
1.309050873998906406e+00
1.309071983988173482e+00
1.309102183288800347e+00
1.309143790251987349e+00
1.309200816979902315e+00
1.309273399149842643e+00
1.309362527560654632e+00
1.309455087296668596e+00
1.309537385433306111e+00
1.309571797572031793e+00
1.309538666294214115e+00
1.309421552208002604e+00
1.309258913544175007e+00
1.309107846511781803e+00
1.309027282286942429e+00
1.309036814141276706e+00
1.309112774465761353e+00
1.309206193547550523e+00
1.309272530181526006e+00
1.309288322309253072e+00
1.309269866208617294e+00
1.309252439443510996e+00
1.309284088947141544e+00
1.309386016887703397e+00
1.309554973330528282e+00
1.309770118712098030e+00
1.309987013470613748e+00
1.310185900399679415e+00
1.310311087916440353e+00
1.310345432908874175e+00
1.310241062231151776e+00
1.309993134705268458e+00
1.309656450689230756e+00
1.309318453158150986e+00
1.309098273448967786e+00
1.309046532918920702e+00
1.309138740346632135e+00
1.309289926085133615e+00
1.309403832005697099e+00
1.309418442176816688e+00
1.309323026545768265e+00
1.309176151094955554e+00
1.309048557174587568e+00
1.308997411433884706e+00
1.309028288495981851e+00
1.309102682926338357e+00
1.309166716761561933e+00
1.309180348397743776e+00
1.309140997662096684e+00
1.309071137477457958e+00
1.309008995691865795e+00
1.308980459980970901e+00
1.308990353126611383e+00
1.309023464822736349e+00
1.309056186296813307e+00
1.309070693040920164e+00
1.309060675988154454e+00
1.309034226115025401e+00
1.309004411951540048e+00
1.308983606237531738e+00
1.308977047676517902e+00
1.308982665710468618e+00
1.308994000347878828e+00
1.309004130275997602e+00
1.309008864884942724e+00
1.309007053201786563e+00
1.309000475570407662e+00
1.308991751302749584e+00
1.308983399918041801e+00
1.308977103682136933e+00
1.308973552010893160e+00
1.308972703658458636e+00
1.308973988387257315e+00
1.308976496799986622e+00
1.308979134705415603e+00
1.308980883781514670e+00
1.308981055970066087e+00
1.308979454386215435e+00
1.308976476262228017e+00
1.308972837934458733e+00
1.308969389681490236e+00
1.308966777852085928e+00
1.308965314896863852e+00
1.308964938171729431e+00
1.308965312301614281e+00
1.308965997355255428e+00
1.308966610357023885e+00
1.308966927295603044e+00
1.308966879020449392e+00
1.308966515504445205e+00
1.308965919416626544e+00
1.308965172889536399e+00
1.308964329661148396e+00
1.308963418555215030e+00
1.308962465191951585e+00
1.308961494488589006e+00
1.308960547804400631e+00
1.308959665870193190e+00
1.308958884907212461e+00
1.308958221461000493e+00
1.308957671179661331e+00
1.308957211424662370e+00
1.308956810403237858e+00
1.308956437760500080e+00
1.308956072689383188e+00
1.308955706540640307e+00
1.308955340679709645e+00
1.308954982610239348e+00
1.308954641670248886e+00
1.308954326867074025e+00
1.308954044978471787e+00
1.308953801219668200e+00
1.308953601504990960e+00
1.308953455481851158e+00
1.308953381132066385e+00
1.308953406470961589e+00
1.308953575747898279e+00
1.308953951332119559e+00
1.308954625588729437e+00
1.308955728653540262e+00
1.308957452906368113e+00
1.308960079320684589e+00
1.308964027109781547e+00
1.308969926965249497e+00
1.308978723292981483e+00
1.308991860214914427e+00
1.309011497183245831e+00
1.309040939816625615e+00
1.309085062845542824e+00
1.309151143749676782e+00
1.309249377725227426e+00
1.309393652022656562e+00
1.309600162396811873e+00
1.309883762305078525e+00
1.310245404620114407e+00
1.310651952254906938e+00
1.311006977472657820e+00
1.311149598685730222e+00
1.310917998311493582e+00
1.310303672964312716e+00
1.309549766406142624e+00
1.309036468846639600e+00
1.308987266010919415e+00
1.309301679231505977e+00
1.309655712444932618e+00
1.309753525740061875e+00
1.309528244712377942e+00
1.309174036103093464e+00
1.308961077081837621e+00
1.309005963129782124e+00
1.309200380741741165e+00
1.309337911335066051e+00
1.309299101393757159e+00
1.309129294060860538e+00
1.308976825339274175e+00
1.308948215662118608e+00
1.309030595389544693e+00
1.309126662764161342e+00
1.309148842814659597e+00
1.309085522141003599e+00
1.308992920806883564e+00
1.308939652580896729e+00
1.308951481713329423e+00
1.309001539177839790e+00
1.309041016282765257e+00
1.309038809700670436e+00
1.309000271945093496e+00
1.308955579052026419e+00
1.308933594123155020e+00
1.308941901035079569e+00
1.308966294131413965e+00
1.308985103931184613e+00
1.308984934916054277e+00
1.308967581134094393e+00
1.308945449729721267e+00
1.308931556300045429e+00
1.308931283741405327e+00
1.308940740666757696e+00
1.308951118035868166e+00
1.308954938658029254e+00
1.308950197019356665e+00
1.308940277211160463e+00
1.308930921806408465e+00
1.308926444751273177e+00
1.308927638356775169e+00
1.308932083490281117e+00
1.308936144797057333e+00
1.308937166702860422e+00
1.308934654193840474e+00
1.308930065983224811e+00
1.308925641055526778e+00
1.308923101064732197e+00
1.308922905522961200e+00
1.308924304865427324e+00
1.308925968089359904e+00
1.308926740273211209e+00
1.308926132898091899e+00
1.308924391787298358e+00
1.308922214261718286e+00
1.308920341351153871e+00
1.308919234242453600e+00
1.308918950974488515e+00
1.308919216974864019e+00
1.308919609608785617e+00
1.308919753512816753e+00
1.308919451396432843e+00
1.308918713095058584e+00
1.308917705993355884e+00
1.308916656122832034e+00
1.308915758823887776e+00
1.308915118931737842e+00
1.308914738510202902e+00
1.308914540978040941e+00
1.308914414955565597e+00
1.308914256621568128e+00
1.308913998788713062e+00
1.308913619007928908e+00
1.308913136280312584e+00
1.308912594187076062e+00
1.308912047850091742e+00
1.308911547570905221e+00
1.308911134007075150e+00
1.308910835647452364e+00
1.308910673971434679e+00
1.308910672977240841e+00
1.308910869247897013e+00
1.308911331974476067e+00
1.308912175645175369e+00
1.308913600139677946e+00
1.308915907904588671e+00
1.308919605921841978e+00
1.308925425357626127e+00
1.308934602299042460e+00
1.308948836725144060e+00
1.308971047630372420e+00
1.309004857787935405e+00
1.309056462200117954e+00
1.309131494911113469e+00
1.309238926072265219e+00
1.309376830525527335e+00
1.309540542403448304e+00
1.309682778260914171e+00
1.309753968340659824e+00
1.309671561076158008e+00
1.309447109332810610e+00
1.309162580809073884e+00
1.308964781142589295e+00
1.308934965236987047e+00
1.309041387625671460e+00
1.309177184525189830e+00
1.309234939263969721e+00
1.309179968465217003e+00
1.309055824211712737e+00
1.308953014369814261e+00
1.308932435733271671e+00
1.308985477015014443e+00
1.309052048339975682e+00
1.309073299609534446e+00
1.309034086683009246e+00
1.308969222598800775e+00
1.308928944022112129e+00
1.308937327638443726e+00
1.308976622209329754e+00
1.309008170841219565e+00
1.309007274984354430e+00
1.308980096479048782e+00
1.308955122000998950e+00
1.308955238342750294e+00
1.308980801125903204e+00
1.309014011961774582e+00
1.309036086038772639e+00
1.309045827949679275e+00
1.309054096584814531e+00
1.309077748254237727e+00
1.309121716078927022e+00
1.309181100433501221e+00
1.309246852430906882e+00
1.309310422714677458e+00
1.309373743529504086e+00
1.309434398506468478e+00
1.309490678206861158e+00
1.309530324637319776e+00
1.309534756342674466e+00
1.309495477978347422e+00
1.309403198923090983e+00
1.309277034128172534e+00
1.309136690057333574e+00
1.309013758477145739e+00
1.308929560566147732e+00
1.308893236096837054e+00
1.308899792547357555e+00
1.308934745159611168e+00
1.308980903895247572e+00
1.309022377938655168e+00
1.309048601008881763e+00
1.309053542724908370e+00
1.309036937446055315e+00
1.309004307346189888e+00
1.308964063672838352e+00
1.308926338819358159e+00
1.308898498790091347e+00
1.308883972569353737e+00
1.308881986468975800e+00
1.308889102491087586e+00
1.308901087185180501e+00
1.308914140647011060e+00
1.308925569194057559e+00
1.308933607864627646e+00
1.308937397513760592e+00
1.308936913334828755e+00
1.308932505724945905e+00
1.308925284180498805e+00
1.308916258833491275e+00
1.308906764381660537e+00
1.308897770324423337e+00
1.308890056935830382e+00
1.308883974879228695e+00
1.308879536332790749e+00
1.308876536900598575e+00
1.308874695552301404e+00
1.308873775978112830e+00
1.308873605891014202e+00
1.308874045090041349e+00
1.308874945031181625e+00
1.308876145455574402e+00
1.308877506812151648e+00
1.308878945188038045e+00
1.308880459348399139e+00
1.308882104290718162e+00
1.308883985750332490e+00
1.308886222003436961e+00
1.308888954091577350e+00
1.308892361160960194e+00
1.308896654795624892e+00
1.308902164890845432e+00
1.308909265354542217e+00
1.308918560324284330e+00
1.308930725316174160e+00
1.308946814262563541e+00
1.308968023854240270e+00
1.308996107345167692e+00
1.309033047069239952e+00
1.309081504897561921e+00
1.309144165405961235e+00
1.309224045908262468e+00
1.309322586270800226e+00
1.309439656146757835e+00
1.309568532591995016e+00
1.309697003581385744e+00
1.309799364810505073e+00
1.309846877651123620e+00
1.309805585041241116e+00
1.309665721811409833e+00
1.309443244911207449e+00
1.309195059863937027e+00
1.308988802856098976e+00
1.308877797906234486e+00
1.308874232926954706e+00
1.308949763280395917e+00
1.309053052077203905e+00
1.309132978669891978e+00
1.309157180389138642e+00
1.309119465893724632e+00
