1.309040032618713045e+00
1.308860950213054819e+00
1.308860736211488573e+00
1.308860089681289418e+00
1.308859985052325925e+00
1.308859606596637581e+00
1.308859119478966715e+00
1.308858783402995218e+00
1.308857679728649082e+00
1.308856750790095447e+00
1.308855275447721178e+00
1.308853246454785735e+00
1.308848858234981538e+00
1.308847939755330536e+00
1.308845406860741356e+00
1.308844050972145068e+00
1.308843580857110611e+00
1.308841888692079403e+00
1.308840145085903739e+00
1.308838927334601498e+00
1.308837287035609753e+00
1.308836125813479301e+00
1.308833916101876937e+00
1.308831194295849487e+00
1.308827605859974819e+00
1.308827016174932689e+00
1.308824269858924527e+00
1.308823667113724998e+00
1.308822425893986674e+00
1.308820209585016769e+00
1.308815978522163137e+00
1.308814010565541475e+00
1.308810129086904084e+00
1.308806942102791027e+00
1.308803949698821079e+00
1.308801343368769521e+00
1.308797553929483160e+00
1.308794940027387721e+00
1.308792521314579682e+00
1.308791680158298609e+00
1.308787185303005085e+00
1.308785352419244541e+00
1.308783692726245951e+00
1.308781711850274698e+00
1.308777214445274284e+00
1.308773222629426414e+00
1.308769693003751344e+00
1.308762146814856697e+00
1.308757412531078801e+00
1.308753809833877124e+00
1.308749943442883312e+00
1.308747374362075222e+00
1.308743250121076063e+00
1.308739983715251354e+00
1.308736598746054636e+00
1.308735212825235195e+00
1.308733748710933842e+00
1.308731269464257663e+00
1.308730014601407365e+00
1.308726186051179852e+00
1.308722628491939988e+00
1.308719980396935378e+00
1.308717449582330383e+00
1.308713007309691090e+00
1.308711182009524299e+00
1.308706487371007698e+00
1.308705146780918982e+00
1.308702449945168045e+00
1.308696513741722356e+00
1.308692609144940899e+00
1.308687210797493838e+00
1.308685448174062627e+00
1.308683329778235871e+00
1.308682137972459136e+00
1.308680095360732487e+00
1.308677496157087283e+00
1.308676771661070548e+00
1.308674926127178839e+00
1.308673284241379298e+00
1.308671191321881366e+00
1.308668266449910522e+00
1.308664296392024973e+00
1.308662974272698509e+00
1.308661861689375039e+00
1.308661397309129226e+00
1.308660429418736060e+00
1.308658692395071377e+00
1.308655661094651368e+00
1.308654421613962615e+00
1.308652430359926955e+00
1.308650564292559215e+00
1.308647839176721783e+00
1.308645893073532740e+00
1.308643876008297458e+00
1.308642250157860065e+00
1.308641027621247899e+00
1.308639152858799948e+00
1.308638153128168335e+00
1.308636451542358747e+00
1.308634673878062316e+00
1.308633848534345390e+00
1.308632904474660963e+00
1.308631046941324705e+00
1.308629545585273446e+00
1.308627989440818373e+00
1.308626139585529202e+00
1.308623283534799953e+00
1.308622159240184990e+00
1.308619829482964736e+00
1.308618950659249380e+00
1.308618047631227244e+00
1.308617171683667424e+00
1.308616444217905128e+00
1.308614589194700528e+00
1.308612878652599454e+00
1.308611669431902103e+00
1.308609365049202333e+00
1.308608039695574821e+00
1.308605797667260706e+00
1.308605612407122143e+00
1.308603836431900147e+00
1.308603273150967805e+00
1.308602556446434306e+00
1.308601721665407558e+00
1.308600535131124731e+00
1.308600100736922789e+00
1.308599262896128268e+00
1.308597508183304781e+00
1.308595892980857878e+00
1.308594383771266134e+00
1.308593044766430014e+00
1.308592213638093193e+00
1.308591614098666644e+00
1.308590858286762693e+00
1.308589470150430589e+00
1.308588568931773555e+00
1.308587298424251699e+00
1.308586665534302140e+00
1.308585735811446993e+00
1.308584976401299338e+00
1.308584282935105092e+00
1.308582564858414399e+00
1.308581643824562324e+00
1.308578781046132011e+00
1.308577525507188977e+00
1.308576031521921257e+00
1.308575305737048833e+00
1.308574219910220382e+00
1.308573114676436777e+00
1.308572252719185869e+00
1.308571345853361656e+00
1.308570054319622589e+00
1.308569067743121872e+00
1.308568322904366754e+00
1.308567951379639105e+00
1.308567562823577335e+00
1.308566453939111973e+00
1.308564801305818870e+00
1.308563964240406996e+00
1.308562637116884142e+00
1.308561543773775648e+00
1.308560274616295205e+00
1.308558636447881840e+00
1.308557172720624440e+00
1.308555629615675064e+00
1.308554900957523026e+00
1.308553784132470810e+00
1.308550876856089840e+00
1.308548473102476351e+00
1.308547872576389492e+00
1.308546987007559892e+00
1.308546081300857145e+00
1.308545290216148960e+00
1.308544703683862220e+00
1.308543852826828502e+00
1.308543106407830559e+00
1.308541225043114542e+00
1.308540625445280048e+00
1.308538989564859589e+00
1.308538014478187739e+00
1.308537214867859566e+00
1.308536644483962341e+00
1.308535761669702646e+00
1.308534694575613777e+00
1.308533843354751314e+00
1.308532657923593190e+00
1.308531733722743784e+00
1.308530567654369037e+00
1.308529065291982540e+00
1.308528488832730208e+00
1.308528040246235147e+00
1.308526086555636292e+00
1.308524635786670887e+00
1.308523776590720056e+00
1.308522180214850339e+00
1.308521449088939415e+00
1.308520443639193509e+00
1.308518708875099357e+00
1.308518002670730818e+00
1.308516421975900457e+00
1.308515821450113137e+00
