/*--------------------------------*- C++ -*----------------------------------*\
  =========                 |
  \\      /  F ield         | OpenFOAM: The Open Source CFD Toolbox
   \\    /   O peration     | Website:  https://openfoam.org
    \\  /    A nd           | Version:  11
     \\/     M anipulation  |
\*---------------------------------------------------------------------------*/
FoamFile
{
    format      ascii;
    class       volVectorField;
    location    "4";
    object      U;
}
// * * * * * * * * * * * * * * * * * * * * * * * * * * * * * * * * * * * * * //

dimensions      [0 1 -1 0 0 0 0];

internalField   nonuniform List<vector> 
4096
(
(0.0469364 -0.0467879 0)
(0.046613 -0.140101 0)
(0.0457956 -0.232141 0)
(0.0445206 -0.322015 0)
(0.0428009 -0.408838 0)
(0.0406545 -0.491761 0)
(0.0381046 -0.569978 0)
(0.0351774 -0.642727 0)
(0.0319025 -0.709303 0)
(0.0283129 -0.769059 0)
(0.0244443 -0.821414 0)
(0.0203357 -0.865858 0)
(0.0160269 -0.901955 0)
(0.0115626 -0.929348 0)
(0.00698212 -0.947762 0)
(0.00233711 -0.957015 0)
(-0.00233711 -0.957015 0)
(-0.00698211 -0.947762 0)
(-0.0115626 -0.929348 0)
(-0.0160269 -0.901955 0)
(-0.0203357 -0.865858 0)
(-0.0244443 -0.821414 0)
(-0.0283129 -0.769059 0)
(-0.0319025 -0.709303 0)
(-0.0351774 -0.642727 0)
(-0.0381046 -0.569978 0)
(-0.0406545 -0.491761 0)
(-0.0428009 -0.408838 0)
(-0.0445206 -0.322015 0)
(-0.0457956 -0.232141 0)
(-0.046613 -0.140101 0)
(-0.0469364 -0.0467879 0)
(-0.0467879 0.0469364 0)
(-0.0462393 0.14024 0)
(-0.0452891 0.232271 0)
(-0.0439167 0.322134 0)
(-0.042134 0.408948 0)
(-0.0399546 0.491865 0)
(-0.0373975 0.570077 0)
(-0.034486 0.642823 0)
(-0.0312475 0.709396 0)
(-0.0277119 0.76915 0)
(-0.0239127 0.821504 0)
(-0.0198849 0.865946 0)
(-0.0156676 0.902042 0)
(-0.0112987 0.929434 0)
(-0.0068237 0.947847 0)
(-0.00228033 0.9571 0)
(0.00228033 0.9571 0)
(0.0068237 0.947847 0)
(0.0112987 0.929434 0)
(0.0156676 0.902042 0)
(0.0198849 0.865946 0)
(0.0239127 0.821504 0)
(0.0277119 0.76915 0)
(0.0312475 0.709396 0)
(0.034486 0.642823 0)
(0.0373975 0.570077 0)
(0.0399546 0.491865 0)
(0.042134 0.408948 0)
(0.0439167 0.322134 0)
(0.0452891 0.232271 0)
(0.0462393 0.14024 0)
(0.0467879 0.0469364 0)
(0.14024 -0.0462393 0)
(0.139037 -0.138676 0)
(0.136456 -0.229836 0)
(0.13254 -0.318846 0)
(0.127332 -0.404834 0)
(0.120879 -0.486959 0)
(0.113246 -0.564422 0)
(0.104508 -0.63647 0)
(0.0947505 -0.702404 0)
(0.0840702 -0.761584 0)
(0.0725708 -0.813435 0)
(0.060365 -0.857451 0)
(0.0475711 -0.8932 0)
(0.0343156 -0.920329 0)
(0.0207228 -0.938566 0)
(0.00693304 -0.947728 0)
(-0.00693304 -0.947728 0)
(-0.0207228 -0.938566 0)
(-0.0343156 -0.920329 0)
(-0.0475711 -0.8932 0)
(-0.060365 -0.857451 0)
(-0.0725708 -0.813435 0)
(-0.0840702 -0.761584 0)
(-0.0947505 -0.702404 0)
(-0.104508 -0.63647 0)
(-0.113246 -0.564422 0)
(-0.120879 -0.486959 0)
(-0.127332 -0.404834 0)
(-0.13254 -0.318846 0)
(-0.136456 -0.229836 0)
(-0.139037 -0.138676 0)
(-0.14024 -0.0462393 0)
(-0.140101 0.046613 0)
(-0.138676 0.139037 0)
(-0.135957 0.230182 0)
(-0.131945 0.31917 0)
(-0.126672 0.405139 0)
(-0.120185 0.487248 0)
(-0.112542 0.5647 0)
(-0.103818 0.636739 0)
(-0.094096 0.702667 0)
(-0.0834682 0.761841 0)
(-0.072037 0.813688 0)
(-0.0599114 0.857699 0)
(-0.0472086 0.893445 0)
(-0.034049 0.920571 0)
(-0.0205624 0.938807 0)
(-0.00687519 0.947971 0)
(0.00687519 0.947971 0)
(0.0205624 0.938807 0)
(0.034049 0.920571 0)
(0.0472086 0.893445 0)
(0.0599114 0.857699 0)
(0.072037 0.813688 0)
(0.0834682 0.761841 0)
(0.094096 0.702667 0)
(0.103818 0.636739 0)
(0.112542 0.5647 0)
(0.120185 0.487248 0)
(0.126672 0.405139 0)
(0.131945 0.31917 0)
(0.135957 0.230182 0)
(0.138676 0.139037 0)
(0.140101 0.046613 0)
(0.232271 -0.0452891 0)
(0.230182 -0.135957 0)
(0.225846 -0.22536 0)
(0.219317 -0.312646 0)
(0.210661 -0.396967 0)
(0.199959 -0.477499 0)
(0.187312 -0.553459 0)
(0.172845 -0.624109 0)
(0.156698 -0.688764 0)
(0.139028 -0.746795 0)
(0.120007 -0.797641 0)
(0.0998206 -0.840804 0)
(0.0786634 -0.87586 0)
(0.0567431 -0.902463 0)
(0.034267 -0.920345 0)
(0.0114635 -0.929328 0)
(-0.0114635 -0.929328 0)
(-0.034267 -0.920345 0)
(-0.0567431 -0.902463 0)
(-0.0786634 -0.87586 0)
(-0.0998206 -0.840804 0)
(-0.120007 -0.797641 0)
(-0.139028 -0.746795 0)
(-0.156698 -0.688764 0)
(-0.172845 -0.624109 0)
(-0.187312 -0.553459 0)
(-0.199959 -0.477499 0)
(-0.210661 -0.396967 0)
(-0.219317 -0.312646 0)
(-0.225846 -0.22536 0)
(-0.230182 -0.135957 0)
(-0.232271 -0.0452891 0)
(-0.232141 0.0457956 0)
(-0.229836 0.136456 0)
(-0.22536 0.225846 0)
(-0.218735 0.313113 0)
(-0.210013 0.397412 0)
(-0.199273 0.477927 0)
(-0.186614 0.553873 0)
(-0.172158 0.624513 0)
(-0.156042 0.689161 0)
(-0.138423 0.747186 0)
(-0.119468 0.798026 0)
(-0.0993603 0.841183 0)
(-0.0782938 0.876235 0)
(-0.0564701 0.902835 0)
(-0.0341021 0.920716 0)
(-0.0114035 0.929703 0)
(0.0114035 0.929703 0)
(0.0341022 0.920716 0)
(0.0564701 0.902835 0)
(0.0782938 0.876235 0)
(0.0993603 0.841183 0)
(0.119468 0.798026 0)
(0.138423 0.747186 0)
(0.156042 0.689161 0)
(0.172158 0.624513 0)
(0.186614 0.553873 0)
(0.199273 0.477927 0)
(0.210013 0.397412 0)
(0.218735 0.313113 0)
(0.22536 0.225846 0)
(0.229836 0.136456 0)
(0.232141 0.0457956 0)
(0.322134 -0.0439167 0)
(0.31917 -0.131945 0)
(0.313113 -0.218735 0)
(0.304024 -0.30346 0)
(0.291996 -0.385301 0)
(0.277141 -0.463463 0)
(0.259598 -0.537187 0)
(0.239536 -0.605757 0)
(0.217152 -0.668508 0)
(0.192661 -0.724831 0)
(0.1663 -0.77418 0)
(0.138325 -0.816072 0)
(0.109006 -0.850097 0)
(0.0786299 -0.875916 0)
(0.0474849 -0.89327 0)
(0.015885 -0.901987 0)
(-0.015885 -0.901987 0)
(-0.0474849 -0.89327 0)
(-0.0786299 -0.875916 0)
(-0.109006 -0.850097 0)
(-0.138325 -0.816072 0)
(-0.1663 -0.77418 0)
(-0.192661 -0.724831 0)
(-0.217152 -0.668508 0)
(-0.239536 -0.605757 0)
(-0.259597 -0.537187 0)
(-0.277141 -0.463463 0)
(-0.291996 -0.385301 0)
(-0.304024 -0.30346 0)
(-0.313113 -0.218735 0)
(-0.31917 -0.131945 0)
(-0.322134 -0.0439167 0)
(-0.322015 0.0445206 0)
(-0.318846 0.13254 0)
(-0.312646 0.219317 0)
(-0.30346 0.304024 0)
(-0.291363 0.385847 0)
(-0.276465 0.463993 0)
(-0.258905 0.537704 0)
(-0.23885 0.606266 0)
(-0.216493 0.66901 0)
(-0.192049 0.725329 0)
(-0.165751 0.774673 0)
(-0.137853 0.81656 0)
(-0.108625 0.850581 0)
(-0.0783471 0.876398 0)
(-0.047313 0.893754 0)
(-0.0158218 0.902478 0)
(0.0158218 0.902478 0)
(0.047313 0.893754 0)
(0.0783471 0.876398 0)
(0.108625 0.850581 0)
(0.137853 0.81656 0)
(0.165751 0.774673 0)
(0.192049 0.725329 0)
(0.216493 0.66901 0)
(0.23885 0.606266 0)
(0.258905 0.537704 0)
(0.276465 0.463993 0)
(0.291363 0.385847 0)
(0.30346 0.304024 0)
(0.312646 0.219317 0)
(0.318846 0.13254 0)
(0.322015 0.0445206 0)
(0.408948 -0.042134 0)
(0.405139 -0.126672 0)
(0.397412 -0.210013 0)
(0.385847 -0.291363 0)
(0.370557 -0.369938 0)
(0.351685 -0.444979 0)
(0.329409 -0.515756 0)
(0.303944 -0.581585 0)
(0.275534 -0.641827 0)
(0.244454 -0.695899 0)
(0.211004 -0.743275 0)
(0.175508 -0.783492 0)
(0.138308 -0.816156 0)
(0.099766 -0.840942 0)
(0.0602496 -0.8576 0)
(0.0201552 -0.865966 0)
(-0.0201552 -0.865966 0)
(-0.0602496 -0.8576 0)
(-0.099766 -0.840942 0)
(-0.138308 -0.816156 0)
(-0.175508 -0.783492 0)
(-0.211004 -0.743275 0)
(-0.244454 -0.695899 0)
(-0.275534 -0.641827 0)
(-0.303944 -0.581585 0)
(-0.329409 -0.515756 0)
(-0.351685 -0.444978 0)
(-0.370557 -0.369938 0)
(-0.385847 -0.291363 0)
(-0.397412 -0.210013 0)
(-0.405139 -0.126672 0)
(-0.408948 -0.042134 0)
(-0.408838 0.0428009 0)
(-0.404834 0.127332 0)
(-0.396967 0.210661 0)
(-0.385301 0.291996 0)
(-0.369938 0.370557 0)
(-0.351019 0.445584 0)
(-0.328721 0.516353 0)
(-0.303257 0.582176 0)
(-0.27487 0.642415 0)
(-0.243832 0.696484 0)
(-0.210442 0.743857 0)
(-0.175022 0.784072 0)
(-0.137912 0.816734 0)
(-0.0994701 0.84152 0)
(-0.0600684 0.858184 0)
(-0.0200879 0.866561 0)
(0.0200879 0.866561 0)
(0.0600684 0.858184 0)
(0.0994702 0.84152 0)
(0.137912 0.816734 0)
(0.175022 0.784072 0)
(0.210442 0.743857 0)
(0.243832 0.696484 0)
(0.27487 0.642415 0)
(0.303257 0.582176 0)
(0.328721 0.516353 0)
(0.351019 0.445584 0)
(0.369938 0.370557 0)
(0.385301 0.291996 0)
(0.396967 0.210661 0)
(0.404834 0.127332 0)
(0.408838 0.0428009 0)
(0.491865 -0.0399546 0)
(0.487248 -0.120185 0)
(0.477927 -0.199273 0)
(0.463993 -0.276465 0)
(0.445584 -0.351019 0)
(0.422874 -0.422216 0)
(0.396076 -0.489367 0)
(0.365447 -0.551821 0)
(0.331282 -0.608975 0)
(0.29391 -0.660274 0)
(0.253691 -0.70522 0)
(0.211013 -0.743374 0)
(0.166287 -0.774362 0)
(0.119948 -0.797875 0)
(0.0724385 -0.813676 0)
(0.0242329 -0.821609 0)
(-0.0242329 -0.821609 0)
(-0.0724385 -0.813676 0)
(-0.119948 -0.797875 0)
(-0.166287 -0.774362 0)
(-0.211013 -0.743374 0)
(-0.253691 -0.70522 0)
(-0.29391 -0.660274 0)
(-0.331282 -0.608975 0)
(-0.365447 -0.551821 0)
(-0.396076 -0.489367 0)
(-0.422874 -0.422216 0)
(-0.445584 -0.351019 0)
(-0.463993 -0.276465 0)
(-0.477927 -0.199273 0)
(-0.487248 -0.120184 0)
(-0.491865 -0.0399546 0)
(-0.491761 0.0406545 0)
(-0.486959 0.120879 0)
(-0.477499 0.199959 0)
(-0.463463 0.277141 0)
(-0.444978 0.351685 0)
(-0.422216 0.422874 0)
(-0.395391 0.49002 0)
(-0.364758 0.552473 0)
(-0.33061 0.609627 0)
(-0.293275 0.660928 0)
(-0.253112 0.705875 0)
(-0.210508 0.744031 0)
(-0.165873 0.77502 0)
(-0.119636 0.798538 0)
(-0.0722457 0.814349 0)
(-0.0241609 0.822298 0)
(0.0241609 0.822298 0)
(0.0722457 0.814349 0)
(0.119636 0.798538 0)
(0.165873 0.77502 0)
(0.210508 0.744031 0)
(0.253112 0.705875 0)
(0.293275 0.660928 0)
(0.33061 0.609627 0)
(0.364758 0.552473 0)
(0.395391 0.49002 0)
(0.422216 0.422874 0)
(0.444979 0.351685 0)
(0.463463 0.277141 0)
(0.477499 0.199959 0)
(0.486959 0.120879 0)
(0.491761 0.0406545 0)
(0.570077 -0.0373975 0)
(0.5647 -0.112542 0)
(0.553873 -0.186614 0)
(0.537704 -0.258905 0)
(0.516353 -0.328721 0)
(0.49002 -0.395391 0)
(0.458955 -0.458269 0)
(0.423455 -0.516748 0)
(0.383861 -0.570264 0)
(0.340554 -0.618296 0)
(0.29395 -0.660379 0)
(0.244498 -0.696103 0)
(0.192675 -0.725116 0)
(0.138983 -0.747129 0)
(0.0839345 -0.76192 0)
(0.0280791 -0.769342 0)
(-0.0280791 -0.769342 0)
(-0.0839345 -0.76192 0)
(-0.138983 -0.747129 0)
(-0.192675 -0.725116 0)
(-0.244498 -0.696103 0)
(-0.29395 -0.660379 0)
(-0.340554 -0.618296 0)
(-0.383861 -0.570264 0)
(-0.423455 -0.516748 0)
(-0.458955 -0.458269 0)
(-0.49002 -0.395391 0)
(-0.516353 -0.328721 0)
(-0.537704 -0.258905 0)
(-0.553873 -0.186614 0)
(-0.5647 -0.112542 0)
(-0.570077 -0.0373974 0)
(-0.569978 0.0381046 0)
(-0.564422 0.113246 0)
(-0.553459 0.187312 0)
(-0.537187 0.259598 0)
(-0.515756 0.329409 0)
(-0.489367 0.396076 0)
(-0.458269 0.458955 0)
(-0.422759 0.517439 0)
(-0.383177 0.570959 0)
(-0.339902 0.618999 0)
(-0.293351 0.661088 0)
(-0.243971 0.696818 0)
(-0.192239 0.725838 0)
(-0.138652 0.74786 0)
(-0.0837278 0.762668 0)
(-0.0280015 0.770112 0)
(0.0280015 0.770112 0)
(0.0837278 0.762668 0)
(0.138652 0.74786 0)
(0.192239 0.725838 0)
(0.243971 0.696818 0)
(0.293351 0.661088 0)
(0.339902 0.618999 0)
(0.383177 0.570959 0)
(0.422759 0.517439 0)
(0.458269 0.458955 0)
(0.489367 0.396076 0)
(0.515756 0.329409 0)
(0.537187 0.259597 0)
(0.553459 0.187312 0)
(0.564422 0.113246 0)
(0.569978 0.0381046 0)
(0.642823 -0.034486 0)
(0.636739 -0.103818 0)
(0.624513 -0.172158 0)
(0.606266 -0.23885 0)
(0.582176 -0.303257 0)
(0.552473 -0.364758 0)
(0.517439 -0.422759 0)
(0.477407 -0.476701 0)
(0.432763 -0.526063 0)
(0.383935 -0.570367 0)
(0.331393 -0.609183 0)
(0.275642 -0.642132 0)
(0.217218 -0.66889 0)
(0.156687 -0.689191 0)
(0.0946268 -0.702828 0)
(0.0316567 -0.709669 0)
(-0.0316567 -0.709669 0)
(-0.0946268 -0.702828 0)
(-0.156687 -0.689191 0)
(-0.217218 -0.66889 0)
(-0.275642 -0.642132 0)
(-0.331393 -0.609183 0)
(-0.383935 -0.570367 0)
(-0.432763 -0.526063 0)
(-0.477407 -0.476701 0)
(-0.517439 -0.422759 0)
(-0.552473 -0.364758 0)
(-0.582176 -0.303257 0)
(-0.606266 -0.23885 0)
(-0.624513 -0.172158 0)
(-0.636739 -0.103818 0)
(-0.642823 -0.034486 0)
(-0.642727 0.0351774 0)
(-0.63647 0.104508 0)
(-0.624109 0.172845 0)
(-0.605757 0.239536 0)
(-0.581585 0.303944 0)
(-0.551821 0.365447 0)
(-0.516748 0.423455 0)
(-0.476701 0.477407 0)
(-0.432064 0.526781 0)
(-0.383264 0.571097 0)
(-0.33077 0.609925 0)
(-0.275089 0.642886 0)
(-0.216756 0.669657 0)
(-0.156333 0.689974 0)
(-0.094404 0.703635 0)
(-0.0315726 0.710504 0)
(0.0315726 0.710504 0)
(0.094404 0.703634 0)
(0.156333 0.689974 0)
(0.216756 0.669657 0)
(0.275089 0.642886 0)
(0.33077 0.609925 0)
(0.383264 0.571097 0)
(0.432064 0.526781 0)
(0.476701 0.477407 0)
(0.516748 0.423455 0)
(0.551821 0.365447 0)
(0.581585 0.303944 0)
(0.605757 0.239536 0)
(0.624109 0.172845 0)
(0.63647 0.104507 0)
(0.642727 0.0351774 0)
(0.709396 -0.0312475 0)
(0.702667 -0.094096 0)
(0.689161 -0.156042 0)
(0.66901 -0.216493 0)
(0.642415 -0.27487 0)
(0.609627 -0.33061 0)
(0.570959 -0.383177 0)
(0.526781 -0.432064 0)
(0.477515 -0.476798 0)
(0.423635 -0.516948 0)
(0.365658 -0.552123 0)
(0.304142 -0.58198 0)
(0.239678 -0.606225 0)
(0.172888 -0.624617 0)
(0.104412 -0.63697 0)
(0.0349312 -0.643163 0)
(-0.0349312 -0.643163 0)
(-0.104412 -0.63697 0)
(-0.172888 -0.624617 0)
(-0.239678 -0.606225 0)
(-0.304142 -0.58198 0)
(-0.365658 -0.552123 0)
(-0.423635 -0.516948 0)
(-0.477515 -0.476798 0)
(-0.526781 -0.432064 0)
(-0.570959 -0.383177 0)
(-0.609627 -0.33061 0)
(-0.642415 -0.27487 0)
(-0.66901 -0.216493 0)
(-0.689161 -0.156042 0)
(-0.702667 -0.094096 0)
(-0.709396 -0.0312475 0)
(-0.709303 0.0319025 0)
(-0.702404 0.0947506 0)
(-0.688764 0.156698 0)
(-0.668508 0.217152 0)
(-0.641827 0.275534 0)
(-0.608975 0.331282 0)
(-0.570264 0.383861 0)
(-0.526063 0.432763 0)
(-0.476798 0.477515 0)
(-0.422941 0.517683 0)
(-0.365009 0.552876 0)
(-0.303561 0.582752 0)
(-0.239187 0.607017 0)
(-0.172509 0.625432 0)
(-0.104171 0.637816 0)
(-0.0348398 0.644043 0)
(0.0348398 0.644043 0)
(0.104171 0.637816 0)
(0.172509 0.625432 0)
(0.239187 0.607017 0)
(0.303561 0.582752 0)
(0.365009 0.552876 0)
(0.422941 0.517683 0)
(0.476798 0.477515 0)
(0.526063 0.432763 0)
(0.570264 0.383861 0)
(0.608975 0.331282 0)
(0.641827 0.275534 0)
(0.668508 0.217152 0)
(0.688764 0.156698 0)
(0.702404 0.0947505 0)
(0.709303 0.0319025 0)
(0.76915 -0.0277119 0)
(0.761841 -0.0834682 0)
(0.747186 -0.138423 0)
(0.725329 -0.192049 0)
(0.696484 -0.243832 0)
(0.660928 -0.293275 0)
(0.618999 -0.339902 0)
(0.571097 -0.383264 0)
(0.517683 -0.422941 0)
(0.459268 -0.458551 0)
(0.396414 -0.489746 0)
(0.329723 -0.516224 0)
(0.259838 -0.537724 0)
(0.187432 -0.55403 0)
(0.113197 -0.564979 0)
(0.037871 -0.570464 0)
(-0.037871 -0.570464 0)
(-0.113197 -0.564979 0)
(-0.187432 -0.55403 0)
(-0.259838 -0.537724 0)
(-0.329723 -0.516224 0)
(-0.396414 -0.489746 0)
(-0.459268 -0.458551 0)
(-0.517683 -0.422941 0)
(-0.571097 -0.383264 0)
(-0.618999 -0.339902 0)
(-0.660928 -0.293275 0)
(-0.696484 -0.243832 0)
(-0.725329 -0.192049 0)
(-0.747186 -0.138423 0)
(-0.761841 -0.0834682 0)
(-0.76915 -0.0277119 0)
(-0.769059 0.0283129 0)
(-0.761584 0.0840702 0)
(-0.746795 0.139028 0)
(-0.724831 0.192661 0)
(-0.695899 0.244454 0)
(-0.660274 0.29391 0)
(-0.618296 0.340554 0)
(-0.570367 0.383935 0)
(-0.516948 0.423635 0)
(-0.458551 0.459268 0)
(-0.395737 0.490489 0)
(-0.329111 0.516992 0)
(-0.259316 0.538518 0)
(-0.187024 0.554856 0)
(-0.112934 0.565843 0)
(-0.0377713 0.571368 0)
(0.0377713 0.571368 0)
(0.112934 0.565843 0)
(0.187024 0.554856 0)
(0.259316 0.538518 0)
(0.329111 0.516992 0)
(0.395737 0.490489 0)
(0.458551 0.459268 0)
(0.516948 0.423635 0)
(0.570367 0.383935 0)
(0.618296 0.340554 0)
(0.660274 0.29391 0)
(0.695899 0.244454 0)
(0.724831 0.192661 0)
(0.746795 0.139028 0)
(0.761584 0.0840702 0)
(0.769059 0.0283129 0)
(0.821504 -0.0239127 0)
(0.813688 -0.072037 0)
(0.798026 -0.119468 0)
(0.774673 -0.165751 0)
(0.743857 -0.210442 0)
(0.705875 -0.253112 0)
(0.661088 -0.293351 0)
(0.609925 -0.33077 0)
(0.552876 -0.365009 0)
(0.490489 -0.395737 0)
(0.423361 -0.422654 0)
(0.352137 -0.445499 0)
(0.277502 -0.464046 0)
(0.200175 -0.478111 0)
(0.120895 -0.487551 0)
(0.0404477 -0.492275 0)
(-0.0404477 -0.492275 0)
(-0.120895 -0.487551 0)
(-0.200175 -0.478111 0)
(-0.277502 -0.464046 0)
(-0.352137 -0.445499 0)
(-0.423361 -0.422654 0)
(-0.490489 -0.395737 0)
(-0.552876 -0.365009 0)
(-0.609925 -0.33077 0)
(-0.661088 -0.293351 0)
(-0.705875 -0.253112 0)
(-0.743857 -0.210442 0)
(-0.774673 -0.165751 0)
(-0.798026 -0.119468 0)
(-0.813688 -0.072037 0)
(-0.821504 -0.0239127 0)
(-0.821414 0.0244443 0)
(-0.813435 0.0725708 0)
(-0.797641 0.120007 0)
(-0.77418 0.1663 0)
(-0.743275 0.211004 0)
(-0.70522 0.253691 0)
(-0.660379 0.29395 0)
(-0.609183 0.331393 0)
(-0.552123 0.365658 0)
(-0.489746 0.396414 0)
(-0.422654 0.423361 0)
(-0.351492 0.446237 0)
(-0.276947 0.464817 0)
(-0.199736 0.47892 0)
(-0.120608 0.488405 0)
(-0.0403383 0.493175 0)
(0.0403383 0.493175 0)
(0.120608 0.488405 0)
(0.199736 0.47892 0)
(0.276947 0.464817 0)
(0.351492 0.446237 0)
(0.422654 0.423361 0)
(0.489746 0.396414 0)
(0.552123 0.365658 0)
(0.609183 0.331393 0)
(0.660379 0.29395 0)
(0.70522 0.253691 0)
(0.743275 0.211004 0)
(0.77418 0.1663 0)
(0.797641 0.120007 0)
(0.813435 0.0725708 0)
(0.821414 0.0244443 0)
(0.865946 -0.0198849 0)
(0.857699 -0.0599114 0)
(0.841183 -0.0993603 0)
(0.81656 -0.137853 0)
(0.784072 -0.175022 0)
(0.744031 -0.210508 0)
(0.696818 -0.243971 0)
(0.642886 -0.275089 0)
(0.582752 -0.303561 0)
(0.516992 -0.329111 0)
(0.446237 -0.351492 0)
(0.371166 -0.370485 0)
(0.292499 -0.385902 0)
(0.210995 -0.397591 0)
(0.127432 -0.405431 0)
(0.0426363 -0.40935 0)
(-0.0426363 -0.40935 0)
(-0.127432 -0.405431 0)
(-0.210995 -0.397591 0)
(-0.292499 -0.385902 0)
(-0.371166 -0.370485 0)
(-0.446237 -0.351492 0)
(-0.516992 -0.329111 0)
(-0.582752 -0.303561 0)
(-0.642886 -0.275089 0)
(-0.696818 -0.243971 0)
(-0.744031 -0.210508 0)
(-0.784072 -0.175022 0)
(-0.81656 -0.137853 0)
(-0.841183 -0.0993603 0)
(-0.857699 -0.0599114 0)
(-0.865946 -0.0198849 0)
(-0.865858 0.0203357 0)
(-0.857451 0.060365 0)
(-0.840804 0.0998207 0)
(-0.816072 0.138325 0)
(-0.783492 0.175508 0)
(-0.743374 0.211013 0)
(-0.696103 0.244498 0)
(-0.642132 0.275642 0)
(-0.58198 0.304142 0)
(-0.516224 0.329723 0)
(-0.445499 0.352137 0)
(-0.370485 0.371166 0)
(-0.291906 0.386622 0)
(-0.21052 0.398354 0)
(-0.127118 0.406245 0)
(-0.0425154 0.410214 0)
(0.0425154 0.410214 0)
(0.127118 0.406245 0)
(0.21052 0.398354 0)
(0.291906 0.386622 0)
(0.370485 0.371166 0)
(0.445499 0.352137 0)
(0.516224 0.329723 0)
(0.58198 0.304142 0)
(0.642132 0.275642 0)
(0.696103 0.244498 0)
(0.743374 0.211013 0)
(0.783492 0.175508 0)
(0.816072 0.138325 0)
(0.840804 0.0998206 0)
(0.857451 0.060365 0)
(0.865858 0.0203357 0)
(0.902042 -0.0156676 0)
(0.893445 -0.0472086 0)
(0.876235 -0.0782938 0)
(0.850581 -0.108625 0)
(0.816734 -0.137912 0)
(0.77502 -0.165873 0)
(0.725838 -0.192239 0)
(0.669657 -0.216756 0)
(0.607017 -0.239187 0)
(0.538518 -0.259316 0)
(0.464817 -0.276947 0)
(0.386622 -0.291906 0)
(0.304682 -0.304047 0)
(0.219785 -0.313248 0)
(0.132744 -0.319416 0)
(0.0444153 -0.322493 0)
(-0.0444153 -0.322493 0)
(-0.132744 -0.319416 0)
(-0.219785 -0.313248 0)
(-0.304682 -0.304047 0)
(-0.386622 -0.291906 0)
(-0.464817 -0.276947 0)
(-0.538518 -0.259316 0)
(-0.607017 -0.239187 0)
(-0.669657 -0.216756 0)
(-0.725838 -0.192239 0)
(-0.77502 -0.165873 0)
(-0.816734 -0.137912 0)
(-0.850581 -0.108625 0)
(-0.876235 -0.0782938 0)
(-0.893445 -0.0472086 0)
(-0.902042 -0.0156676 0)
(-0.901955 0.0160269 0)
(-0.8932 0.0475711 0)
(-0.87586 0.0786635 0)
(-0.850097 0.109006 0)
(-0.816156 0.138308 0)
(-0.774362 0.166287 0)
(-0.725116 0.192675 0)
(-0.66889 0.217218 0)
(-0.606225 0.239678 0)
(-0.537724 0.259838 0)
(-0.464046 0.277502 0)
(-0.385902 0.292499 0)
(-0.304047 0.304682 0)
(-0.21927 0.31393 0)
(-0.132397 0.320152 0)
(-0.0442809 0.323281 0)
(0.0442809 0.323281 0)
(0.132397 0.320152 0)
(0.21927 0.31393 0)
(0.304047 0.304682 0)
(0.385902 0.292499 0)
(0.464046 0.277502 0)
(0.537724 0.259838 0)
(0.606225 0.239678 0)
(0.66889 0.217218 0)
(0.725116 0.192675 0)
(0.774362 0.166287 0)
(0.816156 0.138308 0)
(0.850097 0.109006 0)
(0.87586 0.0786634 0)
(0.8932 0.0475711 0)
(0.901955 0.0160269 0)
(0.929434 -0.0112987 0)
(0.920571 -0.034049 0)
(0.902835 -0.0564701 0)
(0.876398 -0.0783471 0)
(0.84152 -0.0994702 0)
(0.798538 -0.119636 0)
(0.74786 -0.138652 0)
(0.689974 -0.156333 0)
(0.625432 -0.172509 0)
(0.554856 -0.187024 0)
(0.47892 -0.199736 0)
(0.398354 -0.21052 0)
(0.31393 -0.21927 0)
(0.22646 -0.225898 0)
(0.136778 -0.230337 0)
(0.0457675 -0.232547 0)
(-0.0457675 -0.232547 0)
(-0.136778 -0.230337 0)
(-0.22646 -0.225898 0)
(-0.31393 -0.21927 0)
(-0.398354 -0.21052 0)
(-0.47892 -0.199736 0)
(-0.554856 -0.187024 0)
(-0.625432 -0.172509 0)
(-0.689974 -0.156333 0)
(-0.74786 -0.138652 0)
(-0.798538 -0.119636 0)
(-0.84152 -0.0994701 0)
(-0.876398 -0.0783471 0)
(-0.902835 -0.0564701 0)
(-0.920571 -0.034049 0)
(-0.929434 -0.0112986 0)
(-0.929348 0.0115626 0)
(-0.920329 0.0343156 0)
(-0.902463 0.0567431 0)
(-0.875916 0.0786299 0)
(-0.840942 0.099766 0)
(-0.797875 0.119948 0)
(-0.747129 0.138983 0)
(-0.689191 0.156687 0)
(-0.624617 0.172889 0)
(-0.55403 0.187432 0)
(-0.478111 0.200175 0)
(-0.397591 0.210995 0)
(-0.313248 0.219785 0)
(-0.225898 0.22646 0)
(-0.136393 0.230951 0)
(-0.0456166 0.23321 0)
(0.0456166 0.23321 0)
(0.136393 0.230951 0)
(0.225898 0.22646 0)
(0.313248 0.219785 0)
(0.397591 0.210995 0)
(0.478111 0.200175 0)
(0.55403 0.187432 0)
(0.624617 0.172888 0)
(0.689191 0.156687 0)
(0.747129 0.138983 0)
(0.797875 0.119948 0)
(0.840942 0.099766 0)
(0.875916 0.0786299 0)
(0.902463 0.0567431 0)
(0.920329 0.0343156 0)
(0.929348 0.0115626 0)
(0.947847 -0.0068237 0)
(0.938807 -0.0205624 0)
(0.920716 -0.0341022 0)
(0.893754 -0.047313 0)
(0.858184 -0.0600684 0)
(0.814349 -0.0722457 0)
(0.762668 -0.0837278 0)
(0.703634 -0.094404 0)
(0.637816 -0.104171 0)
(0.565842 -0.112934 0)
(0.488405 -0.120608 0)
(0.406245 -0.127118 0)
(0.320152 -0.132397 0)
(0.230951 -0.136393 0)
(0.139495 -0.139067 0)
(0.0466788 -0.140394 0)
(-0.0466788 -0.140394 0)
(-0.139495 -0.139067 0)
(-0.230951 -0.136393 0)
(-0.320152 -0.132397 0)
(-0.406245 -0.127118 0)
(-0.488405 -0.120608 0)
(-0.565843 -0.112934 0)
(-0.637816 -0.104171 0)
(-0.703635 -0.094404 0)
(-0.762668 -0.0837278 0)
(-0.814349 -0.0722457 0)
(-0.858184 -0.0600684 0)
(-0.893754 -0.047313 0)
(-0.920716 -0.0341021 0)
(-0.938807 -0.0205624 0)
(-0.947847 -0.00682369 0)
(-0.947762 0.00698212 0)
(-0.938566 0.0207228 0)
(-0.920345 0.034267 0)
(-0.89327 0.0474849 0)
(-0.8576 0.0602496 0)
(-0.813676 0.0724385 0)
(-0.76192 0.0839345 0)
(-0.702828 0.0946268 0)
(-0.63697 0.104412 0)
(-0.564979 0.113197 0)
(-0.487551 0.120895 0)
(-0.405431 0.127432 0)
(-0.319416 0.132744 0)
(-0.230337 0.136778 0)
(-0.139067 0.139495 0)
(-0.046509 0.140863 0)
(0.046509 0.140863 0)
(0.139067 0.139495 0)
(0.230337 0.136778 0)
(0.319416 0.132744 0)
(0.405431 0.127432 0)
(0.487551 0.120895 0)
(0.564979 0.113197 0)
(0.63697 0.104412 0)
(0.702828 0.0946268 0)
(0.76192 0.0839345 0)
(0.813676 0.0724385 0)
(0.8576 0.0602496 0)
(0.89327 0.0474849 0)
(0.920345 0.034267 0)
(0.938566 0.0207228 0)
(0.947762 0.00698212 0)
(0.9571 -0.00228033 0)
(0.947971 -0.00687518 0)
(0.929703 -0.0114035 0)
(0.902478 -0.0158218 0)
(0.866561 -0.0200879 0)
(0.822298 -0.0241609 0)
(0.770112 -0.0280015 0)
(0.710504 -0.0315726 0)
(0.644043 -0.0348398 0)
(0.571368 -0.0377713 0)
(0.493175 -0.0403383 0)
(0.410214 -0.0425154 0)
(0.323281 -0.0442809 0)
(0.23321 -0.0456166 0)
(0.140863 -0.046509 0)
(0.0471381 -0.0469511 0)
(-0.0471381 -0.0469511 0)
(-0.140863 -0.046509 0)
(-0.23321 -0.0456166 0)
(-0.323281 -0.0442809 0)
(-0.410214 -0.0425154 0)
(-0.493175 -0.0403383 0)
(-0.571368 -0.0377713 0)
(-0.644043 -0.0348398 0)
(-0.710504 -0.0315726 0)
(-0.770112 -0.0280015 0)
(-0.822298 -0.0241609 0)
(-0.866561 -0.0200879 0)
(-0.902478 -0.0158218 0)
(-0.929703 -0.0114035 0)
(-0.947971 -0.00687518 0)
(-0.9571 -0.00228033 0)
(-0.957015 0.00233711 0)
(-0.947728 0.00693304 0)
(-0.929328 0.0114635 0)
(-0.901987 0.015885 0)
(-0.865966 0.0201552 0)
(-0.821609 0.024233 0)
(-0.769342 0.0280791 0)
(-0.709669 0.0316567 0)
(-0.643163 0.0349312 0)
(-0.570464 0.037871 0)
(-0.492275 0.0404477 0)
(-0.40935 0.0426363 0)
(-0.322493 0.0444153 0)
(-0.232547 0.0457675 0)
(-0.140394 0.0466788 0)
(-0.0469511 0.0471381 0)
(0.0469511 0.0471381 0)
(0.140394 0.0466788 0)
(0.232547 0.0457675 0)
(0.322493 0.0444153 0)
(0.40935 0.0426363 0)
(0.492275 0.0404477 0)
(0.570464 0.037871 0)
(0.643163 0.0349312 0)
(0.709669 0.0316567 0)
(0.769342 0.0280791 0)
(0.821609 0.024233 0)
(0.865966 0.0201552 0)
(0.901987 0.015885 0)
(0.929328 0.0114635 0)
(0.947728 0.00693304 0)
(0.957015 0.00233711 0)
(0.9571 0.00228034 0)
(0.947971 0.00687519 0)
(0.929703 0.0114035 0)
(0.902478 0.0158218 0)
(0.866561 0.0200879 0)
(0.822298 0.0241609 0)
(0.770112 0.0280015 0)
(0.710504 0.0315726 0)
(0.644043 0.0348398 0)
(0.571368 0.0377713 0)
(0.493175 0.0403383 0)
(0.410214 0.0425154 0)
(0.323281 0.0442809 0)
(0.23321 0.0456166 0)
(0.140863 0.046509 0)
(0.0471381 0.0469511 0)
(-0.0471381 0.0469511 0)
(-0.140863 0.046509 0)
(-0.23321 0.0456166 0)
(-0.323281 0.0442809 0)
(-0.410214 0.0425154 0)
(-0.493175 0.0403383 0)
(-0.571368 0.0377713 0)
(-0.644043 0.0348398 0)
(-0.710504 0.0315726 0)
(-0.770112 0.0280015 0)
(-0.822298 0.0241609 0)
(-0.866561 0.0200879 0)
(-0.902478 0.0158218 0)
(-0.929703 0.0114035 0)
(-0.947971 0.00687519 0)
(-0.9571 0.00228033 0)
(-0.957015 -0.0023371 0)
(-0.947728 -0.00693304 0)
(-0.929328 -0.0114635 0)
(-0.901987 -0.015885 0)
(-0.865966 -0.0201552 0)
(-0.821609 -0.0242329 0)
(-0.769342 -0.0280791 0)
(-0.709669 -0.0316567 0)
(-0.643163 -0.0349312 0)
(-0.570464 -0.037871 0)
(-0.492275 -0.0404477 0)
(-0.40935 -0.0426363 0)
(-0.322493 -0.0444153 0)
(-0.232547 -0.0457675 0)
(-0.140394 -0.0466788 0)
(-0.0469511 -0.0471381 0)
(0.0469511 -0.0471381 0)
(0.140394 -0.0466788 0)
(0.232547 -0.0457675 0)
(0.322493 -0.0444153 0)
(0.40935 -0.0426363 0)
(0.492275 -0.0404477 0)
(0.570464 -0.037871 0)
(0.643163 -0.0349312 0)
(0.709669 -0.0316567 0)
(0.769342 -0.0280791 0)
(0.821609 -0.0242329 0)
(0.865966 -0.0201552 0)
(0.901987 -0.015885 0)
(0.929328 -0.0114635 0)
(0.947728 -0.00693303 0)
(0.957015 -0.0023371 0)
(0.947847 0.0068237 0)
(0.938807 0.0205624 0)
(0.920716 0.0341022 0)
(0.893754 0.047313 0)
(0.858184 0.0600684 0)
(0.814349 0.0722457 0)
(0.762668 0.0837278 0)
(0.703634 0.094404 0)
(0.637816 0.104171 0)
(0.565842 0.112934 0)
(0.488405 0.120608 0)
(0.406245 0.127118 0)
(0.320152 0.132397 0)
(0.230951 0.136393 0)
(0.139495 0.139067 0)
(0.0466788 0.140394 0)
(-0.0466788 0.140394 0)
(-0.139495 0.139067 0)
(-0.230951 0.136393 0)
(-0.320152 0.132397 0)
(-0.406245 0.127118 0)
(-0.488405 0.120608 0)
(-0.565843 0.112934 0)
(-0.637816 0.104171 0)
(-0.703635 0.094404 0)
(-0.762668 0.0837278 0)
(-0.814349 0.0722457 0)
(-0.858184 0.0600684 0)
(-0.893754 0.047313 0)
(-0.920716 0.0341022 0)
(-0.938807 0.0205624 0)
(-0.947847 0.0068237 0)
(-0.947762 -0.00698211 0)
(-0.938566 -0.0207228 0)
(-0.920345 -0.034267 0)
(-0.89327 -0.0474849 0)
(-0.8576 -0.0602496 0)
(-0.813676 -0.0724385 0)
(-0.76192 -0.0839345 0)
(-0.702828 -0.0946268 0)
(-0.63697 -0.104412 0)
(-0.564979 -0.113197 0)
(-0.487551 -0.120895 0)
(-0.405431 -0.127432 0)
(-0.319416 -0.132744 0)
(-0.230337 -0.136778 0)
(-0.139067 -0.139495 0)
(-0.046509 -0.140863 0)
(0.046509 -0.140863 0)
(0.139067 -0.139495 0)
(0.230337 -0.136778 0)
(0.319416 -0.132744 0)
(0.405431 -0.127432 0)
(0.487551 -0.120895 0)
(0.564979 -0.113197 0)
(0.63697 -0.104412 0)
(0.702828 -0.0946268 0)
(0.76192 -0.0839345 0)
(0.813676 -0.0724385 0)
(0.8576 -0.0602496 0)
(0.89327 -0.0474849 0)
(0.920345 -0.034267 0)
(0.938566 -0.0207228 0)
(0.947762 -0.00698211 0)
(0.929434 0.0112987 0)
(0.920571 0.034049 0)
(0.902835 0.0564701 0)
(0.876398 0.0783471 0)
(0.84152 0.0994702 0)
(0.798538 0.119636 0)
(0.74786 0.138652 0)
(0.689974 0.156333 0)
(0.625432 0.172509 0)
(0.554856 0.187024 0)
(0.47892 0.199736 0)
(0.398354 0.21052 0)
(0.31393 0.21927 0)
(0.22646 0.225898 0)
(0.136778 0.230337 0)
(0.0457675 0.232547 0)
(-0.0457675 0.232547 0)
(-0.136778 0.230337 0)
(-0.22646 0.225898 0)
(-0.31393 0.21927 0)
(-0.398354 0.21052 0)
(-0.47892 0.199736 0)
(-0.554856 0.187024 0)
(-0.625432 0.172509 0)
(-0.689974 0.156333 0)
(-0.74786 0.138652 0)
(-0.798538 0.119636 0)
(-0.84152 0.0994701 0)
(-0.876398 0.0783471 0)
(-0.902835 0.0564701 0)
(-0.920571 0.034049 0)
(-0.929434 0.0112987 0)
(-0.929348 -0.0115626 0)
(-0.920329 -0.0343156 0)
(-0.902463 -0.0567431 0)
(-0.875916 -0.0786299 0)
(-0.840942 -0.099766 0)
(-0.797875 -0.119948 0)
(-0.747129 -0.138983 0)
(-0.689191 -0.156687 0)
(-0.624617 -0.172888 0)
(-0.55403 -0.187432 0)
(-0.478111 -0.200175 0)
(-0.397591 -0.210995 0)
(-0.313248 -0.219785 0)
(-0.225898 -0.22646 0)
(-0.136393 -0.230951 0)
(-0.0456166 -0.23321 0)
(0.0456166 -0.23321 0)
(0.136393 -0.230951 0)
(0.225898 -0.22646 0)
(0.313248 -0.219785 0)
(0.397591 -0.210995 0)
(0.478111 -0.200175 0)
(0.55403 -0.187432 0)
(0.624617 -0.172888 0)
(0.689191 -0.156687 0)
(0.747129 -0.138983 0)
(0.797875 -0.119948 0)
(0.840942 -0.099766 0)
(0.875916 -0.0786299 0)
(0.902463 -0.0567431 0)
(0.920329 -0.0343156 0)
(0.929348 -0.0115626 0)
(0.902042 0.0156676 0)
(0.893445 0.0472086 0)
(0.876235 0.0782938 0)
(0.850581 0.108625 0)
(0.816734 0.137912 0)
(0.77502 0.165873 0)
(0.725838 0.192239 0)
(0.669657 0.216756 0)
(0.607017 0.239187 0)
(0.538518 0.259316 0)
(0.464817 0.276947 0)
(0.386622 0.291906 0)
(0.304682 0.304047 0)
(0.219785 0.313248 0)
(0.132744 0.319416 0)
(0.0444153 0.322493 0)
(-0.0444153 0.322493 0)
(-0.132744 0.319416 0)
(-0.219785 0.313248 0)
(-0.304682 0.304047 0)
(-0.386622 0.291906 0)
(-0.464817 0.276947 0)
(-0.538518 0.259316 0)
(-0.607017 0.239187 0)
(-0.669657 0.216756 0)
(-0.725838 0.192239 0)
(-0.77502 0.165873 0)
(-0.816734 0.137912 0)
(-0.850581 0.108625 0)
(-0.876235 0.0782938 0)
(-0.893445 0.0472086 0)
(-0.902042 0.0156676 0)
(-0.901955 -0.0160269 0)
(-0.8932 -0.0475711 0)
(-0.87586 -0.0786634 0)
(-0.850097 -0.109006 0)
(-0.816156 -0.138308 0)
(-0.774362 -0.166287 0)
(-0.725116 -0.192675 0)
(-0.66889 -0.217218 0)
(-0.606225 -0.239678 0)
(-0.537724 -0.259838 0)
(-0.464046 -0.277502 0)
(-0.385902 -0.292499 0)
(-0.304047 -0.304682 0)
(-0.21927 -0.31393 0)
(-0.132397 -0.320152 0)
(-0.0442809 -0.323281 0)
(0.0442809 -0.323281 0)
(0.132397 -0.320152 0)
(0.21927 -0.31393 0)
(0.304047 -0.304682 0)
(0.385902 -0.292499 0)
(0.464046 -0.277502 0)
(0.537724 -0.259838 0)
(0.606225 -0.239678 0)
(0.66889 -0.217218 0)
(0.725116 -0.192675 0)
(0.774362 -0.166287 0)
(0.816156 -0.138308 0)
(0.850097 -0.109006 0)
(0.87586 -0.0786634 0)
(0.8932 -0.0475711 0)
(0.901955 -0.0160269 0)
(0.865946 0.0198849 0)
(0.857699 0.0599114 0)
(0.841183 0.0993603 0)
(0.81656 0.137853 0)
(0.784072 0.175022 0)
(0.744031 0.210508 0)
(0.696818 0.243971 0)
(0.642886 0.275089 0)
(0.582752 0.303561 0)
(0.516992 0.329111 0)
(0.446237 0.351492 0)
(0.371166 0.370485 0)
(0.292499 0.385902 0)
(0.210995 0.397591 0)
(0.127432 0.405431 0)
(0.0426363 0.40935 0)
(-0.0426363 0.40935 0)
(-0.127432 0.405431 0)
(-0.210995 0.397591 0)
(-0.292499 0.385902 0)
(-0.371166 0.370485 0)
(-0.446237 0.351492 0)
(-0.516992 0.329111 0)
(-0.582752 0.303561 0)
(-0.642886 0.275089 0)
(-0.696818 0.243971 0)
(-0.744031 0.210508 0)
(-0.784072 0.175022 0)
(-0.81656 0.137853 0)
(-0.841183 0.0993603 0)
(-0.857699 0.0599114 0)
(-0.865946 0.0198849 0)
(-0.865858 -0.0203357 0)
(-0.857451 -0.060365 0)
(-0.840804 -0.0998206 0)
(-0.816072 -0.138325 0)
(-0.783492 -0.175508 0)
(-0.743374 -0.211013 0)
(-0.696103 -0.244498 0)
(-0.642132 -0.275642 0)
(-0.58198 -0.304142 0)
(-0.516224 -0.329723 0)
(-0.445499 -0.352137 0)
(-0.370485 -0.371166 0)
(-0.291906 -0.386622 0)
(-0.21052 -0.398354 0)
(-0.127118 -0.406245 0)
(-0.0425154 -0.410214 0)
(0.0425154 -0.410214 0)
(0.127118 -0.406245 0)
(0.21052 -0.398354 0)
(0.291906 -0.386622 0)
(0.370485 -0.371166 0)
(0.445499 -0.352137 0)
(0.516224 -0.329723 0)
(0.58198 -0.304142 0)
(0.642132 -0.275642 0)
(0.696103 -0.244498 0)
(0.743374 -0.211013 0)
(0.783492 -0.175508 0)
(0.816072 -0.138325 0)
(0.840804 -0.0998206 0)
(0.857451 -0.060365 0)
(0.865858 -0.0203357 0)
(0.821504 0.0239127 0)
(0.813688 0.072037 0)
(0.798026 0.119468 0)
(0.774673 0.165751 0)
(0.743857 0.210442 0)
(0.705875 0.253112 0)
(0.661088 0.293351 0)
(0.609925 0.33077 0)
(0.552876 0.365009 0)
(0.490489 0.395737 0)
(0.423361 0.422654 0)
(0.352137 0.445499 0)
(0.277502 0.464046 0)
(0.200175 0.478111 0)
(0.120895 0.487551 0)
(0.0404477 0.492275 0)
(-0.0404477 0.492275 0)
(-0.120895 0.487551 0)
(-0.200175 0.478111 0)
(-0.277502 0.464046 0)
(-0.352137 0.445499 0)
(-0.423361 0.422654 0)
(-0.490489 0.395737 0)
(-0.552876 0.365009 0)
(-0.609925 0.33077 0)
(-0.661088 0.293351 0)
(-0.705875 0.253112 0)
(-0.743857 0.210442 0)
(-0.774673 0.165751 0)
(-0.798026 0.119468 0)
(-0.813688 0.072037 0)
(-0.821504 0.0239127 0)
(-0.821414 -0.0244443 0)
(-0.813435 -0.0725708 0)
(-0.797641 -0.120007 0)
(-0.77418 -0.1663 0)
(-0.743275 -0.211004 0)
(-0.70522 -0.253691 0)
(-0.660379 -0.29395 0)
(-0.609183 -0.331393 0)
(-0.552123 -0.365658 0)
(-0.489746 -0.396414 0)
(-0.422654 -0.423361 0)
(-0.351492 -0.446237 0)
(-0.276947 -0.464817 0)
(-0.199736 -0.47892 0)
(-0.120608 -0.488405 0)
(-0.0403383 -0.493175 0)
(0.0403383 -0.493175 0)
(0.120608 -0.488405 0)
(0.199736 -0.47892 0)
(0.276947 -0.464817 0)
(0.351492 -0.446237 0)
(0.422654 -0.423361 0)
(0.489746 -0.396414 0)
(0.552123 -0.365658 0)
(0.609183 -0.331393 0)
(0.660379 -0.29395 0)
(0.70522 -0.253691 0)
(0.743275 -0.211004 0)
(0.77418 -0.1663 0)
(0.797641 -0.120007 0)
(0.813435 -0.0725708 0)
(0.821414 -0.0244443 0)
(0.76915 0.0277119 0)
(0.761841 0.0834682 0)
(0.747186 0.138423 0)
(0.725329 0.192049 0)
(0.696484 0.243832 0)
(0.660928 0.293275 0)
(0.618999 0.339902 0)
(0.571097 0.383264 0)
(0.517683 0.422941 0)
(0.459268 0.458551 0)
(0.396414 0.489746 0)
(0.329723 0.516224 0)
(0.259838 0.537724 0)
(0.187432 0.55403 0)
(0.113197 0.564979 0)
(0.037871 0.570464 0)
(-0.037871 0.570464 0)
(-0.113197 0.564979 0)
(-0.187432 0.55403 0)
(-0.259838 0.537724 0)
(-0.329723 0.516224 0)
(-0.396414 0.489746 0)
(-0.459268 0.458551 0)
(-0.517683 0.422941 0)
(-0.571097 0.383264 0)
(-0.618999 0.339902 0)
(-0.660928 0.293275 0)
(-0.696484 0.243832 0)
(-0.725329 0.192049 0)
(-0.747186 0.138423 0)
(-0.761841 0.0834682 0)
(-0.76915 0.0277119 0)
(-0.769059 -0.0283129 0)
(-0.761584 -0.0840702 0)
(-0.746795 -0.139028 0)
(-0.724831 -0.192661 0)
(-0.695899 -0.244454 0)
(-0.660274 -0.29391 0)
(-0.618296 -0.340554 0)
(-0.570367 -0.383935 0)
(-0.516948 -0.423635 0)
(-0.458551 -0.459268 0)
(-0.395737 -0.490489 0)
(-0.329111 -0.516992 0)
(-0.259316 -0.538518 0)
(-0.187024 -0.554856 0)
(-0.112934 -0.565843 0)
(-0.0377713 -0.571368 0)
(0.0377713 -0.571368 0)
(0.112934 -0.565843 0)
(0.187024 -0.554856 0)
(0.259316 -0.538518 0)
(0.329111 -0.516992 0)
(0.395737 -0.490489 0)
(0.458551 -0.459268 0)
(0.516948 -0.423635 0)
(0.570368 -0.383935 0)
(0.618296 -0.340554 0)
(0.660274 -0.29391 0)
(0.695899 -0.244454 0)
(0.724831 -0.192661 0)
(0.746795 -0.139028 0)
(0.761584 -0.0840702 0)
(0.769059 -0.0283129 0)
(0.709396 0.0312475 0)
(0.702667 0.094096 0)
(0.689161 0.156042 0)
(0.66901 0.216493 0)
(0.642415 0.27487 0)
(0.609627 0.33061 0)
(0.570959 0.383177 0)
(0.526781 0.432064 0)
(0.477515 0.476798 0)
(0.423635 0.516948 0)
(0.365658 0.552123 0)
(0.304142 0.58198 0)
(0.239678 0.606225 0)
(0.172888 0.624617 0)
(0.104412 0.63697 0)
(0.0349312 0.643163 0)
(-0.0349312 0.643163 0)
(-0.104412 0.63697 0)
(-0.172888 0.624617 0)
(-0.239678 0.606225 0)
(-0.304142 0.58198 0)
(-0.365658 0.552123 0)
(-0.423635 0.516948 0)
(-0.477515 0.476798 0)
(-0.526781 0.432064 0)
(-0.570959 0.383177 0)
(-0.609627 0.33061 0)
(-0.642415 0.27487 0)
(-0.66901 0.216493 0)
(-0.689161 0.156042 0)
(-0.702667 0.094096 0)
(-0.709396 0.0312475 0)
(-0.709303 -0.0319025 0)
(-0.702404 -0.0947505 0)
(-0.688764 -0.156698 0)
(-0.668508 -0.217152 0)
(-0.641827 -0.275534 0)
(-0.608975 -0.331282 0)
(-0.570264 -0.383861 0)
(-0.526063 -0.432763 0)
(-0.476798 -0.477515 0)
(-0.422941 -0.517683 0)
(-0.365009 -0.552876 0)
(-0.303561 -0.582752 0)
(-0.239187 -0.607017 0)
(-0.172509 -0.625432 0)
(-0.104171 -0.637816 0)
(-0.0348398 -0.644043 0)
(0.0348398 -0.644043 0)
(0.104171 -0.637816 0)
(0.172509 -0.625432 0)
(0.239187 -0.607017 0)
(0.303561 -0.582752 0)
(0.365009 -0.552876 0)
(0.422941 -0.517683 0)
(0.476798 -0.477515 0)
(0.526063 -0.432763 0)
(0.570264 -0.383861 0)
(0.608975 -0.331282 0)
(0.641827 -0.275534 0)
(0.668508 -0.217152 0)
(0.688764 -0.156698 0)
(0.702404 -0.0947505 0)
(0.709303 -0.0319025 0)
(0.642823 0.034486 0)
(0.636739 0.103818 0)
(0.624513 0.172158 0)
(0.606266 0.23885 0)
(0.582176 0.303257 0)
(0.552473 0.364758 0)
(0.517439 0.422759 0)
(0.477407 0.476701 0)
(0.432763 0.526063 0)
(0.383935 0.570367 0)
(0.331393 0.609183 0)
(0.275642 0.642132 0)
(0.217218 0.66889 0)
(0.156687 0.689191 0)
(0.0946268 0.702828 0)
(0.0316567 0.709669 0)
(-0.0316567 0.709669 0)
(-0.0946268 0.702828 0)
(-0.156687 0.689191 0)
(-0.217218 0.66889 0)
(-0.275642 0.642132 0)
(-0.331393 0.609183 0)
(-0.383935 0.570367 0)
(-0.432763 0.526063 0)
(-0.477407 0.476701 0)
(-0.517439 0.422759 0)
(-0.552473 0.364758 0)
(-0.582176 0.303257 0)
(-0.606266 0.23885 0)
(-0.624513 0.172158 0)
(-0.636739 0.103818 0)
(-0.642823 0.034486 0)
(-0.642727 -0.0351774 0)
(-0.63647 -0.104508 0)
(-0.624109 -0.172845 0)
(-0.605757 -0.239536 0)
(-0.581585 -0.303944 0)
(-0.551821 -0.365447 0)
(-0.516748 -0.423455 0)
(-0.476701 -0.477407 0)
(-0.432064 -0.526781 0)
(-0.383264 -0.571097 0)
(-0.33077 -0.609925 0)
(-0.275089 -0.642886 0)
(-0.216756 -0.669657 0)
(-0.156333 -0.689974 0)
(-0.094404 -0.703635 0)
(-0.0315726 -0.710504 0)
(0.0315726 -0.710504 0)
(0.094404 -0.703635 0)
(0.156333 -0.689974 0)
(0.216756 -0.669657 0)
(0.275089 -0.642886 0)
(0.33077 -0.609925 0)
(0.383264 -0.571097 0)
(0.432064 -0.526781 0)
(0.476701 -0.477407 0)
(0.516748 -0.423455 0)
(0.551821 -0.365447 0)
(0.581585 -0.303944 0)
(0.605757 -0.239536 0)
(0.624109 -0.172845 0)
(0.63647 -0.104507 0)
(0.642727 -0.0351774 0)
(0.570077 0.0373975 0)
(0.5647 0.112542 0)
(0.553873 0.186614 0)
(0.537704 0.258905 0)
(0.516353 0.328721 0)
(0.49002 0.395391 0)
(0.458955 0.458269 0)
(0.423455 0.516748 0)
(0.383861 0.570264 0)
(0.340554 0.618296 0)
(0.29395 0.660379 0)
(0.244498 0.696103 0)
(0.192675 0.725116 0)
(0.138983 0.747129 0)
(0.0839345 0.76192 0)
(0.0280791 0.769342 0)
(-0.0280791 0.769342 0)
(-0.0839345 0.76192 0)
(-0.138983 0.747129 0)
(-0.192675 0.725116 0)
(-0.244498 0.696103 0)
(-0.29395 0.660379 0)
(-0.340554 0.618296 0)
(-0.383861 0.570264 0)
(-0.423455 0.516748 0)
(-0.458955 0.458269 0)
(-0.49002 0.395391 0)
(-0.516353 0.328721 0)
(-0.537704 0.258905 0)
(-0.553873 0.186614 0)
(-0.5647 0.112542 0)
(-0.570077 0.0373974 0)
(-0.569978 -0.0381046 0)
(-0.564422 -0.113246 0)
(-0.553459 -0.187312 0)
(-0.537187 -0.259598 0)
(-0.515756 -0.329409 0)
(-0.489367 -0.396076 0)
(-0.458269 -0.458955 0)
(-0.422759 -0.517439 0)
(-0.383177 -0.570959 0)
(-0.339902 -0.618999 0)
(-0.293351 -0.661088 0)
(-0.243971 -0.696818 0)
(-0.192239 -0.725838 0)
(-0.138652 -0.74786 0)
(-0.0837278 -0.762668 0)
(-0.0280015 -0.770112 0)
(0.0280015 -0.770112 0)
(0.0837278 -0.762668 0)
(0.138652 -0.74786 0)
(0.192239 -0.725838 0)
(0.243971 -0.696818 0)
(0.293351 -0.661088 0)
(0.339902 -0.618999 0)
(0.383177 -0.570959 0)
(0.422759 -0.517439 0)
(0.458269 -0.458955 0)
(0.489367 -0.396076 0)
(0.515756 -0.329409 0)
(0.537187 -0.259597 0)
(0.553459 -0.187312 0)
(0.564422 -0.113246 0)
(0.569978 -0.0381046 0)
(0.491865 0.0399546 0)
(0.487248 0.120185 0)
(0.477927 0.199273 0)
(0.463993 0.276465 0)
(0.445584 0.351019 0)
(0.422874 0.422216 0)
(0.396076 0.489367 0)
(0.365447 0.551821 0)
(0.331282 0.608975 0)
(0.29391 0.660274 0)
(0.253691 0.70522 0)
(0.211013 0.743374 0)
(0.166287 0.774362 0)
(0.119948 0.797875 0)
(0.0724385 0.813676 0)
(0.0242329 0.821609 0)
(-0.0242329 0.821609 0)
(-0.0724385 0.813676 0)
(-0.119948 0.797875 0)
(-0.166287 0.774362 0)
(-0.211013 0.743374 0)
(-0.253691 0.70522 0)
(-0.29391 0.660274 0)
(-0.331282 0.608975 0)
(-0.365447 0.551821 0)
(-0.396076 0.489367 0)
(-0.422874 0.422216 0)
(-0.445584 0.351019 0)
(-0.463993 0.276465 0)
(-0.477927 0.199273 0)
(-0.487248 0.120184 0)
(-0.491865 0.0399546 0)
(-0.491761 -0.0406545 0)
(-0.486959 -0.120879 0)
(-0.477499 -0.199959 0)
(-0.463463 -0.277141 0)
(-0.444978 -0.351685 0)
(-0.422216 -0.422874 0)
(-0.395391 -0.49002 0)
(-0.364758 -0.552473 0)
(-0.33061 -0.609627 0)
(-0.293275 -0.660928 0)
(-0.253112 -0.705875 0)
(-0.210508 -0.744031 0)
(-0.165873 -0.77502 0)
(-0.119636 -0.798538 0)
(-0.0722457 -0.814349 0)
(-0.0241609 -0.822298 0)
(0.0241609 -0.822298 0)
(0.0722457 -0.814349 0)
(0.119636 -0.798538 0)
(0.165873 -0.77502 0)
(0.210508 -0.744031 0)
(0.253112 -0.705875 0)
(0.293275 -0.660928 0)
(0.33061 -0.609627 0)
(0.364758 -0.552473 0)
(0.395391 -0.49002 0)
(0.422216 -0.422874 0)
(0.444979 -0.351685 0)
(0.463463 -0.277141 0)
(0.477499 -0.199959 0)
(0.486959 -0.120879 0)
(0.491761 -0.0406545 0)
(0.408948 0.042134 0)
(0.405139 0.126672 0)
(0.397412 0.210013 0)
(0.385847 0.291363 0)
(0.370557 0.369938 0)
(0.351685 0.444979 0)
(0.329409 0.515756 0)
(0.303944 0.581585 0)
(0.275534 0.641827 0)
(0.244454 0.695899 0)
(0.211004 0.743275 0)
(0.175508 0.783492 0)
(0.138308 0.816156 0)
(0.099766 0.840942 0)
(0.0602496 0.8576 0)
(0.0201552 0.865966 0)
(-0.0201552 0.865966 0)
(-0.0602496 0.8576 0)
(-0.099766 0.840942 0)
(-0.138308 0.816156 0)
(-0.175508 0.783492 0)
(-0.211004 0.743275 0)
(-0.244454 0.695899 0)
(-0.275534 0.641827 0)
(-0.303944 0.581585 0)
(-0.329409 0.515756 0)
(-0.351685 0.444978 0)
(-0.370557 0.369938 0)
(-0.385847 0.291363 0)
(-0.397412 0.210013 0)
(-0.405139 0.126672 0)
(-0.408948 0.042134 0)
(-0.408838 -0.0428009 0)
(-0.404834 -0.127332 0)
(-0.396967 -0.210661 0)
(-0.385301 -0.291996 0)
(-0.369938 -0.370557 0)
(-0.351019 -0.445584 0)
(-0.328721 -0.516353 0)
(-0.303257 -0.582176 0)
(-0.27487 -0.642415 0)
(-0.243832 -0.696484 0)
(-0.210442 -0.743857 0)
(-0.175022 -0.784072 0)
(-0.137912 -0.816734 0)
(-0.0994701 -0.84152 0)
(-0.0600683 -0.858184 0)
(-0.0200879 -0.866561 0)
(0.0200879 -0.866561 0)
(0.0600684 -0.858184 0)
(0.0994702 -0.84152 0)
(0.137912 -0.816734 0)
(0.175022 -0.784072 0)
(0.210442 -0.743857 0)
(0.243832 -0.696484 0)
(0.27487 -0.642415 0)
(0.303257 -0.582176 0)
(0.328721 -0.516353 0)
(0.351019 -0.445584 0)
(0.369938 -0.370557 0)
(0.385301 -0.291996 0)
(0.396967 -0.210661 0)
(0.404834 -0.127332 0)
(0.408838 -0.0428009 0)
(0.322134 0.0439167 0)
(0.31917 0.131945 0)
(0.313113 0.218735 0)
(0.304024 0.30346 0)
(0.291996 0.385301 0)
(0.277141 0.463463 0)
(0.259598 0.537187 0)
(0.239536 0.605757 0)
(0.217152 0.668508 0)
(0.192661 0.724831 0)
(0.1663 0.77418 0)
(0.138325 0.816072 0)
(0.109006 0.850097 0)
(0.0786299 0.875916 0)
(0.0474849 0.89327 0)
(0.015885 0.901987 0)
(-0.015885 0.901987 0)
(-0.0474849 0.89327 0)
(-0.0786299 0.875916 0)
(-0.109006 0.850097 0)
(-0.138325 0.816072 0)
(-0.1663 0.77418 0)
(-0.192661 0.724831 0)
(-0.217152 0.668508 0)
(-0.239536 0.605757 0)
(-0.259597 0.537187 0)
(-0.277141 0.463463 0)
(-0.291996 0.385301 0)
(-0.304024 0.30346 0)
(-0.313113 0.218735 0)
(-0.31917 0.131945 0)
(-0.322134 0.0439167 0)
(-0.322015 -0.0445206 0)
(-0.318846 -0.13254 0)
(-0.312646 -0.219317 0)
(-0.30346 -0.304024 0)
(-0.291363 -0.385847 0)
(-0.276465 -0.463993 0)
(-0.258905 -0.537704 0)
(-0.23885 -0.606266 0)
(-0.216493 -0.66901 0)
(-0.192049 -0.725329 0)
(-0.165751 -0.774673 0)
(-0.137853 -0.81656 0)
(-0.108625 -0.850581 0)
(-0.0783471 -0.876398 0)
(-0.047313 -0.893754 0)
(-0.0158218 -0.902478 0)
(0.0158218 -0.902478 0)
(0.047313 -0.893754 0)
(0.0783471 -0.876398 0)
(0.108625 -0.850581 0)
(0.137853 -0.81656 0)
(0.165751 -0.774673 0)
(0.192049 -0.725329 0)
(0.216493 -0.66901 0)
(0.23885 -0.606266 0)
(0.258905 -0.537704 0)
(0.276465 -0.463993 0)
(0.291363 -0.385847 0)
(0.30346 -0.304024 0)
(0.312646 -0.219317 0)
(0.318846 -0.13254 0)
(0.322015 -0.0445206 0)
(0.232271 0.0452891 0)
(0.230182 0.135957 0)
(0.225846 0.22536 0)
(0.219317 0.312646 0)
(0.210661 0.396967 0)
(0.199959 0.477499 0)
(0.187312 0.553459 0)
(0.172845 0.624109 0)
(0.156698 0.688764 0)
(0.139028 0.746795 0)
(0.120007 0.797641 0)
(0.0998206 0.840804 0)
(0.0786635 0.87586 0)
(0.0567431 0.902463 0)
(0.034267 0.920345 0)
(0.0114635 0.929328 0)
(-0.0114635 0.929328 0)
(-0.034267 0.920345 0)
(-0.0567431 0.902463 0)
(-0.0786634 0.87586 0)
(-0.0998206 0.840804 0)
(-0.120007 0.797641 0)
(-0.139028 0.746795 0)
(-0.156698 0.688764 0)
(-0.172845 0.624109 0)
(-0.187312 0.553459 0)
(-0.199959 0.477499 0)
(-0.210661 0.396967 0)
(-0.219317 0.312646 0)
(-0.225846 0.22536 0)
(-0.230182 0.135957 0)
(-0.232271 0.0452891 0)
(-0.232141 -0.0457956 0)
(-0.229836 -0.136456 0)
(-0.22536 -0.225846 0)
(-0.218735 -0.313113 0)
(-0.210013 -0.397412 0)
(-0.199273 -0.477927 0)
(-0.186614 -0.553873 0)
(-0.172158 -0.624513 0)
(-0.156042 -0.689161 0)
(-0.138423 -0.747186 0)
(-0.119468 -0.798026 0)
(-0.0993603 -0.841183 0)
(-0.0782938 -0.876235 0)
(-0.0564701 -0.902835 0)
(-0.0341021 -0.920716 0)
(-0.0114035 -0.929703 0)
(0.0114035 -0.929703 0)
(0.0341022 -0.920716 0)
(0.0564701 -0.902835 0)
(0.0782938 -0.876235 0)
(0.0993603 -0.841183 0)
(0.119468 -0.798026 0)
(0.138423 -0.747186 0)
(0.156042 -0.689161 0)
(0.172158 -0.624513 0)
(0.186614 -0.553873 0)
(0.199273 -0.477927 0)
(0.210013 -0.397412 0)
(0.218735 -0.313112 0)
(0.22536 -0.225846 0)
(0.229836 -0.136456 0)
(0.232141 -0.0457956 0)
(0.14024 0.0462393 0)
(0.139037 0.138676 0)
(0.136456 0.229836 0)
(0.13254 0.318846 0)
(0.127332 0.404834 0)
(0.120879 0.486959 0)
(0.113246 0.564422 0)
(0.104508 0.63647 0)
(0.0947505 0.702404 0)
(0.0840702 0.761584 0)
(0.0725708 0.813435 0)
(0.060365 0.857451 0)
(0.0475711 0.8932 0)
(0.0343156 0.920329 0)
(0.0207228 0.938566 0)
(0.00693304 0.947728 0)
(-0.00693303 0.947728 0)
(-0.0207228 0.938566 0)
(-0.0343156 0.920329 0)
(-0.0475711 0.8932 0)
(-0.060365 0.857451 0)
(-0.0725708 0.813435 0)
(-0.0840702 0.761584 0)
(-0.0947505 0.702404 0)
(-0.104507 0.63647 0)
(-0.113246 0.564422 0)
(-0.120879 0.486959 0)
(-0.127332 0.404834 0)
(-0.13254 0.318846 0)
(-0.136456 0.229836 0)
(-0.139037 0.138676 0)
(-0.14024 0.0462393 0)
(-0.140101 -0.046613 0)
(-0.138676 -0.139037 0)
(-0.135957 -0.230182 0)
(-0.131945 -0.31917 0)
(-0.126672 -0.405139 0)
(-0.120184 -0.487248 0)
(-0.112542 -0.5647 0)
(-0.103818 -0.636739 0)
(-0.094096 -0.702667 0)
(-0.0834682 -0.761841 0)
(-0.072037 -0.813688 0)
(-0.0599114 -0.857699 0)
(-0.0472086 -0.893445 0)
(-0.034049 -0.920571 0)
(-0.0205624 -0.938807 0)
(-0.00687518 -0.947971 0)
(0.00687519 -0.947971 0)
(0.0205624 -0.938807 0)
(0.034049 -0.920571 0)
(0.0472086 -0.893445 0)
(0.0599114 -0.857699 0)
(0.072037 -0.813688 0)
(0.0834682 -0.761841 0)
(0.094096 -0.702667 0)
(0.103818 -0.636739 0)
(0.112542 -0.5647 0)
(0.120185 -0.487248 0)
(0.126672 -0.405139 0)
(0.131945 -0.31917 0)
(0.135957 -0.230182 0)
(0.138676 -0.139037 0)
(0.140101 -0.046613 0)
(0.0469364 0.0467879 0)
(0.046613 0.140101 0)
(0.0457956 0.232141 0)
(0.0445206 0.322015 0)
(0.0428009 0.408838 0)
(0.0406545 0.491761 0)
(0.0381046 0.569978 0)
(0.0351774 0.642727 0)
(0.0319025 0.709303 0)
(0.0283129 0.769059 0)
(0.0244443 0.821414 0)
(0.0203357 0.865858 0)
(0.0160269 0.901955 0)
(0.0115626 0.929348 0)
(0.00698212 0.947762 0)
(0.00233711 0.957015 0)
(-0.0023371 0.957015 0)
(-0.00698211 0.947762 0)
(-0.0115626 0.929348 0)
(-0.0160269 0.901955 0)
(-0.0203357 0.865858 0)
(-0.0244443 0.821414 0)
(-0.0283129 0.769059 0)
(-0.0319025 0.709303 0)
(-0.0351774 0.642727 0)
(-0.0381046 0.569978 0)
(-0.0406545 0.491761 0)
(-0.0428009 0.408838 0)
(-0.0445206 0.322015 0)
(-0.0457956 0.232141 0)
(-0.046613 0.140101 0)
(-0.0469364 0.0467879 0)
(-0.0467879 -0.0469364 0)
(-0.0462393 -0.14024 0)
(-0.0452891 -0.232271 0)
(-0.0439167 -0.322134 0)
(-0.042134 -0.408948 0)
(-0.0399546 -0.491865 0)
(-0.0373974 -0.570077 0)
(-0.034486 -0.642823 0)
(-0.0312475 -0.709396 0)
(-0.0277119 -0.76915 0)
(-0.0239127 -0.821504 0)
(-0.0198849 -0.865946 0)
(-0.0156676 -0.902042 0)
(-0.0112986 -0.929434 0)
(-0.00682369 -0.947847 0)
(-0.00228033 -0.9571 0)
(0.00228034 -0.9571 0)
(0.0068237 -0.947847 0)
(0.0112987 -0.929434 0)
(0.0156676 -0.902042 0)
(0.0198849 -0.865946 0)
(0.0239127 -0.821504 0)
(0.0277119 -0.76915 0)
(0.0312475 -0.709396 0)
(0.034486 -0.642823 0)
(0.0373975 -0.570077 0)
(0.0399546 -0.491865 0)
(0.042134 -0.408948 0)
(0.0439167 -0.322134 0)
(0.0452891 -0.232271 0)
(0.0462393 -0.14024 0)
(0.0467879 -0.0469364 0)
(-0.0467879 0.0469364 0)
(-0.0462393 0.14024 0)
(-0.0452891 0.232271 0)
(-0.0439167 0.322134 0)
(-0.042134 0.408948 0)
(-0.0399546 0.491865 0)
(-0.0373975 0.570077 0)
(-0.034486 0.642823 0)
(-0.0312475 0.709396 0)
(-0.0277119 0.76915 0)
(-0.0239127 0.821504 0)
(-0.0198849 0.865946 0)
(-0.0156676 0.902042 0)
(-0.0112987 0.929434 0)
(-0.0068237 0.947847 0)
(-0.00228033 0.9571 0)
(0.00228034 0.9571 0)
(0.0068237 0.947847 0)
(0.0112987 0.929434 0)
(0.0156676 0.902042 0)
(0.0198849 0.865946 0)
(0.0239127 0.821504 0)
(0.0277119 0.76915 0)
(0.0312475 0.709396 0)
(0.034486 0.642823 0)
(0.0373975 0.570077 0)
(0.0399546 0.491865 0)
(0.042134 0.408948 0)
(0.0439167 0.322134 0)
(0.0452891 0.232271 0)
(0.0462393 0.14024 0)
(0.0467879 0.0469364 0)
(0.0469364 -0.0467879 0)
(0.046613 -0.140101 0)
(0.0457956 -0.232141 0)
(0.0445206 -0.322015 0)
(0.0428009 -0.408838 0)
(0.0406545 -0.491761 0)
(0.0381046 -0.569978 0)
(0.0351774 -0.642727 0)
(0.0319025 -0.709303 0)
(0.0283129 -0.769059 0)
(0.0244443 -0.821414 0)
(0.0203357 -0.865858 0)
(0.0160269 -0.901955 0)
(0.0115626 -0.929348 0)
(0.00698212 -0.947762 0)
(0.00233711 -0.957015 0)
(-0.0023371 -0.957015 0)
(-0.00698211 -0.947762 0)
(-0.0115626 -0.929348 0)
(-0.0160269 -0.901955 0)
(-0.0203357 -0.865858 0)
(-0.0244443 -0.821414 0)
(-0.0283129 -0.769059 0)
(-0.0319025 -0.709303 0)
(-0.0351774 -0.642727 0)
(-0.0381046 -0.569978 0)
(-0.0406545 -0.491761 0)
(-0.0428009 -0.408838 0)
(-0.0445206 -0.322015 0)
(-0.0457956 -0.232141 0)
(-0.046613 -0.140101 0)
(-0.0469364 -0.0467879 0)
(-0.140101 0.046613 0)
(-0.138676 0.139037 0)
(-0.135957 0.230182 0)
(-0.131945 0.31917 0)
(-0.126672 0.405139 0)
(-0.120185 0.487248 0)
(-0.112542 0.5647 0)
(-0.103818 0.636739 0)
(-0.094096 0.702667 0)
(-0.0834682 0.761841 0)
(-0.072037 0.813688 0)
(-0.0599114 0.857699 0)
(-0.0472086 0.893445 0)
(-0.034049 0.920571 0)
(-0.0205624 0.938807 0)
(-0.00687518 0.947971 0)
(0.00687519 0.947971 0)
(0.0205624 0.938807 0)
(0.034049 0.920571 0)
(0.0472086 0.893445 0)
(0.0599114 0.857699 0)
(0.072037 0.813688 0)
(0.0834682 0.761841 0)
(0.094096 0.702667 0)
(0.103818 0.636739 0)
(0.112542 0.5647 0)
(0.120185 0.487248 0)
(0.126672 0.405139 0)
(0.131945 0.31917 0)
(0.135957 0.230182 0)
(0.138676 0.139037 0)
(0.140101 0.046613 0)
(0.14024 -0.0462393 0)
(0.139037 -0.138676 0)
(0.136456 -0.229836 0)
(0.13254 -0.318846 0)
(0.127332 -0.404834 0)
(0.120879 -0.486959 0)
(0.113246 -0.564422 0)
(0.104508 -0.63647 0)
(0.0947505 -0.702404 0)
(0.0840702 -0.761584 0)
(0.0725708 -0.813435 0)
(0.060365 -0.857451 0)
(0.0475711 -0.8932 0)
(0.0343156 -0.920329 0)
(0.0207228 -0.938566 0)
(0.00693304 -0.947728 0)
(-0.00693304 -0.947728 0)
(-0.0207228 -0.938566 0)
(-0.0343156 -0.920329 0)
(-0.0475711 -0.8932 0)
(-0.060365 -0.857451 0)
(-0.0725708 -0.813435 0)
(-0.0840702 -0.761584 0)
(-0.0947505 -0.702404 0)
(-0.104508 -0.63647 0)
(-0.113246 -0.564422 0)
(-0.120879 -0.486959 0)
(-0.127332 -0.404834 0)
(-0.13254 -0.318846 0)
(-0.136456 -0.229836 0)
(-0.139037 -0.138676 0)
(-0.14024 -0.0462393 0)
(-0.232141 0.0457956 0)
(-0.229836 0.136456 0)
(-0.22536 0.225846 0)
(-0.218735 0.313113 0)
(-0.210013 0.397412 0)
(-0.199273 0.477927 0)
(-0.186614 0.553873 0)
(-0.172158 0.624513 0)
(-0.156042 0.689161 0)
(-0.138423 0.747186 0)
(-0.119468 0.798026 0)
(-0.0993603 0.841183 0)
(-0.0782938 0.876235 0)
(-0.0564701 0.902835 0)
(-0.0341021 0.920716 0)
(-0.0114035 0.929703 0)
(0.0114035 0.929703 0)
(0.0341022 0.920716 0)
(0.0564701 0.902835 0)
(0.0782938 0.876235 0)
(0.0993603 0.841183 0)
(0.119468 0.798026 0)
(0.138423 0.747186 0)
(0.156042 0.689161 0)
(0.172158 0.624513 0)
(0.186614 0.553873 0)
(0.199273 0.477927 0)
(0.210013 0.397412 0)
(0.218735 0.313113 0)
(0.22536 0.225846 0)
(0.229836 0.136456 0)
(0.232141 0.0457956 0)
(0.232271 -0.0452891 0)
(0.230182 -0.135957 0)
(0.225846 -0.22536 0)
(0.219317 -0.312646 0)
(0.210661 -0.396967 0)
(0.199959 -0.477499 0)
(0.187312 -0.553459 0)
(0.172845 -0.624109 0)
(0.156698 -0.688764 0)
(0.139028 -0.746795 0)
(0.120007 -0.797641 0)
(0.0998206 -0.840804 0)
(0.0786635 -0.87586 0)
(0.0567431 -0.902463 0)
(0.034267 -0.920345 0)
(0.0114635 -0.929328 0)
(-0.0114635 -0.929328 0)
(-0.034267 -0.920345 0)
(-0.0567431 -0.902463 0)
(-0.0786634 -0.87586 0)
(-0.0998206 -0.840804 0)
(-0.120007 -0.797641 0)
(-0.139028 -0.746795 0)
(-0.156698 -0.688764 0)
(-0.172845 -0.624109 0)
(-0.187312 -0.553459 0)
(-0.199959 -0.477499 0)
(-0.210661 -0.396967 0)
(-0.219317 -0.312646 0)
(-0.225846 -0.22536 0)
(-0.230182 -0.135957 0)
(-0.232271 -0.0452891 0)
(-0.322015 0.0445206 0)
(-0.318846 0.13254 0)
(-0.312646 0.219317 0)
(-0.30346 0.304024 0)
(-0.291363 0.385847 0)
(-0.276465 0.463993 0)
(-0.258905 0.537704 0)
(-0.23885 0.606266 0)
(-0.216493 0.66901 0)
(-0.192049 0.725329 0)
(-0.165751 0.774673 0)
(-0.137853 0.81656 0)
(-0.108625 0.850581 0)
(-0.0783471 0.876398 0)
(-0.047313 0.893754 0)
(-0.0158218 0.902478 0)
(0.0158218 0.902478 0)
(0.047313 0.893754 0)
(0.0783471 0.876398 0)
(0.108625 0.850581 0)
(0.137853 0.81656 0)
(0.165751 0.774673 0)
(0.192049 0.725329 0)
(0.216493 0.66901 0)
(0.23885 0.606266 0)
(0.258905 0.537704 0)
(0.276465 0.463993 0)
(0.291363 0.385847 0)
(0.30346 0.304024 0)
(0.312646 0.219317 0)
(0.318846 0.13254 0)
(0.322015 0.0445206 0)
(0.322134 -0.0439167 0)
(0.31917 -0.131945 0)
(0.313113 -0.218735 0)
(0.304024 -0.30346 0)
(0.291996 -0.385301 0)
(0.277141 -0.463463 0)
(0.259598 -0.537187 0)
(0.239536 -0.605757 0)
(0.217152 -0.668508 0)
(0.192661 -0.724831 0)
(0.1663 -0.77418 0)
(0.138325 -0.816072 0)
(0.109006 -0.850097 0)
(0.0786299 -0.875916 0)
(0.0474849 -0.89327 0)
(0.015885 -0.901987 0)
(-0.015885 -0.901987 0)
(-0.0474849 -0.89327 0)
(-0.0786299 -0.875916 0)
(-0.109006 -0.850097 0)
(-0.138325 -0.816072 0)
(-0.1663 -0.77418 0)
(-0.192661 -0.724831 0)
(-0.217152 -0.668508 0)
(-0.239536 -0.605757 0)
(-0.259598 -0.537187 0)
(-0.277141 -0.463463 0)
(-0.291996 -0.385301 0)
(-0.304024 -0.30346 0)
(-0.313113 -0.218735 0)
(-0.31917 -0.131945 0)
(-0.322134 -0.0439167 0)
(-0.408838 0.0428009 0)
(-0.404834 0.127332 0)
(-0.396967 0.210661 0)
(-0.385301 0.291996 0)
(-0.369938 0.370557 0)
(-0.351019 0.445584 0)
(-0.328721 0.516353 0)
(-0.303257 0.582176 0)
(-0.27487 0.642415 0)
(-0.243832 0.696484 0)
(-0.210442 0.743857 0)
(-0.175022 0.784072 0)
(-0.137912 0.816734 0)
(-0.0994702 0.84152 0)
(-0.0600684 0.858184 0)
(-0.0200879 0.866561 0)
(0.0200879 0.866561 0)
(0.0600684 0.858184 0)
(0.0994702 0.84152 0)
(0.137912 0.816734 0)
(0.175022 0.784072 0)
(0.210442 0.743857 0)
(0.243832 0.696484 0)
(0.27487 0.642415 0)
(0.303257 0.582176 0)
(0.328721 0.516353 0)
(0.351019 0.445584 0)
(0.369938 0.370557 0)
(0.385301 0.291996 0)
(0.396967 0.210661 0)
(0.404834 0.127332 0)
(0.408838 0.0428009 0)
(0.408948 -0.042134 0)
(0.405139 -0.126672 0)
(0.397412 -0.210013 0)
(0.385847 -0.291363 0)
(0.370557 -0.369938 0)
(0.351685 -0.444979 0)
(0.329409 -0.515756 0)
(0.303944 -0.581585 0)
(0.275534 -0.641827 0)
(0.244454 -0.695899 0)
(0.211004 -0.743275 0)
(0.175508 -0.783492 0)
(0.138308 -0.816156 0)
(0.099766 -0.840942 0)
(0.0602496 -0.8576 0)
(0.0201552 -0.865966 0)
(-0.0201552 -0.865966 0)
(-0.0602496 -0.8576 0)
(-0.099766 -0.840942 0)
(-0.138308 -0.816156 0)
(-0.175508 -0.783492 0)
(-0.211004 -0.743275 0)
(-0.244454 -0.695899 0)
(-0.275534 -0.641827 0)
(-0.303944 -0.581585 0)
(-0.329409 -0.515756 0)
(-0.351685 -0.444978 0)
(-0.370557 -0.369938 0)
(-0.385847 -0.291363 0)
(-0.397412 -0.210013 0)
(-0.405139 -0.126672 0)
(-0.408948 -0.042134 0)
(-0.491761 0.0406545 0)
(-0.486959 0.120879 0)
(-0.477499 0.199959 0)
(-0.463463 0.277141 0)
(-0.444979 0.351685 0)
(-0.422216 0.422874 0)
(-0.395391 0.49002 0)
(-0.364758 0.552473 0)
(-0.33061 0.609627 0)
(-0.293275 0.660928 0)
(-0.253112 0.705875 0)
(-0.210508 0.744031 0)
(-0.165873 0.77502 0)
(-0.119636 0.798538 0)
(-0.0722457 0.814349 0)
(-0.0241609 0.822298 0)
(0.0241609 0.822298 0)
(0.0722457 0.814349 0)
(0.119636 0.798538 0)
(0.165873 0.77502 0)
(0.210508 0.744031 0)
(0.253112 0.705875 0)
(0.293275 0.660928 0)
(0.33061 0.609627 0)
(0.364758 0.552473 0)
(0.395391 0.49002 0)
(0.422216 0.422874 0)
(0.444979 0.351685 0)
(0.463463 0.277141 0)
(0.477499 0.199959 0)
(0.486959 0.120879 0)
(0.491761 0.0406545 0)
(0.491865 -0.0399546 0)
(0.487248 -0.120185 0)
(0.477927 -0.199273 0)
(0.463993 -0.276465 0)
(0.445584 -0.351019 0)
(0.422874 -0.422216 0)
(0.396076 -0.489367 0)
(0.365447 -0.551821 0)
(0.331282 -0.608975 0)
(0.29391 -0.660274 0)
(0.253691 -0.70522 0)
(0.211013 -0.743374 0)
(0.166287 -0.774362 0)
(0.119948 -0.797875 0)
(0.0724385 -0.813676 0)
(0.0242329 -0.821609 0)
(-0.024233 -0.821609 0)
(-0.0724385 -0.813676 0)
(-0.119948 -0.797875 0)
(-0.166287 -0.774362 0)
(-0.211013 -0.743374 0)
(-0.253691 -0.70522 0)
(-0.29391 -0.660274 0)
(-0.331282 -0.608975 0)
(-0.365447 -0.551821 0)
(-0.396076 -0.489367 0)
(-0.422874 -0.422216 0)
(-0.445584 -0.351019 0)
(-0.463993 -0.276465 0)
(-0.477927 -0.199273 0)
(-0.487248 -0.120184 0)
(-0.491865 -0.0399546 0)
(-0.569978 0.0381046 0)
(-0.564422 0.113246 0)
(-0.553459 0.187312 0)
(-0.537187 0.259598 0)
(-0.515756 0.329409 0)
(-0.489367 0.396076 0)
(-0.458269 0.458955 0)
(-0.422759 0.517439 0)
(-0.383177 0.570959 0)
(-0.339902 0.618999 0)
(-0.293351 0.661088 0)
(-0.243971 0.696818 0)
(-0.192239 0.725838 0)
(-0.138652 0.74786 0)
(-0.0837278 0.762668 0)
(-0.0280015 0.770112 0)
(0.0280015 0.770112 0)
(0.0837278 0.762668 0)
(0.138652 0.74786 0)
(0.192239 0.725838 0)
(0.243971 0.696818 0)
(0.293351 0.661088 0)
(0.339902 0.618999 0)
(0.383177 0.570959 0)
(0.422759 0.517439 0)
(0.458269 0.458955 0)
(0.489367 0.396076 0)
(0.515756 0.329409 0)
(0.537187 0.259597 0)
(0.553459 0.187312 0)
(0.564422 0.113246 0)
(0.569978 0.0381046 0)
(0.570077 -0.0373975 0)
(0.5647 -0.112542 0)
(0.553873 -0.186614 0)
(0.537704 -0.258905 0)
(0.516353 -0.328721 0)
(0.49002 -0.395391 0)
(0.458955 -0.458269 0)
(0.423455 -0.516748 0)
(0.383861 -0.570264 0)
(0.340554 -0.618296 0)
(0.29395 -0.660379 0)
(0.244498 -0.696103 0)
(0.192675 -0.725116 0)
(0.138983 -0.747129 0)
(0.0839345 -0.76192 0)
(0.0280791 -0.769342 0)
(-0.0280791 -0.769342 0)
(-0.0839345 -0.76192 0)
(-0.138983 -0.747129 0)
(-0.192675 -0.725116 0)
(-0.244498 -0.696103 0)
(-0.29395 -0.660379 0)
(-0.340554 -0.618296 0)
(-0.383861 -0.570264 0)
(-0.423455 -0.516748 0)
(-0.458955 -0.458269 0)
(-0.49002 -0.395391 0)
(-0.516353 -0.328721 0)
(-0.537704 -0.258905 0)
(-0.553873 -0.186614 0)
(-0.5647 -0.112542 0)
(-0.570077 -0.0373974 0)
(-0.642727 0.0351774 0)
(-0.63647 0.104508 0)
(-0.624109 0.172845 0)
(-0.605757 0.239536 0)
(-0.581585 0.303944 0)
(-0.551821 0.365447 0)
(-0.516748 0.423455 0)
(-0.476701 0.477407 0)
(-0.432064 0.526781 0)
(-0.383264 0.571097 0)
(-0.33077 0.609925 0)
(-0.275089 0.642886 0)
(-0.216756 0.669657 0)
(-0.156333 0.689974 0)
(-0.094404 0.703634 0)
(-0.0315726 0.710504 0)
(0.0315726 0.710504 0)
(0.094404 0.703634 0)
(0.156333 0.689974 0)
(0.216756 0.669657 0)
(0.275089 0.642886 0)
(0.33077 0.609925 0)
(0.383264 0.571097 0)
(0.432064 0.526781 0)
(0.476701 0.477407 0)
(0.516748 0.423455 0)
(0.551821 0.365447 0)
(0.581585 0.303944 0)
(0.605757 0.239536 0)
(0.624109 0.172845 0)
(0.63647 0.104507 0)
(0.642727 0.0351774 0)
(0.642823 -0.034486 0)
(0.636739 -0.103818 0)
(0.624513 -0.172158 0)
(0.606266 -0.23885 0)
(0.582176 -0.303257 0)
(0.552473 -0.364758 0)
(0.517439 -0.422759 0)
(0.477407 -0.476701 0)
(0.432763 -0.526063 0)
(0.383935 -0.570367 0)
(0.331393 -0.609183 0)
(0.275642 -0.642132 0)
(0.217218 -0.66889 0)
(0.156687 -0.689191 0)
(0.0946268 -0.702828 0)
(0.0316567 -0.709669 0)
(-0.0316567 -0.709669 0)
(-0.0946268 -0.702828 0)
(-0.156687 -0.689191 0)
(-0.217218 -0.66889 0)
(-0.275642 -0.642132 0)
(-0.331393 -0.609183 0)
(-0.383935 -0.570367 0)
(-0.432763 -0.526063 0)
(-0.477407 -0.476701 0)
(-0.517439 -0.422759 0)
(-0.552473 -0.364758 0)
(-0.582176 -0.303257 0)
(-0.606266 -0.23885 0)
(-0.624513 -0.172158 0)
(-0.636739 -0.103818 0)
(-0.642823 -0.034486 0)
(-0.709303 0.0319025 0)
(-0.702404 0.0947505 0)
(-0.688764 0.156698 0)
(-0.668508 0.217152 0)
(-0.641827 0.275534 0)
(-0.608975 0.331282 0)
(-0.570264 0.383861 0)
(-0.526063 0.432763 0)
(-0.476798 0.477515 0)
(-0.422941 0.517683 0)
(-0.365009 0.552876 0)
(-0.303561 0.582752 0)
(-0.239187 0.607017 0)
(-0.172509 0.625432 0)
(-0.104171 0.637816 0)
(-0.0348398 0.644043 0)
(0.0348398 0.644043 0)
(0.104171 0.637816 0)
(0.172509 0.625432 0)
(0.239187 0.607017 0)
(0.303561 0.582752 0)
(0.365009 0.552876 0)
(0.422941 0.517683 0)
(0.476798 0.477515 0)
(0.526063 0.432763 0)
(0.570264 0.383861 0)
(0.608975 0.331282 0)
(0.641827 0.275534 0)
(0.668508 0.217152 0)
(0.688764 0.156698 0)
(0.702404 0.0947505 0)
(0.709303 0.0319025 0)
(0.709396 -0.0312475 0)
(0.702667 -0.094096 0)
(0.689161 -0.156042 0)
(0.66901 -0.216493 0)
(0.642415 -0.27487 0)
(0.609627 -0.33061 0)
(0.570959 -0.383177 0)
(0.526781 -0.432064 0)
(0.477515 -0.476798 0)
(0.423635 -0.516948 0)
(0.365658 -0.552123 0)
(0.304142 -0.58198 0)
(0.239678 -0.606225 0)
(0.172888 -0.624617 0)
(0.104412 -0.63697 0)
(0.0349312 -0.643163 0)
(-0.0349312 -0.643163 0)
(-0.104412 -0.63697 0)
(-0.172889 -0.624617 0)
(-0.239678 -0.606225 0)
(-0.304142 -0.58198 0)
(-0.365658 -0.552123 0)
(-0.423635 -0.516948 0)
(-0.477515 -0.476798 0)
(-0.526781 -0.432064 0)
(-0.570959 -0.383177 0)
(-0.609627 -0.33061 0)
(-0.642415 -0.27487 0)
(-0.66901 -0.216493 0)
(-0.689161 -0.156042 0)
(-0.702667 -0.094096 0)
(-0.709396 -0.0312475 0)
(-0.769059 0.0283129 0)
(-0.761584 0.0840702 0)
(-0.746795 0.139028 0)
(-0.724831 0.192661 0)
(-0.695899 0.244454 0)
(-0.660274 0.29391 0)
(-0.618296 0.340554 0)
(-0.570367 0.383935 0)
(-0.516948 0.423635 0)
(-0.458551 0.459268 0)
(-0.395737 0.490489 0)
(-0.329111 0.516992 0)
(-0.259316 0.538518 0)
(-0.187024 0.554856 0)
(-0.112934 0.565842 0)
(-0.0377713 0.571368 0)
(0.0377713 0.571368 0)
(0.112934 0.565842 0)
(0.187024 0.554856 0)
(0.259316 0.538518 0)
(0.329111 0.516992 0)
(0.395737 0.490489 0)
(0.458551 0.459268 0)
(0.516948 0.423635 0)
(0.570367 0.383935 0)
(0.618296 0.340554 0)
(0.660274 0.29391 0)
(0.695899 0.244454 0)
(0.724831 0.192661 0)
(0.746795 0.139028 0)
(0.761584 0.0840702 0)
(0.769059 0.0283129 0)
(0.76915 -0.0277119 0)
(0.761841 -0.0834682 0)
(0.747186 -0.138423 0)
(0.725329 -0.192049 0)
(0.696484 -0.243832 0)
(0.660928 -0.293275 0)
(0.618999 -0.339902 0)
(0.571097 -0.383264 0)
(0.517683 -0.422941 0)
(0.459268 -0.458551 0)
(0.396414 -0.489746 0)
(0.329723 -0.516224 0)
(0.259838 -0.537724 0)
(0.187432 -0.55403 0)
(0.113197 -0.564979 0)
(0.037871 -0.570464 0)
(-0.037871 -0.570464 0)
(-0.113197 -0.564979 0)
(-0.187432 -0.55403 0)
(-0.259838 -0.537724 0)
(-0.329723 -0.516224 0)
(-0.396414 -0.489746 0)
(-0.459268 -0.458551 0)
(-0.517683 -0.422941 0)
(-0.571097 -0.383264 0)
(-0.618999 -0.339902 0)
(-0.660928 -0.293275 0)
(-0.696484 -0.243832 0)
(-0.725329 -0.192049 0)
(-0.747186 -0.138423 0)
(-0.761841 -0.0834682 0)
(-0.76915 -0.0277119 0)
(-0.821414 0.0244443 0)
(-0.813435 0.0725708 0)
(-0.797641 0.120007 0)
(-0.77418 0.1663 0)
(-0.743275 0.211004 0)
(-0.70522 0.253691 0)
(-0.660379 0.29395 0)
(-0.609183 0.331393 0)
(-0.552123 0.365658 0)
(-0.489746 0.396414 0)
(-0.422654 0.423361 0)
(-0.351492 0.446237 0)
(-0.276947 0.464817 0)
(-0.199736 0.47892 0)
(-0.120608 0.488405 0)
(-0.0403383 0.493175 0)
(0.0403383 0.493175 0)
(0.120608 0.488405 0)
(0.199736 0.47892 0)
(0.276947 0.464817 0)
(0.351492 0.446237 0)
(0.422654 0.423361 0)
(0.489746 0.396414 0)
(0.552123 0.365658 0)
(0.609183 0.331393 0)
(0.660379 0.29395 0)
(0.70522 0.253691 0)
(0.743275 0.211004 0)
(0.77418 0.1663 0)
(0.797641 0.120007 0)
(0.813435 0.0725708 0)
(0.821414 0.0244443 0)
(0.821504 -0.0239127 0)
(0.813688 -0.072037 0)
(0.798026 -0.119468 0)
(0.774673 -0.165751 0)
(0.743857 -0.210442 0)
(0.705875 -0.253112 0)
(0.661088 -0.293351 0)
(0.609925 -0.33077 0)
(0.552876 -0.365009 0)
(0.490489 -0.395737 0)
(0.423361 -0.422654 0)
(0.352137 -0.445499 0)
(0.277502 -0.464046 0)
(0.200175 -0.478111 0)
(0.120895 -0.487551 0)
(0.0404477 -0.492275 0)
(-0.0404477 -0.492275 0)
(-0.120895 -0.487551 0)
(-0.200175 -0.478111 0)
(-0.277502 -0.464046 0)
(-0.352137 -0.445499 0)
(-0.423361 -0.422654 0)
(-0.490489 -0.395737 0)
(-0.552876 -0.365009 0)
(-0.609925 -0.33077 0)
(-0.661088 -0.293351 0)
(-0.705875 -0.253112 0)
(-0.743857 -0.210442 0)
(-0.774673 -0.165751 0)
(-0.798026 -0.119468 0)
(-0.813688 -0.072037 0)
(-0.821504 -0.0239127 0)
(-0.865858 0.0203357 0)
(-0.857451 0.060365 0)
(-0.840804 0.0998206 0)
(-0.816072 0.138325 0)
(-0.783492 0.175508 0)
(-0.743374 0.211013 0)
(-0.696103 0.244498 0)
(-0.642132 0.275642 0)
(-0.58198 0.304142 0)
(-0.516224 0.329723 0)
(-0.445499 0.352137 0)
(-0.370485 0.371166 0)
(-0.291906 0.386622 0)
(-0.21052 0.398354 0)
(-0.127118 0.406245 0)
(-0.0425154 0.410214 0)
(0.0425154 0.410214 0)
(0.127118 0.406245 0)
(0.21052 0.398354 0)
(0.291906 0.386622 0)
(0.370485 0.371166 0)
(0.445499 0.352137 0)
(0.516224 0.329723 0)
(0.58198 0.304142 0)
(0.642132 0.275642 0)
(0.696103 0.244498 0)
(0.743374 0.211013 0)
(0.783492 0.175508 0)
(0.816072 0.138325 0)
(0.840804 0.0998206 0)
(0.857451 0.060365 0)
(0.865858 0.0203357 0)
(0.865946 -0.0198849 0)
(0.857699 -0.0599114 0)
(0.841183 -0.0993603 0)
(0.81656 -0.137853 0)
(0.784072 -0.175022 0)
(0.744031 -0.210508 0)
(0.696818 -0.243971 0)
(0.642886 -0.275089 0)
(0.582752 -0.303561 0)
(0.516992 -0.329111 0)
(0.446237 -0.351492 0)
(0.371166 -0.370485 0)
(0.292499 -0.385902 0)
(0.210995 -0.397591 0)
(0.127432 -0.405431 0)
(0.0426363 -0.40935 0)
(-0.0426363 -0.40935 0)
(-0.127432 -0.405431 0)
(-0.210995 -0.397591 0)
(-0.292499 -0.385902 0)
(-0.371166 -0.370485 0)
(-0.446237 -0.351492 0)
(-0.516992 -0.329111 0)
(-0.582752 -0.303561 0)
(-0.642886 -0.275089 0)
(-0.696818 -0.243971 0)
(-0.744031 -0.210508 0)
(-0.784072 -0.175022 0)
(-0.81656 -0.137853 0)
(-0.841183 -0.0993603 0)
(-0.857699 -0.0599114 0)
(-0.865946 -0.0198849 0)
(-0.901955 0.0160269 0)
(-0.8932 0.0475711 0)
(-0.87586 0.0786634 0)
(-0.850097 0.109006 0)
(-0.816156 0.138308 0)
(-0.774362 0.166287 0)
(-0.725116 0.192675 0)
(-0.66889 0.217218 0)
(-0.606225 0.239678 0)
(-0.537724 0.259838 0)
(-0.464046 0.277502 0)
(-0.385902 0.292499 0)
(-0.304047 0.304682 0)
(-0.21927 0.31393 0)
(-0.132397 0.320152 0)
(-0.0442809 0.323281 0)
(0.0442809 0.323281 0)
(0.132397 0.320152 0)
(0.21927 0.31393 0)
(0.304047 0.304682 0)
(0.385902 0.292499 0)
(0.464046 0.277502 0)
(0.537724 0.259838 0)
(0.606225 0.239678 0)
(0.66889 0.217218 0)
(0.725116 0.192675 0)
(0.774362 0.166287 0)
(0.816156 0.138308 0)
(0.850097 0.109006 0)
(0.87586 0.0786634 0)
(0.8932 0.0475711 0)
(0.901955 0.0160269 0)
(0.902042 -0.0156676 0)
(0.893445 -0.0472086 0)
(0.876235 -0.0782938 0)
(0.850581 -0.108625 0)
(0.816734 -0.137912 0)
(0.77502 -0.165873 0)
(0.725838 -0.192239 0)
(0.669657 -0.216756 0)
(0.607017 -0.239187 0)
(0.538518 -0.259316 0)
(0.464817 -0.276947 0)
(0.386622 -0.291906 0)
(0.304682 -0.304047 0)
(0.219785 -0.313248 0)
(0.132744 -0.319416 0)
(0.0444153 -0.322493 0)
(-0.0444154 -0.322493 0)
(-0.132744 -0.319416 0)
(-0.219785 -0.313248 0)
(-0.304682 -0.304047 0)
(-0.386622 -0.291906 0)
(-0.464817 -0.276947 0)
(-0.538518 -0.259316 0)
(-0.607017 -0.239187 0)
(-0.669657 -0.216756 0)
(-0.725838 -0.192239 0)
(-0.77502 -0.165873 0)
(-0.816734 -0.137912 0)
(-0.850581 -0.108625 0)
(-0.876235 -0.0782938 0)
(-0.893445 -0.0472086 0)
(-0.902042 -0.0156676 0)
(-0.929348 0.0115626 0)
(-0.920329 0.0343156 0)
(-0.902463 0.0567431 0)
(-0.875916 0.0786299 0)
(-0.840942 0.099766 0)
(-0.797875 0.119948 0)
(-0.747129 0.138983 0)
(-0.689191 0.156687 0)
(-0.624617 0.172888 0)
(-0.55403 0.187432 0)
(-0.478111 0.200175 0)
(-0.397591 0.210995 0)
(-0.313248 0.219785 0)
(-0.225898 0.22646 0)
(-0.136393 0.230951 0)
(-0.0456166 0.23321 0)
(0.0456166 0.23321 0)
(0.136393 0.230951 0)
(0.225898 0.22646 0)
(0.313248 0.219785 0)
(0.397591 0.210995 0)
(0.478111 0.200175 0)
(0.55403 0.187432 0)
(0.624617 0.172888 0)
(0.689191 0.156687 0)
(0.747129 0.138983 0)
(0.797875 0.119948 0)
(0.840942 0.099766 0)
(0.875916 0.0786299 0)
(0.902463 0.0567431 0)
(0.920329 0.0343156 0)
(0.929348 0.0115626 0)
(0.929434 -0.0112987 0)
(0.920571 -0.034049 0)
(0.902835 -0.0564701 0)
(0.876398 -0.0783471 0)
(0.84152 -0.0994701 0)
(0.798538 -0.119636 0)
(0.74786 -0.138652 0)
(0.689974 -0.156333 0)
(0.625432 -0.172509 0)
(0.554856 -0.187024 0)
(0.47892 -0.199736 0)
(0.398354 -0.21052 0)
(0.31393 -0.21927 0)
(0.22646 -0.225898 0)
(0.136778 -0.230337 0)
(0.0457675 -0.232547 0)
(-0.0457675 -0.232547 0)
(-0.136778 -0.230337 0)
(-0.22646 -0.225898 0)
(-0.31393 -0.21927 0)
(-0.398354 -0.21052 0)
(-0.47892 -0.199736 0)
(-0.554856 -0.187024 0)
(-0.625432 -0.172509 0)
(-0.689974 -0.156333 0)
(-0.74786 -0.138652 0)
(-0.798538 -0.119636 0)
(-0.84152 -0.0994701 0)
(-0.876398 -0.0783471 0)
(-0.902835 -0.0564701 0)
(-0.920571 -0.034049 0)
(-0.929434 -0.0112986 0)
(-0.947762 0.00698212 0)
(-0.938566 0.0207228 0)
(-0.920345 0.034267 0)
(-0.89327 0.0474849 0)
(-0.8576 0.0602496 0)
(-0.813676 0.0724385 0)
(-0.76192 0.0839345 0)
(-0.702828 0.0946268 0)
(-0.63697 0.104412 0)
(-0.564979 0.113197 0)
(-0.487551 0.120895 0)
(-0.405431 0.127432 0)
(-0.319416 0.132744 0)
(-0.230337 0.136778 0)
(-0.139067 0.139495 0)
(-0.046509 0.140863 0)
(0.046509 0.140863 0)
(0.139067 0.139495 0)
(0.230337 0.136778 0)
(0.319416 0.132744 0)
(0.405431 0.127432 0)
(0.487551 0.120895 0)
(0.564979 0.113197 0)
(0.63697 0.104412 0)
(0.702828 0.0946268 0)
(0.76192 0.0839345 0)
(0.813676 0.0724385 0)
(0.8576 0.0602496 0)
(0.89327 0.0474849 0)
(0.920345 0.034267 0)
(0.938566 0.0207228 0)
(0.947762 0.00698211 0)
(0.947847 -0.0068237 0)
(0.938807 -0.0205624 0)
(0.920716 -0.0341022 0)
(0.893754 -0.047313 0)
(0.858184 -0.0600684 0)
(0.814349 -0.0722457 0)
(0.762668 -0.0837278 0)
(0.703634 -0.094404 0)
(0.637816 -0.104171 0)
(0.565842 -0.112934 0)
(0.488405 -0.120608 0)
(0.406245 -0.127118 0)
(0.320152 -0.132397 0)
(0.230951 -0.136393 0)
(0.139495 -0.139067 0)
(0.0466788 -0.140394 0)
(-0.0466789 -0.140394 0)
(-0.139495 -0.139067 0)
(-0.230951 -0.136393 0)
(-0.320152 -0.132397 0)
(-0.406245 -0.127118 0)
(-0.488405 -0.120608 0)
(-0.565843 -0.112934 0)
(-0.637816 -0.104171 0)
(-0.703635 -0.094404 0)
(-0.762668 -0.0837278 0)
(-0.814349 -0.0722457 0)
(-0.858184 -0.0600683 0)
(-0.893754 -0.047313 0)
(-0.920716 -0.0341021 0)
(-0.938807 -0.0205624 0)
(-0.947847 -0.00682369 0)
(-0.957015 0.00233711 0)
(-0.947728 0.00693304 0)
(-0.929328 0.0114635 0)
(-0.901987 0.015885 0)
(-0.865966 0.0201552 0)
(-0.821609 0.0242329 0)
(-0.769342 0.0280791 0)
(-0.709669 0.0316567 0)
(-0.643163 0.0349312 0)
(-0.570464 0.037871 0)
(-0.492275 0.0404477 0)
(-0.40935 0.0426363 0)
(-0.322493 0.0444153 0)
(-0.232547 0.0457675 0)
(-0.140394 0.0466788 0)
(-0.0469511 0.0471381 0)
(0.0469511 0.0471381 0)
(0.140394 0.0466788 0)
(0.232547 0.0457675 0)
(0.322493 0.0444153 0)
(0.40935 0.0426363 0)
(0.492275 0.0404477 0)
(0.570464 0.037871 0)
(0.643163 0.0349312 0)
(0.709669 0.0316567 0)
(0.769342 0.0280791 0)
(0.821609 0.0242329 0)
(0.865966 0.0201552 0)
(0.901987 0.015885 0)
(0.929328 0.0114635 0)
(0.947728 0.00693304 0)
(0.957015 0.0023371 0)
(0.9571 -0.00228033 0)
(0.947971 -0.00687519 0)
(0.929703 -0.0114035 0)
(0.902478 -0.0158218 0)
(0.866561 -0.0200879 0)
(0.822298 -0.0241609 0)
(0.770112 -0.0280015 0)
(0.710504 -0.0315726 0)
(0.644043 -0.0348398 0)
(0.571368 -0.0377713 0)
(0.493175 -0.0403383 0)
(0.410214 -0.0425154 0)
(0.323281 -0.0442809 0)
(0.23321 -0.0456166 0)
(0.140863 -0.046509 0)
(0.0471381 -0.0469511 0)
(-0.0471382 -0.0469511 0)
(-0.140863 -0.046509 0)
(-0.23321 -0.0456166 0)
(-0.323281 -0.0442809 0)
(-0.410214 -0.0425154 0)
(-0.493175 -0.0403383 0)
(-0.571368 -0.0377713 0)
(-0.644043 -0.0348398 0)
(-0.710504 -0.0315726 0)
(-0.770112 -0.0280015 0)
(-0.822298 -0.0241609 0)
(-0.866561 -0.0200879 0)
(-0.902478 -0.0158218 0)
(-0.929703 -0.0114035 0)
(-0.947971 -0.00687518 0)
(-0.9571 -0.00228033 0)
(-0.957015 -0.00233711 0)
(-0.947728 -0.00693304 0)
(-0.929328 -0.0114635 0)
(-0.901987 -0.015885 0)
(-0.865966 -0.0201552 0)
(-0.821609 -0.0242329 0)
(-0.769342 -0.0280791 0)
(-0.709669 -0.0316567 0)
(-0.643163 -0.0349312 0)
(-0.570464 -0.037871 0)
(-0.492275 -0.0404477 0)
(-0.40935 -0.0426363 0)
(-0.322493 -0.0444154 0)
(-0.232547 -0.0457675 0)
(-0.140394 -0.0466788 0)
(-0.0469511 -0.0471381 0)
(0.0469511 -0.0471381 0)
(0.140394 -0.0466788 0)
(0.232547 -0.0457675 0)
(0.322493 -0.0444154 0)
(0.40935 -0.0426363 0)
(0.492275 -0.0404477 0)
(0.570464 -0.037871 0)
(0.643163 -0.0349312 0)
(0.709669 -0.0316567 0)
(0.769342 -0.0280791 0)
(0.821609 -0.024233 0)
(0.865966 -0.0201552 0)
(0.901987 -0.015885 0)
(0.929328 -0.0114635 0)
(0.947728 -0.00693304 0)
(0.957015 -0.00233711 0)
(0.9571 0.00228033 0)
(0.947971 0.00687519 0)
(0.929703 0.0114035 0)
(0.902478 0.0158218 0)
(0.866561 0.0200879 0)
(0.822298 0.0241609 0)
(0.770112 0.0280015 0)
(0.710504 0.0315726 0)
(0.644043 0.0348398 0)
(0.571368 0.0377713 0)
(0.493175 0.0403383 0)
(0.410214 0.0425154 0)
(0.323281 0.0442809 0)
(0.23321 0.0456166 0)
(0.140863 0.046509 0)
(0.0471381 0.0469511 0)
(-0.0471382 0.0469511 0)
(-0.140863 0.046509 0)
(-0.23321 0.0456166 0)
(-0.323281 0.0442809 0)
(-0.410214 0.0425154 0)
(-0.493175 0.0403383 0)
(-0.571368 0.0377713 0)
(-0.644043 0.0348398 0)
(-0.710504 0.0315726 0)
(-0.770112 0.0280015 0)
(-0.822298 0.0241609 0)
(-0.866561 0.0200879 0)
(-0.902478 0.0158218 0)
(-0.929703 0.0114035 0)
(-0.947971 0.00687519 0)
(-0.9571 0.00228033 0)
(-0.947762 -0.00698211 0)
(-0.938566 -0.0207228 0)
(-0.920345 -0.034267 0)
(-0.89327 -0.0474849 0)
(-0.8576 -0.0602496 0)
(-0.813676 -0.0724385 0)
(-0.76192 -0.0839345 0)
(-0.702828 -0.0946268 0)
(-0.63697 -0.104412 0)
(-0.564979 -0.113197 0)
(-0.487551 -0.120895 0)
(-0.405431 -0.127432 0)
(-0.319416 -0.132744 0)
(-0.230337 -0.136778 0)
(-0.139067 -0.139495 0)
(-0.046509 -0.140863 0)
(0.046509 -0.140863 0)
(0.139067 -0.139495 0)
(0.230337 -0.136778 0)
(0.319416 -0.132744 0)
(0.405431 -0.127432 0)
(0.487551 -0.120895 0)
(0.564979 -0.113197 0)
(0.63697 -0.104412 0)
(0.702828 -0.0946268 0)
(0.76192 -0.0839345 0)
(0.813676 -0.0724385 0)
(0.8576 -0.0602496 0)
(0.89327 -0.0474849 0)
(0.920345 -0.034267 0)
(0.938566 -0.0207228 0)
(0.947762 -0.00698212 0)
(0.947847 0.0068237 0)
(0.938807 0.0205624 0)
(0.920716 0.0341022 0)
(0.893754 0.047313 0)
(0.858184 0.0600684 0)
(0.814349 0.0722457 0)
(0.762668 0.0837278 0)
(0.703634 0.094404 0)
(0.637816 0.104171 0)
(0.565842 0.112934 0)
(0.488405 0.120608 0)
(0.406245 0.127118 0)
(0.320152 0.132397 0)
(0.230951 0.136393 0)
(0.139495 0.139067 0)
(0.0466788 0.140394 0)
(-0.0466789 0.140394 0)
(-0.139495 0.139067 0)
(-0.230951 0.136393 0)
(-0.320152 0.132397 0)
(-0.406245 0.127118 0)
(-0.488405 0.120608 0)
(-0.565843 0.112934 0)
(-0.637816 0.104171 0)
(-0.703635 0.094404 0)
(-0.762668 0.0837278 0)
(-0.814349 0.0722457 0)
(-0.858184 0.0600684 0)
(-0.893754 0.047313 0)
(-0.920716 0.0341022 0)
(-0.938807 0.0205624 0)
(-0.947847 0.0068237 0)
(-0.929348 -0.0115626 0)
(-0.920329 -0.0343156 0)
(-0.902463 -0.0567431 0)
(-0.875916 -0.0786299 0)
(-0.840942 -0.099766 0)
(-0.797875 -0.119948 0)
(-0.747129 -0.138983 0)
(-0.689191 -0.156687 0)
(-0.624617 -0.172889 0)
(-0.55403 -0.187432 0)
(-0.478111 -0.200175 0)
(-0.397591 -0.210995 0)
(-0.313248 -0.219785 0)
(-0.225898 -0.22646 0)
(-0.136393 -0.230951 0)
(-0.0456166 -0.23321 0)
(0.0456166 -0.23321 0)
(0.136393 -0.230951 0)
(0.225898 -0.22646 0)
(0.313248 -0.219785 0)
(0.397591 -0.210995 0)
(0.478111 -0.200175 0)
(0.55403 -0.187432 0)
(0.624617 -0.172889 0)
(0.689191 -0.156687 0)
(0.747129 -0.138983 0)
(0.797875 -0.119948 0)
(0.840942 -0.099766 0)
(0.875916 -0.0786299 0)
(0.902463 -0.0567431 0)
(0.920329 -0.0343156 0)
(0.929348 -0.0115626 0)
(0.929434 0.0112987 0)
(0.920571 0.034049 0)
(0.902835 0.0564701 0)
(0.876398 0.0783471 0)
(0.84152 0.0994702 0)
(0.798538 0.119636 0)
(0.74786 0.138652 0)
(0.689974 0.156333 0)
(0.625432 0.172509 0)
(0.554855 0.187024 0)
(0.47892 0.199736 0)
(0.398354 0.21052 0)
(0.31393 0.21927 0)
(0.22646 0.225898 0)
(0.136778 0.230337 0)
(0.0457675 0.232547 0)
(-0.0457675 0.232547 0)
(-0.136778 0.230337 0)
(-0.22646 0.225898 0)
(-0.31393 0.21927 0)
(-0.398354 0.21052 0)
(-0.47892 0.199736 0)
(-0.554856 0.187024 0)
(-0.625432 0.172509 0)
(-0.689974 0.156333 0)
(-0.74786 0.138652 0)
(-0.798538 0.119636 0)
(-0.84152 0.0994702 0)
(-0.876398 0.0783471 0)
(-0.902835 0.0564701 0)
(-0.920571 0.034049 0)
(-0.929434 0.0112987 0)
(-0.901955 -0.0160269 0)
(-0.8932 -0.0475711 0)
(-0.87586 -0.0786634 0)
(-0.850097 -0.109006 0)
(-0.816156 -0.138308 0)
(-0.774362 -0.166287 0)
(-0.725116 -0.192675 0)
(-0.66889 -0.217218 0)
(-0.606225 -0.239678 0)
(-0.537724 -0.259838 0)
(-0.464046 -0.277502 0)
(-0.385902 -0.292499 0)
(-0.304047 -0.304682 0)
(-0.21927 -0.31393 0)
(-0.132397 -0.320152 0)
(-0.0442809 -0.323281 0)
(0.0442809 -0.323281 0)
(0.132397 -0.320152 0)
(0.21927 -0.31393 0)
(0.304047 -0.304682 0)
(0.385902 -0.292499 0)
(0.464046 -0.277502 0)
(0.537724 -0.259838 0)
(0.606225 -0.239678 0)
(0.66889 -0.217218 0)
(0.725116 -0.192675 0)
(0.774362 -0.166287 0)
(0.816156 -0.138308 0)
(0.850097 -0.109006 0)
(0.87586 -0.0786634 0)
(0.8932 -0.0475711 0)
(0.901955 -0.0160269 0)
(0.902042 0.0156676 0)
(0.893445 0.0472086 0)
(0.876235 0.0782938 0)
(0.850581 0.108625 0)
(0.816734 0.137912 0)
(0.77502 0.165873 0)
(0.725838 0.192239 0)
(0.669657 0.216756 0)
(0.607017 0.239187 0)
(0.538518 0.259316 0)
(0.464817 0.276947 0)
(0.386622 0.291906 0)
(0.304682 0.304047 0)
(0.219785 0.313248 0)
(0.132744 0.319416 0)
(0.0444153 0.322493 0)
(-0.0444154 0.322493 0)
(-0.132744 0.319416 0)
(-0.219785 0.313248 0)
(-0.304682 0.304047 0)
(-0.386622 0.291906 0)
(-0.464817 0.276947 0)
(-0.538518 0.259316 0)
(-0.607017 0.239187 0)
(-0.669657 0.216756 0)
(-0.725838 0.192239 0)
(-0.77502 0.165873 0)
(-0.816734 0.137912 0)
(-0.850581 0.108625 0)
(-0.876235 0.0782938 0)
(-0.893445 0.0472086 0)
(-0.902042 0.0156676 0)
(-0.865858 -0.0203357 0)
(-0.857451 -0.060365 0)
(-0.840804 -0.0998206 0)
(-0.816072 -0.138325 0)
(-0.783492 -0.175508 0)
(-0.743374 -0.211013 0)
(-0.696103 -0.244498 0)
(-0.642132 -0.275642 0)
(-0.58198 -0.304142 0)
(-0.516224 -0.329723 0)
(-0.445499 -0.352137 0)
(-0.370485 -0.371166 0)
(-0.291906 -0.386622 0)
(-0.21052 -0.398354 0)
(-0.127118 -0.406245 0)
(-0.0425154 -0.410214 0)
(0.0425154 -0.410214 0)
(0.127118 -0.406245 0)
(0.21052 -0.398354 0)
(0.291906 -0.386622 0)
(0.370485 -0.371166 0)
(0.445499 -0.352137 0)
(0.516224 -0.329723 0)
(0.58198 -0.304142 0)
(0.642132 -0.275642 0)
(0.696103 -0.244498 0)
(0.743374 -0.211013 0)
(0.783492 -0.175508 0)
(0.816072 -0.138325 0)
(0.840804 -0.0998206 0)
(0.857451 -0.060365 0)
(0.865858 -0.0203357 0)
(0.865946 0.0198849 0)
(0.857699 0.0599114 0)
(0.841183 0.0993603 0)
(0.81656 0.137853 0)
(0.784072 0.175022 0)
(0.744031 0.210508 0)
(0.696818 0.243971 0)
(0.642886 0.275089 0)
(0.582752 0.303561 0)
(0.516992 0.329111 0)
(0.446237 0.351492 0)
(0.371166 0.370485 0)
(0.292499 0.385902 0)
(0.210995 0.397591 0)
(0.127432 0.405431 0)
(0.0426363 0.40935 0)
(-0.0426363 0.40935 0)
(-0.127432 0.405431 0)
(-0.210995 0.397591 0)
(-0.292499 0.385902 0)
(-0.371166 0.370485 0)
(-0.446237 0.351492 0)
(-0.516992 0.329111 0)
(-0.582752 0.303561 0)
(-0.642886 0.275089 0)
(-0.696818 0.243971 0)
(-0.744031 0.210508 0)
(-0.784072 0.175022 0)
(-0.81656 0.137853 0)
(-0.841183 0.0993603 0)
(-0.857699 0.0599114 0)
(-0.865946 0.0198849 0)
(-0.821414 -0.0244443 0)
(-0.813435 -0.0725708 0)
(-0.797641 -0.120007 0)
(-0.77418 -0.1663 0)
(-0.743275 -0.211004 0)
(-0.70522 -0.253691 0)
(-0.660379 -0.29395 0)
(-0.609183 -0.331393 0)
(-0.552123 -0.365658 0)
(-0.489746 -0.396414 0)
(-0.422654 -0.423361 0)
(-0.351492 -0.446237 0)
(-0.276947 -0.464817 0)
(-0.199736 -0.47892 0)
(-0.120608 -0.488405 0)
(-0.0403383 -0.493175 0)
(0.0403383 -0.493175 0)
(0.120608 -0.488405 0)
(0.199736 -0.47892 0)
(0.276947 -0.464817 0)
(0.351492 -0.446237 0)
(0.422654 -0.423361 0)
(0.489746 -0.396414 0)
(0.552123 -0.365658 0)
(0.609183 -0.331393 0)
(0.660379 -0.29395 0)
(0.70522 -0.253691 0)
(0.743275 -0.211004 0)
(0.77418 -0.1663 0)
(0.797641 -0.120007 0)
(0.813435 -0.0725708 0)
(0.821414 -0.0244443 0)
(0.821504 0.0239127 0)
(0.813688 0.072037 0)
(0.798026 0.119468 0)
(0.774673 0.165751 0)
(0.743857 0.210442 0)
(0.705875 0.253112 0)
(0.661088 0.293351 0)
(0.609925 0.33077 0)
(0.552876 0.365009 0)
(0.490489 0.395737 0)
(0.423361 0.422654 0)
(0.352137 0.445499 0)
(0.277502 0.464046 0)
(0.200175 0.478111 0)
(0.120895 0.487551 0)
(0.0404477 0.492275 0)
(-0.0404477 0.492275 0)
(-0.120895 0.487551 0)
(-0.200175 0.478111 0)
(-0.277502 0.464046 0)
(-0.352137 0.445499 0)
(-0.423361 0.422654 0)
(-0.490489 0.395737 0)
(-0.552876 0.365009 0)
(-0.609925 0.33077 0)
(-0.661088 0.293351 0)
(-0.705875 0.253112 0)
(-0.743857 0.210442 0)
(-0.774673 0.165751 0)
(-0.798026 0.119468 0)
(-0.813688 0.072037 0)
(-0.821504 0.0239127 0)
(-0.769059 -0.0283129 0)
(-0.761584 -0.0840702 0)
(-0.746795 -0.139028 0)
(-0.724831 -0.192661 0)
(-0.695899 -0.244454 0)
(-0.660274 -0.29391 0)
(-0.618296 -0.340554 0)
(-0.570367 -0.383935 0)
(-0.516948 -0.423635 0)
(-0.458551 -0.459268 0)
(-0.395737 -0.490489 0)
(-0.329111 -0.516992 0)
(-0.259316 -0.538518 0)
(-0.187024 -0.554856 0)
(-0.112934 -0.565843 0)
(-0.0377713 -0.571368 0)
(0.0377713 -0.571368 0)
(0.112934 -0.565843 0)
(0.187024 -0.554856 0)
(0.259316 -0.538518 0)
(0.329111 -0.516992 0)
(0.395737 -0.490489 0)
(0.458551 -0.459268 0)
(0.516948 -0.423635 0)
(0.570367 -0.383935 0)
(0.618296 -0.340554 0)
(0.660274 -0.29391 0)
(0.695899 -0.244454 0)
(0.724831 -0.192661 0)
(0.746795 -0.139028 0)
(0.761584 -0.0840702 0)
(0.769059 -0.0283129 0)
(0.76915 0.0277119 0)
(0.761841 0.0834682 0)
(0.747186 0.138423 0)
(0.725329 0.192049 0)
(0.696484 0.243832 0)
(0.660928 0.293275 0)
(0.618999 0.339902 0)
(0.571097 0.383264 0)
(0.517683 0.422941 0)
(0.459268 0.458551 0)
(0.396414 0.489746 0)
(0.329723 0.516224 0)
(0.259838 0.537724 0)
(0.187432 0.55403 0)
(0.113197 0.564979 0)
(0.037871 0.570464 0)
(-0.037871 0.570464 0)
(-0.113197 0.564979 0)
(-0.187432 0.55403 0)
(-0.259838 0.537724 0)
(-0.329723 0.516224 0)
(-0.396414 0.489746 0)
(-0.459268 0.458551 0)
(-0.517683 0.422941 0)
(-0.571097 0.383264 0)
(-0.618999 0.339902 0)
(-0.660928 0.293275 0)
(-0.696484 0.243832 0)
(-0.725329 0.192049 0)
(-0.747186 0.138423 0)
(-0.761841 0.0834682 0)
(-0.76915 0.0277119 0)
(-0.709303 -0.0319025 0)
(-0.702404 -0.0947505 0)
(-0.688764 -0.156698 0)
(-0.668508 -0.217152 0)
(-0.641827 -0.275534 0)
(-0.608975 -0.331282 0)
(-0.570264 -0.383861 0)
(-0.526063 -0.432763 0)
(-0.476798 -0.477515 0)
(-0.422941 -0.517683 0)
(-0.365009 -0.552876 0)
(-0.303561 -0.582752 0)
(-0.239187 -0.607017 0)
(-0.172509 -0.625432 0)
(-0.104171 -0.637816 0)
(-0.0348398 -0.644043 0)
(0.0348398 -0.644043 0)
(0.104171 -0.637816 0)
(0.172509 -0.625432 0)
(0.239187 -0.607017 0)
(0.303561 -0.582752 0)
(0.365009 -0.552876 0)
(0.422941 -0.517683 0)
(0.476798 -0.477515 0)
(0.526063 -0.432763 0)
(0.570264 -0.383861 0)
(0.608975 -0.331282 0)
(0.641827 -0.275534 0)
(0.668508 -0.217152 0)
(0.688764 -0.156698 0)
(0.702404 -0.0947505 0)
(0.709303 -0.0319025 0)
(0.709396 0.0312475 0)
(0.702667 0.094096 0)
(0.689161 0.156042 0)
(0.66901 0.216493 0)
(0.642415 0.27487 0)
(0.609627 0.33061 0)
(0.570959 0.383177 0)
(0.526781 0.432064 0)
(0.477515 0.476798 0)
(0.423635 0.516948 0)
(0.365658 0.552123 0)
(0.304142 0.58198 0)
(0.239678 0.606225 0)
(0.172888 0.624617 0)
(0.104412 0.63697 0)
(0.0349312 0.643163 0)
(-0.0349312 0.643163 0)
(-0.104412 0.63697 0)
(-0.172889 0.624617 0)
(-0.239678 0.606225 0)
(-0.304142 0.58198 0)
(-0.365658 0.552123 0)
(-0.423635 0.516948 0)
(-0.477515 0.476798 0)
(-0.526781 0.432064 0)
(-0.570959 0.383177 0)
(-0.609627 0.33061 0)
(-0.642415 0.27487 0)
(-0.66901 0.216493 0)
(-0.689161 0.156042 0)
(-0.702667 0.094096 0)
(-0.709396 0.0312475 0)
(-0.642727 -0.0351774 0)
(-0.63647 -0.104508 0)
(-0.624109 -0.172845 0)
(-0.605757 -0.239536 0)
(-0.581585 -0.303944 0)
(-0.551821 -0.365447 0)
(-0.516748 -0.423455 0)
(-0.476701 -0.477407 0)
(-0.432064 -0.526781 0)
(-0.383264 -0.571097 0)
(-0.33077 -0.609925 0)
(-0.275089 -0.642886 0)
(-0.216756 -0.669657 0)
(-0.156333 -0.689974 0)
(-0.094404 -0.703635 0)
(-0.0315726 -0.710504 0)
(0.0315726 -0.710504 0)
(0.094404 -0.703635 0)
(0.156333 -0.689974 0)
(0.216756 -0.669657 0)
(0.275089 -0.642886 0)
(0.33077 -0.609925 0)
(0.383264 -0.571097 0)
(0.432064 -0.526781 0)
(0.476701 -0.477407 0)
(0.516748 -0.423455 0)
(0.551821 -0.365447 0)
(0.581585 -0.303944 0)
(0.605757 -0.239536 0)
(0.624109 -0.172845 0)
(0.63647 -0.104508 0)
(0.642727 -0.0351774 0)
(0.642823 0.034486 0)
(0.636739 0.103818 0)
(0.624513 0.172158 0)
(0.606266 0.23885 0)
(0.582176 0.303257 0)
(0.552473 0.364758 0)
(0.517439 0.422759 0)
(0.477407 0.476701 0)
(0.432763 0.526063 0)
(0.383935 0.570368 0)
(0.331393 0.609183 0)
(0.275642 0.642132 0)
(0.217218 0.66889 0)
(0.156687 0.689191 0)
(0.0946268 0.702828 0)
(0.0316567 0.709669 0)
(-0.0316567 0.709669 0)
(-0.0946268 0.702828 0)
(-0.156687 0.689191 0)
(-0.217218 0.66889 0)
(-0.275642 0.642132 0)
(-0.331393 0.609183 0)
(-0.383935 0.570367 0)
(-0.432763 0.526063 0)
(-0.477407 0.476701 0)
(-0.517439 0.422759 0)
(-0.552473 0.364758 0)
(-0.582176 0.303257 0)
(-0.606266 0.23885 0)
(-0.624513 0.172158 0)
(-0.636739 0.103818 0)
(-0.642823 0.034486 0)
(-0.569978 -0.0381046 0)
(-0.564422 -0.113246 0)
(-0.553459 -0.187312 0)
(-0.537187 -0.259598 0)
(-0.515756 -0.329409 0)
(-0.489367 -0.396076 0)
(-0.458269 -0.458955 0)
(-0.422759 -0.517439 0)
(-0.383177 -0.570959 0)
(-0.339902 -0.618999 0)
(-0.293351 -0.661088 0)
(-0.243971 -0.696818 0)
(-0.192239 -0.725838 0)
(-0.138652 -0.74786 0)
(-0.0837278 -0.762668 0)
(-0.0280015 -0.770112 0)
(0.0280015 -0.770112 0)
(0.0837278 -0.762668 0)
(0.138652 -0.74786 0)
(0.192239 -0.725838 0)
(0.243971 -0.696818 0)
(0.293351 -0.661088 0)
(0.339902 -0.618999 0)
(0.383177 -0.570959 0)
(0.422759 -0.517439 0)
(0.458269 -0.458955 0)
(0.489367 -0.396076 0)
(0.515756 -0.329409 0)
(0.537187 -0.259598 0)
(0.553459 -0.187312 0)
(0.564422 -0.113246 0)
(0.569978 -0.0381046 0)
(0.570077 0.0373975 0)
(0.5647 0.112542 0)
(0.553873 0.186614 0)
(0.537704 0.258905 0)
(0.516353 0.328721 0)
(0.49002 0.395391 0)
(0.458955 0.458269 0)
(0.423455 0.516748 0)
(0.383861 0.570264 0)
(0.340554 0.618296 0)
(0.29395 0.660379 0)
(0.244498 0.696103 0)
(0.192675 0.725116 0)
(0.138983 0.747129 0)
(0.0839345 0.76192 0)
(0.0280791 0.769342 0)
(-0.0280791 0.769342 0)
(-0.0839345 0.76192 0)
(-0.138983 0.747129 0)
(-0.192675 0.725116 0)
(-0.244498 0.696103 0)
(-0.29395 0.660379 0)
(-0.340554 0.618296 0)
(-0.383861 0.570264 0)
(-0.423455 0.516748 0)
(-0.458955 0.458269 0)
(-0.49002 0.395391 0)
(-0.516353 0.328721 0)
(-0.537704 0.258905 0)
(-0.553873 0.186614 0)
(-0.5647 0.112542 0)
(-0.570077 0.0373974 0)
(-0.491761 -0.0406546 0)
(-0.486959 -0.120879 0)
(-0.477499 -0.199959 0)
(-0.463463 -0.277141 0)
(-0.444978 -0.351685 0)
(-0.422216 -0.422874 0)
(-0.395391 -0.49002 0)
(-0.364758 -0.552473 0)
(-0.33061 -0.609627 0)
(-0.293275 -0.660928 0)
(-0.253112 -0.705875 0)
(-0.210508 -0.744031 0)
(-0.165873 -0.77502 0)
(-0.119636 -0.798538 0)
(-0.0722457 -0.814349 0)
(-0.0241609 -0.822298 0)
(0.0241609 -0.822298 0)
(0.0722457 -0.814349 0)
(0.119636 -0.798538 0)
(0.165873 -0.77502 0)
(0.210508 -0.744031 0)
(0.253112 -0.705875 0)
(0.293275 -0.660928 0)
(0.33061 -0.609627 0)
(0.364758 -0.552473 0)
(0.395391 -0.49002 0)
(0.422216 -0.422874 0)
(0.444978 -0.351685 0)
(0.463463 -0.277141 0)
(0.477499 -0.199959 0)
(0.486959 -0.120879 0)
(0.491761 -0.0406545 0)
(0.491865 0.0399546 0)
(0.487248 0.120185 0)
(0.477927 0.199273 0)
(0.463993 0.276465 0)
(0.445584 0.351019 0)
(0.422874 0.422216 0)
(0.396076 0.489367 0)
(0.365447 0.551821 0)
(0.331282 0.608975 0)
(0.29391 0.660274 0)
(0.253691 0.70522 0)
(0.211013 0.743374 0)
(0.166287 0.774362 0)
(0.119948 0.797875 0)
(0.0724385 0.813676 0)
(0.0242329 0.821609 0)
(-0.024233 0.821609 0)
(-0.0724385 0.813676 0)
(-0.119948 0.797875 0)
(-0.166287 0.774362 0)
(-0.211013 0.743374 0)
(-0.253691 0.70522 0)
(-0.29391 0.660274 0)
(-0.331282 0.608975 0)
(-0.365447 0.551821 0)
(-0.396076 0.489367 0)
(-0.422874 0.422216 0)
(-0.445584 0.351019 0)
(-0.463993 0.276465 0)
(-0.477927 0.199273 0)
(-0.487248 0.120184 0)
(-0.491865 0.0399546 0)
(-0.408838 -0.0428009 0)
(-0.404834 -0.127332 0)
(-0.396967 -0.210661 0)
(-0.385301 -0.291996 0)
(-0.369938 -0.370557 0)
(-0.351019 -0.445584 0)
(-0.328721 -0.516353 0)
(-0.303257 -0.582176 0)
(-0.27487 -0.642415 0)
(-0.243832 -0.696484 0)
(-0.210442 -0.743857 0)
(-0.175022 -0.784072 0)
(-0.137912 -0.816734 0)
(-0.0994701 -0.84152 0)
(-0.0600684 -0.858184 0)
(-0.0200879 -0.866561 0)
(0.0200879 -0.866561 0)
(0.0600684 -0.858184 0)
(0.0994702 -0.84152 0)
(0.137912 -0.816734 0)
(0.175022 -0.784072 0)
(0.210442 -0.743857 0)
(0.243832 -0.696484 0)
(0.27487 -0.642415 0)
(0.303257 -0.582176 0)
(0.328721 -0.516353 0)
(0.351019 -0.445584 0)
(0.369938 -0.370557 0)
(0.385301 -0.291996 0)
(0.396967 -0.210661 0)
(0.404834 -0.127332 0)
(0.408838 -0.0428009 0)
(0.408948 0.042134 0)
(0.405139 0.126672 0)
(0.397412 0.210013 0)
(0.385847 0.291363 0)
(0.370557 0.369938 0)
(0.351685 0.444979 0)
(0.329409 0.515756 0)
(0.303944 0.581585 0)
(0.275534 0.641827 0)
(0.244454 0.695899 0)
(0.211004 0.743275 0)
(0.175508 0.783492 0)
(0.138308 0.816156 0)
(0.099766 0.840942 0)
(0.0602496 0.8576 0)
(0.0201552 0.865966 0)
(-0.0201552 0.865966 0)
(-0.0602496 0.8576 0)
(-0.099766 0.840942 0)
(-0.138308 0.816156 0)
(-0.175508 0.783492 0)
(-0.211004 0.743275 0)
(-0.244454 0.695899 0)
(-0.275534 0.641827 0)
(-0.303944 0.581585 0)
(-0.329409 0.515756 0)
(-0.351685 0.444978 0)
(-0.370557 0.369938 0)
(-0.385847 0.291363 0)
(-0.397412 0.210013 0)
(-0.405139 0.126672 0)
(-0.408948 0.042134 0)
(-0.322015 -0.0445206 0)
(-0.318846 -0.13254 0)
(-0.312646 -0.219317 0)
(-0.30346 -0.304024 0)
(-0.291363 -0.385847 0)
(-0.276465 -0.463993 0)
(-0.258905 -0.537704 0)
(-0.23885 -0.606266 0)
(-0.216493 -0.66901 0)
(-0.192049 -0.725329 0)
(-0.165751 -0.774673 0)
(-0.137853 -0.81656 0)
(-0.108625 -0.850581 0)
(-0.0783471 -0.876398 0)
(-0.047313 -0.893754 0)
(-0.0158218 -0.902478 0)
(0.0158218 -0.902478 0)
(0.047313 -0.893754 0)
(0.0783471 -0.876398 0)
(0.108625 -0.850581 0)
(0.137853 -0.81656 0)
(0.165751 -0.774673 0)
(0.192049 -0.725329 0)
(0.216493 -0.66901 0)
(0.23885 -0.606266 0)
(0.258905 -0.537704 0)
(0.276465 -0.463993 0)
(0.291363 -0.385847 0)
(0.30346 -0.304024 0)
(0.312646 -0.219317 0)
(0.318846 -0.13254 0)
(0.322015 -0.0445206 0)
(0.322134 0.0439167 0)
(0.31917 0.131945 0)
(0.313113 0.218735 0)
(0.304024 0.30346 0)
(0.291996 0.385301 0)
(0.277141 0.463463 0)
(0.259597 0.537187 0)
(0.239536 0.605757 0)
(0.217152 0.668508 0)
(0.192661 0.724831 0)
(0.1663 0.77418 0)
(0.138325 0.816072 0)
(0.109006 0.850097 0)
(0.0786299 0.875916 0)
(0.0474849 0.89327 0)
(0.015885 0.901987 0)
(-0.015885 0.901987 0)
(-0.0474849 0.89327 0)
(-0.0786299 0.875916 0)
(-0.109006 0.850097 0)
(-0.138325 0.816072 0)
(-0.1663 0.77418 0)
(-0.192661 0.724831 0)
(-0.217152 0.668508 0)
(-0.239536 0.605757 0)
(-0.259598 0.537187 0)
(-0.277141 0.463463 0)
(-0.291996 0.385301 0)
(-0.304024 0.30346 0)
(-0.313113 0.218735 0)
(-0.31917 0.131945 0)
(-0.322134 0.0439167 0)
(-0.232141 -0.0457956 0)
(-0.229836 -0.136456 0)
(-0.22536 -0.225846 0)
(-0.218735 -0.313113 0)
(-0.210013 -0.397412 0)
(-0.199273 -0.477927 0)
(-0.186614 -0.553873 0)
(-0.172158 -0.624513 0)
(-0.156042 -0.689161 0)
(-0.138423 -0.747186 0)
(-0.119468 -0.798026 0)
(-0.0993603 -0.841183 0)
(-0.0782938 -0.876235 0)
(-0.0564701 -0.902835 0)
(-0.0341021 -0.920716 0)
(-0.0114035 -0.929703 0)
(0.0114035 -0.929703 0)
(0.0341022 -0.920716 0)
(0.0564701 -0.902835 0)
(0.0782938 -0.876235 0)
(0.0993603 -0.841183 0)
(0.119468 -0.798026 0)
(0.138423 -0.747186 0)
(0.156042 -0.689161 0)
(0.172158 -0.624513 0)
(0.186614 -0.553873 0)
(0.199273 -0.477927 0)
(0.210013 -0.397412 0)
(0.218735 -0.313113 0)
(0.22536 -0.225846 0)
(0.229836 -0.136456 0)
(0.232141 -0.0457956 0)
(0.232271 0.0452891 0)
(0.230182 0.135957 0)
(0.225846 0.22536 0)
(0.219317 0.312646 0)
(0.210661 0.396967 0)
(0.199959 0.477499 0)
(0.187312 0.553459 0)
(0.172845 0.624109 0)
(0.156698 0.688764 0)
(0.139028 0.746795 0)
(0.120007 0.797641 0)
(0.0998206 0.840804 0)
(0.0786634 0.87586 0)
(0.0567431 0.902463 0)
(0.034267 0.920345 0)
(0.0114635 0.929328 0)
(-0.0114635 0.929328 0)
(-0.034267 0.920345 0)
(-0.0567431 0.902463 0)
(-0.0786634 0.87586 0)
(-0.0998206 0.840804 0)
(-0.120007 0.797641 0)
(-0.139028 0.746795 0)
(-0.156698 0.688764 0)
(-0.172845 0.624109 0)
(-0.187312 0.553459 0)
(-0.199959 0.477499 0)
(-0.210661 0.396967 0)
(-0.219317 0.312646 0)
(-0.225846 0.22536 0)
(-0.230182 0.135957 0)
(-0.232271 0.0452891 0)
(-0.140101 -0.046613 0)
(-0.138676 -0.139037 0)
(-0.135957 -0.230182 0)
(-0.131945 -0.31917 0)
(-0.126672 -0.405139 0)
(-0.120185 -0.487248 0)
(-0.112542 -0.5647 0)
(-0.103818 -0.636739 0)
(-0.094096 -0.702667 0)
(-0.0834682 -0.761841 0)
(-0.072037 -0.813688 0)
(-0.0599114 -0.857699 0)
(-0.0472086 -0.893445 0)
(-0.034049 -0.920571 0)
(-0.0205624 -0.938807 0)
(-0.00687518 -0.947971 0)
(0.00687519 -0.947971 0)
(0.0205624 -0.938807 0)
(0.034049 -0.920571 0)
(0.0472086 -0.893445 0)
(0.0599114 -0.857699 0)
(0.072037 -0.813688 0)
(0.0834682 -0.761841 0)
(0.094096 -0.702667 0)
(0.103818 -0.636739 0)
(0.112542 -0.5647 0)
(0.120184 -0.487248 0)
(0.126672 -0.405139 0)
(0.131945 -0.31917 0)
(0.135957 -0.230182 0)
(0.138676 -0.139037 0)
(0.140101 -0.046613 0)
(0.14024 0.0462393 0)
(0.139037 0.138676 0)
(0.136456 0.229836 0)
(0.13254 0.318846 0)
(0.127332 0.404834 0)
(0.120879 0.486959 0)
(0.113246 0.564422 0)
(0.104507 0.63647 0)
(0.0947505 0.702404 0)
(0.0840702 0.761584 0)
(0.0725708 0.813435 0)
(0.060365 0.857451 0)
(0.0475711 0.8932 0)
(0.0343156 0.920329 0)
(0.0207228 0.938566 0)
(0.00693304 0.947728 0)
(-0.00693304 0.947728 0)
(-0.0207228 0.938566 0)
(-0.0343156 0.920329 0)
(-0.0475711 0.8932 0)
(-0.060365 0.857451 0)
(-0.0725708 0.813435 0)
(-0.0840702 0.761584 0)
(-0.0947505 0.702404 0)
(-0.104508 0.63647 0)
(-0.113246 0.564422 0)
(-0.120879 0.486959 0)
(-0.127332 0.404834 0)
(-0.13254 0.318846 0)
(-0.136456 0.229836 0)
(-0.139037 0.138676 0)
(-0.14024 0.0462393 0)
(-0.0467879 -0.0469364 0)
(-0.0462393 -0.14024 0)
(-0.0452891 -0.232271 0)
(-0.0439167 -0.322134 0)
(-0.042134 -0.408948 0)
(-0.0399546 -0.491865 0)
(-0.0373975 -0.570077 0)
(-0.034486 -0.642823 0)
(-0.0312475 -0.709396 0)
(-0.0277119 -0.76915 0)
(-0.0239127 -0.821504 0)
(-0.0198849 -0.865946 0)
(-0.0156676 -0.902042 0)
(-0.0112987 -0.929434 0)
(-0.0068237 -0.947847 0)
(-0.00228033 -0.9571 0)
(0.00228033 -0.9571 0)
(0.0068237 -0.947847 0)
(0.0112987 -0.929434 0)
(0.0156676 -0.902042 0)
(0.0198849 -0.865946 0)
(0.0239127 -0.821504 0)
(0.0277119 -0.76915 0)
(0.0312475 -0.709396 0)
(0.034486 -0.642823 0)
(0.0373975 -0.570077 0)
(0.0399546 -0.491865 0)
(0.042134 -0.408948 0)
(0.0439167 -0.322134 0)
(0.0452891 -0.232271 0)
(0.0462393 -0.14024 0)
(0.0467879 -0.0469364 0)
(0.0469364 0.0467879 0)
(0.046613 0.140101 0)
(0.0457956 0.232141 0)
(0.0445206 0.322015 0)
(0.0428009 0.408838 0)
(0.0406545 0.491761 0)
(0.0381046 0.569978 0)
(0.0351774 0.642727 0)
(0.0319025 0.709303 0)
(0.0283129 0.769059 0)
(0.0244443 0.821414 0)
(0.0203357 0.865858 0)
(0.0160269 0.901955 0)
(0.0115626 0.929348 0)
(0.00698211 0.947762 0)
(0.00233711 0.957015 0)
(-0.00233711 0.957015 0)
(-0.00698211 0.947762 0)
(-0.0115626 0.929348 0)
(-0.0160269 0.901955 0)
(-0.0203357 0.865858 0)
(-0.0244443 0.821414 0)
(-0.0283129 0.769059 0)
(-0.0319025 0.709303 0)
(-0.0351774 0.642727 0)
(-0.0381046 0.569978 0)
(-0.0406545 0.491761 0)
(-0.0428009 0.408838 0)
(-0.0445206 0.322015 0)
(-0.0457956 0.232141 0)
(-0.046613 0.140101 0)
(-0.0469364 0.0467879 0)
)
;

boundaryField
{
    top
    {
        type            cyclic;
    }
    bottom
    {
        type            cyclic;
    }
    left
    {
        type            cyclic;
    }
    right
    {
        type            cyclic;
    }
    frontAndBack
    {
        type            empty;
    }
}


// ************************************************************************* //
