/*--------------------------------*- C++ -*----------------------------------*\
  =========                 |
  \\      /  F ield         | OpenFOAM: The Open Source CFD Toolbox
   \\    /   O peration     | Website:  https://openfoam.org
    \\  /    A nd           | Version:  11
     \\/     M anipulation  |
\*---------------------------------------------------------------------------*/
FoamFile
{
    format      ascii;
    class       volScalarField;
    location    "16";
    object      p;
}
// * * * * * * * * * * * * * * * * * * * * * * * * * * * * * * * * * * * * * //

dimensions      [0 2 -2 0 0 0 0];

internalField   nonuniform List<scalar> 
8400
(
0.170994
0.157902
0.144567
0.132506
0.120612
0.108499
0.096227
0.0838434
0.0713239
0.0586283
0.0457165
0.0325403
0.0190353
0.00511538
-0.00933672
-0.0244868
-0.0405832
-0.0580566
-0.0780023
-0.105935
0.171601
0.157802
0.144297
0.13245
0.120612
0.108459
0.0961662
0.0837759
0.0712457
0.0585332
0.0456002
0.0323977
0.0188593
0.00489612
-0.00961214
-0.0248357
-0.0410233
-0.0585816
-0.0778702
-0.0992972
0.172166
0.157797
0.144061
0.132398
0.120655
0.108475
0.0961607
0.0837749
0.0712514
0.058542
0.0456127
0.0324171
0.0188903
0.00494654
-0.00952607
-0.0246767
-0.0406917
-0.0577767
-0.0756553
-0.0927233
0.172634
0.157921
0.143888
0.132346
0.12074
0.10856
0.0962277
0.0838579
0.071363
0.0586832
0.0457901
0.0326443
0.0191864
0.00534086
-0.00898345
-0.023891
-0.0394668
-0.0556753
-0.071848
-0.0859813
0.17305
0.158153
0.143813
0.132319
0.120864
0.108716
0.0963767
0.0840351
0.0715917
0.0589709
0.04615
0.0331003
0.0197727
0.0061072
-0.00795795
-0.0224713
-0.0374136
-0.0525642
-0.0670771
-0.079029
0.17344
0.158453
0.143848
0.13235
0.121034
0.108944
0.0966159
0.0843167
0.0719475
0.0594165
0.0467058
0.0338003
0.0206645
0.00725772
-0.0064489
-0.0204488
-0.0346369
-0.0486799
-0.061706
-0.0720589
0.173818
0.15879
0.143983
0.132457
0.121257
0.109241
0.0969447
0.0847033
0.0724289
0.0600164
0.0474518
0.0347348
0.0218457
0.0087644
-0.00450649
-0.0179137
-0.0312933
-0.0442616
-0.0560114
-0.065209
0.174187
0.159143
0.144197
0.132641
0.121536
0.1096
0.0973531
0.0851847
0.0730221
0.0607519
0.0483634
0.0358708
0.0232711
0.0105637
-0.00222203
-0.0149982
-0.0275685
-0.0395451
-0.0502279
-0.0585867
0.174544
0.159494
0.144466
0.132895
0.121863
0.110006
0.0978232
0.0857413
0.073703
0.0615915
0.0494004
0.0371573
0.0248743
0.0125679
0.000288428
-0.0118547
-0.0236542
-0.034748
-0.0445548
-0.0522998
0.174879
0.159827
0.144768
0.133202
0.122228
0.110441
0.098332
0.0863468
0.0744396
0.062495
0.0505125
0.0385309
0.0265751
0.0146757
0.00289716
-0.00864049
-0.0197349
-0.0300653
-0.039164
-0.0464594
0.175181
0.160129
0.145084
0.133546
0.122614
0.110885
0.0988536
0.0869708
0.075195
0.0634169
0.0516434
0.039922
0.0282876
0.0167811
0.00547572
-0.00550682
-0.015979
-0.0256671
-0.0342035
-0.0411722
0.175435
0.160385
0.145399
0.13391
0.123001
0.111314
0.0993615
0.0875814
0.0759308
0.0643105
0.0527361
0.041261
0.0299271
0.0187825
0.00790427
-0.00258991
-0.0125324
-0.0216959
-0.029796
-0.0365325
0.175626
0.160582
0.145702
0.134279
0.12337
0.111707
0.0998308
0.0881485
0.0766104
0.0651317
0.0537374
0.0424838
0.031417
0.0205895
0.0100793
-3.74389e-06
-0.00951317
-0.018263
-0.0260354
-0.032614
0.175739
0.160712
0.14599
0.134638
0.123698
0.112045
0.10024
0.0886454
0.0772018
0.065843
0.0546025
0.0435369
0.0326943
0.0221298
0.0119199
0.00216565
-0.00700655
-0.0154453
-0.0229833
-0.0294631
0.175759
0.160772
0.146267
0.134975
0.123967
0.112312
0.100575
0.0890517
0.0776807
0.0664165
0.0552986
0.0443818
0.0337147
0.0233538
0.0133731
0.00386471
-0.00506162
-0.0132815
-0.0206643
-0.0270922
0.175669
0.160773
0.146543
0.135274
0.124162
0.112501
0.100825
0.0893547
0.0780331
0.0668368
0.0558081
0.0449984
0.0344563
0.0242388
0.0144171
0.00507599
-0.00368787
-0.0117694
-0.0190627
-0.025475
0.175457
0.160745
0.146824
0.135515
0.124274
0.112614
0.100989
0.0895517
0.0782578
0.0671039
0.0561316
0.0453886
0.0349233
0.0247929
0.0150662
0.00582232
-0.00285091
-0.0108608
-0.0181166
-0.0245395
0.175102
0.160735
0.147108
0.135677
0.124307
0.112661
0.101075
0.0896505
0.0783662
0.0672321
0.0562867
0.0455745
0.0351441
0.0250524
0.0153662
0.00616147
-0.00247921
-0.0104698
-0.017727
-0.0241785
0.174578
0.16078
0.147382
0.135752
0.124279
0.112658
0.101092
0.0896625
0.0783728
0.0672384
0.0562938
0.0455814
0.0351495
0.0250549
0.0153632
0.00614845
-0.00250863
-0.0105242
-0.017817
-0.0243154
0.173968
0.160867
0.147602
0.135759
0.124217
0.112618
0.101054
0.0896086
0.0783025
0.067152
0.056188
0.0454517
0.0349912
0.0248623
0.0151301
0.00586811
-0.00284279
-0.010918
-0.0182744
-0.0248375
-0.112771
-0.0859989
-0.0772715
-0.0754942
-0.0735195
-0.0719258
-0.0708494
-0.0698256
-0.0686537
-0.0673025
-0.0657465
-0.0639571
-0.0619161
-0.0596125
-0.0570375
-0.0541838
-0.0510453
-0.0476177
-0.0438978
-0.0398841
-0.0355771
-0.0309791
-0.0260951
-0.020933
-0.0155036
-0.00982134
-0.00390429
0.00222564
0.00854271
0.0150174
0.0216169
0.0283051
0.0350438
0.0417928
0.0485112
0.0551582
0.0616941
0.068081
0.0742842
0.0802724
0.0860188
0.0915013
0.0967028
0.101612
0.106221
0.110528
0.114535
0.118249
0.121678
0.124834
0.127731
0.130383
0.132806
0.135015
0.137028
0.138858
0.140519
0.142027
0.143392
0.144626
0.14574
0.146742
0.14764
0.148441
0.149151
0.149776
0.15032
0.150786
0.15118
0.151503
0.151758
0.151948
0.152075
0.152141
0.152147
0.152096
0.151989
0.151829
0.151615
0.151351
0.151038
0.150678
0.150271
0.14982
0.149326
0.14879
0.148215
0.147602
0.146952
0.146267
0.145548
0.144796
0.144014
0.143201
0.14236
0.141492
0.140598
0.139678
0.138735
0.137769
0.136781
0.135773
0.134744
0.133697
0.132631
0.131548
0.130448
0.129332
0.128201
0.127055
0.125896
0.124723
0.123537
0.122339
0.121129
0.119908
0.118676
0.117434
0.116182
0.11492
0.113649
0.11237
0.111081
0.109785
0.108482
0.10717
0.105852
0.104526
0.103194
0.101856
0.100512
0.0991615
0.0978056
0.0964443
0.0950778
0.0937063
0.09233
0.0909491
0.0895637
0.088174
0.0867802
0.0853824
0.0839809
0.0825756
0.0811669
0.0797547
0.0783393
0.0769207
0.0754991
0.0740746
0.0726473
0.0712173
0.0697847
0.0683496
0.0669121
0.0654723
0.0640303
0.0625861
0.0611398
0.0596916
0.0582414
0.0567894
0.0553356
0.0538801
0.052423
0.0509642
0.049504
0.0480422
0.0465791
0.0451146
0.0436488
0.0421817
0.0407134
0.0392439
0.0377733
0.0363016
0.0348289
0.0333551
0.0318804
0.0304048
0.0289282
0.0274508
0.0259726
0.0244935
0.0230137
0.0215332
0.0200519
0.0185699
0.0170873
0.0156041
0.0141202
0.0126358
0.0111508
0.00966531
0.00817933
0.00669288
0.00520613
0.00371852
0.00223266
0.000736558
-0.103879
-0.0854135
-0.0766329
-0.0746683
-0.0728519
-0.0711646
-0.0699909
-0.0689353
-0.0677391
-0.0663569
-0.0647688
-0.0629455
-0.0608667
-0.058521
-0.0559004
-0.0529987
-0.0498108
-0.0463337
-0.042566
-0.0385079
-0.0341618
-0.0295322
-0.0246263
-0.019454
-0.0140285
-0.00836621
-0.00248715
0.00358516
0.00982372
0.0161983
0.0226756
0.0292201
0.0357944
0.0423599
0.0488779
0.0553105
0.0616211
0.0677757
0.0737432
0.0794967
0.0850132
0.0902746
0.0952675
0.0999832
0.104417
0.10857
0.112446
0.11605
0.119394
0.122487
0.125344
0.127979
0.130404
0.132635
0.134686
0.136569
0.138297
0.139882
0.141333
0.142662
0.143875
0.14498
0.145984
0.146893
0.147711
0.148442
0.149091
0.149661
0.150153
0.150572
0.150918
0.151196
0.151405
0.151548
0.151628
0.151645
0.151601
0.151499
0.15134
0.151125
0.150857
0.150537
0.150167
0.149749
0.149284
0.148775
0.148223
0.147629
0.146996
0.146326
0.145619
0.144878
0.144104
0.143298
0.142462
0.141598
0.140706
0.139788
0.138845
0.137879
0.13689
0.13588
0.134849
0.133799
0.13273
0.131644
0.130541
0.129421
0.128286
0.127137
0.125974
0.124797
0.123607
0.122405
0.121192
0.119967
0.118732
0.117487
0.116231
0.114966
0.113693
0.11241
0.11112
0.109821
0.108515
0.107201
0.105881
0.104554
0.10322
0.10188
0.100534
0.099182
0.0978248
0.0964622
0.0950945
0.0937219
0.0923445
0.0909626
0.0895764
0.0881859
0.0867914
0.0853929
0.0839907
0.0825849
0.0811756
0.079763
0.0783471
0.0769281
0.0755061
0.0740813
0.0726536
0.0712233
0.0697904
0.0683551
0.0669173
0.0654773
0.064035
0.0625907
0.0611442
0.0596958
0.0582455
0.0567933
0.0553394
0.0538838
0.0524265
0.0509677
0.0495073
0.0480455
0.0465822
0.0451176
0.0436517
0.0421845
0.0407161
0.0392466
0.0377759
0.0363041
0.0348313
0.0333574
0.0318827
0.0304069
0.0289303
0.0274528
0.0259745
0.0244954
0.0230155
0.0215348
0.0200535
0.0185714
0.0170887
0.0156054
0.0141215
0.0126369
0.0111519
0.00966626
0.00818018
0.00669361
0.00520673
0.00371905
0.00223278
0.000737914
-0.0971307
-0.0846664
-0.0761793
-0.0737305
-0.0720239
-0.070294
-0.0689926
-0.0678691
-0.0666321
-0.0652065
-0.0635743
-0.0617074
-0.059583
-0.0571888
-0.0545176
-0.051564
-0.0483244
-0.0447972
-0.0409827
-0.0368832
-0.0325031
-0.0278492
-0.0229307
-0.0177599
-0.012352
-0.00672535
-0.00090163
0.00509436
0.0112347
0.0174889
0.0238239
0.0302048
0.0365958
0.0429605
0.0492627
0.0554676
0.0615422
0.0674565
0.0731833
0.0786998
0.083987
0.0890304
0.0938199
0.0983497
0.102618
0.106626
0.11038
0.113886
0.117154
0.120195
0.123022
0.125646
0.128082
0.13034
0.132433
0.134372
0.136169
0.137832
0.13937
0.140791
0.142101
0.143307
0.144414
0.145426
0.146348
0.147181
0.14793
0.148597
0.149184
0.149694
0.150127
0.150487
0.150775
0.150992
0.151141
0.151222
0.151239
0.151192
0.151084
0.150916
0.150691
0.150409
0.150074
0.149688
0.149251
0.148766
0.148236
0.147662
0.147045
0.146389
0.145694
0.144962
0.144196
0.143396
0.142565
0.141704
0.140815
0.139898
0.138956
0.137989
0.137
0.135988
0.134955
0.133902
0.13283
0.13174
0.130634
0.129511
0.128372
0.127219
0.126052
0.124871
0.123678
0.122473
0.121256
0.120027
0.118789
0.11754
0.116281
0.115014
0.113737
0.112452
0.111159
0.109858
0.108549
0.107233
0.105911
0.104581
0.103246
0.101904
0.100556
0.0992033
0.0978446
0.0964807
0.0951118
0.0937381
0.0923597
0.0909769
0.0895897
0.0881984
0.0868031
0.085404
0.0840012
0.0825947
0.0811849
0.0797717
0.0783554
0.076936
0.0755136
0.0740884
0.0726604
0.0712298
0.0697966
0.068361
0.066923
0.0654827
0.0640402
0.0625956
0.061149
0.0597004
0.0582499
0.0567976
0.0553435
0.0538878
0.0524304
0.0509714
0.0495109
0.0480489
0.0465856
0.0451209
0.0436548
0.0421876
0.0407191
0.0392494
0.0377786
0.0363068
0.0348339
0.03336
0.0318851
0.0304093
0.0289326
0.027455
0.0259766
0.0244974
0.0230174
0.0215367
0.0200552
0.0185731
0.0170903
0.0156069
0.0141228
0.0126382
0.011153
0.00966731
0.00818111
0.00669443
0.00520739
0.00371966
0.00223291
0.000739558
-0.0904887
-0.082527
-0.0751836
-0.0724597
-0.0708439
-0.0691562
-0.0677616
-0.0665643
-0.0652844
-0.0638161
-0.062138
-0.0602252
-0.0580537
-0.0556104
-0.0528887
-0.0498844
-0.0465954
-0.0430219
-0.0391662
-0.0350325
-0.0306275
-0.0259602
-0.021042
-0.0158872
-0.010513
-0.00493935
0.000810702
0.00671147
0.0127347
0.0188497
0.0250245
0.0312253
0.0374183
0.0435694
0.0496457
0.0556156
0.0614499
0.0671224
0.0726102
0.077894
0.0829586
0.0877929
0.0923897
0.0967456
0.100861
0.104738
0.108382
0.111803
0.115007
0.118007
0.120813
0.123435
0.125886
0.128176
0.130315
0.132312
0.134177
0.135916
0.137538
0.139048
0.140452
0.141753
0.142957
0.144067
0.145085
0.146014
0.146856
0.147614
0.148289
0.148883
0.149397
0.149834
0.150195
0.150481
0.150694
0.150835
0.150908
0.150913
0.150852
0.150728
0.150543
0.150297
0.149995
0.149637
0.149227
0.148765
0.148255
0.147699
0.147097
0.146454
0.14577
0.145048
0.144289
0.143495
0.142669
0.141811
0.140924
0.140008
0.139066
0.138099
0.137108
0.136094
0.135059
0.134003
0.132929
0.131836
0.130726
0.129599
0.128457
0.1273
0.12613
0.124945
0.123748
0.122539
0.121319
0.120087
0.118845
0.117593
0.116332
0.115061
0.113781
0.112494
0.111198
0.109894
0.108583
0.107265
0.105941
0.10461
0.103272
0.101929
0.10058
0.0992249
0.0978648
0.0964997
0.0951296
0.0937547
0.0923753
0.0909915
0.0896035
0.0882114
0.0868153
0.0854155
0.084012
0.082605
0.0811945
0.0797809
0.0783641
0.0769442
0.0755214
0.0740958
0.0726675
0.0712365
0.0698031
0.0683671
0.0669289
0.0654884
0.0640457
0.0626009
0.061154
0.0597052
0.0582546
0.0568021
0.0553479
0.0538919
0.0524344
0.0509753
0.0495147
0.0480526
0.0465891
0.0451243
0.0436582
0.0421908
0.0407222
0.0392524
0.0377815
0.0363096
0.0348366
0.0333626
0.0318876
0.0304117
0.0289349
0.0274573
0.0259788
0.0244995
0.0230194
0.0215386
0.0200571
0.0185748
0.0170919
0.0156084
0.0141243
0.0126395
0.0111542
0.00966842
0.0081821
0.0066953
0.00520811
0.00372032
0.00223303
0.000741412
-0.0835959
-0.0790071
-0.0733097
-0.0706632
-0.0691723
-0.0676219
-0.0662165
-0.0649746
-0.063667
-0.0621699
-0.0604555
-0.0585032
-0.0562902
-0.0538031
-0.0510362
-0.0479873
-0.0446559
-0.0410442
-0.0371567
-0.0329997
-0.0285821
-0.0239151
-0.0190121
-0.0138895
-0.00856596
-0.00306288
0.00259584
0.00838397
0.0142733
0.0202338
0.0262344
0.0322434
0.0382289
0.04416
0.0500066
0.0557409
0.0613375
0.0667737
0.0720306
0.0770923
0.0819471
0.0865867
0.0910063
0.0952043
0.0991821
0.102944
0.106495
0.109843
0.112997
0.115965
0.118759
0.121386
0.123858
0.126182
0.128368
0.130423
0.132354
0.134167
0.135868
0.137461
0.138951
0.140341
0.141634
0.142833
0.14394
0.144956
0.145884
0.146725
0.14748
0.148151
0.148739
0.149245
0.149672
0.150021
0.150292
0.150489
0.150612
0.150664
0.150647
0.150563
0.150414
0.150202
0.149929
0.149598
0.149212
0.148771
0.14828
0.14774
0.147152
0.146521
0.145847
0.145133
0.144381
0.143593
0.14277
0.141915
0.14103
0.140115
0.139173
0.138205
0.137213
0.136198
0.13516
0.134102
0.133025
0.131929
0.130816
0.129686
0.12854
0.12738
0.126205
0.125017
0.123817
0.122604
0.121381
0.120146
0.1189
0.117645
0.116381
0.115107
0.113825
0.112534
0.111236
0.10993
0.108617
0.107297
0.10597
0.104637
0.103298
0.101953
0.100603
0.0992464
0.097885
0.0965186
0.0951473
0.0937714
0.092391
0.0910063
0.0896173
0.0882244
0.0868276
0.0854271
0.0840229
0.0826153
0.0812044
0.0797902
0.0783729
0.0769526
0.0755294
0.0741034
0.0726747
0.0712435
0.0698097
0.0683735
0.066935
0.0654942
0.0640513
0.0626062
0.0611592
0.0597102
0.0582594
0.0568067
0.0553523
0.0538963
0.0524386
0.0509793
0.0495186
0.0480564
0.0465928
0.0451278
0.0436616
0.0421941
0.0407254
0.0392555
0.0377845
0.0363125
0.0348394
0.0333653
0.0318902
0.0304142
0.0289373
0.0274596
0.025981
0.0245016
0.0230215
0.0215406
0.0200589
0.0185766
0.0170936
0.01561
0.0141258
0.0126409
0.0111555
0.00966958
0.00818313
0.00669621
0.00520886
0.00372102
0.00223317
0.000743381
-0.0766937
-0.0745617
-0.0705729
-0.0682969
-0.0669976
-0.0656602
-0.0643353
-0.0630992
-0.0617912
-0.0602877
-0.0585547
-0.0565758
-0.0543319
-0.051811
-0.0490087
-0.0459249
-0.0425615
-0.0389229
-0.0350156
-0.0308484
-0.0264323
-0.0217806
-0.0169086
-0.0118342
-0.00657758
-0.00116103
0.004391
0.0100522
0.0157949
0.02159
0.027408
0.0332192
0.0389945
0.0447056
0.050326
0.0558312
0.0611994
0.0664116
0.071452
0.0763082
0.0809711
0.0854347
0.0896962
0.0937555
0.0976147
0.101278
0.104751
0.108042
0.111157
0.114104
0.116894
0.119532
0.122028
0.124389
0.126621
0.128731
0.130724
0.132606
0.134379
0.136049
0.137617
0.139087
0.140461
0.14174
0.142926
0.14402
0.145024
0.145938
0.146765
0.147504
0.148157
0.148726
0.149212
0.149616
0.14994
0.150186
0.150354
0.150449
0.15047
0.150422
0.150305
0.150123
0.149877
0.14957
0.149205
0.148784
0.148309
0.147783
0.147209
0.146588
0.145923
0.145217
0.144471
0.143687
0.142868
0.142016
0.141132
0.140218
0.139276
0.138307
0.137314
0.136297
0.135257
0.134197
0.133117
0.132018
0.130901
0.129768
0.128619
0.127456
0.126278
0.125087
0.123883
0.122667
0.12144
0.120202
0.118954
0.117696
0.116428
0.115152
0.113867
0.112574
0.111273
0.109965
0.10865
0.107328
0.105999
0.104665
0.103324
0.101977
0.100625
0.0992674
0.0979048
0.0965372
0.0951648
0.0937878
0.0924064
0.0910208
0.089631
0.0882373
0.0868398
0.0854386
0.0840338
0.0826256
0.0812141
0.0797994
0.0783817
0.076961
0.0755374
0.074111
0.072682
0.0712504
0.0698163
0.0683798
0.066941
0.0655
0.0640569
0.0626116
0.0611644
0.0597152
0.0582642
0.0568114
0.0553568
0.0539006
0.0524428
0.0509834
0.0495225
0.0480601
0.0465964
0.0451313
0.043665
0.0421974
0.0407286
0.0392586
0.0377875
0.0363154
0.0348422
0.033368
0.0318928
0.0304167
0.0289398
0.0274619
0.0259833
0.0245038
0.0230235
0.0215425
0.0200608
0.0185784
0.0170953
0.0156116
0.0141273
0.0126423
0.0111568
0.00967075
0.00818418
0.00669713
0.00520962
0.00372172
0.00223332
0.000745367
-0.069924
-0.0695609
-0.0671332
-0.065428
-0.064402
-0.063329
-0.0621605
-0.0609858
-0.0597099
-0.058225
-0.0564942
-0.0545052
-0.0522442
-0.049702
-0.0468764
-0.0437698
-0.0403867
-0.0367339
-0.0328202
-0.0286567
-0.0242566
-0.0196348
-0.0148086
-0.00979696
-0.00462116
0.000695927
0.00612972
0.0116543
0.0172427
0.0228673
0.0285005
0.0341149
0.0396839
0.0451823
0.0505867
0.0558761
0.0610317
0.0660379
0.0708819
0.0755537
0.0800466
0.0843565
0.0884818
0.0924233
0.0961835
0.0997668
0.103178
0.106425
0.109512
0.112448
0.11524
0.117893
0.120415
0.122812
0.125089
0.12725
0.129301
0.131244
0.133083
0.134821
0.136459
0.137999
0.139443
0.140792
0.142047
0.14321
0.144279
0.145258
0.146147
0.146946
0.147656
0.148279
0.148816
0.149269
0.149638
0.149926
0.150135
0.150266
0.150322
0.150305
0.150217
0.15006
0.149838
0.149553
0.149206
0.148802
0.148342
0.147829
0.147266
0.146654
0.145997
0.145298
0.144557
0.143777
0.142961
0.142111
0.141228
0.140315
0.139373
0.138404
0.137409
0.13639
0.135349
0.134286
0.133203
0.132102
0.130982
0.129846
0.128694
0.127527
0.126346
0.125152
0.123945
0.122726
0.121496
0.120255
0.119004
0.117743
0.116473
0.115194
0.113907
0.112612
0.111309
0.109999
0.108681
0.107357
0.106027
0.104691
0.103348
0.102
0.100646
0.0992876
0.0979237
0.096555
0.0951816
0.0938036
0.0924213
0.0910348
0.0896442
0.0882498
0.0868516
0.0854497
0.0840444
0.0826356
0.0812236
0.0798085
0.0783903
0.0769691
0.0755451
0.0741184
0.0726891
0.0712572
0.0698228
0.0683861
0.066947
0.0655058
0.0640624
0.0626169
0.0611695
0.0597201
0.0582689
0.0568159
0.0553612
0.0539048
0.0524469
0.0509873
0.0495263
0.0480638
0.0466
0.0451348
0.0436683
0.0422006
0.0407317
0.0392616
0.0377905
0.0363182
0.0348449
0.0333706
0.0318954
0.0304192
0.0289421
0.0274642
0.0259855
0.0245059
0.0230256
0.0215445
0.0200627
0.0185802
0.017097
0.0156132
0.0141287
0.0126437
0.0111581
0.00967191
0.00818522
0.00669804
0.00521038
0.00372242
0.00223349
0.00074727
-0.063386
-0.0643064
-0.0632225
-0.0621919
-0.0615131
-0.060738
-0.0597795
-0.0587162
-0.0575049
-0.0560627
-0.0543548
-0.0523729
-0.0501095
-0.0475594
-0.0447235
-0.0416069
-0.0382169
-0.0345629
-0.0306561
-0.0265098
-0.0221389
-0.0175602
-0.0127922
-0.00785499
-0.00277036
0.00243854
0.00774741
0.013131
0.0185635
0.024019
0.0294718
0.0348969
0.0402704
0.0455699
0.0507751
0.0558678
0.0608323
0.0656555
0.0703271
0.0748392
0.0791868
0.0833671
0.0873792
0.0912245
0.0949056
0.0984262
0.101791
0.105006
0.108077
0.111009
0.113807
0.116479
0.119028
0.12146
0.123778
0.125986
0.128088
0.130085
0.131981
0.133778
0.135476
0.137076
0.138581
0.13999
0.141304
0.142524
0.143651
0.144684
0.145625
0.146475
0.147234
0.147903
0.148484
0.148978
0.149386
0.149711
0.149953
0.150116
0.150201
0.150211
0.150147
0.150013
0.149811
0.149544
0.149214
0.148824
0.148377
0.147875
0.147322
0.146718
0.146068
0.145374
0.144638
0.143862
0.143049
0.1422
0.141318
0.140406
0.139463
0.138493
0.137497
0.136477
0.135434
0.134369
0.133284
0.132179
0.131057
0.129918
0.128764
0.127594
0.12641
0.125213
0.124003
0.122781
0.121548
0.120304
0.119051
0.117787
0.116515
0.115234
0.113944
0.112647
0.111342
0.11003
0.108711
0.107385
0.106053
0.104715
0.103371
0.102021
0.100667
0.0993066
0.0979416
0.0965718
0.0951974
0.0938185
0.0924354
0.0910481
0.0896568
0.0882616
0.0868628
0.0854603
0.0840544
0.0826452
0.0812327
0.0798171
0.0783985
0.0769769
0.0755526
0.0741255
0.0726959
0.0712637
0.069829
0.068392
0.0669528
0.0655113
0.0640677
0.062622
0.0611744
0.0597249
0.0582735
0.0568203
0.0553655
0.0539089
0.0524508
0.0509912
0.04953
0.0480674
0.0466035
0.0451382
0.0436716
0.0422038
0.0407347
0.0392646
0.0377933
0.0363209
0.0348476
0.0333732
0.0318979
0.0304216
0.0289444
0.0274664
0.0259876
0.0245079
0.0230275
0.0215464
0.0200645
0.0185819
0.0170986
0.0156147
0.0141302
0.012645
0.0111593
0.00967303
0.00818622
0.00669892
0.00521111
0.00372308
0.00223368
0.000748999
-0.0571857
-0.0590538
-0.0590887
-0.0587565
-0.0584762
-0.0580195
-0.0573038
-0.0563909
-0.0552726
-0.0538941
-0.0522275
-0.0502689
-0.0480171
-0.0454722
-0.0426385
-0.0395242
-0.0361397
-0.0324968
-0.028609
-0.0244917
-0.0201613
-0.0156361
-0.0109355
-0.00608046
-0.00109292
0.0040041
0.00918682
0.014431
0.0197122
0.0250062
0.0302895
0.0355392
0.040734
0.0458543
0.0508822
0.0558022
0.0606009
0.0652674
0.0697933
0.0741723
0.0784004
0.0824757
0.0863978
0.090168
0.0937887
0.0972633
0.100596
0.103791
0.106853
0.109786
0.112596
0.115287
0.117863
0.120326
0.122682
0.124931
0.127077
0.129122
0.131067
0.132913
0.134662
0.136313
0.137869
0.139327
0.140691
0.141959
0.143132
0.144211
0.145196
0.146088
0.146887
0.147595
0.148212
0.148741
0.149181
0.149536
0.149808
0.149997
0.150106
0.150138
0.150096
0.14998
0.149796
0.149544
0.149228
0.14885
0.148414
0.147921
0.147376
0.146779
0.146135
0.145446
0.144713
0.14394
0.143129
0.142282
0.141401
0.140488
0.139546
0.138575
0.137578
0.136556
0.135511
0.134444
0.133357
0.13225
0.131126
0.129984
0.128827
0.127654
0.126468
0.125268
0.124055
0.122831
0.121596
0.12035
0.119093
0.117828
0.116553
0.11527
0.113978
0.112679
0.111372
0.110058
0.108737
0.10741
0.106077
0.104737
0.103392
0.102041
0.100685
0.0993241
0.0979581
0.0965874
0.0952121
0.0938323
0.0924484
0.0910604
0.0896684
0.0882727
0.0868732
0.0854702
0.0840638
0.0826541
0.0812411
0.0798251
0.0784061
0.0769843
0.0755596
0.0741322
0.0727023
0.0712698
0.0698349
0.0683977
0.0669581
0.0655165
0.0640727
0.0626268
0.061179
0.0597293
0.0582778
0.0568245
0.0553695
0.0539128
0.0524546
0.0509948
0.0495335
0.0480708
0.0466067
0.0451413
0.0436746
0.0422067
0.0407376
0.0392673
0.037796
0.0363235
0.0348501
0.0333756
0.0319002
0.0304238
0.0289466
0.0274685
0.0259896
0.0245099
0.0230294
0.0215481
0.0200662
0.0185835
0.0171001
0.0156162
0.0141315
0.0126463
0.0111605
0.00967409
0.00818717
0.00669976
0.00521181
0.0037237
0.00223389
0.000750477
-0.051433
-0.0540145
-0.0549632
-0.0552988
-0.055441
-0.0553114
-0.0548538
-0.0541164
-0.053113
-0.0518147
-0.050204
-0.0482822
-0.0460545
-0.0435264
-0.0407063
-0.0376056
-0.0342374
-0.0306161
-0.0267574
-0.0226782
-0.0183967
-0.0139319
-0.00930407
-0.00453446
0.000354997
0.0053417
0.0104027
0.0155148
0.020655
0.0258011
0.0309311
0.0360247
0.0410627
0.0460277
0.0509041
0.0556783
0.0603389
0.0648767
0.0692846
0.0735573
0.0776916
0.0816858
0.0855398
0.0892546
0.0928322
0.0962753
0.0995872
0.102771
0.105832
0.108772
0.111596
0.114306
0.116907
0.1194
0.121788
0.124073
0.126257
0.128341
0.130327
0.132214
0.134004
0.135697
0.137294
0.138794
0.140197
0.141505
0.142716
0.143832
0.144852
0.145778
0.14661
0.147349
0.147996
0.148553
0.14902
0.1494
0.149694
0.149905
0.150035
0.150086
0.15006
0.14996
0.149789
0.14955
0.149246
0.148878
0.14845
0.147966
0.147427
0.146836
0.146197
0.145511
0.144782
0.144011
0.143202
0.142356
0.141475
0.140563
0.139619
0.138648
0.13765
0.136627
0.13558
0.134511
0.133422
0.132313
0.131187
0.130043
0.128883
0.127708
0.126519
0.125317
0.124102
0.122876
0.121638
0.12039
0.119132
0.117864
0.116587
0.115302
0.114009
0.112708
0.111399
0.110084
0.108762
0.107433
0.106098
0.104757
0.103411
0.102059
0.100702
0.0993401
0.0979731
0.0966015
0.0952254
0.093845
0.0924603
0.0910716
0.0896791
0.0882827
0.0868828
0.0854793
0.0840724
0.0826623
0.0812489
0.0798326
0.0784132
0.076991
0.075566
0.0741384
0.0727082
0.0712754
0.0698403
0.0684029
0.0669631
0.0655213
0.0640773
0.0626313
0.0611833
0.0597335
0.0582818
0.0568283
0.0553732
0.0539164
0.052458
0.0509981
0.0495367
0.0480739
0.0466097
0.0451442
0.0436775
0.0422095
0.0407402
0.0392699
0.0377984
0.0363259
0.0348524
0.0333778
0.0319023
0.0304259
0.0289486
0.0274705
0.0259915
0.0245117
0.0230311
0.0215498
0.0200677
0.018585
0.0171016
0.0156175
0.0141328
0.0126475
0.0111616
0.0096751
0.00818807
0.00670054
0.00521246
0.00372427
0.00223413
0.000751649
-0.0462335
-0.0493619
-0.0510484
-0.0519903
-0.0525521
-0.0527457
-0.0525468
-0.0519962
-0.0511209
-0.0499137
-0.0483689
-0.0464941
-0.0443003
-0.0417985
-0.0390012
-0.0359231
-0.0325799
-0.0289884
-0.0251661
-0.0211313
-0.0169032
-0.0125018
-0.00794776
-0.00326222
0.00153309
0.00641617
0.0113649
0.0163575
0.0213722
0.0263884
0.0313862
0.0363468
0.0412531
0.0460893
0.0508418
0.0554986
0.0600496
0.0644867
0.0688036
0.0729958
0.0770603
0.0809956
0.0848014
0.0884782
0.0920277
0.0954518
0.0987531
0.101934
0.104999
0.107949
0.110787
0.113517
0.11614
0.118659
0.121076
0.123391
0.125607
0.127724
0.129743
0.131664
0.133487
0.135214
0.136843
0.138376
0.139811
0.14115
0.142391
0.143536
0.144585
0.145538
0.146396
0.14716
0.147831
0.14841
0.148898
0.149298
0.149611
0.149839
0.149985
0.15005
0.150038
0.149951
0.149792
0.149563
0.149267
0.148907
0.148487
0.148009
0.147475
0.146889
0.146253
0.145571
0.144844
0.144075
0.143267
0.142421
0.141541
0.140629
0.139685
0.138713
0.137714
0.136689
0.135641
0.134571
0.13348
0.132369
0.13124
0.130095
0.128933
0.127756
0.126565
0.125361
0.124144
0.122916
0.121676
0.120426
0.119166
0.117896
0.116618
0.115331
0.114036
0.112733
0.111423
0.110107
0.108783
0.107453
0.106117
0.104775
0.103428
0.102075
0.100717
0.0993543
0.0979866
0.0966142
0.0952374
0.0938563
0.092471
0.0910818
0.0896887
0.0882918
0.0868914
0.0854875
0.0840802
0.0826697
0.081256
0.0798393
0.0784196
0.0769971
0.0755719
0.074144
0.0727136
0.0712806
0.0698453
0.0684076
0.0669677
0.0655257
0.0640815
0.0626354
0.0611872
0.0597372
0.0582854
0.0568319
0.0553766
0.0539197
0.0524612
0.0510012
0.0495397
0.0480768
0.0466125
0.0451469
0.0436801
0.042212
0.0407427
0.0392723
0.0378007
0.0363281
0.0348545
0.0333799
0.0319043
0.0304278
0.0289505
0.0274722
0.0259932
0.0245133
0.0230327
0.0215513
0.0200692
0.0185864
0.0171029
0.0156188
0.014134
0.0126486
0.0111626
0.00967603
0.00818891
0.00670127
0.00521307
0.00372478
0.00223438
0.000752481
-0.0416807
-0.0452345
-0.0475122
-0.048983
-0.0499395
-0.0504396
-0.0504875
-0.0501225
-0.0493791
-0.0482675
-0.0467938
-0.0449718
-0.0428183
-0.0403494
-0.0375815
-0.0345323
-0.0312201
-0.0276635
-0.0238815
-0.0198937
-0.0157201
-0.011381
-0.00689723
-0.0022899
0.00241973
0.00721037
0.0120609
0.0169504
0.0218589
0.0267668
0.0316558
0.0365087
0.0413098
0.0460448
0.0507014
0.0552686
0.0597373
0.0641001
0.0683512
0.0724864
0.0765028
0.0803986
0.0841733
0.0878271
0.091361
0.0947764
0.0980751
0.101259
0.104331
0.107293
0.110147
0.112895
0.11554
0.118081
0.120522
0.122863
0.125104
0.127248
0.129293
0.131241
0.133092
0.134845
0.1365
0.138058
0.139519
0.140881
0.142147
0.143314
0.144385
0.145359
0.146237
0.147021
0.14771
0.148306
0.148811
0.149226
0.149553
0.149795
0.149953
0.15003
0.150029
0.149951
0.149801
0.14958
0.149291
0.148938
0.148523
0.14805
0.14752
0.146938
0.146305
0.145625
0.144899
0.144132
0.143324
0.14248
0.1416
0.140687
0.139743
0.13877
0.137769
0.136744
0.135694
0.134622
0.13353
0.132418
0.131287
0.13014
0.128976
0.127798
0.126605
0.125399
0.12418
0.12295
0.121709
0.120457
0.119195
0.117924
0.116644
0.115356
0.11406
0.112756
0.111445
0.110127
0.108802
0.107471
0.106134
0.104791
0.103443
0.102089
0.100731
0.0993669
0.0979985
0.0966255
0.0952481
0.0938664
0.0924806
0.0910908
0.0896973
0.0883
0.0868992
0.0854949
0.0840872
0.0826764
0.0812624
0.0798454
0.0784254
0.0770027
0.0755772
0.0741491
0.0727184
0.0712853
0.0698498
0.0684119
0.0669719
0.0655297
0.0640854
0.0626391
0.0611908
0.0597407
0.0582888
0.0568351
0.0553797
0.0539227
0.0524641
0.051004
0.0495424
0.0480794
0.0466151
0.0451494
0.0436824
0.0422143
0.0407449
0.0392744
0.0378028
0.0363301
0.0348565
0.0333818
0.0319062
0.0304296
0.0289522
0.0274739
0.0259948
0.0245148
0.0230341
0.0215527
0.0200705
0.0185877
0.0171041
0.0156199
0.0141351
0.0126496
0.0111635
0.0096769
0.00818969
0.00670196
0.00521365
0.00372524
0.00223466
0.000752966
-0.0378476
-0.0417357
-0.0444827
-0.0463995
-0.047709
-0.0484874
-0.0487602
-0.0485686
-0.0479523
-0.0469342
-0.0455313
-0.0437637
-0.0416533
-0.0392205
-0.0364855
-0.0334685
-0.0301899
-0.0266699
-0.0229287
-0.0189868
-0.0148646
-0.0105827
-0.00616199
-0.00162317
0.00301297
0.00772582
0.0124951
0.017301
0.0221244
0.0269471
0.0317519
0.0365227
0.0412449
0.0459054
0.0504924
0.0549959
0.0594073
0.0637195
0.067927
0.0720256
0.0760123
0.079885
0.083643
0.0872859
0.0908142
0.0942289
0.0975313
0.100723
0.103805
0.106781
0.10965
0.112416
0.115078
0.11764
0.120101
0.122463
0.124726
0.126891
0.128958
0.130927
0.132798
0.134572
0.136248
0.137825
0.139305
0.140686
0.141969
0.143155
0.144242
0.145232
0.146126
0.146923
0.147626
0.148236
0.148753
0.14918
0.149518
0.14977
0.149938
0.150024
0.15003
0.14996
0.149816
0.149601
0.149318
0.14897
0.148559
0.148089
0.147563
0.146983
0.146352
0.145673
0.144949
0.144182
0.143376
0.142531
0.141651
0.140737
0.139793
0.138819
0.137818
0.136791
0.13574
0.134667
0.133573
0.13246
0.131328
0.130179
0.129014
0.127834
0.126639
0.125432
0.124212
0.12298
0.121737
0.120484
0.119221
0.117948
0.116667
0.115378
0.11408
0.112775
0.111463
0.110144
0.108819
0.107487
0.106149
0.104805
0.103456
0.102102
0.100742
0.0993781
0.098009
0.0966355
0.0952575
0.0938753
0.0924891
0.0910989
0.089705
0.0883073
0.0869061
0.0855015
0.0840935
0.0826824
0.0812681
0.0798509
0.0784307
0.0770077
0.075582
0.0741537
0.0727229
0.0712896
0.0698539
0.0684159
0.0669757
0.0655333
0.0640889
0.0626425
0.0611941
0.0597439
0.0582918
0.056838
0.0553825
0.0539254
0.0524668
0.0510066
0.0495449
0.0480818
0.0466174
0.0451516
0.0436846
0.0422164
0.0407469
0.0392764
0.0378047
0.036332
0.0348582
0.0333835
0.0319078
0.0304312
0.0289537
0.0274754
0.0259962
0.0245162
0.0230355
0.021554
0.0200718
0.0185888
0.0171052
0.015621
0.0141361
0.0126506
0.0111644
0.00967772
0.00819044
0.00670262
0.00521421
0.00372567
0.00223497
0.000753125
-0.0347796
-0.0389309
-0.0420453
-0.0443255
-0.0459357
-0.0469545
-0.0474222
-0.0473833
-0.0468815
-0.045949
-0.0446119
-0.0428961
-0.0408275
-0.0384307
-0.0357286
-0.0327437
-0.029498
-0.0260129
-0.0223096
-0.018409
-0.0143319
-0.010099
-0.0057308
-0.00124793
0.00332939
0.00798115
0.0126878
0.0174303
0.0221905
0.026951
0.0316953
0.0364083
0.0410761
0.0456862
0.0502273
0.0546898
0.0590654
0.0633473
0.0675298
0.0716086
0.0755805
0.0794434
0.0831959
0.0868374
0.0903679
0.093788
0.0970985
0.100301
0.103396
0.106385
0.109269
0.112051
0.114731
0.117309
0.119788
0.122168
0.124448
0.126631
0.128715
0.130701
0.132589
0.134378
0.136069
0.137662
0.139157
0.140552
0.141849
0.143047
0.144147
0.145149
0.146054
0.146863
0.147576
0.148195
0.148722
0.149157
0.149504
0.149763
0.149938
0.15003
0.150042
0.149977
0.149838
0.149628
0.149348
0.149003
0.148595
0.148128
0.147603
0.147025
0.146396
0.145718
0.144995
0.144228
0.143422
0.142577
0.141696
0.140782
0.139837
0.138863
0.13786
0.136833
0.135781
0.134707
0.133611
0.132496
0.131363
0.130213
0.129046
0.127865
0.126669
0.12546
0.124239
0.123006
0.121762
0.120507
0.119243
0.11797
0.116687
0.115397
0.114098
0.112792
0.111479
0.110159
0.108833
0.1075
0.106162
0.104818
0.103468
0.102113
0.100753
0.099388
0.0980185
0.0966444
0.095266
0.0938834
0.0924968
0.0911062
0.0897119
0.0883139
0.0869124
0.0855075
0.0840993
0.0826879
0.0812734
0.0798559
0.0784355
0.0770123
0.0755865
0.074158
0.072727
0.0712935
0.0698576
0.0684195
0.0669792
0.0655367
0.0640922
0.0626456
0.0611971
0.0597468
0.0582946
0.0568408
0.0553852
0.053928
0.0524692
0.0510089
0.0495472
0.0480841
0.0466196
0.0451537
0.0436866
0.0422183
0.0407488
0.0392782
0.0378065
0.0363337
0.0348599
0.0333851
0.0319094
0.0304327
0.0289552
0.0274768
0.0259975
0.0245175
0.0230367
0.0215552
0.0200729
0.0185899
0.0171063
0.015622
0.014137
0.0126515
0.0111653
0.00967851
0.00819116
0.00670327
0.00521477
0.00372609
0.00223533
0.000753005
-0.032488
-0.036845
-0.0402406
-0.0428052
-0.044658
-0.0458734
-0.0465004
-0.0465875
-0.0461819
-0.0453223
-0.0440419
-0.0423713
-0.0403402
-0.0379758
-0.0353036
-0.0323475
-0.029131
-0.0256761
-0.0220048
-0.0181381
-0.0140972
-0.00990249
-0.00557456
-0.00113355
0.00340067
0.00800861
0.0126712
0.0173702
0.0220877
0.0268071
0.0315126
0.0361894
0.0408241
0.0454045
0.0499196
0.0543601
0.0587176
0.0629854
0.0671576
0.0712299
0.0751988
0.0790618
0.0828174
0.0864645
0.0900029
0.0934328
0.0967546
0.0999694
0.103078
0.106081
0.108981
0.111778
0.114473
0.117067
0.119561
0.121955
0.124251
0.126447
0.128545
0.130545
0.132446
0.134248
0.135952
0.137556
0.139062
0.140468
0.141775
0.142983
0.144092
0.145103
0.146017
0.146833
0.147554
0.14818
0.148713
0.149155
0.149507
0.149772
0.149951
0.150048
0.150064
0.150003
0.149867
0.149659
0.149382
0.149039
0.148633
0.148167
0.147644
0.147067
0.146438
0.145761
0.145037
0.144271
0.143464
0.142619
0.141738
0.140823
0.139877
0.138902
0.137899
0.13687
0.135817
0.134741
0.133645
0.132529
0.131394
0.130243
0.129075
0.127892
0.126695
0.125485
0.124263
0.123029
0.121784
0.120528
0.119263
0.117988
0.116705
0.115414
0.114114
0.112808
0.111494
0.110173
0.108846
0.107513
0.106174
0.104829
0.103478
0.102123
0.100762
0.0993971
0.0980271
0.0966526
0.0952738
0.0938908
0.0925038
0.091113
0.0897183
0.0883201
0.0869183
0.0855131
0.0841047
0.082693
0.0812783
0.0798606
0.0784401
0.0770167
0.0755907
0.074162
0.0727308
0.0712972
0.0698612
0.068423
0.0669825
0.0655399
0.0640953
0.0626486
0.0612
0.0597496
0.0582973
0.0568434
0.0553877
0.0539304
0.0524716
0.0510112
0.0495494
0.0480862
0.0466216
0.0451557
0.0436886
0.0422202
0.0407506
0.0392799
0.0378082
0.0363353
0.0348615
0.0333866
0.0319108
0.0304341
0.0289565
0.0274781
0.0259988
0.0245188
0.0230379
0.0215563
0.020074
0.018591
0.0171073
0.015623
0.014138
0.0126524
0.0111661
0.00967931
0.0081919
0.00670393
0.00521536
0.00372654
0.00223575
0.000752678
-0.0309447
-0.0354595
-0.0390631
-0.0418393
-0.0438756
-0.0452408
-0.0459891
-0.0461727
-0.0458415
-0.0450389
-0.0438032
-0.0421688
-0.0401678
-0.0378297
-0.0351815
-0.0322485
-0.0290548
-0.0256232
-0.0219757
-0.0181339
-0.0141187
-0.00995056
-0.00564987
-0.00123652
0.00326994
0.00785036
0.0124861
0.0171592
0.0218523
0.026549
0.0312338
0.0358923
0.0405113
0.0450788
0.0495838
0.054017
0.0583701
0.0626361
0.0668093
0.0708848
0.0748592
0.0787297
0.0824944
0.0861521
0.0897023
0.0931449
0.0964802
0.0997089
0.102832
0.10585
0.108764
0.111575
0.114284
0.116892
0.1194
0.121807
0.124115
0.126324
0.128434
0.130445
0.132356
0.134169
0.135882
0.137496
0.13901
0.140424
0.141739
0.142955
0.144071
0.145089
0.146008
0.14683
0.147556
0.148188
0.148725
0.149171
0.149527
0.149795
0.149978
0.150078
0.150097
0.150038
0.149904
0.149697
0.149422
0.14908
0.148675
0.14821
0.147687
0.14711
0.146481
0.145803
0.14508
0.144313
0.143505
0.142659
0.141778
0.140862
0.139915
0.138939
0.137934
0.136904
0.13585
0.134774
0.133676
0.132559
0.131423
0.13027
0.129101
0.127918
0.12672
0.125508
0.124285
0.12305
0.121804
0.120547
0.119281
0.118006
0.116722
0.115429
0.114129
0.112822
0.111507
0.110186
0.108858
0.107524
0.106184
0.104839
0.103488
0.102132
0.100771
0.0994056
0.0980352
0.0966604
0.0952812
0.0938979
0.0925106
0.0911194
0.0897245
0.088326
0.086924
0.0855185
0.0841099
0.082698
0.0812831
0.0798652
0.0784445
0.077021
0.0755948
0.074166
0.0727346
0.0713009
0.0698648
0.0684264
0.0669858
0.0655431
0.0640983
0.0626516
0.0612029
0.0597523
0.0583
0.0568459
0.0553902
0.0539328
0.0524739
0.0510135
0.0495516
0.0480883
0.0466236
0.0451577
0.0436905
0.042222
0.0407524
0.0392817
0.0378098
0.0363369
0.034863
0.0333881
0.0319123
0.0304355
0.0289579
0.0274794
0.0260001
0.02452
0.0230391
0.0215575
0.0200751
0.0185921
0.0171083
0.0156239
0.0141389
0.0126533
0.011167
0.00968013
0.00819268
0.00670465
0.00521602
0.00372705
0.00223627
0.000752238
-0.0300756
-0.034707
-0.0384566
-0.0413798
-0.0435442
-0.045014
-0.0458467
-0.0460974
-0.0458181
-0.0450555
-0.0438512
-0.0422423
-0.0402626
-0.0379429
-0.0353114
-0.0323941
-0.0292156
-0.025799
-0.0221666
-0.01834
-0.01434
-0.0101871
-0.00590156
-0.00150298
0.00298924
0.00755619
0.0121795
0.0168413
0.0215246
0.0262131
0.0308916
0.0355456
0.0401621
0.044729
0.0492355
0.0536722
0.0580306
0.0623036
0.0664853
0.0705709
0.0745564
0.0784392
0.0822169
0.0858883
0.0894527
0.0929098
0.0962599
0.0995032
0.102641
0.105673
0.108601
0.111426
0.114148
0.116769
0.119289
0.121708
0.124028
0.126247
0.128367
0.130387
0.132308
0.134129
0.13585
0.137472
0.138993
0.140414
0.141735
0.142957
0.144078
0.145101
0.146025
0.146851
0.147581
0.148216
0.148757
0.149205
0.149564
0.149834
0.150019
0.15012
0.15014
0.150082
0.149949
0.149744
0.149469
0.149127
0.148722
0.148256
0.147733
0.147155
0.146526
0.145848
0.145124
0.144356
0.143547
0.1427
0.141817
0.140901
0.139952
0.138975
0.137969
0.136938
0.135883
0.134805
0.133706
0.132587
0.131451
0.130297
0.129127
0.127942
0.126743
0.12553
0.124306
0.12307
0.121823
0.120565
0.119298
0.118022
0.116737
0.115444
0.114143
0.112835
0.11152
0.110198
0.10887
0.107535
0.106195
0.104849
0.103498
0.102142
0.10078
0.099414
0.0980432
0.096668
0.0952885
0.0939049
0.0925173
0.0911259
0.0897307
0.0883319
0.0869296
0.085524
0.0841151
0.0827031
0.081288
0.0798699
0.078449
0.0770253
0.0755989
0.07417
0.0727385
0.0713046
0.0698684
0.0684299
0.0669892
0.0655463
0.0641014
0.0626546
0.0612058
0.0597552
0.0583027
0.0568486
0.0553927
0.0539353
0.0524763
0.0510158
0.0495538
0.0480904
0.0466257
0.0451597
0.0436924
0.0422239
0.0407542
0.0392834
0.0378115
0.0363386
0.0348646
0.0333897
0.0319138
0.030437
0.0289593
0.0274808
0.0260014
0.0245212
0.0230403
0.0215586
0.0200763
0.0185932
0.0171094
0.015625
0.0141399
0.0126542
0.0111679
0.00968101
0.00819351
0.00670544
0.00521676
0.00372766
0.00223692
0.000751788
-0.0297727
-0.0344872
-0.0383329
-0.0413497
-0.0435949
-0.0451299
-0.0460146
-0.046306
-0.046058
-0.0453193
-0.0441333
-0.0425389
-0.0405711
-0.0382614
-0.0356386
-0.0327292
-0.0295579
-0.0261482
-0.0225224
-0.0187019
-0.0147078
-0.0105603
-0.00627949
-0.00188501
0.00260394
0.00716858
0.0117906
0.0164524
0.021137
0.0258282
0.0305107
0.0351702
0.0397936
0.0443688
0.0488849
0.0533323
0.0577026
0.0619885
0.0661839
0.0702839
0.0742844
0.0781824
0.0819758
0.0856629
0.089243
0.0927156
0.096081
0.0993394
0.102492
0.105538
0.10848
0.111318
0.114053
0.116686
0.119217
0.121648
0.123977
0.126207
0.128336
0.130365
0.132294
0.134123
0.135851
0.137479
0.139007
0.140433
0.14176
0.142986
0.144112
0.145138
0.146066
0.146895
0.147628
0.148265
0.148808
0.149258
0.149618
0.14989
0.150075
0.150177
0.150198
0.15014
0.150007
0.149801
0.149525
0.149183
0.148777
0.148311
0.147787
0.147208
0.146577
0.145898
0.145172
0.144403
0.143593
0.142744
0.14186
0.140942
0.139992
0.139013
0.138006
0.136973
0.135916
0.134837
0.133737
0.132617
0.131479
0.130324
0.129152
0.127966
0.126766
0.125553
0.124327
0.12309
0.121842
0.120584
0.119316
0.118039
0.116753
0.115459
0.114158
0.112849
0.111533
0.110211
0.108882
0.107547
0.106206
0.10486
0.103508
0.102151
0.100789
0.0994227
0.0980515
0.096676
0.0952962
0.0939122
0.0925243
0.0911326
0.0897372
0.0883381
0.0869356
0.0855298
0.0841206
0.0827084
0.0812931
0.0798748
0.0784537
0.0770299
0.0756034
0.0741742
0.0727426
0.0713086
0.0698722
0.0684336
0.0669927
0.0655498
0.0641048
0.0626578
0.0612089
0.0597582
0.0583056
0.0568514
0.0553955
0.0539379
0.0524788
0.0510182
0.0495562
0.0480927
0.0466279
0.0451618
0.0436945
0.0422259
0.0407562
0.0392853
0.0378133
0.0363403
0.0348663
0.0333913
0.0319154
0.0304385
0.0289608
0.0274822
0.0260028
0.0245226
0.0230416
0.0215599
0.0200775
0.0185943
0.0171105
0.0156261
0.014141
0.0126552
0.0111689
0.00968197
0.00819444
0.00670634
0.00521762
0.00372841
0.00223777
0.000751468
-0.0299667
-0.0347444
-0.0386531
-0.0417259
-0.0440162
-0.0455853
-0.0464949
-0.0468041
-0.0465681
-0.0458371
-0.0446558
-0.043064
-0.0410973
-0.0387877
-0.0361643
-0.0332538
-0.030081
-0.0266694
-0.0230412
-0.0192179
-0.0152203
-0.0110688
-0.00678321
-0.00238311
0.00211238
0.00668455
0.0113152
0.0159867
0.020682
0.0253851
0.0300806
0.0347541
0.0393925
0.0439835
0.0485162
0.052981
0.0573691
0.0616732
0.0658871
0.0700057
0.074025
0.0779416
0.0817533
0.0854586
0.0890564
0.0925465
0.0959287
0.0992034
0.102371
0.105433
0.108389
0.111241
0.11399
0.116635
0.119179
0.12162
0.123961
0.1262
0.128339
0.130377
0.132314
0.134151
0.135886
0.137521
0.139054
0.140487
0.141818
0.143049
0.144179
0.145209
0.146139
0.146971
0.147706
0.148345
0.148889
0.149341
0.149701
0.149973
0.150158
0.15026
0.15028
0.150221
0.150087
0.14988
0.149603
0.149259
0.148851
0.148383
0.147857
0.147276
0.146643
0.145962
0.145234
0.144462
0.14365
0.142799
0.141913
0.140993
0.140041
0.139059
0.13805
0.137016
0.135957
0.134876
0.133774
0.132652
0.131512
0.130355
0.129183
0.127995
0.126793
0.125579
0.124352
0.123113
0.121864
0.120605
0.119336
0.118058
0.116772
0.115477
0.114175
0.112865
0.111548
0.110225
0.108896
0.10756
0.106219
0.104872
0.10352
0.102162
0.1008
0.0994329
0.0980614
0.0966854
0.0953052
0.0939209
0.0925327
0.0911406
0.0897449
0.0883456
0.0869428
0.0855367
0.0841273
0.0827148
0.0812993
0.0798808
0.0784595
0.0770354
0.0756087
0.0741794
0.0727476
0.0713134
0.0698769
0.0684381
0.0669971
0.065554
0.0641088
0.0626617
0.0612127
0.0597618
0.0583092
0.0568548
0.0553987
0.0539411
0.0524819
0.0510212
0.0495591
0.0480955
0.0466306
0.0451644
0.043697
0.0422283
0.0407585
0.0392876
0.0378155
0.0363425
0.0348684
0.0333933
0.0319173
0.0304404
0.0289626
0.0274839
0.0260045
0.0245242
0.0230432
0.0215614
0.0200789
0.0185958
0.0171119
0.0156274
0.0141423
0.0126565
0.0111701
0.00968316
0.0081956
0.00670746
0.00521873
0.00372945
0.00223901
0.000751577
-0.0305507
-0.0353833
-0.0393363
-0.0424413
-0.044752
-0.046332
-0.0472454
-0.0475533
-0.0473124
-0.0465743
-0.0453846
-0.0437837
-0.0418075
-0.0394883
-0.0368552
-0.0339349
-0.0307522
-0.0273305
-0.0236919
-0.0198578
-0.0158488
-0.0116853
-0.00738694
-0.00297324
0.00153674
0.00612434
0.0107714
0.0154601
0.0201737
0.0248959
0.0296113
0.0343054
0.038965
0.0435777
0.0481326
0.0526196
0.0570301
0.0613567
0.0655929
0.0697335
0.0737745
0.0777124
0.0815449
0.0852703
0.0888878
0.0923967
0.0957971
0.0990894
0.102274
0.105352
0.108324
0.11119
0.113953
0.116612
0.119168
0.121621
0.123973
0.126223
0.128372
0.130419
0.132366
0.13421
0.135953
0.137595
0.139135
0.140573
0.14191
0.143145
0.144279
0.145312
0.146246
0.14708
0.147817
0.148457
0.149002
0.149454
0.149814
0.150086
0.15027
0.150371
0.150389
0.150329
0.150193
0.149983
0.149704
0.149357
0.148947
0.148476
0.147947
0.147363
0.146727
0.146042
0.145311
0.144537
0.143721
0.142868
0.141978
0.141055
0.1401
0.139116
0.138105
0.137067
0.136006
0.134923
0.133818
0.132694
0.131552
0.130394
0.129219
0.128029
0.126826
0.12561
0.124381
0.123142
0.121891
0.12063
0.11936
0.118081
0.116793
0.115498
0.114194
0.112884
0.111566
0.110242
0.108912
0.107576
0.106234
0.104886
0.103533
0.102175
0.100813
0.0994451
0.0980731
0.0966966
0.095316
0.0939313
0.0925427
0.0911503
0.0897541
0.0883545
0.0869514
0.0855449
0.0841353
0.0827225
0.0813067
0.0798879
0.0784664
0.0770421
0.0756151
0.0741856
0.0727536
0.0713192
0.0698824
0.0684435
0.0670023
0.065559
0.0641137
0.0626664
0.0612172
0.0597662
0.0583134
0.0568589
0.0554027
0.0539449
0.0524856
0.0510248
0.0495625
0.0480989
0.0466339
0.0451676
0.0437
0.0422313
0.0407613
0.0392903
0.0378182
0.036345
0.0348708
0.0333957
0.0319196
0.0304426
0.0289647
0.027486
0.0260065
0.0245261
0.0230451
0.0215632
0.0200807
0.0185975
0.0171136
0.015629
0.0141438
0.012658
0.0111716
0.0096846
0.00819701
0.00670885
0.0052201
0.0037308
0.00224063
0.000752394
-0.0697506
-0.0704271
-0.0707956
-0.0709183
-0.0707908
-0.0704445
-0.0698966
-0.0691468
-0.0681861
-0.0670031
-0.0655861
-0.0639248
-0.0620097
-0.0598326
-0.0573856
-0.0546616
-0.0516541
-0.0483568
-0.0447641
-0.0408709
-0.0366732
-0.0321677
-0.0273525
-0.0222275
-0.0167945
-0.0110581
-0.00502526
0.00129319
0.00788278
0.0147254
0.0217976
0.0290721
0.0365168
0.0440951
0.0517662
0.0594858
0.0672064
0.0748787
0.0824519
0.0898756
0.0971001
0.104078
0.110767
0.117126
0.123122
0.128727
0.13392
0.138685
0.143016
0.146909
0.15037
0.153409
0.156041
0.158285
0.160163
0.1617
0.162923
0.163859
0.164536
0.164981
0.165222
0.165282
0.165186
0.164957
0.164614
0.164175
0.163657
0.163073
0.162437
0.161759
0.161048
0.160312
0.159557
0.158787
0.158008
0.157221
0.15643
0.155635
0.154838
0.154039
0.153238
0.152436
0.151631
0.150823
0.150012
0.149196
0.148375
0.147547
0.146712
0.145869
0.145017
0.144155
0.143282
0.142398
0.141502
0.140593
0.139671
0.138736
0.137786
0.136823
0.135845
0.134852
0.133844
0.132822
0.131785
0.130734
0.129668
0.128587
0.127492
0.126383
0.12526
0.124124
0.122974
0.121811
0.120636
0.119448
0.118248
0.117037
0.115814
0.11458
0.113336
0.112081
0.110817
0.109543
0.10826
0.106968
0.105667
0.104359
0.103042
0.101718
0.100387
0.0990486
0.0977037
0.0963525
0.0949952
0.0936321
0.0922633
0.0908892
0.08951
0.0881259
0.0867371
0.0853438
0.0839463
0.0825446
0.081139
0.0797296
0.0783166
0.0769002
0.0754805
0.0740577
0.0726318
0.071203
0.0697715
0.0683373
0.0669006
0.0654614
0.0640199
0.0625762
0.0611303
0.0596824
0.0582325
0.0567807
0.0553271
0.0538717
0.0524147
0.0509561
0.0494959
0.0480343
0.0465712
0.0451068
0.043641
0.042174
0.0407058
0.0392364
0.0377659
0.0362943
0.0348217
0.0333481
0.0318736
0.0303981
0.0289217
0.0274445
0.0259665
0.0244877
0.0230082
0.0215279
0.020047
0.0185654
0.0170832
0.0156003
0.014117
0.012633
0.0111485
0.00966359
0.00817817
0.00669229
0.005206
0.00371931
0.00223221
0.000745121
-0.0696264
-0.0702027
-0.0704726
-0.0705482
-0.0704086
-0.0700671
-0.0695303
-0.068793
-0.067845
-0.0666745
-0.06527
-0.0636213
-0.0617189
-0.0595546
-0.0571207
-0.0544103
-0.0514168
-0.0481343
-0.0445571
-0.0406806
-0.0365007
-0.0320143
-0.0272199
-0.0221173
-0.0167087
-0.0109984
-0.00499379
0.00129447
0.0078518
0.0146606
0.0216976
0.0289355
0.0363428
0.0438831
0.0515162
0.0591984
0.0668826
0.07452
0.0820606
0.0894541
0.0966517
0.103607
0.110275
0.116619
0.122604
0.128202
0.133392
0.138158
0.142494
0.146396
0.149869
0.152922
0.155572
0.157835
0.159735
0.161296
0.162543
0.163504
0.164207
0.164677
0.164942
0.165027
0.164955
0.164748
0.164426
0.164007
0.163508
0.162942
0.162322
0.161659
0.160961
0.160237
0.159493
0.158733
0.157962
0.157182
0.156397
0.155608
0.154816
0.154021
0.153223
0.152424
0.151621
0.150815
0.150005
0.14919
0.14837
0.147543
0.146708
0.145865
0.145013
0.14415
0.143277
0.142393
0.141496
0.140587
0.139665
0.138729
0.137779
0.136815
0.135836
0.134843
0.133835
0.132813
0.131776
0.130724
0.129657
0.128577
0.127481
0.126372
0.125249
0.124113
0.122963
0.1218
0.120625
0.119437
0.118237
0.117026
0.115803
0.11457
0.113326
0.112071
0.110807
0.109533
0.10825
0.106959
0.105658
0.10435
0.103034
0.10171
0.100379
0.099041
0.0976964
0.0963454
0.0949884
0.0936255
0.092257
0.0908831
0.0895041
0.0881202
0.0867316
0.0853385
0.0839412
0.0825397
0.0811343
0.0797251
0.0783123
0.0768961
0.0754765
0.0740538
0.0726281
0.0711995
0.0697681
0.0683341
0.0668975
0.0654585
0.0640171
0.0625735
0.0611277
0.0596799
0.0582301
0.0567784
0.0553249
0.0538696
0.0524127
0.0509542
0.0494941
0.0480325
0.0465695
0.0451052
0.0436395
0.0421726
0.0407044
0.0392351
0.0377646
0.0362931
0.0348205
0.033347
0.0318725
0.030397
0.0289207
0.0274436
0.0259656
0.0244869
0.0230074
0.0215272
0.0200462
0.0185647
0.0170825
0.0155997
0.0141164
0.0126324
0.011148
0.00966309
0.00817769
0.00669185
0.00520559
0.00371892
0.00223182
0.000744921
-0.0694429
-0.0700258
-0.0702324
-0.0702721
-0.070121
-0.0697831
-0.0692573
-0.0685337
-0.0675999
-0.0664435
-0.0650529
-0.0634178
-0.061529
-0.0593782
-0.056958
-0.0542615
-0.0512823
-0.0480146
-0.0444529
-0.0405925
-0.0364297
-0.0319614
-0.0271861
-0.0221038
-0.0167165
-0.0110287
-0.00504759
0.00121625
0.00774892
0.0145315
0.0215423
0.0287539
0.0361351
0.0436499
0.0512583
0.0589168
0.0665788
0.0741957
0.0817177
0.0890947
0.0962781
0.103221
0.109881
0.116217
0.122198
0.127794
0.132985
0.137754
0.142095
0.146004
0.149486
0.152551
0.155213
0.157491
0.159406
0.160983
0.162247
0.163226
0.163946
0.164434
0.164717
0.164819
0.164765
0.164574
0.164269
0.163865
0.16338
0.162828
0.162221
0.161569
0.160883
0.160169
0.159433
0.158682
0.157918
0.157145
0.156366
0.155582
0.154794
0.154003
0.153209
0.152412
0.151612
0.150808
0.15
0.149186
0.148367
0.14754
0.146706
0.145863
0.145011
0.144149
0.143276
0.142391
0.141495
0.140585
0.139662
0.138726
0.137776
0.136811
0.135833
0.134839
0.133831
0.132808
0.131771
0.130719
0.129652
0.128571
0.127475
0.126366
0.125243
0.124106
0.122956
0.121794
0.120618
0.11943
0.118231
0.117019
0.115797
0.114563
0.113319
0.112065
0.110801
0.109527
0.108244
0.106952
0.105652
0.104344
0.103028
0.101704
0.100373
0.0990356
0.0976912
0.0963404
0.0949835
0.0936207
0.0922524
0.0908787
0.0894998
0.0881161
0.0867276
0.0853347
0.0839375
0.0825361
0.0811309
0.0797218
0.0783091
0.076893
0.0754736
0.0740511
0.0726254
0.0711969
0.0697657
0.0683317
0.0668952
0.0654563
0.064015
0.0625715
0.0611258
0.0596781
0.0582284
0.0567767
0.0553233
0.0538681
0.0524113
0.0509528
0.0494928
0.0480312
0.0465683
0.045104
0.0436384
0.0421715
0.0407034
0.0392341
0.0377637
0.0362922
0.0348197
0.0333462
0.0318717
0.0303963
0.02892
0.0274429
0.025965
0.0244862
0.0230068
0.0215266
0.0200457
0.0185642
0.017082
0.0155993
0.0141159
0.012632
0.0111476
0.00966273
0.00817736
0.00669154
0.0052053
0.00371866
0.00223156
0.00074483
-0.069252
-0.0699117
-0.0700847
-0.0701003
-0.0699408
-0.0696069
-0.0690922
-0.0683826
-0.0674638
-0.0663221
-0.0649459
-0.0633247
-0.0614495
-0.0593122
-0.0569055
-0.0542227
-0.0512574
-0.048004
-0.0444571
-0.0406123
-0.0364655
-0.032014
-0.0272561
-0.0221918
-0.0168231
-0.0111542
-0.0051923
0.00105229
0.00756583
0.01433
0.0213228
0.0285175
0.0358828
0.043383
0.0509783
0.0586254
0.0662776
0.0738865
0.081402
0.0887744
0.0959545
0.102896
0.109555
0.115892
0.121875
0.127474
0.132668
0.137442
0.141788
0.145704
0.149193
0.152266
0.154936
0.157223
0.159147
0.160734
0.162009
0.162999
0.163731
0.164231
0.164526
0.164641
0.164598
0.16442
0.164127
0.163735
0.163262
0.162721
0.162124
0.161483
0.160806
0.1601
0.159373
0.15863
0.157873
0.157107
0.156333
0.155555
0.154771
0.153985
0.153194
0.152401
0.151603
0.150802
0.149995
0.149184
0.148365
0.14754
0.146707
0.145865
0.145013
0.144151
0.143279
0.142394
0.141497
0.140588
0.139665
0.138728
0.137778
0.136813
0.135834
0.13484
0.133832
0.132808
0.131771
0.130718
0.129651
0.12857
0.127474
0.126364
0.125241
0.124104
0.122954
0.121791
0.120615
0.119427
0.118228
0.117016
0.115793
0.11456
0.113316
0.112061
0.110797
0.109523
0.108241
0.106949
0.105649
0.104341
0.103024
0.101701
0.10037
0.0990323
0.097688
0.0963372
0.0949804
0.0936177
0.0922494
0.0908758
0.0894971
0.0881134
0.086725
0.0853322
0.083935
0.0825338
0.0811286
0.0797196
0.078307
0.076891
0.0754717
0.0740492
0.0726236
0.0711952
0.069764
0.0683301
0.0668937
0.0654548
0.0640136
0.0625701
0.0611245
0.0596768
0.0582272
0.0567756
0.0553222
0.0538671
0.0524103
0.0509518
0.0494919
0.0480304
0.0465675
0.0451032
0.0436376
0.0421708
0.0407027
0.0392335
0.0377631
0.0362916
0.0348191
0.0333456
0.0318712
0.0303958
0.0289196
0.0274425
0.0259646
0.0244859
0.0230064
0.0215262
0.0200454
0.0185639
0.0170817
0.015599
0.0141157
0.0126318
0.0111474
0.00966251
0.00817715
0.00669134
0.00520511
0.00371849
0.00223141
0.000744765
-0.0691046
-0.0698688
-0.0700222
-0.070022
-0.0698578
-0.0695292
-0.069026
-0.0683306
-0.0674265
-0.0662993
-0.0649369
-0.063329
-0.0614668
-0.0593423
-0.0569484
-0.0542786
-0.0513267
-0.0480871
-0.0445547
-0.0407248
-0.0365935
-0.0321581
-0.0274168
-0.0223694
-0.0170178
-0.011366
-0.00542101
0.000807312
0.00730523
0.014055
0.0210346
0.0282175
0.0355728
0.0430648
0.0506538
0.0582965
0.0659461
0.073554
0.0810701
0.0884443
0.0956273
0.102572
0.109235
0.115578
0.121565
0.127169
0.132368
0.137147
0.141498
0.145419
0.148913
0.151992
0.154668
0.156961
0.158892
0.160486
0.161769
0.162767
0.163508
0.164018
0.164324
0.164449
0.164418
0.164251
0.163969
0.163589
0.163127
0.162597
0.162011
0.161381
0.160714
0.160019
0.159301
0.158566
0.157817
0.157059
0.156292
0.15552
0.154743
0.153961
0.153175
0.152386
0.151592
0.150794
0.149991
0.149181
0.148365
0.147541
0.14671
0.145869
0.145018
0.144157
0.143284
0.1424
0.141504
0.140594
0.139671
0.138734
0.137784
0.136819
0.135839
0.134845
0.133836
0.132813
0.131774
0.130721
0.129654
0.128572
0.127476
0.126366
0.125242
0.124105
0.122955
0.121791
0.120615
0.119427
0.118227
0.117015
0.115792
0.114559
0.113314
0.11206
0.110796
0.109522
0.108239
0.106947
0.105647
0.104339
0.103023
0.101699
0.100368
0.0990303
0.0976859
0.0963352
0.0949784
0.0936157
0.0922475
0.0908739
0.0894952
0.0881115
0.0867232
0.0853304
0.0839333
0.0825321
0.081127
0.079718
0.0783055
0.0768895
0.0754702
0.0740478
0.0726223
0.0711939
0.0697628
0.0683289
0.0668926
0.0654537
0.0640126
0.0625692
0.0611236
0.0596759
0.0582263
0.0567748
0.0553214
0.0538663
0.0524096
0.0509512
0.0494912
0.0480298
0.0465669
0.0451027
0.0436371
0.0421703
0.0407022
0.039233
0.0377626
0.0362912
0.0348187
0.0333453
0.0318708
0.0303955
0.0289193
0.0274422
0.0259643
0.0244856
0.0230062
0.021526
0.0200452
0.0185637
0.0170815
0.0155988
0.0141155
0.0126316
0.0111472
0.00966235
0.008177
0.00669121
0.00520499
0.00371838
0.00223133
0.000744633
-0.0690478
-0.0699235
-0.0700637
-0.0700535
-0.0698876
-0.0695649
-0.0690723
-0.0683893
-0.0674976
-0.0663824
-0.0650315
-0.0634346
-0.0615831
-0.0594694
-0.0570864
-0.0544278
-0.0514877
-0.0482605
-0.0447411
-0.0409248
-0.0368079
-0.0323872
-0.0276611
-0.0226291
-0.0172928
-0.0116561
-0.00572537
0.000489439
0.00697495
0.0137137
0.020684
0.0278595
0.0352093
0.0426978
0.0502853
0.0579283
0.0655799
0.0731911
0.0807117
0.0880911
0.0952797
0.102231
0.1089
0.115248
0.12124
0.126848
0.132052
0.136835
0.141189
0.145112
0.14861
0.151691
0.154371
0.156668
0.158604
0.160203
0.161492
0.162498
0.163247
0.163766
0.164082
0.164218
0.164198
0.164044
0.163774
0.163407
0.162958
0.162441
0.161869
0.161251
0.160596
0.159913
0.159206
0.158482
0.157744
0.156995
0.156238
0.155473
0.154704
0.153929
0.15315
0.152366
0.151577
0.150783
0.149984
0.149178
0.148365
0.147544
0.146714
0.145875
0.145026
0.144165
0.143294
0.14241
0.141514
0.140605
0.139682
0.138745
0.137794
0.136829
0.135849
0.134855
0.133845
0.132821
0.131783
0.130729
0.129661
0.128579
0.127482
0.126372
0.125247
0.12411
0.122959
0.121795
0.120619
0.11943
0.118229
0.117017
0.115794
0.11456
0.113315
0.112061
0.110796
0.109522
0.108239
0.106947
0.105647
0.104338
0.103022
0.101698
0.100367
0.0990294
0.0976849
0.0963341
0.0949773
0.0936146
0.0922463
0.0908727
0.089494
0.0881103
0.086722
0.0853292
0.0839321
0.0825309
0.0811258
0.0797169
0.0783044
0.0768885
0.0754692
0.0740468
0.0726214
0.071193
0.0697619
0.0683281
0.0668917
0.0654529
0.0640118
0.0625684
0.0611229
0.0596753
0.0582257
0.0567742
0.0553209
0.0538658
0.052409
0.0509507
0.0494908
0.0480293
0.0465665
0.0451023
0.0436367
0.0421699
0.0407019
0.0392327
0.0377623
0.0362909
0.0348185
0.033345
0.0318706
0.0303953
0.028919
0.027442
0.0259641
0.0244854
0.023006
0.0215258
0.020045
0.0185635
0.0170814
0.0155987
0.0141154
0.0126315
0.0111471
0.00966224
0.0081769
0.00669111
0.0052049
0.00371828
0.00223128
0.000744384
-0.0691247
-0.0701059
-0.0702339
-0.0702157
-0.0700481
-0.0697294
-0.0692438
-0.0685686
-0.0676846
-0.0665767
-0.0652325
-0.0636423
-0.0617976
-0.0596909
-0.0573155
-0.0546652
-0.0517341
-0.0485167
-0.0450079
-0.0412031
-0.0370983
-0.0326902
-0.0279769
-0.0229579
-0.0176344
-0.0120098
-0.00609059
0.000113812
0.00659028
0.0133216
0.0202863
0.027458
0.034806
0.0422946
0.0498838
0.05753
0.065186
0.0728025
0.0803287
0.087714
0.0949084
0.101864
0.108538
0.114889
0.120884
0.126494
0.131698
0.136481
0.140834
0.144757
0.148254
0.151336
0.154016
0.156314
0.158253
0.159857
0.161151
0.162164
0.162921
0.16345
0.163777
0.163926
0.163919
0.163779
0.163525
0.163173
0.16274
0.162239
0.161683
0.161081
0.160442
0.159774
0.159082
0.158371
0.157646
0.15691
0.156164
0.155411
0.154651
0.153885
0.153114
0.152338
0.151556
0.150768
0.149974
0.149173
0.148364
0.147546
0.146719
0.145883
0.145036
0.144177
0.143307
0.142425
0.141529
0.14062
0.139698
0.138761
0.13781
0.136845
0.135864
0.134869
0.13386
0.132835
0.131796
0.130741
0.129673
0.12859
0.127492
0.126381
0.125256
0.124118
0.122966
0.121802
0.120625
0.119435
0.118234
0.117022
0.115798
0.114563
0.113318
0.112063
0.110798
0.109524
0.10824
0.106948
0.105648
0.104339
0.103022
0.101699
0.100367
0.0990295
0.0976849
0.096334
0.094977
0.0936142
0.0922458
0.0908722
0.0894934
0.0881097
0.0867214
0.0853286
0.0839314
0.0825302
0.0811251
0.0797162
0.0783037
0.0768878
0.0754685
0.0740461
0.0726207
0.0711923
0.0697612
0.0683275
0.0668911
0.0654524
0.0640113
0.0625679
0.0611224
0.0596748
0.0582252
0.0567738
0.0553205
0.0538654
0.0524087
0.0509503
0.0494904
0.048029
0.0465662
0.045102
0.0436365
0.0421697
0.0407017
0.0392325
0.0377622
0.0362908
0.0348183
0.0333449
0.0318705
0.0303951
0.0289189
0.0274419
0.025964
0.0244853
0.0230059
0.0215257
0.0200449
0.0185634
0.0170813
0.0155986
0.0141153
0.0126314
0.011147
0.00966217
0.00817682
0.00669103
0.00520482
0.00371819
0.00223126
0.00074398
-0.0693756
-0.070445
-0.0705542
-0.0705238
-0.0703497
-0.0700287
-0.0695427
-0.0688675
-0.0679837
-0.0668758
-0.0655319
-0.0639424
-0.062099
-0.0599945
-0.0576223
-0.0549763
-0.0520506
-0.0488396
-0.0453383
-0.0415418
-0.0374462
-0.0330476
-0.0283444
-0.0233354
-0.0180215
-0.012406
-0.00649501
-0.000297704
0.00617306
0.0129003
0.0198624
0.0270333
0.034382
0.0418727
0.0494652
0.0571154
0.0647758
0.0723967
0.079927
0.0873155
0.0945121
0.101469
0.108142
0.114491
0.120483
0.126088
0.131287
0.136064
0.140411
0.144328
0.14782
0.150897
0.153574
0.155872
0.157811
0.159417
0.160717
0.161737
0.162504
0.163045
0.163385
0.163549
0.163559
0.163437
0.163201
0.16287
0.162457
0.161977
0.161441
0.160859
0.16024
0.159591
0.158918
0.158225
0.157517
0.156797
0.156066
0.155327
0.15458
0.153826
0.153066
0.1523
0.151527
0.150747
0.14996
0.149165
0.148361
0.147549
0.146726
0.145893
0.145049
0.144193
0.143324
0.142443
0.141549
0.140641
0.139719
0.138782
0.137831
0.136866
0.135885
0.13489
0.133879
0.132854
0.131814
0.130759
0.129689
0.128605
0.127507
0.126395
0.125269
0.12413
0.122977
0.121812
0.120634
0.119444
0.118242
0.117029
0.115805
0.114569
0.113324
0.112068
0.110802
0.109528
0.108244
0.106951
0.10565
0.104341
0.103024
0.1017
0.100369
0.0990305
0.0976857
0.0963346
0.0949774
0.0936145
0.092246
0.0908722
0.0894934
0.0881096
0.0867212
0.0853283
0.0839311
0.0825299
0.0811247
0.0797158
0.0783033
0.0768873
0.0754681
0.0740457
0.0726202
0.0711919
0.0697608
0.068327
0.0668907
0.065452
0.0640109
0.0625675
0.061122
0.0596745
0.0582249
0.0567735
0.0553202
0.0538651
0.0524084
0.0509501
0.0494902
0.0480288
0.046566
0.0451018
0.0436363
0.0421695
0.0407015
0.0392324
0.0377621
0.0362907
0.0348182
0.0333448
0.0318704
0.0303951
0.0289189
0.0274418
0.0259639
0.0244853
0.0230058
0.0215257
0.0200449
0.0185634
0.0170813
0.0155985
0.0141152
0.0126314
0.011147
0.00966211
0.00817676
0.00669096
0.00520475
0.00371809
0.00223126
0.000743398
-0.069839
-0.0709669
-0.0710409
-0.0709851
-0.0707924
-0.0704574
-0.0699595
-0.0692735
-0.0683797
-0.0672628
-0.0659112
-0.0643153
-0.062467
-0.0603592
-0.0579853
-0.055339
-0.0524146
-0.0492063
-0.0457089
-0.0419174
-0.0378274
-0.0334349
-0.0287386
-0.023736
-0.0184283
-0.0128185
-0.00691233
-0.000718798
0.00574941
0.0124753
0.0194374
0.0266093
0.0339598
0.0414529
0.049048
0.0567005
0.0643626
0.0719841
0.0795136
0.0868996
0.0940916
0.101042
0.107706
0.114045
0.120024
0.125616
0.1308
0.135563
0.139896
0.143801
0.147281
0.150348
0.153018
0.155311
0.15725
0.158858
0.160163
0.161191
0.16197
0.162525
0.162882
0.163065
0.163097
0.162998
0.162787
0.16248
0.162093
0.161639
0.161129
0.160573
0.15998
0.159356
0.158706
0.158037
0.157351
0.156651
0.155939
0.155218
0.154487
0.153749
0.153003
0.152249
0.151488
0.150719
0.149941
0.149154
0.148357
0.147551
0.146733
0.145905
0.145064
0.144211
0.143346
0.142467
0.141574
0.140667
0.139745
0.138809
0.137858
0.136893
0.135912
0.134916
0.133905
0.132878
0.131837
0.130781
0.129711
0.128626
0.127526
0.126413
0.125286
0.124146
0.122992
0.121826
0.120647
0.119456
0.118253
0.117039
0.115814
0.114578
0.113331
0.112075
0.110809
0.109533
0.108249
0.106956
0.105654
0.104345
0.103027
0.101703
0.100371
0.0990325
0.0976874
0.096336
0.0949786
0.0936155
0.0922468
0.0908729
0.0894938
0.0881099
0.0867214
0.0853284
0.0839312
0.0825299
0.0811246
0.0797157
0.0783031
0.0768871
0.0754678
0.0740454
0.07262
0.0711916
0.0697605
0.0683268
0.0668905
0.0654517
0.0640106
0.0625673
0.0611218
0.0596742
0.0582247
0.0567733
0.05532
0.053865
0.0524083
0.05095
0.0494901
0.0480287
0.0465659
0.0451018
0.0436362
0.0421695
0.0407015
0.0392323
0.037762
0.0362906
0.0348182
0.0333448
0.0318704
0.0303951
0.0289189
0.0274418
0.0259639
0.0244853
0.0230058
0.0215257
0.0200449
0.0185634
0.0170812
0.0155985
0.0141152
0.0126313
0.0111469
0.00966205
0.0081767
0.00669089
0.00520468
0.00371797
0.00223128
0.000742633
-0.0705552
-0.0716943
-0.0717034
-0.071597
-0.071365
-0.0709981
-0.0704728
-0.0697625
-0.068847
-0.0677112
-0.0663433
-0.0647338
-0.0628743
-0.0607577
-0.0583772
-0.0557263
-0.0527991
-0.0495897
-0.0460925
-0.0423023
-0.0382145
-0.0338255
-0.0291313
-0.0241316
-0.0188265
-0.0132188
-0.00731404
-0.00112116
0.00534707
0.0120737
0.019037
0.0262103
0.0335622
0.0410561
0.048651
0.0563017
0.0639601
0.0715755
0.0790961
0.0864702
0.0936474
0.10058
0.107224
0.11354
0.119495
0.125062
0.130221
0.134958
0.139268
0.143151
0.146612
0.149664
0.152323
0.154608
0.156544
0.158154
0.159464
0.160503
0.161296
0.161869
0.162248
0.162456
0.162515
0.162445
0.162265
0.16199
0.161636
0.161215
0.160738
0.160215
0.159653
0.15906
0.15844
0.157799
0.15714
0.156466
0.155778
0.155079
0.15437
0.153651
0.152922
0.152184
0.151437
0.150681
0.149914
0.149138
0.14835
0.147551
0.146741
0.145918
0.145083
0.144234
0.143371
0.142495
0.141604
0.140698
0.139778
0.138843
0.137892
0.136926
0.135945
0.134948
0.133936
0.132909
0.131867
0.13081
0.129738
0.128652
0.127551
0.126436
0.125308
0.124166
0.123011
0.121844
0.120664
0.119471
0.118267
0.117052
0.115826
0.114589
0.113341
0.112084
0.110817
0.109541
0.108255
0.106962
0.105659
0.104349
0.103032
0.101707
0.100374
0.0990354
0.0976899
0.0963382
0.0949806
0.0936171
0.0922482
0.090874
0.0894948
0.0881108
0.0867221
0.085329
0.0839316
0.0825302
0.0811248
0.0797158
0.0783032
0.0768871
0.0754678
0.0740454
0.0726199
0.0711915
0.0697604
0.0683266
0.0668903
0.0654516
0.0640105
0.0625671
0.0611217
0.0596741
0.0582246
0.0567732
0.0553199
0.0538649
0.0524082
0.0509499
0.04949
0.0480287
0.0465659
0.0451017
0.0436362
0.0421695
0.0407015
0.0392323
0.037762
0.0362907
0.0348182
0.0333448
0.0318704
0.0303951
0.0289189
0.0274418
0.025964
0.0244853
0.0230059
0.0215257
0.0200449
0.0185634
0.0170812
0.0155985
0.0141152
0.0126313
0.0111469
0.00966201
0.00817664
0.00669081
0.0052046
0.00371784
0.00223132
0.000741699
-0.0715697
-0.0726451
-0.0725409
-0.0723446
-0.0720429
-0.0716205
-0.0710492
-0.0702998
-0.0693509
-0.0681867
-0.0667947
-0.065165
-0.0632889
-0.0611588
-0.0587674
-0.0561082
-0.0531746
-0.0499605
-0.0464601
-0.0426678
-0.0385786
-0.0341883
-0.0294935
-0.0244932
-0.0191873
-0.0135785
-0.00767221
-0.00147752
0.00499277
0.0117214
0.0186862
0.0258602
0.0332113
0.0407024
0.0482919
0.0559342
0.0635805
0.0711798
0.0786803
0.0860301
0.0931789
0.10008
0.106688
0.112967
0.118883
0.124411
0.129531
0.134231
0.138506
0.142358
0.145792
0.148822
0.151464
0.153739
0.15567
0.157281
0.1586
0.159651
0.160462
0.161059
0.161465
0.161704
0.161797
0.161764
0.161622
0.161388
0.161074
0.160694
0.160258
0.159775
0.159253
0.158697
0.158115
0.157508
0.156882
0.156239
0.155581
0.154909
0.154225
0.153529
0.152822
0.152104
0.151374
0.150633
0.149881
0.149117
0.14834
0.147551
0.146749
0.145933
0.145104
0.14426
0.143401
0.142528
0.14164
0.140736
0.139817
0.138883
0.137932
0.136966
0.135985
0.134987
0.133975
0.132946
0.131903
0.130844
0.129771
0.128683
0.127581
0.126465
0.125335
0.124191
0.123035
0.121866
0.120684
0.119491
0.118285
0.117068
0.115841
0.114603
0.113354
0.112096
0.110827
0.10955
0.108264
0.106969
0.105667
0.104356
0.103037
0.101712
0.100379
0.0990394
0.0976935
0.0963413
0.0949833
0.0936195
0.0922503
0.0908758
0.0894963
0.0881121
0.0867232
0.0853299
0.0839324
0.0825308
0.0811254
0.0797162
0.0783035
0.0768874
0.075468
0.0740455
0.07262
0.0711916
0.0697605
0.0683267
0.0668903
0.0654516
0.0640105
0.0625671
0.0611217
0.0596741
0.0582246
0.0567732
0.0553199
0.0538649
0.0524082
0.0509499
0.0494901
0.0480287
0.046566
0.0451018
0.0436363
0.0421696
0.0407016
0.0392324
0.0377621
0.0362907
0.0348183
0.0333449
0.0318705
0.0303952
0.028919
0.0274419
0.025964
0.0244854
0.023006
0.0215258
0.020045
0.0185634
0.0170813
0.0155985
0.0141152
0.0126313
0.0111469
0.00966197
0.00817658
0.00669074
0.00520452
0.00371769
0.00223138
0.000740626
-0.0729405
-0.0738306
-0.07354
-0.0731976
-0.0727867
-0.0722813
-0.0716445
-0.0708421
-0.0698497
-0.0686493
-0.0672275
-0.065573
-0.0636765
-0.0615296
-0.0591244
-0.0564539
-0.0535111
-0.0502893
-0.0467828
-0.0429853
-0.0388914
-0.0344968
-0.0297982
-0.0247937
-0.0194836
-0.0138704
-0.00795993
-0.00176125
0.00471235
0.0114431
0.0184084
0.0255805
0.0329267
0.0404091
0.0479855
0.0556098
0.0632327
0.0708032
0.0782691
0.0855789
0.092683
0.0995344
0.106091
0.112315
0.118175
0.123647
0.128714
0.133363
0.137591
0.141401
0.1448
0.147801
0.150422
0.152684
0.154609
0.156223
0.157551
0.15862
0.159454
0.16008
0.160521
0.160798
0.160934
0.160946
0.160851
0.160665
0.160401
0.16007
0.159683
0.159249
0.158774
0.158264
0.157725
0.157161
0.156575
0.155969
0.155346
0.154706
0.154052
0.153384
0.152702
0.152007
0.151298
0.150576
0.14984
0.149091
0.148328
0.14755
0.146757
0.14595
0.145128
0.14429
0.143437
0.142567
0.141682
0.140781
0.139863
0.13893
0.13798
0.137014
0.136032
0.135034
0.13402
0.13299
0.131946
0.130886
0.129811
0.128721
0.127617
0.126499
0.125367
0.124222
0.123063
0.121892
0.120709
0.119514
0.118307
0.117088
0.115859
0.114619
0.113369
0.11211
0.11084
0.109562
0.108275
0.106979
0.105675
0.104364
0.103045
0.101718
0.100385
0.0990446
0.0976981
0.0963454
0.0949869
0.0936227
0.0922531
0.0908783
0.0894985
0.088114
0.0867248
0.0853313
0.0839336
0.0825319
0.0811263
0.079717
0.0783042
0.076888
0.0754685
0.0740459
0.0726204
0.0711919
0.0697607
0.0683269
0.0668905
0.0654518
0.0640106
0.0625673
0.0611218
0.0596743
0.0582247
0.0567733
0.0553201
0.0538651
0.0524084
0.0509501
0.0494902
0.0480289
0.0465661
0.045102
0.0436365
0.0421697
0.0407018
0.0392326
0.0377623
0.0362909
0.0348185
0.0333451
0.0318707
0.0303954
0.0289192
0.0274421
0.0259642
0.0244855
0.0230061
0.0215259
0.0200451
0.0185635
0.0170814
0.0155986
0.0141152
0.0126313
0.0111469
0.00966195
0.00817654
0.00669067
0.00520445
0.00371754
0.00223146
0.000739465
-0.0747485
-0.0752537
-0.074671
-0.0741094
-0.0735431
-0.0729262
-0.0722067
-0.0713407
-0.0702981
-0.0690576
-0.0676031
-0.0659219
-0.0640034
-0.0618382
-0.0594179
-0.0567346
-0.0537809
-0.05055
-0.0470345
-0.0432289
-0.0391273
-0.0347251
-0.0300189
-0.0250068
-0.0196892
-0.0140689
-0.00815194
-0.00194795
0.0045292
0.011261
0.0182241
0.02539
0.0327249
0.0401903
0.0477434
0.0553374
0.0629229
0.0704485
0.0778626
0.0851141
0.0921541
0.0989368
0.105421
0.111571
0.117357
0.122756
0.127753
0.132337
0.136506
0.140264
0.143619
0.146586
0.149182
0.151429
0.153348
0.154966
0.156307
0.157397
0.158261
0.158923
0.159406
0.159731
0.159918
0.159984
0.159946
0.159818
0.159613
0.159341
0.159012
0.158635
0.158215
0.157759
0.157272
0.156756
0.156216
0.155654
0.155071
0.15447
0.153851
0.153215
0.152562
0.151894
0.151209
0.150509
0.149793
0.14906
0.148312
0.147548
0.146767
0.145969
0.145155
0.144325
0.143477
0.142612
0.141731
0.140832
0.139916
0.138984
0.138035
0.137069
0.136086
0.135088
0.134073
0.133042
0.131995
0.130933
0.129857
0.128765
0.127659
0.126538
0.125404
0.124257
0.123097
0.121924
0.120738
0.119541
0.118332
0.117112
0.115881
0.114639
0.113388
0.112127
0.110856
0.109576
0.108288
0.106991
0.105686
0.104373
0.103053
0.101726
0.100392
0.099051
0.0977039
0.0963506
0.0949916
0.0936269
0.0922568
0.0908816
0.0895014
0.0881166
0.0867271
0.0853334
0.0839354
0.0825335
0.0811277
0.0797183
0.0783053
0.076889
0.0754694
0.0740467
0.072621
0.0711925
0.0697613
0.0683274
0.066891
0.0654522
0.064011
0.0625677
0.0611222
0.0596746
0.0582251
0.0567736
0.0553204
0.0538654
0.0524087
0.0509504
0.0494905
0.0480292
0.0465664
0.0451023
0.0436368
0.04217
0.0407021
0.0392329
0.0377626
0.0362912
0.0348188
0.0333454
0.031871
0.0303957
0.0289194
0.0274424
0.0259645
0.0244858
0.0230063
0.0215261
0.0200453
0.0185637
0.0170815
0.0155987
0.0141153
0.0126314
0.0111469
0.00966196
0.00817652
0.00669062
0.00520439
0.0037174
0.00223156
0.000738282
-0.0771149
-0.0769053
-0.0758837
-0.0750162
-0.0742463
-0.0734933
-0.0726795
-0.0717454
-0.0706516
-0.0693715
-0.0678857
-0.0661794
-0.06424
-0.0620573
-0.0596217
-0.0569252
-0.0539595
-0.050717
-0.0471907
-0.0433742
-0.0392617
-0.0348485
-0.0301312
-0.0251082
-0.0197802
-0.0141503
-0.00822535
-0.00201563
0.00446412
0.0111945
0.018151
0.025304
0.0326191
0.0400569
0.0475737
0.0551225
0.0626536
0.070116
0.0774584
0.0846307
0.0915851
0.0982775
0.104668
0.110724
0.116416
0.121725
0.126635
0.13114
0.135238
0.138934
0.142238
0.145165
0.147734
0.149964
0.151879
0.153504
0.154863
0.155981
0.156881
0.157587
0.15812
0.158501
0.158749
0.158879
0.158907
0.158847
0.15871
0.158507
0.158246
0.157934
0.157578
0.157184
0.156755
0.156296
0.155809
0.155296
0.15476
0.154202
0.153622
0.153023
0.152404
0.151766
0.151108
0.150433
0.149739
0.149026
0.148295
0.147545
0.146778
0.145991
0.145187
0.144364
0.143523
0.142663
0.141786
0.14089
0.139977
0.139046
0.138097
0.137132
0.136149
0.135149
0.134133
0.1331
0.132052
0.130988
0.129909
0.128815
0.127707
0.126584
0.125448
0.124298
0.123135
0.12196
0.120772
0.119572
0.118361
0.117139
0.115906
0.114663
0.11341
0.112147
0.110874
0.109593
0.108303
0.107005
0.105699
0.104385
0.103064
0.101736
0.100401
0.099059
0.0977111
0.0963571
0.0949974
0.0936321
0.0922615
0.0908858
0.0895052
0.08812
0.0867302
0.0853361
0.0839379
0.0825357
0.0811297
0.07972
0.0783069
0.0768904
0.0754707
0.0740479
0.0726221
0.0711935
0.0697622
0.0683283
0.0668918
0.0654529
0.0640117
0.0625683
0.0611228
0.0596752
0.0582256
0.0567742
0.0553209
0.0538659
0.0524092
0.0509509
0.0494911
0.0480297
0.0465669
0.0451028
0.0436373
0.0421705
0.0407025
0.0392334
0.0377631
0.0362917
0.0348192
0.0333458
0.0318714
0.0303961
0.0289198
0.0274427
0.0259648
0.0244861
0.0230066
0.0215264
0.0200455
0.018564
0.0170817
0.0155989
0.0141155
0.0126315
0.011147
0.00966202
0.00817655
0.00669061
0.00520436
0.00371729
0.00223168
0.000737151
-0.0802252
-0.0787572
-0.0771043
-0.0758382
-0.0748222
-0.0739183
-0.0730087
-0.0720107
-0.0708717
-0.0695579
-0.0680459
-0.0663184
-0.0643612
-0.062163
-0.0597136
-0.0570038
-0.054025
-0.0507693
-0.0472295
-0.043399
-0.0392722
-0.0348445
-0.0301126
-0.0250754
-0.0197342
-0.014093
-0.00815919
-0.00194436
0.00453567
0.0112603
0.0182038
0.0253356
0.0326199
0.0400167
0.0474817
0.0549677
0.062425
0.0698032
0.077052
0.0841224
0.0909684
0.0975478
0.103823
0.109763
0.115343
0.120543
0.125352
0.129764
0.133779
0.137405
0.140653
0.143536
0.146075
0.14829
0.150204
0.151839
0.153221
0.154373
0.155317
0.156075
0.156668
0.157115
0.157433
0.157637
0.157742
0.15776
0.157701
0.157575
0.15739
0.157152
0.156869
0.156544
0.156181
0.155784
0.155356
0.154899
0.154415
0.153905
0.15337
0.152811
0.152229
0.151624
0.150998
0.150349
0.14968
0.148989
0.148277
0.147544
0.146791
0.146017
0.145223
0.144409
0.143575
0.142721
0.141848
0.140956
0.140045
0.139116
0.138168
0.137202
0.136219
0.135218
0.134201
0.133167
0.132116
0.13105
0.129969
0.128872
0.127761
0.126636
0.125497
0.124344
0.123179
0.122001
0.12081
0.119608
0.118395
0.11717
0.115935
0.11469
0.113435
0.11217
0.110896
0.109613
0.108321
0.107022
0.105714
0.104399
0.103077
0.101747
0.100411
0.0990685
0.0977197
0.096365
0.0950045
0.0936386
0.0922674
0.0908911
0.08951
0.0881243
0.0867341
0.0853397
0.0839411
0.0825386
0.0811324
0.0797225
0.0783091
0.0768924
0.0754726
0.0740496
0.0726237
0.071195
0.0697636
0.0683295
0.066893
0.0654541
0.0640128
0.0625694
0.0611238
0.0596761
0.0582266
0.0567751
0.0553218
0.0538667
0.05241
0.0509517
0.0494918
0.0480305
0.0465677
0.0451035
0.043638
0.0421712
0.0407032
0.039234
0.0377637
0.0362923
0.0348199
0.0333464
0.031872
0.0303966
0.0289204
0.0274433
0.0259653
0.0244866
0.0230071
0.0215269
0.0200459
0.0185643
0.0170821
0.0155992
0.0141158
0.0126317
0.0111472
0.00966216
0.00817664
0.00669066
0.00520438
0.00371722
0.00223181
0.000736152
-0.0843476
-0.0807391
-0.0782348
-0.0764863
-0.0751966
-0.0741427
-0.073149
-0.0721004
-0.0709283
-0.0695911
-0.0680613
-0.066319
-0.0643488
-0.062138
-0.0596757
-0.0569522
-0.0539588
-0.0506876
-0.0471312
-0.0432833
-0.0391382
-0.0346919
-0.0299417
-0.0248871
-0.0195303
-0.0138764
-0.00793404
-0.00171605
0.00476031
0.011473
0.018395
0.0254945
0.0327346
0.0400746
0.0474699
0.054873
0.0622351
0.0695063
0.0766378
0.0835825
0.0902965
0.0967399
0.102878
0.108683
0.11413
0.119206
0.123899
0.128206
0.132131
0.13568
0.138866
0.141705
0.144214
0.146416
0.148331
0.149983
0.151394
0.152587
0.153583
0.154403
0.155065
0.155587
0.155984
0.156272
0.156462
0.156567
0.156595
0.156555
0.156454
0.156299
0.156095
0.155846
0.155556
0.155228
0.154865
0.154469
0.154041
0.153583
0.153096
0.152582
0.15204
0.151473
0.150879
0.150261
0.149617
0.14895
0.148259
0.147544
0.146806
0.146046
0.145263
0.144459
0.143633
0.142786
0.141918
0.141029
0.140121
0.139193
0.138246
0.137281
0.136297
0.135295
0.134276
0.13324
0.132187
0.131119
0.130035
0.128936
0.127822
0.126693
0.125551
0.124396
0.123228
0.122047
0.120854
0.119649
0.118433
0.117206
0.115968
0.11472
0.113463
0.112196
0.11092
0.109635
0.108342
0.107041
0.105732
0.104415
0.103091
0.101761
0.100423
0.0990797
0.09773
0.0963743
0.0950131
0.0936464
0.0922745
0.0908976
0.089516
0.0881297
0.0867391
0.0853442
0.0839452
0.0825424
0.0811358
0.0797257
0.0783121
0.0768952
0.0754751
0.074052
0.0726259
0.071197
0.0697655
0.0683313
0.0668947
0.0654557
0.0640143
0.0625708
0.0611252
0.0596775
0.0582278
0.0567763
0.055323
0.0538679
0.0524112
0.0509528
0.0494929
0.0480315
0.0465687
0.0451045
0.043639
0.0421722
0.0407041
0.0392349
0.0377646
0.0362932
0.0348207
0.0333472
0.0318728
0.0303974
0.0289211
0.027444
0.025966
0.0244872
0.0230077
0.0215274
0.0200465
0.0185648
0.0170825
0.0155996
0.0141161
0.0126321
0.0111475
0.00966238
0.00817682
0.00669078
0.00520446
0.00371722
0.00223195
0.000735367
-0.0898351
-0.0826964
-0.0791494
-0.0768739
-0.075306
-0.0741219
-0.0730705
-0.0719933
-0.070805
-0.0694576
-0.0679201
-0.06617
-0.0641906
-0.0619688
-0.0594933
-0.0567547
-0.0537443
-0.050454
-0.046877
-0.043007
-0.0388392
-0.0343699
-0.0295974
-0.0245225
-0.0191483
-0.0134814
-0.00753199
-0.00131447
0.00515228
0.0118447
0.0187342
0.0257878
0.0329679
0.0402328
0.047538
0.0548365
0.06208
0.0692203
0.0762103
0.0830051
0.0895636
0.0958488
0.101829
0.107479
0.112779
0.117715
0.122281
0.126475
0.130302
0.13377
0.136892
0.139686
0.142168
0.144359
0.146281
0.147955
0.149403
0.150645
0.151701
0.15259
0.15333
0.153936
0.154422
0.154802
0.155087
0.155286
0.155408
0.155462
0.155453
0.155387
0.155268
0.155101
0.15489
0.154636
0.154342
0.154011
0.153644
0.153242
0.152807
0.15234
0.151842
0.151314
0.150755
0.150169
0.149554
0.148912
0.148242
0.147547
0.146826
0.14608
0.145309
0.144515
0.143697
0.142857
0.141994
0.14111
0.140204
0.139278
0.138332
0.137366
0.136382
0.135379
0.134358
0.13332
0.132265
0.131194
0.130107
0.129005
0.127888
0.126757
0.125612
0.124453
0.123281
0.122097
0.120901
0.119693
0.118475
0.117245
0.116005
0.114754
0.113494
0.112225
0.110947
0.10966
0.108365
0.107062
0.105751
0.104433
0.103108
0.101776
0.100438
0.0990927
0.0977419
0.0963853
0.0950231
0.0936556
0.0922829
0.0909054
0.0895231
0.0881363
0.0867451
0.0853497
0.0839503
0.0825471
0.0811402
0.0797297
0.0783158
0.0768986
0.0754783
0.074055
0.0726287
0.0711997
0.069768
0.0683337
0.0668969
0.0654578
0.0640164
0.0625728
0.061127
0.0596793
0.0582296
0.056778
0.0553246
0.0538695
0.0524127
0.0509543
0.0494943
0.0480329
0.04657
0.0451058
0.0436402
0.0421734
0.0407054
0.0392361
0.0377658
0.0362943
0.0348218
0.0333483
0.0318738
0.0303984
0.0289221
0.0274449
0.0259669
0.0244881
0.0230085
0.0215282
0.0200472
0.0185655
0.0170832
0.0156002
0.0141166
0.0126325
0.0111479
0.00966271
0.00817709
0.00669099
0.00520461
0.00371729
0.0022321
0.000734866
-0.0973185
-0.0844128
-0.079625
-0.0769519
-0.0751245
-0.0738398
-0.0727684
-0.0716891
-0.070502
-0.0691568
-0.0676191
-0.065865
-0.0638776
-0.0616442
-0.0591537
-0.0563967
-0.0533648
-0.0500506
-0.0464474
-0.04255
-0.0383541
-0.0338572
-0.029059
-0.0239612
-0.0185689
-0.0128902
-0.00693718
-0.000725926
0.00572289
0.012384
0.0192276
0.0262193
0.0333208
0.0404903
0.0476834
0.0548538
0.0619547
0.0689398
0.0757642
0.0823859
0.0887668
0.0948733
0.100677
0.106156
0.111294
0.11608
0.12051
0.124584
0.128309
0.131695
0.134755
0.137505
0.139963
0.142149
0.144084
0.145787
0.147278
0.148577
0.149701
0.150668
0.151494
0.152191
0.152774
0.153253
0.153638
0.153939
0.154163
0.154316
0.154404
0.154432
0.154404
0.154324
0.154195
0.154019
0.153798
0.153535
0.153232
0.152889
0.152508
0.152091
0.151638
0.151151
0.15063
0.150076
0.149491
0.148875
0.148229
0.147554
0.14685
0.146119
0.145361
0.144577
0.143768
0.142934
0.142077
0.141197
0.140294
0.13937
0.138425
0.137459
0.136474
0.13547
0.134447
0.133407
0.13235
0.131276
0.130186
0.12908
0.12796
0.126825
0.125677
0.124515
0.12334
0.122152
0.120953
0.119742
0.11852
0.117288
0.116045
0.114792
0.113529
0.112258
0.110977
0.109688
0.108391
0.107086
0.105773
0.104454
0.103127
0.101793
0.100454
0.0991075
0.0977555
0.0963978
0.0950347
0.0936662
0.0922928
0.0909144
0.0895315
0.088144
0.0867522
0.0853563
0.0839565
0.0825528
0.0811455
0.0797346
0.0783204
0.0769029
0.0754824
0.0740588
0.0726323
0.0712031
0.0697712
0.0683367
0.0668998
0.0654605
0.064019
0.0625753
0.0611294
0.0596816
0.0582318
0.0567801
0.0553267
0.0538715
0.0524146
0.0509562
0.0494962
0.0480347
0.0465718
0.0451075
0.0436419
0.042175
0.0407069
0.0392376
0.0377672
0.0362957
0.0348231
0.0333496
0.0318751
0.0303996
0.0289232
0.027446
0.025968
0.0244891
0.0230095
0.0215291
0.0200481
0.0185663
0.0170839
0.0156009
0.0141173
0.0126331
0.0111484
0.00966317
0.00817747
0.0066913
0.00520485
0.00371745
0.00223224
0.000734708
-0.108071
-0.0858303
-0.0793978
-0.0767275
-0.0746984
-0.0733246
-0.0722678
-0.0712095
-0.0700334
-0.0686942
-0.067158
-0.0653995
-0.0634021
-0.0611534
-0.058643
-0.0558619
-0.0528023
-0.0494575
-0.0458218
-0.0418908
-0.0376616
-0.033133
-0.0283061
-0.0231847
-0.0177753
-0.0120882
-0.00613725
5.93339e-05
0.00647913
0.0130953
0.0198766
0.026788
0.0337905
0.0408426
0.0479004
0.054919
0.0618533
0.0686595
0.0752956
0.0817228
0.0879066
0.0938169
0.0994293
0.104725
0.10969
0.114319
0.118607
0.122559
0.126182
0.129487
0.132486
0.135197
0.137637
0.139824
0.141778
0.143517
0.145059
0.146422
0.147621
0.148673
0.14959
0.150386
0.15107
0.151654
0.152146
0.152553
0.152882
0.153138
0.153327
0.153453
0.153519
0.153528
0.153484
0.153388
0.153243
0.153051
0.152813
0.152531
0.152206
0.151839
0.151433
0.150988
0.150505
0.149985
0.149431
0.148841
0.148219
0.147564
0.146879
0.146163
0.145418
0.144645
0.143845
0.143018
0.142166
0.14129
0.14039
0.139468
0.138523
0.137558
0.136572
0.135566
0.134542
0.133499
0.132439
0.131362
0.130269
0.129161
0.128037
0.126898
0.125746
0.124581
0.123402
0.122212
0.121009
0.119795
0.118569
0.117334
0.116088
0.114832
0.113567
0.112293
0.11101
0.109718
0.108419
0.107112
0.105798
0.104476
0.103148
0.101813
0.100471
0.099124
0.0977708
0.0964119
0.0950477
0.0936783
0.092304
0.0909248
0.0895411
0.0881529
0.0867605
0.085364
0.0839636
0.0825595
0.0811517
0.0797405
0.0783259
0.0769081
0.0754872
0.0740633
0.0726366
0.0712071
0.069775
0.0683404
0.0669033
0.0654639
0.0640222
0.0625783
0.0611324
0.0596844
0.0582345
0.0567827
0.0553292
0.0538739
0.052417
0.0509584
0.0494984
0.0480368
0.0465738
0.0451095
0.0436438
0.0421769
0.0407087
0.0392394
0.0377689
0.0362974
0.0348248
0.0333512
0.0318766
0.0304011
0.0289247
0.0274474
0.0259693
0.0244904
0.0230107
0.0215303
0.0200492
0.0185674
0.0170849
0.0156018
0.0141181
0.0126339
0.0111491
0.00966375
0.00817797
0.00669171
0.00520519
0.00371771
0.00223239
0.000734931
-0.121198
-0.0866748
-0.0783733
-0.0762249
-0.0741372
-0.0726569
-0.0716136
-0.070582
-0.0694143
-0.0680762
-0.0665363
-0.0647678
-0.0627538
-0.0604826
-0.0579445
-0.0551314
-0.0520364
-0.0486536
-0.0449786
-0.0410083
-0.0367413
-0.0321782
-0.0273218
-0.0221778
-0.016755
-0.0110656
-0.00512558
0.00104491
0.0074217
0.0139765
0.0206771
0.0274876
0.0343693
0.0412811
0.0481803
0.0550238
0.0617689
0.0683746
0.0748023
0.0810169
0.0869876
0.0926883
0.0980982
0.103202
0.10799
0.112457
0.116603
0.120434
0.123957
0.127184
0.130129
0.132807
0.135234
0.137429
0.139409
0.141191
0.14279
0.144223
0.145503
0.146644
0.147658
0.148556
0.149347
0.150039
0.150639
0.151155
0.151592
0.151954
0.152245
0.15247
0.152631
0.152731
0.152773
0.152758
0.152689
0.152568
0.152396
0.152175
0.151906
0.151591
0.151232
0.150829
0.150384
0.149899
0.149375
0.148813
0.148214
0.147581
0.146913
0.146212
0.14548
0.144718
0.143927
0.143107
0.142261
0.141389
0.140492
0.139571
0.138627
0.137662
0.136675
0.135668
0.134641
0.133596
0.132534
0.131454
0.130357
0.129245
0.128117
0.126976
0.12582
0.12465
0.123468
0.122274
0.121068
0.11985
0.118622
0.117383
0.116134
0.114875
0.113607
0.11233
0.111045
0.109751
0.108449
0.10714
0.105824
0.1045
0.10317
0.101834
0.100491
0.0991421
0.0977875
0.0964275
0.0950622
0.0936917
0.0923164
0.0909364
0.0895518
0.0881629
0.0867699
0.0853728
0.0839718
0.0825671
0.0811589
0.0797472
0.0783322
0.076914
0.0754928
0.0740686
0.0726416
0.0712119
0.0697796
0.0683447
0.0669074
0.0654678
0.0640259
0.0625819
0.0611358
0.0596877
0.0582377
0.0567858
0.0553322
0.0538768
0.0524198
0.0509611
0.049501
0.0480394
0.0465763
0.0451119
0.0436461
0.0421791
0.0407109
0.0392415
0.037771
0.0362994
0.0348267
0.033353
0.0318784
0.0304028
0.0289263
0.027449
0.0259708
0.0244919
0.0230121
0.0215316
0.0200504
0.0185686
0.017086
0.0156029
0.0141191
0.0126347
0.0111499
0.00966447
0.0081786
0.00669225
0.00520561
0.00371807
0.00223252
0.000735552
)
;

boundaryField
{
    inlet
    {
        type            zeroGradient;
    }
    outlet
    {
        type            fixedValue;
        value           uniform 0;
    }
    walls
    {
        type            zeroGradient;
    }
    frontAndBack
    {
        type            empty;
    }
}


// ************************************************************************* //
