/*--------------------------------*- C++ -*----------------------------------*\
  =========                 |
  \\      /  F ield         | OpenFOAM: The Open Source CFD Toolbox
   \\    /   O peration     | Website:  https://openfoam.org
    \\  /    A nd           | Version:  11
     \\/     M anipulation  |
\*---------------------------------------------------------------------------*/
FoamFile
{
    format      ascii;
    class       volScalarField;
    location    "15";
    object      p;
}
// * * * * * * * * * * * * * * * * * * * * * * * * * * * * * * * * * * * * * //

dimensions      [0 2 -2 0 0 0 0];

internalField   nonuniform List<scalar> 
8400
(
0.170994
0.157902
0.144567
0.132506
0.120612
0.108499
0.096227
0.0838434
0.0713239
0.0586283
0.0457164
0.0325402
0.0190352
0.00511527
-0.00933684
-0.024487
-0.0405833
-0.0580567
-0.0780025
-0.105935
0.171601
0.157802
0.144297
0.13245
0.120612
0.108459
0.0961662
0.0837759
0.0712457
0.0585332
0.0456001
0.0323976
0.0188592
0.00489601
-0.00961227
-0.0248358
-0.0410235
-0.0585818
-0.0778703
-0.0992974
0.172166
0.157797
0.144061
0.132398
0.120655
0.108475
0.0961607
0.0837748
0.0712513
0.0585419
0.0456126
0.0324171
0.0188902
0.00494643
-0.00952619
-0.0246768
-0.0406918
-0.0577769
-0.0756554
-0.0927235
0.172634
0.157921
0.143888
0.132346
0.12074
0.10856
0.0962277
0.0838579
0.071363
0.0586831
0.04579
0.0326442
0.0191863
0.00534075
-0.00898357
-0.0238912
-0.0394669
-0.0556755
-0.0718482
-0.0859815
0.17305
0.158153
0.143813
0.132319
0.120864
0.108716
0.0963767
0.0840351
0.0715917
0.0589708
0.0461499
0.0331003
0.0197726
0.0061071
-0.00795806
-0.0224715
-0.0374137
-0.0525643
-0.0670773
-0.0790292
0.17344
0.158453
0.143848
0.13235
0.121034
0.108944
0.0966158
0.0843167
0.0719475
0.0594164
0.0467057
0.0338002
0.0206644
0.00725762
-0.00644901
-0.0204489
-0.034637
-0.04868
-0.0617061
-0.0720591
0.173818
0.15879
0.143983
0.132457
0.121257
0.109241
0.0969447
0.0847033
0.0724289
0.0600164
0.0474518
0.0347347
0.0218456
0.0087643
-0.00450659
-0.0179138
-0.0312934
-0.0442618
-0.0560115
-0.0652091
0.174187
0.159143
0.144197
0.132641
0.121536
0.1096
0.097353
0.0851846
0.0730221
0.0607519
0.0483633
0.0358707
0.0232711
0.0105636
-0.00222213
-0.0149984
-0.0275686
-0.0395453
-0.0502281
-0.0585868
0.174544
0.159494
0.144466
0.132895
0.121863
0.110006
0.0978231
0.0857413
0.073703
0.0615915
0.0494004
0.0371572
0.0248742
0.0125678
0.000288339
-0.0118548
-0.0236543
-0.0347481
-0.0445549
-0.0523
0.174879
0.159827
0.144768
0.133202
0.122228
0.110441
0.0983319
0.0863468
0.0744396
0.062495
0.0505125
0.0385308
0.0265751
0.0146756
0.00289708
-0.00864058
-0.019735
-0.0300654
-0.0391641
-0.0464596
0.175181
0.160129
0.145084
0.133546
0.122614
0.110885
0.0988535
0.0869707
0.075195
0.0634169
0.0516434
0.0399219
0.0282876
0.016781
0.00547564
-0.00550691
-0.0159791
-0.0256672
-0.0342036
-0.0411723
0.175435
0.160385
0.145399
0.13391
0.123001
0.111314
0.0993614
0.0875814
0.0759308
0.0643105
0.052736
0.0412609
0.0299271
0.0187824
0.00790419
-0.00258999
-0.0125325
-0.021696
-0.0297961
-0.0365326
0.175626
0.160582
0.145702
0.134279
0.12337
0.111707
0.0998308
0.0881484
0.0766104
0.0651317
0.0537373
0.0424838
0.031417
0.0205895
0.0100792
-3.819e-06
-0.00951325
-0.0182631
-0.0260355
-0.0326141
0.175739
0.160712
0.14599
0.134638
0.123698
0.112045
0.10024
0.0886454
0.0772018
0.065843
0.0546024
0.0435369
0.0326943
0.0221298
0.0119199
0.00216558
-0.00700662
-0.0154453
-0.0229834
-0.0294632
0.175759
0.160772
0.146267
0.134975
0.123967
0.112312
0.100575
0.0890517
0.0776807
0.0664165
0.0552986
0.0443818
0.0337147
0.0233538
0.013373
0.00386465
-0.00506169
-0.0132816
-0.0206644
-0.0270923
0.175669
0.160773
0.146542
0.135274
0.124162
0.112501
0.100825
0.0893547
0.0780331
0.0668368
0.0558081
0.0449984
0.0344562
0.0242387
0.014417
0.00507593
-0.00368794
-0.0117695
-0.0190628
-0.0254751
0.175457
0.160745
0.146824
0.135515
0.124274
0.112614
0.100989
0.0895517
0.0782578
0.0671038
0.0561316
0.0453886
0.0349233
0.0247929
0.0150661
0.00582226
-0.00285098
-0.0108609
-0.0181167
-0.0245396
0.175102
0.160735
0.147108
0.135677
0.124307
0.112661
0.101075
0.0896505
0.0783661
0.067232
0.0562867
0.0455745
0.035144
0.0250523
0.0153662
0.00616141
-0.00247928
-0.0104699
-0.0177271
-0.0241786
0.174578
0.16078
0.147382
0.135752
0.124279
0.112658
0.101092
0.0896625
0.0783728
0.0672384
0.0562938
0.0455813
0.0351495
0.0250549
0.0153632
0.00614839
-0.00250869
-0.0105243
-0.017817
-0.0243155
0.173968
0.160867
0.147602
0.135759
0.124217
0.112618
0.101054
0.0896085
0.0783025
0.067152
0.056188
0.0454517
0.0349911
0.0248623
0.01513
0.00586805
-0.00284285
-0.0109181
-0.0182745
-0.0248376
-0.112771
-0.0859991
-0.0772717
-0.0754944
-0.0735197
-0.071926
-0.0708496
-0.0698258
-0.0686539
-0.0673026
-0.0657466
-0.0639572
-0.0619162
-0.0596126
-0.0570376
-0.0541838
-0.0510453
-0.0476177
-0.0438977
-0.0398841
-0.035577
-0.030979
-0.026095
-0.0209328
-0.0155034
-0.00982114
-0.00390407
0.00222588
0.00854297
0.0150177
0.0216172
0.0283055
0.0350441
0.0417931
0.0485116
0.0551586
0.0616945
0.0680815
0.0742847
0.0802729
0.0860193
0.0915018
0.0967033
0.101612
0.106221
0.110528
0.114536
0.11825
0.121679
0.124835
0.127731
0.130383
0.132806
0.135016
0.137028
0.138858
0.14052
0.142027
0.143392
0.144627
0.14574
0.146742
0.14764
0.148441
0.149151
0.149776
0.15032
0.150787
0.15118
0.151503
0.151759
0.151948
0.152075
0.152141
0.152147
0.152096
0.15199
0.151829
0.151616
0.151352
0.151039
0.150678
0.150271
0.14982
0.149326
0.148791
0.148216
0.147602
0.146952
0.146267
0.145548
0.144796
0.144014
0.143201
0.14236
0.141492
0.140598
0.139678
0.138735
0.137769
0.136782
0.135773
0.134744
0.133697
0.132631
0.131548
0.130448
0.129332
0.128201
0.127056
0.125896
0.124723
0.123537
0.122339
0.121129
0.119908
0.118676
0.117434
0.116182
0.11492
0.113649
0.11237
0.111082
0.109786
0.108482
0.107171
0.105852
0.104527
0.103195
0.101856
0.100512
0.0991619
0.097806
0.0964447
0.0950782
0.0937067
0.0923304
0.0909495
0.0895641
0.0881744
0.0867806
0.0853828
0.0839812
0.082576
0.0811672
0.079755
0.0783396
0.076921
0.0754994
0.0740749
0.0726476
0.0712175
0.0697849
0.0683498
0.0669123
0.0654724
0.0640304
0.0625861
0.0611398
0.0596916
0.0582414
0.0567893
0.0553355
0.05388
0.0524229
0.0509641
0.0495038
0.0480421
0.0465789
0.0451144
0.0436486
0.0421815
0.0407132
0.0392437
0.0377731
0.0363015
0.0348287
0.033355
0.0318803
0.0304046
0.0289281
0.0274507
0.0259725
0.0244934
0.0230136
0.0215331
0.0200518
0.0185698
0.0170872
0.015604
0.0141202
0.0126357
0.0111508
0.00966528
0.00817931
0.00669286
0.00520611
0.00371851
0.00223265
0.000736556
-0.10388
-0.0854138
-0.0766331
-0.0746685
-0.0728521
-0.0711648
-0.0699911
-0.0689354
-0.0677393
-0.066357
-0.0647689
-0.0629456
-0.0608668
-0.058521
-0.0559005
-0.0529987
-0.0498108
-0.0463337
-0.042566
-0.0385079
-0.0341617
-0.0295321
-0.0246262
-0.0194538
-0.0140283
-0.00836599
-0.00248692
0.00358541
0.009824
0.0161986
0.0226759
0.0292205
0.0357947
0.0423603
0.0488784
0.055311
0.0616216
0.0677761
0.0737437
0.0794971
0.0850137
0.0902751
0.095268
0.0999836
0.104418
0.108571
0.112446
0.116051
0.119394
0.122488
0.125345
0.127979
0.130404
0.132635
0.134686
0.136569
0.138297
0.139882
0.141334
0.142662
0.143875
0.144981
0.145985
0.146893
0.147711
0.148443
0.149092
0.149661
0.150154
0.150572
0.150919
0.151196
0.151405
0.151549
0.151628
0.151645
0.151602
0.151499
0.15134
0.151125
0.150857
0.150537
0.150167
0.149749
0.149284
0.148775
0.148223
0.147629
0.146997
0.146326
0.145619
0.144878
0.144104
0.143298
0.142462
0.141598
0.140706
0.139788
0.138845
0.137879
0.13689
0.13588
0.134849
0.133799
0.13273
0.131644
0.130541
0.129421
0.128287
0.127137
0.125974
0.124797
0.123607
0.122406
0.121192
0.119968
0.118732
0.117487
0.116231
0.114967
0.113693
0.112411
0.11112
0.109821
0.108515
0.107202
0.105881
0.104554
0.10322
0.10188
0.100534
0.0991824
0.0978251
0.0964626
0.0950949
0.0937223
0.0923449
0.090963
0.0895768
0.0881863
0.0867917
0.0853933
0.0839911
0.0825853
0.0811759
0.0797633
0.0783474
0.0769284
0.0755064
0.0740815
0.0726539
0.0712235
0.0697906
0.0683553
0.0669175
0.0654774
0.0640351
0.0625907
0.0611443
0.0596958
0.0582455
0.0567933
0.0553393
0.0538837
0.0524264
0.0509675
0.0495072
0.0480453
0.0465821
0.0451174
0.0436515
0.0421843
0.040716
0.0392464
0.0377757
0.0363039
0.0348311
0.0333573
0.0318825
0.0304068
0.0289302
0.0274527
0.0259744
0.0244953
0.0230154
0.0215348
0.0200534
0.0185714
0.0170887
0.0156053
0.0141214
0.0126369
0.0111518
0.00966623
0.00818015
0.00669359
0.00520671
0.00371904
0.00223278
0.000737912
-0.0971309
-0.0846666
-0.0761795
-0.0737307
-0.0720241
-0.0702942
-0.0689928
-0.0678693
-0.0666323
-0.0652067
-0.0635744
-0.0617075
-0.0595831
-0.0571889
-0.0545177
-0.051564
-0.0483244
-0.0447971
-0.0409827
-0.0368831
-0.032503
-0.027849
-0.0229305
-0.0177597
-0.0123518
-0.00672511
-0.000901369
0.00509464
0.0112351
0.0174892
0.0238242
0.0302052
0.0365962
0.0429609
0.0492631
0.055468
0.0615427
0.0674569
0.0731838
0.0787003
0.0839875
0.0890309
0.0938204
0.0983501
0.102618
0.106627
0.11038
0.113886
0.117154
0.120196
0.123022
0.125647
0.128082
0.13034
0.132433
0.134373
0.136169
0.137832
0.13937
0.140791
0.142102
0.143308
0.144415
0.145427
0.146348
0.147182
0.147931
0.148597
0.149185
0.149694
0.150128
0.150487
0.150775
0.150992
0.151141
0.151223
0.151239
0.151193
0.151084
0.150917
0.150691
0.15041
0.150075
0.149688
0.149251
0.148767
0.148236
0.147662
0.147045
0.146389
0.145694
0.144962
0.144196
0.143397
0.142566
0.141705
0.140815
0.139899
0.138956
0.13799
0.137
0.135988
0.134955
0.133902
0.13283
0.131741
0.130634
0.129511
0.128372
0.127219
0.126052
0.124872
0.123678
0.122473
0.121256
0.120028
0.118789
0.11754
0.116282
0.115014
0.113737
0.112452
0.111159
0.109858
0.108549
0.107234
0.105911
0.104582
0.103246
0.101904
0.100557
0.0992036
0.097845
0.0964811
0.0951122
0.0937385
0.0923601
0.0909773
0.0895901
0.0881988
0.0868035
0.0854044
0.0840015
0.0825951
0.0811852
0.0797721
0.0783557
0.0769363
0.0755139
0.0740886
0.0726606
0.07123
0.0697968
0.0683611
0.0669231
0.0654828
0.0640403
0.0625957
0.061149
0.0597004
0.0582499
0.0567976
0.0553435
0.0538877
0.0524303
0.0509713
0.0495108
0.0480488
0.0465854
0.0451207
0.0436547
0.0421874
0.0407189
0.0392493
0.0377785
0.0363066
0.0348337
0.0333598
0.0318849
0.0304091
0.0289324
0.0274549
0.0259765
0.0244973
0.0230173
0.0215366
0.0200551
0.018573
0.0170902
0.0156068
0.0141228
0.0126382
0.011153
0.00966728
0.00818108
0.00669441
0.00520738
0.00371965
0.0022329
0.000739557
-0.0904889
-0.0825272
-0.0751838
-0.0724599
-0.0708441
-0.0691564
-0.0677617
-0.0665645
-0.0652845
-0.0638162
-0.0621381
-0.0602253
-0.0580538
-0.0556105
-0.0528887
-0.0498843
-0.0465954
-0.0430218
-0.0391661
-0.0350324
-0.0306274
-0.02596
-0.0210418
-0.015887
-0.0105127
-0.00493909
0.000810989
0.00671178
0.012735
0.0188501
0.0250248
0.0312257
0.0374187
0.0435698
0.0496461
0.055616
0.0614504
0.0671229
0.0726106
0.0778944
0.0829591
0.0877934
0.0923902
0.0967461
0.100861
0.104738
0.108383
0.111803
0.115008
0.118007
0.120813
0.123436
0.125886
0.128176
0.130315
0.132312
0.134177
0.135917
0.137539
0.139049
0.140452
0.141754
0.142958
0.144067
0.145085
0.146014
0.146857
0.147614
0.148289
0.148883
0.149398
0.149835
0.150195
0.150481
0.150694
0.150836
0.150908
0.150913
0.150853
0.150729
0.150543
0.150298
0.149995
0.149638
0.149227
0.148766
0.148256
0.147699
0.147098
0.146454
0.14577
0.145048
0.144289
0.143495
0.142669
0.141811
0.140924
0.140008
0.139066
0.138099
0.137108
0.136094
0.135059
0.134004
0.132929
0.131836
0.130726
0.1296
0.128457
0.127301
0.12613
0.124945
0.123749
0.12254
0.121319
0.120087
0.118845
0.117593
0.116332
0.115061
0.113782
0.112494
0.111198
0.109894
0.108584
0.107266
0.105941
0.10461
0.103272
0.101929
0.10058
0.0992252
0.0978652
0.0965001
0.09513
0.0937551
0.0923757
0.0909919
0.0896039
0.0882118
0.0868157
0.0854158
0.0840123
0.0826053
0.0811949
0.0797812
0.0783644
0.0769445
0.0755217
0.0740961
0.0726677
0.0712367
0.0698032
0.0683673
0.066929
0.0654885
0.0640458
0.0626009
0.0611541
0.0597053
0.0582546
0.0568021
0.0553478
0.0538919
0.0524343
0.0509752
0.0495145
0.0480525
0.046589
0.0451241
0.043658
0.0421906
0.040722
0.0392523
0.0377814
0.0363094
0.0348364
0.0333624
0.0318875
0.0304116
0.0289348
0.0274571
0.0259787
0.0244994
0.0230193
0.0215385
0.020057
0.0185748
0.0170919
0.0156084
0.0141242
0.0126395
0.0111542
0.00966839
0.00818208
0.00669528
0.0052081
0.00372032
0.00223303
0.000741411
-0.0835961
-0.0790073
-0.0733099
-0.0706634
-0.0691725
-0.0676221
-0.0662167
-0.0649748
-0.0636671
-0.06217
-0.0604556
-0.0585033
-0.0562902
-0.0538031
-0.0510362
-0.0479872
-0.0446559
-0.0410442
-0.0371566
-0.0329996
-0.028582
-0.0239149
-0.0190119
-0.0138893
-0.0085657
-0.00306259
0.00259615
0.00838431
0.0142736
0.0202341
0.0262348
0.0322438
0.0382294
0.0441604
0.0500071
0.0557414
0.061338
0.0667742
0.072031
0.0770928
0.0819476
0.0865872
0.0910067
0.0952048
0.0991826
0.102944
0.106495
0.109843
0.112997
0.115966
0.118759
0.121387
0.123858
0.126183
0.128369
0.130423
0.132354
0.134167
0.135868
0.137462
0.138952
0.140342
0.141635
0.142834
0.14394
0.144957
0.145885
0.146725
0.14748
0.148151
0.148739
0.149246
0.149673
0.150021
0.150293
0.150489
0.150613
0.150665
0.150648
0.150563
0.150414
0.150202
0.149929
0.149599
0.149212
0.148772
0.14828
0.14774
0.147153
0.146521
0.145847
0.145133
0.144381
0.143593
0.14277
0.141915
0.14103
0.140115
0.139173
0.138205
0.137213
0.136198
0.13516
0.134102
0.133025
0.131929
0.130816
0.129686
0.12854
0.12738
0.126205
0.125018
0.123817
0.122605
0.121381
0.120146
0.118901
0.117645
0.116381
0.115107
0.113825
0.112535
0.111236
0.109931
0.108617
0.107297
0.105971
0.104638
0.103299
0.101954
0.100603
0.0992468
0.0978854
0.096519
0.0951477
0.0937718
0.0923914
0.0910067
0.0896177
0.0882248
0.086828
0.0854274
0.0840233
0.0826157
0.0812047
0.0797905
0.0783732
0.0769529
0.0755297
0.0741037
0.072675
0.0712437
0.0698099
0.0683737
0.0669351
0.0654943
0.0640514
0.0626063
0.0611592
0.0597102
0.0582594
0.0568067
0.0553523
0.0538962
0.0524385
0.0509792
0.0495184
0.0480562
0.0465926
0.0451277
0.0436614
0.0421939
0.0407252
0.0392554
0.0377844
0.0363123
0.0348392
0.0333651
0.0318901
0.0304141
0.0289372
0.0274595
0.0259809
0.0245015
0.0230214
0.0215405
0.0200588
0.0185765
0.0170936
0.0156099
0.0141257
0.0126409
0.0111555
0.00966955
0.00818311
0.00669619
0.00520885
0.00372101
0.00223317
0.000743381
-0.0766939
-0.0745619
-0.0705731
-0.068297
-0.0669978
-0.0656603
-0.0643355
-0.0630994
-0.0617913
-0.0602878
-0.0585548
-0.0565758
-0.0543319
-0.051811
-0.0490087
-0.0459249
-0.0425615
-0.0389228
-0.0350154
-0.0308482
-0.0264321
-0.0217804
-0.0169084
-0.011834
-0.00657729
-0.00116071
0.00439134
0.0100526
0.0157952
0.0215904
0.0274084
0.0332197
0.038995
0.0447061
0.0503265
0.0558317
0.0611999
0.0664121
0.0714525
0.0763087
0.0809715
0.0854352
0.0896967
0.093756
0.0976152
0.101279
0.104752
0.108042
0.111157
0.114105
0.116894
0.119532
0.122028
0.124389
0.126621
0.128731
0.130725
0.132606
0.13438
0.136049
0.137618
0.139088
0.140461
0.14174
0.142926
0.14402
0.145024
0.145939
0.146765
0.147504
0.148158
0.148727
0.149213
0.149617
0.14994
0.150186
0.150355
0.150449
0.150471
0.150422
0.150305
0.150123
0.149877
0.149571
0.149205
0.148784
0.148309
0.147784
0.147209
0.146588
0.145923
0.145217
0.144471
0.143687
0.142868
0.142016
0.141132
0.140218
0.139276
0.138308
0.137314
0.136297
0.135258
0.134197
0.133117
0.132018
0.130902
0.129769
0.12862
0.127456
0.126278
0.125087
0.123883
0.122667
0.12144
0.120202
0.118954
0.117696
0.116428
0.115152
0.113867
0.112574
0.111274
0.109966
0.10865
0.107328
0.106
0.104665
0.103324
0.101977
0.100625
0.0992678
0.0979051
0.0965375
0.0951652
0.0937882
0.0924068
0.0910212
0.0896314
0.0882377
0.0868402
0.0854389
0.0840342
0.082626
0.0812145
0.0797998
0.078382
0.0769613
0.0755376
0.0741113
0.0726822
0.0712506
0.0698165
0.06838
0.0669412
0.0655002
0.064057
0.0626117
0.0611644
0.0597152
0.0582642
0.0568113
0.0553568
0.0539005
0.0524427
0.0509832
0.0495223
0.04806
0.0465963
0.0451312
0.0436648
0.0421972
0.0407284
0.0392585
0.0377874
0.0363152
0.034842
0.0333678
0.0318927
0.0304166
0.0289396
0.0274618
0.0259831
0.0245037
0.0230234
0.0215424
0.0200607
0.0185783
0.0170953
0.0156115
0.0141272
0.0126423
0.0111568
0.00967072
0.00818416
0.00669711
0.00520961
0.00372172
0.00223332
0.000745367
-0.0699241
-0.069561
-0.0671333
-0.0654281
-0.0644022
-0.0633291
-0.0621607
-0.0609859
-0.05971
-0.0582251
-0.0564943
-0.0545052
-0.0522443
-0.049702
-0.0468764
-0.0437698
-0.0403866
-0.0367337
-0.03282
-0.0286566
-0.0242564
-0.0196346
-0.0148083
-0.00979667
-0.00462084
0.000696269
0.00613008
0.0116547
0.0172431
0.0228678
0.028501
0.0341154
0.0396844
0.0451828
0.0505872
0.0558766
0.0610322
0.0660384
0.0708824
0.0755542
0.0800471
0.084357
0.0884823
0.0924238
0.096184
0.0997672
0.103179
0.106425
0.109513
0.112449
0.11524
0.117894
0.120416
0.122813
0.125089
0.127251
0.129301
0.131245
0.133084
0.134821
0.136459
0.137999
0.139443
0.140793
0.142048
0.14321
0.14428
0.145259
0.146147
0.146946
0.147656
0.14828
0.148817
0.149269
0.149639
0.149927
0.150135
0.150267
0.150322
0.150305
0.150217
0.150061
0.149838
0.149553
0.149206
0.148802
0.148342
0.147829
0.147266
0.146655
0.145998
0.145298
0.144557
0.143778
0.142962
0.142111
0.141229
0.140315
0.139373
0.138404
0.137409
0.13639
0.135349
0.134286
0.133204
0.132102
0.130983
0.129846
0.128694
0.127528
0.126347
0.125152
0.123945
0.122726
0.121496
0.120255
0.119004
0.117743
0.116473
0.115194
0.113907
0.112612
0.111309
0.109999
0.108682
0.107358
0.106027
0.104691
0.103348
0.102
0.100647
0.099288
0.0979241
0.0965554
0.0951819
0.093804
0.0924217
0.0910352
0.0896446
0.0882502
0.086852
0.0854501
0.0840447
0.082636
0.081224
0.0798088
0.0783906
0.0769694
0.0755454
0.0741187
0.0726893
0.0712574
0.069823
0.0683862
0.0669472
0.0655059
0.0640625
0.062617
0.0611695
0.0597202
0.0582689
0.0568159
0.0553612
0.0539048
0.0524468
0.0509872
0.0495262
0.0480637
0.0465999
0.0451347
0.0436682
0.0422005
0.0407316
0.0392615
0.0377903
0.0363181
0.0348448
0.0333705
0.0318953
0.0304191
0.028942
0.0274641
0.0259854
0.0245058
0.0230255
0.0215444
0.0200626
0.0185801
0.0170969
0.0156131
0.0141287
0.0126437
0.011158
0.00967188
0.0081852
0.00669802
0.00521037
0.00372241
0.00223349
0.00074727
-0.0633862
-0.0643065
-0.0632226
-0.0621921
-0.0615133
-0.0607381
-0.0597796
-0.0587163
-0.057505
-0.0560628
-0.0543549
-0.052373
-0.0501095
-0.0475594
-0.0447234
-0.0416068
-0.0382168
-0.0345627
-0.0306559
-0.0265096
-0.0221387
-0.01756
-0.0127919
-0.00785467
-0.00277002
0.00243891
0.0077478
0.0131314
0.018564
0.0240195
0.0294723
0.0348974
0.0402709
0.0455704
0.0507757
0.0558683
0.0608328
0.065656
0.0703276
0.0748397
0.0791873
0.0833675
0.0873797
0.091225
0.094906
0.0984267
0.101792
0.105007
0.108077
0.111009
0.113808
0.116479
0.119028
0.12146
0.123778
0.125986
0.128088
0.130086
0.131982
0.133778
0.135476
0.137077
0.138581
0.13999
0.141305
0.142525
0.143651
0.144684
0.145626
0.146475
0.147234
0.147903
0.148484
0.148978
0.149387
0.149711
0.149954
0.150116
0.150201
0.150211
0.150148
0.150014
0.149812
0.149544
0.149214
0.148824
0.148377
0.147875
0.147322
0.146719
0.146069
0.145374
0.144638
0.143862
0.143049
0.1422
0.141319
0.140406
0.139463
0.138493
0.137497
0.136477
0.135434
0.134369
0.133284
0.13218
0.131057
0.129919
0.128764
0.127594
0.12641
0.125213
0.124003
0.122781
0.121548
0.120305
0.119051
0.117788
0.116515
0.115234
0.113944
0.112647
0.111342
0.11003
0.108711
0.107385
0.106053
0.104715
0.103371
0.102022
0.100667
0.099307
0.097942
0.0965722
0.0951978
0.0938189
0.0924358
0.0910485
0.0896572
0.088262
0.0868632
0.0854607
0.0840548
0.0826455
0.081233
0.0798174
0.0783988
0.0769772
0.0755529
0.0741258
0.0726961
0.0712639
0.0698292
0.0683922
0.0669529
0.0655114
0.0640678
0.0626221
0.0611744
0.0597249
0.0582735
0.0568203
0.0553654
0.0539089
0.0524507
0.050991
0.0495299
0.0480673
0.0466033
0.045138
0.0436714
0.0422036
0.0407346
0.0392644
0.0377931
0.0363208
0.0348474
0.0333731
0.0318977
0.0304215
0.0289443
0.0274663
0.0259875
0.0245078
0.0230274
0.0215463
0.0200644
0.0185818
0.0170986
0.0156147
0.0141301
0.012645
0.0111593
0.009673
0.0081862
0.00669891
0.0052111
0.00372308
0.00223368
0.000748999
-0.0571859
-0.0590539
-0.0590889
-0.0587566
-0.0584763
-0.0580196
-0.0573039
-0.056391
-0.0552727
-0.0538942
-0.0522275
-0.0502689
-0.0480171
-0.0454722
-0.0426384
-0.0395241
-0.0361396
-0.0324966
-0.0286088
-0.0244914
-0.020161
-0.0156358
-0.0109352
-0.00608012
-0.00109256
0.00400449
0.00918724
0.0144314
0.0197127
0.0250067
0.03029
0.0355397
0.0407346
0.0458548
0.0508828
0.0558027
0.0606014
0.0652679
0.0697938
0.0741728
0.0784009
0.0824762
0.0863983
0.0901684
0.0937891
0.0972637
0.100596
0.103791
0.106853
0.109787
0.112597
0.115288
0.117863
0.120327
0.122682
0.124932
0.127078
0.129123
0.131067
0.132914
0.134662
0.136314
0.137869
0.139328
0.140691
0.141959
0.143133
0.144212
0.145197
0.146088
0.146887
0.147595
0.148213
0.148741
0.149182
0.149537
0.149808
0.149997
0.150107
0.150139
0.150096
0.149981
0.149796
0.149544
0.149228
0.14885
0.148414
0.147921
0.147376
0.146779
0.146135
0.145446
0.144713
0.14394
0.143129
0.142282
0.141401
0.140488
0.139546
0.138575
0.137578
0.136556
0.135511
0.134444
0.133357
0.13225
0.131126
0.129984
0.128827
0.127654
0.126468
0.125268
0.124056
0.122831
0.121596
0.12035
0.119094
0.117828
0.116553
0.11527
0.113978
0.112679
0.111372
0.110058
0.108738
0.10741
0.106077
0.104738
0.103392
0.102042
0.100686
0.0993245
0.0979585
0.0965877
0.0952124
0.0938327
0.0924488
0.0910608
0.0896688
0.088273
0.0868736
0.0854706
0.0840642
0.0826544
0.0812415
0.0798255
0.0784064
0.0769845
0.0755599
0.0741325
0.0727025
0.07127
0.0698351
0.0683978
0.0669583
0.0655166
0.0640728
0.0626269
0.0611791
0.0597293
0.0582778
0.0568245
0.0553694
0.0539127
0.0524545
0.0509947
0.0495334
0.0480707
0.0466066
0.0451412
0.0436745
0.0422066
0.0407374
0.0392672
0.0377958
0.0363234
0.0348499
0.0333755
0.0319001
0.0304237
0.0289465
0.0274684
0.0259895
0.0245098
0.0230293
0.021548
0.0200661
0.0185834
0.0171001
0.0156161
0.0141315
0.0126463
0.0111604
0.00967407
0.00818716
0.00669974
0.0052118
0.0037237
0.00223389
0.000750478
-0.0514331
-0.0540146
-0.0549633
-0.055299
-0.0554411
-0.0553115
-0.0548539
-0.0541165
-0.0531131
-0.0518148
-0.050204
-0.0482822
-0.0460545
-0.0435264
-0.0407062
-0.0376054
-0.0342372
-0.0306159
-0.0267572
-0.022678
-0.0183964
-0.0139316
-0.00930374
-0.0045341
0.000355383
0.00534211
0.0104031
0.0155152
0.0206555
0.0258016
0.0309316
0.0360253
0.0410633
0.0460283
0.0509046
0.0556788
0.0603395
0.0648773
0.0692851
0.0735578
0.0776921
0.0816863
0.0855403
0.0892551
0.0928326
0.0962757
0.0995876
0.102772
0.105832
0.108772
0.111596
0.114307
0.116907
0.1194
0.121788
0.124073
0.126257
0.128342
0.130327
0.132215
0.134005
0.135698
0.137295
0.138794
0.140198
0.141505
0.142716
0.143832
0.144853
0.145779
0.146611
0.14735
0.147997
0.148553
0.149021
0.1494
0.149695
0.149906
0.150035
0.150086
0.15006
0.14996
0.14979
0.149551
0.149246
0.148878
0.148451
0.147966
0.147427
0.146837
0.146197
0.145511
0.144782
0.144011
0.143202
0.142356
0.141475
0.140563
0.13962
0.138648
0.13765
0.136627
0.13558
0.134511
0.133422
0.132314
0.131187
0.130043
0.128883
0.127708
0.12652
0.125317
0.124103
0.122876
0.121638
0.12039
0.119132
0.117864
0.116588
0.115302
0.114009
0.112708
0.1114
0.110084
0.108762
0.107433
0.106098
0.104758
0.103411
0.10206
0.100703
0.0993404
0.0979735
0.0966019
0.0952258
0.0938453
0.0924607
0.091072
0.0896795
0.0882831
0.0868832
0.0854797
0.0840728
0.0826626
0.0812493
0.0798329
0.0784135
0.0769913
0.0755663
0.0741386
0.0727084
0.0712757
0.0698405
0.068403
0.0669633
0.0655214
0.0640774
0.0626314
0.0611834
0.0597335
0.0582818
0.0568283
0.0553731
0.0539163
0.0524579
0.050998
0.0495366
0.0480738
0.0466096
0.0451441
0.0436773
0.0422093
0.0407401
0.0392698
0.0377983
0.0363258
0.0348522
0.0333777
0.0319022
0.0304258
0.0289485
0.0274703
0.0259914
0.0245116
0.023031
0.0215497
0.0200677
0.0185849
0.0171015
0.0156174
0.0141328
0.0126474
0.0111615
0.00967507
0.00818805
0.00670053
0.00521245
0.00372427
0.00223412
0.000751649
-0.0462337
-0.049362
-0.0510485
-0.0519904
-0.0525522
-0.0527458
-0.0525469
-0.0519963
-0.0511209
-0.0499137
-0.0483689
-0.0464941
-0.0443002
-0.0417984
-0.0390011
-0.0359229
-0.0325797
-0.0289882
-0.0251658
-0.021131
-0.0169029
-0.0125015
-0.00794741
-0.00326184
0.00153349
0.00641659
0.0113654
0.0163579
0.0213727
0.026389
0.0313867
0.0363473
0.0412536
0.0460899
0.0508424
0.0554991
0.0600501
0.0644872
0.0688041
0.0729963
0.0770609
0.0809961
0.0848019
0.0884787
0.0920281
0.0954522
0.0987535
0.101935
0.104999
0.107949
0.110788
0.113517
0.116141
0.11866
0.121076
0.123392
0.125607
0.127724
0.129743
0.131664
0.133488
0.135215
0.136844
0.138376
0.139812
0.14115
0.142392
0.143537
0.144586
0.145539
0.146397
0.147161
0.147831
0.14841
0.148898
0.149298
0.149611
0.149839
0.149985
0.150051
0.150038
0.149951
0.149792
0.149563
0.149267
0.148908
0.148487
0.148009
0.147475
0.146889
0.146254
0.145571
0.144844
0.144075
0.143267
0.142422
0.141542
0.140629
0.139685
0.138713
0.137714
0.136689
0.135641
0.134571
0.13348
0.132369
0.131241
0.130095
0.128933
0.127756
0.126565
0.125361
0.124144
0.122916
0.121676
0.120426
0.119166
0.117896
0.116618
0.115331
0.114036
0.112734
0.111424
0.110107
0.108783
0.107454
0.106118
0.104776
0.103428
0.102076
0.100718
0.0993547
0.097987
0.0966146
0.0952378
0.0938567
0.0924714
0.0910822
0.0896891
0.0882922
0.0868918
0.0854879
0.0840806
0.08267
0.0812564
0.0798396
0.07842
0.0769974
0.0755722
0.0741443
0.0727138
0.0712808
0.0698455
0.0684078
0.0669679
0.0655258
0.0640816
0.0626354
0.0611873
0.0597373
0.0582854
0.0568318
0.0553765
0.0539196
0.0524611
0.0510011
0.0495396
0.0480767
0.0466124
0.0451468
0.0436799
0.0422118
0.0407425
0.0392721
0.0378006
0.036328
0.0348544
0.0333798
0.0319042
0.0304277
0.0289504
0.0274721
0.0259931
0.0245132
0.0230326
0.0215512
0.0200691
0.0185863
0.0171028
0.0156187
0.0141339
0.0126485
0.0111626
0.00967601
0.00818889
0.00670126
0.00521306
0.00372478
0.00223438
0.000752482
-0.0416808
-0.0452346
-0.0475123
-0.0489831
-0.0499396
-0.0504396
-0.0504876
-0.0501226
-0.0493792
-0.0482675
-0.0467937
-0.0449718
-0.0428182
-0.0403493
-0.0375814
-0.0345322
-0.0312199
-0.0276633
-0.0238813
-0.0198934
-0.0157198
-0.0113806
-0.00689686
-0.00228951
0.00242015
0.00721081
0.0120613
0.0169509
0.0218594
0.0267673
0.0316563
0.0365092
0.0413103
0.0460454
0.0507019
0.0552691
0.0597378
0.0641006
0.0683517
0.0724869
0.0765033
0.0803991
0.0841738
0.0878276
0.0913614
0.0947768
0.0980756
0.10126
0.104332
0.107294
0.110148
0.112896
0.11554
0.118082
0.120522
0.122863
0.125105
0.127248
0.129294
0.131242
0.133092
0.134845
0.1365
0.138058
0.139519
0.140882
0.142147
0.143315
0.144386
0.14536
0.146238
0.147021
0.14771
0.148306
0.148811
0.149226
0.149554
0.149795
0.149953
0.150031
0.150029
0.149952
0.149801
0.14958
0.149291
0.148938
0.148524
0.14805
0.14752
0.146938
0.146305
0.145625
0.1449
0.144132
0.143325
0.14248
0.1416
0.140687
0.139743
0.13877
0.137769
0.136744
0.135694
0.134623
0.13353
0.132418
0.131287
0.13014
0.128976
0.127798
0.126605
0.125399
0.12418
0.12295
0.121709
0.120457
0.119195
0.117924
0.116644
0.115356
0.11406
0.112756
0.111445
0.110127
0.108802
0.107471
0.106134
0.104792
0.103443
0.10209
0.100731
0.0993673
0.0979989
0.0966259
0.0952484
0.0938668
0.092481
0.0910912
0.0896977
0.0883004
0.0868995
0.0854952
0.0840876
0.0826767
0.0812627
0.0798457
0.0784258
0.077003
0.0755775
0.0741494
0.0727187
0.0712855
0.06985
0.0684121
0.066972
0.0655298
0.0640855
0.0626391
0.0611909
0.0597407
0.0582888
0.0568351
0.0553797
0.0539226
0.052464
0.0510039
0.0495423
0.0480793
0.0466149
0.0451493
0.0436823
0.0422141
0.0407448
0.0392743
0.0378027
0.03633
0.0348563
0.0333817
0.031906
0.0304295
0.0289521
0.0274738
0.0259946
0.0245147
0.023034
0.0215526
0.0200704
0.0185876
0.017104
0.0156199
0.014135
0.0126496
0.0111635
0.00967688
0.00818967
0.00670195
0.00521364
0.00372524
0.00223466
0.000752967
-0.0378477
-0.0417358
-0.0444828
-0.0463996
-0.0477091
-0.0484874
-0.0487603
-0.0485686
-0.0479523
-0.0469342
-0.0455313
-0.0437637
-0.0416532
-0.0392204
-0.0364853
-0.0334683
-0.0301897
-0.0266696
-0.0229284
-0.0189865
-0.0148643
-0.0105824
-0.00616161
-0.00162276
0.0030134
0.00772627
0.0124956
0.0173015
0.0221249
0.0269476
0.0317524
0.0365232
0.0412455
0.045906
0.050493
0.0549965
0.0594078
0.06372
0.0679276
0.0720261
0.0760128
0.0798855
0.0836434
0.0872863
0.0908147
0.0942294
0.0975317
0.100723
0.103806
0.106781
0.109651
0.112416
0.115079
0.11764
0.120101
0.122463
0.124726
0.126891
0.128958
0.130927
0.132799
0.134572
0.136248
0.137826
0.139305
0.140687
0.14197
0.143155
0.144242
0.145233
0.146126
0.146924
0.147627
0.148236
0.148753
0.14918
0.149519
0.149771
0.149938
0.150024
0.150031
0.149961
0.149817
0.149602
0.149318
0.14897
0.148559
0.148089
0.147563
0.146983
0.146352
0.145673
0.144949
0.144183
0.143376
0.142531
0.141651
0.140738
0.139793
0.138819
0.137818
0.136791
0.135741
0.134668
0.133574
0.13246
0.131328
0.130179
0.129014
0.127834
0.126639
0.125432
0.124212
0.12298
0.121737
0.120484
0.119221
0.117949
0.116667
0.115378
0.114081
0.112776
0.111463
0.110144
0.108819
0.107487
0.106149
0.104806
0.103457
0.102102
0.100743
0.0993785
0.0980094
0.0966359
0.0952579
0.0938757
0.0924895
0.0910993
0.0897054
0.0883077
0.0869065
0.0855019
0.0840939
0.0826827
0.0812685
0.0798512
0.078431
0.077008
0.0755823
0.074154
0.0727231
0.0712898
0.0698541
0.0684161
0.0669758
0.0655334
0.064089
0.0626425
0.0611941
0.0597439
0.0582918
0.056838
0.0553825
0.0539254
0.0524667
0.0510065
0.0495448
0.0480817
0.0466173
0.0451515
0.0436845
0.0422162
0.0407468
0.0392762
0.0378046
0.0363319
0.0348581
0.0333834
0.0319077
0.0304311
0.0289536
0.0274753
0.0259961
0.0245161
0.0230354
0.0215539
0.0200717
0.0185888
0.0171052
0.0156209
0.014136
0.0126505
0.0111644
0.0096777
0.00819042
0.00670261
0.0052142
0.00372567
0.00223497
0.000753126
-0.0347797
-0.038931
-0.0420454
-0.0443256
-0.0459358
-0.0469546
-0.0474223
-0.0473833
-0.0468815
-0.045949
-0.0446119
-0.042896
-0.0408274
-0.0384306
-0.0357284
-0.0327435
-0.0294978
-0.0260127
-0.0223093
-0.0184087
-0.0143316
-0.0100986
-0.00573042
-0.00124752
0.00332982
0.0079816
0.0126883
0.0174308
0.022191
0.0269515
0.0316958
0.0364089
0.0410767
0.0456867
0.0502279
0.0546904
0.059066
0.0633478
0.0675303
0.0716091
0.075581
0.0794439
0.0831963
0.0868378
0.0903684
0.0937884
0.097099
0.100301
0.103396
0.106385
0.10927
0.112052
0.114731
0.11731
0.119789
0.122168
0.124449
0.126631
0.128715
0.130701
0.132589
0.134379
0.13607
0.137663
0.139157
0.140552
0.141849
0.143047
0.144147
0.14515
0.146055
0.146863
0.147576
0.148195
0.148722
0.149157
0.149504
0.149763
0.149938
0.15003
0.150042
0.149978
0.149839
0.149628
0.149348
0.149003
0.148596
0.148128
0.147604
0.147025
0.146396
0.145718
0.144995
0.144228
0.143422
0.142577
0.141697
0.140783
0.139837
0.138863
0.137861
0.136833
0.135781
0.134707
0.133611
0.132497
0.131363
0.130213
0.129046
0.127865
0.126669
0.12546
0.124239
0.123006
0.121762
0.120508
0.119243
0.11797
0.116688
0.115397
0.114099
0.112793
0.11148
0.11016
0.108833
0.107501
0.106162
0.104818
0.103468
0.102113
0.100753
0.0993884
0.0980188
0.0966448
0.0952664
0.0938838
0.0924972
0.0911066
0.0897123
0.0883143
0.0869128
0.0855079
0.0840997
0.0826882
0.0812737
0.0798562
0.0784358
0.0770126
0.0755868
0.0741582
0.0727272
0.0712937
0.0698578
0.0684197
0.0669793
0.0655368
0.0640923
0.0626457
0.0611972
0.0597468
0.0582946
0.0568407
0.0553851
0.0539279
0.0524691
0.0510089
0.0495471
0.0480839
0.0466194
0.0451536
0.0436865
0.0422182
0.0407487
0.0392781
0.0378063
0.0363336
0.0348598
0.033385
0.0319092
0.0304326
0.028955
0.0274767
0.0259974
0.0245174
0.0230366
0.0215551
0.0200728
0.0185899
0.0171062
0.0156219
0.014137
0.0126514
0.0111653
0.00967849
0.00819115
0.00670325
0.00521476
0.00372609
0.00223533
0.000753005
-0.0324881
-0.0368451
-0.0402407
-0.0428053
-0.0446581
-0.0458734
-0.0465005
-0.0465876
-0.0461819
-0.0453223
-0.0440418
-0.0423713
-0.0403401
-0.0379757
-0.0353034
-0.0323474
-0.0291307
-0.0256759
-0.0220045
-0.0181378
-0.0140968
-0.00990212
-0.00557417
-0.00113313
0.00340111
0.00800907
0.0126717
0.0173707
0.0220882
0.0268077
0.0315131
0.0361899
0.0408246
0.045405
0.0499202
0.0543607
0.0587182
0.0629859
0.0671582
0.0712304
0.0751993
0.0790623
0.0828179
0.086465
0.0900034
0.0934332
0.0967551
0.0999698
0.103078
0.106082
0.108982
0.111778
0.114473
0.117067
0.119561
0.121956
0.124251
0.126448
0.128546
0.130545
0.132446
0.134249
0.135952
0.137557
0.139062
0.140468
0.141775
0.142983
0.144093
0.145104
0.146017
0.146833
0.147554
0.14818
0.148713
0.149155
0.149507
0.149772
0.149951
0.150048
0.150064
0.150003
0.149867
0.149659
0.149383
0.14904
0.148634
0.148168
0.147644
0.147067
0.146438
0.145761
0.145038
0.144271
0.143464
0.142619
0.141738
0.140823
0.139877
0.138902
0.137899
0.13687
0.135817
0.134742
0.133645
0.132529
0.131395
0.130243
0.129075
0.127892
0.126696
0.125486
0.124263
0.123029
0.121784
0.120528
0.119263
0.117989
0.116705
0.115414
0.114115
0.112808
0.111494
0.110173
0.108846
0.107513
0.106174
0.104829
0.103479
0.102123
0.100763
0.0993974
0.0980274
0.096653
0.0952742
0.0938912
0.0925042
0.0911134
0.0897187
0.0883205
0.0869187
0.0855135
0.084105
0.0826934
0.0812787
0.079861
0.0784404
0.077017
0.0755909
0.0741623
0.0727311
0.0712974
0.0698614
0.0684232
0.0669827
0.06554
0.0640954
0.0626487
0.0612001
0.0597496
0.0582973
0.0568433
0.0553877
0.0539304
0.0524715
0.0510111
0.0495493
0.0480861
0.0466215
0.0451556
0.0436884
0.0422201
0.0407505
0.0392798
0.037808
0.0363352
0.0348613
0.0333865
0.0319107
0.030434
0.0289564
0.027478
0.0259987
0.0245187
0.0230378
0.0215562
0.0200739
0.0185909
0.0171073
0.0156229
0.0141379
0.0126523
0.0111661
0.00967929
0.00819189
0.00670392
0.00521535
0.00372653
0.00223575
0.000752679
-0.0309448
-0.0354596
-0.0390632
-0.0418394
-0.0438757
-0.0452408
-0.0459892
-0.0461728
-0.0458415
-0.0450389
-0.0438031
-0.0421687
-0.0401677
-0.0378296
-0.0351813
-0.0322483
-0.0290546
-0.0256229
-0.0219755
-0.0181336
-0.0141183
-0.00995019
-0.00564948
-0.0012361
0.00327038
0.00785083
0.0124866
0.0171597
0.0218528
0.0265495
0.0312343
0.0358929
0.0405119
0.0450793
0.0495844
0.0540176
0.0583707
0.0626367
0.0668098
0.0708854
0.0748597
0.0787302
0.0824948
0.0861525
0.0897027
0.0931453
0.0964807
0.0997094
0.102832
0.10585
0.108764
0.111576
0.114285
0.116893
0.1194
0.121808
0.124116
0.126325
0.128434
0.130445
0.132357
0.134169
0.135882
0.137496
0.13901
0.140425
0.14174
0.142955
0.144071
0.145089
0.146009
0.146831
0.147557
0.148188
0.148726
0.149172
0.149528
0.149796
0.149978
0.150078
0.150097
0.150038
0.149904
0.149698
0.149422
0.14908
0.148675
0.14821
0.147687
0.14711
0.146481
0.145803
0.14508
0.144313
0.143505
0.14266
0.141778
0.140862
0.139915
0.138939
0.137934
0.136905
0.13585
0.134774
0.133676
0.132559
0.131423
0.13027
0.129102
0.127918
0.12672
0.125509
0.124285
0.12305
0.121804
0.120547
0.119281
0.118006
0.116722
0.11543
0.114129
0.112822
0.111507
0.110186
0.108858
0.107525
0.106185
0.104839
0.103489
0.102133
0.100772
0.099406
0.0980356
0.0966607
0.0952816
0.0938983
0.092511
0.0911198
0.0897249
0.0883264
0.0869243
0.0855189
0.0841102
0.0826984
0.0812835
0.0798656
0.0784448
0.0770213
0.075595
0.0741662
0.0727349
0.0713011
0.069865
0.0684266
0.066986
0.0655432
0.0640984
0.0626516
0.0612029
0.0597524
0.0583
0.0568459
0.0553902
0.0539328
0.0524738
0.0510134
0.0495515
0.0480882
0.0466235
0.0451576
0.0436903
0.0422219
0.0407523
0.0392815
0.0378097
0.0363368
0.0348629
0.033388
0.0319122
0.0304354
0.0289578
0.0274793
0.026
0.0245199
0.023039
0.0215574
0.020075
0.018592
0.0171083
0.0156239
0.0141389
0.0126532
0.011167
0.00968011
0.00819266
0.00670464
0.00521601
0.00372704
0.00223626
0.000752238
-0.0300757
-0.0347071
-0.0384567
-0.0413799
-0.0435443
-0.0450141
-0.0458468
-0.0460974
-0.0458181
-0.0450555
-0.0438512
-0.0422422
-0.0402625
-0.0379427
-0.0353112
-0.0323939
-0.0292153
-0.0257987
-0.0221663
-0.0183397
-0.0143396
-0.0101868
-0.00590116
-0.00150256
0.00298968
0.00755666
0.01218
0.0168418
0.0215251
0.0262137
0.0308921
0.0355462
0.0401627
0.0447296
0.0492361
0.0536727
0.0580311
0.0623041
0.0664858
0.0705714
0.074557
0.0784397
0.0822174
0.0858888
0.0894532
0.0929103
0.0962603
0.0995037
0.102641
0.105673
0.108602
0.111426
0.114149
0.11677
0.119289
0.121709
0.124028
0.126247
0.128367
0.130388
0.132309
0.13413
0.135851
0.137472
0.138993
0.140415
0.141736
0.142957
0.144079
0.145101
0.146025
0.146852
0.147582
0.148216
0.148757
0.149206
0.149564
0.149835
0.150019
0.15012
0.150141
0.150083
0.14995
0.149744
0.149469
0.149127
0.148722
0.148257
0.147733
0.147156
0.146526
0.145848
0.145124
0.144356
0.143547
0.1427
0.141818
0.140901
0.139953
0.138975
0.137969
0.136938
0.135883
0.134805
0.133706
0.132588
0.131451
0.130297
0.129127
0.127942
0.126743
0.12553
0.124306
0.12307
0.121823
0.120565
0.119298
0.118022
0.116737
0.115444
0.114144
0.112835
0.11152
0.110198
0.10887
0.107536
0.106195
0.10485
0.103498
0.102142
0.100781
0.0994144
0.0980436
0.0966684
0.0952889
0.0939053
0.0925177
0.0911263
0.0897311
0.0883323
0.08693
0.0855244
0.0841155
0.0827034
0.0812883
0.0798702
0.0784493
0.0770256
0.0755992
0.0741702
0.0727387
0.0713048
0.0698686
0.06843
0.0669893
0.0655464
0.0641015
0.0626547
0.0612058
0.0597552
0.0583027
0.0568485
0.0553927
0.0539352
0.0524762
0.0510157
0.0495537
0.0480903
0.0466256
0.0451596
0.0436923
0.0422238
0.0407541
0.0392833
0.0378114
0.0363385
0.0348645
0.0333895
0.0319137
0.0304369
0.0289592
0.0274806
0.0260013
0.0245211
0.0230402
0.0215586
0.0200762
0.0185931
0.0171093
0.0156249
0.0141399
0.0126542
0.0111679
0.00968099
0.0081935
0.00670543
0.00521675
0.00372765
0.00223692
0.000751788
-0.0297728
-0.0344873
-0.038333
-0.0413498
-0.043595
-0.04513
-0.0460146
-0.046306
-0.046058
-0.0453192
-0.0441333
-0.0425388
-0.040571
-0.0382612
-0.0356384
-0.032729
-0.0295577
-0.026148
-0.0225221
-0.0187016
-0.0147074
-0.0105599
-0.0062791
-0.00188459
0.00260438
0.00716905
0.0117911
0.0164529
0.0211375
0.0258287
0.0305112
0.0351708
0.0397941
0.0443693
0.0488855
0.0533329
0.0577032
0.061989
0.0661845
0.0702844
0.0742849
0.0781829
0.0819762
0.0856634
0.0892434
0.0927161
0.0960814
0.0993399
0.102492
0.105539
0.10848
0.111319
0.114054
0.116687
0.119218
0.121648
0.123978
0.126207
0.128336
0.130366
0.132294
0.134123
0.135852
0.13748
0.139007
0.140434
0.14176
0.142986
0.144112
0.145139
0.146066
0.146896
0.147628
0.148265
0.148808
0.149259
0.149619
0.14989
0.150076
0.150177
0.150198
0.15014
0.150007
0.149801
0.149526
0.149183
0.148778
0.148311
0.147787
0.147208
0.146577
0.145898
0.145172
0.144403
0.143593
0.142745
0.14186
0.140942
0.139992
0.139013
0.138006
0.136973
0.135917
0.134837
0.133737
0.132617
0.131479
0.130324
0.129152
0.127966
0.126766
0.125553
0.124327
0.12309
0.121842
0.120584
0.119316
0.118039
0.116753
0.11546
0.114158
0.112849
0.111533
0.110211
0.108882
0.107547
0.106206
0.10486
0.103508
0.102151
0.10079
0.099423
0.0980519
0.0966764
0.0952966
0.0939126
0.0925247
0.091133
0.0897376
0.0883385
0.086936
0.0855301
0.084121
0.0827087
0.0812934
0.0798752
0.0784541
0.0770302
0.0756036
0.0741745
0.0727429
0.0713088
0.0698724
0.0684337
0.0669929
0.0655499
0.0641049
0.0626579
0.061209
0.0597582
0.0583056
0.0568514
0.0553954
0.0539379
0.0524788
0.0510181
0.0495561
0.0480926
0.0466278
0.0451617
0.0436944
0.0422258
0.040756
0.0392852
0.0378132
0.0363402
0.0348662
0.0333912
0.0319152
0.0304384
0.0289607
0.0274821
0.0260027
0.0245225
0.0230415
0.0215598
0.0200774
0.0185943
0.0171105
0.015626
0.0141409
0.0126552
0.0111689
0.00968195
0.00819443
0.00670632
0.00521761
0.00372841
0.00223777
0.000751468
-0.0299668
-0.0347445
-0.0386532
-0.041726
-0.0440163
-0.0455853
-0.0464949
-0.0468042
-0.0465681
-0.0458371
-0.0446557
-0.0430639
-0.0410972
-0.0387875
-0.0361641
-0.0332536
-0.0300808
-0.0266691
-0.0230409
-0.0192176
-0.01522
-0.0110684
-0.00678282
-0.0023827
0.00211282
0.00668501
0.0113157
0.0159872
0.0206826
0.0253856
0.0300811
0.0347547
0.039393
0.0439841
0.0485168
0.0529815
0.0573696
0.0616737
0.0658877
0.0700063
0.0740255
0.0779421
0.0817538
0.0854591
0.0890569
0.0925469
0.0959291
0.0992038
0.102372
0.105433
0.10839
0.111242
0.11399
0.116636
0.119179
0.121621
0.123961
0.1262
0.128339
0.130377
0.132314
0.134151
0.135887
0.137521
0.139055
0.140487
0.141818
0.143049
0.144179
0.145209
0.14614
0.146972
0.147707
0.148345
0.14889
0.149341
0.149702
0.149973
0.150159
0.15026
0.15028
0.150222
0.150087
0.14988
0.149603
0.149259
0.148852
0.148383
0.147857
0.147276
0.146643
0.145962
0.145234
0.144463
0.14365
0.1428
0.141913
0.140993
0.140041
0.139059
0.13805
0.137016
0.135957
0.134876
0.133774
0.132652
0.131512
0.130356
0.129183
0.127995
0.126794
0.125579
0.124352
0.123114
0.121864
0.120605
0.119336
0.118058
0.116772
0.115477
0.114175
0.112865
0.111549
0.110225
0.108896
0.10756
0.106219
0.104872
0.10352
0.102163
0.1008
0.0994333
0.0980617
0.0966858
0.0953056
0.0939213
0.0925331
0.091141
0.0897453
0.088346
0.0869432
0.085537
0.0841277
0.0827151
0.0812996
0.0798811
0.0784598
0.0770357
0.075609
0.0741797
0.0727478
0.0713136
0.069877
0.0684382
0.0669972
0.0655541
0.0641089
0.0626618
0.0612127
0.0597618
0.0583092
0.0568548
0.0553987
0.053941
0.0524818
0.0510211
0.049559
0.0480954
0.0466305
0.0451643
0.0436969
0.0422282
0.0407584
0.0392874
0.0378154
0.0363423
0.0348682
0.0333932
0.0319172
0.0304402
0.0289625
0.0274838
0.0260044
0.0245241
0.0230431
0.0215613
0.0200789
0.0185957
0.0171119
0.0156274
0.0141422
0.0126565
0.0111701
0.00968314
0.00819559
0.00670745
0.00521872
0.00372944
0.00223901
0.000751576
-0.0305508
-0.0353834
-0.0393363
-0.0424414
-0.0447521
-0.046332
-0.0472454
-0.0475533
-0.0473124
-0.0465743
-0.0453846
-0.0437836
-0.0418074
-0.0394881
-0.036855
-0.0339347
-0.030752
-0.0273303
-0.0236916
-0.0198575
-0.0158485
-0.0116849
-0.00738654
-0.00297282
0.00153718
0.00612479
0.0107718
0.0154606
0.0201743
0.0248964
0.0296118
0.034306
0.0389656
0.0435783
0.0481331
0.0526201
0.0570307
0.0613572
0.0655934
0.0697341
0.073775
0.0777129
0.0815454
0.0852708
0.0888882
0.0923972
0.0957976
0.0990898
0.102275
0.105352
0.108324
0.111191
0.113953
0.116612
0.119168
0.121622
0.123973
0.126224
0.128372
0.13042
0.132366
0.134211
0.135954
0.137595
0.139135
0.140573
0.14191
0.143145
0.144279
0.145313
0.146246
0.147081
0.147817
0.148457
0.149002
0.149454
0.149815
0.150086
0.150271
0.150371
0.15039
0.150329
0.150193
0.149984
0.149704
0.149358
0.148947
0.148476
0.147947
0.147363
0.146727
0.146042
0.145311
0.144537
0.143722
0.142868
0.141978
0.141055
0.1401
0.139116
0.138105
0.137067
0.136006
0.134923
0.133818
0.132695
0.131553
0.130394
0.129219
0.12803
0.126826
0.12561
0.124382
0.123142
0.121891
0.120631
0.11936
0.118081
0.116794
0.115498
0.114195
0.112884
0.111567
0.110243
0.108912
0.107576
0.106234
0.104887
0.103534
0.102176
0.100813
0.0994455
0.0980734
0.096697
0.0953164
0.0939317
0.0925431
0.0911507
0.0897545
0.0883549
0.0869518
0.0855453
0.0841356
0.0827228
0.081307
0.0798883
0.0784667
0.0770424
0.0756154
0.0741859
0.0727538
0.0713194
0.0698826
0.0684436
0.0670024
0.0655591
0.0641138
0.0626665
0.0612173
0.0597662
0.0583134
0.0568589
0.0554027
0.0539449
0.0524855
0.0510247
0.0495624
0.0480988
0.0466337
0.0451674
0.0436999
0.0422311
0.0407612
0.0392902
0.037818
0.0363449
0.0348707
0.0333956
0.0319195
0.0304425
0.0289646
0.0274859
0.0260064
0.0245261
0.023045
0.0215632
0.0200806
0.0185974
0.0171135
0.015629
0.0141438
0.012658
0.0111716
0.00968458
0.008197
0.00670884
0.00522009
0.00373079
0.00224062
0.000752394
-0.0697508
-0.0704274
-0.0707959
-0.0709185
-0.070791
-0.0704447
-0.0698968
-0.069147
-0.0681863
-0.0670032
-0.0655863
-0.0639249
-0.0620099
-0.0598327
-0.0573857
-0.0546617
-0.0516541
-0.0483568
-0.0447641
-0.0408709
-0.0366732
-0.0321676
-0.0273524
-0.0222274
-0.0167944
-0.0110579
-0.0050251
0.00129337
0.00788299
0.0147256
0.0217978
0.0290723
0.0365171
0.0440954
0.0517666
0.0594862
0.0672069
0.0748792
0.0824525
0.0898761
0.0971007
0.104079
0.110768
0.117127
0.123123
0.128728
0.133921
0.138686
0.143016
0.14691
0.150371
0.15341
0.156042
0.158285
0.160163
0.1617
0.162923
0.16386
0.164537
0.164982
0.165222
0.165283
0.165187
0.164958
0.164614
0.164175
0.163657
0.163074
0.162438
0.16176
0.161049
0.160313
0.159557
0.158788
0.158008
0.157222
0.15643
0.155635
0.154838
0.154039
0.153239
0.152436
0.151631
0.150824
0.150012
0.149196
0.148375
0.147547
0.146712
0.145869
0.145017
0.144155
0.143282
0.142398
0.141502
0.140593
0.139671
0.138736
0.137786
0.136823
0.135845
0.134852
0.133845
0.132822
0.131786
0.130734
0.129668
0.128587
0.127492
0.126383
0.12526
0.124124
0.122974
0.121811
0.120636
0.119448
0.118248
0.117037
0.115814
0.11458
0.113336
0.112081
0.110817
0.109543
0.10826
0.106968
0.105667
0.104359
0.103042
0.101718
0.100387
0.0990489
0.0977041
0.0963529
0.0949956
0.0936325
0.0922637
0.0908896
0.0895104
0.0881263
0.0867375
0.0853442
0.0839466
0.0825449
0.0811393
0.0797299
0.0783169
0.0769005
0.0754808
0.0740579
0.072632
0.0712032
0.0697716
0.0683374
0.0669007
0.0654615
0.06402
0.0625762
0.0611303
0.0596824
0.0582325
0.0567807
0.055327
0.0538717
0.0524146
0.050956
0.0494958
0.0480342
0.0465711
0.0451066
0.0436409
0.0421739
0.0407056
0.0392362
0.0377657
0.0362942
0.0348216
0.033348
0.0318734
0.0303979
0.0289216
0.0274444
0.0259664
0.0244876
0.0230081
0.0215278
0.0200469
0.0185653
0.0170831
0.0156003
0.0141169
0.012633
0.0111485
0.00966356
0.00817815
0.00669228
0.00520599
0.0037193
0.00223221
0.000745119
-0.0696266
-0.070203
-0.0704728
-0.0705485
-0.0704088
-0.0700673
-0.0695305
-0.0687932
-0.0678452
-0.0666747
-0.0652702
-0.0636214
-0.061719
-0.0595547
-0.0571208
-0.0544104
-0.0514169
-0.0481343
-0.0445571
-0.0406806
-0.0365006
-0.0320142
-0.0272198
-0.0221172
-0.0167085
-0.0109982
-0.00499362
0.00129466
0.00785201
0.0146609
0.0216978
0.0289358
0.0363431
0.0438834
0.0515166
0.0591988
0.0668831
0.0745205
0.0820611
0.0894547
0.0966523
0.103607
0.110276
0.11662
0.122605
0.128203
0.133392
0.138159
0.142494
0.146396
0.149869
0.152923
0.155573
0.157836
0.159736
0.161297
0.162544
0.163505
0.164207
0.164678
0.164943
0.165028
0.164956
0.164749
0.164427
0.164008
0.163509
0.162943
0.162323
0.161659
0.160962
0.160238
0.159493
0.158733
0.157962
0.157183
0.156398
0.155608
0.154816
0.154021
0.153224
0.152424
0.151621
0.150815
0.150005
0.149191
0.14837
0.147543
0.146708
0.145865
0.145013
0.144151
0.143278
0.142393
0.141496
0.140587
0.139665
0.138729
0.137779
0.136815
0.135836
0.134843
0.133836
0.132813
0.131776
0.130724
0.129658
0.128577
0.127482
0.126372
0.125249
0.124113
0.122963
0.1218
0.120625
0.119437
0.118238
0.117026
0.115804
0.11457
0.113326
0.112072
0.110807
0.109534
0.108251
0.106959
0.105659
0.10435
0.103034
0.10171
0.100379
0.0990413
0.0976967
0.0963458
0.0949887
0.0936258
0.0922573
0.0908835
0.0895045
0.0881206
0.086732
0.0853389
0.0839415
0.08254
0.0811346
0.0797254
0.0783126
0.0768963
0.0754768
0.0740541
0.0726283
0.0711997
0.0697683
0.0683342
0.0668976
0.0654585
0.0640171
0.0625735
0.0611277
0.0596799
0.0582301
0.0567784
0.0553248
0.0538696
0.0524126
0.0509541
0.049494
0.0480324
0.0465694
0.045105
0.0436393
0.0421724
0.0407042
0.0392349
0.0377645
0.0362929
0.0348204
0.0333468
0.0318723
0.0303969
0.0289206
0.0274434
0.0259655
0.0244867
0.0230072
0.021527
0.0200462
0.0185646
0.0170824
0.0155996
0.0141163
0.0126324
0.011148
0.00966306
0.00817767
0.00669183
0.00520557
0.00371891
0.00223182
0.000744919
-0.0694431
-0.0700261
-0.0702327
-0.0702723
-0.0701212
-0.0697834
-0.0692575
-0.0685339
-0.0676001
-0.0664436
-0.065053
-0.0634179
-0.0615291
-0.0593783
-0.0569581
-0.0542616
-0.0512824
-0.0480146
-0.0444529
-0.0405925
-0.0364296
-0.0319613
-0.027186
-0.0221037
-0.0167164
-0.0110285
-0.00504742
0.00121643
0.00774913
0.0145317
0.0215425
0.0287542
0.0361354
0.0436502
0.0512587
0.0589172
0.0665793
0.0741962
0.0817182
0.0890953
0.0962787
0.103222
0.109881
0.116218
0.122199
0.127795
0.132985
0.137755
0.142095
0.146005
0.149487
0.152552
0.155214
0.157492
0.159407
0.160984
0.162248
0.163226
0.163946
0.164435
0.164718
0.16482
0.164765
0.164575
0.164269
0.163866
0.163381
0.162829
0.162221
0.16157
0.160883
0.160169
0.159434
0.158682
0.157918
0.157146
0.156367
0.155582
0.154795
0.154004
0.15321
0.152413
0.151613
0.150809
0.15
0.149187
0.148367
0.147541
0.146706
0.145864
0.145012
0.144149
0.143276
0.142392
0.141495
0.140585
0.139663
0.138726
0.137776
0.136812
0.135833
0.134839
0.133831
0.132808
0.131771
0.130719
0.129652
0.128571
0.127476
0.126366
0.125243
0.124106
0.122957
0.121794
0.120618
0.119431
0.118231
0.117019
0.115797
0.114563
0.113319
0.112065
0.110801
0.109527
0.108244
0.106953
0.105653
0.104344
0.103028
0.101705
0.100374
0.099036
0.0976916
0.0963408
0.0949839
0.0936211
0.0922528
0.0908791
0.0895002
0.0881165
0.086728
0.0853351
0.0839379
0.0825365
0.0811312
0.0797221
0.0783094
0.0768933
0.0754739
0.0740513
0.0726256
0.0711971
0.0697658
0.0683318
0.0668953
0.0654564
0.0640151
0.0625715
0.0611258
0.0596781
0.0582283
0.0567767
0.0553232
0.053868
0.0524112
0.0509527
0.0494926
0.0480311
0.0465682
0.0451038
0.0436382
0.0421713
0.0407032
0.0392339
0.0377635
0.036292
0.0348195
0.033346
0.0318715
0.0303962
0.0289199
0.0274428
0.0259648
0.0244861
0.0230067
0.0215265
0.0200456
0.0185641
0.017082
0.0155992
0.0141159
0.012632
0.0111476
0.0096627
0.00817734
0.00669152
0.00520528
0.00371865
0.00223155
0.000744828
-0.0692522
-0.0699119
-0.0700849
-0.0701005
-0.069941
-0.0696071
-0.0690924
-0.0683828
-0.067464
-0.0663223
-0.0649461
-0.0633248
-0.0614496
-0.0593123
-0.0569056
-0.0542227
-0.0512575
-0.048004
-0.0444572
-0.0406123
-0.0364655
-0.0320139
-0.027256
-0.0221917
-0.0168229
-0.011154
-0.00519213
0.00105248
0.00756604
0.0143303
0.0213231
0.0285178
0.0358831
0.0433833
0.0509787
0.0586258
0.0662781
0.073887
0.0814026
0.0887749
0.0959551
0.102896
0.109555
0.115893
0.121875
0.127474
0.132669
0.137443
0.141789
0.145704
0.149194
0.152266
0.154937
0.157224
0.159148
0.160735
0.16201
0.163
0.163731
0.164232
0.164527
0.164642
0.164599
0.164421
0.164127
0.163736
0.163262
0.162721
0.162125
0.161483
0.160806
0.160101
0.159374
0.15863
0.157873
0.157107
0.156334
0.155555
0.154772
0.153985
0.153195
0.152401
0.151604
0.150802
0.149996
0.149184
0.148366
0.14754
0.146707
0.145865
0.145014
0.144152
0.143279
0.142394
0.141497
0.140588
0.139665
0.138728
0.137778
0.136813
0.135834
0.13484
0.133832
0.132809
0.131771
0.130718
0.129651
0.12857
0.127474
0.126365
0.125241
0.124104
0.122954
0.121791
0.120615
0.119428
0.118228
0.117016
0.115794
0.11456
0.113316
0.112061
0.110797
0.109524
0.108241
0.106949
0.105649
0.104341
0.103025
0.101701
0.10037
0.0990327
0.0976883
0.0963376
0.0949808
0.0936181
0.0922498
0.0908762
0.0894975
0.0881138
0.0867254
0.0853326
0.0839354
0.0825341
0.0811289
0.0797199
0.0783073
0.0768913
0.0754719
0.0740494
0.0726238
0.0711954
0.0697642
0.0683303
0.0668938
0.0654549
0.0640137
0.0625702
0.0611245
0.0596768
0.0582272
0.0567756
0.0553222
0.053867
0.0524102
0.0509517
0.0494917
0.0480303
0.0465674
0.0451031
0.0436375
0.0421706
0.0407025
0.0392333
0.0377629
0.0362915
0.034819
0.0333455
0.031871
0.0303957
0.0289194
0.0274423
0.0259644
0.0244857
0.0230063
0.0215261
0.0200453
0.0185638
0.0170817
0.0155989
0.0141156
0.0126317
0.0111474
0.00966248
0.00817713
0.00669133
0.0052051
0.00371849
0.00223141
0.000744763
-0.0691048
-0.0698691
-0.0700224
-0.0700223
-0.069858
-0.0695294
-0.0690262
-0.0683308
-0.0674267
-0.0662994
-0.064937
-0.0633291
-0.0614669
-0.0593424
-0.0569485
-0.0542787
-0.0513268
-0.0480871
-0.0445547
-0.0407247
-0.0365935
-0.032158
-0.0274167
-0.0223693
-0.0170177
-0.0113659
-0.00542084
0.000807496
0.00730544
0.0140552
0.0210348
0.0282178
0.0355731
0.0430651
0.0506542
0.0582969
0.0659466
0.0735545
0.0810706
0.0884448
0.0956279
0.102573
0.109236
0.115578
0.121566
0.12717
0.132369
0.137148
0.141499
0.14542
0.148914
0.151992
0.154669
0.156961
0.158893
0.160487
0.16177
0.162768
0.163509
0.164019
0.164324
0.16445
0.164418
0.164251
0.163969
0.163589
0.163127
0.162597
0.162012
0.161381
0.160714
0.160019
0.159301
0.158566
0.157818
0.157059
0.156293
0.15552
0.154743
0.153961
0.153176
0.152386
0.151593
0.150794
0.149991
0.149181
0.148365
0.147542
0.14671
0.145869
0.145018
0.144157
0.143285
0.1424
0.141504
0.140594
0.139671
0.138735
0.137784
0.136819
0.135839
0.134845
0.133836
0.132813
0.131775
0.130722
0.129654
0.128572
0.127476
0.126366
0.125243
0.124105
0.122955
0.121792
0.120616
0.119427
0.118227
0.117016
0.115793
0.114559
0.113315
0.11206
0.110796
0.109522
0.108239
0.106947
0.105647
0.104339
0.103023
0.101699
0.100368
0.0990307
0.0976863
0.0963356
0.0949788
0.0936161
0.0922479
0.0908743
0.0894956
0.0881119
0.0867236
0.0853308
0.0839337
0.0825325
0.0811273
0.0797184
0.0783058
0.0768898
0.0754705
0.074048
0.0726225
0.0711941
0.0697629
0.0683291
0.0668927
0.0654538
0.0640126
0.0625692
0.0611236
0.0596759
0.0582263
0.0567748
0.0553214
0.0538663
0.0524095
0.0509511
0.0494911
0.0480296
0.0465668
0.0451025
0.0436369
0.0421701
0.0407021
0.0392328
0.0377625
0.036291
0.0348186
0.0333451
0.0318707
0.0303953
0.0289191
0.027442
0.0259641
0.0244855
0.023006
0.0215259
0.0200451
0.0185636
0.0170814
0.0155987
0.0141154
0.0126316
0.0111472
0.00966232
0.00817698
0.00669119
0.00520498
0.00371837
0.00223132
0.000744631
-0.069048
-0.0699237
-0.070064
-0.0700538
-0.0698878
-0.0695651
-0.0690725
-0.0683894
-0.0674978
-0.0663826
-0.0650316
-0.0634347
-0.0615832
-0.0594695
-0.0570865
-0.0544279
-0.0514878
-0.0482605
-0.0447411
-0.0409248
-0.0368079
-0.0323872
-0.027661
-0.022629
-0.0172927
-0.0116559
-0.00572521
0.000489622
0.00697516
0.013714
0.0206843
0.0278598
0.0352096
0.0426982
0.0502857
0.0579287
0.0655803
0.0731916
0.0807122
0.0880916
0.0952803
0.102231
0.1089
0.115248
0.121241
0.126849
0.132052
0.136835
0.141189
0.145113
0.148611
0.151692
0.154371
0.156668
0.158604
0.160204
0.161493
0.162499
0.163248
0.163767
0.164083
0.164219
0.164199
0.164044
0.163775
0.163407
0.162959
0.162442
0.161869
0.161251
0.160597
0.159913
0.159207
0.158483
0.157744
0.156995
0.156238
0.155474
0.154704
0.153929
0.15315
0.152366
0.151578
0.150784
0.149984
0.149178
0.148365
0.147544
0.146714
0.145875
0.145026
0.144166
0.143294
0.142411
0.141514
0.140605
0.139682
0.138745
0.137795
0.136829
0.135849
0.134855
0.133846
0.132822
0.131783
0.130729
0.129661
0.128579
0.127482
0.126372
0.125248
0.12411
0.122959
0.121795
0.120619
0.11943
0.11823
0.117018
0.115794
0.11456
0.113316
0.112061
0.110796
0.109522
0.108239
0.106947
0.105647
0.104338
0.103022
0.101698
0.100368
0.0990297
0.0976853
0.0963345
0.0949777
0.093615
0.0922467
0.0908731
0.0894944
0.0881107
0.0867224
0.0853296
0.0839325
0.0825313
0.0811262
0.0797172
0.0783047
0.0768887
0.0754695
0.074047
0.0726216
0.0711932
0.069762
0.0683282
0.0668918
0.065453
0.0640119
0.0625685
0.0611229
0.0596753
0.0582257
0.0567742
0.0553208
0.0538657
0.052409
0.0509506
0.0494906
0.0480292
0.0465664
0.0451021
0.0436366
0.0421698
0.0407017
0.0392325
0.0377622
0.0362908
0.0348183
0.0333449
0.0318705
0.0303951
0.0289189
0.0274418
0.025964
0.0244853
0.0230059
0.0215257
0.0200449
0.0185634
0.0170813
0.0155986
0.0141153
0.0126314
0.0111471
0.00966221
0.00817688
0.00669109
0.00520488
0.00371827
0.00223128
0.000744381
-0.069125
-0.0701062
-0.0702341
-0.070216
-0.0700484
-0.0697297
-0.069244
-0.0685687
-0.0676848
-0.0665768
-0.0652327
-0.0636425
-0.0617977
-0.059691
-0.0573156
-0.0546653
-0.0517342
-0.0485167
-0.0450079
-0.0412031
-0.0370982
-0.0326901
-0.0279768
-0.0229578
-0.0176343
-0.0120097
-0.00609043
0.000113994
0.00659048
0.0133218
0.0202865
0.0274583
0.0348063
0.0422949
0.0498842
0.0575304
0.0651865
0.0728029
0.0803292
0.0877146
0.094909
0.101865
0.108538
0.11489
0.120885
0.126495
0.131699
0.136481
0.140835
0.144758
0.148255
0.151336
0.154017
0.156315
0.158254
0.159857
0.161152
0.162164
0.162922
0.163451
0.163778
0.163926
0.16392
0.16378
0.163525
0.163174
0.162741
0.16224
0.161683
0.161081
0.160442
0.159774
0.159082
0.158372
0.157647
0.15691
0.156164
0.155411
0.154651
0.153886
0.153115
0.152338
0.151557
0.150769
0.149974
0.149173
0.148364
0.147546
0.14672
0.145883
0.145036
0.144178
0.143307
0.142425
0.141529
0.14062
0.139698
0.138761
0.13781
0.136845
0.135865
0.13487
0.13386
0.132835
0.131796
0.130742
0.129673
0.12859
0.127493
0.126381
0.125256
0.124118
0.122966
0.121802
0.120625
0.119436
0.118235
0.117022
0.115798
0.114564
0.113319
0.112063
0.110799
0.109524
0.108241
0.106949
0.105648
0.104339
0.103023
0.101699
0.100368
0.0990298
0.0976852
0.0963343
0.0949774
0.0936146
0.0922462
0.0908726
0.0894938
0.0881101
0.0867218
0.0853289
0.0839318
0.0825306
0.0811254
0.0797165
0.078304
0.076888
0.0754688
0.0740463
0.0726209
0.0711925
0.0697614
0.0683276
0.0668913
0.0654525
0.0640113
0.0625679
0.0611224
0.0596748
0.0582252
0.0567737
0.0553204
0.0538653
0.0524086
0.0509502
0.0494903
0.0480289
0.0465661
0.0451019
0.0436363
0.0421695
0.0407015
0.0392323
0.037762
0.0362906
0.0348181
0.0333447
0.0318703
0.030395
0.0289188
0.0274417
0.0259638
0.0244852
0.0230058
0.0215256
0.0200448
0.0185633
0.0170812
0.0155985
0.0141152
0.0126314
0.011147
0.00966214
0.0081768
0.00669101
0.00520481
0.00371818
0.00223126
0.000743977
-0.0693758
-0.0704453
-0.0705544
-0.070524
-0.0703499
-0.0700289
-0.0695429
-0.0688677
-0.0679838
-0.0668759
-0.065532
-0.0639425
-0.0620991
-0.0599946
-0.0576224
-0.0549764
-0.0520506
-0.0488396
-0.0453383
-0.0415418
-0.0374461
-0.0330476
-0.0283443
-0.0233353
-0.0180214
-0.0124059
-0.00649485
-0.000297524
0.00617326
0.0129005
0.0198626
0.0270336
0.0343823
0.0418731
0.0494656
0.0571158
0.0647762
0.0723972
0.0799275
0.0873161
0.0945127
0.10147
0.108143
0.114492
0.120483
0.126089
0.131288
0.136065
0.140412
0.144329
0.147821
0.150898
0.153575
0.155872
0.157812
0.159418
0.160718
0.161738
0.162505
0.163045
0.163386
0.163549
0.16356
0.163438
0.163202
0.16287
0.162457
0.161977
0.161441
0.160859
0.16024
0.159591
0.158918
0.158226
0.157518
0.156797
0.156067
0.155327
0.15458
0.153827
0.153067
0.1523
0.151527
0.150748
0.14996
0.149165
0.148362
0.147549
0.146726
0.145893
0.145049
0.144193
0.143325
0.142443
0.141549
0.140641
0.139719
0.138782
0.137831
0.136866
0.135885
0.13489
0.133879
0.132854
0.131814
0.130759
0.129689
0.128605
0.127507
0.126395
0.125269
0.12413
0.122977
0.121812
0.120634
0.119444
0.118243
0.117029
0.115805
0.11457
0.113324
0.112068
0.110803
0.109528
0.108244
0.106951
0.10565
0.104341
0.103025
0.1017
0.100369
0.0990308
0.0976861
0.096335
0.0949778
0.0936149
0.0922464
0.0908726
0.0894938
0.08811
0.0867216
0.0853287
0.0839315
0.0825302
0.0811251
0.0797161
0.0783036
0.0768876
0.0754683
0.0740459
0.0726204
0.0711921
0.069761
0.0683272
0.0668908
0.0654521
0.0640109
0.0625676
0.0611221
0.0596745
0.0582249
0.0567734
0.0553201
0.0538651
0.0524083
0.05095
0.0494901
0.0480287
0.0465659
0.0451017
0.0436362
0.0421694
0.0407014
0.0392322
0.0377619
0.0362905
0.0348181
0.0333446
0.0318702
0.0303949
0.0289187
0.0274417
0.0259638
0.0244851
0.0230057
0.0215256
0.0200448
0.0185633
0.0170812
0.0155985
0.0141152
0.0126313
0.0111469
0.00966207
0.00817673
0.00669094
0.00520474
0.00371808
0.00223126
0.000743395
-0.0698392
-0.0709672
-0.0710411
-0.0709853
-0.0707926
-0.0704576
-0.0699597
-0.0692737
-0.0683799
-0.067263
-0.0659113
-0.0643154
-0.0624671
-0.0603593
-0.0579853
-0.0553391
-0.0524146
-0.0492063
-0.0457089
-0.0419174
-0.0378274
-0.0334349
-0.0287386
-0.0237359
-0.0184282
-0.0128183
-0.00691218
-0.00071862
0.0057496
0.0124755
0.0194376
0.0266096
0.0339601
0.0414532
0.0490483
0.0567009
0.064363
0.0719846
0.0795141
0.0869001
0.0940921
0.101042
0.107707
0.114045
0.120025
0.125617
0.130801
0.135564
0.139897
0.143801
0.147281
0.150349
0.153019
0.155312
0.15725
0.158859
0.160164
0.161192
0.16197
0.162526
0.162883
0.163066
0.163098
0.162998
0.162787
0.162481
0.162094
0.16164
0.16113
0.160574
0.15998
0.159356
0.158707
0.158037
0.157351
0.156651
0.155939
0.155218
0.154488
0.15375
0.153003
0.15225
0.151488
0.150719
0.149941
0.149154
0.148357
0.147551
0.146734
0.145905
0.145064
0.144212
0.143346
0.142467
0.141574
0.140667
0.139745
0.138809
0.137859
0.136893
0.135912
0.134916
0.133905
0.132879
0.131837
0.130782
0.129711
0.128626
0.127527
0.126413
0.125286
0.124146
0.122992
0.121826
0.120647
0.119456
0.118254
0.117039
0.115814
0.114578
0.113332
0.112075
0.110809
0.109533
0.108249
0.106956
0.105654
0.104345
0.103028
0.101703
0.100371
0.0990328
0.0976877
0.0963364
0.094979
0.0936159
0.0922472
0.0908732
0.0894942
0.0881103
0.0867218
0.0853288
0.0839316
0.0825302
0.081125
0.079716
0.0783034
0.0768874
0.0754681
0.0740456
0.0726202
0.0711918
0.0697607
0.0683269
0.0668906
0.0654518
0.0640107
0.0625673
0.0611218
0.0596742
0.0582247
0.0567732
0.0553199
0.0538649
0.0524082
0.0509499
0.04949
0.0480286
0.0465658
0.0451016
0.0436361
0.0421693
0.0407013
0.0392321
0.0377618
0.0362905
0.034818
0.0333446
0.0318702
0.0303949
0.0289187
0.0274417
0.0259638
0.0244851
0.0230057
0.0215256
0.0200448
0.0185633
0.0170812
0.0155984
0.0141151
0.0126313
0.0111469
0.00966202
0.00817667
0.00669087
0.00520467
0.00371796
0.00223128
0.000742631
-0.0705554
-0.0716946
-0.0717036
-0.0715973
-0.0713653
-0.0709983
-0.070473
-0.0697627
-0.0688472
-0.0677114
-0.0663435
-0.0647339
-0.0628744
-0.0607578
-0.0583772
-0.0557264
-0.0527992
-0.0495897
-0.0460925
-0.0423023
-0.0382145
-0.0338255
-0.0291312
-0.0241315
-0.0188264
-0.0132186
-0.00731388
-0.00112099
0.00534727
0.0120739
0.0190372
0.0262106
0.0335625
0.0410564
0.0486513
0.0563021
0.0639606
0.071576
0.0790966
0.0864707
0.093648
0.100581
0.107224
0.113541
0.119496
0.125063
0.130222
0.134959
0.139269
0.143152
0.146613
0.149665
0.152324
0.154609
0.156544
0.158154
0.159465
0.160504
0.161296
0.16187
0.162249
0.162457
0.162515
0.162446
0.162265
0.161991
0.161636
0.161215
0.160738
0.160215
0.159654
0.15906
0.158441
0.1578
0.157141
0.156466
0.155779
0.15508
0.15437
0.153651
0.152923
0.152185
0.151438
0.150681
0.149915
0.149138
0.14835
0.147552
0.146741
0.145918
0.145083
0.144234
0.143371
0.142495
0.141604
0.140699
0.139778
0.138843
0.137892
0.136926
0.135945
0.134948
0.133936
0.132909
0.131867
0.13081
0.129738
0.128652
0.127551
0.126437
0.125308
0.124166
0.123012
0.121844
0.120664
0.119472
0.118268
0.117052
0.115826
0.114589
0.113342
0.112084
0.110817
0.109541
0.108256
0.106962
0.10566
0.10435
0.103032
0.101707
0.100375
0.0990358
0.0976903
0.0963386
0.0949809
0.0936175
0.0922486
0.0908744
0.0894952
0.0881111
0.0867225
0.0853293
0.083932
0.0825305
0.0811252
0.0797161
0.0783035
0.0768874
0.0754681
0.0740456
0.0726201
0.0711917
0.0697606
0.0683268
0.0668904
0.0654517
0.0640105
0.0625672
0.0611217
0.0596741
0.0582246
0.0567731
0.0553198
0.0538648
0.0524081
0.0509498
0.0494899
0.0480285
0.0465658
0.0451016
0.0436361
0.0421693
0.0407013
0.0392322
0.0377619
0.0362905
0.0348181
0.0333446
0.0318703
0.030395
0.0289188
0.0274417
0.0259638
0.0244852
0.0230058
0.0215256
0.0200448
0.0185633
0.0170812
0.0155984
0.0141151
0.0126313
0.0111469
0.00966197
0.00817661
0.00669079
0.00520459
0.00371783
0.00223132
0.000741696
-0.0715699
-0.0726453
-0.0725411
-0.0723448
-0.0720431
-0.0716207
-0.0710494
-0.0703
-0.0693511
-0.0681868
-0.0667948
-0.0651651
-0.0632891
-0.0611589
-0.0587675
-0.0561082
-0.0531747
-0.0499605
-0.0464601
-0.0426678
-0.0385785
-0.0341882
-0.0294934
-0.0244931
-0.0191872
-0.0135783
-0.00767206
-0.00147734
0.00499296
0.0117216
0.0186864
0.0258605
0.0332116
0.0407027
0.0482922
0.0559345
0.0635809
0.0711803
0.0786808
0.0860306
0.0931795
0.10008
0.106689
0.112968
0.118884
0.124412
0.129532
0.134232
0.138507
0.142358
0.145793
0.148823
0.151465
0.15374
0.15567
0.157282
0.1586
0.159652
0.160463
0.16106
0.161466
0.161705
0.161798
0.161765
0.161623
0.161388
0.161075
0.160695
0.160258
0.159775
0.159253
0.158698
0.158115
0.157509
0.156883
0.15624
0.155582
0.15491
0.154226
0.15353
0.152822
0.152104
0.151375
0.150634
0.149881
0.149117
0.148341
0.147551
0.146749
0.145933
0.145104
0.14426
0.143402
0.142528
0.14164
0.140737
0.139817
0.138883
0.137932
0.136966
0.135985
0.134987
0.133975
0.132946
0.131903
0.130845
0.129771
0.128683
0.127581
0.126465
0.125335
0.124192
0.123035
0.121866
0.120684
0.119491
0.118285
0.117069
0.115841
0.114603
0.113354
0.112096
0.110828
0.109551
0.108264
0.10697
0.105667
0.104356
0.103038
0.101712
0.100379
0.0990398
0.0976938
0.0963417
0.0949837
0.0936199
0.0922507
0.0908762
0.0894967
0.0881125
0.0867236
0.0853303
0.0839327
0.0825312
0.0811257
0.0797166
0.0783038
0.0768877
0.0754683
0.0740458
0.0726202
0.0711918
0.0697606
0.0683268
0.0668905
0.0654517
0.0640105
0.0625672
0.0611217
0.0596741
0.0582246
0.0567731
0.0553199
0.0538648
0.0524081
0.0509498
0.04949
0.0480286
0.0465658
0.0451016
0.0436361
0.0421694
0.0407014
0.0392322
0.037762
0.0362906
0.0348182
0.0333447
0.0318704
0.0303951
0.0289189
0.0274418
0.0259639
0.0244853
0.0230058
0.0215257
0.0200449
0.0185634
0.0170812
0.0155985
0.0141151
0.0126313
0.0111468
0.00966193
0.00817655
0.00669072
0.00520451
0.00371768
0.00223138
0.000740623
-0.0729407
-0.0738309
-0.0735403
-0.0731978
-0.0727869
-0.0722815
-0.0716447
-0.0708423
-0.0698498
-0.0686495
-0.0672276
-0.0655732
-0.0636767
-0.0615297
-0.0591245
-0.056454
-0.0535111
-0.0502893
-0.0467828
-0.0429852
-0.0388914
-0.0344968
-0.0297981
-0.0247936
-0.0194835
-0.0138703
-0.00795978
-0.00176108
0.00471254
0.0114433
0.0184087
0.0255808
0.032927
0.0404094
0.0479858
0.0556102
0.0632332
0.0708036
0.0782696
0.0855794
0.0926835
0.099535
0.106091
0.112315
0.118176
0.123648
0.128714
0.133364
0.137592
0.141401
0.144801
0.147802
0.150423
0.152685
0.15461
0.156224
0.157552
0.15862
0.159455
0.160081
0.160521
0.160799
0.160934
0.160946
0.160852
0.160666
0.160401
0.160071
0.159684
0.159249
0.158774
0.158265
0.157726
0.157161
0.156575
0.155969
0.155346
0.154707
0.154053
0.153384
0.152702
0.152007
0.151298
0.150576
0.149841
0.149091
0.148328
0.14755
0.146758
0.14595
0.145128
0.14429
0.143437
0.142567
0.141682
0.140781
0.139863
0.13893
0.13798
0.137014
0.136032
0.135034
0.13402
0.132991
0.131946
0.130886
0.129811
0.128721
0.127617
0.126499
0.125367
0.124222
0.123064
0.121893
0.120709
0.119514
0.118307
0.117089
0.115859
0.11462
0.11337
0.11211
0.110841
0.109562
0.108275
0.10698
0.105676
0.104364
0.103045
0.101718
0.100385
0.0990449
0.0976984
0.0963458
0.0949873
0.0936231
0.0922535
0.0908787
0.0894989
0.0881144
0.0867252
0.0853317
0.083934
0.0825322
0.0811266
0.0797174
0.0783045
0.0768883
0.0754688
0.0740462
0.0726206
0.0711921
0.0697609
0.068327
0.0668907
0.0654519
0.0640107
0.0625673
0.0611218
0.0596743
0.0582247
0.0567733
0.05532
0.053865
0.0524083
0.05095
0.0494901
0.0480288
0.046566
0.0451018
0.0436363
0.0421696
0.0407016
0.0392324
0.0377621
0.0362908
0.0348184
0.0333449
0.0318705
0.0303952
0.028919
0.027442
0.0259641
0.0244854
0.023006
0.0215258
0.020045
0.0185635
0.0170813
0.0155985
0.0141152
0.0126313
0.0111468
0.00966191
0.00817651
0.00669065
0.00520443
0.00371753
0.00223145
0.000739462
-0.0747487
-0.0752539
-0.0746712
-0.0741097
-0.0735433
-0.0729265
-0.0722069
-0.0713409
-0.0702983
-0.0690577
-0.0676032
-0.0659221
-0.0640036
-0.0618383
-0.059418
-0.0567346
-0.053781
-0.05055
-0.0470345
-0.0432289
-0.0391273
-0.0347251
-0.0300188
-0.0250067
-0.0196891
-0.0140688
-0.00815179
-0.00194778
0.00452939
0.0112612
0.0182244
0.0253902
0.0327251
0.0401906
0.0477437
0.0553378
0.0629233
0.070449
0.0778631
0.0851146
0.0921546
0.0989373
0.105422
0.111572
0.117358
0.122757
0.127753
0.132337
0.136507
0.140264
0.14362
0.146587
0.149183
0.151429
0.153349
0.154967
0.156308
0.157398
0.158262
0.158924
0.159407
0.159731
0.159918
0.159984
0.159946
0.159818
0.159613
0.159341
0.159013
0.158635
0.158216
0.15776
0.157272
0.156757
0.156217
0.155654
0.155072
0.15447
0.153851
0.153215
0.152563
0.151894
0.151209
0.150509
0.149793
0.149061
0.148312
0.147548
0.146767
0.14597
0.145156
0.144325
0.143477
0.142612
0.141731
0.140832
0.139917
0.138984
0.138035
0.137069
0.136086
0.135088
0.134073
0.133042
0.131995
0.130934
0.129857
0.128765
0.127659
0.126539
0.125405
0.124257
0.123097
0.121924
0.120738
0.119541
0.118332
0.117112
0.115881
0.11464
0.113388
0.112127
0.110856
0.109577
0.108288
0.106991
0.105686
0.104374
0.103054
0.101726
0.100392
0.0990514
0.0977043
0.096351
0.0949919
0.0936273
0.0922572
0.090882
0.0895018
0.0881169
0.0867275
0.0853337
0.0839358
0.0825338
0.081128
0.0797186
0.0783056
0.0768892
0.0754696
0.0740469
0.0726213
0.0711927
0.0697615
0.0683275
0.0668911
0.0654523
0.0640111
0.0625677
0.0611222
0.0596746
0.058225
0.0567736
0.0553203
0.0538653
0.0524086
0.0509503
0.0494904
0.0480291
0.0465663
0.0451021
0.0436366
0.0421699
0.0407019
0.0392327
0.0377624
0.0362911
0.0348187
0.0333452
0.0318708
0.0303955
0.0289193
0.0274422
0.0259643
0.0244856
0.0230062
0.021526
0.0200452
0.0185636
0.0170814
0.0155987
0.0141153
0.0126313
0.0111469
0.00966192
0.0081765
0.0066906
0.00520437
0.00371739
0.00223155
0.000738279
-0.0771151
-0.0769055
-0.0758839
-0.0750164
-0.0742465
-0.0734936
-0.0726798
-0.0717456
-0.0706518
-0.0693716
-0.0678859
-0.0661795
-0.0642401
-0.0620574
-0.0596218
-0.0569252
-0.0539595
-0.0507171
-0.0471907
-0.0433741
-0.0392616
-0.0348484
-0.0301311
-0.0251081
-0.01978
-0.0141502
-0.0082252
-0.00201545
0.00446431
0.0111947
0.0181512
0.0253043
0.0326194
0.0400572
0.047574
0.0551228
0.062654
0.0701164
0.0774589
0.0846312
0.0915857
0.0982781
0.104669
0.110725
0.116417
0.121726
0.126636
0.13114
0.135238
0.138934
0.142239
0.145166
0.147734
0.149965
0.15188
0.153505
0.154864
0.155981
0.156881
0.157587
0.158121
0.158502
0.158749
0.158879
0.158908
0.158848
0.158711
0.158507
0.158246
0.157935
0.157579
0.157185
0.156756
0.156296
0.155809
0.155297
0.15476
0.154202
0.153623
0.153023
0.152404
0.151766
0.151109
0.150433
0.149739
0.149026
0.148295
0.147546
0.146778
0.145992
0.145187
0.144364
0.143523
0.142664
0.141786
0.140891
0.139977
0.139046
0.138098
0.137132
0.136149
0.135149
0.134133
0.133101
0.132052
0.130988
0.129909
0.128815
0.127707
0.126584
0.125448
0.124298
0.123135
0.12196
0.120772
0.119573
0.118361
0.117139
0.115906
0.114663
0.11341
0.112147
0.110875
0.109593
0.108304
0.107005
0.105699
0.104386
0.103064
0.101736
0.100401
0.0990593
0.0977114
0.0963575
0.0949978
0.0936325
0.0922619
0.0908862
0.0895056
0.0881204
0.0867306
0.0853365
0.0839382
0.082536
0.08113
0.0797204
0.0783072
0.0768907
0.075471
0.0740481
0.0726224
0.0711937
0.0697624
0.0683284
0.0668919
0.065453
0.0640118
0.0625684
0.0611228
0.0596752
0.0582256
0.0567742
0.0553209
0.0538658
0.0524091
0.0509508
0.0494909
0.0480296
0.0465668
0.0451026
0.0436371
0.0421704
0.0407024
0.0392332
0.0377629
0.0362915
0.0348191
0.0333457
0.0318713
0.0303959
0.0289197
0.0274426
0.0259647
0.024486
0.0230065
0.0215263
0.0200454
0.0185639
0.0170817
0.0155988
0.0141154
0.0126315
0.011147
0.00966199
0.00817652
0.00669059
0.00520434
0.00371728
0.00223167
0.000737147
-0.0802254
-0.0787575
-0.0771046
-0.0758384
-0.0748224
-0.0739185
-0.0730089
-0.0720109
-0.0708718
-0.069558
-0.0680461
-0.0663185
-0.0643613
-0.0621631
-0.0597137
-0.0570039
-0.054025
-0.0507693
-0.0472295
-0.043399
-0.0392722
-0.0348444
-0.0301125
-0.0250753
-0.0197341
-0.0140928
-0.00815903
-0.00194418
0.00453587
0.0112605
0.018204
0.0253358
0.0326202
0.040017
0.0474821
0.054968
0.0624254
0.0698036
0.0770524
0.0841229
0.0909689
0.0975484
0.103824
0.109764
0.115343
0.120544
0.125352
0.129764
0.13378
0.137406
0.140653
0.143537
0.146076
0.148291
0.150204
0.15184
0.153222
0.154373
0.155317
0.156076
0.156669
0.157116
0.157434
0.157638
0.157743
0.15776
0.157701
0.157575
0.15739
0.157153
0.156869
0.156544
0.156182
0.155785
0.155357
0.1549
0.154415
0.153905
0.15337
0.152811
0.152229
0.151625
0.150998
0.15035
0.14968
0.148989
0.148277
0.147544
0.146791
0.146017
0.145223
0.144409
0.143575
0.142721
0.141848
0.140956
0.140045
0.139116
0.138168
0.137202
0.136219
0.135218
0.134201
0.133167
0.132116
0.13105
0.129969
0.128872
0.127761
0.126636
0.125497
0.124344
0.123179
0.122001
0.120811
0.119609
0.118395
0.117171
0.115935
0.11469
0.113435
0.11217
0.110896
0.109613
0.108322
0.107022
0.105714
0.104399
0.103077
0.101748
0.100411
0.0990689
0.0977201
0.0963653
0.0950049
0.093639
0.0922678
0.0908915
0.0895104
0.0881247
0.0867345
0.08534
0.0839415
0.082539
0.0811327
0.0797228
0.0783094
0.0768927
0.0754728
0.0740499
0.0726239
0.0711952
0.0697637
0.0683297
0.0668931
0.0654542
0.0640129
0.0625694
0.0611238
0.0596762
0.0582265
0.056775
0.0553217
0.0538667
0.0524099
0.0509516
0.0494917
0.0480303
0.0465675
0.0451033
0.0436378
0.042171
0.040703
0.0392339
0.0377636
0.0362922
0.0348197
0.0333463
0.0318718
0.0303965
0.0289202
0.0274431
0.0259652
0.0244865
0.023007
0.0215268
0.0200458
0.0185642
0.017082
0.0155991
0.0141157
0.0126317
0.0111472
0.00966212
0.00817662
0.00669064
0.00520436
0.00371721
0.0022318
0.000736149
-0.0843478
-0.0807393
-0.0782351
-0.0764865
-0.0751968
-0.0741429
-0.0731492
-0.0721006
-0.0709285
-0.0695913
-0.0680615
-0.0663191
-0.0643489
-0.0621381
-0.0596758
-0.0569523
-0.0539589
-0.0506876
-0.0471312
-0.0432832
-0.0391382
-0.0346918
-0.0299416
-0.024887
-0.0195302
-0.0138763
-0.00793388
-0.00171587
0.00476051
0.0114732
0.0183953
0.0254947
0.0327349
0.0400749
0.0474702
0.0548734
0.0622355
0.0695067
0.0766383
0.083583
0.090297
0.0967404
0.102879
0.108683
0.114131
0.119206
0.123899
0.128207
0.132132
0.135681
0.138867
0.141705
0.144215
0.146416
0.148331
0.149983
0.151394
0.152587
0.153583
0.154403
0.155065
0.155587
0.155985
0.156272
0.156463
0.156567
0.156595
0.156555
0.156454
0.156299
0.156095
0.155846
0.155556
0.155229
0.154865
0.154469
0.154041
0.153583
0.153097
0.152582
0.152041
0.151473
0.15088
0.150261
0.149618
0.14895
0.148259
0.147544
0.146807
0.146046
0.145264
0.144459
0.143633
0.142786
0.141918
0.141029
0.140121
0.139193
0.138246
0.137281
0.136297
0.135295
0.134276
0.13324
0.132188
0.131119
0.130035
0.128936
0.127822
0.126694
0.125552
0.124396
0.123228
0.122047
0.120854
0.119649
0.118433
0.117206
0.115968
0.114721
0.113463
0.112196
0.11092
0.109635
0.108342
0.107041
0.105732
0.104415
0.103092
0.101761
0.100424
0.0990801
0.0977303
0.0963747
0.0950134
0.0936468
0.0922749
0.090898
0.0895164
0.0881301
0.0867395
0.0853446
0.0839456
0.0825428
0.0811362
0.079726
0.0783124
0.0768955
0.0754753
0.0740522
0.0726261
0.0711972
0.0697657
0.0683315
0.0668948
0.0654558
0.0640144
0.0625709
0.0611252
0.0596775
0.0582278
0.0567763
0.0553229
0.0538678
0.0524111
0.0509527
0.0494928
0.0480314
0.0465685
0.0451043
0.0436388
0.042172
0.040704
0.0392348
0.0377644
0.036293
0.0348206
0.0333471
0.0318726
0.0303973
0.028921
0.0274439
0.0259659
0.0244871
0.0230076
0.0215273
0.0200464
0.0185648
0.0170825
0.0155996
0.0141161
0.012632
0.0111474
0.00966235
0.00817679
0.00669076
0.00520444
0.00371721
0.00223194
0.000735363
-0.0898353
-0.0826966
-0.0791497
-0.0768742
-0.0753062
-0.0741221
-0.0730707
-0.0719935
-0.0708051
-0.0694578
-0.0679202
-0.0661702
-0.0641908
-0.0619689
-0.0594934
-0.0567548
-0.0537443
-0.0504541
-0.046877
-0.043007
-0.0388391
-0.0343698
-0.0295974
-0.0245224
-0.0191482
-0.0134812
-0.00753182
-0.00131429
0.00515249
0.0118449
0.0187345
0.0257881
0.0329682
0.0402331
0.0475384
0.0548368
0.0620804
0.0692207
0.0762107
0.0830056
0.0895641
0.0958494
0.10183
0.10748
0.112779
0.117715
0.122281
0.126475
0.130302
0.13377
0.136893
0.139686
0.142168
0.14436
0.146282
0.147956
0.149403
0.150645
0.151702
0.152591
0.153331
0.153936
0.154423
0.154803
0.155087
0.155286
0.155409
0.155462
0.155453
0.155387
0.155269
0.155102
0.15489
0.154636
0.154343
0.154011
0.153644
0.153243
0.152808
0.152341
0.151842
0.151314
0.150756
0.150169
0.149554
0.148912
0.148243
0.147547
0.146826
0.14608
0.14531
0.144515
0.143697
0.142857
0.141994
0.14111
0.140204
0.139278
0.138332
0.137366
0.136382
0.135379
0.134358
0.13332
0.132266
0.131194
0.130108
0.129005
0.127888
0.126757
0.125612
0.124453
0.123282
0.122098
0.120901
0.119694
0.118475
0.117245
0.116005
0.114755
0.113495
0.112225
0.110947
0.10966
0.108365
0.107062
0.105752
0.104434
0.103108
0.101776
0.100438
0.0990931
0.0977423
0.0963857
0.0950235
0.093656
0.0922833
0.0909058
0.0895235
0.0881367
0.0867455
0.0853501
0.0839507
0.0825475
0.0811405
0.07973
0.0783161
0.0768989
0.0754786
0.0740552
0.072629
0.0711999
0.0697682
0.0683339
0.0668971
0.0654579
0.0640165
0.0625728
0.0611271
0.0596793
0.0582296
0.0567779
0.0553245
0.0538694
0.0524126
0.0509542
0.0494942
0.0480328
0.0465699
0.0451056
0.0436401
0.0421733
0.0407052
0.039236
0.0377656
0.0362941
0.0348216
0.0333481
0.0318737
0.0303982
0.0289219
0.0274448
0.0259668
0.024488
0.0230084
0.0215281
0.0200471
0.0185654
0.0170831
0.0156001
0.0141166
0.0126325
0.0111478
0.00966268
0.00817706
0.00669096
0.0052046
0.00371728
0.00223209
0.000734863
-0.0973187
-0.084413
-0.0796252
-0.0769521
-0.0751247
-0.07384
-0.0727686
-0.0716893
-0.0705022
-0.0691569
-0.0676193
-0.0658651
-0.0638778
-0.0616442
-0.0591537
-0.0563967
-0.0533649
-0.0500506
-0.0464474
-0.0425499
-0.038354
-0.0338571
-0.0290589
-0.0239611
-0.0185688
-0.0128901
-0.00693701
-0.000725733
0.0057231
0.0123842
0.0192278
0.0262195
0.0333211
0.0404906
0.0476837
0.0548542
0.0619551
0.0689402
0.0757646
0.0823864
0.0887673
0.0948739
0.100678
0.106157
0.111294
0.11608
0.12051
0.124585
0.12831
0.131695
0.134755
0.137505
0.139963
0.14215
0.144084
0.145787
0.147279
0.148577
0.149702
0.150669
0.151494
0.152192
0.152774
0.153253
0.153639
0.15394
0.154163
0.154316
0.154404
0.154432
0.154404
0.154324
0.154195
0.154019
0.153798
0.153536
0.153232
0.152889
0.152509
0.152091
0.151638
0.151151
0.15063
0.150076
0.149491
0.148875
0.148229
0.147554
0.14685
0.146119
0.145361
0.144577
0.143768
0.142935
0.142077
0.141197
0.140294
0.13937
0.138425
0.137459
0.136474
0.13547
0.134447
0.133407
0.13235
0.131276
0.130186
0.12908
0.12796
0.126825
0.125677
0.124515
0.12334
0.122153
0.120953
0.119742
0.11852
0.117288
0.116045
0.114792
0.113529
0.112258
0.110977
0.109688
0.108391
0.107086
0.105774
0.104454
0.103127
0.101794
0.100454
0.0991079
0.0977559
0.0963982
0.0950351
0.0936666
0.0922932
0.0909148
0.0895318
0.0881444
0.0867526
0.0853567
0.0839568
0.0825532
0.0811458
0.079735
0.0783207
0.0769032
0.0754826
0.074059
0.0726325
0.0712033
0.0697714
0.0683369
0.0668999
0.0654606
0.0640191
0.0625753
0.0611295
0.0596816
0.0582318
0.0567801
0.0553266
0.0538714
0.0524145
0.050956
0.049496
0.0480345
0.0465716
0.0451073
0.0436417
0.0421748
0.0407067
0.0392374
0.037767
0.0362955
0.034823
0.0333494
0.0318749
0.0303995
0.0289231
0.0274459
0.0259679
0.024489
0.0230094
0.0215291
0.020048
0.0185663
0.0170839
0.0156009
0.0141172
0.0126331
0.0111484
0.00966313
0.00817744
0.00669127
0.00520484
0.00371744
0.00223224
0.000734705
-0.108072
-0.0858305
-0.079398
-0.0767277
-0.0746986
-0.0733248
-0.072268
-0.0712097
-0.0700335
-0.0686944
-0.0671581
-0.0653997
-0.0634022
-0.0611535
-0.0586431
-0.055862
-0.0528024
-0.0494575
-0.0458218
-0.0418908
-0.0376615
-0.0331329
-0.028306
-0.0231845
-0.0177751
-0.012088
-0.00613706
5.95411e-05
0.00647936
0.0130955
0.0198769
0.0267883
0.0337908
0.0408429
0.0479007
0.0549193
0.0618537
0.0686599
0.075296
0.0817233
0.0879071
0.0938174
0.0994298
0.104725
0.109691
0.114319
0.118608
0.12256
0.126183
0.129487
0.132487
0.135197
0.137637
0.139825
0.141778
0.143517
0.145059
0.146422
0.147622
0.148673
0.149591
0.150386
0.151071
0.151655
0.152146
0.152553
0.152882
0.153139
0.153328
0.153453
0.153519
0.153529
0.153484
0.153389
0.153244
0.153051
0.152813
0.152531
0.152206
0.15184
0.151433
0.150988
0.150505
0.149986
0.149431
0.148842
0.148219
0.147565
0.146879
0.146163
0.145418
0.144645
0.143845
0.143018
0.142167
0.14129
0.140391
0.139468
0.138524
0.137558
0.136572
0.135567
0.134542
0.1335
0.13244
0.131363
0.130269
0.129161
0.128037
0.126899
0.125746
0.124581
0.123403
0.122212
0.121009
0.119795
0.11857
0.117334
0.116088
0.114832
0.113567
0.112293
0.11101
0.109719
0.108419
0.107112
0.105798
0.104476
0.103148
0.101813
0.100472
0.0991244
0.0977711
0.0964123
0.0950481
0.0936787
0.0923043
0.0909252
0.0895414
0.0881533
0.0867609
0.0853644
0.083964
0.0825598
0.0811521
0.0797408
0.0783262
0.0769084
0.0754875
0.0740636
0.0726368
0.0712073
0.0697752
0.0683406
0.0669034
0.065464
0.0640223
0.0625784
0.0611324
0.0596844
0.0582345
0.0567827
0.0553291
0.0538738
0.0524169
0.0509583
0.0494982
0.0480367
0.0465737
0.0451093
0.0436437
0.0421767
0.0407086
0.0392392
0.0377688
0.0362972
0.0348246
0.033351
0.0318765
0.030401
0.0289245
0.0274473
0.0259692
0.0244903
0.0230106
0.0215302
0.0200491
0.0185673
0.0170848
0.0156017
0.0141181
0.0126338
0.011149
0.00966372
0.00817794
0.00669169
0.00520517
0.0037177
0.00223238
0.000734929
-0.121198
-0.086675
-0.0783735
-0.0762251
-0.0741374
-0.0726571
-0.0716138
-0.0705822
-0.0694145
-0.0680763
-0.0665364
-0.064768
-0.0627539
-0.0604827
-0.0579446
-0.0551315
-0.0520364
-0.0486536
-0.0449785
-0.0410082
-0.0367412
-0.0321781
-0.0273217
-0.0221777
-0.0167548
-0.0110654
-0.00512537
0.00104513
0.00742194
0.0139768
0.0206773
0.0274879
0.0343697
0.0412815
0.0481807
0.0550242
0.0617693
0.068375
0.0748028
0.0810174
0.0869881
0.0926887
0.0980986
0.103202
0.10799
0.112457
0.116604
0.120435
0.123958
0.127185
0.130129
0.132807
0.135235
0.13743
0.13941
0.141191
0.14279
0.144223
0.145503
0.146645
0.147659
0.148557
0.149347
0.150039
0.15064
0.151156
0.151592
0.151954
0.152245
0.15247
0.152631
0.152731
0.152773
0.152758
0.15269
0.152568
0.152396
0.152175
0.151906
0.151591
0.151232
0.150829
0.150385
0.1499
0.149375
0.148813
0.148215
0.147581
0.146913
0.146213
0.145481
0.144718
0.143927
0.143108
0.142261
0.141389
0.140492
0.139571
0.138628
0.137662
0.136675
0.135668
0.134642
0.133597
0.132534
0.131454
0.130357
0.129245
0.128118
0.126976
0.12582
0.124651
0.123469
0.122274
0.121068
0.11985
0.118622
0.117383
0.116134
0.114875
0.113607
0.11233
0.111045
0.109751
0.10845
0.107141
0.105824
0.104501
0.103171
0.101834
0.100491
0.0991424
0.0977879
0.0964279
0.0950626
0.0936921
0.0923168
0.0909368
0.0895522
0.0881633
0.0867702
0.0853731
0.0839722
0.0825675
0.0811592
0.0797475
0.0783325
0.0769143
0.0754931
0.0740689
0.0726419
0.0712121
0.0697798
0.0683449
0.0669076
0.0654679
0.064026
0.062582
0.0611359
0.0596877
0.0582377
0.0567858
0.0553321
0.0538767
0.0524197
0.050961
0.0495009
0.0480392
0.0465761
0.0451117
0.043646
0.042179
0.0407107
0.0392413
0.0377708
0.0362992
0.0348266
0.0333529
0.0318783
0.0304027
0.0289262
0.0274489
0.0259707
0.0244918
0.023012
0.0215315
0.0200503
0.0185685
0.0170859
0.0156028
0.014119
0.0126347
0.0111498
0.00966443
0.00817857
0.00669222
0.0052056
0.00371806
0.00223252
0.00073555
)
;

boundaryField
{
    inlet
    {
        type            zeroGradient;
    }
    outlet
    {
        type            fixedValue;
        value           uniform 0;
    }
    walls
    {
        type            zeroGradient;
    }
    frontAndBack
    {
        type            empty;
    }
}


// ************************************************************************* //
