/*--------------------------------*- C++ -*----------------------------------*\
  =========                 |
  \\      /  F ield         | OpenFOAM: The Open Source CFD Toolbox
   \\    /   O peration     | Website:  https://openfoam.org
    \\  /    A nd           | Version:  11
     \\/     M anipulation  |
\*---------------------------------------------------------------------------*/
FoamFile
{
    format      ascii;
    class       volScalarField;
    location    "3";
    object      p;
}
// * * * * * * * * * * * * * * * * * * * * * * * * * * * * * * * * * * * * * //

dimensions      [0 2 -2 0 0 0 0];

internalField   nonuniform List<scalar> 
4096
(
-3.63038e-08
0.00897692
0.0266097
0.0522215
0.0848366
0.123206
0.165858
0.211153
0.25735
0.302672
0.345375
0.383816
0.416513
0.442208
0.459908
0.468933
0.468933
0.459908
0.442208
0.416513
0.383816
0.345375
0.302672
0.25735
0.211153
0.165858
0.123206
0.0848366
0.0522215
0.0266097
0.00897692
-3.38249e-08
-3.35355e-08
0.00897444
0.0266003
0.0522066
0.0848172
0.123182
0.16583
0.21112
0.257313
0.30263
0.345329
0.383765
0.416458
0.442149
0.459847
0.468871
0.468871
0.459847
0.442149
0.416458
0.383765
0.345329
0.30263
0.257313
0.21112
0.16583
0.123182
0.0848172
0.0522065
0.0266003
0.00897443
-3.90703e-08
0.00897444
0.0179541
0.0355957
0.0612181
0.0938418
0.13222
0.174879
0.220182
0.266386
0.311715
0.354425
0.392872
0.425574
0.451274
0.468977
0.478005
0.478005
0.468977
0.451274
0.425574
0.392872
0.354425
0.311715
0.266386
0.220182
0.174879
0.13222
0.0938418
0.0612181
0.0355957
0.0179541
0.00897444
0.00897692
0.0179541
0.0355805
0.0611881
0.0937995
0.132165
0.174812
0.220101
0.266292
0.311606
0.354302
0.392735
0.425425
0.451114
0.46881
0.477832
0.477832
0.46881
0.451114
0.425425
0.392735
0.354302
0.311606
0.266291
0.220101
0.174812
0.132165
0.0937995
0.0611881
0.0355805
0.0179541
0.00897692
0.0266003
0.0355805
0.0532293
0.078863
0.111497
0.149885
0.192555
0.237867
0.284081
0.329419
0.372138
0.410592
0.443302
0.469007
0.486715
0.495745
0.495745
0.486715
0.469007
0.443302
0.410592
0.372138
0.329419
0.284081
0.237867
0.192555
0.149885
0.111497
0.078863
0.0532293
0.0355805
0.0266003
0.0266097
0.0355957
0.0532293
0.0788435
0.11146
0.14983
0.192479
0.23777
0.283961
0.329276
0.37197
0.410401
0.443089
0.468776
0.486471
0.495491
0.495491
0.486471
0.468776
0.443089
0.410401
0.37197
0.329276
0.283961
0.23777
0.192479
0.14983
0.11146
0.0788435
0.0532293
0.0355957
0.0266097
0.0522066
0.0611881
0.0788435
0.104488
0.137134
0.175533
0.218214
0.263537
0.309761
0.35511
0.397838
0.436301
0.469018
0.49473
0.512443
0.521476
0.521476
0.512443
0.49473
0.469018
0.436301
0.397838
0.35511
0.309761
0.263537
0.218214
0.175533
0.137134
0.104488
0.0788435
0.0611881
0.0522066
0.0522215
0.0612181
0.078863
0.104488
0.137114
0.175491
0.218147
0.263442
0.309636
0.354952
0.397647
0.436078
0.468765
0.49445
0.512143
0.521163
0.521163
0.512143
0.49445
0.468765
0.436078
0.397647
0.354952
0.309636
0.263442
0.218147
0.175491
0.137114
0.104488
0.078863
0.0612181
0.0522215
0.0848172
0.0937995
0.11146
0.137114
0.169771
0.208181
0.250873
0.296208
0.342443
0.387802
0.43054
0.469013
0.501739
0.527457
0.545175
0.554212
0.554212
0.545175
0.527457
0.501739
0.469013
0.43054
0.387802
0.342443
0.296208
0.250873
0.208181
0.169771
0.137114
0.11146
0.0937995
0.0848172
0.0848366
0.0938418
0.111497
0.137134
0.169771
0.208158
0.250822
0.296123
0.342322
0.387641
0.430338
0.46877
0.501457
0.527141
0.544834
0.553851
0.553851
0.544834
0.527141
0.501457
0.46877
0.430338
0.387641
0.342322
0.296123
0.250822
0.208158
0.169771
0.137134
0.111497
0.0938418
0.0848366
0.123182
0.132165
0.14983
0.175491
0.208158
0.246578
0.289281
0.334627
0.380873
0.426243
0.468991
0.507473
0.540207
0.565932
0.583655
0.592696
0.592696
0.583655
0.565932
0.540207
0.507473
0.468991
0.426243
0.380873
0.334627
0.289281
0.246578
0.208158
0.175491
0.14983
0.132165
0.123182
0.123206
0.13222
0.149885
0.175533
0.208181
0.246578
0.289251
0.33456
0.380765
0.426089
0.468789
0.507222
0.53991
0.565594
0.583285
0.592301
0.592301
0.583285
0.565594
0.53991
0.507222
0.468789
0.426089
0.380765
0.33456
0.289251
0.246578
0.208181
0.175533
0.149885
0.13222
0.123206
0.16583
0.174812
0.192479
0.218147
0.250822
0.289251
0.331963
0.377319
0.423576
0.468955
0.511713
0.550204
0.582946
0.608679
0.626407
0.635452
0.635452
0.626407
0.608679
0.582946
0.550204
0.511713
0.468955
0.423576
0.377319
0.331963
0.289251
0.250822
0.218147
0.192479
0.174812
0.16583
0.165858
0.174879
0.192555
0.218214
0.250873
0.289281
0.331963
0.377281
0.423492
0.468821
0.511525
0.54996
0.582649
0.608332
0.626023
0.635037
0.635037
0.626023
0.608332
0.582649
0.54996
0.511525
0.468821
0.423492
0.377281
0.331963
0.289281
0.250873
0.218214
0.192555
0.174879
0.165858
0.21112
0.220101
0.23777
0.263442
0.296123
0.33456
0.377281
0.422645
0.468911
0.5143
0.557066
0.595566
0.628315
0.654054
0.671788
0.680836
0.680836
0.671788
0.654054
0.628315
0.595566
0.557066
0.5143
0.468911
0.422645
0.377281
0.33456
0.296123
0.263442
0.23777
0.220101
0.21112
0.211153
0.220182
0.237867
0.263537
0.296208
0.334627
0.377319
0.422645
0.468864
0.514199
0.556906
0.595344
0.628033
0.653717
0.671406
0.680419
0.680419
0.671406
0.653717
0.628033
0.595344
0.556906
0.514199
0.468864
0.422645
0.377319
0.334627
0.296208
0.263537
0.237867
0.220182
0.211153
0.257313
0.266292
0.283961
0.309636
0.342322
0.380765
0.423492
0.468864
0.515137
0.560534
0.603308
0.641814
0.674571
0.700316
0.718055
0.727106
0.727106
0.718054
0.700316
0.674571
0.641814
0.603308
0.560534
0.515137
0.468864
0.423492
0.380765
0.342322
0.309636
0.283961
0.266292
0.257313
0.25735
0.266386
0.284081
0.309761
0.342443
0.380873
0.423576
0.468911
0.515137
0.560478
0.60319
0.64163
0.67432
0.700003
0.717691
0.726702
0.726702
0.717691
0.700003
0.67432
0.64163
0.60319
0.560478
0.515137
0.468911
0.423576
0.380873
0.342443
0.309761
0.284081
0.266386
0.25735
0.30263
0.311606
0.329276
0.354952
0.387641
0.426089
0.468821
0.514199
0.560478
0.60588
0.648661
0.687173
0.719935
0.745685
0.763428
0.772483
0.772483
0.763428
0.745685
0.719935
0.687173
0.648661
0.60588
0.560478
0.514199
0.468821
0.426089
0.387641
0.354952
0.329276
0.311606
0.30263
0.302672
0.311715
0.329419
0.35511
0.387802
0.426243
0.468955
0.5143
0.560534
0.60588
0.648596
0.687039
0.71973
0.745413
0.7631
0.772108
0.772108
0.7631
0.745413
0.71973
0.687039
0.648596
0.60588
0.560534
0.5143
0.468955
0.426243
0.387802
0.35511
0.329419
0.311715
0.302672
0.345329
0.354302
0.37197
0.397647
0.430338
0.468789
0.511525
0.556906
0.60319
0.648596
0.691381
0.729898
0.762664
0.788418
0.806165
0.815222
0.815222
0.806165
0.788418
0.762664
0.729898
0.691381
0.648596
0.60319
0.556906
0.511525
0.468789
0.430338
0.397647
0.37197
0.354302
0.345329
0.345375
0.354425
0.372138
0.397838
0.43054
0.468991
0.511713
0.557066
0.603308
0.648661
0.691381
0.729826
0.762518
0.7882
0.805885
0.81489
0.81489
0.805885
0.7882
0.762518
0.729826
0.691381
0.648661
0.603308
0.557066
0.511713
0.468991
0.43054
0.397838
0.372138
0.354425
0.345375
0.383765
0.392735
0.410401
0.436078
0.46877
0.507222
0.54996
0.595344
0.64163
0.687039
0.729826
0.768345
0.801114
0.826871
0.84462
0.85368
0.85368
0.84462
0.826871
0.801114
0.768345
0.729826
0.687039
0.64163
0.595344
0.54996
0.507222
0.46877
0.436078
0.410401
0.392735
0.383765
0.383816
0.392872
0.410592
0.436301
0.469013
0.507473
0.550204
0.595566
0.641814
0.687173
0.729898
0.768345
0.801038
0.82672
0.844403
0.853405
0.853405
0.844403
0.82672
0.801038
0.768345
0.729898
0.687173
0.641814
0.595566
0.550204
0.507473
0.469013
0.436301
0.410592
0.392872
0.383816
0.416458
0.425425
0.443089
0.468765
0.501457
0.53991
0.582649
0.628033
0.67432
0.71973
0.762518
0.801038
0.833808
0.859566
0.877317
0.886377
0.886377
0.877317
0.859566
0.833808
0.801038
0.762518
0.71973
0.67432
0.628033
0.582649
0.53991
0.501457
0.468765
0.443089
0.425425
0.416458
0.416513
0.425574
0.443302
0.469018
0.501739
0.540207
0.582946
0.628315
0.674571
0.719935
0.762664
0.801114
0.833808
0.85949
0.87717
0.886169
0.886169
0.87717
0.85949
0.833808
0.801114
0.762664
0.719935
0.674571
0.628315
0.582946
0.540207
0.501739
0.469018
0.443302
0.425574
0.416513
0.442149
0.451114
0.468776
0.49445
0.527141
0.565594
0.608332
0.653717
0.700003
0.745413
0.7882
0.82672
0.85949
0.885247
0.902998
0.912059
0.912059
0.902998
0.885247
0.85949
0.82672
0.7882
0.745413
0.700003
0.653717
0.608332
0.565594
0.527141
0.49445
0.468776
0.451114
0.442149
0.442208
0.451274
0.469007
0.49473
0.527457
0.565932
0.608679
0.654054
0.700316
0.745685
0.788418
0.826871
0.859566
0.885247
0.902925
0.91192
0.91192
0.902925
0.885247
0.859566
0.826871
0.788418
0.745685
0.700316
0.654054
0.608679
0.565932
0.527457
0.49473
0.469007
0.451274
0.442208
0.459847
0.46881
0.486471
0.512143
0.544834
0.583285
0.626023
0.671406
0.717691
0.7631
0.805885
0.844403
0.87717
0.902925
0.920674
0.929734
0.929734
0.920674
0.902925
0.87717
0.844403
0.805885
0.7631
0.717691
0.671406
0.626023
0.583285
0.544834
0.512143
0.486471
0.46881
0.459847
0.459908
0.468977
0.486715
0.512443
0.545175
0.583655
0.626407
0.671788
0.718055
0.763428
0.806165
0.84462
0.877317
0.902998
0.920674
0.929667
0.929667
0.920674
0.902998
0.877317
0.84462
0.806165
0.763428
0.718054
0.671788
0.626407
0.583655
0.545175
0.512443
0.486715
0.468977
0.459908
0.468871
0.477832
0.495491
0.521163
0.553851
0.592301
0.635037
0.680419
0.726702
0.772108
0.81489
0.853405
0.886169
0.91192
0.929667
0.938723
0.938723
0.929667
0.91192
0.886169
0.853405
0.81489
0.772108
0.726702
0.680419
0.635037
0.592301
0.553851
0.521163
0.495491
0.477832
0.468871
0.468933
0.478005
0.495745
0.521476
0.554212
0.592696
0.635452
0.680836
0.727106
0.772483
0.815222
0.85368
0.886377
0.912059
0.929734
0.938723
0.938723
0.929734
0.912059
0.886377
0.85368
0.815222
0.772483
0.727106
0.680836
0.635452
0.592696
0.554212
0.521476
0.495745
0.478005
0.468933
0.468871
0.477832
0.495491
0.521163
0.553851
0.592301
0.635037
0.680419
0.726702
0.772108
0.81489
0.853405
0.886169
0.91192
0.929667
0.938723
0.938723
0.929667
0.91192
0.886169
0.853405
0.81489
0.772108
0.726702
0.680419
0.635037
0.592301
0.553851
0.521163
0.495491
0.477832
0.468871
0.468933
0.478005
0.495745
0.521476
0.554212
0.592696
0.635452
0.680836
0.727106
0.772483
0.815222
0.85368
0.886377
0.912059
0.929734
0.938723
0.938723
0.929734
0.912059
0.886377
0.85368
0.815222
0.772483
0.727106
0.680836
0.635452
0.592696
0.554212
0.521476
0.495745
0.478005
0.468933
0.459847
0.46881
0.486471
0.512143
0.544834
0.583285
0.626023
0.671406
0.717691
0.7631
0.805885
0.844403
0.87717
0.902925
0.920674
0.929734
0.929734
0.920674
0.902925
0.87717
0.844403
0.805885
0.7631
0.717691
0.671406
0.626023
0.583285
0.544834
0.512143
0.486471
0.46881
0.459847
0.459908
0.468977
0.486715
0.512443
0.545175
0.583655
0.626407
0.671788
0.718055
0.763428
0.806165
0.84462
0.877317
0.902998
0.920674
0.929667
0.929667
0.920674
0.902998
0.877317
0.84462
0.806165
0.763428
0.718054
0.671788
0.626407
0.583655
0.545175
0.512443
0.486715
0.468977
0.459908
0.442149
0.451114
0.468776
0.49445
0.527141
0.565594
0.608332
0.653717
0.700003
0.745413
0.7882
0.82672
0.85949
0.885247
0.902998
0.912059
0.912059
0.902998
0.885247
0.85949
0.82672
0.7882
0.745413
0.700003
0.653717
0.608332
0.565594
0.527141
0.49445
0.468776
0.451114
0.442149
0.442208
0.451274
0.469007
0.49473
0.527457
0.565932
0.608679
0.654054
0.700316
0.745685
0.788418
0.826871
0.859566
0.885247
0.902925
0.91192
0.91192
0.902925
0.885247
0.859566
0.826871
0.788418
0.745685
0.700316
0.654054
0.608679
0.565932
0.527457
0.49473
0.469007
0.451274
0.442208
0.416458
0.425425
0.443089
0.468765
0.501457
0.53991
0.582649
0.628033
0.67432
0.71973
0.762518
0.801038
0.833808
0.859566
0.877317
0.886377
0.886377
0.877317
0.859566
0.833808
0.801038
0.762518
0.71973
0.67432
0.628033
0.582649
0.53991
0.501457
0.468765
0.443089
0.425425
0.416458
0.416513
0.425574
0.443302
0.469018
0.501739
0.540207
0.582946
0.628315
0.674571
0.719935
0.762664
0.801114
0.833808
0.85949
0.87717
0.886169
0.886169
0.87717
0.85949
0.833808
0.801114
0.762664
0.719935
0.674571
0.628315
0.582946
0.540207
0.501739
0.469018
0.443302
0.425574
0.416513
0.383765
0.392735
0.410401
0.436078
0.46877
0.507222
0.54996
0.595344
0.64163
0.687039
0.729826
0.768345
0.801114
0.826871
0.84462
0.85368
0.85368
0.84462
0.826871
0.801114
0.768345
0.729826
0.687039
0.64163
0.595344
0.54996
0.507222
0.46877
0.436078
0.410401
0.392735
0.383765
0.383816
0.392872
0.410592
0.436301
0.469013
0.507473
0.550204
0.595566
0.641814
0.687173
0.729898
0.768345
0.801038
0.82672
0.844403
0.853405
0.853405
0.844403
0.82672
0.801038
0.768345
0.729898
0.687173
0.641814
0.595566
0.550204
0.507473
0.469013
0.436301
0.410592
0.392872
0.383816
0.345329
0.354302
0.37197
0.397647
0.430338
0.468789
0.511525
0.556906
0.60319
0.648596
0.691381
0.729898
0.762664
0.788418
0.806165
0.815222
0.815222
0.806165
0.788418
0.762664
0.729898
0.691381
0.648596
0.60319
0.556906
0.511525
0.468789
0.430338
0.397647
0.37197
0.354302
0.345329
0.345375
0.354425
0.372138
0.397838
0.43054
0.468991
0.511713
0.557066
0.603308
0.648661
0.691381
0.729826
0.762518
0.7882
0.805885
0.81489
0.81489
0.805885
0.7882
0.762518
0.729826
0.691381
0.648661
0.603308
0.557066
0.511713
0.468991
0.43054
0.397838
0.372138
0.354425
0.345375
0.30263
0.311606
0.329276
0.354952
0.387641
0.426089
0.468821
0.514199
0.560478
0.60588
0.648661
0.687173
0.719935
0.745685
0.763428
0.772483
0.772483
0.763428
0.745685
0.719935
0.687173
0.648661
0.60588
0.560478
0.514199
0.468821
0.426089
0.387641
0.354952
0.329276
0.311606
0.30263
0.302672
0.311715
0.329419
0.35511
0.387802
0.426243
0.468955
0.5143
0.560534
0.60588
0.648596
0.687039
0.71973
0.745413
0.7631
0.772108
0.772108
0.7631
0.745413
0.71973
0.687039
0.648596
0.60588
0.560534
0.5143
0.468955
0.426243
0.387802
0.35511
0.329419
0.311715
0.302672
0.257313
0.266292
0.283961
0.309636
0.342322
0.380765
0.423492
0.468864
0.515137
0.560534
0.603308
0.641814
0.674571
0.700316
0.718055
0.727106
0.727106
0.718055
0.700316
0.674571
0.641814
0.603308
0.560534
0.515137
0.468864
0.423492
0.380765
0.342322
0.309636
0.283961
0.266292
0.257313
0.25735
0.266386
0.284081
0.309761
0.342443
0.380873
0.423576
0.468911
0.515137
0.560478
0.60319
0.64163
0.67432
0.700003
0.717691
0.726702
0.726702
0.717691
0.700003
0.67432
0.64163
0.60319
0.560478
0.515137
0.468911
0.423576
0.380873
0.342443
0.309761
0.284081
0.266386
0.25735
0.21112
0.220101
0.23777
0.263442
0.296123
0.33456
0.377281
0.422645
0.468911
0.5143
0.557066
0.595566
0.628315
0.654054
0.671788
0.680836
0.680836
0.671788
0.654054
0.628315
0.595566
0.557066
0.5143
0.468911
0.422645
0.377281
0.33456
0.296123
0.263442
0.23777
0.220101
0.21112
0.211153
0.220182
0.237867
0.263537
0.296208
0.334627
0.377319
0.422645
0.468864
0.514199
0.556906
0.595344
0.628033
0.653717
0.671406
0.680419
0.680419
0.671406
0.653717
0.628033
0.595344
0.556906
0.514199
0.468864
0.422645
0.377319
0.334627
0.296208
0.263537
0.237867
0.220182
0.211153
0.16583
0.174812
0.192479
0.218147
0.250822
0.289251
0.331963
0.377319
0.423576
0.468955
0.511713
0.550204
0.582946
0.608679
0.626407
0.635452
0.635452
0.626407
0.608679
0.582946
0.550204
0.511713
0.468955
0.423576
0.377319
0.331963
0.289251
0.250822
0.218147
0.192479
0.174812
0.16583
0.165858
0.174879
0.192555
0.218214
0.250873
0.289281
0.331963
0.377281
0.423492
0.468821
0.511525
0.54996
0.582649
0.608332
0.626023
0.635037
0.635037
0.626023
0.608332
0.582649
0.54996
0.511525
0.468821
0.423492
0.377281
0.331963
0.289281
0.250873
0.218214
0.192555
0.174879
0.165858
0.123182
0.132165
0.14983
0.175491
0.208158
0.246578
0.289281
0.334627
0.380873
0.426243
0.468991
0.507473
0.540207
0.565932
0.583655
0.592696
0.592696
0.583655
0.565932
0.540207
0.507473
0.468991
0.426243
0.380873
0.334627
0.289281
0.246578
0.208158
0.175491
0.14983
0.132165
0.123182
0.123206
0.13222
0.149885
0.175533
0.208181
0.246578
0.289251
0.33456
0.380765
0.426089
0.468789
0.507222
0.53991
0.565594
0.583285
0.592301
0.592301
0.583285
0.565594
0.53991
0.507222
0.468789
0.426089
0.380765
0.33456
0.289251
0.246578
0.208181
0.175533
0.149885
0.13222
0.123206
0.0848172
0.0937995
0.11146
0.137114
0.169771
0.208181
0.250873
0.296208
0.342443
0.387802
0.43054
0.469013
0.501739
0.527457
0.545175
0.554212
0.554212
0.545175
0.527457
0.501739
0.469013
0.43054
0.387802
0.342443
0.296208
0.250873
0.208181
0.169771
0.137114
0.11146
0.0937995
0.0848172
0.0848366
0.0938418
0.111497
0.137134
0.169771
0.208158
0.250822
0.296123
0.342322
0.387641
0.430338
0.46877
0.501457
0.527141
0.544834
0.553851
0.553851
0.544834
0.527141
0.501457
0.46877
0.430338
0.387641
0.342322
0.296123
0.250822
0.208158
0.169771
0.137134
0.111497
0.0938418
0.0848366
0.0522066
0.0611881
0.0788435
0.104488
0.137134
0.175533
0.218214
0.263537
0.309761
0.35511
0.397838
0.436301
0.469018
0.49473
0.512443
0.521476
0.521476
0.512443
0.49473
0.469018
0.436301
0.397838
0.35511
0.309761
0.263537
0.218214
0.175533
0.137134
0.104488
0.0788435
0.0611881
0.0522066
0.0522215
0.0612181
0.078863
0.104488
0.137114
0.175491
0.218147
0.263442
0.309636
0.354952
0.397647
0.436078
0.468765
0.49445
0.512143
0.521163
0.521163
0.512143
0.49445
0.468765
0.436078
0.397647
0.354952
0.309636
0.263442
0.218147
0.175491
0.137114
0.104488
0.078863
0.0612181
0.0522215
0.0266003
0.0355805
0.0532293
0.078863
0.111497
0.149885
0.192555
0.237867
0.284081
0.329419
0.372138
0.410592
0.443302
0.469007
0.486715
0.495745
0.495745
0.486715
0.469007
0.443302
0.410592
0.372138
0.329419
0.284081
0.237867
0.192555
0.149885
0.111497
0.078863
0.0532293
0.0355805
0.0266003
0.0266097
0.0355957
0.0532293
0.0788435
0.11146
0.14983
0.192479
0.23777
0.283961
0.329276
0.37197
0.410401
0.443089
0.468776
0.486471
0.495491
0.495491
0.486471
0.468776
0.443089
0.410401
0.37197
0.329276
0.283961
0.23777
0.192479
0.14983
0.11146
0.0788435
0.0532293
0.0355957
0.0266097
0.00897444
0.0179541
0.0355957
0.0612181
0.0938418
0.13222
0.174879
0.220182
0.266386
0.311715
0.354425
0.392872
0.425574
0.451274
0.468977
0.478005
0.478005
0.468977
0.451274
0.425574
0.392872
0.354425
0.311715
0.266386
0.220182
0.174879
0.13222
0.0938418
0.0612181
0.0355957
0.0179541
0.00897444
0.00897693
0.0179541
0.0355805
0.0611881
0.0937995
0.132165
0.174812
0.220101
0.266292
0.311606
0.354302
0.392735
0.425425
0.451114
0.46881
0.477832
0.477832
0.46881
0.451114
0.425425
0.392735
0.354302
0.311606
0.266292
0.220101
0.174812
0.132165
0.0937995
0.0611881
0.0355805
0.0179541
0.00897692
-3.2475e-08
0.00897692
0.0266097
0.0522215
0.0848366
0.123206
0.165858
0.211153
0.25735
0.302672
0.345375
0.383816
0.416513
0.442208
0.459908
0.468933
0.468933
0.459908
0.442208
0.416513
0.383816
0.345375
0.302672
0.25735
0.211153
0.165858
0.123206
0.0848366
0.0522215
0.0266097
0.00897692
-3.01682e-08
-2.95057e-08
0.00897444
0.0266003
0.0522066
0.0848172
0.123183
0.16583
0.21112
0.257313
0.30263
0.345329
0.383765
0.416458
0.442149
0.459847
0.468871
0.468871
0.459847
0.442149
0.416458
0.383765
0.345329
0.30263
0.257313
0.21112
0.16583
0.123182
0.0848172
0.0522066
0.0266003
0.00897444
-3.29809e-08
-3.21036e-08
0.00897444
0.0266003
0.0522066
0.0848172
0.123182
0.16583
0.21112
0.257313
0.30263
0.345329
0.383765
0.416458
0.442149
0.459847
0.468871
0.468871
0.459847
0.442149
0.416458
0.383765
0.345329
0.30263
0.257313
0.21112
0.16583
0.123182
0.0848172
0.0522066
0.0266003
0.00897444
-2.9463e-08
-2.88553e-08
0.00897693
0.0266097
0.0522215
0.0848366
0.123206
0.165858
0.211153
0.25735
0.302672
0.345375
0.383816
0.416513
0.442208
0.459908
0.468933
0.468933
0.459908
0.442208
0.416513
0.383816
0.345375
0.302672
0.25735
0.211153
0.165858
0.123206
0.0848366
0.0522215
0.0266097
0.00897692
-3.2615e-08
0.00897692
0.0179541
0.0355805
0.0611881
0.0937995
0.132165
0.174812
0.220101
0.266292
0.311606
0.354302
0.392735
0.425425
0.451114
0.46881
0.477832
0.477832
0.46881
0.451114
0.425425
0.392735
0.354302
0.311606
0.266292
0.220101
0.174812
0.132165
0.0937995
0.0611881
0.0355805
0.0179541
0.00897693
0.00897444
0.0179541
0.0355957
0.0612181
0.0938418
0.13222
0.174879
0.220182
0.266386
0.311715
0.354425
0.392872
0.425574
0.451274
0.468977
0.478005
0.478005
0.468977
0.451274
0.425574
0.392872
0.354425
0.311715
0.266386
0.220182
0.174879
0.13222
0.0938418
0.0612181
0.0355957
0.0179541
0.00897444
0.0266097
0.0355957
0.0532293
0.0788435
0.11146
0.14983
0.192479
0.23777
0.283961
0.329276
0.37197
0.410401
0.443089
0.468776
0.486471
0.495491
0.495491
0.486471
0.468776
0.443089
0.410401
0.37197
0.329276
0.283961
0.23777
0.192479
0.14983
0.11146
0.0788435
0.0532293
0.0355957
0.0266097
0.0266003
0.0355805
0.0532293
0.078863
0.111497
0.149885
0.192555
0.237867
0.284081
0.329419
0.372138
0.410592
0.443302
0.469007
0.486715
0.495745
0.495745
0.486715
0.469007
0.443302
0.410592
0.372138
0.329419
0.284081
0.237867
0.192555
0.149885
0.111497
0.078863
0.0532293
0.0355805
0.0266003
0.0522215
0.0612181
0.078863
0.104488
0.137114
0.175491
0.218147
0.263442
0.309636
0.354952
0.397647
0.436078
0.468765
0.49445
0.512143
0.521163
0.521163
0.512143
0.49445
0.468765
0.436078
0.397647
0.354952
0.309636
0.263442
0.218147
0.175491
0.137114
0.104488
0.078863
0.0612181
0.0522215
0.0522066
0.0611881
0.0788435
0.104488
0.137134
0.175533
0.218214
0.263537
0.309761
0.35511
0.397838
0.436301
0.469018
0.49473
0.512443
0.521476
0.521476
0.512443
0.49473
0.469018
0.436301
0.397838
0.35511
0.309761
0.263537
0.218214
0.175533
0.137134
0.104488
0.0788435
0.0611881
0.0522066
0.0848366
0.0938418
0.111497
0.137134
0.169771
0.208158
0.250822
0.296123
0.342322
0.387641
0.430338
0.46877
0.501457
0.527141
0.544834
0.553852
0.553852
0.544834
0.527141
0.501457
0.46877
0.430338
0.387641
0.342322
0.296123
0.250822
0.208158
0.169771
0.137134
0.111497
0.0938418
0.0848366
0.0848172
0.0937995
0.11146
0.137114
0.169771
0.208181
0.250873
0.296208
0.342443
0.387802
0.43054
0.469013
0.501739
0.527457
0.545175
0.554212
0.554212
0.545175
0.527457
0.501739
0.469013
0.43054
0.387802
0.342443
0.296208
0.250873
0.208181
0.169771
0.137114
0.11146
0.0937995
0.0848172
0.123206
0.13222
0.149885
0.175533
0.208181
0.246578
0.289251
0.33456
0.380765
0.426089
0.468789
0.507222
0.53991
0.565594
0.583285
0.592301
0.592301
0.583285
0.565594
0.53991
0.507222
0.468789
0.426089
0.380765
0.33456
0.289251
0.246578
0.208181
0.175533
0.149885
0.13222
0.123206
0.123183
0.132165
0.14983
0.175491
0.208158
0.246578
0.289281
0.334627
0.380873
0.426243
0.468991
0.507473
0.540207
0.565932
0.583655
0.592696
0.592696
0.583655
0.565932
0.540207
0.507473
0.468991
0.426243
0.380873
0.334627
0.289281
0.246578
0.208158
0.175491
0.14983
0.132165
0.123182
0.165858
0.174879
0.192555
0.218214
0.250873
0.289281
0.331963
0.377281
0.423492
0.468821
0.511525
0.54996
0.582649
0.608332
0.626023
0.635037
0.635037
0.626023
0.608332
0.582649
0.54996
0.511525
0.468821
0.423492
0.377281
0.331963
0.289281
0.250873
0.218214
0.192555
0.174879
0.165858
0.16583
0.174812
0.192479
0.218147
0.250822
0.289251
0.331963
0.377319
0.423576
0.468955
0.511713
0.550204
0.582946
0.608679
0.626407
0.635452
0.635452
0.626407
0.608679
0.582946
0.550204
0.511713
0.468955
0.423576
0.377319
0.331963
0.289251
0.250822
0.218147
0.192479
0.174812
0.16583
0.211153
0.220182
0.237867
0.263537
0.296208
0.334627
0.377319
0.422645
0.468864
0.514199
0.556906
0.595344
0.628033
0.653717
0.671406
0.680419
0.680419
0.671406
0.653717
0.628033
0.595344
0.556906
0.514199
0.468864
0.422645
0.377319
0.334627
0.296208
0.263537
0.237867
0.220182
0.211153
0.21112
0.220101
0.23777
0.263442
0.296123
0.33456
0.377281
0.422645
0.468911
0.5143
0.557066
0.595566
0.628315
0.654054
0.671788
0.680836
0.680836
0.671788
0.654054
0.628315
0.595566
0.557066
0.5143
0.468911
0.422645
0.377281
0.33456
0.296123
0.263442
0.23777
0.220101
0.21112
0.25735
0.266386
0.284081
0.309761
0.342443
0.380873
0.423576
0.468911
0.515137
0.560478
0.60319
0.64163
0.67432
0.700003
0.717691
0.726702
0.726702
0.717691
0.700003
0.67432
0.64163
0.60319
0.560478
0.515137
0.468911
0.423576
0.380873
0.342443
0.309761
0.284081
0.266386
0.25735
0.257313
0.266292
0.283961
0.309636
0.342322
0.380765
0.423492
0.468864
0.515137
0.560534
0.603308
0.641814
0.674571
0.700316
0.718055
0.727106
0.727106
0.718055
0.700316
0.674571
0.641814
0.603308
0.560534
0.515137
0.468864
0.423492
0.380765
0.342322
0.309636
0.283961
0.266292
0.257313
0.302672
0.311715
0.329419
0.35511
0.387802
0.426243
0.468955
0.5143
0.560534
0.60588
0.648596
0.687039
0.71973
0.745413
0.7631
0.772108
0.772108
0.7631
0.745413
0.71973
0.687039
0.648596
0.60588
0.560534
0.5143
0.468955
0.426243
0.387802
0.35511
0.329419
0.311715
0.302672
0.30263
0.311606
0.329276
0.354952
0.387641
0.426089
0.468821
0.514199
0.560478
0.60588
0.648661
0.687173
0.719935
0.745685
0.763428
0.772483
0.772483
0.763428
0.745685
0.719935
0.687173
0.648661
0.60588
0.560478
0.514199
0.468821
0.426089
0.387641
0.354952
0.329276
0.311606
0.30263
0.345375
0.354425
0.372138
0.397838
0.43054
0.468991
0.511713
0.557066
0.603308
0.648661
0.691381
0.729826
0.762518
0.7882
0.805885
0.81489
0.81489
0.805885
0.7882
0.762518
0.729826
0.691381
0.648661
0.603308
0.557066
0.511713
0.468991
0.43054
0.397838
0.372138
0.354425
0.345375
0.345329
0.354302
0.37197
0.397647
0.430338
0.468789
0.511525
0.556906
0.60319
0.648596
0.691381
0.729898
0.762664
0.788418
0.806165
0.815222
0.815222
0.806165
0.788418
0.762664
0.729898
0.691381
0.648596
0.60319
0.556906
0.511525
0.468789
0.430338
0.397647
0.37197
0.354302
0.345329
0.383816
0.392872
0.410592
0.436301
0.469013
0.507473
0.550204
0.595566
0.641814
0.687173
0.729898
0.768345
0.801038
0.82672
0.844403
0.853405
0.853405
0.844403
0.82672
0.801038
0.768345
0.729898
0.687173
0.641814
0.595566
0.550204
0.507473
0.469013
0.436301
0.410592
0.392872
0.383816
0.383765
0.392735
0.410401
0.436078
0.46877
0.507222
0.54996
0.595344
0.64163
0.687039
0.729826
0.768345
0.801114
0.826871
0.84462
0.85368
0.85368
0.84462
0.826871
0.801114
0.768345
0.729826
0.687039
0.64163
0.595344
0.54996
0.507222
0.46877
0.436078
0.410401
0.392735
0.383765
0.416513
0.425574
0.443302
0.469018
0.501739
0.540207
0.582946
0.628315
0.674571
0.719935
0.762664
0.801114
0.833808
0.85949
0.87717
0.886169
0.886169
0.87717
0.85949
0.833808
0.801114
0.762664
0.719935
0.674571
0.628315
0.582946
0.540207
0.501739
0.469018
0.443302
0.425574
0.416513
0.416458
0.425425
0.443089
0.468765
0.501457
0.53991
0.582649
0.628033
0.67432
0.71973
0.762518
0.801038
0.833808
0.859566
0.877317
0.886377
0.886377
0.877317
0.859566
0.833808
0.801038
0.762518
0.71973
0.67432
0.628033
0.582649
0.53991
0.501457
0.468765
0.443089
0.425425
0.416458
0.442208
0.451274
0.469007
0.49473
0.527457
0.565932
0.608679
0.654054
0.700316
0.745685
0.788418
0.826871
0.859566
0.885247
0.902925
0.91192
0.91192
0.902925
0.885247
0.859566
0.826871
0.788418
0.745685
0.700316
0.654054
0.608679
0.565932
0.527457
0.49473
0.469007
0.451274
0.442208
0.442149
0.451114
0.468776
0.49445
0.527141
0.565594
0.608332
0.653717
0.700003
0.745413
0.7882
0.82672
0.85949
0.885247
0.902998
0.912059
0.912059
0.902998
0.885247
0.85949
0.82672
0.7882
0.745413
0.700003
0.653717
0.608332
0.565594
0.527141
0.49445
0.468776
0.451114
0.442149
0.459908
0.468977
0.486715
0.512443
0.545175
0.583655
0.626407
0.671788
0.718055
0.763428
0.806165
0.84462
0.877317
0.902998
0.920674
0.929667
0.929667
0.920674
0.902998
0.877317
0.84462
0.806165
0.763428
0.718055
0.671788
0.626407
0.583655
0.545175
0.512443
0.486715
0.468977
0.459908
0.459847
0.46881
0.486471
0.512143
0.544834
0.583285
0.626023
0.671406
0.717691
0.7631
0.805885
0.844403
0.87717
0.902925
0.920674
0.929734
0.929734
0.920674
0.902925
0.87717
0.844403
0.805885
0.7631
0.717691
0.671406
0.626023
0.583285
0.544834
0.512143
0.486471
0.46881
0.459847
0.468933
0.478005
0.495745
0.521476
0.554212
0.592696
0.635452
0.680836
0.727106
0.772483
0.815222
0.85368
0.886377
0.912059
0.929734
0.938723
0.938723
0.929734
0.912059
0.886377
0.85368
0.815222
0.772483
0.727106
0.680836
0.635452
0.592696
0.554212
0.521476
0.495745
0.478005
0.468933
0.468871
0.477832
0.495491
0.521163
0.553852
0.592301
0.635037
0.680419
0.726702
0.772108
0.81489
0.853405
0.886169
0.91192
0.929667
0.938723
0.938723
0.929667
0.91192
0.886169
0.853405
0.81489
0.772108
0.726702
0.680419
0.635037
0.592301
0.553851
0.521163
0.495491
0.477832
0.468871
0.468933
0.478005
0.495745
0.521476
0.554212
0.592696
0.635452
0.680836
0.727106
0.772483
0.815222
0.85368
0.886377
0.912059
0.929734
0.938723
0.938723
0.929734
0.912059
0.886377
0.85368
0.815222
0.772483
0.727106
0.680836
0.635452
0.592696
0.554212
0.521476
0.495745
0.478005
0.468933
0.468871
0.477832
0.495491
0.521163
0.553852
0.592301
0.635037
0.680419
0.726702
0.772108
0.81489
0.853405
0.886169
0.91192
0.929667
0.938723
0.938723
0.929667
0.91192
0.886169
0.853405
0.81489
0.772108
0.726702
0.680419
0.635037
0.592301
0.553851
0.521163
0.495491
0.477832
0.468871
0.459908
0.468977
0.486715
0.512443
0.545175
0.583655
0.626407
0.671788
0.718055
0.763428
0.806165
0.84462
0.877317
0.902998
0.920674
0.929667
0.929667
0.920674
0.902998
0.877317
0.84462
0.806165
0.763428
0.718055
0.671788
0.626407
0.583655
0.545175
0.512443
0.486715
0.468977
0.459908
0.459847
0.46881
0.486471
0.512143
0.544834
0.583285
0.626023
0.671406
0.717691
0.7631
0.805885
0.844403
0.87717
0.902925
0.920674
0.929734
0.929734
0.920674
0.902925
0.87717
0.844403
0.805885
0.7631
0.717691
0.671406
0.626023
0.583285
0.544834
0.512143
0.486471
0.46881
0.459847
0.442208
0.451274
0.469007
0.49473
0.527457
0.565932
0.608679
0.654054
0.700316
0.745685
0.788418
0.826871
0.859566
0.885247
0.902925
0.91192
0.91192
0.902925
0.885247
0.859566
0.826871
0.788418
0.745685
0.700316
0.654054
0.608679
0.565932
0.527457
0.49473
0.469007
0.451274
0.442208
0.442149
0.451114
0.468776
0.49445
0.527141
0.565594
0.608332
0.653717
0.700003
0.745413
0.7882
0.82672
0.85949
0.885247
0.902998
0.912059
0.912059
0.902998
0.885247
0.85949
0.82672
0.7882
0.745413
0.700003
0.653717
0.608332
0.565594
0.527141
0.49445
0.468776
0.451114
0.442149
0.416513
0.425574
0.443302
0.469018
0.501739
0.540207
0.582946
0.628315
0.674571
0.719935
0.762664
0.801114
0.833808
0.85949
0.87717
0.886169
0.886169
0.87717
0.85949
0.833808
0.801114
0.762664
0.719935
0.674571
0.628315
0.582946
0.540207
0.501739
0.469018
0.443302
0.425574
0.416513
0.416458
0.425425
0.443089
0.468765
0.501457
0.53991
0.582649
0.628033
0.67432
0.71973
0.762518
0.801038
0.833808
0.859566
0.877317
0.886377
0.886377
0.877317
0.859566
0.833808
0.801038
0.762518
0.71973
0.67432
0.628033
0.582649
0.53991
0.501457
0.468765
0.443089
0.425425
0.416458
0.383816
0.392872
0.410592
0.436301
0.469013
0.507473
0.550204
0.595566
0.641814
0.687173
0.729898
0.768345
0.801038
0.82672
0.844403
0.853405
0.853405
0.844403
0.82672
0.801038
0.768345
0.729898
0.687173
0.641814
0.595566
0.550204
0.507473
0.469013
0.436301
0.410592
0.392872
0.383816
0.383765
0.392735
0.410401
0.436078
0.46877
0.507222
0.54996
0.595344
0.64163
0.687039
0.729826
0.768345
0.801114
0.826871
0.84462
0.85368
0.85368
0.84462
0.826871
0.801114
0.768345
0.729826
0.687039
0.64163
0.595344
0.54996
0.507222
0.46877
0.436078
0.410401
0.392735
0.383765
0.345375
0.354425
0.372138
0.397838
0.43054
0.468991
0.511713
0.557066
0.603308
0.648661
0.691381
0.729826
0.762518
0.7882
0.805885
0.81489
0.81489
0.805885
0.7882
0.762518
0.729826
0.691381
0.648661
0.603308
0.557066
0.511713
0.468991
0.43054
0.397838
0.372138
0.354425
0.345375
0.345329
0.354302
0.37197
0.397647
0.430338
0.468789
0.511525
0.556906
0.60319
0.648596
0.691381
0.729898
0.762664
0.788418
0.806165
0.815222
0.815222
0.806165
0.788418
0.762664
0.729898
0.691381
0.648596
0.60319
0.556906
0.511525
0.468789
0.430338
0.397647
0.37197
0.354302
0.345329
0.302672
0.311715
0.329419
0.35511
0.387802
0.426243
0.468955
0.5143
0.560534
0.60588
0.648596
0.687039
0.71973
0.745413
0.7631
0.772108
0.772108
0.7631
0.745413
0.71973
0.687039
0.648596
0.60588
0.560534
0.5143
0.468955
0.426243
0.387802
0.35511
0.329419
0.311715
0.302672
0.30263
0.311606
0.329276
0.354952
0.387641
0.426089
0.468821
0.514199
0.560478
0.60588
0.648661
0.687173
0.719935
0.745685
0.763428
0.772483
0.772483
0.763428
0.745685
0.719935
0.687173
0.648661
0.60588
0.560478
0.514199
0.468821
0.426089
0.387641
0.354952
0.329276
0.311606
0.30263
0.25735
0.266386
0.284081
0.309761
0.342443
0.380873
0.423576
0.468911
0.515137
0.560478
0.60319
0.64163
0.67432
0.700003
0.717691
0.726702
0.726702
0.717691
0.700003
0.67432
0.64163
0.60319
0.560478
0.515137
0.468911
0.423576
0.380873
0.342443
0.309761
0.284081
0.266386
0.25735
0.257313
0.266292
0.283961
0.309636
0.342322
0.380765
0.423492
0.468864
0.515137
0.560534
0.603308
0.641814
0.674571
0.700316
0.718055
0.727106
0.727106
0.718054
0.700316
0.674571
0.641814
0.603308
0.560534
0.515137
0.468864
0.423492
0.380765
0.342322
0.309636
0.283961
0.266291
0.257313
0.211153
0.220182
0.237867
0.263537
0.296208
0.334627
0.377319
0.422645
0.468864
0.514199
0.556906
0.595344
0.628033
0.653717
0.671406
0.680419
0.680419
0.671406
0.653717
0.628033
0.595344
0.556906
0.514199
0.468864
0.422645
0.377319
0.334627
0.296208
0.263537
0.237867
0.220182
0.211153
0.21112
0.220101
0.23777
0.263442
0.296123
0.33456
0.377281
0.422645
0.468911
0.5143
0.557066
0.595566
0.628315
0.654054
0.671788
0.680836
0.680836
0.671788
0.654054
0.628315
0.595566
0.557066
0.5143
0.468911
0.422645
0.377281
0.33456
0.296123
0.263442
0.23777
0.220101
0.21112
0.165858
0.174879
0.192555
0.218214
0.250873
0.289281
0.331963
0.377281
0.423492
0.468821
0.511525
0.54996
0.582649
0.608332
0.626023
0.635037
0.635037
0.626023
0.608332
0.582649
0.54996
0.511525
0.468821
0.423492
0.377281
0.331963
0.289281
0.250873
0.218214
0.192555
0.174879
0.165858
0.16583
0.174812
0.192479
0.218147
0.250822
0.289251
0.331963
0.377319
0.423576
0.468955
0.511713
0.550204
0.582946
0.608679
0.626407
0.635452
0.635452
0.626407
0.608679
0.582946
0.550204
0.511713
0.468955
0.423576
0.377319
0.331963
0.289251
0.250822
0.218147
0.192479
0.174812
0.16583
0.123206
0.13222
0.149885
0.175533
0.208181
0.246578
0.289251
0.33456
0.380765
0.426089
0.468789
0.507222
0.53991
0.565594
0.583285
0.592301
0.592301
0.583285
0.565594
0.53991
0.507222
0.468789
0.426089
0.380765
0.33456
0.289251
0.246578
0.208181
0.175533
0.149885
0.13222
0.123206
0.123182
0.132165
0.14983
0.175491
0.208158
0.246578
0.289281
0.334627
0.380873
0.426243
0.468991
0.507473
0.540207
0.565932
0.583655
0.592696
0.592696
0.583655
0.565932
0.540207
0.507473
0.468991
0.426243
0.380873
0.334627
0.289281
0.246578
0.208158
0.175491
0.14983
0.132165
0.123182
0.0848366
0.0938418
0.111497
0.137134
0.169771
0.208158
0.250822
0.296123
0.342322
0.387641
0.430338
0.46877
0.501457
0.527141
0.544834
0.553851
0.553851
0.544834
0.527141
0.501457
0.46877
0.430338
0.387641
0.342322
0.296123
0.250822
0.208158
0.169771
0.137134
0.111497
0.0938418
0.0848366
0.0848172
0.0937995
0.11146
0.137114
0.169771
0.208181
0.250873
0.296208
0.342443
0.387802
0.43054
0.469013
0.501739
0.527457
0.545175
0.554212
0.554212
0.545175
0.527457
0.501739
0.469013
0.43054
0.387802
0.342443
0.296208
0.250873
0.208181
0.169771
0.137114
0.11146
0.0937995
0.0848172
0.0522215
0.0612181
0.078863
0.104488
0.137114
0.175491
0.218147
0.263442
0.309636
0.354952
0.397647
0.436078
0.468765
0.49445
0.512143
0.521163
0.521163
0.512143
0.49445
0.468765
0.436078
0.397647
0.354952
0.309636
0.263442
0.218147
0.175491
0.137114
0.104488
0.078863
0.0612181
0.0522215
0.0522066
0.0611881
0.0788435
0.104488
0.137134
0.175533
0.218214
0.263537
0.309761
0.35511
0.397838
0.436301
0.469018
0.49473
0.512443
0.521476
0.521476
0.512443
0.49473
0.469018
0.436301
0.397838
0.35511
0.309761
0.263537
0.218214
0.175533
0.137134
0.104488
0.0788435
0.0611881
0.0522065
0.0266097
0.0355957
0.0532293
0.0788435
0.11146
0.14983
0.192479
0.23777
0.283961
0.329276
0.37197
0.410401
0.443089
0.468776
0.486471
0.495491
0.495491
0.486471
0.468776
0.443089
0.410401
0.37197
0.329276
0.283961
0.23777
0.192479
0.14983
0.11146
0.0788435
0.0532293
0.0355957
0.0266097
0.0266003
0.0355805
0.0532293
0.078863
0.111497
0.149885
0.192555
0.237867
0.284081
0.329419
0.372138
0.410592
0.443302
0.469007
0.486715
0.495745
0.495745
0.486715
0.469007
0.443302
0.410592
0.372138
0.329419
0.284081
0.237867
0.192555
0.149885
0.111497
0.078863
0.0532293
0.0355805
0.0266003
0.00897692
0.0179541
0.0355805
0.0611881
0.0937995
0.132165
0.174812
0.220101
0.266292
0.311606
0.354302
0.392735
0.425425
0.451114
0.46881
0.477832
0.477832
0.46881
0.451114
0.425425
0.392735
0.354302
0.311606
0.266292
0.220101
0.174812
0.132165
0.0937995
0.0611881
0.0355805
0.0179541
0.00897692
0.00897444
0.0179541
0.0355957
0.0612181
0.0938418
0.13222
0.174879
0.220182
0.266386
0.311715
0.354425
0.392872
0.425574
0.451274
0.468977
0.478005
0.478005
0.468977
0.451274
0.425574
0.392872
0.354425
0.311715
0.266386
0.220182
0.174879
0.13222
0.0938418
0.0612181
0.0355957
0.0179541
0.00897443
-3.62901e-08
0.00897444
0.0266003
0.0522066
0.0848172
0.123182
0.16583
0.21112
0.257313
0.30263
0.345329
0.383765
0.416458
0.442149
0.459847
0.468871
0.468871
0.459847
0.442149
0.416458
0.383765
0.345329
0.30263
0.257313
0.21112
0.16583
0.123182
0.0848172
0.0522066
0.0266003
0.00897444
-3.46166e-08
-3.44377e-08
0.00897692
0.0266097
0.0522215
0.0848366
0.123206
0.165858
0.211153
0.25735
0.302672
0.345375
0.383816
0.416513
0.442208
0.459908
0.468933
0.468933
0.459908
0.442208
0.416513
0.383816
0.345375
0.302672
0.25735
0.211153
0.165858
0.123206
0.0848366
0.0522215
0.0266097
0.00897691
-3.91255e-08
)
;

boundaryField
{
    top
    {
        type            cyclic;
    }
    bottom
    {
        type            cyclic;
    }
    left
    {
        type            cyclic;
    }
    right
    {
        type            cyclic;
    }
    frontAndBack
    {
        type            empty;
    }
}


// ************************************************************************* //
