/*--------------------------------*- C++ -*----------------------------------*\
  =========                 |
  \\      /  F ield         | OpenFOAM: The Open Source CFD Toolbox
   \\    /   O peration     | Website:  https://openfoam.org
    \\  /    A nd           | Version:  11
     \\/     M anipulation  |
\*---------------------------------------------------------------------------*/
FoamFile
{
    format      ascii;
    class       volVectorField;
    location    "3";
    object      U;
}
// * * * * * * * * * * * * * * * * * * * * * * * * * * * * * * * * * * * * * //

dimensions      [0 1 -1 0 0 0 0];

internalField   nonuniform List<vector> 
4096
(
(0.0474574 -0.0473056 0)
(0.0471301 -0.141649 0)
(0.0463015 -0.234695 0)
(0.0450093 -0.325538 0)
(0.0432675 -0.413285 0)
(0.0410947 -0.49708 0)
(0.0385148 -0.576109 0)
(0.0355549 -0.649605 0)
(0.032245 -0.716856 0)
(0.0286179 -0.777209 0)
(0.0247094 -0.830081 0)
(0.0205582 -0.874958 0)
(0.0162037 -0.911403 0)
(0.0116911 -0.939059 0)
(0.00705999 -0.957651 0)
(0.00236326 -0.966993 0)
(-0.00236325 -0.966993 0)
(-0.00705999 -0.957651 0)
(-0.0116911 -0.939059 0)
(-0.0162037 -0.911403 0)
(-0.0205582 -0.874958 0)
(-0.0247094 -0.830081 0)
(-0.0286179 -0.777209 0)
(-0.032245 -0.716856 0)
(-0.0355549 -0.649605 0)
(-0.0385148 -0.576109 0)
(-0.0410947 -0.49708 0)
(-0.0432675 -0.413285 0)
(-0.0450093 -0.325538 0)
(-0.0463015 -0.234695 0)
(-0.0471301 -0.141649 0)
(-0.0474574 -0.0473056 0)
(-0.0473056 0.0474574 0)
(-0.0467491 0.141791 0)
(-0.0457867 0.234828 0)
(-0.0443974 0.32566 0)
(-0.0425934 0.413398 0)
(-0.0403884 0.497186 0)
(-0.0378014 0.576209 0)
(-0.0348559 0.649701 0)
(-0.0315794 0.716948 0)
(-0.0280027 0.777299 0)
(-0.0241601 0.83017 0)
(-0.0200876 0.875046 0)
(-0.0158252 0.911491 0)
(-0.0114112 0.939147 0)
(-0.00689132 0.957739 0)
(-0.00230284 0.967083 0)
(0.00230285 0.967083 0)
(0.00689132 0.957739 0)
(0.0114112 0.939147 0)
(0.0158252 0.911491 0)
(0.0200876 0.875046 0)
(0.0241601 0.83017 0)
(0.0280027 0.777299 0)
(0.0315794 0.716948 0)
(0.0348559 0.649701 0)
(0.0378014 0.576209 0)
(0.0403884 0.497186 0)
(0.0425934 0.413398 0)
(0.0443974 0.32566 0)
(0.0457867 0.234828 0)
(0.0467491 0.141791 0)
(0.0473056 0.0474573 0)
(0.141791 -0.0467491 0)
(0.140573 -0.140204 0)
(0.137958 -0.23236 0)
(0.133992 -0.322329 0)
(0.128718 -0.409232 0)
(0.122188 -0.492221 0)
(0.114466 -0.570489 0)
(0.105629 -0.643278 0)
(0.095764 -0.709882 0)
(0.084968 -0.769655 0)
(0.0733457 -0.822017 0)
(0.0610103 -0.866461 0)
(0.0480803 -0.902554 0)
(0.0346836 -0.929943 0)
(0.0209452 -0.948355 0)
(0.00700751 -0.957606 0)
(-0.00700751 -0.957606 0)
(-0.0209452 -0.948355 0)
(-0.0346836 -0.929943 0)
(-0.0480803 -0.902554 0)
(-0.0610103 -0.866461 0)
(-0.0733457 -0.822017 0)
(-0.084968 -0.769655 0)
(-0.095764 -0.709882 0)
(-0.105629 -0.643278 0)
(-0.114466 -0.570489 0)
(-0.122188 -0.492221 0)
(-0.128718 -0.409232 0)
(-0.133992 -0.322329 0)
(-0.137958 -0.232359 0)
(-0.140573 -0.140204 0)
(-0.141791 -0.0467491 0)
(-0.141649 0.0471301 0)
(-0.140204 0.140573 0)
(-0.13745 0.232713 0)
(-0.133388 0.322661 0)
(-0.128051 0.409543 0)
(-0.121486 0.492515 0)
(-0.113755 0.570769 0)
(-0.104931 0.643547 0)
(-0.0950981 0.710142 0)
(-0.0843515 0.769909 0)
(-0.0727944 0.822267 0)
(-0.0605374 0.86671 0)
(-0.0476995 0.902803 0)
(-0.0344017 0.930193 0)
(-0.0207751 0.948606 0)
(-0.0069462 0.95786 0)
(0.0069462 0.95786 0)
(0.0207751 0.948606 0)
(0.0344018 0.930193 0)
(0.0476995 0.902803 0)
(0.0605375 0.86671 0)
(0.0727944 0.822267 0)
(0.0843515 0.769909 0)
(0.0950981 0.710142 0)
(0.104931 0.643547 0)
(0.113755 0.570769 0)
(0.121486 0.492515 0)
(0.128051 0.409543 0)
(0.133388 0.322661 0)
(0.13745 0.232713 0)
(0.140204 0.140573 0)
(0.141649 0.0471301 0)
(0.234828 -0.0457867 0)
(0.232713 -0.13745 0)
(0.228322 -0.227826 0)
(0.221711 -0.316051 0)
(0.21295 -0.401269 0)
(0.202121 -0.482649 0)
(0.189328 -0.5594 0)
(0.174697 -0.630778 0)
(0.158371 -0.696092 0)
(0.140509 -0.754706 0)
(0.121284 -0.806054 0)
(0.100882 -0.849637 0)
(0.0794996 -0.88503 0)
(0.0573464 -0.911887 0)
(0.0346314 -0.92994 0)
(0.0115855 -0.939009 0)
(-0.0115855 -0.939009 0)
(-0.0346314 -0.92994 0)
(-0.0573464 -0.911887 0)
(-0.0794996 -0.88503 0)
(-0.100882 -0.849637 0)
(-0.121284 -0.806054 0)
(-0.140509 -0.754707 0)
(-0.158371 -0.696092 0)
(-0.174697 -0.630778 0)
(-0.189328 -0.5594 0)
(-0.202121 -0.482649 0)
(-0.21295 -0.401269 0)
(-0.221711 -0.316051 0)
(-0.228322 -0.227826 0)
(-0.232713 -0.13745 0)
(-0.234828 -0.0457867 0)
(-0.234695 0.0463015 0)
(-0.232359 0.137958 0)
(-0.227826 0.228322 0)
(-0.221119 0.316528 0)
(-0.212292 0.401724 0)
(-0.201425 0.483084 0)
(-0.18862 0.559818 0)
(-0.173999 0.631183 0)
(-0.157703 0.696485 0)
(-0.139889 0.755092 0)
(-0.120727 0.806436 0)
(-0.100404 0.850017 0)
(-0.0791133 0.885411 0)
(-0.0570599 0.912271 0)
(-0.0344579 0.930327 0)
(-0.0115223 0.939403 0)
(0.0115223 0.939403 0)
(0.0344579 0.930327 0)
(0.0570599 0.912271 0)
(0.0791133 0.885411 0)
(0.100404 0.850017 0)
(0.120727 0.806436 0)
(0.139889 0.755092 0)
(0.157703 0.696485 0)
(0.173999 0.631183 0)
(0.18862 0.559818 0)
(0.201425 0.483084 0)
(0.212292 0.401724 0)
(0.221119 0.316528 0)
(0.227826 0.228322 0)
(0.23236 0.137958 0)
(0.234695 0.0463015 0)
(0.32566 -0.0443974 0)
(0.322661 -0.133388 0)
(0.316528 -0.221119 0)
(0.307329 -0.306753 0)
(0.295158 -0.389465 0)
(0.280129 -0.46845 0)
(0.262385 -0.542943 0)
(0.242099 -0.612222 0)
(0.219467 -0.675614 0)
(0.194709 -0.732504 0)
(0.168064 -0.782342 0)
(0.139791 -0.824642 0)
(0.11016 -0.858993 0)
(0.0794622 -0.885058 0)
(0.0479875 -0.902578 0)
(0.0160532 -0.911378 0)
(-0.0160532 -0.911378 0)
(-0.0479875 -0.902578 0)
(-0.0794622 -0.885058 0)
(-0.11016 -0.858993 0)
(-0.139791 -0.824642 0)
(-0.168064 -0.782342 0)
(-0.194709 -0.732504 0)
(-0.219467 -0.675614 0)
(-0.242099 -0.612222 0)
(-0.262385 -0.542943 0)
(-0.280129 -0.46845 0)
(-0.295158 -0.389465 0)
(-0.307329 -0.306753 0)
(-0.316528 -0.221119 0)
(-0.322661 -0.133388 0)
(-0.32566 -0.0443973 0)
(-0.325538 0.0450093 0)
(-0.322329 0.133992 0)
(-0.316051 0.221711 0)
(-0.306753 0.307329 0)
(-0.294513 0.390021 0)
(-0.279441 0.468988 0)
(-0.261681 0.543465 0)
(-0.2414 0.61273 0)
(-0.218795 0.676111 0)
(-0.194082 0.732995 0)
(-0.1675 0.78283 0)
(-0.139304 0.825131 0)
(-0.109765 0.859486 0)
(-0.0791682 0.885556 0)
(-0.0478084 0.903083 0)
(-0.0159874 0.911892 0)
(0.0159874 0.911892 0)
(0.0478084 0.903083 0)
(0.0791682 0.885556 0)
(0.109765 0.859486 0)
(0.139304 0.825131 0)
(0.1675 0.78283 0)
(0.194082 0.732995 0)
(0.218795 0.676111 0)
(0.2414 0.61273 0)
(0.261681 0.543465 0)
(0.279441 0.468988 0)
(0.294513 0.390021 0)
(0.306753 0.307329 0)
(0.316051 0.221711 0)
(0.322329 0.133992 0)
(0.325538 0.0450093 0)
(0.413398 -0.0425934 0)
(0.409543 -0.128051 0)
(0.401724 -0.212292 0)
(0.390021 -0.294513 0)
(0.374553 -0.373922 0)
(0.355464 -0.449753 0)
(0.332937 -0.52127 0)
(0.307187 -0.587781 0)
(0.278465 -0.648641 0)
(0.247048 -0.703259 0)
(0.213238 -0.751105 0)
(0.177363 -0.791714 0)
(0.139768 -0.824692 0)
(0.100819 -0.849714 0)
(0.0608851 -0.866531 0)
(0.0203679 -0.874976 0)
(-0.0203679 -0.874976 0)
(-0.0608851 -0.866531 0)
(-0.100819 -0.849714 0)
(-0.139768 -0.824692 0)
(-0.177363 -0.791714 0)
(-0.213238 -0.751105 0)
(-0.247048 -0.703259 0)
(-0.278465 -0.648641 0)
(-0.307187 -0.587781 0)
(-0.332937 -0.52127 0)
(-0.355464 -0.449753 0)
(-0.374553 -0.373922 0)
(-0.390021 -0.294513 0)
(-0.401724 -0.212292 0)
(-0.409543 -0.128051 0)
(-0.413398 -0.0425934 0)
(-0.413285 0.0432675 0)
(-0.409232 0.128718 0)
(-0.401269 0.21295 0)
(-0.389465 0.295158 0)
(-0.373922 0.374553 0)
(-0.354786 0.450368 0)
(-0.332236 0.521872 0)
(-0.306488 0.588372 0)
(-0.277789 0.649223 0)
(-0.246413 0.703837 0)
(-0.212663 0.751683 0)
(-0.176865 0.792297 0)
(-0.139362 0.825281 0)
(-0.100515 0.850312 0)
(-0.0606986 0.86714 0)
(-0.0202986 0.875599 0)
(0.0202986 0.875599 0)
(0.0606986 0.86714 0)
(0.100515 0.850311 0)
(0.139362 0.825281 0)
(0.176865 0.792297 0)
(0.212664 0.751683 0)
(0.246413 0.703837 0)
(0.277789 0.649223 0)
(0.306488 0.588372 0)
(0.332236 0.521872 0)
(0.354786 0.450368 0)
(0.373922 0.374553 0)
(0.389465 0.295158 0)
(0.401269 0.21295 0)
(0.409232 0.128718 0)
(0.413285 0.0432675 0)
(0.497186 -0.0403884 0)
(0.492515 -0.121486 0)
(0.483084 -0.201425 0)
(0.468988 -0.279441 0)
(0.450368 -0.354786 0)
(0.427401 -0.426733 0)
(0.400304 -0.494587 0)
(0.369337 -0.55769 0)
(0.334799 -0.615431 0)
(0.297022 -0.667249 0)
(0.256371 -0.712643 0)
(0.213238 -0.75117 0)
(0.168039 -0.782456 0)
(0.121211 -0.806192 0)
(0.0732004 -0.822144 0)
(0.0244879 -0.830152 0)
(-0.0244879 -0.830152 0)
(-0.0732004 -0.822144 0)
(-0.121211 -0.806192 0)
(-0.168039 -0.782456 0)
(-0.213238 -0.75117 0)
(-0.256371 -0.712643 0)
(-0.297022 -0.667249 0)
(-0.334799 -0.615431 0)
(-0.369337 -0.55769 0)
(-0.400304 -0.494587 0)
(-0.427401 -0.426733 0)
(-0.450368 -0.354786 0)
(-0.468988 -0.279441 0)
(-0.483084 -0.201425 0)
(-0.492515 -0.121486 0)
(-0.497186 -0.0403884 0)
(-0.49708 0.0410947 0)
(-0.492221 0.122188 0)
(-0.482649 0.202121 0)
(-0.46845 0.280129 0)
(-0.449753 0.355464 0)
(-0.426733 0.427401 0)
(-0.399608 0.495245 0)
(-0.368637 0.558341 0)
(-0.334116 0.616078 0)
(-0.296377 0.667897 0)
(-0.255784 0.713295 0)
(-0.212726 0.75183 0)
(-0.167618 0.783126 0)
(-0.120894 0.806876 0)
(-0.0730044 0.822844 0)
(-0.0244145 0.830871 0)
(0.0244145 0.830871 0)
(0.0730044 0.822844 0)
(0.120894 0.806876 0)
(0.167618 0.783126 0)
(0.212726 0.75183 0)
(0.255784 0.713295 0)
(0.296377 0.667897 0)
(0.334116 0.616078 0)
(0.368637 0.558341 0)
(0.399608 0.495245 0)
(0.426733 0.427401 0)
(0.449753 0.355464 0)
(0.46845 0.280129 0)
(0.482649 0.202121 0)
(0.492221 0.122188 0)
(0.49708 0.0410947 0)
(0.576209 -0.0378014 0)
(0.570769 -0.113755 0)
(0.559818 -0.18862 0)
(0.543465 -0.261681 0)
(0.521872 -0.332236 0)
(0.495245 -0.399608 0)
(0.463837 -0.463145 0)
(0.427949 -0.522233 0)
(0.387925 -0.576299 0)
(0.344151 -0.62482 0)
(0.297048 -0.667324 0)
(0.247071 -0.703397 0)
(0.1947 -0.732689 0)
(0.140442 -0.754912 0)
(0.084815 -0.769843 0)
(0.0283737 -0.777337 0)
(-0.0283737 -0.777337 0)
(-0.0848151 -0.769843 0)
(-0.140442 -0.754912 0)
(-0.1947 -0.732689 0)
(-0.247071 -0.703397 0)
(-0.297048 -0.667324 0)
(-0.344151 -0.62482 0)
(-0.387925 -0.576299 0)
(-0.427949 -0.522233 0)
(-0.463837 -0.463145 0)
(-0.495245 -0.399608 0)
(-0.521872 -0.332236 0)
(-0.543465 -0.261681 0)
(-0.559818 -0.18862 0)
(-0.570769 -0.113755 0)
(-0.576209 -0.0378014 0)
(-0.576109 0.0385148 0)
(-0.570489 0.114466 0)
(-0.5594 0.189328 0)
(-0.542943 0.262385 0)
(-0.52127 0.332937 0)
(-0.494587 0.400304 0)
(-0.463145 0.463837 0)
(-0.427246 0.522923 0)
(-0.387235 0.576991 0)
(-0.343494 0.625517 0)
(-0.296445 0.66803 0)
(-0.246541 0.704117 0)
(-0.194261 0.733424 0)
(-0.140109 0.755665 0)
(-0.0846072 0.770619 0)
(-0.0282955 0.778138 0)
(0.0282955 0.778138 0)
(0.0846072 0.770619 0)
(0.140109 0.755665 0)
(0.194261 0.733424 0)
(0.246541 0.704117 0)
(0.296445 0.66803 0)
(0.343494 0.625517 0)
(0.387235 0.576991 0)
(0.427246 0.522923 0)
(0.463145 0.463837 0)
(0.494587 0.400304 0)
(0.52127 0.332937 0)
(0.542943 0.262385 0)
(0.5594 0.189328 0)
(0.570489 0.114466 0)
(0.576109 0.0385148 0)
(0.649701 -0.0348559 0)
(0.643547 -0.104931 0)
(0.631183 -0.173999 0)
(0.61273 -0.2414 0)
(0.588372 -0.306488 0)
(0.558341 -0.368637 0)
(0.522923 -0.427246 0)
(0.482457 -0.481751 0)
(0.437332 -0.531623 0)
(0.38798 -0.576378 0)
(0.334877 -0.615582 0)
(0.278535 -0.648855 0)
(0.219495 -0.675871 0)
(0.158328 -0.696365 0)
(0.0956172 -0.710132 0)
(0.031988 -0.717038 0)
(-0.0319881 -0.717038 0)
(-0.0956172 -0.710132 0)
(-0.158328 -0.696365 0)
(-0.219495 -0.675871 0)
(-0.278535 -0.648855 0)
(-0.334877 -0.615582 0)
(-0.38798 -0.576378 0)
(-0.437332 -0.531623 0)
(-0.482457 -0.481751 0)
(-0.522923 -0.427246 0)
(-0.558341 -0.368637 0)
(-0.588372 -0.306488 0)
(-0.61273 -0.2414 0)
(-0.631183 -0.173999 0)
(-0.643547 -0.104931 0)
(-0.649701 -0.0348559 0)
(-0.649605 0.0355549 0)
(-0.643278 0.105629 0)
(-0.630778 0.174697 0)
(-0.612222 0.242099 0)
(-0.587781 0.307187 0)
(-0.557689 0.369337 0)
(-0.522233 0.427949 0)
(-0.481751 0.482457 0)
(-0.436632 0.532336 0)
(-0.387309 0.577103 0)
(-0.334256 0.616322 0)
(-0.277984 0.649613 0)
(-0.219035 0.676651 0)
(-0.157975 0.697169 0)
(-0.095395 0.710965 0)
(-0.031904 0.717903 0)
(0.031904 0.717903 0)
(0.095395 0.710965 0)
(0.157975 0.697169 0)
(0.219035 0.676651 0)
(0.277984 0.649613 0)
(0.334256 0.616322 0)
(0.387309 0.577103 0)
(0.436632 0.532336 0)
(0.481751 0.482457 0)
(0.522233 0.427949 0)
(0.55769 0.369337 0)
(0.587781 0.307187 0)
(0.612222 0.242099 0)
(0.630778 0.174697 0)
(0.643278 0.105629 0)
(0.649605 0.0355549 0)
(0.716948 -0.0315794 0)
(0.710142 -0.0950981 0)
(0.696485 -0.157703 0)
(0.676111 -0.218795 0)
(0.649223 -0.277789 0)
(0.616078 -0.334116 0)
(0.576991 -0.387235 0)
(0.532336 -0.436632 0)
(0.482542 -0.481829 0)
(0.428087 -0.522389 0)
(0.369494 -0.557916 0)
(0.307327 -0.588067 0)
(0.242184 -0.612547 0)
(0.174695 -0.631115 0)
(0.105503 -0.643585 0)
(0.035296 -0.649836 0)
(-0.035296 -0.649836 0)
(-0.105503 -0.643585 0)
(-0.174695 -0.631115 0)
(-0.242184 -0.612547 0)
(-0.307327 -0.588067 0)
(-0.369494 -0.557916 0)
(-0.428087 -0.522389 0)
(-0.482542 -0.481829 0)
(-0.532336 -0.436632 0)
(-0.576991 -0.387235 0)
(-0.616078 -0.334116 0)
(-0.649223 -0.277789 0)
(-0.676111 -0.218795 0)
(-0.696485 -0.157703 0)
(-0.710142 -0.0950981 0)
(-0.716948 -0.0315794 0)
(-0.716856 0.032245 0)
(-0.709882 0.095764 0)
(-0.696092 0.158371 0)
(-0.675614 0.219467 0)
(-0.648641 0.278465 0)
(-0.615431 0.334799 0)
(-0.576299 0.387925 0)
(-0.531623 0.437332 0)
(-0.481829 0.482542 0)
(-0.427397 0.523118 0)
(-0.36885 0.558667 0)
(-0.306751 0.588843 0)
(-0.241699 0.61335 0)
(-0.174319 0.631949 0)
(-0.105263 0.644455 0)
(-0.035205 0.650745 0)
(0.035205 0.650745 0)
(0.105263 0.644455 0)
(0.174319 0.631949 0)
(0.241699 0.61335 0)
(0.306751 0.588843 0)
(0.36885 0.558667 0)
(0.427397 0.523118 0)
(0.481829 0.482542 0)
(0.531623 0.437332 0)
(0.576299 0.387925 0)
(0.615431 0.334799 0)
(0.648641 0.278465 0)
(0.675614 0.219467 0)
(0.696092 0.158371 0)
(0.709882 0.095764 0)
(0.716856 0.0322449 0)
(0.777299 -0.0280027 0)
(0.769909 -0.0843515 0)
(0.755092 -0.139889 0)
(0.732995 -0.194082 0)
(0.703837 -0.246413 0)
(0.667897 -0.296377 0)
(0.625517 -0.343494 0)
(0.577103 -0.387309 0)
(0.523118 -0.427397 0)
(0.464083 -0.46337 0)
(0.400562 -0.49488 0)
(0.333169 -0.521619 0)
(0.26255 -0.543327 0)
(0.189386 -0.55979 0)
(0.114377 -0.570843 0)
(0.0382658 -0.576379 0)
(-0.0382658 -0.576379 0)
(-0.114377 -0.570843 0)
(-0.189386 -0.55979 0)
(-0.26255 -0.543327 0)
(-0.333169 -0.521619 0)
(-0.400562 -0.49488 0)
(-0.464083 -0.46337 0)
(-0.523118 -0.427397 0)
(-0.577103 -0.387309 0)
(-0.625517 -0.343494 0)
(-0.667897 -0.296377 0)
(-0.703837 -0.246413 0)
(-0.732995 -0.194082 0)
(-0.755092 -0.139889 0)
(-0.769909 -0.0843515 0)
(-0.777299 -0.0280027 0)
(-0.777209 0.0286179 0)
(-0.769655 0.084968 0)
(-0.754706 0.140509 0)
(-0.732504 0.194709 0)
(-0.703259 0.247048 0)
(-0.667249 0.297022 0)
(-0.62482 0.344151 0)
(-0.576378 0.38798 0)
(-0.522389 0.428087 0)
(-0.46337 0.464083 0)
(-0.399891 0.495619 0)
(-0.332563 0.522388 0)
(-0.262033 0.54413 0)
(-0.188983 0.560631 0)
(-0.114116 0.571727 0)
(-0.0381665 0.577308 0)
(0.0381665 0.577308 0)
(0.114116 0.571727 0)
(0.188983 0.560631 0)
(0.262033 0.54413 0)
(0.332563 0.522388 0)
(0.399891 0.495619 0)
(0.46337 0.464083 0)
(0.522389 0.428087 0)
(0.576378 0.38798 0)
(0.62482 0.344151 0)
(0.667249 0.297022 0)
(0.703259 0.247048 0)
(0.732504 0.194709 0)
(0.754707 0.140509 0)
(0.769655 0.084968 0)
(0.777209 0.0286179 0)
(0.83017 -0.0241601 0)
(0.822267 -0.0727944 0)
(0.806436 -0.120727 0)
(0.78283 -0.1675 0)
(0.751683 -0.212663 0)
(0.713295 -0.255784 0)
(0.66803 -0.296445 0)
(0.616322 -0.334256 0)
(0.558667 -0.36885 0)
(0.495619 -0.399891 0)
(0.427782 -0.42708 0)
(0.35581 -0.45015 0)
(0.280393 -0.468878 0)
(0.202259 -0.483078 0)
(0.122153 -0.492607 0)
(0.0408686 -0.497376 0)
(-0.0408686 -0.497376 0)
(-0.122153 -0.492607 0)
(-0.202259 -0.483078 0)
(-0.280393 -0.468878 0)
(-0.35581 -0.45015 0)
(-0.427782 -0.42708 0)
(-0.495619 -0.399891 0)
(-0.558667 -0.36885 0)
(-0.616322 -0.334256 0)
(-0.66803 -0.296445 0)
(-0.713295 -0.255784 0)
(-0.751683 -0.212663 0)
(-0.78283 -0.1675 0)
(-0.806436 -0.120727 0)
(-0.822267 -0.0727944 0)
(-0.83017 -0.0241601 0)
(-0.830081 0.0247094 0)
(-0.822017 0.0733457 0)
(-0.806054 0.121284 0)
(-0.782342 0.168064 0)
(-0.751105 0.213238 0)
(-0.712643 0.256371 0)
(-0.667324 0.297048 0)
(-0.615582 0.334877 0)
(-0.557916 0.369494 0)
(-0.49488 0.400562 0)
(-0.42708 0.427782 0)
(-0.355169 0.450889 0)
(-0.279842 0.469656 0)
(-0.201823 0.483899 0)
(-0.121868 0.49348 0)
(-0.0407595 0.498298 0)
(0.0407595 0.498298 0)
(0.121868 0.49348 0)
(0.201823 0.483899 0)
(0.279842 0.469656 0)
(0.355169 0.450889 0)
(0.42708 0.427782 0)
(0.49488 0.400562 0)
(0.557916 0.369494 0)
(0.615582 0.334877 0)
(0.667324 0.297048 0)
(0.712643 0.256371 0)
(0.751105 0.213238 0)
(0.782342 0.168064 0)
(0.806054 0.121284 0)
(0.822017 0.0733457 0)
(0.830081 0.0247094 0)
(0.875046 -0.0200876 0)
(0.86671 -0.0605375 0)
(0.850017 -0.100404 0)
(0.825131 -0.139304 0)
(0.792297 -0.176865 0)
(0.75183 -0.212726 0)
(0.704117 -0.246541 0)
(0.649613 -0.277984 0)
(0.588843 -0.306751 0)
(0.522388 -0.332563 0)
(0.450889 -0.355169 0)
(0.37503 -0.37435 0)
(0.295542 -0.389918 0)
(0.213188 -0.401719 0)
(0.128756 -0.409634 0)
(0.0430793 -0.41359 0)
(-0.0430793 -0.41359 0)
(-0.128756 -0.409634 0)
(-0.213188 -0.401719 0)
(-0.295542 -0.389918 0)
(-0.37503 -0.37435 0)
(-0.450889 -0.355169 0)
(-0.522388 -0.332563 0)
(-0.588843 -0.306751 0)
(-0.649613 -0.277984 0)
(-0.704117 -0.246541 0)
(-0.75183 -0.212726 0)
(-0.792297 -0.176865 0)
(-0.825131 -0.139304 0)
(-0.850017 -0.100404 0)
(-0.86671 -0.0605375 0)
(-0.875046 -0.0200876 0)
(-0.874958 0.0205582 0)
(-0.866461 0.0610103 0)
(-0.849637 0.100882 0)
(-0.824642 0.139791 0)
(-0.791714 0.177363 0)
(-0.75117 0.213238 0)
(-0.703397 0.247071 0)
(-0.648855 0.278535 0)
(-0.588067 0.307327 0)
(-0.521619 0.333169 0)
(-0.45015 0.35581 0)
(-0.37435 0.37503 0)
(-0.29495 0.390642 0)
(-0.212714 0.402492 0)
(-0.128442 0.410462 0)
(-0.0429583 0.414471 0)
(0.0429583 0.414471 0)
(0.128442 0.410462 0)
(0.212714 0.402492 0)
(0.29495 0.390642 0)
(0.37435 0.37503 0)
(0.45015 0.35581 0)
(0.521619 0.333169 0)
(0.588067 0.307327 0)
(0.648855 0.278535 0)
(0.703397 0.247071 0)
(0.75117 0.213238 0)
(0.791714 0.177363 0)
(0.824642 0.139791 0)
(0.849637 0.100882 0)
(0.866461 0.0610103 0)
(0.874958 0.0205582 0)
(0.911491 -0.0158252 0)
(0.902803 -0.0476995 0)
(0.885411 -0.0791133 0)
(0.859486 -0.109765 0)
(0.825281 -0.139362 0)
(0.783126 -0.167618 0)
(0.733424 -0.194261 0)
(0.676651 -0.219035 0)
(0.61335 -0.241699 0)
(0.54413 -0.262033 0)
(0.469656 -0.279842 0)
(0.390642 -0.29495 0)
(0.307847 -0.307209 0)
(0.222067 -0.316499 0)
(0.134121 -0.322725 0)
(0.0448763 -0.325832 0)
(-0.0448763 -0.325832 0)
(-0.134121 -0.322725 0)
(-0.222067 -0.316499 0)
(-0.307847 -0.307209 0)
(-0.390642 -0.29495 0)
(-0.469656 -0.279842 0)
(-0.54413 -0.262033 0)
(-0.61335 -0.241699 0)
(-0.676651 -0.219035 0)
(-0.733424 -0.194261 0)
(-0.783126 -0.167618 0)
(-0.825281 -0.139362 0)
(-0.859486 -0.109765 0)
(-0.885411 -0.0791133 0)
(-0.902803 -0.0476995 0)
(-0.911491 -0.0158252 0)
(-0.911403 0.0162037 0)
(-0.902554 0.0480803 0)
(-0.88503 0.0794996 0)
(-0.858993 0.11016 0)
(-0.824692 0.139768 0)
(-0.782456 0.168039 0)
(-0.732689 0.1947 0)
(-0.675871 0.219495 0)
(-0.612547 0.242184 0)
(-0.543327 0.26255 0)
(-0.468878 0.280393 0)
(-0.389918 0.295542 0)
(-0.307209 0.307847 0)
(-0.22155 0.317188 0)
(-0.133773 0.323473 0)
(-0.0447411 0.326633 0)
(0.0447411 0.326633 0)
(0.133773 0.323473 0)
(0.22155 0.317188 0)
(0.307209 0.307847 0)
(0.389918 0.295542 0)
(0.468878 0.280393 0)
(0.543327 0.26255 0)
(0.612547 0.242184 0)
(0.675871 0.219495 0)
(0.732689 0.1947 0)
(0.782456 0.168039 0)
(0.824692 0.139768 0)
(0.858993 0.11016 0)
(0.88503 0.0794996 0)
(0.902554 0.0480803 0)
(0.911403 0.0162037 0)
(0.939147 -0.0114112 0)
(0.930193 -0.0344017 0)
(0.912271 -0.0570599 0)
(0.885556 -0.0791682 0)
(0.850311 -0.100515 0)
(0.806876 -0.120894 0)
(0.755665 -0.140109 0)
(0.697169 -0.157975 0)
(0.631949 -0.174319 0)
(0.560631 -0.188983 0)
(0.483899 -0.201823 0)
(0.402492 -0.212714 0)
(0.317188 -0.22155 0)
(0.228808 -0.228241 0)
(0.138196 -0.232722 0)
(0.0462421 -0.234952 0)
(-0.0462421 -0.234952 0)
(-0.138196 -0.232722 0)
(-0.228808 -0.228241 0)
(-0.317188 -0.22155 0)
(-0.402492 -0.212714 0)
(-0.483899 -0.201823 0)
(-0.560631 -0.188983 0)
(-0.631949 -0.174319 0)
(-0.697169 -0.157975 0)
(-0.755665 -0.140109 0)
(-0.806876 -0.120894 0)
(-0.850312 -0.100515 0)
(-0.885556 -0.0791682 0)
(-0.912271 -0.0570599 0)
(-0.930193 -0.0344018 0)
(-0.939147 -0.0114112 0)
(-0.939059 0.0116911 0)
(-0.929943 0.0346836 0)
(-0.911887 0.0573464 0)
(-0.885058 0.0794622 0)
(-0.849714 0.100819 0)
(-0.806192 0.121211 0)
(-0.754912 0.140442 0)
(-0.696365 0.158328 0)
(-0.631115 0.174695 0)
(-0.55979 0.189386 0)
(-0.483078 0.202259 0)
(-0.401719 0.213188 0)
(-0.316499 0.222067 0)
(-0.228241 0.228808 0)
(-0.137808 0.233345 0)
(-0.0460896 0.235627 0)
(0.0460896 0.235627 0)
(0.137808 0.233345 0)
(0.228241 0.228808 0)
(0.316499 0.222067 0)
(0.401719 0.213188 0)
(0.483078 0.202259 0)
(0.55979 0.189386 0)
(0.631115 0.174695 0)
(0.696365 0.158328 0)
(0.754912 0.140442 0)
(0.806192 0.121211 0)
(0.849714 0.100819 0)
(0.885058 0.0794622 0)
(0.911887 0.0573464 0)
(0.929943 0.0346836 0)
(0.939059 0.0116911 0)
(0.957739 -0.00689132 0)
(0.948606 -0.0207751 0)
(0.930327 -0.0344579 0)
(0.903083 -0.0478084 0)
(0.86714 -0.0606986 0)
(0.822844 -0.0730044 0)
(0.770619 -0.0846072 0)
(0.710965 -0.095395 0)
(0.644455 -0.105263 0)
(0.571727 -0.114116 0)
(0.49348 -0.121868 0)
(0.410462 -0.128442 0)
(0.323473 -0.133773 0)
(0.233345 -0.137808 0)
(0.14094 -0.140506 0)
(0.0471626 -0.141846 0)
(-0.0471626 -0.141846 0)
(-0.14094 -0.140506 0)
(-0.233345 -0.137808 0)
(-0.323473 -0.133773 0)
(-0.410462 -0.128442 0)
(-0.49348 -0.121868 0)
(-0.571727 -0.114116 0)
(-0.644455 -0.105263 0)
(-0.710965 -0.095395 0)
(-0.770619 -0.0846072 0)
(-0.822844 -0.0730044 0)
(-0.86714 -0.0606986 0)
(-0.903083 -0.0478084 0)
(-0.930327 -0.0344579 0)
(-0.948606 -0.0207751 0)
(-0.957739 -0.00689132 0)
(-0.957651 0.00705999 0)
(-0.948355 0.0209452 0)
(-0.92994 0.0346314 0)
(-0.902578 0.0479875 0)
(-0.866531 0.0608851 0)
(-0.822144 0.0732004 0)
(-0.769843 0.0848151 0)
(-0.710132 0.0956172 0)
(-0.643585 0.105503 0)
(-0.570843 0.114377 0)
(-0.492607 0.122153 0)
(-0.409634 0.128756 0)
(-0.322725 0.134121 0)
(-0.232722 0.138196 0)
(-0.140506 0.14094 0)
(-0.0469904 0.142322 0)
(0.0469904 0.142322 0)
(0.140506 0.14094 0)
(0.232722 0.138196 0)
(0.322725 0.134121 0)
(0.409634 0.128756 0)
(0.492607 0.122153 0)
(0.570843 0.114377 0)
(0.643585 0.105503 0)
(0.710132 0.0956172 0)
(0.769843 0.0848151 0)
(0.822144 0.0732004 0)
(0.866531 0.0608851 0)
(0.902578 0.0479875 0)
(0.92994 0.0346314 0)
(0.948355 0.0209452 0)
(0.957651 0.00705999 0)
(0.967083 -0.00230284 0)
(0.95786 -0.0069462 0)
(0.939403 -0.0115223 0)
(0.911892 -0.0159874 0)
(0.875599 -0.0202986 0)
(0.830871 -0.0244145 0)
(0.778138 -0.0282955 0)
(0.717903 -0.031904 0)
(0.650745 -0.035205 0)
(0.577308 -0.0381665 0)
(0.498298 -0.0407595 0)
(0.414471 -0.0429583 0)
(0.326633 -0.0447411 0)
(0.235627 -0.0460896 0)
(0.142322 -0.0469904 0)
(0.0476266 -0.0474365 0)
(-0.0476266 -0.0474365 0)
(-0.142322 -0.0469904 0)
(-0.235627 -0.0460896 0)
(-0.326633 -0.0447411 0)
(-0.414471 -0.0429583 0)
(-0.498298 -0.0407595 0)
(-0.577308 -0.0381665 0)
(-0.650745 -0.035205 0)
(-0.717903 -0.031904 0)
(-0.778138 -0.0282955 0)
(-0.830871 -0.0244145 0)
(-0.875599 -0.0202986 0)
(-0.911892 -0.0159874 0)
(-0.939403 -0.0115223 0)
(-0.95786 -0.0069462 0)
(-0.967083 -0.00230284 0)
(-0.966993 0.00236325 0)
(-0.957606 0.00700751 0)
(-0.939009 0.0115855 0)
(-0.911378 0.0160532 0)
(-0.874976 0.0203679 0)
(-0.830152 0.0244879 0)
(-0.777337 0.0283737 0)
(-0.717038 0.0319881 0)
(-0.649836 0.035296 0)
(-0.576379 0.0382658 0)
(-0.497376 0.0408686 0)
(-0.41359 0.0430793 0)
(-0.325832 0.0448763 0)
(-0.234952 0.0462421 0)
(-0.141846 0.0471626 0)
(-0.0474365 0.0476266 0)
(0.0474365 0.0476266 0)
(0.141846 0.0471626 0)
(0.234952 0.0462421 0)
(0.325832 0.0448763 0)
(0.41359 0.0430793 0)
(0.497376 0.0408686 0)
(0.576379 0.0382658 0)
(0.649836 0.035296 0)
(0.717038 0.0319881 0)
(0.777337 0.0283737 0)
(0.830152 0.0244879 0)
(0.874976 0.0203679 0)
(0.911378 0.0160532 0)
(0.939009 0.0115855 0)
(0.957606 0.00700752 0)
(0.966993 0.00236326 0)
(0.967083 0.00230285 0)
(0.95786 0.0069462 0)
(0.939403 0.0115223 0)
(0.911892 0.0159874 0)
(0.875599 0.0202986 0)
(0.830871 0.0244145 0)
(0.778138 0.0282955 0)
(0.717903 0.031904 0)
(0.650745 0.035205 0)
(0.577308 0.0381665 0)
(0.498298 0.0407595 0)
(0.414471 0.0429583 0)
(0.326633 0.0447411 0)
(0.235627 0.0460896 0)
(0.142322 0.0469904 0)
(0.0476266 0.0474365 0)
(-0.0476266 0.0474365 0)
(-0.142322 0.0469904 0)
(-0.235627 0.0460896 0)
(-0.326633 0.0447411 0)
(-0.414471 0.0429583 0)
(-0.498298 0.0407595 0)
(-0.577308 0.0381665 0)
(-0.650745 0.035205 0)
(-0.717903 0.031904 0)
(-0.778138 0.0282955 0)
(-0.830871 0.0244145 0)
(-0.875599 0.0202986 0)
(-0.911892 0.0159874 0)
(-0.939403 0.0115223 0)
(-0.95786 0.0069462 0)
(-0.967083 0.00230284 0)
(-0.966993 -0.00236326 0)
(-0.957606 -0.00700751 0)
(-0.939009 -0.0115855 0)
(-0.911378 -0.0160532 0)
(-0.874976 -0.0203679 0)
(-0.830152 -0.0244879 0)
(-0.777337 -0.0283737 0)
(-0.717038 -0.031988 0)
(-0.649836 -0.035296 0)
(-0.576379 -0.0382658 0)
(-0.497376 -0.0408686 0)
(-0.41359 -0.0430793 0)
(-0.325832 -0.0448763 0)
(-0.234952 -0.0462421 0)
(-0.141846 -0.0471626 0)
(-0.0474365 -0.0476266 0)
(0.0474365 -0.0476266 0)
(0.141846 -0.0471626 0)
(0.234952 -0.0462421 0)
(0.325832 -0.0448763 0)
(0.41359 -0.0430793 0)
(0.497376 -0.0408686 0)
(0.576379 -0.0382658 0)
(0.649836 -0.035296 0)
(0.717038 -0.031988 0)
(0.777337 -0.0283737 0)
(0.830152 -0.0244879 0)
(0.874976 -0.0203679 0)
(0.911378 -0.0160532 0)
(0.939009 -0.0115855 0)
(0.957606 -0.00700751 0)
(0.966993 -0.00236325 0)
(0.957739 0.00689132 0)
(0.948606 0.0207751 0)
(0.930327 0.0344579 0)
(0.903083 0.0478084 0)
(0.86714 0.0606986 0)
(0.822844 0.0730044 0)
(0.770619 0.0846072 0)
(0.710965 0.095395 0)
(0.644455 0.105263 0)
(0.571727 0.114116 0)
(0.49348 0.121868 0)
(0.410462 0.128442 0)
(0.323473 0.133773 0)
(0.233345 0.137808 0)
(0.14094 0.140506 0)
(0.0471626 0.141846 0)
(-0.0471626 0.141846 0)
(-0.14094 0.140506 0)
(-0.233345 0.137808 0)
(-0.323473 0.133773 0)
(-0.410462 0.128442 0)
(-0.49348 0.121868 0)
(-0.571727 0.114116 0)
(-0.644455 0.105263 0)
(-0.710965 0.095395 0)
(-0.770619 0.0846072 0)
(-0.822844 0.0730044 0)
(-0.86714 0.0606986 0)
(-0.903083 0.0478084 0)
(-0.930327 0.0344579 0)
(-0.948606 0.0207751 0)
(-0.957739 0.00689132 0)
(-0.957651 -0.00705999 0)
(-0.948355 -0.0209452 0)
(-0.92994 -0.0346314 0)
(-0.902578 -0.0479875 0)
(-0.866531 -0.0608851 0)
(-0.822144 -0.0732004 0)
(-0.769843 -0.084815 0)
(-0.710132 -0.0956172 0)
(-0.643585 -0.105503 0)
(-0.570843 -0.114377 0)
(-0.492607 -0.122153 0)
(-0.409634 -0.128756 0)
(-0.322725 -0.134121 0)
(-0.232722 -0.138196 0)
(-0.140506 -0.14094 0)
(-0.0469904 -0.142322 0)
(0.0469904 -0.142322 0)
(0.140506 -0.14094 0)
(0.232722 -0.138196 0)
(0.322725 -0.134121 0)
(0.409634 -0.128756 0)
(0.492607 -0.122153 0)
(0.570843 -0.114377 0)
(0.643585 -0.105503 0)
(0.710132 -0.0956172 0)
(0.769843 -0.084815 0)
(0.822144 -0.0732004 0)
(0.866531 -0.0608851 0)
(0.902578 -0.0479875 0)
(0.92994 -0.0346314 0)
(0.948355 -0.0209452 0)
(0.957651 -0.00705999 0)
(0.939147 0.0114112 0)
(0.930193 0.0344018 0)
(0.912271 0.0570599 0)
(0.885556 0.0791682 0)
(0.850312 0.100515 0)
(0.806876 0.120894 0)
(0.755665 0.140109 0)
(0.697169 0.157975 0)
(0.631949 0.174319 0)
(0.560631 0.188983 0)
(0.483899 0.201823 0)
(0.402492 0.212714 0)
(0.317188 0.22155 0)
(0.228808 0.228241 0)
(0.138196 0.232722 0)
(0.0462421 0.234952 0)
(-0.0462421 0.234952 0)
(-0.138196 0.232722 0)
(-0.228808 0.228241 0)
(-0.317188 0.22155 0)
(-0.402492 0.212714 0)
(-0.483899 0.201823 0)
(-0.560631 0.188983 0)
(-0.631949 0.174319 0)
(-0.697169 0.157975 0)
(-0.755665 0.140109 0)
(-0.806876 0.120894 0)
(-0.850312 0.100515 0)
(-0.885556 0.0791682 0)
(-0.912271 0.0570599 0)
(-0.930193 0.0344017 0)
(-0.939147 0.0114112 0)
(-0.939059 -0.0116911 0)
(-0.929943 -0.0346836 0)
(-0.911887 -0.0573464 0)
(-0.885058 -0.0794622 0)
(-0.849714 -0.100819 0)
(-0.806192 -0.121211 0)
(-0.754912 -0.140442 0)
(-0.696365 -0.158328 0)
(-0.631115 -0.174695 0)
(-0.55979 -0.189386 0)
(-0.483078 -0.202259 0)
(-0.401719 -0.213188 0)
(-0.316499 -0.222067 0)
(-0.228241 -0.228808 0)
(-0.137808 -0.233345 0)
(-0.0460896 -0.235627 0)
(0.0460896 -0.235627 0)
(0.137808 -0.233345 0)
(0.228241 -0.228808 0)
(0.316499 -0.222067 0)
(0.401719 -0.213188 0)
(0.483078 -0.202259 0)
(0.55979 -0.189386 0)
(0.631115 -0.174695 0)
(0.696365 -0.158328 0)
(0.754912 -0.140442 0)
(0.806192 -0.121211 0)
(0.849714 -0.100819 0)
(0.885058 -0.0794622 0)
(0.911887 -0.0573464 0)
(0.929943 -0.0346836 0)
(0.939059 -0.0116911 0)
(0.911491 0.0158252 0)
(0.902803 0.0476995 0)
(0.885411 0.0791133 0)
(0.859486 0.109765 0)
(0.825281 0.139362 0)
(0.783126 0.167618 0)
(0.733424 0.194261 0)
(0.676651 0.219035 0)
(0.61335 0.241699 0)
(0.54413 0.262033 0)
(0.469656 0.279842 0)
(0.390642 0.29495 0)
(0.307847 0.307209 0)
(0.222067 0.316499 0)
(0.134121 0.322725 0)
(0.0448763 0.325832 0)
(-0.0448763 0.325832 0)
(-0.134121 0.322725 0)
(-0.222067 0.316499 0)
(-0.307847 0.307209 0)
(-0.390642 0.29495 0)
(-0.469656 0.279842 0)
(-0.54413 0.262033 0)
(-0.61335 0.241699 0)
(-0.676651 0.219035 0)
(-0.733424 0.194261 0)
(-0.783126 0.167618 0)
(-0.825281 0.139362 0)
(-0.859486 0.109765 0)
(-0.885411 0.0791133 0)
(-0.902803 0.0476995 0)
(-0.911491 0.0158252 0)
(-0.911403 -0.0162037 0)
(-0.902554 -0.0480803 0)
(-0.88503 -0.0794996 0)
(-0.858993 -0.11016 0)
(-0.824692 -0.139768 0)
(-0.782456 -0.168039 0)
(-0.732689 -0.1947 0)
(-0.675871 -0.219495 0)
(-0.612547 -0.242184 0)
(-0.543327 -0.26255 0)
(-0.468878 -0.280393 0)
(-0.389918 -0.295542 0)
(-0.307209 -0.307847 0)
(-0.22155 -0.317188 0)
(-0.133773 -0.323473 0)
(-0.0447411 -0.326633 0)
(0.0447411 -0.326633 0)
(0.133773 -0.323473 0)
(0.22155 -0.317188 0)
(0.307209 -0.307847 0)
(0.389918 -0.295542 0)
(0.468878 -0.280393 0)
(0.543327 -0.26255 0)
(0.612547 -0.242184 0)
(0.675871 -0.219495 0)
(0.732689 -0.1947 0)
(0.782456 -0.168039 0)
(0.824692 -0.139768 0)
(0.858993 -0.11016 0)
(0.88503 -0.0794996 0)
(0.902554 -0.0480803 0)
(0.911403 -0.0162037 0)
(0.875046 0.0200876 0)
(0.86671 0.0605375 0)
(0.850017 0.100404 0)
(0.825131 0.139304 0)
(0.792297 0.176865 0)
(0.75183 0.212726 0)
(0.704117 0.246541 0)
(0.649613 0.277984 0)
(0.588843 0.306751 0)
(0.522388 0.332563 0)
(0.450889 0.355169 0)
(0.37503 0.37435 0)
(0.295542 0.389918 0)
(0.213188 0.401719 0)
(0.128756 0.409634 0)
(0.0430793 0.41359 0)
(-0.0430793 0.41359 0)
(-0.128756 0.409634 0)
(-0.213188 0.401719 0)
(-0.295542 0.389918 0)
(-0.37503 0.37435 0)
(-0.450889 0.355169 0)
(-0.522388 0.332563 0)
(-0.588843 0.306751 0)
(-0.649613 0.277984 0)
(-0.704117 0.246541 0)
(-0.75183 0.212726 0)
(-0.792297 0.176865 0)
(-0.825131 0.139304 0)
(-0.850017 0.100404 0)
(-0.86671 0.0605374 0)
(-0.875046 0.0200876 0)
(-0.874958 -0.0205582 0)
(-0.866461 -0.0610103 0)
(-0.849637 -0.100882 0)
(-0.824642 -0.139791 0)
(-0.791714 -0.177363 0)
(-0.75117 -0.213238 0)
(-0.703397 -0.247071 0)
(-0.648855 -0.278535 0)
(-0.588067 -0.307327 0)
(-0.521619 -0.333169 0)
(-0.45015 -0.35581 0)
(-0.37435 -0.37503 0)
(-0.29495 -0.390642 0)
(-0.212714 -0.402492 0)
(-0.128442 -0.410462 0)
(-0.0429583 -0.414471 0)
(0.0429583 -0.414471 0)
(0.128442 -0.410462 0)
(0.212714 -0.402492 0)
(0.29495 -0.390642 0)
(0.37435 -0.37503 0)
(0.45015 -0.35581 0)
(0.521619 -0.333169 0)
(0.588067 -0.307327 0)
(0.648855 -0.278535 0)
(0.703397 -0.247071 0)
(0.75117 -0.213238 0)
(0.791714 -0.177363 0)
(0.824642 -0.139791 0)
(0.849637 -0.100882 0)
(0.866461 -0.0610102 0)
(0.874958 -0.0205582 0)
(0.83017 0.0241601 0)
(0.822267 0.0727944 0)
(0.806436 0.120727 0)
(0.78283 0.1675 0)
(0.751683 0.212663 0)
(0.713295 0.255784 0)
(0.66803 0.296445 0)
(0.616322 0.334256 0)
(0.558667 0.36885 0)
(0.495619 0.399891 0)
(0.427782 0.42708 0)
(0.35581 0.45015 0)
(0.280393 0.468878 0)
(0.202259 0.483078 0)
(0.122153 0.492607 0)
(0.0408686 0.497376 0)
(-0.0408686 0.497376 0)
(-0.122153 0.492607 0)
(-0.202259 0.483078 0)
(-0.280393 0.468878 0)
(-0.35581 0.45015 0)
(-0.427782 0.42708 0)
(-0.495619 0.399891 0)
(-0.558667 0.36885 0)
(-0.616322 0.334256 0)
(-0.66803 0.296445 0)
(-0.713295 0.255784 0)
(-0.751683 0.212663 0)
(-0.78283 0.1675 0)
(-0.806436 0.120727 0)
(-0.822267 0.0727944 0)
(-0.83017 0.0241601 0)
(-0.830081 -0.0247094 0)
(-0.822017 -0.0733457 0)
(-0.806054 -0.121284 0)
(-0.782342 -0.168064 0)
(-0.751105 -0.213238 0)
(-0.712643 -0.256371 0)
(-0.667324 -0.297048 0)
(-0.615582 -0.334877 0)
(-0.557916 -0.369494 0)
(-0.49488 -0.400562 0)
(-0.42708 -0.427782 0)
(-0.355169 -0.450889 0)
(-0.279842 -0.469656 0)
(-0.201823 -0.483899 0)
(-0.121868 -0.49348 0)
(-0.0407595 -0.498298 0)
(0.0407595 -0.498298 0)
(0.121868 -0.49348 0)
(0.201823 -0.483899 0)
(0.279842 -0.469656 0)
(0.355169 -0.450889 0)
(0.42708 -0.427782 0)
(0.49488 -0.400562 0)
(0.557916 -0.369494 0)
(0.615582 -0.334877 0)
(0.667324 -0.297048 0)
(0.712643 -0.256371 0)
(0.751105 -0.213238 0)
(0.782342 -0.168064 0)
(0.806054 -0.121284 0)
(0.822017 -0.0733457 0)
(0.830081 -0.0247094 0)
(0.777299 0.0280027 0)
(0.769909 0.0843515 0)
(0.755092 0.139889 0)
(0.732995 0.194082 0)
(0.703837 0.246413 0)
(0.667897 0.296377 0)
(0.625517 0.343494 0)
(0.577103 0.387309 0)
(0.523118 0.427397 0)
(0.464083 0.46337 0)
(0.400562 0.49488 0)
(0.333169 0.521619 0)
(0.26255 0.543327 0)
(0.189386 0.55979 0)
(0.114377 0.570843 0)
(0.0382658 0.576379 0)
(-0.0382658 0.576379 0)
(-0.114377 0.570843 0)
(-0.189386 0.55979 0)
(-0.26255 0.543327 0)
(-0.333169 0.521619 0)
(-0.400562 0.49488 0)
(-0.464083 0.46337 0)
(-0.523118 0.427397 0)
(-0.577103 0.387309 0)
(-0.625517 0.343494 0)
(-0.667897 0.296377 0)
(-0.703837 0.246413 0)
(-0.732995 0.194082 0)
(-0.755092 0.139889 0)
(-0.769909 0.0843515 0)
(-0.777299 0.0280027 0)
(-0.777209 -0.0286179 0)
(-0.769655 -0.084968 0)
(-0.754706 -0.140509 0)
(-0.732504 -0.194709 0)
(-0.703259 -0.247048 0)
(-0.667249 -0.297022 0)
(-0.62482 -0.344151 0)
(-0.576378 -0.38798 0)
(-0.522389 -0.428087 0)
(-0.46337 -0.464083 0)
(-0.399891 -0.495619 0)
(-0.332563 -0.522388 0)
(-0.262033 -0.54413 0)
(-0.188983 -0.560631 0)
(-0.114116 -0.571727 0)
(-0.0381665 -0.577308 0)
(0.0381665 -0.577308 0)
(0.114116 -0.571727 0)
(0.188983 -0.560631 0)
(0.262033 -0.54413 0)
(0.332563 -0.522388 0)
(0.399891 -0.495619 0)
(0.46337 -0.464083 0)
(0.522389 -0.428087 0)
(0.576378 -0.38798 0)
(0.62482 -0.344151 0)
(0.667249 -0.297022 0)
(0.703259 -0.247048 0)
(0.732504 -0.194709 0)
(0.754707 -0.140509 0)
(0.769655 -0.084968 0)
(0.777209 -0.0286179 0)
(0.716948 0.0315794 0)
(0.710142 0.0950981 0)
(0.696485 0.157703 0)
(0.676111 0.218795 0)
(0.649223 0.277789 0)
(0.616078 0.334116 0)
(0.576991 0.387235 0)
(0.532336 0.436632 0)
(0.482542 0.481829 0)
(0.428087 0.522389 0)
(0.369494 0.557916 0)
(0.307327 0.588067 0)
(0.242184 0.612547 0)
(0.174695 0.631115 0)
(0.105503 0.643585 0)
(0.035296 0.649836 0)
(-0.035296 0.649836 0)
(-0.105503 0.643585 0)
(-0.174695 0.631115 0)
(-0.242184 0.612547 0)
(-0.307327 0.588067 0)
(-0.369494 0.557916 0)
(-0.428087 0.522389 0)
(-0.482542 0.481829 0)
(-0.532336 0.436632 0)
(-0.576991 0.387235 0)
(-0.616078 0.334116 0)
(-0.649223 0.277789 0)
(-0.676111 0.218795 0)
(-0.696485 0.157703 0)
(-0.710142 0.0950981 0)
(-0.716948 0.0315794 0)
(-0.716856 -0.032245 0)
(-0.709882 -0.095764 0)
(-0.696092 -0.158371 0)
(-0.675614 -0.219467 0)
(-0.648641 -0.278465 0)
(-0.615431 -0.334799 0)
(-0.576299 -0.387925 0)
(-0.531623 -0.437332 0)
(-0.481829 -0.482542 0)
(-0.427397 -0.523118 0)
(-0.36885 -0.558667 0)
(-0.306751 -0.588843 0)
(-0.241699 -0.61335 0)
(-0.174319 -0.631949 0)
(-0.105263 -0.644455 0)
(-0.035205 -0.650745 0)
(0.035205 -0.650745 0)
(0.105263 -0.644455 0)
(0.174319 -0.631949 0)
(0.241699 -0.61335 0)
(0.306751 -0.588843 0)
(0.36885 -0.558667 0)
(0.427397 -0.523118 0)
(0.481829 -0.482542 0)
(0.531623 -0.437332 0)
(0.576299 -0.387925 0)
(0.615431 -0.334799 0)
(0.648641 -0.278465 0)
(0.675614 -0.219467 0)
(0.696092 -0.158371 0)
(0.709882 -0.095764 0)
(0.716856 -0.0322449 0)
(0.649701 0.0348559 0)
(0.643547 0.104931 0)
(0.631183 0.173999 0)
(0.61273 0.2414 0)
(0.588372 0.306488 0)
(0.558341 0.368637 0)
(0.522923 0.427246 0)
(0.482457 0.481751 0)
(0.437332 0.531623 0)
(0.38798 0.576378 0)
(0.334877 0.615582 0)
(0.278535 0.648855 0)
(0.219495 0.675871 0)
(0.158328 0.696365 0)
(0.0956172 0.710132 0)
(0.031988 0.717038 0)
(-0.031988 0.717038 0)
(-0.0956172 0.710132 0)
(-0.158328 0.696365 0)
(-0.219495 0.675871 0)
(-0.278535 0.648855 0)
(-0.334877 0.615582 0)
(-0.38798 0.576378 0)
(-0.437332 0.531623 0)
(-0.482457 0.481751 0)
(-0.522923 0.427246 0)
(-0.558341 0.368637 0)
(-0.588372 0.306488 0)
(-0.61273 0.2414 0)
(-0.631183 0.173999 0)
(-0.643547 0.104931 0)
(-0.649701 0.0348559 0)
(-0.649605 -0.0355549 0)
(-0.643278 -0.105629 0)
(-0.630778 -0.174697 0)
(-0.612222 -0.242099 0)
(-0.587781 -0.307187 0)
(-0.557689 -0.369337 0)
(-0.522233 -0.427949 0)
(-0.481751 -0.482457 0)
(-0.436632 -0.532336 0)
(-0.387309 -0.577103 0)
(-0.334256 -0.616322 0)
(-0.277984 -0.649613 0)
(-0.219035 -0.676651 0)
(-0.157975 -0.697169 0)
(-0.095395 -0.710965 0)
(-0.031904 -0.717903 0)
(0.031904 -0.717903 0)
(0.095395 -0.710965 0)
(0.157975 -0.697169 0)
(0.219035 -0.676651 0)
(0.277984 -0.649613 0)
(0.334256 -0.616322 0)
(0.387309 -0.577103 0)
(0.436632 -0.532336 0)
(0.481751 -0.482457 0)
(0.522233 -0.427949 0)
(0.55769 -0.369337 0)
(0.587781 -0.307187 0)
(0.612222 -0.242099 0)
(0.630778 -0.174697 0)
(0.643278 -0.105629 0)
(0.649605 -0.0355549 0)
(0.576209 0.0378014 0)
(0.570769 0.113755 0)
(0.559818 0.18862 0)
(0.543465 0.261681 0)
(0.521872 0.332236 0)
(0.495245 0.399608 0)
(0.463837 0.463145 0)
(0.427949 0.522233 0)
(0.387925 0.576299 0)
(0.344151 0.62482 0)
(0.297048 0.667324 0)
(0.247071 0.703397 0)
(0.1947 0.732689 0)
(0.140442 0.754912 0)
(0.0848151 0.769843 0)
(0.0283737 0.777337 0)
(-0.0283737 0.777337 0)
(-0.084815 0.769843 0)
(-0.140442 0.754912 0)
(-0.1947 0.732689 0)
(-0.247071 0.703397 0)
(-0.297048 0.667324 0)
(-0.344151 0.62482 0)
(-0.387925 0.576299 0)
(-0.427949 0.522233 0)
(-0.463837 0.463145 0)
(-0.495245 0.399608 0)
(-0.521872 0.332236 0)
(-0.543465 0.261681 0)
(-0.559818 0.18862 0)
(-0.570769 0.113755 0)
(-0.576209 0.0378014 0)
(-0.576109 -0.0385148 0)
(-0.570489 -0.114466 0)
(-0.5594 -0.189328 0)
(-0.542943 -0.262385 0)
(-0.52127 -0.332937 0)
(-0.494587 -0.400304 0)
(-0.463145 -0.463837 0)
(-0.427246 -0.522923 0)
(-0.387235 -0.576991 0)
(-0.343494 -0.625517 0)
(-0.296445 -0.66803 0)
(-0.246541 -0.704117 0)
(-0.194261 -0.733424 0)
(-0.140109 -0.755665 0)
(-0.0846072 -0.770619 0)
(-0.0282955 -0.778138 0)
(0.0282955 -0.778138 0)
(0.0846072 -0.770619 0)
(0.140109 -0.755665 0)
(0.194261 -0.733424 0)
(0.246541 -0.704117 0)
(0.296445 -0.66803 0)
(0.343494 -0.625517 0)
(0.387235 -0.576991 0)
(0.427246 -0.522923 0)
(0.463145 -0.463837 0)
(0.494587 -0.400304 0)
(0.52127 -0.332937 0)
(0.542943 -0.262385 0)
(0.5594 -0.189328 0)
(0.570489 -0.114466 0)
(0.576109 -0.0385148 0)
(0.497186 0.0403884 0)
(0.492515 0.121486 0)
(0.483084 0.201425 0)
(0.468988 0.279441 0)
(0.450368 0.354786 0)
(0.427401 0.426733 0)
(0.400304 0.494587 0)
(0.369337 0.55769 0)
(0.334799 0.615431 0)
(0.297022 0.667249 0)
(0.256371 0.712643 0)
(0.213238 0.75117 0)
(0.168039 0.782456 0)
(0.121211 0.806192 0)
(0.0732004 0.822144 0)
(0.0244879 0.830152 0)
(-0.0244879 0.830152 0)
(-0.0732004 0.822144 0)
(-0.121211 0.806192 0)
(-0.168039 0.782456 0)
(-0.213238 0.75117 0)
(-0.256371 0.712643 0)
(-0.297022 0.667249 0)
(-0.334799 0.615431 0)
(-0.369337 0.55769 0)
(-0.400304 0.494587 0)
(-0.427401 0.426733 0)
(-0.450368 0.354786 0)
(-0.468988 0.279441 0)
(-0.483084 0.201425 0)
(-0.492515 0.121486 0)
(-0.497186 0.0403884 0)
(-0.49708 -0.0410947 0)
(-0.492221 -0.122188 0)
(-0.482649 -0.202121 0)
(-0.46845 -0.280129 0)
(-0.449753 -0.355464 0)
(-0.426733 -0.427401 0)
(-0.399608 -0.495245 0)
(-0.368637 -0.558341 0)
(-0.334116 -0.616078 0)
(-0.296377 -0.667897 0)
(-0.255784 -0.713295 0)
(-0.212726 -0.75183 0)
(-0.167618 -0.783126 0)
(-0.120894 -0.806876 0)
(-0.0730044 -0.822844 0)
(-0.0244145 -0.830871 0)
(0.0244145 -0.830871 0)
(0.0730044 -0.822844 0)
(0.120894 -0.806876 0)
(0.167618 -0.783126 0)
(0.212726 -0.75183 0)
(0.255784 -0.713295 0)
(0.296377 -0.667897 0)
(0.334116 -0.616078 0)
(0.368637 -0.558341 0)
(0.399608 -0.495245 0)
(0.426733 -0.427401 0)
(0.449753 -0.355464 0)
(0.46845 -0.280129 0)
(0.482649 -0.202121 0)
(0.492221 -0.122188 0)
(0.49708 -0.0410947 0)
(0.413398 0.0425934 0)
(0.409543 0.128051 0)
(0.401724 0.212292 0)
(0.390021 0.294513 0)
(0.374553 0.373922 0)
(0.355464 0.449753 0)
(0.332937 0.52127 0)
(0.307187 0.587781 0)
(0.278465 0.648641 0)
(0.247048 0.703259 0)
(0.213238 0.751105 0)
(0.177363 0.791714 0)
(0.139768 0.824692 0)
(0.100819 0.849714 0)
(0.0608851 0.866531 0)
(0.0203679 0.874976 0)
(-0.0203679 0.874976 0)
(-0.0608851 0.866531 0)
(-0.100819 0.849714 0)
(-0.139768 0.824692 0)
(-0.177363 0.791714 0)
(-0.213238 0.751105 0)
(-0.247048 0.703259 0)
(-0.278465 0.648641 0)
(-0.307187 0.587781 0)
(-0.332937 0.52127 0)
(-0.355464 0.449753 0)
(-0.374553 0.373922 0)
(-0.390021 0.294513 0)
(-0.401724 0.212292 0)
(-0.409543 0.128051 0)
(-0.413398 0.0425934 0)
(-0.413285 -0.0432675 0)
(-0.409232 -0.128718 0)
(-0.401269 -0.21295 0)
(-0.389465 -0.295158 0)
(-0.373922 -0.374553 0)
(-0.354786 -0.450368 0)
(-0.332236 -0.521872 0)
(-0.306488 -0.588372 0)
(-0.277789 -0.649223 0)
(-0.246413 -0.703837 0)
(-0.212663 -0.751683 0)
(-0.176865 -0.792297 0)
(-0.139362 -0.825281 0)
(-0.100515 -0.850312 0)
(-0.0606986 -0.86714 0)
(-0.0202986 -0.875599 0)
(0.0202986 -0.875599 0)
(0.0606986 -0.86714 0)
(0.100515 -0.850311 0)
(0.139362 -0.825281 0)
(0.176865 -0.792297 0)
(0.212664 -0.751683 0)
(0.246413 -0.703837 0)
(0.277789 -0.649223 0)
(0.306488 -0.588372 0)
(0.332236 -0.521872 0)
(0.354786 -0.450368 0)
(0.373922 -0.374553 0)
(0.389465 -0.295158 0)
(0.401269 -0.21295 0)
(0.409232 -0.128718 0)
(0.413285 -0.0432675 0)
(0.32566 0.0443974 0)
(0.322661 0.133388 0)
(0.316528 0.221119 0)
(0.307329 0.306753 0)
(0.295158 0.389465 0)
(0.280129 0.46845 0)
(0.262385 0.542943 0)
(0.242099 0.612222 0)
(0.219467 0.675614 0)
(0.194709 0.732504 0)
(0.168064 0.782342 0)
(0.139791 0.824642 0)
(0.11016 0.858993 0)
(0.0794622 0.885058 0)
(0.0479875 0.902578 0)
(0.0160532 0.911378 0)
(-0.0160532 0.911378 0)
(-0.0479875 0.902578 0)
(-0.0794622 0.885058 0)
(-0.11016 0.858993 0)
(-0.139791 0.824642 0)
(-0.168064 0.782342 0)
(-0.194709 0.732504 0)
(-0.219467 0.675614 0)
(-0.242099 0.612222 0)
(-0.262385 0.542943 0)
(-0.280129 0.46845 0)
(-0.295158 0.389465 0)
(-0.307329 0.306753 0)
(-0.316528 0.221119 0)
(-0.322661 0.133388 0)
(-0.32566 0.0443973 0)
(-0.325538 -0.0450093 0)
(-0.322329 -0.133992 0)
(-0.316051 -0.221711 0)
(-0.306753 -0.307329 0)
(-0.294513 -0.390021 0)
(-0.279441 -0.468988 0)
(-0.261681 -0.543465 0)
(-0.2414 -0.61273 0)
(-0.218795 -0.676111 0)
(-0.194082 -0.732995 0)
(-0.1675 -0.78283 0)
(-0.139304 -0.825131 0)
(-0.109765 -0.859486 0)
(-0.0791682 -0.885556 0)
(-0.0478084 -0.903083 0)
(-0.0159874 -0.911892 0)
(0.0159874 -0.911892 0)
(0.0478084 -0.903083 0)
(0.0791682 -0.885556 0)
(0.109765 -0.859486 0)
(0.139304 -0.825131 0)
(0.1675 -0.78283 0)
(0.194082 -0.732995 0)
(0.218795 -0.676111 0)
(0.2414 -0.61273 0)
(0.261681 -0.543465 0)
(0.279441 -0.468988 0)
(0.294513 -0.390021 0)
(0.306753 -0.307329 0)
(0.316051 -0.221711 0)
(0.322329 -0.133992 0)
(0.325538 -0.0450093 0)
(0.234828 0.0457867 0)
(0.232713 0.13745 0)
(0.228322 0.227826 0)
(0.221711 0.316051 0)
(0.21295 0.401269 0)
(0.202121 0.482649 0)
(0.189328 0.5594 0)
(0.174697 0.630778 0)
(0.158371 0.696092 0)
(0.140509 0.754707 0)
(0.121284 0.806054 0)
(0.100882 0.849637 0)
(0.0794996 0.88503 0)
(0.0573464 0.911887 0)
(0.0346314 0.92994 0)
(0.0115855 0.939009 0)
(-0.0115855 0.939009 0)
(-0.0346314 0.92994 0)
(-0.0573464 0.911887 0)
(-0.0794996 0.88503 0)
(-0.100882 0.849637 0)
(-0.121284 0.806054 0)
(-0.140509 0.754707 0)
(-0.158371 0.696092 0)
(-0.174697 0.630778 0)
(-0.189328 0.5594 0)
(-0.202121 0.482649 0)
(-0.21295 0.401269 0)
(-0.221711 0.316051 0)
(-0.228322 0.227826 0)
(-0.232713 0.13745 0)
(-0.234828 0.0457867 0)
(-0.234695 -0.0463015 0)
(-0.232359 -0.137958 0)
(-0.227826 -0.228322 0)
(-0.221119 -0.316528 0)
(-0.212292 -0.401724 0)
(-0.201425 -0.483084 0)
(-0.18862 -0.559818 0)
(-0.173999 -0.631183 0)
(-0.157703 -0.696485 0)
(-0.139889 -0.755092 0)
(-0.120727 -0.806436 0)
(-0.100404 -0.850017 0)
(-0.0791133 -0.885411 0)
(-0.0570599 -0.912271 0)
(-0.0344579 -0.930327 0)
(-0.0115223 -0.939403 0)
(0.0115223 -0.939403 0)
(0.0344579 -0.930327 0)
(0.0570599 -0.912271 0)
(0.0791133 -0.885411 0)
(0.100404 -0.850017 0)
(0.120727 -0.806436 0)
(0.139889 -0.755092 0)
(0.157703 -0.696485 0)
(0.173999 -0.631183 0)
(0.18862 -0.559818 0)
(0.201425 -0.483084 0)
(0.212292 -0.401724 0)
(0.221119 -0.316528 0)
(0.227826 -0.228322 0)
(0.232359 -0.137958 0)
(0.234695 -0.0463015 0)
(0.141791 0.0467491 0)
(0.140573 0.140204 0)
(0.137958 0.232359 0)
(0.133992 0.322329 0)
(0.128718 0.409232 0)
(0.122188 0.492221 0)
(0.114466 0.570489 0)
(0.105629 0.643278 0)
(0.095764 0.709882 0)
(0.084968 0.769655 0)
(0.0733457 0.822017 0)
(0.0610103 0.866461 0)
(0.0480803 0.902554 0)
(0.0346836 0.929943 0)
(0.0209452 0.948355 0)
(0.00700751 0.957606 0)
(-0.00700751 0.957606 0)
(-0.0209452 0.948355 0)
(-0.0346836 0.929943 0)
(-0.0480803 0.902554 0)
(-0.0610102 0.866461 0)
(-0.0733457 0.822017 0)
(-0.084968 0.769655 0)
(-0.095764 0.709882 0)
(-0.105629 0.643278 0)
(-0.114466 0.570489 0)
(-0.122188 0.492221 0)
(-0.128718 0.409232 0)
(-0.133992 0.322329 0)
(-0.137958 0.232359 0)
(-0.140573 0.140204 0)
(-0.141791 0.0467491 0)
(-0.141649 -0.0471301 0)
(-0.140204 -0.140573 0)
(-0.13745 -0.232713 0)
(-0.133388 -0.322661 0)
(-0.128051 -0.409543 0)
(-0.121486 -0.492515 0)
(-0.113755 -0.570769 0)
(-0.104931 -0.643547 0)
(-0.0950981 -0.710142 0)
(-0.0843515 -0.769909 0)
(-0.0727944 -0.822267 0)
(-0.0605374 -0.86671 0)
(-0.0476995 -0.902803 0)
(-0.0344017 -0.930193 0)
(-0.0207751 -0.948606 0)
(-0.0069462 -0.95786 0)
(0.00694621 -0.95786 0)
(0.0207751 -0.948606 0)
(0.0344018 -0.930193 0)
(0.0476995 -0.902803 0)
(0.0605375 -0.86671 0)
(0.0727944 -0.822267 0)
(0.0843515 -0.769909 0)
(0.0950981 -0.710142 0)
(0.104931 -0.643547 0)
(0.113755 -0.570769 0)
(0.121486 -0.492515 0)
(0.128051 -0.409543 0)
(0.133388 -0.322661 0)
(0.13745 -0.232713 0)
(0.140204 -0.140573 0)
(0.141649 -0.0471301 0)
(0.0474574 0.0473056 0)
(0.0471301 0.141649 0)
(0.0463015 0.234695 0)
(0.0450093 0.325538 0)
(0.0432675 0.413285 0)
(0.0410947 0.49708 0)
(0.0385148 0.576109 0)
(0.0355549 0.649605 0)
(0.0322449 0.716856 0)
(0.0286179 0.777209 0)
(0.0247094 0.830081 0)
(0.0205582 0.874958 0)
(0.0162037 0.911403 0)
(0.0116911 0.939059 0)
(0.00705999 0.957651 0)
(0.00236326 0.966993 0)
(-0.00236325 0.966993 0)
(-0.00705999 0.957651 0)
(-0.0116911 0.939059 0)
(-0.0162037 0.911403 0)
(-0.0205582 0.874958 0)
(-0.0247094 0.830081 0)
(-0.0286179 0.777209 0)
(-0.0322449 0.716856 0)
(-0.0355549 0.649605 0)
(-0.0385148 0.576109 0)
(-0.0410947 0.49708 0)
(-0.0432675 0.413285 0)
(-0.0450093 0.325538 0)
(-0.0463015 0.234695 0)
(-0.0471301 0.141649 0)
(-0.0474574 0.0473056 0)
(-0.0473056 -0.0474574 0)
(-0.0467491 -0.141791 0)
(-0.0457867 -0.234828 0)
(-0.0443973 -0.32566 0)
(-0.0425934 -0.413398 0)
(-0.0403884 -0.497186 0)
(-0.0378014 -0.576209 0)
(-0.0348559 -0.649701 0)
(-0.0315794 -0.716948 0)
(-0.0280027 -0.777299 0)
(-0.0241601 -0.83017 0)
(-0.0200876 -0.875046 0)
(-0.0158252 -0.911491 0)
(-0.0114112 -0.939147 0)
(-0.00689132 -0.957739 0)
(-0.00230284 -0.967083 0)
(0.00230285 -0.967083 0)
(0.00689132 -0.957739 0)
(0.0114112 -0.939147 0)
(0.0158252 -0.911491 0)
(0.0200876 -0.875046 0)
(0.0241601 -0.83017 0)
(0.0280027 -0.777299 0)
(0.0315794 -0.716948 0)
(0.0348559 -0.649701 0)
(0.0378014 -0.576209 0)
(0.0403884 -0.497186 0)
(0.0425934 -0.413398 0)
(0.0443973 -0.32566 0)
(0.0457867 -0.234828 0)
(0.0467491 -0.141791 0)
(0.0473056 -0.0474574 0)
(-0.0473056 0.0474574 0)
(-0.0467491 0.141791 0)
(-0.0457867 0.234828 0)
(-0.0443974 0.32566 0)
(-0.0425934 0.413398 0)
(-0.0403884 0.497186 0)
(-0.0378014 0.576209 0)
(-0.0348559 0.649701 0)
(-0.0315794 0.716948 0)
(-0.0280027 0.777299 0)
(-0.0241601 0.83017 0)
(-0.0200876 0.875046 0)
(-0.0158252 0.911491 0)
(-0.0114112 0.939147 0)
(-0.00689132 0.957739 0)
(-0.00230284 0.967083 0)
(0.00230285 0.967083 0)
(0.00689132 0.957739 0)
(0.0114112 0.939147 0)
(0.0158252 0.911491 0)
(0.0200876 0.875046 0)
(0.0241601 0.83017 0)
(0.0280027 0.777299 0)
(0.0315794 0.716948 0)
(0.0348559 0.649701 0)
(0.0378014 0.576209 0)
(0.0403884 0.497186 0)
(0.0425934 0.413398 0)
(0.0443974 0.32566 0)
(0.0457867 0.234828 0)
(0.0467491 0.141791 0)
(0.0473056 0.0474574 0)
(0.0474574 -0.0473056 0)
(0.0471301 -0.141649 0)
(0.0463015 -0.234695 0)
(0.0450093 -0.325538 0)
(0.0432675 -0.413285 0)
(0.0410947 -0.49708 0)
(0.0385148 -0.576109 0)
(0.0355549 -0.649605 0)
(0.032245 -0.716856 0)
(0.0286179 -0.777209 0)
(0.0247094 -0.830081 0)
(0.0205582 -0.874958 0)
(0.0162037 -0.911403 0)
(0.0116911 -0.939059 0)
(0.00705999 -0.957651 0)
(0.00236326 -0.966993 0)
(-0.00236325 -0.966993 0)
(-0.00705998 -0.957651 0)
(-0.0116911 -0.939059 0)
(-0.0162037 -0.911403 0)
(-0.0205582 -0.874958 0)
(-0.0247094 -0.830081 0)
(-0.0286179 -0.777209 0)
(-0.0322449 -0.716856 0)
(-0.0355549 -0.649605 0)
(-0.0385148 -0.576109 0)
(-0.0410947 -0.49708 0)
(-0.0432675 -0.413285 0)
(-0.0450093 -0.325538 0)
(-0.0463015 -0.234695 0)
(-0.0471301 -0.141649 0)
(-0.0474574 -0.0473056 0)
(-0.141649 0.0471301 0)
(-0.140204 0.140573 0)
(-0.13745 0.232713 0)
(-0.133388 0.322661 0)
(-0.128051 0.409543 0)
(-0.121486 0.492515 0)
(-0.113755 0.570769 0)
(-0.104931 0.643547 0)
(-0.0950981 0.710142 0)
(-0.0843515 0.769909 0)
(-0.0727944 0.822267 0)
(-0.0605375 0.86671 0)
(-0.0476995 0.902803 0)
(-0.0344017 0.930193 0)
(-0.0207751 0.948606 0)
(-0.0069462 0.95786 0)
(0.0069462 0.95786 0)
(0.0207751 0.948606 0)
(0.0344018 0.930193 0)
(0.0476995 0.902803 0)
(0.0605375 0.86671 0)
(0.0727944 0.822267 0)
(0.0843515 0.769909 0)
(0.0950981 0.710142 0)
(0.104931 0.643547 0)
(0.113755 0.570769 0)
(0.121486 0.492515 0)
(0.128051 0.409543 0)
(0.133388 0.322661 0)
(0.13745 0.232713 0)
(0.140204 0.140573 0)
(0.141649 0.0471301 0)
(0.141791 -0.0467491 0)
(0.140573 -0.140204 0)
(0.137958 -0.232359 0)
(0.133992 -0.322329 0)
(0.128718 -0.409232 0)
(0.122188 -0.492221 0)
(0.114466 -0.570489 0)
(0.105629 -0.643278 0)
(0.095764 -0.709882 0)
(0.084968 -0.769655 0)
(0.0733457 -0.822017 0)
(0.0610103 -0.866461 0)
(0.0480803 -0.902554 0)
(0.0346836 -0.929943 0)
(0.0209452 -0.948355 0)
(0.00700751 -0.957606 0)
(-0.00700751 -0.957606 0)
(-0.0209452 -0.948355 0)
(-0.0346836 -0.929943 0)
(-0.0480803 -0.902554 0)
(-0.0610102 -0.866461 0)
(-0.0733457 -0.822017 0)
(-0.084968 -0.769655 0)
(-0.095764 -0.709882 0)
(-0.105629 -0.643278 0)
(-0.114466 -0.570489 0)
(-0.122188 -0.492221 0)
(-0.128718 -0.409232 0)
(-0.133992 -0.322329 0)
(-0.137958 -0.232359 0)
(-0.140573 -0.140204 0)
(-0.141791 -0.0467491 0)
(-0.234695 0.0463015 0)
(-0.232359 0.137958 0)
(-0.227826 0.228322 0)
(-0.221119 0.316528 0)
(-0.212292 0.401724 0)
(-0.201425 0.483084 0)
(-0.18862 0.559818 0)
(-0.173999 0.631183 0)
(-0.157703 0.696485 0)
(-0.139889 0.755092 0)
(-0.120727 0.806436 0)
(-0.100404 0.850017 0)
(-0.0791133 0.885411 0)
(-0.0570599 0.912271 0)
(-0.0344579 0.930327 0)
(-0.0115223 0.939403 0)
(0.0115223 0.939403 0)
(0.0344579 0.930327 0)
(0.0570599 0.912271 0)
(0.0791133 0.885411 0)
(0.100404 0.850017 0)
(0.120727 0.806436 0)
(0.139889 0.755092 0)
(0.157703 0.696485 0)
(0.173999 0.631183 0)
(0.18862 0.559818 0)
(0.201425 0.483084 0)
(0.212292 0.401724 0)
(0.221119 0.316528 0)
(0.227826 0.228322 0)
(0.23236 0.137958 0)
(0.234695 0.0463015 0)
(0.234828 -0.0457867 0)
(0.232713 -0.13745 0)
(0.228322 -0.227826 0)
(0.221711 -0.316051 0)
(0.21295 -0.401269 0)
(0.202121 -0.482649 0)
(0.189328 -0.5594 0)
(0.174697 -0.630778 0)
(0.158371 -0.696092 0)
(0.140509 -0.754707 0)
(0.121284 -0.806054 0)
(0.100882 -0.849637 0)
(0.0794996 -0.88503 0)
(0.0573464 -0.911887 0)
(0.0346314 -0.92994 0)
(0.0115855 -0.939009 0)
(-0.0115855 -0.939009 0)
(-0.0346314 -0.92994 0)
(-0.0573464 -0.911887 0)
(-0.0794996 -0.88503 0)
(-0.100882 -0.849637 0)
(-0.121284 -0.806054 0)
(-0.140509 -0.754706 0)
(-0.158371 -0.696092 0)
(-0.174697 -0.630778 0)
(-0.189328 -0.5594 0)
(-0.202121 -0.482649 0)
(-0.21295 -0.401269 0)
(-0.221711 -0.316051 0)
(-0.228322 -0.227826 0)
(-0.232713 -0.13745 0)
(-0.234828 -0.0457866 0)
(-0.325538 0.0450093 0)
(-0.322329 0.133992 0)
(-0.316051 0.221711 0)
(-0.306753 0.307329 0)
(-0.294513 0.390021 0)
(-0.279441 0.468988 0)
(-0.261681 0.543465 0)
(-0.2414 0.61273 0)
(-0.218795 0.676111 0)
(-0.194082 0.732995 0)
(-0.1675 0.78283 0)
(-0.139304 0.825131 0)
(-0.109765 0.859486 0)
(-0.0791682 0.885556 0)
(-0.0478084 0.903083 0)
(-0.0159874 0.911892 0)
(0.0159874 0.911892 0)
(0.0478084 0.903083 0)
(0.0791682 0.885556 0)
(0.109765 0.859486 0)
(0.139304 0.825131 0)
(0.1675 0.78283 0)
(0.194082 0.732995 0)
(0.218795 0.676111 0)
(0.2414 0.61273 0)
(0.261681 0.543465 0)
(0.279441 0.468988 0)
(0.294513 0.390021 0)
(0.306753 0.307329 0)
(0.316051 0.221711 0)
(0.322329 0.133992 0)
(0.325538 0.0450093 0)
(0.32566 -0.0443974 0)
(0.322661 -0.133388 0)
(0.316528 -0.221119 0)
(0.307329 -0.306753 0)
(0.295158 -0.389465 0)
(0.280129 -0.46845 0)
(0.262385 -0.542943 0)
(0.242099 -0.612222 0)
(0.219467 -0.675614 0)
(0.194709 -0.732504 0)
(0.168064 -0.782342 0)
(0.139791 -0.824642 0)
(0.11016 -0.858993 0)
(0.0794622 -0.885058 0)
(0.0479875 -0.902578 0)
(0.0160532 -0.911378 0)
(-0.0160532 -0.911378 0)
(-0.0479875 -0.902578 0)
(-0.0794622 -0.885058 0)
(-0.11016 -0.858993 0)
(-0.139791 -0.824642 0)
(-0.168064 -0.782342 0)
(-0.194709 -0.732504 0)
(-0.219467 -0.675614 0)
(-0.242099 -0.612222 0)
(-0.262385 -0.542943 0)
(-0.280129 -0.46845 0)
(-0.295158 -0.389465 0)
(-0.307329 -0.306753 0)
(-0.316528 -0.221119 0)
(-0.322661 -0.133388 0)
(-0.32566 -0.0443973 0)
(-0.413285 0.0432675 0)
(-0.409232 0.128718 0)
(-0.401269 0.21295 0)
(-0.389465 0.295158 0)
(-0.373922 0.374553 0)
(-0.354786 0.450368 0)
(-0.332236 0.521872 0)
(-0.306488 0.588372 0)
(-0.277789 0.649223 0)
(-0.246413 0.703837 0)
(-0.212663 0.751683 0)
(-0.176865 0.792297 0)
(-0.139362 0.825281 0)
(-0.100515 0.850311 0)
(-0.0606986 0.86714 0)
(-0.0202986 0.875599 0)
(0.0202986 0.875599 0)
(0.0606986 0.86714 0)
(0.100515 0.850311 0)
(0.139362 0.825281 0)
(0.176865 0.792297 0)
(0.212663 0.751683 0)
(0.246413 0.703837 0)
(0.277789 0.649223 0)
(0.306488 0.588372 0)
(0.332236 0.521872 0)
(0.354786 0.450368 0)
(0.373922 0.374553 0)
(0.389465 0.295158 0)
(0.401269 0.21295 0)
(0.409232 0.128718 0)
(0.413285 0.0432675 0)
(0.413398 -0.0425934 0)
(0.409543 -0.128051 0)
(0.401724 -0.212292 0)
(0.390021 -0.294513 0)
(0.374553 -0.373922 0)
(0.355464 -0.449753 0)
(0.332937 -0.52127 0)
(0.307187 -0.587781 0)
(0.278465 -0.648641 0)
(0.247048 -0.703259 0)
(0.213238 -0.751105 0)
(0.177363 -0.791714 0)
(0.139768 -0.824692 0)
(0.100819 -0.849714 0)
(0.0608851 -0.866531 0)
(0.0203679 -0.874976 0)
(-0.0203679 -0.874976 0)
(-0.0608851 -0.866531 0)
(-0.100819 -0.849714 0)
(-0.139768 -0.824692 0)
(-0.177363 -0.791714 0)
(-0.213238 -0.751105 0)
(-0.247048 -0.703259 0)
(-0.278465 -0.648641 0)
(-0.307187 -0.587781 0)
(-0.332937 -0.52127 0)
(-0.355464 -0.449753 0)
(-0.374553 -0.373922 0)
(-0.390021 -0.294513 0)
(-0.401724 -0.212292 0)
(-0.409543 -0.128051 0)
(-0.413398 -0.0425934 0)
(-0.49708 0.0410947 0)
(-0.492221 0.122188 0)
(-0.482649 0.202121 0)
(-0.46845 0.280129 0)
(-0.449753 0.355464 0)
(-0.426733 0.427401 0)
(-0.399608 0.495245 0)
(-0.368637 0.558341 0)
(-0.334116 0.616078 0)
(-0.296377 0.667897 0)
(-0.255784 0.713295 0)
(-0.212726 0.75183 0)
(-0.167618 0.783126 0)
(-0.120894 0.806876 0)
(-0.0730044 0.822844 0)
(-0.0244145 0.830871 0)
(0.0244145 0.830871 0)
(0.0730044 0.822844 0)
(0.120894 0.806876 0)
(0.167618 0.783126 0)
(0.212726 0.75183 0)
(0.255784 0.713295 0)
(0.296377 0.667897 0)
(0.334116 0.616078 0)
(0.368637 0.558341 0)
(0.399608 0.495245 0)
(0.426733 0.427401 0)
(0.449753 0.355464 0)
(0.46845 0.280129 0)
(0.482649 0.202121 0)
(0.492221 0.122188 0)
(0.49708 0.0410947 0)
(0.497186 -0.0403884 0)
(0.492515 -0.121486 0)
(0.483084 -0.201425 0)
(0.468988 -0.279441 0)
(0.450368 -0.354786 0)
(0.427401 -0.426733 0)
(0.400304 -0.494587 0)
(0.369337 -0.55769 0)
(0.334799 -0.615431 0)
(0.297022 -0.667249 0)
(0.256371 -0.712643 0)
(0.213238 -0.75117 0)
(0.168039 -0.782456 0)
(0.121211 -0.806192 0)
(0.0732004 -0.822144 0)
(0.0244879 -0.830152 0)
(-0.0244879 -0.830152 0)
(-0.0732005 -0.822144 0)
(-0.121211 -0.806192 0)
(-0.168039 -0.782456 0)
(-0.213238 -0.75117 0)
(-0.256371 -0.712643 0)
(-0.297022 -0.667249 0)
(-0.334799 -0.615431 0)
(-0.369337 -0.557689 0)
(-0.400304 -0.494587 0)
(-0.427401 -0.426733 0)
(-0.450368 -0.354786 0)
(-0.468988 -0.279441 0)
(-0.483084 -0.201425 0)
(-0.492515 -0.121486 0)
(-0.497186 -0.0403884 0)
(-0.576109 0.0385148 0)
(-0.570489 0.114466 0)
(-0.5594 0.189328 0)
(-0.542943 0.262385 0)
(-0.52127 0.332937 0)
(-0.494587 0.400304 0)
(-0.463145 0.463837 0)
(-0.427246 0.522923 0)
(-0.387235 0.576991 0)
(-0.343494 0.625517 0)
(-0.296445 0.66803 0)
(-0.246541 0.704117 0)
(-0.194261 0.733424 0)
(-0.140109 0.755665 0)
(-0.0846072 0.770619 0)
(-0.0282955 0.778138 0)
(0.0282955 0.778138 0)
(0.0846072 0.770619 0)
(0.140109 0.755665 0)
(0.194261 0.733424 0)
(0.246541 0.704117 0)
(0.296445 0.66803 0)
(0.343494 0.625517 0)
(0.387235 0.576991 0)
(0.427246 0.522923 0)
(0.463145 0.463837 0)
(0.494587 0.400304 0)
(0.52127 0.332937 0)
(0.542943 0.262385 0)
(0.5594 0.189328 0)
(0.570489 0.114466 0)
(0.576109 0.0385148 0)
(0.576209 -0.0378014 0)
(0.570769 -0.113755 0)
(0.559818 -0.18862 0)
(0.543465 -0.261681 0)
(0.521872 -0.332236 0)
(0.495245 -0.399608 0)
(0.463837 -0.463145 0)
(0.427949 -0.522233 0)
(0.387925 -0.576299 0)
(0.344151 -0.62482 0)
(0.297048 -0.667324 0)
(0.247071 -0.703397 0)
(0.1947 -0.732689 0)
(0.140442 -0.754912 0)
(0.084815 -0.769843 0)
(0.0283737 -0.777337 0)
(-0.0283738 -0.777337 0)
(-0.0848151 -0.769843 0)
(-0.140442 -0.754912 0)
(-0.1947 -0.732689 0)
(-0.247071 -0.703397 0)
(-0.297048 -0.667324 0)
(-0.344151 -0.62482 0)
(-0.387925 -0.576299 0)
(-0.427949 -0.522233 0)
(-0.463837 -0.463145 0)
(-0.495245 -0.399608 0)
(-0.521872 -0.332236 0)
(-0.543465 -0.261681 0)
(-0.559818 -0.18862 0)
(-0.570769 -0.113755 0)
(-0.576209 -0.0378014 0)
(-0.649605 0.0355549 0)
(-0.643278 0.105629 0)
(-0.630778 0.174697 0)
(-0.612222 0.242099 0)
(-0.587781 0.307187 0)
(-0.55769 0.369337 0)
(-0.522233 0.427949 0)
(-0.481751 0.482457 0)
(-0.436632 0.532336 0)
(-0.387309 0.577103 0)
(-0.334256 0.616322 0)
(-0.277984 0.649613 0)
(-0.219035 0.676651 0)
(-0.157975 0.697169 0)
(-0.095395 0.710965 0)
(-0.031904 0.717903 0)
(0.031904 0.717903 0)
(0.095395 0.710965 0)
(0.157975 0.697169 0)
(0.219035 0.676651 0)
(0.277984 0.649613 0)
(0.334256 0.616322 0)
(0.387309 0.577103 0)
(0.436632 0.532336 0)
(0.481751 0.482457 0)
(0.522233 0.427949 0)
(0.55769 0.369337 0)
(0.587781 0.307187 0)
(0.612222 0.242099 0)
(0.630778 0.174697 0)
(0.643278 0.105629 0)
(0.649605 0.0355549 0)
(0.649701 -0.0348559 0)
(0.643547 -0.104931 0)
(0.631183 -0.173999 0)
(0.61273 -0.2414 0)
(0.588372 -0.306488 0)
(0.558341 -0.368637 0)
(0.522923 -0.427246 0)
(0.482457 -0.481751 0)
(0.437332 -0.531623 0)
(0.38798 -0.576378 0)
(0.334877 -0.615582 0)
(0.278535 -0.648855 0)
(0.219495 -0.675871 0)
(0.158328 -0.696365 0)
(0.0956172 -0.710132 0)
(0.031988 -0.717038 0)
(-0.0319881 -0.717038 0)
(-0.0956172 -0.710132 0)
(-0.158328 -0.696365 0)
(-0.219495 -0.675871 0)
(-0.278535 -0.648855 0)
(-0.334877 -0.615582 0)
(-0.38798 -0.576378 0)
(-0.437332 -0.531623 0)
(-0.482457 -0.481751 0)
(-0.522923 -0.427246 0)
(-0.558341 -0.368637 0)
(-0.588372 -0.306488 0)
(-0.61273 -0.2414 0)
(-0.631183 -0.173999 0)
(-0.643547 -0.104931 0)
(-0.649701 -0.0348559 0)
(-0.716856 0.032245 0)
(-0.709882 0.095764 0)
(-0.696092 0.158371 0)
(-0.675614 0.219467 0)
(-0.648641 0.278465 0)
(-0.615431 0.334799 0)
(-0.576299 0.387925 0)
(-0.531623 0.437332 0)
(-0.481829 0.482542 0)
(-0.427397 0.523118 0)
(-0.36885 0.558667 0)
(-0.306751 0.588843 0)
(-0.241699 0.61335 0)
(-0.174319 0.631949 0)
(-0.105263 0.644455 0)
(-0.035205 0.650745 0)
(0.035205 0.650745 0)
(0.105263 0.644455 0)
(0.174319 0.631949 0)
(0.241699 0.61335 0)
(0.306751 0.588843 0)
(0.36885 0.558667 0)
(0.427397 0.523118 0)
(0.481829 0.482542 0)
(0.531623 0.437332 0)
(0.576299 0.387925 0)
(0.615431 0.334799 0)
(0.648641 0.278465 0)
(0.675614 0.219467 0)
(0.696092 0.158371 0)
(0.709882 0.095764 0)
(0.716856 0.0322449 0)
(0.716948 -0.0315794 0)
(0.710142 -0.0950981 0)
(0.696485 -0.157703 0)
(0.676111 -0.218795 0)
(0.649223 -0.277789 0)
(0.616078 -0.334116 0)
(0.576991 -0.387235 0)
(0.532336 -0.436632 0)
(0.482542 -0.481829 0)
(0.428087 -0.522389 0)
(0.369494 -0.557916 0)
(0.307327 -0.588067 0)
(0.242184 -0.612547 0)
(0.174695 -0.631115 0)
(0.105503 -0.643585 0)
(0.035296 -0.649836 0)
(-0.035296 -0.649836 0)
(-0.105503 -0.643585 0)
(-0.174695 -0.631115 0)
(-0.242184 -0.612547 0)
(-0.307327 -0.588067 0)
(-0.369494 -0.557916 0)
(-0.428087 -0.522389 0)
(-0.482542 -0.481829 0)
(-0.532336 -0.436632 0)
(-0.576991 -0.387235 0)
(-0.616078 -0.334116 0)
(-0.649223 -0.277789 0)
(-0.676111 -0.218795 0)
(-0.696485 -0.157703 0)
(-0.710142 -0.0950981 0)
(-0.716948 -0.0315794 0)
(-0.777209 0.0286179 0)
(-0.769655 0.084968 0)
(-0.754707 0.140509 0)
(-0.732504 0.194709 0)
(-0.703259 0.247048 0)
(-0.667249 0.297022 0)
(-0.62482 0.344151 0)
(-0.576378 0.38798 0)
(-0.522389 0.428087 0)
(-0.46337 0.464083 0)
(-0.399891 0.495619 0)
(-0.332563 0.522388 0)
(-0.262033 0.54413 0)
(-0.188983 0.560631 0)
(-0.114116 0.571727 0)
(-0.0381665 0.577308 0)
(0.0381665 0.577308 0)
(0.114116 0.571727 0)
(0.188983 0.560631 0)
(0.262033 0.54413 0)
(0.332563 0.522388 0)
(0.399891 0.495619 0)
(0.46337 0.464083 0)
(0.522389 0.428087 0)
(0.576378 0.38798 0)
(0.62482 0.344151 0)
(0.667249 0.297022 0)
(0.703259 0.247048 0)
(0.732504 0.194709 0)
(0.754707 0.140509 0)
(0.769655 0.084968 0)
(0.777209 0.0286179 0)
(0.777299 -0.0280027 0)
(0.769909 -0.0843515 0)
(0.755092 -0.139889 0)
(0.732995 -0.194082 0)
(0.703837 -0.246413 0)
(0.667897 -0.296377 0)
(0.625517 -0.343494 0)
(0.577103 -0.387309 0)
(0.523118 -0.427397 0)
(0.464083 -0.46337 0)
(0.400562 -0.49488 0)
(0.333169 -0.521619 0)
(0.26255 -0.543327 0)
(0.189386 -0.55979 0)
(0.114377 -0.570843 0)
(0.0382657 -0.576379 0)
(-0.0382658 -0.576379 0)
(-0.114377 -0.570843 0)
(-0.189386 -0.55979 0)
(-0.26255 -0.543327 0)
(-0.333169 -0.521619 0)
(-0.400562 -0.49488 0)
(-0.464083 -0.46337 0)
(-0.523118 -0.427397 0)
(-0.577103 -0.387309 0)
(-0.625517 -0.343494 0)
(-0.667897 -0.296377 0)
(-0.703837 -0.246413 0)
(-0.732995 -0.194082 0)
(-0.755092 -0.139889 0)
(-0.769909 -0.0843515 0)
(-0.777299 -0.0280027 0)
(-0.830081 0.0247094 0)
(-0.822017 0.0733457 0)
(-0.806054 0.121284 0)
(-0.782342 0.168064 0)
(-0.751105 0.213238 0)
(-0.712643 0.256371 0)
(-0.667324 0.297048 0)
(-0.615582 0.334877 0)
(-0.557916 0.369494 0)
(-0.49488 0.400562 0)
(-0.42708 0.427782 0)
(-0.355169 0.450889 0)
(-0.279842 0.469656 0)
(-0.201823 0.483899 0)
(-0.121868 0.493479 0)
(-0.0407595 0.498298 0)
(0.0407595 0.498298 0)
(0.121868 0.493479 0)
(0.201823 0.483899 0)
(0.279842 0.469656 0)
(0.355169 0.450889 0)
(0.42708 0.427782 0)
(0.49488 0.400562 0)
(0.557916 0.369494 0)
(0.615582 0.334877 0)
(0.667324 0.297048 0)
(0.712643 0.256371 0)
(0.751105 0.213238 0)
(0.782342 0.168064 0)
(0.806054 0.121284 0)
(0.822017 0.0733457 0)
(0.830081 0.0247094 0)
(0.83017 -0.0241601 0)
(0.822267 -0.0727944 0)
(0.806436 -0.120727 0)
(0.78283 -0.1675 0)
(0.751683 -0.212663 0)
(0.713295 -0.255784 0)
(0.66803 -0.296445 0)
(0.616322 -0.334256 0)
(0.558667 -0.36885 0)
(0.495619 -0.399891 0)
(0.427782 -0.42708 0)
(0.35581 -0.45015 0)
(0.280393 -0.468878 0)
(0.202259 -0.483078 0)
(0.122153 -0.492607 0)
(0.0408686 -0.497376 0)
(-0.0408686 -0.497376 0)
(-0.122153 -0.492607 0)
(-0.202259 -0.483078 0)
(-0.280393 -0.468878 0)
(-0.35581 -0.45015 0)
(-0.427782 -0.42708 0)
(-0.495619 -0.399891 0)
(-0.558667 -0.36885 0)
(-0.616322 -0.334256 0)
(-0.66803 -0.296445 0)
(-0.713295 -0.255784 0)
(-0.751683 -0.212663 0)
(-0.78283 -0.1675 0)
(-0.806436 -0.120727 0)
(-0.822267 -0.0727944 0)
(-0.83017 -0.0241601 0)
(-0.874958 0.0205582 0)
(-0.866461 0.0610103 0)
(-0.849637 0.100882 0)
(-0.824642 0.139791 0)
(-0.791714 0.177363 0)
(-0.75117 0.213238 0)
(-0.703397 0.247071 0)
(-0.648855 0.278535 0)
(-0.588067 0.307327 0)
(-0.521619 0.333169 0)
(-0.45015 0.35581 0)
(-0.37435 0.37503 0)
(-0.29495 0.390642 0)
(-0.212714 0.402492 0)
(-0.128442 0.410462 0)
(-0.0429583 0.414471 0)
(0.0429583 0.414471 0)
(0.128442 0.410462 0)
(0.212714 0.402492 0)
(0.29495 0.390642 0)
(0.37435 0.37503 0)
(0.45015 0.35581 0)
(0.521619 0.333169 0)
(0.588067 0.307327 0)
(0.648855 0.278535 0)
(0.703397 0.247071 0)
(0.75117 0.213238 0)
(0.791714 0.177363 0)
(0.824642 0.139791 0)
(0.849637 0.100882 0)
(0.866461 0.0610102 0)
(0.874958 0.0205582 0)
(0.875046 -0.0200876 0)
(0.86671 -0.0605375 0)
(0.850017 -0.100404 0)
(0.825131 -0.139304 0)
(0.792297 -0.176865 0)
(0.75183 -0.212726 0)
(0.704117 -0.246541 0)
(0.649613 -0.277984 0)
(0.588843 -0.306751 0)
(0.522388 -0.332563 0)
(0.450889 -0.355169 0)
(0.37503 -0.37435 0)
(0.295542 -0.389918 0)
(0.213188 -0.401719 0)
(0.128756 -0.409634 0)
(0.0430793 -0.41359 0)
(-0.0430793 -0.41359 0)
(-0.128756 -0.409634 0)
(-0.213188 -0.401719 0)
(-0.295542 -0.389918 0)
(-0.37503 -0.37435 0)
(-0.450889 -0.355169 0)
(-0.522388 -0.332563 0)
(-0.588843 -0.306751 0)
(-0.649613 -0.277984 0)
(-0.704117 -0.246541 0)
(-0.75183 -0.212726 0)
(-0.792297 -0.176865 0)
(-0.825131 -0.139304 0)
(-0.850017 -0.100404 0)
(-0.86671 -0.0605374 0)
(-0.875046 -0.0200876 0)
(-0.911403 0.0162037 0)
(-0.902554 0.0480803 0)
(-0.88503 0.0794996 0)
(-0.858993 0.11016 0)
(-0.824692 0.139768 0)
(-0.782456 0.168039 0)
(-0.732689 0.1947 0)
(-0.675871 0.219495 0)
(-0.612547 0.242184 0)
(-0.543327 0.26255 0)
(-0.468878 0.280393 0)
(-0.389918 0.295542 0)
(-0.307209 0.307847 0)
(-0.22155 0.317188 0)
(-0.133773 0.323473 0)
(-0.0447411 0.326633 0)
(0.0447411 0.326633 0)
(0.133773 0.323473 0)
(0.22155 0.317188 0)
(0.307209 0.307847 0)
(0.389918 0.295542 0)
(0.468878 0.280393 0)
(0.543327 0.26255 0)
(0.612547 0.242184 0)
(0.675871 0.219495 0)
(0.732689 0.1947 0)
(0.782456 0.168039 0)
(0.824692 0.139768 0)
(0.858993 0.11016 0)
(0.88503 0.0794996 0)
(0.902554 0.0480803 0)
(0.911403 0.0162037 0)
(0.911491 -0.0158252 0)
(0.902803 -0.0476995 0)
(0.885411 -0.0791133 0)
(0.859486 -0.109765 0)
(0.825281 -0.139362 0)
(0.783126 -0.167618 0)
(0.733424 -0.194261 0)
(0.676651 -0.219035 0)
(0.61335 -0.241699 0)
(0.54413 -0.262033 0)
(0.469656 -0.279842 0)
(0.390642 -0.29495 0)
(0.307847 -0.307209 0)
(0.222067 -0.316499 0)
(0.134121 -0.322725 0)
(0.0448763 -0.325832 0)
(-0.0448763 -0.325832 0)
(-0.134121 -0.322725 0)
(-0.222067 -0.316499 0)
(-0.307847 -0.307209 0)
(-0.390642 -0.29495 0)
(-0.469656 -0.279842 0)
(-0.54413 -0.262033 0)
(-0.61335 -0.241699 0)
(-0.676651 -0.219035 0)
(-0.733424 -0.194261 0)
(-0.783126 -0.167618 0)
(-0.825281 -0.139362 0)
(-0.859486 -0.109765 0)
(-0.885411 -0.0791133 0)
(-0.902803 -0.0476995 0)
(-0.911491 -0.0158252 0)
(-0.939059 0.0116911 0)
(-0.929943 0.0346836 0)
(-0.911887 0.0573464 0)
(-0.885058 0.0794622 0)
(-0.849714 0.100819 0)
(-0.806192 0.121211 0)
(-0.754912 0.140442 0)
(-0.696365 0.158328 0)
(-0.631115 0.174695 0)
(-0.55979 0.189386 0)
(-0.483078 0.202259 0)
(-0.401719 0.213188 0)
(-0.316499 0.222067 0)
(-0.228241 0.228808 0)
(-0.137808 0.233345 0)
(-0.0460896 0.235627 0)
(0.0460896 0.235627 0)
(0.137808 0.233345 0)
(0.228241 0.228808 0)
(0.316499 0.222067 0)
(0.401719 0.213188 0)
(0.483078 0.202259 0)
(0.55979 0.189386 0)
(0.631115 0.174695 0)
(0.696365 0.158328 0)
(0.754912 0.140442 0)
(0.806192 0.121211 0)
(0.849714 0.100819 0)
(0.885058 0.0794622 0)
(0.911887 0.0573464 0)
(0.929943 0.0346836 0)
(0.939059 0.0116911 0)
(0.939147 -0.0114112 0)
(0.930193 -0.0344017 0)
(0.912271 -0.0570599 0)
(0.885556 -0.0791682 0)
(0.850311 -0.100515 0)
(0.806876 -0.120894 0)
(0.755665 -0.140109 0)
(0.697169 -0.157975 0)
(0.631949 -0.174319 0)
(0.560631 -0.188983 0)
(0.483899 -0.201823 0)
(0.402492 -0.212714 0)
(0.317188 -0.22155 0)
(0.228808 -0.228241 0)
(0.138196 -0.232722 0)
(0.0462421 -0.234952 0)
(-0.0462421 -0.234952 0)
(-0.138196 -0.232722 0)
(-0.228808 -0.228241 0)
(-0.317188 -0.22155 0)
(-0.402492 -0.212714 0)
(-0.483899 -0.201823 0)
(-0.560631 -0.188983 0)
(-0.631949 -0.174319 0)
(-0.697169 -0.157975 0)
(-0.755665 -0.140109 0)
(-0.806876 -0.120894 0)
(-0.850312 -0.100514 0)
(-0.885556 -0.0791682 0)
(-0.912271 -0.0570599 0)
(-0.930193 -0.0344017 0)
(-0.939147 -0.0114112 0)
(-0.957651 0.00705999 0)
(-0.948355 0.0209452 0)
(-0.92994 0.0346314 0)
(-0.902578 0.0479875 0)
(-0.866531 0.0608851 0)
(-0.822144 0.0732004 0)
(-0.769843 0.084815 0)
(-0.710132 0.0956172 0)
(-0.643585 0.105503 0)
(-0.570843 0.114377 0)
(-0.492607 0.122153 0)
(-0.409634 0.128756 0)
(-0.322725 0.134121 0)
(-0.232722 0.138196 0)
(-0.140506 0.14094 0)
(-0.0469904 0.142322 0)
(0.0469904 0.142322 0)
(0.140506 0.14094 0)
(0.232722 0.138196 0)
(0.322725 0.134121 0)
(0.409634 0.128756 0)
(0.492607 0.122153 0)
(0.570843 0.114377 0)
(0.643585 0.105503 0)
(0.710132 0.0956172 0)
(0.769843 0.084815 0)
(0.822144 0.0732004 0)
(0.866531 0.0608851 0)
(0.902578 0.0479875 0)
(0.92994 0.0346314 0)
(0.948355 0.0209452 0)
(0.957651 0.00705999 0)
(0.957739 -0.00689132 0)
(0.948606 -0.0207751 0)
(0.930327 -0.0344579 0)
(0.903083 -0.0478084 0)
(0.86714 -0.0606986 0)
(0.822844 -0.0730044 0)
(0.770619 -0.0846072 0)
(0.710965 -0.095395 0)
(0.644455 -0.105263 0)
(0.571727 -0.114116 0)
(0.493479 -0.121868 0)
(0.410462 -0.128442 0)
(0.323473 -0.133773 0)
(0.233345 -0.137808 0)
(0.14094 -0.140506 0)
(0.0471626 -0.141846 0)
(-0.0471627 -0.141846 0)
(-0.14094 -0.140506 0)
(-0.233345 -0.137808 0)
(-0.323473 -0.133773 0)
(-0.410462 -0.128442 0)
(-0.49348 -0.121868 0)
(-0.571727 -0.114116 0)
(-0.644455 -0.105263 0)
(-0.710965 -0.095395 0)
(-0.770619 -0.0846072 0)
(-0.822844 -0.0730044 0)
(-0.86714 -0.0606986 0)
(-0.903083 -0.0478084 0)
(-0.930327 -0.0344579 0)
(-0.948606 -0.0207751 0)
(-0.957739 -0.00689132 0)
(-0.966993 0.00236326 0)
(-0.957606 0.00700751 0)
(-0.939009 0.0115855 0)
(-0.911378 0.0160532 0)
(-0.874976 0.0203679 0)
(-0.830152 0.0244879 0)
(-0.777337 0.0283737 0)
(-0.717038 0.031988 0)
(-0.649836 0.035296 0)
(-0.576379 0.0382658 0)
(-0.497376 0.0408686 0)
(-0.41359 0.0430793 0)
(-0.325832 0.0448763 0)
(-0.234952 0.0462421 0)
(-0.141846 0.0471626 0)
(-0.0474365 0.0476266 0)
(0.0474365 0.0476266 0)
(0.141846 0.0471626 0)
(0.234952 0.0462421 0)
(0.325832 0.0448763 0)
(0.41359 0.0430793 0)
(0.497376 0.0408686 0)
(0.576379 0.0382657 0)
(0.649836 0.035296 0)
(0.717038 0.031988 0)
(0.777337 0.0283737 0)
(0.830152 0.0244879 0)
(0.874976 0.0203678 0)
(0.911378 0.0160532 0)
(0.939009 0.0115855 0)
(0.957606 0.00700751 0)
(0.966993 0.00236325 0)
(0.967083 -0.00230284 0)
(0.95786 -0.0069462 0)
(0.939403 -0.0115223 0)
(0.911892 -0.0159874 0)
(0.875599 -0.0202986 0)
(0.830871 -0.0244145 0)
(0.778138 -0.0282955 0)
(0.717903 -0.031904 0)
(0.650745 -0.035205 0)
(0.577308 -0.0381665 0)
(0.498298 -0.0407595 0)
(0.414471 -0.0429583 0)
(0.326633 -0.0447411 0)
(0.235627 -0.0460896 0)
(0.142322 -0.0469904 0)
(0.0476266 -0.0474365 0)
(-0.0476266 -0.0474365 0)
(-0.142322 -0.0469904 0)
(-0.235627 -0.0460896 0)
(-0.326633 -0.0447411 0)
(-0.414471 -0.0429583 0)
(-0.498298 -0.0407595 0)
(-0.577308 -0.0381665 0)
(-0.650745 -0.035205 0)
(-0.717903 -0.031904 0)
(-0.778138 -0.0282955 0)
(-0.830871 -0.0244145 0)
(-0.875599 -0.0202986 0)
(-0.911892 -0.0159874 0)
(-0.939403 -0.0115223 0)
(-0.95786 -0.0069462 0)
(-0.967083 -0.00230284 0)
(-0.966993 -0.00236325 0)
(-0.957606 -0.00700751 0)
(-0.939009 -0.0115855 0)
(-0.911378 -0.0160532 0)
(-0.874976 -0.0203679 0)
(-0.830152 -0.0244879 0)
(-0.777337 -0.0283737 0)
(-0.717038 -0.0319881 0)
(-0.649836 -0.035296 0)
(-0.576379 -0.0382658 0)
(-0.497376 -0.0408686 0)
(-0.41359 -0.0430793 0)
(-0.325832 -0.0448763 0)
(-0.234952 -0.0462421 0)
(-0.141846 -0.0471627 0)
(-0.0474365 -0.0476266 0)
(0.0474365 -0.0476266 0)
(0.141846 -0.0471627 0)
(0.234952 -0.0462421 0)
(0.325832 -0.0448763 0)
(0.41359 -0.0430793 0)
(0.497376 -0.0408686 0)
(0.576379 -0.0382658 0)
(0.649836 -0.035296 0)
(0.717038 -0.0319881 0)
(0.777337 -0.0283738 0)
(0.830152 -0.0244879 0)
(0.874976 -0.0203679 0)
(0.911378 -0.0160532 0)
(0.939009 -0.0115855 0)
(0.957606 -0.00700751 0)
(0.966993 -0.00236325 0)
(0.967083 0.00230285 0)
(0.95786 0.0069462 0)
(0.939403 0.0115223 0)
(0.911892 0.0159874 0)
(0.875599 0.0202986 0)
(0.830871 0.0244145 0)
(0.778138 0.0282955 0)
(0.717903 0.031904 0)
(0.650745 0.035205 0)
(0.577308 0.0381665 0)
(0.498298 0.0407595 0)
(0.414471 0.0429583 0)
(0.326633 0.0447411 0)
(0.235627 0.0460896 0)
(0.142322 0.0469904 0)
(0.0476266 0.0474365 0)
(-0.0476266 0.0474365 0)
(-0.142322 0.0469904 0)
(-0.235627 0.0460896 0)
(-0.326633 0.0447411 0)
(-0.414471 0.0429583 0)
(-0.498298 0.0407595 0)
(-0.577308 0.0381665 0)
(-0.650745 0.035205 0)
(-0.717903 0.031904 0)
(-0.778138 0.0282955 0)
(-0.830871 0.0244145 0)
(-0.875599 0.0202986 0)
(-0.911892 0.0159874 0)
(-0.939403 0.0115223 0)
(-0.95786 0.0069462 0)
(-0.967083 0.00230285 0)
(-0.957651 -0.00705999 0)
(-0.948355 -0.0209452 0)
(-0.92994 -0.0346314 0)
(-0.902578 -0.0479875 0)
(-0.866531 -0.0608851 0)
(-0.822144 -0.0732004 0)
(-0.769843 -0.0848151 0)
(-0.710132 -0.0956172 0)
(-0.643585 -0.105503 0)
(-0.570843 -0.114377 0)
(-0.492607 -0.122153 0)
(-0.409634 -0.128756 0)
(-0.322725 -0.134121 0)
(-0.232722 -0.138196 0)
(-0.140506 -0.14094 0)
(-0.0469904 -0.142322 0)
(0.0469904 -0.142322 0)
(0.140506 -0.14094 0)
(0.232722 -0.138196 0)
(0.322725 -0.134121 0)
(0.409634 -0.128756 0)
(0.492607 -0.122153 0)
(0.570843 -0.114377 0)
(0.643585 -0.105503 0)
(0.710132 -0.0956172 0)
(0.769843 -0.0848151 0)
(0.822144 -0.0732005 0)
(0.866531 -0.0608851 0)
(0.902578 -0.0479875 0)
(0.92994 -0.0346314 0)
(0.948355 -0.0209452 0)
(0.957651 -0.00705999 0)
(0.957739 0.00689132 0)
(0.948606 0.0207751 0)
(0.930327 0.0344579 0)
(0.903083 0.0478084 0)
(0.86714 0.0606986 0)
(0.822844 0.0730044 0)
(0.770619 0.0846072 0)
(0.710965 0.095395 0)
(0.644455 0.105263 0)
(0.571727 0.114116 0)
(0.493479 0.121868 0)
(0.410462 0.128442 0)
(0.323473 0.133773 0)
(0.233345 0.137808 0)
(0.14094 0.140506 0)
(0.0471626 0.141846 0)
(-0.0471627 0.141846 0)
(-0.14094 0.140506 0)
(-0.233345 0.137808 0)
(-0.323473 0.133773 0)
(-0.410462 0.128442 0)
(-0.49348 0.121868 0)
(-0.571727 0.114116 0)
(-0.644455 0.105263 0)
(-0.710965 0.095395 0)
(-0.770619 0.0846072 0)
(-0.822844 0.0730044 0)
(-0.86714 0.0606986 0)
(-0.903083 0.0478084 0)
(-0.930327 0.0344579 0)
(-0.948606 0.0207751 0)
(-0.957739 0.00689132 0)
(-0.939059 -0.0116911 0)
(-0.929943 -0.0346836 0)
(-0.911887 -0.0573464 0)
(-0.885058 -0.0794622 0)
(-0.849714 -0.100819 0)
(-0.806192 -0.121211 0)
(-0.754912 -0.140442 0)
(-0.696365 -0.158328 0)
(-0.631115 -0.174695 0)
(-0.55979 -0.189386 0)
(-0.483078 -0.202259 0)
(-0.401719 -0.213188 0)
(-0.316499 -0.222067 0)
(-0.228241 -0.228808 0)
(-0.137808 -0.233345 0)
(-0.0460896 -0.235627 0)
(0.0460896 -0.235627 0)
(0.137808 -0.233345 0)
(0.228241 -0.228808 0)
(0.316499 -0.222067 0)
(0.401719 -0.213188 0)
(0.483078 -0.202259 0)
(0.55979 -0.189386 0)
(0.631115 -0.174695 0)
(0.696365 -0.158328 0)
(0.754912 -0.140442 0)
(0.806192 -0.121211 0)
(0.849714 -0.100819 0)
(0.885058 -0.0794622 0)
(0.911887 -0.0573464 0)
(0.929943 -0.0346836 0)
(0.939059 -0.0116911 0)
(0.939147 0.0114112 0)
(0.930193 0.0344018 0)
(0.912271 0.0570599 0)
(0.885556 0.0791682 0)
(0.850311 0.100515 0)
(0.806876 0.120894 0)
(0.755665 0.140109 0)
(0.697169 0.157975 0)
(0.631949 0.174319 0)
(0.560631 0.188983 0)
(0.483899 0.201823 0)
(0.402492 0.212714 0)
(0.317188 0.22155 0)
(0.228808 0.228241 0)
(0.138196 0.232722 0)
(0.0462421 0.234952 0)
(-0.0462421 0.234952 0)
(-0.138196 0.232722 0)
(-0.228808 0.228241 0)
(-0.317188 0.22155 0)
(-0.402492 0.212714 0)
(-0.483899 0.201823 0)
(-0.560631 0.188983 0)
(-0.631949 0.174319 0)
(-0.697169 0.157975 0)
(-0.755665 0.140109 0)
(-0.806876 0.120894 0)
(-0.850312 0.100515 0)
(-0.885556 0.0791682 0)
(-0.912271 0.0570599 0)
(-0.930193 0.0344018 0)
(-0.939147 0.0114112 0)
(-0.911403 -0.0162037 0)
(-0.902554 -0.0480803 0)
(-0.88503 -0.0794996 0)
(-0.858993 -0.11016 0)
(-0.824692 -0.139768 0)
(-0.782456 -0.168039 0)
(-0.732689 -0.1947 0)
(-0.675871 -0.219495 0)
(-0.612547 -0.242184 0)
(-0.543327 -0.26255 0)
(-0.468878 -0.280393 0)
(-0.389918 -0.295542 0)
(-0.307209 -0.307847 0)
(-0.22155 -0.317188 0)
(-0.133773 -0.323473 0)
(-0.0447411 -0.326633 0)
(0.0447411 -0.326633 0)
(0.133773 -0.323473 0)
(0.22155 -0.317188 0)
(0.307209 -0.307847 0)
(0.389918 -0.295542 0)
(0.468878 -0.280393 0)
(0.543327 -0.26255 0)
(0.612547 -0.242184 0)
(0.675871 -0.219495 0)
(0.732689 -0.1947 0)
(0.782456 -0.168039 0)
(0.824692 -0.139768 0)
(0.858993 -0.11016 0)
(0.88503 -0.0794996 0)
(0.902554 -0.0480803 0)
(0.911403 -0.0162037 0)
(0.911491 0.0158252 0)
(0.902803 0.0476995 0)
(0.885411 0.0791133 0)
(0.859486 0.109765 0)
(0.825281 0.139362 0)
(0.783126 0.167618 0)
(0.733424 0.194261 0)
(0.676651 0.219035 0)
(0.61335 0.241699 0)
(0.54413 0.262033 0)
(0.469656 0.279842 0)
(0.390642 0.29495 0)
(0.307847 0.307209 0)
(0.222067 0.316499 0)
(0.134121 0.322725 0)
(0.0448763 0.325832 0)
(-0.0448763 0.325832 0)
(-0.134121 0.322725 0)
(-0.222067 0.316499 0)
(-0.307847 0.307209 0)
(-0.390642 0.29495 0)
(-0.469656 0.279842 0)
(-0.54413 0.262033 0)
(-0.61335 0.241699 0)
(-0.676651 0.219035 0)
(-0.733424 0.194261 0)
(-0.783126 0.167618 0)
(-0.825281 0.139362 0)
(-0.859486 0.109765 0)
(-0.885411 0.0791133 0)
(-0.902803 0.0476995 0)
(-0.911491 0.0158252 0)
(-0.874958 -0.0205582 0)
(-0.866461 -0.0610103 0)
(-0.849637 -0.100882 0)
(-0.824642 -0.139791 0)
(-0.791714 -0.177363 0)
(-0.75117 -0.213238 0)
(-0.703397 -0.247071 0)
(-0.648855 -0.278535 0)
(-0.588067 -0.307327 0)
(-0.521619 -0.333169 0)
(-0.45015 -0.35581 0)
(-0.37435 -0.37503 0)
(-0.29495 -0.390642 0)
(-0.212714 -0.402492 0)
(-0.128442 -0.410462 0)
(-0.0429583 -0.414471 0)
(0.0429583 -0.414471 0)
(0.128442 -0.410462 0)
(0.212714 -0.402492 0)
(0.29495 -0.390642 0)
(0.37435 -0.37503 0)
(0.45015 -0.35581 0)
(0.521619 -0.333169 0)
(0.588067 -0.307327 0)
(0.648855 -0.278535 0)
(0.703397 -0.247071 0)
(0.75117 -0.213238 0)
(0.791714 -0.177363 0)
(0.824642 -0.139791 0)
(0.849637 -0.100882 0)
(0.866461 -0.0610103 0)
(0.874958 -0.0205582 0)
(0.875046 0.0200876 0)
(0.86671 0.0605375 0)
(0.850017 0.100404 0)
(0.825131 0.139304 0)
(0.792297 0.176865 0)
(0.75183 0.212726 0)
(0.704117 0.246541 0)
(0.649613 0.277984 0)
(0.588843 0.306751 0)
(0.522388 0.332563 0)
(0.450889 0.355169 0)
(0.37503 0.37435 0)
(0.295542 0.389918 0)
(0.213188 0.401719 0)
(0.128756 0.409634 0)
(0.0430793 0.41359 0)
(-0.0430793 0.41359 0)
(-0.128756 0.409634 0)
(-0.213188 0.401719 0)
(-0.295542 0.389918 0)
(-0.37503 0.37435 0)
(-0.450889 0.355169 0)
(-0.522388 0.332563 0)
(-0.588843 0.306751 0)
(-0.649613 0.277984 0)
(-0.704117 0.246541 0)
(-0.75183 0.212726 0)
(-0.792297 0.176865 0)
(-0.825131 0.139304 0)
(-0.850017 0.100404 0)
(-0.86671 0.0605375 0)
(-0.875046 0.0200876 0)
(-0.830081 -0.0247094 0)
(-0.822017 -0.0733457 0)
(-0.806054 -0.121284 0)
(-0.782342 -0.168064 0)
(-0.751105 -0.213238 0)
(-0.712643 -0.256371 0)
(-0.667324 -0.297048 0)
(-0.615582 -0.334877 0)
(-0.557916 -0.369494 0)
(-0.49488 -0.400562 0)
(-0.42708 -0.427782 0)
(-0.355169 -0.450889 0)
(-0.279842 -0.469656 0)
(-0.201823 -0.483899 0)
(-0.121868 -0.49348 0)
(-0.0407595 -0.498298 0)
(0.0407595 -0.498298 0)
(0.121868 -0.49348 0)
(0.201823 -0.483899 0)
(0.279842 -0.469656 0)
(0.355169 -0.450889 0)
(0.42708 -0.427782 0)
(0.49488 -0.400562 0)
(0.557916 -0.369494 0)
(0.615582 -0.334877 0)
(0.667324 -0.297048 0)
(0.712643 -0.256371 0)
(0.751105 -0.213238 0)
(0.782342 -0.168064 0)
(0.806054 -0.121284 0)
(0.822017 -0.0733457 0)
(0.830081 -0.0247094 0)
(0.83017 0.0241601 0)
(0.822267 0.0727944 0)
(0.806436 0.120727 0)
(0.78283 0.1675 0)
(0.751683 0.212664 0)
(0.713295 0.255784 0)
(0.66803 0.296445 0)
(0.616322 0.334256 0)
(0.558667 0.36885 0)
(0.495619 0.399891 0)
(0.427782 0.42708 0)
(0.35581 0.45015 0)
(0.280393 0.468878 0)
(0.202259 0.483078 0)
(0.122153 0.492607 0)
(0.0408686 0.497376 0)
(-0.0408686 0.497376 0)
(-0.122153 0.492607 0)
(-0.202259 0.483078 0)
(-0.280393 0.468878 0)
(-0.35581 0.45015 0)
(-0.427782 0.42708 0)
(-0.495619 0.399891 0)
(-0.558667 0.36885 0)
(-0.616322 0.334256 0)
(-0.66803 0.296445 0)
(-0.713295 0.255784 0)
(-0.751683 0.212663 0)
(-0.78283 0.1675 0)
(-0.806436 0.120727 0)
(-0.822267 0.0727944 0)
(-0.83017 0.0241601 0)
(-0.777209 -0.0286179 0)
(-0.769655 -0.084968 0)
(-0.754706 -0.140509 0)
(-0.732504 -0.194709 0)
(-0.703259 -0.247048 0)
(-0.667249 -0.297022 0)
(-0.62482 -0.344151 0)
(-0.576378 -0.38798 0)
(-0.522389 -0.428087 0)
(-0.46337 -0.464083 0)
(-0.399891 -0.495619 0)
(-0.332563 -0.522388 0)
(-0.262033 -0.54413 0)
(-0.188983 -0.560631 0)
(-0.114116 -0.571727 0)
(-0.0381665 -0.577308 0)
(0.0381665 -0.577308 0)
(0.114116 -0.571727 0)
(0.188983 -0.560631 0)
(0.262033 -0.54413 0)
(0.332563 -0.522388 0)
(0.399891 -0.495619 0)
(0.46337 -0.464083 0)
(0.522389 -0.428087 0)
(0.576378 -0.38798 0)
(0.62482 -0.344151 0)
(0.667249 -0.297022 0)
(0.703259 -0.247048 0)
(0.732504 -0.194709 0)
(0.754706 -0.140509 0)
(0.769655 -0.084968 0)
(0.777209 -0.0286179 0)
(0.777299 0.0280027 0)
(0.769909 0.0843515 0)
(0.755092 0.139889 0)
(0.732995 0.194082 0)
(0.703837 0.246413 0)
(0.667897 0.296377 0)
(0.625517 0.343494 0)
(0.577103 0.387309 0)
(0.523118 0.427397 0)
(0.464083 0.46337 0)
(0.400562 0.49488 0)
(0.333169 0.521619 0)
(0.26255 0.543327 0)
(0.189386 0.55979 0)
(0.114377 0.570843 0)
(0.0382657 0.576379 0)
(-0.0382658 0.576379 0)
(-0.114377 0.570843 0)
(-0.189386 0.55979 0)
(-0.26255 0.543327 0)
(-0.333169 0.521619 0)
(-0.400562 0.49488 0)
(-0.464083 0.46337 0)
(-0.523118 0.427397 0)
(-0.577103 0.387309 0)
(-0.625517 0.343494 0)
(-0.667897 0.296377 0)
(-0.703837 0.246413 0)
(-0.732995 0.194082 0)
(-0.755092 0.139889 0)
(-0.769909 0.0843515 0)
(-0.777299 0.0280027 0)
(-0.716856 -0.032245 0)
(-0.709882 -0.095764 0)
(-0.696092 -0.158371 0)
(-0.675614 -0.219467 0)
(-0.648641 -0.278465 0)
(-0.615431 -0.334799 0)
(-0.576299 -0.387925 0)
(-0.531623 -0.437332 0)
(-0.481829 -0.482542 0)
(-0.427397 -0.523118 0)
(-0.36885 -0.558667 0)
(-0.306751 -0.588843 0)
(-0.241699 -0.61335 0)
(-0.174319 -0.631949 0)
(-0.105263 -0.644455 0)
(-0.035205 -0.650745 0)
(0.035205 -0.650745 0)
(0.105263 -0.644455 0)
(0.174319 -0.631949 0)
(0.241699 -0.61335 0)
(0.306751 -0.588843 0)
(0.36885 -0.558667 0)
(0.427397 -0.523118 0)
(0.481829 -0.482542 0)
(0.531623 -0.437332 0)
(0.576299 -0.387925 0)
(0.615431 -0.334799 0)
(0.648641 -0.278465 0)
(0.675614 -0.219467 0)
(0.696092 -0.158371 0)
(0.709882 -0.095764 0)
(0.716856 -0.0322449 0)
(0.716948 0.0315794 0)
(0.710142 0.0950981 0)
(0.696485 0.157703 0)
(0.676111 0.218795 0)
(0.649223 0.277789 0)
(0.616078 0.334116 0)
(0.576991 0.387235 0)
(0.532336 0.436632 0)
(0.482542 0.481829 0)
(0.428087 0.522389 0)
(0.369494 0.557916 0)
(0.307327 0.588067 0)
(0.242184 0.612547 0)
(0.174695 0.631115 0)
(0.105503 0.643585 0)
(0.035296 0.649836 0)
(-0.035296 0.649836 0)
(-0.105503 0.643585 0)
(-0.174695 0.631115 0)
(-0.242184 0.612547 0)
(-0.307327 0.588067 0)
(-0.369494 0.557916 0)
(-0.428087 0.522389 0)
(-0.482542 0.481829 0)
(-0.532336 0.436632 0)
(-0.576991 0.387235 0)
(-0.616078 0.334116 0)
(-0.649223 0.277789 0)
(-0.676111 0.218795 0)
(-0.696485 0.157703 0)
(-0.710142 0.0950981 0)
(-0.716948 0.0315794 0)
(-0.649605 -0.0355549 0)
(-0.643278 -0.105629 0)
(-0.630778 -0.174697 0)
(-0.612222 -0.242099 0)
(-0.587781 -0.307187 0)
(-0.557689 -0.369337 0)
(-0.522233 -0.427949 0)
(-0.481751 -0.482457 0)
(-0.436632 -0.532336 0)
(-0.387309 -0.577103 0)
(-0.334256 -0.616322 0)
(-0.277984 -0.649613 0)
(-0.219035 -0.676651 0)
(-0.157975 -0.697169 0)
(-0.095395 -0.710965 0)
(-0.031904 -0.717903 0)
(0.031904 -0.717903 0)
(0.095395 -0.710965 0)
(0.157975 -0.697169 0)
(0.219035 -0.676651 0)
(0.277984 -0.649613 0)
(0.334256 -0.616322 0)
(0.387309 -0.577103 0)
(0.436632 -0.532336 0)
(0.481751 -0.482457 0)
(0.522233 -0.427949 0)
(0.55769 -0.369337 0)
(0.587781 -0.307187 0)
(0.612222 -0.242099 0)
(0.630778 -0.174697 0)
(0.643278 -0.105629 0)
(0.649605 -0.0355549 0)
(0.649701 0.0348559 0)
(0.643547 0.104931 0)
(0.631183 0.173999 0)
(0.61273 0.2414 0)
(0.588372 0.306488 0)
(0.558341 0.368637 0)
(0.522923 0.427246 0)
(0.482457 0.481751 0)
(0.437332 0.531623 0)
(0.38798 0.576378 0)
(0.334877 0.615582 0)
(0.278535 0.648855 0)
(0.219495 0.675871 0)
(0.158328 0.696365 0)
(0.0956172 0.710132 0)
(0.031988 0.717038 0)
(-0.0319881 0.717038 0)
(-0.0956172 0.710132 0)
(-0.158328 0.696365 0)
(-0.219495 0.675871 0)
(-0.278535 0.648855 0)
(-0.334877 0.615582 0)
(-0.38798 0.576378 0)
(-0.437332 0.531623 0)
(-0.482457 0.481751 0)
(-0.522923 0.427246 0)
(-0.558341 0.368637 0)
(-0.588372 0.306488 0)
(-0.61273 0.2414 0)
(-0.631183 0.173999 0)
(-0.643547 0.104931 0)
(-0.649701 0.0348559 0)
(-0.576109 -0.0385148 0)
(-0.570489 -0.114466 0)
(-0.5594 -0.189328 0)
(-0.542943 -0.262385 0)
(-0.52127 -0.332937 0)
(-0.494587 -0.400304 0)
(-0.463145 -0.463837 0)
(-0.427246 -0.522923 0)
(-0.387235 -0.576991 0)
(-0.343494 -0.625517 0)
(-0.296445 -0.66803 0)
(-0.246541 -0.704117 0)
(-0.194261 -0.733424 0)
(-0.140109 -0.755665 0)
(-0.0846072 -0.770619 0)
(-0.0282955 -0.778138 0)
(0.0282955 -0.778138 0)
(0.0846072 -0.770619 0)
(0.140109 -0.755665 0)
(0.194261 -0.733424 0)
(0.246541 -0.704117 0)
(0.296445 -0.66803 0)
(0.343494 -0.625517 0)
(0.387235 -0.576991 0)
(0.427246 -0.522923 0)
(0.463145 -0.463837 0)
(0.494587 -0.400304 0)
(0.52127 -0.332937 0)
(0.542943 -0.262385 0)
(0.5594 -0.189328 0)
(0.570489 -0.114466 0)
(0.576109 -0.0385148 0)
(0.576209 0.0378014 0)
(0.570769 0.113755 0)
(0.559818 0.18862 0)
(0.543465 0.261681 0)
(0.521872 0.332236 0)
(0.495245 0.399608 0)
(0.463837 0.463145 0)
(0.427949 0.522233 0)
(0.387925 0.576299 0)
(0.344151 0.62482 0)
(0.297048 0.667324 0)
(0.247071 0.703397 0)
(0.1947 0.732689 0)
(0.140442 0.754912 0)
(0.084815 0.769843 0)
(0.0283737 0.777337 0)
(-0.0283738 0.777337 0)
(-0.0848151 0.769843 0)
(-0.140442 0.754912 0)
(-0.1947 0.732689 0)
(-0.247071 0.703397 0)
(-0.297048 0.667324 0)
(-0.344151 0.62482 0)
(-0.387925 0.576299 0)
(-0.427949 0.522233 0)
(-0.463837 0.463145 0)
(-0.495245 0.399608 0)
(-0.521872 0.332236 0)
(-0.543465 0.261681 0)
(-0.559818 0.18862 0)
(-0.570769 0.113755 0)
(-0.576209 0.0378014 0)
(-0.49708 -0.0410947 0)
(-0.492221 -0.122188 0)
(-0.482649 -0.202121 0)
(-0.46845 -0.280129 0)
(-0.449753 -0.355464 0)
(-0.426733 -0.427401 0)
(-0.399608 -0.495245 0)
(-0.368637 -0.558341 0)
(-0.334116 -0.616078 0)
(-0.296377 -0.667897 0)
(-0.255784 -0.713295 0)
(-0.212726 -0.75183 0)
(-0.167618 -0.783126 0)
(-0.120894 -0.806876 0)
(-0.0730044 -0.822844 0)
(-0.0244145 -0.830871 0)
(0.0244145 -0.830871 0)
(0.0730044 -0.822844 0)
(0.120894 -0.806876 0)
(0.167618 -0.783126 0)
(0.212726 -0.75183 0)
(0.255784 -0.713295 0)
(0.296377 -0.667897 0)
(0.334116 -0.616078 0)
(0.368637 -0.558341 0)
(0.399608 -0.495245 0)
(0.426733 -0.427401 0)
(0.449753 -0.355464 0)
(0.46845 -0.280129 0)
(0.482649 -0.202121 0)
(0.492221 -0.122188 0)
(0.49708 -0.0410947 0)
(0.497186 0.0403884 0)
(0.492515 0.121486 0)
(0.483084 0.201425 0)
(0.468988 0.279441 0)
(0.450368 0.354786 0)
(0.427401 0.426733 0)
(0.400304 0.494587 0)
(0.369337 0.55769 0)
(0.334799 0.615431 0)
(0.297022 0.667249 0)
(0.256371 0.712643 0)
(0.213238 0.75117 0)
(0.168039 0.782456 0)
(0.121211 0.806192 0)
(0.0732004 0.822144 0)
(0.0244879 0.830152 0)
(-0.0244879 0.830152 0)
(-0.0732005 0.822144 0)
(-0.121211 0.806192 0)
(-0.168039 0.782456 0)
(-0.213238 0.75117 0)
(-0.256371 0.712643 0)
(-0.297022 0.667249 0)
(-0.334799 0.615431 0)
(-0.369337 0.55769 0)
(-0.400304 0.494587 0)
(-0.427401 0.426733 0)
(-0.450368 0.354786 0)
(-0.468988 0.279441 0)
(-0.483084 0.201425 0)
(-0.492515 0.121486 0)
(-0.497186 0.0403884 0)
(-0.413285 -0.0432675 0)
(-0.409232 -0.128718 0)
(-0.401269 -0.21295 0)
(-0.389465 -0.295158 0)
(-0.373922 -0.374553 0)
(-0.354786 -0.450368 0)
(-0.332236 -0.521872 0)
(-0.306488 -0.588372 0)
(-0.277789 -0.649223 0)
(-0.246413 -0.703837 0)
(-0.212663 -0.751683 0)
(-0.176865 -0.792297 0)
(-0.139362 -0.825281 0)
(-0.100515 -0.850312 0)
(-0.0606986 -0.86714 0)
(-0.0202986 -0.875599 0)
(0.0202986 -0.875599 0)
(0.0606986 -0.86714 0)
(0.100515 -0.850312 0)
(0.139362 -0.825281 0)
(0.176865 -0.792297 0)
(0.212663 -0.751683 0)
(0.246413 -0.703837 0)
(0.277789 -0.649223 0)
(0.306488 -0.588372 0)
(0.332236 -0.521872 0)
(0.354786 -0.450368 0)
(0.373922 -0.374553 0)
(0.389465 -0.295158 0)
(0.401269 -0.21295 0)
(0.409232 -0.128718 0)
(0.413285 -0.0432675 0)
(0.413398 0.0425934 0)
(0.409543 0.128051 0)
(0.401724 0.212292 0)
(0.390021 0.294513 0)
(0.374553 0.373922 0)
(0.355464 0.449753 0)
(0.332937 0.52127 0)
(0.307187 0.587781 0)
(0.278465 0.648641 0)
(0.247048 0.703259 0)
(0.213238 0.751105 0)
(0.177363 0.791714 0)
(0.139768 0.824692 0)
(0.100819 0.849714 0)
(0.0608851 0.866531 0)
(0.0203679 0.874976 0)
(-0.0203679 0.874976 0)
(-0.0608851 0.866531 0)
(-0.100819 0.849714 0)
(-0.139768 0.824692 0)
(-0.177363 0.791714 0)
(-0.213238 0.751105 0)
(-0.247048 0.703259 0)
(-0.278465 0.648641 0)
(-0.307187 0.587781 0)
(-0.332937 0.52127 0)
(-0.355464 0.449753 0)
(-0.374553 0.373922 0)
(-0.390021 0.294513 0)
(-0.401724 0.212292 0)
(-0.409543 0.128051 0)
(-0.413398 0.0425934 0)
(-0.325538 -0.0450093 0)
(-0.322329 -0.133992 0)
(-0.316051 -0.221711 0)
(-0.306753 -0.307329 0)
(-0.294513 -0.390021 0)
(-0.279441 -0.468988 0)
(-0.261681 -0.543465 0)
(-0.2414 -0.61273 0)
(-0.218795 -0.676111 0)
(-0.194082 -0.732995 0)
(-0.1675 -0.78283 0)
(-0.139304 -0.825131 0)
(-0.109765 -0.859486 0)
(-0.0791682 -0.885556 0)
(-0.0478084 -0.903083 0)
(-0.0159874 -0.911892 0)
(0.0159874 -0.911892 0)
(0.0478084 -0.903083 0)
(0.0791682 -0.885556 0)
(0.109765 -0.859486 0)
(0.139304 -0.825131 0)
(0.1675 -0.78283 0)
(0.194082 -0.732995 0)
(0.218795 -0.676111 0)
(0.2414 -0.61273 0)
(0.261681 -0.543465 0)
(0.279441 -0.468988 0)
(0.294513 -0.390021 0)
(0.306753 -0.307329 0)
(0.316051 -0.221711 0)
(0.322329 -0.133992 0)
(0.325538 -0.0450093 0)
(0.32566 0.0443974 0)
(0.322661 0.133388 0)
(0.316528 0.221119 0)
(0.307329 0.306753 0)
(0.295158 0.389465 0)
(0.280129 0.46845 0)
(0.262385 0.542943 0)
(0.242099 0.612222 0)
(0.219467 0.675614 0)
(0.194709 0.732505 0)
(0.168064 0.782342 0)
(0.139791 0.824642 0)
(0.11016 0.858993 0)
(0.0794622 0.885058 0)
(0.0479875 0.902578 0)
(0.0160532 0.911378 0)
(-0.0160532 0.911378 0)
(-0.0479875 0.902578 0)
(-0.0794622 0.885058 0)
(-0.11016 0.858993 0)
(-0.139791 0.824642 0)
(-0.168064 0.782342 0)
(-0.194709 0.732505 0)
(-0.219467 0.675614 0)
(-0.242099 0.612222 0)
(-0.262385 0.542943 0)
(-0.280129 0.46845 0)
(-0.295158 0.389465 0)
(-0.307329 0.306753 0)
(-0.316528 0.221119 0)
(-0.322661 0.133388 0)
(-0.32566 0.0443973 0)
(-0.234695 -0.0463015 0)
(-0.232359 -0.137958 0)
(-0.227826 -0.228322 0)
(-0.221119 -0.316528 0)
(-0.212292 -0.401724 0)
(-0.201425 -0.483084 0)
(-0.18862 -0.559818 0)
(-0.173999 -0.631183 0)
(-0.157703 -0.696485 0)
(-0.139889 -0.755092 0)
(-0.120727 -0.806436 0)
(-0.100404 -0.850017 0)
(-0.0791133 -0.885411 0)
(-0.0570599 -0.912271 0)
(-0.0344579 -0.930327 0)
(-0.0115223 -0.939403 0)
(0.0115223 -0.939403 0)
(0.0344579 -0.930327 0)
(0.0570599 -0.912271 0)
(0.0791133 -0.885411 0)
(0.100404 -0.850017 0)
(0.120727 -0.806436 0)
(0.139889 -0.755092 0)
(0.157703 -0.696485 0)
(0.173999 -0.631183 0)
(0.18862 -0.559818 0)
(0.201425 -0.483084 0)
(0.212292 -0.401724 0)
(0.221119 -0.316528 0)
(0.227826 -0.228322 0)
(0.232359 -0.137958 0)
(0.234695 -0.0463015 0)
(0.234828 0.0457867 0)
(0.232713 0.13745 0)
(0.228322 0.227826 0)
(0.221711 0.316051 0)
(0.21295 0.401269 0)
(0.202121 0.482649 0)
(0.189328 0.5594 0)
(0.174697 0.630778 0)
(0.158371 0.696092 0)
(0.140509 0.754707 0)
(0.121284 0.806054 0)
(0.100882 0.849637 0)
(0.0794996 0.88503 0)
(0.0573464 0.911887 0)
(0.0346314 0.92994 0)
(0.0115855 0.939009 0)
(-0.0115855 0.939009 0)
(-0.0346314 0.92994 0)
(-0.0573464 0.911887 0)
(-0.0794996 0.88503 0)
(-0.100882 0.849637 0)
(-0.121284 0.806054 0)
(-0.140509 0.754707 0)
(-0.158371 0.696092 0)
(-0.174697 0.630778 0)
(-0.189328 0.5594 0)
(-0.202121 0.482649 0)
(-0.21295 0.401269 0)
(-0.221711 0.316051 0)
(-0.228322 0.227826 0)
(-0.232713 0.13745 0)
(-0.234828 0.0457866 0)
(-0.141649 -0.0471301 0)
(-0.140204 -0.140573 0)
(-0.13745 -0.232713 0)
(-0.133388 -0.322661 0)
(-0.128051 -0.409543 0)
(-0.121486 -0.492515 0)
(-0.113755 -0.570769 0)
(-0.104931 -0.643547 0)
(-0.0950981 -0.710142 0)
(-0.0843515 -0.769909 0)
(-0.0727944 -0.822267 0)
(-0.0605374 -0.86671 0)
(-0.0476995 -0.902803 0)
(-0.0344017 -0.930193 0)
(-0.0207751 -0.948606 0)
(-0.0069462 -0.95786 0)
(0.0069462 -0.95786 0)
(0.0207751 -0.948606 0)
(0.0344017 -0.930193 0)
(0.0476995 -0.902803 0)
(0.0605375 -0.86671 0)
(0.0727944 -0.822267 0)
(0.0843515 -0.769909 0)
(0.0950981 -0.710142 0)
(0.104931 -0.643547 0)
(0.113755 -0.570769 0)
(0.121486 -0.492515 0)
(0.128051 -0.409543 0)
(0.133388 -0.322661 0)
(0.13745 -0.232713 0)
(0.140204 -0.140573 0)
(0.141649 -0.0471301 0)
(0.141791 0.0467491 0)
(0.140573 0.140204 0)
(0.137958 0.23236 0)
(0.133992 0.322329 0)
(0.128718 0.409232 0)
(0.122188 0.492221 0)
(0.114466 0.570489 0)
(0.105629 0.643278 0)
(0.095764 0.709882 0)
(0.084968 0.769655 0)
(0.0733457 0.822017 0)
(0.0610102 0.866461 0)
(0.0480803 0.902554 0)
(0.0346836 0.929943 0)
(0.0209452 0.948355 0)
(0.00700751 0.957606 0)
(-0.00700751 0.957606 0)
(-0.0209452 0.948355 0)
(-0.0346836 0.929943 0)
(-0.0480803 0.902554 0)
(-0.0610102 0.866461 0)
(-0.0733457 0.822017 0)
(-0.084968 0.769655 0)
(-0.095764 0.709882 0)
(-0.105629 0.643278 0)
(-0.114466 0.570489 0)
(-0.122188 0.492221 0)
(-0.128718 0.409232 0)
(-0.133992 0.322329 0)
(-0.137958 0.232359 0)
(-0.140573 0.140204 0)
(-0.141791 0.0467491 0)
(-0.0473056 -0.0474574 0)
(-0.0467491 -0.141791 0)
(-0.0457867 -0.234828 0)
(-0.0443973 -0.32566 0)
(-0.0425934 -0.413398 0)
(-0.0403884 -0.497186 0)
(-0.0378014 -0.576209 0)
(-0.0348559 -0.649701 0)
(-0.0315794 -0.716948 0)
(-0.0280027 -0.777299 0)
(-0.0241601 -0.83017 0)
(-0.0200876 -0.875046 0)
(-0.0158252 -0.911491 0)
(-0.0114112 -0.939147 0)
(-0.00689132 -0.957739 0)
(-0.00230284 -0.967083 0)
(0.00230285 -0.967083 0)
(0.00689132 -0.957739 0)
(0.0114112 -0.939147 0)
(0.0158252 -0.911491 0)
(0.0200876 -0.875046 0)
(0.0241601 -0.83017 0)
(0.0280027 -0.777299 0)
(0.0315794 -0.716948 0)
(0.0348559 -0.649701 0)
(0.0378014 -0.576209 0)
(0.0403884 -0.497186 0)
(0.0425934 -0.413398 0)
(0.0443973 -0.32566 0)
(0.0457867 -0.234828 0)
(0.0467491 -0.141791 0)
(0.0473056 -0.0474574 0)
(0.0474574 0.0473056 0)
(0.0471301 0.141649 0)
(0.0463015 0.234695 0)
(0.0450093 0.325538 0)
(0.0432675 0.413285 0)
(0.0410947 0.49708 0)
(0.0385148 0.576109 0)
(0.0355549 0.649605 0)
(0.0322449 0.716856 0)
(0.0286179 0.777209 0)
(0.0247094 0.830081 0)
(0.0205582 0.874958 0)
(0.0162037 0.911403 0)
(0.0116911 0.939059 0)
(0.00705999 0.957651 0)
(0.00236325 0.966993 0)
(-0.00236325 0.966993 0)
(-0.00705999 0.957651 0)
(-0.0116911 0.939059 0)
(-0.0162037 0.911403 0)
(-0.0205582 0.874958 0)
(-0.0247094 0.830081 0)
(-0.0286179 0.777209 0)
(-0.0322449 0.716856 0)
(-0.0355549 0.649605 0)
(-0.0385148 0.576109 0)
(-0.0410947 0.49708 0)
(-0.0432675 0.413285 0)
(-0.0450093 0.325538 0)
(-0.0463015 0.234695 0)
(-0.0471301 0.141649 0)
(-0.0474574 0.0473056 0)
)
;

boundaryField
{
    top
    {
        type            cyclic;
    }
    bottom
    {
        type            cyclic;
    }
    left
    {
        type            cyclic;
    }
    right
    {
        type            cyclic;
    }
    frontAndBack
    {
        type            empty;
    }
}


// ************************************************************************* //
