/*--------------------------------*- C++ -*----------------------------------*\
  =========                 |
  \\      /  F ield         | OpenFOAM: The Open Source CFD Toolbox
   \\    /   O peration     | Website:  https://openfoam.org
    \\  /    A nd           | Version:  11
     \\/     M anipulation  |
\*---------------------------------------------------------------------------*/
FoamFile
{
    format      ascii;
    class       volScalarField;
    location    "4";
    object      p;
}
// * * * * * * * * * * * * * * * * * * * * * * * * * * * * * * * * * * * * * //

dimensions      [0 2 -2 0 0 0 0];

internalField   nonuniform List<scalar> 
4096
(
1.03241e-09
-0.0095051
-0.0282069
-0.0553868
-0.0899966
-0.130707
-0.175954
-0.223994
-0.272981
-0.32103
-0.366295
-0.407039
-0.441696
-0.468939
-0.487725
-0.497338
-0.497418
-0.487944
-0.46926
-0.44209
-0.407488
-0.366788
-0.321548
-0.273506
-0.224507
-0.176435
-0.131138
-0.0903585
-0.0556651
-0.0283933
-0.00959897
6.31085e-09
6.30825e-09
-0.00959897
-0.0283933
-0.0556651
-0.0903585
-0.131138
-0.176435
-0.224507
-0.273506
-0.321548
-0.366788
-0.407488
-0.44209
-0.46926
-0.487944
-0.497418
-0.497338
-0.487725
-0.468939
-0.441696
-0.407039
-0.366295
-0.32103
-0.272981
-0.223994
-0.175954
-0.130707
-0.0899966
-0.0553868
-0.0282069
-0.0095051
1.006e-09
-0.00959898
-0.0191072
-0.0378105
-0.06499
-0.0995982
-0.140306
-0.185549
-0.233586
-0.282568
-0.330612
-0.375872
-0.41661
-0.451263
-0.478501
-0.497284
-0.506894
-0.506971
-0.497496
-0.47881
-0.451638
-0.417035
-0.376333
-0.331091
-0.283047
-0.234045
-0.185969
-0.140667
-0.0998819
-0.065183
-0.0379059
-0.0191072
-0.0095051
-0.0095051
-0.0191072
-0.0379059
-0.065183
-0.0998819
-0.140667
-0.185969
-0.234045
-0.283047
-0.331091
-0.376333
-0.417035
-0.451638
-0.47881
-0.497496
-0.506971
-0.506894
-0.497284
-0.478501
-0.451263
-0.41661
-0.375872
-0.330612
-0.282568
-0.233586
-0.185549
-0.140306
-0.0995982
-0.06499
-0.0378105
-0.0191072
-0.00959898
-0.0283933
-0.0379059
-0.0566116
-0.083791
-0.118398
-0.159103
-0.204342
-0.252373
-0.301348
-0.349385
-0.394638
-0.435368
-0.470014
-0.497246
-0.516023
-0.525629
-0.525704
-0.516228
-0.497541
-0.470368
-0.435764
-0.395061
-0.349818
-0.301772
-0.252768
-0.204689
-0.159384
-0.118595
-0.0838924
-0.0566116
-0.0378105
-0.0282069
-0.0282069
-0.0378105
-0.0566116
-0.0838924
-0.118595
-0.159384
-0.204689
-0.252768
-0.301772
-0.349818
-0.395061
-0.435764
-0.470368
-0.497541
-0.516228
-0.525704
-0.525629
-0.516023
-0.497246
-0.470014
-0.435368
-0.394638
-0.349385
-0.301348
-0.252373
-0.204342
-0.159103
-0.118398
-0.083791
-0.0566116
-0.0379059
-0.0283933
-0.0556651
-0.065183
-0.0838924
-0.111073
-0.14568
-0.186383
-0.231617
-0.279641
-0.328609
-0.376636
-0.421879
-0.4626
-0.497235
-0.524459
-0.543228
-0.552828
-0.5529
-0.543422
-0.524733
-0.497558
-0.462954
-0.422251
-0.377008
-0.328962
-0.279957
-0.231877
-0.18657
-0.145778
-0.111073
-0.083791
-0.06499
-0.0553868
-0.0553868
-0.06499
-0.083791
-0.111073
-0.145778
-0.18657
-0.231877
-0.279957
-0.328962
-0.377008
-0.422251
-0.462954
-0.497558
-0.524733
-0.543422
-0.5529
-0.552828
-0.543228
-0.524459
-0.497235
-0.4626
-0.421879
-0.376636
-0.328609
-0.279641
-0.231617
-0.186383
-0.14568
-0.111073
-0.0838924
-0.065183
-0.0556651
-0.0903585
-0.0998819
-0.118595
-0.145778
-0.180385
-0.221085
-0.266314
-0.314331
-0.363289
-0.411306
-0.456537
-0.497245
-0.531868
-0.55908
-0.57784
-0.587433
-0.5875
-0.578021
-0.559331
-0.532156
-0.497553
-0.456851
-0.411611
-0.363566
-0.314563
-0.266483
-0.221177
-0.180385
-0.14568
-0.118398
-0.0995982
-0.0899966
-0.0899966
-0.0995982
-0.118398
-0.14568
-0.180385
-0.221177
-0.266483
-0.314563
-0.363566
-0.411611
-0.456851
-0.497553
-0.532156
-0.559331
-0.578021
-0.5875
-0.587433
-0.57784
-0.55908
-0.531868
-0.497245
-0.456537
-0.411306
-0.363289
-0.314331
-0.266314
-0.221085
-0.180385
-0.145778
-0.118595
-0.0998819
-0.0903585
-0.131138
-0.140667
-0.159384
-0.18657
-0.221177
-0.261875
-0.307098
-0.355106
-0.404054
-0.452058
-0.497276
-0.53797
-0.57258
-0.599779
-0.618528
-0.628113
-0.628176
-0.618694
-0.600004
-0.57283
-0.538229
-0.497531
-0.452294
-0.404254
-0.355254
-0.307178
-0.261875
-0.221085
-0.186383
-0.159103
-0.140306
-0.130707
-0.130707
-0.140306
-0.159103
-0.186383
-0.221085
-0.261875
-0.307178
-0.355254
-0.404254
-0.452294
-0.497531
-0.538229
-0.57283
-0.600004
-0.618694
-0.628176
-0.628113
-0.618528
-0.599779
-0.57258
-0.53797
-0.497276
-0.452058
-0.404054
-0.355106
-0.307098
-0.261875
-0.221177
-0.18657
-0.159384
-0.140667
-0.131138
-0.176435
-0.185969
-0.204689
-0.231877
-0.266483
-0.307178
-0.352396
-0.400395
-0.449331
-0.497323
-0.542525
-0.583204
-0.617799
-0.644983
-0.663719
-0.673295
-0.673354
-0.663871
-0.645181
-0.61801
-0.583414
-0.542722
-0.497492
-0.449458
-0.400465
-0.352396
-0.307098
-0.266314
-0.231617
-0.204342
-0.185549
-0.175954
-0.175954
-0.185549
-0.204342
-0.231617
-0.266314
-0.307098
-0.352396
-0.400465
-0.449458
-0.497492
-0.542722
-0.583414
-0.61801
-0.645181
-0.663871
-0.673354
-0.673295
-0.663719
-0.644983
-0.617799
-0.583204
-0.542525
-0.497323
-0.449331
-0.400395
-0.352396
-0.307178
-0.266483
-0.231877
-0.204689
-0.185969
-0.176435
-0.224507
-0.234045
-0.252768
-0.279957
-0.314563
-0.355254
-0.400465
-0.448455
-0.49738
-0.545357
-0.590544
-0.631206
-0.665783
-0.692952
-0.711674
-0.721241
-0.721295
-0.711812
-0.693124
-0.665957
-0.631368
-0.590685
-0.545464
-0.497439
-0.448455
-0.400395
-0.355106
-0.314331
-0.279641
-0.252373
-0.233586
-0.223994
-0.223994
-0.233586
-0.252373
-0.279641
-0.314331
-0.355106
-0.400395
-0.448455
-0.497439
-0.545464
-0.590685
-0.631368
-0.665957
-0.693124
-0.711812
-0.721295
-0.721241
-0.711674
-0.692952
-0.665783
-0.631206
-0.590544
-0.545357
-0.49738
-0.448455
-0.400465
-0.355254
-0.314563
-0.279957
-0.252768
-0.234045
-0.224507
-0.273506
-0.283047
-0.301772
-0.328962
-0.363566
-0.404254
-0.449458
-0.497439
-0.546351
-0.594314
-0.639485
-0.680128
-0.714687
-0.741838
-0.760545
-0.770101
-0.77015
-0.760668
-0.741984
-0.714824
-0.680245
-0.639573
-0.594364
-0.546351
-0.49738
-0.449331
-0.404054
-0.363289
-0.328609
-0.301348
-0.282568
-0.272981
-0.272981
-0.282568
-0.301348
-0.328609
-0.363289
-0.404054
-0.449331
-0.49738
-0.546351
-0.594364
-0.639573
-0.680245
-0.714824
-0.741984
-0.760668
-0.77015
-0.770101
-0.760545
-0.741838
-0.714687
-0.680128
-0.639485
-0.594314
-0.546351
-0.497439
-0.449458
-0.404254
-0.363566
-0.328962
-0.301772
-0.283047
-0.273506
-0.321548
-0.331091
-0.349818
-0.377008
-0.411611
-0.452294
-0.497492
-0.545464
-0.594364
-0.642312
-0.687465
-0.728091
-0.76263
-0.789761
-0.808451
-0.817995
-0.818039
-0.808558
-0.78988
-0.76273
-0.728163
-0.687506
-0.642312
-0.594314
-0.545357
-0.497323
-0.452058
-0.411306
-0.376636
-0.349385
-0.330612
-0.32103
-0.32103
-0.330612
-0.349385
-0.376636
-0.411306
-0.452058
-0.497323
-0.545357
-0.594314
-0.642312
-0.687506
-0.728163
-0.76273
-0.78988
-0.808558
-0.818039
-0.817995
-0.808451
-0.789761
-0.76263
-0.728091
-0.687465
-0.642312
-0.594364
-0.545464
-0.497492
-0.452294
-0.411611
-0.377008
-0.349818
-0.331091
-0.321548
-0.366788
-0.376333
-0.395061
-0.422251
-0.456851
-0.497531
-0.542722
-0.590685
-0.639573
-0.687506
-0.732643
-0.773249
-0.807767
-0.834879
-0.85355
-0.86308
-0.863119
-0.853641
-0.83497
-0.807832
-0.773282
-0.732643
-0.687465
-0.639485
-0.590544
-0.542525
-0.497276
-0.456537
-0.421879
-0.394638
-0.375872
-0.366295
-0.366295
-0.375872
-0.394638
-0.421879
-0.456537
-0.497276
-0.542525
-0.590544
-0.639485
-0.687465
-0.732643
-0.773282
-0.807832
-0.83497
-0.853641
-0.863119
-0.86308
-0.85355
-0.834879
-0.807767
-0.773249
-0.732643
-0.687506
-0.639573
-0.590685
-0.542722
-0.497531
-0.456851
-0.422251
-0.395061
-0.376333
-0.366788
-0.407488
-0.417035
-0.435764
-0.462954
-0.497553
-0.538229
-0.583414
-0.631368
-0.680245
-0.728163
-0.773282
-0.813869
-0.848366
-0.875456
-0.894108
-0.903623
-0.903656
-0.894181
-0.87552
-0.848399
-0.813869
-0.773249
-0.728091
-0.680128
-0.631206
-0.583204
-0.53797
-0.497245
-0.4626
-0.435368
-0.41661
-0.407039
-0.407039
-0.41661
-0.435368
-0.4626
-0.497245
-0.53797
-0.583204
-0.631206
-0.680128
-0.728091
-0.773249
-0.813869
-0.848399
-0.87552
-0.894181
-0.903656
-0.903623
-0.894108
-0.875456
-0.848366
-0.813869
-0.773282
-0.728163
-0.680245
-0.631368
-0.583414
-0.538229
-0.497553
-0.462954
-0.435764
-0.417035
-0.407488
-0.44209
-0.451638
-0.470368
-0.497558
-0.532156
-0.57283
-0.61801
-0.665957
-0.714824
-0.76273
-0.807832
-0.848399
-0.882874
-0.909939
-0.928569
-0.938066
-0.938093
-0.928624
-0.909976
-0.882874
-0.848366
-0.807767
-0.76263
-0.714687
-0.665783
-0.617799
-0.57258
-0.531868
-0.497235
-0.470014
-0.451263
-0.441696
-0.441696
-0.451263
-0.470014
-0.497235
-0.531868
-0.57258
-0.617799
-0.665783
-0.714687
-0.76263
-0.807767
-0.848366
-0.882874
-0.909976
-0.928624
-0.938093
-0.938066
-0.928569
-0.909939
-0.882874
-0.848399
-0.807832
-0.76273
-0.714824
-0.665957
-0.61801
-0.57283
-0.532156
-0.497558
-0.470368
-0.451638
-0.44209
-0.46926
-0.47881
-0.497541
-0.524733
-0.559331
-0.600004
-0.645181
-0.693124
-0.741984
-0.78988
-0.83497
-0.87552
-0.909976
-0.937018
-0.95562
-0.965093
-0.965112
-0.95565
-0.937018
-0.909939
-0.875456
-0.834879
-0.789761
-0.741838
-0.692952
-0.644983
-0.599779
-0.55908
-0.524459
-0.497246
-0.478501
-0.468939
-0.468939
-0.478501
-0.497246
-0.524459
-0.55908
-0.599779
-0.644983
-0.692952
-0.741838
-0.789761
-0.834879
-0.875456
-0.909939
-0.937018
-0.95565
-0.965112
-0.965093
-0.95562
-0.937018
-0.909976
-0.87552
-0.83497
-0.78988
-0.741984
-0.693124
-0.645181
-0.600004
-0.559331
-0.524733
-0.497541
-0.47881
-0.46926
-0.487944
-0.497496
-0.516228
-0.543422
-0.578021
-0.618694
-0.663871
-0.711812
-0.760668
-0.808558
-0.853641
-0.894181
-0.928624
-0.95565
-0.974232
-0.983683
-0.983687
-0.974232
-0.95562
-0.928569
-0.894108
-0.85355
-0.808451
-0.760545
-0.711674
-0.663719
-0.618528
-0.57784
-0.543228
-0.516023
-0.497284
-0.487725
-0.487725
-0.497284
-0.516023
-0.543228
-0.57784
-0.618528
-0.663719
-0.711674
-0.760545
-0.808451
-0.85355
-0.894108
-0.928569
-0.95562
-0.974232
-0.983687
-0.983683
-0.974232
-0.95565
-0.928624
-0.894181
-0.853641
-0.808558
-0.760668
-0.711812
-0.663871
-0.618694
-0.578021
-0.543422
-0.516228
-0.497496
-0.487944
-0.497418
-0.506971
-0.525704
-0.5529
-0.5875
-0.628176
-0.673354
-0.721295
-0.77015
-0.81804
-0.863119
-0.903656
-0.938093
-0.965112
-0.983687
-0.993133
-0.993133
-0.983683
-0.965093
-0.938066
-0.903623
-0.86308
-0.817995
-0.770101
-0.721241
-0.673295
-0.628113
-0.587433
-0.552828
-0.525629
-0.506894
-0.497338
-0.497338
-0.506894
-0.525629
-0.552828
-0.587433
-0.628113
-0.673295
-0.721241
-0.770101
-0.817995
-0.86308
-0.903623
-0.938066
-0.965093
-0.983683
-0.993133
-0.993133
-0.983687
-0.965112
-0.938093
-0.903656
-0.863119
-0.81804
-0.77015
-0.721295
-0.673354
-0.628176
-0.5875
-0.5529
-0.525704
-0.506971
-0.497418
-0.497338
-0.506894
-0.525629
-0.552828
-0.587433
-0.628113
-0.673295
-0.721241
-0.770101
-0.817995
-0.86308
-0.903623
-0.938066
-0.965093
-0.983683
-0.993133
-0.993133
-0.983687
-0.965112
-0.938093
-0.903656
-0.863119
-0.818039
-0.77015
-0.721295
-0.673354
-0.628176
-0.5875
-0.5529
-0.525704
-0.506971
-0.497418
-0.497418
-0.506971
-0.525704
-0.5529
-0.5875
-0.628176
-0.673354
-0.721295
-0.77015
-0.818039
-0.863119
-0.903656
-0.938093
-0.965112
-0.983687
-0.993133
-0.993133
-0.983683
-0.965093
-0.938066
-0.903623
-0.86308
-0.817995
-0.770101
-0.721241
-0.673295
-0.628113
-0.587433
-0.552828
-0.525629
-0.506894
-0.497338
-0.487725
-0.497284
-0.516023
-0.543228
-0.57784
-0.618528
-0.663719
-0.711674
-0.760545
-0.808451
-0.85355
-0.894108
-0.928569
-0.95562
-0.974232
-0.983687
-0.983683
-0.974232
-0.95565
-0.928624
-0.894181
-0.853641
-0.808558
-0.760668
-0.711812
-0.663871
-0.618694
-0.578021
-0.543422
-0.516228
-0.497496
-0.487944
-0.487944
-0.497496
-0.516228
-0.543422
-0.578021
-0.618694
-0.663871
-0.711812
-0.760668
-0.808558
-0.853641
-0.894181
-0.928624
-0.95565
-0.974232
-0.983683
-0.983687
-0.974232
-0.95562
-0.928569
-0.894108
-0.85355
-0.808451
-0.760545
-0.711674
-0.663719
-0.618528
-0.57784
-0.543228
-0.516023
-0.497284
-0.487725
-0.468939
-0.478501
-0.497246
-0.524459
-0.55908
-0.599779
-0.644983
-0.692952
-0.741838
-0.789761
-0.834879
-0.875456
-0.909939
-0.937018
-0.95565
-0.965112
-0.965093
-0.95562
-0.937018
-0.909976
-0.87552
-0.83497
-0.78988
-0.741984
-0.693124
-0.645181
-0.600004
-0.559331
-0.524733
-0.497541
-0.47881
-0.46926
-0.46926
-0.47881
-0.497541
-0.524733
-0.559331
-0.600004
-0.645181
-0.693124
-0.741984
-0.78988
-0.83497
-0.87552
-0.909976
-0.937018
-0.95562
-0.965093
-0.965112
-0.95565
-0.937018
-0.909939
-0.875456
-0.834879
-0.789761
-0.741838
-0.692952
-0.644983
-0.599779
-0.55908
-0.524459
-0.497246
-0.478501
-0.468939
-0.441696
-0.451263
-0.470014
-0.497235
-0.531868
-0.57258
-0.617799
-0.665783
-0.714687
-0.76263
-0.807767
-0.848366
-0.882874
-0.909976
-0.928624
-0.938093
-0.938066
-0.928569
-0.909939
-0.882874
-0.848399
-0.807832
-0.76273
-0.714824
-0.665957
-0.61801
-0.57283
-0.532156
-0.497558
-0.470368
-0.451638
-0.44209
-0.44209
-0.451638
-0.470368
-0.497558
-0.532156
-0.57283
-0.61801
-0.665957
-0.714824
-0.76273
-0.807832
-0.848399
-0.882874
-0.909939
-0.928569
-0.938066
-0.938093
-0.928624
-0.909976
-0.882874
-0.848366
-0.807767
-0.76263
-0.714687
-0.665783
-0.617799
-0.57258
-0.531868
-0.497235
-0.470014
-0.451263
-0.441696
-0.407039
-0.41661
-0.435368
-0.4626
-0.497245
-0.53797
-0.583204
-0.631206
-0.680129
-0.728091
-0.773249
-0.813869
-0.848399
-0.87552
-0.894181
-0.903656
-0.903623
-0.894108
-0.875456
-0.848366
-0.813869
-0.773282
-0.728163
-0.680245
-0.631368
-0.583414
-0.538229
-0.497553
-0.462954
-0.435764
-0.417035
-0.407488
-0.407488
-0.417035
-0.435764
-0.462954
-0.497553
-0.538229
-0.583414
-0.631368
-0.680245
-0.728163
-0.773282
-0.813869
-0.848366
-0.875456
-0.894108
-0.903623
-0.903656
-0.894181
-0.87552
-0.848399
-0.813869
-0.773249
-0.728091
-0.680129
-0.631206
-0.583204
-0.53797
-0.497245
-0.4626
-0.435368
-0.41661
-0.407039
-0.366295
-0.375872
-0.394638
-0.421879
-0.456537
-0.497276
-0.542525
-0.590544
-0.639485
-0.687465
-0.732643
-0.773282
-0.807832
-0.83497
-0.853641
-0.863119
-0.86308
-0.85355
-0.834879
-0.807767
-0.773249
-0.732643
-0.687506
-0.639573
-0.590685
-0.542722
-0.497531
-0.456851
-0.422251
-0.395061
-0.376333
-0.366788
-0.366788
-0.376333
-0.395061
-0.422251
-0.456851
-0.497531
-0.542722
-0.590685
-0.639573
-0.687506
-0.732643
-0.773249
-0.807767
-0.834879
-0.85355
-0.86308
-0.863119
-0.853641
-0.83497
-0.807832
-0.773282
-0.732643
-0.687465
-0.639485
-0.590544
-0.542525
-0.497276
-0.456537
-0.421879
-0.394638
-0.375872
-0.366295
-0.32103
-0.330612
-0.349385
-0.376636
-0.411306
-0.452058
-0.497323
-0.545357
-0.594314
-0.642312
-0.687506
-0.728163
-0.76273
-0.78988
-0.808558
-0.81804
-0.817995
-0.808451
-0.789761
-0.76263
-0.728091
-0.687465
-0.642312
-0.594364
-0.545464
-0.497492
-0.452294
-0.411611
-0.377008
-0.349818
-0.331091
-0.321548
-0.321548
-0.331091
-0.349818
-0.377008
-0.411611
-0.452294
-0.497492
-0.545464
-0.594364
-0.642312
-0.687465
-0.728091
-0.76263
-0.789761
-0.808451
-0.817995
-0.81804
-0.808558
-0.78988
-0.76273
-0.728163
-0.687506
-0.642312
-0.594314
-0.545357
-0.497323
-0.452058
-0.411306
-0.376636
-0.349385
-0.330612
-0.32103
-0.272981
-0.282568
-0.301348
-0.328609
-0.363289
-0.404054
-0.449331
-0.49738
-0.546351
-0.594364
-0.639573
-0.680245
-0.714824
-0.741984
-0.760668
-0.77015
-0.770101
-0.760545
-0.741838
-0.714687
-0.680129
-0.639485
-0.594314
-0.546351
-0.497439
-0.449458
-0.404254
-0.363566
-0.328962
-0.301772
-0.283047
-0.273506
-0.273506
-0.283047
-0.301772
-0.328962
-0.363566
-0.404254
-0.449458
-0.497439
-0.546351
-0.594314
-0.639485
-0.680129
-0.714687
-0.741838
-0.760545
-0.770101
-0.77015
-0.760668
-0.741984
-0.714824
-0.680245
-0.639573
-0.594364
-0.546351
-0.49738
-0.449331
-0.404054
-0.363289
-0.328609
-0.301348
-0.282568
-0.272981
-0.223994
-0.233586
-0.252373
-0.279641
-0.314331
-0.355106
-0.400395
-0.448455
-0.497439
-0.545464
-0.590685
-0.631368
-0.665957
-0.693124
-0.711812
-0.721295
-0.721241
-0.711674
-0.692952
-0.665783
-0.631206
-0.590544
-0.545357
-0.49738
-0.448455
-0.400465
-0.355254
-0.314563
-0.279957
-0.252768
-0.234045
-0.224507
-0.224507
-0.234045
-0.252768
-0.279957
-0.314563
-0.355254
-0.400465
-0.448455
-0.49738
-0.545357
-0.590544
-0.631206
-0.665783
-0.692952
-0.711674
-0.721241
-0.721295
-0.711812
-0.693124
-0.665957
-0.631368
-0.590685
-0.545464
-0.497439
-0.448455
-0.400395
-0.355106
-0.314331
-0.279641
-0.252373
-0.233586
-0.223994
-0.175954
-0.185549
-0.204342
-0.231617
-0.266314
-0.307098
-0.352396
-0.400465
-0.449458
-0.497492
-0.542722
-0.583414
-0.61801
-0.645181
-0.663871
-0.673354
-0.673295
-0.663719
-0.644983
-0.617799
-0.583204
-0.542525
-0.497323
-0.449331
-0.400395
-0.352396
-0.307178
-0.266483
-0.231877
-0.204689
-0.185969
-0.176435
-0.176435
-0.185969
-0.204689
-0.231877
-0.266483
-0.307178
-0.352396
-0.400395
-0.449331
-0.497323
-0.542525
-0.583204
-0.617799
-0.644983
-0.663719
-0.673295
-0.673354
-0.663871
-0.645181
-0.61801
-0.583414
-0.542722
-0.497492
-0.449458
-0.400465
-0.352396
-0.307098
-0.266314
-0.231617
-0.204342
-0.185549
-0.175954
-0.130707
-0.140306
-0.159103
-0.186383
-0.221085
-0.261875
-0.307178
-0.355254
-0.404254
-0.452294
-0.497531
-0.538229
-0.57283
-0.600004
-0.618694
-0.628176
-0.628113
-0.618528
-0.599779
-0.57258
-0.53797
-0.497276
-0.452058
-0.404054
-0.355106
-0.307098
-0.261875
-0.221177
-0.18657
-0.159384
-0.140667
-0.131138
-0.131138
-0.140667
-0.159384
-0.18657
-0.221177
-0.261875
-0.307098
-0.355106
-0.404054
-0.452058
-0.497276
-0.53797
-0.57258
-0.599779
-0.618528
-0.628113
-0.628176
-0.618694
-0.600004
-0.57283
-0.538229
-0.497531
-0.452294
-0.404254
-0.355254
-0.307178
-0.261875
-0.221085
-0.186383
-0.159103
-0.140306
-0.130707
-0.0899966
-0.0995982
-0.118398
-0.14568
-0.180385
-0.221177
-0.266483
-0.314563
-0.363566
-0.411611
-0.456851
-0.497553
-0.532156
-0.559331
-0.578021
-0.5875
-0.587433
-0.57784
-0.55908
-0.531868
-0.497245
-0.456537
-0.411306
-0.363289
-0.314331
-0.266314
-0.221085
-0.180385
-0.145778
-0.118595
-0.0998819
-0.0903585
-0.0903585
-0.0998819
-0.118595
-0.145778
-0.180385
-0.221085
-0.266314
-0.314331
-0.363289
-0.411306
-0.456537
-0.497245
-0.531868
-0.55908
-0.57784
-0.587433
-0.5875
-0.578021
-0.559331
-0.532156
-0.497553
-0.456851
-0.411611
-0.363566
-0.314563
-0.266483
-0.221177
-0.180385
-0.14568
-0.118398
-0.0995982
-0.0899966
-0.0553868
-0.06499
-0.083791
-0.111073
-0.145778
-0.18657
-0.231877
-0.279957
-0.328962
-0.377008
-0.422251
-0.462954
-0.497558
-0.524733
-0.543422
-0.5529
-0.552828
-0.543228
-0.524459
-0.497235
-0.4626
-0.421879
-0.376636
-0.328609
-0.279641
-0.231617
-0.186383
-0.14568
-0.111073
-0.0838924
-0.065183
-0.0556651
-0.0556651
-0.065183
-0.0838924
-0.111073
-0.14568
-0.186383
-0.231617
-0.279641
-0.328609
-0.376636
-0.421879
-0.4626
-0.497235
-0.524459
-0.543228
-0.552828
-0.5529
-0.543422
-0.524733
-0.497558
-0.462954
-0.422251
-0.377008
-0.328962
-0.279957
-0.231877
-0.18657
-0.145778
-0.111073
-0.083791
-0.06499
-0.0553868
-0.0282069
-0.0378105
-0.0566116
-0.0838924
-0.118595
-0.159384
-0.204689
-0.252768
-0.301772
-0.349818
-0.395061
-0.435764
-0.470368
-0.497541
-0.516228
-0.525704
-0.525629
-0.516023
-0.497246
-0.470014
-0.435368
-0.394638
-0.349385
-0.301348
-0.252373
-0.204342
-0.159103
-0.118398
-0.083791
-0.0566116
-0.0379059
-0.0283933
-0.0283933
-0.0379059
-0.0566116
-0.083791
-0.118398
-0.159103
-0.204342
-0.252373
-0.301348
-0.349385
-0.394638
-0.435368
-0.470014
-0.497246
-0.516023
-0.525629
-0.525704
-0.516228
-0.497541
-0.470368
-0.435764
-0.395061
-0.349818
-0.301772
-0.252768
-0.204689
-0.159384
-0.118595
-0.0838924
-0.0566116
-0.0378105
-0.0282069
-0.00950511
-0.0191072
-0.0379059
-0.065183
-0.0998819
-0.140667
-0.185969
-0.234045
-0.283047
-0.331091
-0.376333
-0.417035
-0.451638
-0.47881
-0.497496
-0.506971
-0.506894
-0.497284
-0.478501
-0.451263
-0.41661
-0.375872
-0.330612
-0.282568
-0.233586
-0.185549
-0.140306
-0.0995982
-0.06499
-0.0378105
-0.0191072
-0.00959898
-0.00959898
-0.0191072
-0.0378105
-0.06499
-0.0995982
-0.140306
-0.185549
-0.233586
-0.282568
-0.330612
-0.375872
-0.41661
-0.451263
-0.478501
-0.497284
-0.506894
-0.506971
-0.497496
-0.47881
-0.451638
-0.417035
-0.376333
-0.331091
-0.283047
-0.234045
-0.185969
-0.140667
-0.0998819
-0.065183
-0.0379059
-0.0191072
-0.00950511
-4.86753e-09
-0.00959899
-0.0283933
-0.0556651
-0.0903585
-0.131139
-0.176435
-0.224507
-0.273506
-0.321548
-0.366788
-0.407488
-0.44209
-0.46926
-0.487944
-0.497418
-0.497338
-0.487725
-0.468939
-0.441696
-0.407039
-0.366295
-0.32103
-0.272981
-0.223994
-0.175954
-0.130707
-0.0899966
-0.0553868
-0.0282069
-0.0095051
9.87782e-10
9.31326e-10
-0.0095051
-0.0282069
-0.0553868
-0.0899966
-0.130707
-0.175954
-0.223994
-0.272981
-0.32103
-0.366295
-0.407039
-0.441696
-0.468939
-0.487725
-0.497338
-0.497418
-0.487944
-0.46926
-0.44209
-0.407488
-0.366788
-0.321548
-0.273506
-0.224507
-0.176435
-0.131139
-0.0903585
-0.0556651
-0.0283933
-0.00959899
-4.72694e-09
-4.89449e-09
-0.00959899
-0.0283933
-0.0556651
-0.0903585
-0.131139
-0.176435
-0.224507
-0.273506
-0.321548
-0.366788
-0.407488
-0.44209
-0.46926
-0.487944
-0.497418
-0.497338
-0.487725
-0.468939
-0.441696
-0.407039
-0.366295
-0.32103
-0.272981
-0.223994
-0.175954
-0.130707
-0.0899966
-0.0553868
-0.0282069
-0.0095051
9.659e-10
8.95417e-10
-0.0095051
-0.0282069
-0.0553868
-0.0899966
-0.130707
-0.175954
-0.223994
-0.272981
-0.32103
-0.366295
-0.407039
-0.441696
-0.468939
-0.487725
-0.497338
-0.497418
-0.487944
-0.46926
-0.44209
-0.407488
-0.366788
-0.321548
-0.273506
-0.224507
-0.176435
-0.131139
-0.0903585
-0.0556651
-0.0283933
-0.00959899
-4.80465e-09
-0.00950511
-0.0191072
-0.0379059
-0.065183
-0.0998819
-0.140667
-0.185969
-0.234045
-0.283047
-0.331091
-0.376333
-0.417035
-0.451638
-0.47881
-0.497496
-0.506971
-0.506894
-0.497284
-0.478501
-0.451263
-0.41661
-0.375872
-0.330612
-0.282568
-0.233586
-0.185549
-0.140306
-0.0995982
-0.06499
-0.0378105
-0.0191072
-0.00959898
-0.00959898
-0.0191072
-0.0378105
-0.06499
-0.0995982
-0.140306
-0.185549
-0.233586
-0.282568
-0.330612
-0.375872
-0.41661
-0.451263
-0.478501
-0.497284
-0.506894
-0.506971
-0.497496
-0.47881
-0.451638
-0.417035
-0.376333
-0.331091
-0.283047
-0.234045
-0.185969
-0.140667
-0.0998819
-0.065183
-0.0379059
-0.0191072
-0.00950511
-0.0282069
-0.0378105
-0.0566116
-0.0838924
-0.118595
-0.159384
-0.204689
-0.252768
-0.301772
-0.349818
-0.395061
-0.435764
-0.470368
-0.497541
-0.516228
-0.525704
-0.525629
-0.516023
-0.497246
-0.470014
-0.435368
-0.394638
-0.349385
-0.301348
-0.252373
-0.204342
-0.159103
-0.118398
-0.083791
-0.0566116
-0.0379059
-0.0283933
-0.0283933
-0.0379059
-0.0566116
-0.083791
-0.118398
-0.159103
-0.204342
-0.252373
-0.301348
-0.349385
-0.394638
-0.435368
-0.470014
-0.497246
-0.516023
-0.525629
-0.525704
-0.516228
-0.497541
-0.470368
-0.435764
-0.395061
-0.349818
-0.301772
-0.252768
-0.204689
-0.159384
-0.118595
-0.0838924
-0.0566116
-0.0378105
-0.0282069
-0.0553868
-0.06499
-0.083791
-0.111073
-0.145778
-0.18657
-0.231877
-0.279957
-0.328962
-0.377008
-0.422251
-0.462954
-0.497558
-0.524733
-0.543422
-0.5529
-0.552828
-0.543228
-0.524459
-0.497235
-0.4626
-0.421879
-0.376636
-0.328609
-0.279641
-0.231617
-0.186383
-0.14568
-0.111073
-0.0838924
-0.065183
-0.0556651
-0.0556651
-0.065183
-0.0838924
-0.111073
-0.14568
-0.186383
-0.231617
-0.279641
-0.328609
-0.376636
-0.421879
-0.4626
-0.497235
-0.524459
-0.543228
-0.552828
-0.5529
-0.543422
-0.524733
-0.497558
-0.462954
-0.422251
-0.377008
-0.328962
-0.279957
-0.231877
-0.18657
-0.145778
-0.111073
-0.083791
-0.06499
-0.0553868
-0.0899966
-0.0995982
-0.118398
-0.14568
-0.180385
-0.221177
-0.266483
-0.314563
-0.363566
-0.411611
-0.456851
-0.497553
-0.532156
-0.559331
-0.578021
-0.5875
-0.587433
-0.57784
-0.55908
-0.531868
-0.497245
-0.456537
-0.411306
-0.363289
-0.314331
-0.266314
-0.221085
-0.180385
-0.145778
-0.118595
-0.0998819
-0.0903585
-0.0903585
-0.0998819
-0.118595
-0.145778
-0.180385
-0.221085
-0.266314
-0.314331
-0.363289
-0.411306
-0.456537
-0.497245
-0.531868
-0.55908
-0.57784
-0.587433
-0.5875
-0.578021
-0.559331
-0.532156
-0.497553
-0.456851
-0.411611
-0.363566
-0.314563
-0.266483
-0.221177
-0.180385
-0.14568
-0.118398
-0.0995982
-0.0899966
-0.130707
-0.140306
-0.159103
-0.186383
-0.221085
-0.261875
-0.307178
-0.355254
-0.404254
-0.452294
-0.497531
-0.538229
-0.57283
-0.600004
-0.618694
-0.628176
-0.628113
-0.618528
-0.599779
-0.57258
-0.53797
-0.497276
-0.452058
-0.404054
-0.355106
-0.307098
-0.261875
-0.221177
-0.18657
-0.159384
-0.140667
-0.131138
-0.131138
-0.140667
-0.159384
-0.18657
-0.221177
-0.261875
-0.307098
-0.355106
-0.404054
-0.452058
-0.497276
-0.53797
-0.57258
-0.599779
-0.618528
-0.628113
-0.628176
-0.618694
-0.600004
-0.57283
-0.538229
-0.497531
-0.452294
-0.404254
-0.355254
-0.307178
-0.261875
-0.221085
-0.186383
-0.159103
-0.140306
-0.130707
-0.175954
-0.185549
-0.204342
-0.231617
-0.266314
-0.307098
-0.352396
-0.400465
-0.449458
-0.497492
-0.542722
-0.583414
-0.61801
-0.645181
-0.663871
-0.673354
-0.673295
-0.663719
-0.644983
-0.617799
-0.583204
-0.542525
-0.497323
-0.449331
-0.400395
-0.352396
-0.307178
-0.266483
-0.231877
-0.204689
-0.185969
-0.176435
-0.176435
-0.185969
-0.204689
-0.231877
-0.266483
-0.307178
-0.352396
-0.400395
-0.449331
-0.497323
-0.542525
-0.583204
-0.617799
-0.644983
-0.663719
-0.673295
-0.673354
-0.663871
-0.645181
-0.61801
-0.583414
-0.542722
-0.497492
-0.449458
-0.400465
-0.352396
-0.307098
-0.266314
-0.231617
-0.204342
-0.185549
-0.175954
-0.223994
-0.233586
-0.252373
-0.279641
-0.314331
-0.355106
-0.400395
-0.448455
-0.497439
-0.545464
-0.590685
-0.631368
-0.665957
-0.693124
-0.711812
-0.721295
-0.721241
-0.711674
-0.692952
-0.665783
-0.631206
-0.590544
-0.545357
-0.49738
-0.448455
-0.400465
-0.355254
-0.314563
-0.279957
-0.252768
-0.234045
-0.224507
-0.224507
-0.234045
-0.252768
-0.279957
-0.314563
-0.355254
-0.400465
-0.448455
-0.49738
-0.545357
-0.590544
-0.631206
-0.665783
-0.692952
-0.711674
-0.721241
-0.721295
-0.711812
-0.693124
-0.665957
-0.631368
-0.590685
-0.545464
-0.497439
-0.448455
-0.400395
-0.355106
-0.314331
-0.279641
-0.252373
-0.233586
-0.223994
-0.272981
-0.282568
-0.301348
-0.328609
-0.363289
-0.404054
-0.449331
-0.49738
-0.546351
-0.594364
-0.639573
-0.680245
-0.714824
-0.741984
-0.760668
-0.77015
-0.770101
-0.760545
-0.741838
-0.714687
-0.680129
-0.639485
-0.594314
-0.546351
-0.497439
-0.449458
-0.404254
-0.363566
-0.328962
-0.301772
-0.283047
-0.273506
-0.273506
-0.283047
-0.301772
-0.328962
-0.363566
-0.404254
-0.449458
-0.497439
-0.546351
-0.594314
-0.639485
-0.680129
-0.714687
-0.741838
-0.760545
-0.770101
-0.77015
-0.760668
-0.741984
-0.714824
-0.680245
-0.639573
-0.594364
-0.546351
-0.49738
-0.449331
-0.404054
-0.363289
-0.328609
-0.301348
-0.282568
-0.272981
-0.32103
-0.330612
-0.349385
-0.376636
-0.411306
-0.452058
-0.497323
-0.545357
-0.594314
-0.642312
-0.687506
-0.728163
-0.76273
-0.78988
-0.808558
-0.81804
-0.817995
-0.808451
-0.789761
-0.76263
-0.728091
-0.687465
-0.642312
-0.594364
-0.545464
-0.497492
-0.452294
-0.411611
-0.377008
-0.349818
-0.331091
-0.321548
-0.321548
-0.331091
-0.349818
-0.377008
-0.411611
-0.452294
-0.497492
-0.545464
-0.594364
-0.642312
-0.687465
-0.728091
-0.76263
-0.789761
-0.808451
-0.817995
-0.81804
-0.808558
-0.78988
-0.76273
-0.728163
-0.687506
-0.642312
-0.594314
-0.545357
-0.497323
-0.452058
-0.411306
-0.376636
-0.349385
-0.330612
-0.32103
-0.366295
-0.375872
-0.394638
-0.421879
-0.456537
-0.497276
-0.542525
-0.590544
-0.639485
-0.687465
-0.732643
-0.773282
-0.807832
-0.83497
-0.853641
-0.863119
-0.86308
-0.85355
-0.834879
-0.807767
-0.773249
-0.732643
-0.687506
-0.639573
-0.590685
-0.542722
-0.497531
-0.456851
-0.422251
-0.395061
-0.376333
-0.366788
-0.366788
-0.376333
-0.395061
-0.422251
-0.456851
-0.497531
-0.542722
-0.590685
-0.639573
-0.687506
-0.732643
-0.773249
-0.807767
-0.834879
-0.85355
-0.86308
-0.863119
-0.853641
-0.83497
-0.807832
-0.773282
-0.732643
-0.687465
-0.639485
-0.590544
-0.542525
-0.497276
-0.456537
-0.421879
-0.394638
-0.375872
-0.366295
-0.407039
-0.41661
-0.435368
-0.4626
-0.497245
-0.53797
-0.583204
-0.631206
-0.680129
-0.728091
-0.773249
-0.813869
-0.848399
-0.87552
-0.894181
-0.903656
-0.903623
-0.894108
-0.875456
-0.848366
-0.813869
-0.773282
-0.728163
-0.680245
-0.631368
-0.583414
-0.538229
-0.497553
-0.462954
-0.435764
-0.417035
-0.407488
-0.407488
-0.417035
-0.435764
-0.462954
-0.497553
-0.538229
-0.583414
-0.631368
-0.680245
-0.728163
-0.773282
-0.813869
-0.848366
-0.875456
-0.894108
-0.903623
-0.903656
-0.894181
-0.87552
-0.848399
-0.813869
-0.773249
-0.728091
-0.680129
-0.631206
-0.583204
-0.53797
-0.497245
-0.4626
-0.435368
-0.41661
-0.407039
-0.441696
-0.451263
-0.470014
-0.497235
-0.531868
-0.57258
-0.617799
-0.665783
-0.714687
-0.76263
-0.807767
-0.848366
-0.882874
-0.909976
-0.928624
-0.938093
-0.938066
-0.928569
-0.909939
-0.882874
-0.848399
-0.807832
-0.76273
-0.714824
-0.665957
-0.61801
-0.57283
-0.532156
-0.497558
-0.470368
-0.451638
-0.44209
-0.44209
-0.451638
-0.470368
-0.497558
-0.532156
-0.57283
-0.61801
-0.665957
-0.714824
-0.76273
-0.807832
-0.848399
-0.882874
-0.909939
-0.928569
-0.938066
-0.938093
-0.928624
-0.909976
-0.882874
-0.848366
-0.807767
-0.76263
-0.714687
-0.665783
-0.617799
-0.57258
-0.531868
-0.497235
-0.470014
-0.451263
-0.441696
-0.468939
-0.478501
-0.497246
-0.524459
-0.55908
-0.599779
-0.644983
-0.692952
-0.741838
-0.789761
-0.834879
-0.875456
-0.909939
-0.937018
-0.95565
-0.965112
-0.965093
-0.95562
-0.937018
-0.909976
-0.87552
-0.83497
-0.78988
-0.741984
-0.693124
-0.645181
-0.600004
-0.559331
-0.524733
-0.497541
-0.47881
-0.46926
-0.46926
-0.47881
-0.497541
-0.524733
-0.559331
-0.600004
-0.645181
-0.693124
-0.741984
-0.78988
-0.83497
-0.87552
-0.909976
-0.937018
-0.95562
-0.965093
-0.965112
-0.95565
-0.937018
-0.909939
-0.875456
-0.834879
-0.789761
-0.741838
-0.692952
-0.644983
-0.599779
-0.55908
-0.524459
-0.497246
-0.478501
-0.468939
-0.487725
-0.497284
-0.516023
-0.543228
-0.57784
-0.618528
-0.663719
-0.711674
-0.760545
-0.808451
-0.85355
-0.894108
-0.928569
-0.95562
-0.974232
-0.983687
-0.983683
-0.974232
-0.95565
-0.928624
-0.894181
-0.853641
-0.808558
-0.760668
-0.711812
-0.663871
-0.618694
-0.578021
-0.543422
-0.516228
-0.497496
-0.487944
-0.487944
-0.497496
-0.516228
-0.543422
-0.578021
-0.618694
-0.663871
-0.711812
-0.760668
-0.808558
-0.853641
-0.894181
-0.928624
-0.95565
-0.974232
-0.983683
-0.983687
-0.974232
-0.95562
-0.928569
-0.894108
-0.85355
-0.808451
-0.760545
-0.711674
-0.663719
-0.618528
-0.57784
-0.543228
-0.516023
-0.497284
-0.487725
-0.497338
-0.506894
-0.525629
-0.552828
-0.587433
-0.628113
-0.673295
-0.721241
-0.770101
-0.817995
-0.86308
-0.903623
-0.938066
-0.965093
-0.983683
-0.993133
-0.993133
-0.983687
-0.965112
-0.938093
-0.903656
-0.863119
-0.818039
-0.77015
-0.721295
-0.673354
-0.628176
-0.5875
-0.5529
-0.525704
-0.506971
-0.497418
-0.497418
-0.506971
-0.525704
-0.5529
-0.5875
-0.628176
-0.673354
-0.721295
-0.77015
-0.818039
-0.863119
-0.903656
-0.938093
-0.965112
-0.983687
-0.993133
-0.993133
-0.983683
-0.965093
-0.938066
-0.903623
-0.86308
-0.817995
-0.770101
-0.721241
-0.673295
-0.628113
-0.587433
-0.552828
-0.525629
-0.506894
-0.497338
-0.497418
-0.506971
-0.525704
-0.5529
-0.5875
-0.628176
-0.673354
-0.721295
-0.77015
-0.81804
-0.863119
-0.903656
-0.938093
-0.965112
-0.983687
-0.993133
-0.993133
-0.983683
-0.965093
-0.938066
-0.903623
-0.86308
-0.817995
-0.770101
-0.721241
-0.673295
-0.628113
-0.587433
-0.552828
-0.525629
-0.506894
-0.497338
-0.497338
-0.506894
-0.525629
-0.552828
-0.587433
-0.628113
-0.673295
-0.721241
-0.770101
-0.817995
-0.86308
-0.903623
-0.938066
-0.965093
-0.983683
-0.993133
-0.993133
-0.983687
-0.965112
-0.938093
-0.903656
-0.863119
-0.81804
-0.77015
-0.721295
-0.673354
-0.628176
-0.5875
-0.5529
-0.525704
-0.506971
-0.497418
-0.487944
-0.497496
-0.516228
-0.543422
-0.578021
-0.618694
-0.663871
-0.711812
-0.760668
-0.808558
-0.853641
-0.894181
-0.928624
-0.95565
-0.974232
-0.983683
-0.983687
-0.974232
-0.95562
-0.928569
-0.894108
-0.85355
-0.808451
-0.760545
-0.711674
-0.663719
-0.618528
-0.57784
-0.543228
-0.516023
-0.497284
-0.487725
-0.487725
-0.497284
-0.516023
-0.543228
-0.57784
-0.618528
-0.663719
-0.711674
-0.760545
-0.808451
-0.85355
-0.894108
-0.928569
-0.95562
-0.974232
-0.983687
-0.983683
-0.974232
-0.95565
-0.928624
-0.894181
-0.853641
-0.808558
-0.760668
-0.711812
-0.663871
-0.618694
-0.578021
-0.543422
-0.516228
-0.497496
-0.487944
-0.46926
-0.47881
-0.497541
-0.524733
-0.559331
-0.600004
-0.645181
-0.693124
-0.741984
-0.78988
-0.83497
-0.87552
-0.909976
-0.937018
-0.95562
-0.965093
-0.965112
-0.95565
-0.937018
-0.909939
-0.875456
-0.834879
-0.789761
-0.741838
-0.692952
-0.644983
-0.599779
-0.55908
-0.524459
-0.497246
-0.478501
-0.468939
-0.468939
-0.478501
-0.497246
-0.524459
-0.55908
-0.599779
-0.644983
-0.692952
-0.741838
-0.789761
-0.834879
-0.875456
-0.909939
-0.937018
-0.95565
-0.965112
-0.965093
-0.95562
-0.937018
-0.909976
-0.87552
-0.83497
-0.78988
-0.741984
-0.693124
-0.645181
-0.600004
-0.559331
-0.524733
-0.497541
-0.47881
-0.46926
-0.44209
-0.451638
-0.470368
-0.497558
-0.532156
-0.57283
-0.61801
-0.665957
-0.714824
-0.76273
-0.807832
-0.848399
-0.882874
-0.909939
-0.928569
-0.938066
-0.938093
-0.928624
-0.909976
-0.882874
-0.848366
-0.807767
-0.76263
-0.714687
-0.665783
-0.617799
-0.57258
-0.531868
-0.497235
-0.470014
-0.451263
-0.441696
-0.441696
-0.451263
-0.470014
-0.497235
-0.531868
-0.57258
-0.617799
-0.665783
-0.714687
-0.76263
-0.807767
-0.848366
-0.882874
-0.909976
-0.928624
-0.938093
-0.938066
-0.928569
-0.909939
-0.882874
-0.848399
-0.807832
-0.76273
-0.714824
-0.665957
-0.61801
-0.57283
-0.532156
-0.497558
-0.470368
-0.451638
-0.44209
-0.407488
-0.417035
-0.435764
-0.462954
-0.497553
-0.538229
-0.583414
-0.631368
-0.680245
-0.728163
-0.773282
-0.813869
-0.848366
-0.875456
-0.894108
-0.903623
-0.903656
-0.894181
-0.87552
-0.848399
-0.813869
-0.773249
-0.728091
-0.680128
-0.631206
-0.583204
-0.53797
-0.497245
-0.4626
-0.435368
-0.41661
-0.407039
-0.407039
-0.41661
-0.435368
-0.4626
-0.497245
-0.53797
-0.583204
-0.631206
-0.680128
-0.728091
-0.773249
-0.813869
-0.848399
-0.87552
-0.894181
-0.903656
-0.903623
-0.894108
-0.875456
-0.848366
-0.813869
-0.773282
-0.728163
-0.680245
-0.631368
-0.583414
-0.538229
-0.497553
-0.462954
-0.435764
-0.417035
-0.407488
-0.366788
-0.376333
-0.395061
-0.422251
-0.456851
-0.497531
-0.542722
-0.590685
-0.639573
-0.687506
-0.732643
-0.773249
-0.807767
-0.834879
-0.85355
-0.86308
-0.863119
-0.853641
-0.83497
-0.807832
-0.773282
-0.732643
-0.687465
-0.639485
-0.590544
-0.542525
-0.497276
-0.456537
-0.421879
-0.394638
-0.375872
-0.366295
-0.366295
-0.375872
-0.394638
-0.421879
-0.456537
-0.497276
-0.542525
-0.590544
-0.639485
-0.687465
-0.732643
-0.773282
-0.807832
-0.83497
-0.853641
-0.863119
-0.86308
-0.85355
-0.834879
-0.807767
-0.773249
-0.732643
-0.687506
-0.639573
-0.590685
-0.542722
-0.497531
-0.456851
-0.422251
-0.395061
-0.376333
-0.366788
-0.321548
-0.331091
-0.349818
-0.377008
-0.411611
-0.452294
-0.497492
-0.545464
-0.594364
-0.642312
-0.687465
-0.728091
-0.76263
-0.789761
-0.808451
-0.817995
-0.818039
-0.808558
-0.78988
-0.76273
-0.728163
-0.687506
-0.642312
-0.594314
-0.545357
-0.497323
-0.452058
-0.411306
-0.376636
-0.349385
-0.330612
-0.32103
-0.32103
-0.330612
-0.349385
-0.376636
-0.411306
-0.452058
-0.497323
-0.545357
-0.594314
-0.642312
-0.687506
-0.728163
-0.76273
-0.78988
-0.808558
-0.818039
-0.817995
-0.808451
-0.789761
-0.76263
-0.728091
-0.687465
-0.642312
-0.594364
-0.545464
-0.497492
-0.452294
-0.411611
-0.377008
-0.349818
-0.331091
-0.321548
-0.273506
-0.283047
-0.301772
-0.328962
-0.363566
-0.404254
-0.449458
-0.497439
-0.546351
-0.594314
-0.639485
-0.680128
-0.714687
-0.741838
-0.760545
-0.770101
-0.77015
-0.760668
-0.741984
-0.714824
-0.680245
-0.639573
-0.594364
-0.546351
-0.49738
-0.449331
-0.404054
-0.363289
-0.328609
-0.301348
-0.282568
-0.272981
-0.272981
-0.282568
-0.301348
-0.328609
-0.363289
-0.404054
-0.449331
-0.49738
-0.546351
-0.594364
-0.639573
-0.680245
-0.714824
-0.741984
-0.760668
-0.77015
-0.770101
-0.760545
-0.741838
-0.714687
-0.680128
-0.639485
-0.594314
-0.546351
-0.497439
-0.449458
-0.404254
-0.363566
-0.328962
-0.301772
-0.283047
-0.273506
-0.224507
-0.234045
-0.252768
-0.279957
-0.314563
-0.355254
-0.400465
-0.448455
-0.49738
-0.545357
-0.590544
-0.631206
-0.665783
-0.692952
-0.711674
-0.721241
-0.721295
-0.711812
-0.693124
-0.665957
-0.631368
-0.590685
-0.545464
-0.497439
-0.448455
-0.400395
-0.355106
-0.314331
-0.279641
-0.252373
-0.233586
-0.223994
-0.223994
-0.233586
-0.252373
-0.279641
-0.314331
-0.355106
-0.400395
-0.448455
-0.497439
-0.545464
-0.590685
-0.631368
-0.665957
-0.693124
-0.711812
-0.721295
-0.721241
-0.711674
-0.692952
-0.665783
-0.631206
-0.590544
-0.545357
-0.49738
-0.448455
-0.400465
-0.355254
-0.314563
-0.279957
-0.252768
-0.234045
-0.224507
-0.176435
-0.185969
-0.204689
-0.231877
-0.266483
-0.307178
-0.352396
-0.400395
-0.449331
-0.497323
-0.542525
-0.583204
-0.617799
-0.644983
-0.663719
-0.673295
-0.673354
-0.663871
-0.645181
-0.61801
-0.583414
-0.542722
-0.497492
-0.449458
-0.400465
-0.352396
-0.307098
-0.266314
-0.231617
-0.204342
-0.185549
-0.175954
-0.175954
-0.185549
-0.204342
-0.231617
-0.266314
-0.307098
-0.352396
-0.400465
-0.449458
-0.497492
-0.542722
-0.583414
-0.61801
-0.645181
-0.663871
-0.673354
-0.673295
-0.663719
-0.644983
-0.617799
-0.583204
-0.542525
-0.497323
-0.449331
-0.400395
-0.352396
-0.307178
-0.266483
-0.231877
-0.204689
-0.185969
-0.176435
-0.131138
-0.140667
-0.159384
-0.18657
-0.221177
-0.261875
-0.307098
-0.355106
-0.404054
-0.452058
-0.497276
-0.53797
-0.57258
-0.599779
-0.618528
-0.628113
-0.628176
-0.618694
-0.600004
-0.57283
-0.538229
-0.497531
-0.452294
-0.404254
-0.355254
-0.307178
-0.261875
-0.221085
-0.186383
-0.159103
-0.140306
-0.130707
-0.130707
-0.140306
-0.159103
-0.186383
-0.221085
-0.261875
-0.307178
-0.355254
-0.404254
-0.452294
-0.497531
-0.538229
-0.57283
-0.600004
-0.618694
-0.628176
-0.628113
-0.618528
-0.599779
-0.57258
-0.53797
-0.497276
-0.452058
-0.404054
-0.355106
-0.307098
-0.261875
-0.221177
-0.18657
-0.159384
-0.140667
-0.131138
-0.0903585
-0.0998819
-0.118595
-0.145778
-0.180385
-0.221085
-0.266314
-0.314331
-0.363289
-0.411306
-0.456537
-0.497245
-0.531868
-0.55908
-0.57784
-0.587433
-0.5875
-0.578021
-0.559331
-0.532156
-0.497553
-0.456851
-0.411611
-0.363566
-0.314563
-0.266483
-0.221177
-0.180385
-0.14568
-0.118398
-0.0995982
-0.0899966
-0.0899966
-0.0995982
-0.118398
-0.14568
-0.180385
-0.221177
-0.266483
-0.314563
-0.363566
-0.411611
-0.456851
-0.497553
-0.532156
-0.559331
-0.578021
-0.5875
-0.587433
-0.57784
-0.55908
-0.531868
-0.497245
-0.456537
-0.411306
-0.363289
-0.314331
-0.266314
-0.221085
-0.180385
-0.145778
-0.118595
-0.0998819
-0.0903585
-0.0556651
-0.065183
-0.0838924
-0.111073
-0.14568
-0.186383
-0.231617
-0.279641
-0.328609
-0.376636
-0.421879
-0.4626
-0.497235
-0.524459
-0.543228
-0.552828
-0.5529
-0.543422
-0.524733
-0.497558
-0.462954
-0.422251
-0.377008
-0.328962
-0.279957
-0.231877
-0.18657
-0.145778
-0.111073
-0.083791
-0.06499
-0.0553868
-0.0553868
-0.06499
-0.083791
-0.111073
-0.145778
-0.18657
-0.231877
-0.279957
-0.328962
-0.377008
-0.422251
-0.462954
-0.497558
-0.524733
-0.543422
-0.5529
-0.552828
-0.543228
-0.524459
-0.497235
-0.4626
-0.421879
-0.376636
-0.328609
-0.279641
-0.231617
-0.186383
-0.14568
-0.111073
-0.0838924
-0.065183
-0.0556651
-0.0283933
-0.0379059
-0.0566116
-0.083791
-0.118398
-0.159103
-0.204342
-0.252373
-0.301348
-0.349385
-0.394638
-0.435368
-0.470014
-0.497246
-0.516023
-0.525629
-0.525704
-0.516228
-0.497541
-0.470368
-0.435764
-0.395061
-0.349818
-0.301772
-0.252768
-0.204689
-0.159384
-0.118595
-0.0838924
-0.0566116
-0.0378105
-0.0282069
-0.0282069
-0.0378105
-0.0566116
-0.0838924
-0.118595
-0.159384
-0.204689
-0.252768
-0.301772
-0.349818
-0.395061
-0.435764
-0.470368
-0.497541
-0.516228
-0.525704
-0.525629
-0.516023
-0.497246
-0.470014
-0.435368
-0.394638
-0.349385
-0.301348
-0.252373
-0.204342
-0.159103
-0.118398
-0.083791
-0.0566116
-0.0379059
-0.0283933
-0.00959898
-0.0191072
-0.0378105
-0.06499
-0.0995982
-0.140306
-0.185549
-0.233586
-0.282568
-0.330612
-0.375872
-0.41661
-0.451263
-0.478501
-0.497284
-0.506894
-0.506971
-0.497496
-0.47881
-0.451638
-0.417035
-0.376333
-0.331091
-0.283047
-0.234045
-0.185969
-0.140667
-0.0998819
-0.065183
-0.0379059
-0.0191072
-0.0095051
-0.0095051
-0.0191072
-0.0379059
-0.065183
-0.0998819
-0.140667
-0.185969
-0.234045
-0.283047
-0.331091
-0.376333
-0.417035
-0.451638
-0.47881
-0.497496
-0.506971
-0.506894
-0.497284
-0.478501
-0.451263
-0.41661
-0.375872
-0.330612
-0.282568
-0.233586
-0.185549
-0.140306
-0.0995982
-0.06499
-0.0378105
-0.0191072
-0.00959898
1.00438e-09
-0.0095051
-0.0282069
-0.0553868
-0.0899966
-0.130707
-0.175954
-0.223994
-0.272981
-0.32103
-0.366295
-0.407039
-0.441696
-0.468939
-0.487725
-0.497338
-0.497418
-0.487944
-0.46926
-0.44209
-0.407488
-0.366788
-0.321548
-0.273506
-0.224507
-0.176435
-0.131138
-0.0903585
-0.0556651
-0.0283933
-0.00959897
7.27515e-09
7.20521e-09
-0.00959897
-0.0283933
-0.0556651
-0.0903585
-0.131138
-0.176435
-0.224507
-0.273506
-0.321548
-0.366788
-0.407488
-0.44209
-0.46926
-0.487944
-0.497418
-0.497338
-0.487725
-0.468939
-0.441696
-0.407039
-0.366295
-0.32103
-0.272981
-0.223994
-0.175954
-0.130707
-0.0899966
-0.0553868
-0.0282069
-0.0095051
9.30142e-10
)
;

boundaryField
{
    top
    {
        type            cyclic;
    }
    bottom
    {
        type            cyclic;
    }
    left
    {
        type            cyclic;
    }
    right
    {
        type            cyclic;
    }
    frontAndBack
    {
        type            empty;
    }
}


// ************************************************************************* //
