/*--------------------------------*- C++ -*----------------------------------*\
  =========                 |
  \\      /  F ield         | OpenFOAM: The Open Source CFD Toolbox
   \\    /   O peration     | Website:  https://openfoam.org
    \\  /    A nd           | Version:  11
     \\/     M anipulation  |
\*---------------------------------------------------------------------------*/
FoamFile
{
    format      ascii;
    class       volScalarField;
    location    "17";
    object      p;
}
// * * * * * * * * * * * * * * * * * * * * * * * * * * * * * * * * * * * * * //

dimensions      [0 2 -2 0 0 0 0];

internalField   nonuniform List<scalar> 
8400
(
-0.168197
-0.171151
-0.174433
-0.177434
-0.180371
-0.183367
-0.186418
-0.189508
-0.192637
-0.195813
-0.199045
-0.202339
-0.205706
-0.209159
-0.212715
-0.216397
-0.220235
-0.224281
-0.2286
-0.233622
-0.168009
-0.171141
-0.174514
-0.177474
-0.180372
-0.183368
-0.186428
-0.18952
-0.192649
-0.195826
-0.199059
-0.202356
-0.205725
-0.209181
-0.21274
-0.216423
-0.220259
-0.224277
-0.228425
-0.232307
-0.167827
-0.171115
-0.174584
-0.177506
-0.180354
-0.183345
-0.186414
-0.189507
-0.192631
-0.195803
-0.199032
-0.202322
-0.205684
-0.209128
-0.21267
-0.216324
-0.220104
-0.223991
-0.227807
-0.230996
-0.167645
-0.171038
-0.174611
-0.177525
-0.180324
-0.183297
-0.18637
-0.189462
-0.192576
-0.195736
-0.198952
-0.202227
-0.205568
-0.208984
-0.212485
-0.216077
-0.21975
-0.223439
-0.226912
-0.229653
-0.16746
-0.170919
-0.174589
-0.177516
-0.180273
-0.18322
-0.18629
-0.189377
-0.192477
-0.195617
-0.19881
-0.202058
-0.205363
-0.208732
-0.212168
-0.215667
-0.219196
-0.222663
-0.22583
-0.228265
-0.167271
-0.170773
-0.174519
-0.177468
-0.180192
-0.183111
-0.186171
-0.189248
-0.192327
-0.19544
-0.1986
-0.201809
-0.205064
-0.208368
-0.211718
-0.215099
-0.218464
-0.221709
-0.224616
-0.226842
-0.167077
-0.170607
-0.174409
-0.17738
-0.180081
-0.18297
-0.186013
-0.189075
-0.192129
-0.195206
-0.198326
-0.201484
-0.204676
-0.207901
-0.211149
-0.214397
-0.217592
-0.220628
-0.22332
-0.225402
-0.166881
-0.170429
-0.174269
-0.177257
-0.179939
-0.1828
-0.185823
-0.188863
-0.191887
-0.194924
-0.197995
-0.201094
-0.204214
-0.207348
-0.210484
-0.213594
-0.216622
-0.21947
-0.221985
-0.223969
-0.166688
-0.170246
-0.174107
-0.177104
-0.179771
-0.182607
-0.185606
-0.188622
-0.191611
-0.194604
-0.197621
-0.200655
-0.203696
-0.206735
-0.209755
-0.212728
-0.215599
-0.218281
-0.220655
-0.22257
-0.166502
-0.170065
-0.173935
-0.176931
-0.179584
-0.182398
-0.185373
-0.18836
-0.191313
-0.19426
-0.19722
-0.200187
-0.203147
-0.206089
-0.208996
-0.211838
-0.214566
-0.217107
-0.219367
-0.221235
-0.166331
-0.169895
-0.17376
-0.176747
-0.179387
-0.182183
-0.185135
-0.188092
-0.191007
-0.193908
-0.196812
-0.199712
-0.202593
-0.205441
-0.208241
-0.210963
-0.213566
-0.215988
-0.218159
-0.219995
-0.166182
-0.169741
-0.17359
-0.17656
-0.179188
-0.181972
-0.184902
-0.187829
-0.190708
-0.193565
-0.196416
-0.199252
-0.202058
-0.20482
-0.207522
-0.210139
-0.212635
-0.21496
-0.217062
-0.218878
-0.166063
-0.169612
-0.173432
-0.176377
-0.178997
-0.181774
-0.184685
-0.187583
-0.190428
-0.193246
-0.196049
-0.198827
-0.201566
-0.204252
-0.206869
-0.209397
-0.211804
-0.214052
-0.216102
-0.217907
-0.165981
-0.169513
-0.173289
-0.176203
-0.178821
-0.181599
-0.184494
-0.187365
-0.19018
-0.192964
-0.195727
-0.198456
-0.201137
-0.203758
-0.206306
-0.208761
-0.211098
-0.213288
-0.215301
-0.217101
-0.165943
-0.169447
-0.173162
-0.176044
-0.17867
-0.181455
-0.184336
-0.187183
-0.189974
-0.192732
-0.195461
-0.19815
-0.200786
-0.203356
-0.20585
-0.208249
-0.210534
-0.212681
-0.214669
-0.21647
-0.165953
-0.169413
-0.173047
-0.175902
-0.17855
-0.181347
-0.184215
-0.187043
-0.189816
-0.192555
-0.19526
-0.197919
-0.200521
-0.203054
-0.205508
-0.207868
-0.210117
-0.212236
-0.214209
-0.216014
-0.166013
-0.169405
-0.172942
-0.175781
-0.178465
-0.181277
-0.184133
-0.186945
-0.189708
-0.192436
-0.195125
-0.197764
-0.200343
-0.202852
-0.205281
-0.207616
-0.209843
-0.211947
-0.213913
-0.215725
-0.16612
-0.169407
-0.17284
-0.175687
-0.178418
-0.181242
-0.184086
-0.186888
-0.189647
-0.192369
-0.195049
-0.197678
-0.200245
-0.202742
-0.205157
-0.20748
-0.209696
-0.211793
-0.213759
-0.215578
-0.166268
-0.169401
-0.17274
-0.175627
-0.178409
-0.181236
-0.184068
-0.186866
-0.189625
-0.192346
-0.195023
-0.197648
-0.200212
-0.202705
-0.205117
-0.207436
-0.20965
-0.211747
-0.213715
-0.215542
-0.166452
-0.169406
-0.17266
-0.175595
-0.178416
-0.181245
-0.184072
-0.186871
-0.189633
-0.192357
-0.195036
-0.197663
-0.200229
-0.202726
-0.205142
-0.207466
-0.209685
-0.211788
-0.213763
-0.215598
-0.233111
-0.228652
-0.228488
-0.228792
-0.22872
-0.228672
-0.228683
-0.228675
-0.228639
-0.228583
-0.228504
-0.228399
-0.228266
-0.228105
-0.227913
-0.22769
-0.227435
-0.227147
-0.226824
-0.226467
-0.226073
-0.225643
-0.225176
-0.224671
-0.224126
-0.22354
-0.222913
-0.222242
-0.221527
-0.220764
-0.219953
-0.21909
-0.218172
-0.217196
-0.216157
-0.21505
-0.213868
-0.212604
-0.211249
-0.209792
-0.20822
-0.206521
-0.204678
-0.202676
-0.200498
-0.198123
-0.195526
-0.192674
-0.189524
-0.186024
-0.182116
-0.177738
-0.172843
-0.167405
-0.161442
-0.155015
-0.148246
-0.141303
-0.134395
-0.127747
-0.12158
-0.116081
-0.111389
-0.107572
-0.104633
-0.102512
-0.101104
-0.100274
-0.099882
-0.0997921
-0.0998881
-0.100077
-0.100288
-0.100474
-0.100604
-0.100661
-0.100636
-0.100528
-0.100338
-0.100068
-0.0997227
-0.0993065
-0.0988225
-0.098275
-0.0976669
-0.0970005
-0.0962781
-0.0955018
-0.0946735
-0.0937946
-0.0928664
-0.0918904
-0.0908677
-0.0897995
-0.088687
-0.0875316
-0.0863343
-0.0850965
-0.0838194
-0.0825045
-0.0811531
-0.0797666
-0.0783466
-0.0768945
-0.0754121
-0.073901
-0.072363
-0.0708
-0.0692139
-0.0676068
-0.0659809
-0.0643384
-0.0626818
-0.0610134
-0.0593359
-0.0576517
-0.0559637
-0.0542746
-0.0525871
-0.0509041
-0.0492285
-0.047563
-0.0459105
-0.0442737
-0.0426554
-0.0410583
-0.0394847
-0.0379372
-0.036418
-0.0349292
-0.0334727
-0.0320501
-0.030663
-0.0293127
-0.0280002
-0.0267263
-0.0254916
-0.0242966
-0.0231414
-0.0220261
-0.0209504
-0.0199142
-0.0189167
-0.0179575
-0.0170359
-0.0161508
-0.0153016
-0.0144871
-0.0137063
-0.0129581
-0.0122415
-0.0115552
-0.0108983
-0.0102696
-0.00966798
-0.00909242
-0.00854189
-0.00801543
-0.00751209
-0.00703098
-0.00657124
-0.00613209
-0.00571275
-0.00531252
-0.00493073
-0.00456673
-0.00421995
-0.00388981
-0.00357581
-0.00327745
-0.00299427
-0.00272584
-0.00247176
-0.00223166
-0.00200518
-0.00179199
-0.00159178
-0.00140424
-0.0012291
-0.00106608
-0.000914914
-0.000775348
-0.000647141
-0.000530051
-0.000423799
-0.000328304
-0.000243177
-0.000168254
-0.000103309
-4.81234e-05
-2.45782e-06
3.39251e-05
6.13585e-05
8.00295e-05
9.10248e-05
9.29582e-05
9.41426e-05
7.05393e-05
0.000108227
-0.000133958
-0.232139
-0.228584
-0.228237
-0.228633
-0.228618
-0.228563
-0.22858
-0.228589
-0.228563
-0.228513
-0.228439
-0.228338
-0.228207
-0.228046
-0.227854
-0.227629
-0.22737
-0.227076
-0.226747
-0.226381
-0.225978
-0.225536
-0.225054
-0.224532
-0.223967
-0.223359
-0.222706
-0.222005
-0.221255
-0.220453
-0.219596
-0.218681
-0.217704
-0.21666
-0.215543
-0.214349
-0.213068
-0.211693
-0.210213
-0.208616
-0.206889
-0.205019
-0.202989
-0.200784
-0.198388
-0.19578
-0.192938
-0.189834
-0.186433
-0.182695
-0.178574
-0.174033
-0.169044
-0.163608
-0.157762
-0.151585
-0.145205
-0.138786
-0.132519
-0.126601
-0.12121
-0.116491
-0.112533
-0.109364
-0.106955
-0.105229
-0.104075
-0.103368
-0.102982
-0.102808
-0.102753
-0.102747
-0.10274
-0.1027
-0.102607
-0.102452
-0.102231
-0.101943
-0.101591
-0.101177
-0.100704
-0.100175
-0.0995914
-0.0989565
-0.0982716
-0.0975379
-0.0967567
-0.0959289
-0.0950555
-0.0941373
-0.093175
-0.0921692
-0.0911207
-0.0900302
-0.0888985
-0.0877264
-0.0865149
-0.0852648
-0.0839773
-0.0826533
-0.0812941
-0.0799008
-0.0784748
-0.0770174
-0.07553
-0.0740143
-0.0724717
-0.0709041
-0.0693132
-0.0677011
-0.0660697
-0.0644212
-0.0627579
-0.0610823
-0.0593966
-0.0577036
-0.0560059
-0.0543063
-0.0526074
-0.0509121
-0.0492233
-0.0475439
-0.0458768
-0.0442248
-0.0425906
-0.0409771
-0.039387
-0.0378226
-0.0362864
-0.0347807
-0.0333074
-0.0318685
-0.0304655
-0.0290999
-0.0277728
-0.0264853
-0.0252379
-0.0240312
-0.0228655
-0.0217409
-0.0206571
-0.019614
-0.0186111
-0.0176477
-0.0167231
-0.0158364
-0.0149868
-0.0141731
-0.0133942
-0.012649
-0.0119364
-0.0112552
-0.0106041
-0.00998192
-0.00938756
-0.00881983
-0.00827764
-0.00775992
-0.00726563
-0.0067938
-0.00634351
-0.00591389
-0.00550411
-0.00511341
-0.00474107
-0.00438639
-0.00404877
-0.00372761
-0.00342237
-0.00313252
-0.0028576
-0.00259715
-0.00235078
-0.00211809
-0.00189872
-0.00169233
-0.00149862
-0.00131728
-0.00114804
-0.000990622
-0.000844786
-0.000710282
-0.000586881
-0.000474362
-0.00037249
-0.000281124
-0.000199963
-0.000128836
-6.75446e-05
-1.58633e-05
2.64312e-05
5.95718e-05
8.38875e-05
9.9552e-05
0.000107651
0.000106762
0.000105124
7.87247e-05
0.000112784
-0.000130473
-0.231472
-0.228769
-0.228112
-0.228467
-0.228521
-0.228465
-0.228481
-0.228502
-0.228488
-0.228444
-0.228374
-0.228275
-0.228145
-0.227983
-0.227787
-0.227557
-0.227291
-0.226989
-0.226649
-0.22627
-0.225851
-0.225391
-0.224889
-0.224343
-0.223751
-0.223111
-0.222422
-0.221681
-0.220884
-0.220029
-0.219113
-0.21813
-0.217076
-0.215946
-0.214733
-0.213429
-0.212027
-0.210517
-0.208887
-0.207125
-0.205218
-0.203153
-0.200913
-0.198485
-0.195852
-0.193
-0.189907
-0.186554
-0.182915
-0.17896
-0.174664
-0.170005
-0.16498
-0.159608
-0.153944
-0.148079
-0.14214
-0.136281
-0.13067
-0.125469
-0.120818
-0.116816
-0.113509
-0.110894
-0.108918
-0.107494
-0.106515
-0.105869
-0.105452
-0.105176
-0.104973
-0.104791
-0.104597
-0.104371
-0.1041
-0.103779
-0.103407
-0.102984
-0.102512
-0.101992
-0.101426
-0.100815
-0.100159
-0.0994613
-0.0987212
-0.0979393
-0.0971157
-0.0962508
-0.0953451
-0.0943985
-0.0934115
-0.0923841
-0.0913169
-0.0902101
-0.0890643
-0.08788
-0.086658
-0.0853989
-0.0841036
-0.0827729
-0.0814079
-0.0800096
-0.0785791
-0.0771177
-0.0756266
-0.0741073
-0.0725612
-0.07099
-0.0693954
-0.0677792
-0.0661434
-0.06449
-0.0628212
-0.0611394
-0.059447
-0.0577464
-0.0560404
-0.0543315
-0.0526226
-0.0509166
-0.0492162
-0.0475244
-0.0458441
-0.0441783
-0.0425298
-0.0409014
-0.039296
-0.037716
-0.0361641
-0.0346426
-0.0331537
-0.0316993
-0.0302813
-0.0289011
-0.02756
-0.0262592
-0.0249995
-0.0237814
-0.0226053
-0.0214713
-0.0203794
-0.0193294
-0.0183206
-0.0173527
-0.0164248
-0.0155361
-0.0146855
-0.013872
-0.0130945
-0.0123518
-0.0116427
-0.0109658
-0.0103199
-0.00970372
-0.00911603
-0.00855557
-0.00802115
-0.00751162
-0.00702586
-0.00656282
-0.00612151
-0.00570097
-0.00530033
-0.00491877
-0.0045555
-0.0042098
-0.00388103
-0.00356854
-0.00327177
-0.00299017
-0.00272327
-0.00247059
-0.00223171
-0.00200623
-0.0017938
-0.00159406
-0.00140669
-0.00123141
-0.00106794
-0.000916022
-0.000775407
-0.000645867
-0.000527186
-0.000419156
-0.000321571
-0.000234271
-0.000157016
-8.96315e-05
-3.19276e-05
1.63023e-05
5.52726e-05
8.51977e-05
0.000106416
0.000119088
0.000124254
0.00012052
0.000115758
8.68477e-05
0.000114965
-0.000120727
-0.230574
-0.228695
-0.227933
-0.228239
-0.228381
-0.228353
-0.22837
-0.228405
-0.228405
-0.228369
-0.228304
-0.228207
-0.228077
-0.227912
-0.22771
-0.227472
-0.227196
-0.22688
-0.226525
-0.226128
-0.225688
-0.225203
-0.224673
-0.224095
-0.223467
-0.222787
-0.222051
-0.221258
-0.220403
-0.219482
-0.218491
-0.217425
-0.216278
-0.215044
-0.213714
-0.212282
-0.210738
-0.209071
-0.207271
-0.205324
-0.203217
-0.200938
-0.198474
-0.19581
-0.192936
-0.189838
-0.186502
-0.182916
-0.179064
-0.17493
-0.170504
-0.165783
-0.160783
-0.15554
-0.150121
-0.14462
-0.139159
-0.133877
-0.128914
-0.124398
-0.120428
-0.117062
-0.114314
-0.112152
-0.110512
-0.109305
-0.108433
-0.107803
-0.107331
-0.106951
-0.106613
-0.106282
-0.105938
-0.105566
-0.105161
-0.104717
-0.104236
-0.103716
-0.103159
-0.102565
-0.101933
-0.101266
-0.100561
-0.0998198
-0.099042
-0.098227
-0.0973744
-0.0964841
-0.0955561
-0.09459
-0.0935859
-0.0925436
-0.0914632
-0.0903451
-0.0891894
-0.0879966
-0.0867671
-0.0855017
-0.0842008
-0.0828654
-0.0814963
-0.0800943
-0.0786607
-0.0771963
-0.0757026
-0.0741807
-0.072632
-0.0710581
-0.0694606
-0.0678412
-0.0662019
-0.0645446
-0.0628714
-0.0611845
-0.0594865
-0.0577796
-0.0560665
-0.0543499
-0.0526325
-0.0509172
-0.0492068
-0.0475042
-0.0458124
-0.0441345
-0.0424732
-0.0408316
-0.0392125
-0.0376185
-0.0360524
-0.0345165
-0.0330132
-0.0315446
-0.0301126
-0.0287188
-0.0273647
-0.0260515
-0.02478
-0.023551
-0.0223649
-0.0212219
-0.020122
-0.0190649
-0.0180504
-0.0170778
-0.0161463
-0.0152551
-0.0144033
-0.0135896
-0.012813
-0.0120722
-0.0113658
-0.0106927
-0.0100513
-0.00944047
-0.00885876
-0.00830488
-0.00777755
-0.00727553
-0.00679764
-0.00634275
-0.00590977
-0.00549772
-0.00510562
-0.00473262
-0.00437789
-0.00404066
-0.00372023
-0.00341594
-0.0031272
-0.00285344
-0.00259416
-0.00234886
-0.00211713
-0.00189853
-0.00169271
-0.00149932
-0.00131803
-0.00114855
-0.000990615
-0.000843961
-0.000708358
-0.000583584
-0.000469437
-0.000365723
-0.000272256
-0.000188875
-0.000115379
-5.15958e-05
2.65037e-06
4.75504e-05
8.33093e-05
0.000110136
0.000128352
0.000138108
0.000140375
0.000133835
0.000125753
9.46598e-05
0.000114902
-0.000105586
-0.229461
-0.228346
-0.22767
-0.227937
-0.228166
-0.228194
-0.228228
-0.228283
-0.228304
-0.228281
-0.228222
-0.228129
-0.227998
-0.227829
-0.22762
-0.227371
-0.227081
-0.226748
-0.226372
-0.225951
-0.225484
-0.224969
-0.224404
-0.223786
-0.223114
-0.222384
-0.221592
-0.220736
-0.21981
-0.218811
-0.217732
-0.216568
-0.215313
-0.213959
-0.212497
-0.21092
-0.209217
-0.207378
-0.205391
-0.203244
-0.200926
-0.198425
-0.19573
-0.19283
-0.189718
-0.186386
-0.182827
-0.179035
-0.175007
-0.17074
-0.166239
-0.161517
-0.156604
-0.151549
-0.146426
-0.141328
-0.136366
-0.131658
-0.127315
-0.123429
-0.120064
-0.117243
-0.114952
-0.113146
-0.111753
-0.11069
-0.109874
-0.109229
-0.108693
-0.108217
-0.107766
-0.107318
-0.10686
-0.106381
-0.105878
-0.105349
-0.104792
-0.104207
-0.103593
-0.102949
-0.102275
-0.10157
-0.100833
-0.100063
-0.099261
-0.0984244
-0.0975529
-0.0966461
-0.0957034
-0.0947245
-0.0937091
-0.0926569
-0.0915679
-0.0904421
-0.0892798
-0.0880813
-0.0868468
-0.085577
-0.0842724
-0.0829338
-0.0815618
-0.0801574
-0.0787215
-0.0772552
-0.0757595
-0.0742357
-0.0726852
-0.0711093
-0.0695096
-0.0678879
-0.0662458
-0.0645854
-0.0629087
-0.0612179
-0.0595153
-0.0578033
-0.0560844
-0.0543614
-0.0526369
-0.0509138
-0.0491949
-0.0474832
-0.0457816
-0.0440932
-0.042421
-0.0407678
-0.0391367
-0.0375305
-0.0359517
-0.0344031
-0.032887
-0.0314057
-0.0299611
-0.028555
-0.0271889
-0.0258643
-0.0245819
-0.0233427
-0.0221472
-0.0209957
-0.0198881
-0.0188244
-0.0178042
-0.0168269
-0.0158917
-0.014998
-0.0141445
-0.0133303
-0.0125541
-0.0118146
-0.0111105
-0.0104404
-0.00980296
-0.0091967
-0.00862024
-0.00807217
-0.00755116
-0.00705589
-0.0065851
-0.00613757
-0.00571219
-0.00530787
-0.0049236
-0.00455846
-0.00421159
-0.00388216
-0.00356944
-0.00327276
-0.00299146
-0.00272499
-0.00247279
-0.00223438
-0.0020093
-0.00179714
-0.0015975
-0.00141005
-0.00123445
-0.00107041
-0.000917663
-0.000775954
-0.000645059
-0.000524765
-0.000414883
-0.000315231
-0.000225639
-0.000145953
-7.5996e-05
-1.56074e-05
3.53775e-05
7.71362e-05
0.000109864
0.000133761
0.000149127
0.000156106
0.000155587
0.000146355
0.000134874
0.000101956
0.000112898
-8.62547e-05
-0.228224
-0.227776
-0.227306
-0.227565
-0.227873
-0.227981
-0.228052
-0.228133
-0.22818
-0.228175
-0.228127
-0.228039
-0.227908
-0.227734
-0.227516
-0.227253
-0.226946
-0.226593
-0.226192
-0.225743
-0.225244
-0.224692
-0.224085
-0.223421
-0.222696
-0.221907
-0.221051
-0.220122
-0.219116
-0.218028
-0.21685
-0.215577
-0.214202
-0.212715
-0.21111
-0.209375
-0.207503
-0.205481
-0.203299
-0.200947
-0.198414
-0.19569
-0.192769
-0.189643
-0.186308
-0.182764
-0.179011
-0.175052
-0.170893
-0.166545
-0.162025
-0.15736
-0.152591
-0.147775
-0.142987
-0.138313
-0.13385
-0.129691
-0.125919
-0.122594
-0.119746
-0.117372
-0.115442
-0.1139
-0.112677
-0.111702
-0.110906
-0.110231
-0.109632
-0.109075
-0.108536
-0.108002
-0.107461
-0.106908
-0.10634
-0.105754
-0.105147
-0.10452
-0.103869
-0.103194
-0.102493
-0.101765
-0.101009
-0.100221
-0.0994031
-0.0985532
-0.0976701
-0.0967529
-0.0958012
-0.0948142
-0.0937917
-0.0927333
-0.0916388
-0.0905082
-0.0893417
-0.0881394
-0.0869018
-0.0856292
-0.0843222
-0.0829814
-0.0816076
-0.0802016
-0.0787642
-0.0772965
-0.0757995
-0.0742744
-0.0727226
-0.0711452
-0.069544
-0.0679204
-0.0662763
-0.0646135
-0.0629341
-0.0612401
-0.0595339
-0.0578178
-0.0560944
-0.0543661
-0.0526359
-0.0509064
-0.0491805
-0.0474612
-0.0457515
-0.0440544
-0.0423728
-0.04071
-0.0390687
-0.0374518
-0.0358623
-0.0343026
-0.0327754
-0.0312829
-0.0298272
-0.0284102
-0.0270336
-0.0256986
-0.0244066
-0.0231582
-0.0219541
-0.0207947
-0.0196801
-0.0186101
-0.0175844
-0.0166026
-0.0156639
-0.0147674
-0.0139122
-0.0130971
-0.0123209
-0.0115823
-0.01088
-0.0102124
-0.00957815
-0.00897578
-0.00840382
-0.00786079
-0.00734529
-0.00685594
-0.0063914
-0.00595042
-0.00553179
-0.00513438
-0.00475713
-0.00439905
-0.00405926
-0.00373688
-0.00343114
-0.00314135
-0.00286682
-0.00260697
-0.00236123
-0.00212909
-0.0019101
-0.00170381
-0.00150984
-0.00132783
-0.00115745
-0.000998406
-0.000850422
-0.000713259
-0.000586696
-0.000470526
-0.000364572
-0.000268663
-0.000182642
-0.000106362
-3.96685e-05
1.75897e-05
6.5566e-05
0.000104426
0.000134355
0.000155541
0.000168263
0.000172661
0.000169525
0.000157772
0.000142936
0.000108563
0.000109351
-6.42133e-05
-0.22692
-0.227029
-0.226831
-0.227127
-0.227515
-0.227718
-0.227844
-0.22796
-0.228038
-0.228056
-0.228021
-0.227939
-0.227808
-0.227629
-0.2274
-0.227123
-0.226796
-0.226419
-0.22599
-0.225509
-0.224972
-0.224378
-0.223725
-0.223009
-0.222226
-0.221373
-0.220445
-0.219436
-0.218343
-0.217157
-0.215873
-0.214484
-0.21298
-0.211355
-0.209598
-0.207701
-0.205653
-0.203446
-0.201069
-0.198513
-0.19577
-0.192833
-0.189699
-0.186365
-0.182834
-0.179109
-0.175199
-0.171116
-0.166876
-0.162499
-0.158016
-0.153461
-0.148884
-0.144344
-0.139912
-0.135665
-0.13168
-0.128028
-0.124762
-0.121914
-0.119489
-0.117467
-0.115805
-0.114448
-0.113335
-0.112406
-0.111608
-0.110899
-0.110246
-0.109627
-0.109025
-0.108429
-0.107833
-0.107231
-0.106621
-0.105998
-0.105361
-0.104708
-0.104035
-0.103341
-0.102624
-0.101882
-0.101114
-0.100317
-0.0994898
-0.0986319
-0.0977419
-0.0968187
-0.0958616
-0.0948699
-0.0938432
-0.092781
-0.0916832
-0.0905498
-0.0893807
-0.0881762
-0.0869366
-0.0856623
-0.0843538
-0.0830117
-0.0816367
-0.0802296
-0.0787913
-0.0773227
-0.0758248
-0.0742989
-0.072746
-0.0711677
-0.0695653
-0.0679404
-0.0662948
-0.0646302
-0.0629487
-0.0612523
-0.0595433
-0.057824
-0.0560969
-0.0543646
-0.0526298
-0.0508952
-0.0491637
-0.0474383
-0.0457219
-0.0440177
-0.0423285
-0.0406576
-0.0390079
-0.0373822
-0.0357836
-0.0342146
-0.032678
-0.0311759
-0.0297108
-0.0282844
-0.0268986
-0.0255547
-0.0242541
-0.0229976
-0.021786
-0.0206195
-0.0194985
-0.0184229
-0.0173923
-0.0164062
-0.0154641
-0.014565
-0.013708
-0.0128919
-0.0121154
-0.0113774
-0.0106763
-0.0100106
-0.00937902
-0.00877986
-0.00821166
-0.0076729
-0.00716211
-0.00667784
-0.00621872
-0.00578341
-0.00537066
-0.00497929
-0.0046082
-0.00425635
-0.00392279
-0.00360665
-0.0033071
-0.00302342
-0.00275491
-0.00250095
-0.00226098
-0.00203445
-0.00182089
-0.00161987
-0.00143098
-0.00125385
-0.00108816
-0.000933596
-0.000789901
-0.000656829
-0.000534167
-0.000421714
-0.000319302
-0.000226767
-0.000143966
-7.07623e-05
-7.01226e-06
4.74218e-05
9.26834e-05
0.000128928
0.000156327
0.000175061
0.000185389
0.000187443
0.000181906
0.000167858
0.000149825
0.000114363
0.000104736
-4.10168e-05
-0.225594
-0.226159
-0.226261
-0.226642
-0.227112
-0.227417
-0.227612
-0.227771
-0.227883
-0.227928
-0.227909
-0.227834
-0.227704
-0.227518
-0.227278
-0.226984
-0.226636
-0.226233
-0.225774
-0.225257
-0.22468
-0.224042
-0.223338
-0.222566
-0.221721
-0.220799
-0.219796
-0.218704
-0.217519
-0.216232
-0.214838
-0.213328
-0.211694
-0.209928
-0.208019
-0.20596
-0.20374
-0.201352
-0.198786
-0.196036
-0.193097
-0.189965
-0.18664
-0.183126
-0.179429
-0.17556
-0.171536
-0.167375
-0.163103
-0.158749
-0.154351
-0.14995
-0.145599
-0.141355
-0.137283
-0.133444
-0.129899
-0.126692
-0.123855
-0.121396
-0.119301
-0.11754
-0.116067
-0.114833
-0.113784
-0.112874
-0.112064
-0.111323
-0.110629
-0.109964
-0.109318
-0.108682
-0.108051
-0.107418
-0.106782
-0.106138
-0.105482
-0.104813
-0.104128
-0.103423
-0.102697
-0.101948
-0.101172
-0.10037
-0.0995377
-0.0986754
-0.0977815
-0.0968549
-0.0958948
-0.0949004
-0.0938714
-0.0928071
-0.0917075
-0.0905724
-0.0894019
-0.0881961
-0.0869553
-0.08568
-0.0843706
-0.0830277
-0.081652
-0.0802443
-0.0788054
-0.0773362
-0.0758377
-0.0743112
-0.0727577
-0.0711786
-0.0695754
-0.0679495
-0.0663028
-0.0646369
-0.0629538
-0.0612556
-0.0595445
-0.0578228
-0.0560929
-0.0543575
-0.0526191
-0.0508805
-0.0491446
-0.0474144
-0.0456928
-0.0439829
-0.0422877
-0.0406102
-0.0389537
-0.0373209
-0.0357149
-0.0341383
-0.0325938
-0.0310839
-0.0296109
-0.0281767
-0.0267831
-0.0254317
-0.0241238
-0.0228604
-0.0216422
-0.0204697
-0.0193432
-0.0182625
-0.0172275
-0.0162377
-0.0152924
-0.0143909
-0.0135321
-0.0127149
-0.0119381
-0.0112003
-0.0105001
-0.00983596
-0.00920641
-0.00860985
-0.00804475
-0.00750953
-0.00700267
-0.00652268
-0.00606813
-0.00563765
-0.00522992
-0.00484373
-0.00447793
-0.00413143
-0.00380327
-0.00349252
-0.00319835
-0.00291998
-0.00265671
-0.0024079
-0.00217295
-0.00195133
-0.00174254
-0.00154613
-0.00136169
-0.00118885
-0.00102727
-0.000876663
-0.000736744
-0.000607277
-0.000488054
-0.00037888
-0.000279592
-0.000190036
-0.000110078
-3.95877e-05
2.15642e-05
7.35065e-05
0.000116373
0.000150309
0.000175477
0.000192046
0.000200253
0.000200229
0.000192547
0.000176466
0.000155494
0.000119277
9.95667e-05
-1.82187e-05
-0.224284
-0.225221
-0.225624
-0.226125
-0.226684
-0.227093
-0.227366
-0.227575
-0.227724
-0.227797
-0.227796
-0.227729
-0.227599
-0.227408
-0.227156
-0.226844
-0.226473
-0.226043
-0.225552
-0.224998
-0.22438
-0.223695
-0.22294
-0.22211
-0.221202
-0.220211
-0.21913
-0.217955
-0.216677
-0.215291
-0.213787
-0.212159
-0.210397
-0.208493
-0.206438
-0.204223
-0.20184
-0.199282
-0.196542
-0.193616
-0.190501
-0.187199
-0.183712
-0.180049
-0.176223
-0.172252
-0.168156
-0.163963
-0.159705
-0.155418
-0.151143
-0.146926
-0.142819
-0.138874
-0.135144
-0.131679
-0.128517
-0.125685
-0.123193
-0.121033
-0.119182
-0.117604
-0.116256
-0.115095
-0.114079
-0.113173
-0.112348
-0.111581
-0.110857
-0.110161
-0.109486
-0.108825
-0.108171
-0.10752
-0.106868
-0.106211
-0.105545
-0.104867
-0.104175
-0.103464
-0.102733
-0.101979
-0.1012
-0.100394
-0.0995595
-0.0986949
-0.0977989
-0.0968704
-0.0959087
-0.094913
-0.0938826
-0.0928173
-0.0917167
-0.0905807
-0.0894094
-0.0882029
-0.0869615
-0.0856857
-0.0843758
-0.0830324
-0.0816563
-0.0802482
-0.0788089
-0.0773393
-0.0758404
-0.0743134
-0.0727595
-0.0711799
-0.0695761
-0.0679495
-0.0663019
-0.0646351
-0.0629508
-0.0612513
-0.0595386
-0.0578151
-0.0560832
-0.0543453
-0.0526043
-0.0508627
-0.0491235
-0.0473896
-0.0456639
-0.0439496
-0.0422497
-0.0405673
-0.0389054
-0.037267
-0.0356551
-0.0340725
-0.0325218
-0.0310056
-0.0295261
-0.0280855
-0.0266857
-0.0253281
-0.0240142
-0.0227451
-0.0215215
-0.0203439
-0.0192126
-0.0181277
-0.0170889
-0.0160959
-0.0151479
-0.0142442
-0.0133838
-0.0125656
-0.0117883
-0.0110506
-0.010351
-0.00968797
-0.00906003
-0.00846555
-0.00790294
-0.0073706
-0.00686696
-0.00639051
-0.00593975
-0.00551329
-0.00510976
-0.00472792
-0.00436656
-0.00402459
-0.00370099
-0.00339482
-0.00310521
-0.00283136
-0.00257256
-0.00232814
-0.0020975
-0.00188007
-0.00167536
-0.00148291
-0.0013023
-0.00113314
-0.000975112
-0.000827898
-0.000691232
-0.000564874
-0.000448618
-0.000342273
-0.000245681
-0.000158698
-8.11925e-05
-1.30445e-05
4.58661e-05
9.56598e-05
0.000136462
0.000168409
0.000191654
0.000206355
0.000212732
0.000210911
0.000201365
0.000183535
0.000159958
0.000123275
9.43351e-05
2.78269e-06
-0.223026
-0.224266
-0.224952
-0.225598
-0.226252
-0.226762
-0.227117
-0.227381
-0.227569
-0.227671
-0.227688
-0.227629
-0.2275
-0.227303
-0.227038
-0.226709
-0.226316
-0.225858
-0.225334
-0.224744
-0.224085
-0.223354
-0.222547
-0.221662
-0.220692
-0.219632
-0.218477
-0.21722
-0.215854
-0.214371
-0.212763
-0.211023
-0.20914
-0.207108
-0.204917
-0.20256
-0.20003
-0.19732
-0.194426
-0.191347
-0.188084
-0.18464
-0.181024
-0.177249
-0.173333
-0.169299
-0.165173
-0.160989
-0.156783
-0.152595
-0.148469
-0.144451
-0.140588
-0.136925
-0.133505
-0.130361
-0.127516
-0.124981
-0.122751
-0.120809
-0.119125
-0.117666
-0.116394
-0.115273
-0.114271
-0.113361
-0.112521
-0.111734
-0.110988
-0.110272
-0.109579
-0.108901
-0.108234
-0.107572
-0.106911
-0.106246
-0.105574
-0.104891
-0.104194
-0.10348
-0.102746
-0.101989
-0.101208
-0.100401
-0.0995645
-0.0986986
-0.0978016
-0.0968722
-0.0959096
-0.0949131
-0.0938821
-0.0928161
-0.091715
-0.0905785
-0.0894068
-0.0882
-0.0869583
-0.0856821
-0.0843719
-0.0830283
-0.0816519
-0.0802435
-0.078804
-0.0773341
-0.075835
-0.0743077
-0.0727534
-0.0711734
-0.0695691
-0.067942
-0.0662938
-0.0646263
-0.0629412
-0.0612407
-0.0595269
-0.0578021
-0.0560686
-0.0543291
-0.052586
-0.0508423
-0.0491006
-0.047364
-0.0456353
-0.0439178
-0.0422143
-0.0405281
-0.0388621
-0.0372195
-0.0356031
-0.0340158
-0.0324603
-0.0309392
-0.0294548
-0.0280092
-0.0266044
-0.025242
-0.0239234
-0.0226496
-0.0214216
-0.0202399
-0.0191049
-0.0180165
-0.0169746
-0.0159789
-0.0150287
-0.0141231
-0.0132613
-0.0124422
-0.0116644
-0.0109267
-0.0102275
-0.00956533
-0.00893863
-0.00834578
-0.00778515
-0.00725512
-0.00675408
-0.00628049
-0.00583282
-0.00540964
-0.00500956
-0.00463128
-0.0042736
-0.00393536
-0.00361555
-0.00331317
-0.00302735
-0.00275728
-0.00250221
-0.00226146
-0.00203441
-0.00182051
-0.00161922
-0.00143009
-0.00125269
-0.00108663
-0.000931582
-0.00078723
-0.000653305
-0.000529568
-0.000415813
-0.000311855
-0.000217539
-0.000132725
-5.72894e-05
8.88416e-06
6.59067e-05
0.000113891
0.000152957
0.000183232
0.000204861
0.000217994
0.00022283
0.000219498
0.000208376
0.000189088
0.000163293
0.000126374
8.94611e-05
2.08756e-05
-0.221853
-0.22334
-0.224283
-0.225082
-0.225836
-0.226442
-0.226879
-0.227199
-0.227426
-0.227556
-0.227591
-0.227541
-0.227412
-0.227208
-0.226932
-0.226585
-0.22617
-0.225685
-0.225131
-0.224505
-0.223807
-0.223032
-0.222177
-0.221238
-0.22021
-0.219087
-0.217862
-0.21653
-0.215082
-0.213511
-0.211808
-0.209966
-0.207976
-0.205829
-0.203518
-0.201037
-0.198379
-0.19554
-0.192518
-0.189313
-0.185931
-0.182379
-0.178668
-0.174818
-0.170848
-0.166788
-0.162668
-0.158525
-0.154398
-0.15033
-0.146363
-0.142541
-0.138905
-0.135493
-0.132335
-0.129451
-0.126852
-0.124537
-0.122493
-0.120696
-0.11912
-0.117731
-0.1165
-0.115397
-0.114397
-0.113479
-0.112626
-0.111824
-0.111063
-0.110334
-0.109629
-0.108941
-0.108266
-0.107597
-0.10693
-0.10626
-0.105584
-0.104898
-0.104199
-0.103482
-0.102746
-0.101988
-0.101206
-0.100397
-0.0995598
-0.0986929
-0.097795
-0.0968651
-0.0959021
-0.094905
-0.0938736
-0.0928073
-0.0917059
-0.0905692
-0.0893972
-0.0881901
-0.0869482
-0.0856718
-0.0843615
-0.0830177
-0.0816411
-0.0802325
-0.0787927
-0.0773227
-0.0758233
-0.0742958
-0.0727412
-0.0711609
-0.0695563
-0.0679288
-0.0662801
-0.064612
-0.0629264
-0.0612252
-0.0595106
-0.0577848
-0.0560503
-0.0543095
-0.0525651
-0.0508197
-0.0490763
-0.0473377
-0.045607
-0.0438871
-0.0421811
-0.0404921
-0.0388232
-0.0371775
-0.0355578
-0.0339671
-0.0324081
-0.0308833
-0.0293952
-0.0279458
-0.0265373
-0.0251711
-0.0238489
-0.0225716
-0.0213402
-0.0201554
-0.0190173
-0.0179263
-0.016882
-0.0158841
-0.0149321
-0.0140251
-0.0131622
-0.0123423
-0.0115641
-0.0108263
-0.0101275
-0.00946595
-0.00884022
-0.00824863
-0.00768956
-0.00716135
-0.00666238
-0.00619107
-0.00574587
-0.00532531
-0.004928
-0.0045526
-0.00419788
-0.00386268
-0.00354593
-0.00324664
-0.00296392
-0.00269692
-0.00244489
-0.00220714
-0.00198304
-0.00177201
-0.00157353
-0.00138713
-0.00121236
-0.00104886
-0.000896259
-0.000754262
-0.000622594
-0.000501015
-0.000389321
-0.000287331
-0.000194889
-0.000111862
-3.81309e-05
2.64181e-05
8.18893e-05
0.000128388
0.000166031
0.000194937
0.000215244
0.000227095
0.000230671
0.000226105
0.000213693
0.000193229
0.000165622
0.000128638
8.52611e-05
3.53281e-05
-0.220794
-0.222481
-0.223648
-0.2246
-0.225454
-0.226149
-0.226662
-0.227037
-0.227301
-0.227457
-0.227509
-0.227466
-0.227338
-0.227128
-0.226841
-0.226478
-0.226042
-0.225532
-0.22495
-0.224292
-0.223557
-0.222743
-0.221844
-0.220857
-0.219777
-0.218597
-0.217311
-0.215911
-0.214392
-0.212743
-0.210958
-0.209029
-0.206946
-0.204703
-0.202292
-0.199707
-0.196945
-0.194002
-0.19088
-0.18758
-0.18411
-0.180481
-0.17671
-0.172816
-0.168826
-0.16477
-0.160683
-0.156603
-0.15257
-0.148626
-0.144813
-0.14117
-0.137731
-0.134525
-0.131572
-0.128885
-0.126463
-0.124298
-0.122374
-0.120667
-0.119152
-0.1178
-0.116587
-0.115488
-0.114484
-0.113557
-0.112693
-0.11188
-0.111109
-0.110371
-0.109658
-0.108964
-0.108282
-0.107609
-0.106938
-0.106265
-0.105586
-0.104898
-0.104196
-0.103478
-0.10274
-0.101981
-0.101198
-0.100388
-0.0995498
-0.0986822
-0.0977837
-0.0968532
-0.0958895
-0.0948923
-0.0938606
-0.0927939
-0.0916922
-0.0905552
-0.0893831
-0.0881758
-0.0869337
-0.0856572
-0.0843466
-0.0830026
-0.0816259
-0.0802172
-0.0787772
-0.0773069
-0.0758073
-0.0742795
-0.0727247
-0.0711441
-0.0695392
-0.0679114
-0.0662624
-0.0645939
-0.0629078
-0.0612061
-0.0594909
-0.0577644
-0.0560292
-0.0542875
-0.0525422
-0.0507958
-0.0490512
-0.0473112
-0.045579
-0.0438575
-0.0421498
-0.0404589
-0.038788
-0.0371401
-0.0355181
-0.033925
-0.0323635
-0.0308361
-0.0293454
-0.0278934
-0.0264821
-0.0251133
-0.0237884
-0.0225085
-0.0212747
-0.0200875
-0.0189473
-0.0178542
-0.0168082
-0.0158087
-0.0148553
-0.0139473
-0.0130836
-0.0122631
-0.0114847
-0.0107468
-0.0100482
-0.0093872
-0.00876223
-0.00817165
-0.0076138
-0.00708701
-0.00658966
-0.00612014
-0.00567688
-0.0052584
-0.00486327
-0.00449015
-0.00413778
-0.00380498
-0.00349067
-0.00319384
-0.00291358
-0.00264903
-0.00239944
-0.00216409
-0.00194235
-0.00173362
-0.00153739
-0.00135317
-0.00118053
-0.00101906
-0.000868434
-0.000728328
-0.000598473
-0.000478629
-0.000368593
-0.000268183
-0.00017725
-9.56574e-05
-2.32936e-05
3.99526e-05
9.41823e-05
0.000139495
0.000176003
0.00020382
0.000223076
0.00023391
0.000236487
0.000230944
0.000217511
0.000196134
0.000167117
0.000130176
8.19349e-05
4.58298e-05
-0.219874
-0.221721
-0.223077
-0.224173
-0.225122
-0.225895
-0.226477
-0.226903
-0.227201
-0.22738
-0.227446
-0.22741
-0.227282
-0.227066
-0.226769
-0.226391
-0.225937
-0.225406
-0.224798
-0.224112
-0.223346
-0.222497
-0.221561
-0.220533
-0.219408
-0.218179
-0.216841
-0.215387
-0.213807
-0.212095
-0.210243
-0.208242
-0.206085
-0.203765
-0.201275
-0.198611
-0.195769
-0.192749
-0.189553
-0.186187
-0.182659
-0.178984
-0.175181
-0.171272
-0.167286
-0.163256
-0.159217
-0.155209
-0.151272
-0.147446
-0.143769
-0.140274
-0.136991
-0.133941
-0.131138
-0.128585
-0.126279
-0.124207
-0.122353
-0.120694
-0.119208
-0.117871
-0.116661
-0.11556
-0.114549
-0.113613
-0.11274
-0.11192
-0.111141
-0.110396
-0.109677
-0.108978
-0.108293
-0.107616
-0.106942
-0.106267
-0.105586
-0.104895
-0.104191
-0.103472
-0.102733
-0.101972
-0.101187
-0.100377
-0.0995379
-0.0986696
-0.0977705
-0.0968394
-0.0958752
-0.0948774
-0.0938452
-0.0927783
-0.0916764
-0.0905391
-0.0893667
-0.0881592
-0.0869169
-0.0856401
-0.0843294
-0.0829852
-0.0816083
-0.0801993
-0.0787591
-0.0772886
-0.0757888
-0.0742608
-0.0727057
-0.0711248
-0.0695196
-0.0678915
-0.0662422
-0.0645733
-0.0628869
-0.0611848
-0.0594691
-0.0577422
-0.0560064
-0.0542642
-0.0525182
-0.0507711
-0.0490257
-0.0472849
-0.0455517
-0.0438292
-0.0421203
-0.0404282
-0.038756
-0.0371067
-0.0354832
-0.0338885
-0.0323253
-0.0307963
-0.0293037
-0.0278499
-0.0264368
-0.0250662
-0.0237395
-0.0224579
-0.0212224
-0.0200336
-0.0188919
-0.0177975
-0.0167501
-0.0157496
-0.0147953
-0.0138866
-0.0130223
-0.0122015
-0.0114229
-0.0106851
-0.00998673
-0.00932616
-0.0087018
-0.00811201
-0.00755513
-0.00702946
-0.00653337
-0.00606524
-0.00562349
-0.00520662
-0.00481319
-0.00444184
-0.00409129
-0.00376037
-0.00344796
-0.00315305
-0.00287471
-0.00261208
-0.00236438
-0.00213091
-0.00191101
-0.00170409
-0.00150962
-0.00132711
-0.00115612
-0.00099626
-0.000847173
-0.000708549
-0.000580115
-0.000461631
-0.000352893
-0.000253722
-0.00016397
-8.35001e-05
-1.22049e-05
5.00243e-05
0.000103287
0.000147678
0.000183307
0.000210283
0.000228731
0.000238784
0.000240597
0.000234309
0.000220098
0.000198041
0.000167984
0.000131143
7.95755e-05
5.248e-05
-0.219111
-0.221083
-0.222595
-0.223816
-0.22485
-0.225691
-0.226331
-0.2268
-0.227127
-0.227326
-0.227404
-0.227374
-0.227245
-0.227025
-0.226718
-0.226328
-0.225858
-0.225308
-0.22468
-0.223971
-0.223179
-0.222302
-0.221335
-0.220274
-0.219114
-0.217847
-0.216468
-0.21497
-0.213344
-0.211583
-0.209679
-0.207625
-0.205412
-0.203035
-0.200488
-0.197767
-0.19487
-0.191798
-0.188554
-0.185147
-0.181587
-0.17789
-0.174077
-0.170172
-0.166207
-0.162214
-0.158229
-0.154292
-0.150441
-0.146714
-0.143144
-0.139762
-0.136592
-0.133649
-0.130942
-0.128473
-0.126233
-0.124212
-0.122392
-0.120754
-0.119277
-0.117942
-0.116729
-0.115621
-0.114602
-0.113658
-0.112778
-0.111951
-0.111166
-0.110416
-0.109693
-0.10899
-0.108302
-0.107622
-0.106945
-0.106268
-0.105585
-0.104892
-0.104187
-0.103466
-0.102726
-0.101964
-0.101178
-0.100366
-0.0995264
-0.0986574
-0.0977575
-0.0968257
-0.095861
-0.0948627
-0.09383
-0.0927627
-0.0916602
-0.0905227
-0.08935
-0.0881422
-0.0868996
-0.0856226
-0.0843116
-0.0829672
-0.08159
-0.0801807
-0.0787403
-0.0772695
-0.0757694
-0.0742411
-0.0726857
-0.0711045
-0.069499
-0.0678706
-0.066221
-0.0645518
-0.062865
-0.0611626
-0.0594466
-0.0577193
-0.0559831
-0.0542405
-0.0524941
-0.0507465
-0.0490006
-0.0472592
-0.0455254
-0.0438022
-0.0420927
-0.0403998
-0.0387268
-0.0370766
-0.0354523
-0.0338566
-0.0322924
-0.0307623
-0.0292687
-0.0278138
-0.0263996
-0.0250278
-0.0237
-0.0224173
-0.0211808
-0.0199909
-0.0188483
-0.017753
-0.0167049
-0.0157038
-0.014749
-0.0138398
-0.0129752
-0.0121543
-0.0113757
-0.010638
-0.00993988
-0.00927971
-0.00865588
-0.00806674
-0.00751062
-0.00698584
-0.00649073
-0.00602368
-0.0055831
-0.00516746
-0.00477534
-0.00440535
-0.0040562
-0.00372671
-0.00341575
-0.00312231
-0.00284544
-0.00258428
-0.00233805
-0.00210601
-0.00188752
-0.00168198
-0.00148886
-0.00130765
-0.00113793
-0.000979293
-0.000831384
-0.000693893
-0.000566545
-0.0004491
-0.000341355
-0.00024313
-0.000154279
-7.46658e-05
-4.18409e-06
5.72728e-05
0.000109803
0.000153499
0.000188467
0.000214813
0.000232659
0.000242133
0.000243381
0.000236547
0.000221768
0.000199227
0.000168454
0.000131725
7.81928e-05
5.57301e-05
-0.218514
-0.22058
-0.222215
-0.223541
-0.224647
-0.225542
-0.226228
-0.226732
-0.227083
-0.227296
-0.227384
-0.227357
-0.227228
-0.227003
-0.226689
-0.226289
-0.225806
-0.225243
-0.224598
-0.223871
-0.22306
-0.222162
-0.221172
-0.220087
-0.2189
-0.217606
-0.216197
-0.214667
-0.213008
-0.211212
-0.209273
-0.207181
-0.20493
-0.202515
-0.199931
-0.197173
-0.194242
-0.19114
-0.18787
-0.184442
-0.180869
-0.177168
-0.17336
-0.169472
-0.165534
-0.16158
-0.157646
-0.153768
-0.149986
-0.146332
-0.142839
-0.139533
-0.136434
-0.133555
-0.130904
-0.128478
-0.12627
-0.12427
-0.122462
-0.120828
-0.11935
-0.118009
-0.11679
-0.115674
-0.114647
-0.113697
-0.11281
-0.111977
-0.111188
-0.110434
-0.109707
-0.109002
-0.108311
-0.107628
-0.10695
-0.10627
-0.105585
-0.104891
-0.104185
-0.103462
-0.10272
-0.101957
-0.10117
-0.100358
-0.099517
-0.0986471
-0.0977464
-0.0968139
-0.0958486
-0.0948497
-0.0938165
-0.0927486
-0.0916457
-0.0905077
-0.0893346
-0.0881264
-0.0868835
-0.0856061
-0.0842948
-0.08295
-0.0815725
-0.0801629
-0.0787221
-0.077251
-0.0757506
-0.0742219
-0.0726662
-0.0710847
-0.0694789
-0.0678502
-0.0662002
-0.0645307
-0.0628436
-0.0611408
-0.0594245
-0.0576969
-0.0559604
-0.0542174
-0.0524706
-0.0507226
-0.0489764
-0.0472347
-0.0455005
-0.0437769
-0.0420669
-0.0403736
-0.0387002
-0.0370495
-0.0354246
-0.0338284
-0.0322637
-0.030733
-0.0292388
-0.0277833
-0.0263685
-0.0249961
-0.0236677
-0.0223844
-0.0211473
-0.0199569
-0.0188138
-0.0177181
-0.0166696
-0.0156682
-0.0147131
-0.0138038
-0.0129392
-0.0121182
-0.0113397
-0.0106023
-0.00990446
-0.00924467
-0.00862132
-0.00803274
-0.00747725
-0.00695318
-0.00645886
-0.00599265
-0.00555297
-0.0051383
-0.00474717
-0.00437822
-0.00403014
-0.00370174
-0.00339189
-0.00309956
-0.0028238
-0.00256375
-0.00231861
-0.00208766
-0.00187023
-0.00166573
-0.00147362
-0.0012934
-0.00112462
-0.000966902
-0.000819876
-0.000683233
-0.000556697
-0.00044003
-0.000333028
-0.000235511
-0.000147332
-6.8359e-05
1.51648e-06
6.23998e-05
0.000114388
0.000157571
0.000192055
0.000217944
0.000235354
0.000244413
0.00024526
0.000238041
0.000222867
0.000199998
0.000168771
0.00013213
7.77468e-05
5.63028e-05
-0.218085
-0.220217
-0.221944
-0.223353
-0.224514
-0.225448
-0.226168
-0.226698
-0.227066
-0.22729
-0.227383
-0.227359
-0.227229
-0.227001
-0.226681
-0.226273
-0.225782
-0.225208
-0.224552
-0.223813
-0.222988
-0.222076
-0.221071
-0.219969
-0.218765
-0.217452
-0.216024
-0.214474
-0.212794
-0.210977
-0.209014
-0.2069
-0.204627
-0.20219
-0.199585
-0.196808
-0.19386
-0.190743
-0.187463
-0.18403
-0.180456
-0.176761
-0.172966
-0.169098
-0.165187
-0.161266
-0.157371
-0.153538
-0.149802
-0.146197
-0.14275
-0.139488
-0.136428
-0.133582
-0.130955
-0.128546
-0.126348
-0.124352
-0.122543
-0.120904
-0.119419
-0.118071
-0.116844
-0.11572
-0.114687
-0.11373
-0.112838
-0.112001
-0.111207
-0.11045
-0.109721
-0.109013
-0.10832
-0.107636
-0.106955
-0.106274
-0.105588
-0.104892
-0.104184
-0.103461
-0.102718
-0.101954
-0.101166
-0.100352
-0.0995105
-0.0986398
-0.0977384
-0.0968052
-0.0958392
-0.0948396
-0.0938058
-0.0927374
-0.091634
-0.0904955
-0.0893219
-0.0881133
-0.0868699
-0.0855921
-0.0842804
-0.0829352
-0.0815572
-0.0801472
-0.078706
-0.0772345
-0.0757337
-0.0742046
-0.0726485
-0.0710666
-0.0694604
-0.0678312
-0.0661809
-0.064511
-0.0628235
-0.0611204
-0.0594037
-0.0576757
-0.0559389
-0.0541956
-0.0524484
-0.0507002
-0.0489536
-0.0472116
-0.0454772
-0.0437533
-0.042043
-0.0403495
-0.0386757
-0.0370248
-0.0353996
-0.0338032
-0.0322382
-0.0307072
-0.0292127
-0.0277569
-0.0263418
-0.0249692
-0.0236405
-0.022357
-0.0211196
-0.019929
-0.0187857
-0.0176899
-0.0166413
-0.0156398
-0.0146848
-0.0137755
-0.012911
-0.0120902
-0.0113119
-0.0105748
-0.00987729
-0.0092179
-0.008595
-0.00800692
-0.00745199
-0.00692852
-0.00643485
-0.00596933
-0.00553037
-0.00511645
-0.00472611
-0.00435796
-0.00401071
-0.00368315
-0.00337414
-0.00308266
-0.00280776
-0.00254854
-0.00230423
-0.0020741
-0.00185747
-0.00165375
-0.00146239
-0.0012829
-0.00111483
-0.000957795
-0.000811425
-0.000675412
-0.00054948
-0.00043339
-0.000326939
-0.000229946
-0.000142266
-6.3766e-05
5.66202e-06
6.61232e-05
0.000117715
0.000160525
0.000194658
0.000220219
0.000237321
0.00024609
0.00024666
0.000239178
0.000223742
0.000200659
0.000169177
0.000132574
7.81743e-05
5.50988e-05
-0.217815
-0.219989
-0.221781
-0.223247
-0.224446
-0.225407
-0.226148
-0.226695
-0.227074
-0.227304
-0.227401
-0.227378
-0.227246
-0.227016
-0.226692
-0.22628
-0.225783
-0.225202
-0.224539
-0.223792
-0.22296
-0.222038
-0.221025
-0.219913
-0.218699
-0.217376
-0.215938
-0.214377
-0.212685
-0.210857
-0.208883
-0.206758
-0.204475
-0.202028
-0.199414
-0.196629
-0.193676
-0.190556
-0.187276
-0.183845
-0.180278
-0.176593
-0.172812
-0.168961
-0.165071
-0.161175
-0.157306
-0.1535
-0.149792
-0.146212
-0.142789
-0.139546
-0.136502
-0.133666
-0.131045
-0.128638
-0.126439
-0.124437
-0.122621
-0.120974
-0.119481
-0.118125
-0.11689
-0.115759
-0.11472
-0.113758
-0.112862
-0.11202
-0.111224
-0.110464
-0.109733
-0.109023
-0.108329
-0.107643
-0.106961
-0.106279
-0.105592
-0.104895
-0.104186
-0.103462
-0.102718
-0.101953
-0.101164
-0.10035
-0.0995075
-0.098636
-0.0977339
-0.0968
-0.0958334
-0.0948332
-0.0937988
-0.0927298
-0.0916258
-0.0904868
-0.0893127
-0.0881036
-0.0868597
-0.0855814
-0.0842691
-0.0829235
-0.0815451
-0.0801346
-0.0786929
-0.0772209
-0.0757196
-0.0741901
-0.0726335
-0.0710511
-0.0694444
-0.0678148
-0.0661639
-0.0644936
-0.0628057
-0.0611021
-0.059385
-0.0576566
-0.0559193
-0.0541756
-0.0524281
-0.0506795
-0.0489326
-0.0471903
-0.0454555
-0.0437314
-0.0420208
-0.0403271
-0.0386531
-0.0370019
-0.0353766
-0.03378
-0.0322148
-0.0306837
-0.0291891
-0.0277332
-0.026318
-0.0249452
-0.0236165
-0.0223329
-0.0210955
-0.0199049
-0.0187617
-0.0176659
-0.0166174
-0.015616
-0.0146611
-0.013752
-0.0128878
-0.0120673
-0.0112893
-0.0105525
-0.00985543
-0.00919647
-0.00857402
-0.00798644
-0.00743203
-0.0069091
-0.006416
-0.00595107
-0.00551273
-0.00509945
-0.00470975
-0.00434226
-0.00399568
-0.00366879
-0.00336045
-0.00306965
-0.0027954
-0.00253685
-0.00229318
-0.00206367
-0.00184766
-0.00164453
-0.00145375
-0.00127482
-0.0011073
-0.000950774
-0.0008049
-0.000669362
-0.000543885
-0.000428229
-0.000322192
-0.000225594
-0.000138288
-6.01419e-05
8.95162e-06
6.90981e-05
0.000120395
0.00016293
0.000196807
0.00022213
0.000239012
0.000247577
0.000247956
0.000240299
0.000224692
0.00020147
0.000169871
0.000133234
7.93882e-05
5.30873e-05
-0.217679
-0.219877
-0.221708
-0.22321
-0.224431
-0.225406
-0.226159
-0.226716
-0.2271
-0.227333
-0.227431
-0.227409
-0.227276
-0.227044
-0.226718
-0.226303
-0.225803
-0.225219
-0.224553
-0.223802
-0.222966
-0.22204
-0.221022
-0.219907
-0.218688
-0.217361
-0.215918
-0.214353
-0.212658
-0.210825
-0.208848
-0.20672
-0.204434
-0.201985
-0.19937
-0.196586
-0.193633
-0.190516
-0.18724
-0.183816
-0.180256
-0.176581
-0.172811
-0.168973
-0.165097
-0.161215
-0.15736
-0.153568
-0.149871
-0.146301
-0.142886
-0.139648
-0.136605
-0.133768
-0.131144
-0.12873
-0.126524
-0.124514
-0.122689
-0.121034
-0.119532
-0.118168
-0.116926
-0.11579
-0.114746
-0.11378
-0.11288
-0.112036
-0.111238
-0.110476
-0.109743
-0.109032
-0.108337
-0.10765
-0.106968
-0.106285
-0.105597
-0.1049
-0.10419
-0.103465
-0.102721
-0.101955
-0.101166
-0.100351
-0.099508
-0.0986359
-0.0977333
-0.0967988
-0.0958316
-0.0948308
-0.0937959
-0.0927263
-0.0916218
-0.0904822
-0.0893075
-0.0880979
-0.0868534
-0.0855746
-0.0842618
-0.0829156
-0.0815366
-0.0801256
-0.0786834
-0.0772108
-0.0757089
-0.0741788
-0.0726216
-0.0710387
-0.0694314
-0.0678012
-0.0661498
-0.0644789
-0.0627904
-0.0610862
-0.0593686
-0.0576397
-0.0559019
-0.0541577
-0.0524097
-0.0506606
-0.0489132
-0.0471704
-0.0454352
-0.0437107
-0.0419998
-0.0403057
-0.0386314
-0.03698
-0.0353544
-0.0337576
-0.0321922
-0.0306609
-0.0291662
-0.0277102
-0.0262949
-0.0249222
-0.0235934
-0.0223099
-0.0210725
-0.0198821
-0.018739
-0.0176433
-0.0165951
-0.0155939
-0.0146393
-0.0137305
-0.0128666
-0.0120465
-0.011269
-0.0105326
-0.00983595
-0.00917746
-0.00855552
-0.00796846
-0.00741459
-0.00689222
-0.00639968
-0.00593534
-0.00549758
-0.00508489
-0.00469578
-0.00432889
-0.0039829
-0.0036566
-0.00334886
-0.00305862
-0.00278495
-0.00252695
-0.00228383
-0.00205484
-0.00183934
-0.00163671
-0.0014464
-0.00126793
-0.00110084
-0.000944734
-0.00079926
-0.000664102
-0.00053899
-0.00042368
-0.000317973
-0.000221687
-0.000134678
-5.6813e-05
1.20162e-05
7.19146e-05
0.000122979
0.000165299
0.000198977
0.000224117
0.000240833
0.000249245
0.000249485
0.000241704
0.000225984
0.00020266
0.000171029
0.000134258
8.13135e-05
5.12476e-05
-0.217651
-0.219861
-0.221713
-0.223232
-0.224463
-0.225444
-0.226201
-0.226761
-0.227147
-0.22738
-0.227478
-0.227455
-0.227322
-0.227088
-0.226761
-0.226345
-0.225843
-0.225258
-0.22459
-0.223838
-0.223001
-0.222074
-0.221055
-0.219939
-0.21872
-0.217393
-0.21595
-0.214385
-0.21269
-0.210858
-0.208883
-0.206756
-0.204472
-0.202026
-0.199414
-0.196633
-0.193686
-0.190574
-0.187304
-0.183886
-0.180333
-0.176665
-0.172902
-0.169072
-0.165202
-0.161326
-0.157476
-0.153687
-0.149992
-0.146421
-0.143004
-0.139762
-0.136712
-0.133868
-0.131235
-0.128812
-0.126596
-0.124577
-0.122743
-0.121079
-0.11957
-0.1182
-0.116952
-0.115812
-0.114764
-0.113795
-0.112893
-0.112047
-0.111247
-0.110485
-0.109752
-0.10904
-0.108344
-0.107658
-0.106975
-0.106292
-0.105604
-0.104907
-0.104197
-0.103471
-0.102727
-0.101961
-0.101171
-0.100356
-0.0995128
-0.0986403
-0.0977372
-0.0968023
-0.0958345
-0.0948333
-0.0937978
-0.0927276
-0.0916225
-0.0904824
-0.0893071
-0.0880968
-0.0868517
-0.0855723
-0.0842588
-0.082912
-0.0815323
-0.0801206
-0.0786777
-0.0772044
-0.0757018
-0.0741709
-0.072613
-0.0710293
-0.0694212
-0.0677902
-0.066138
-0.0644664
-0.062777
-0.0610721
-0.0593536
-0.0576239
-0.0558853
-0.0541403
-0.0523915
-0.0506417
-0.0488935
-0.04715
-0.0454141
-0.0436889
-0.0419773
-0.0402826
-0.0386077
-0.0369558
-0.0353297
-0.0337324
-0.0321666
-0.030635
-0.02914
-0.0276838
-0.0262683
-0.0248955
-0.0235667
-0.0222831
-0.0210459
-0.0198555
-0.0187126
-0.0176172
-0.0165692
-0.0155684
-0.0146142
-0.0137059
-0.0128424
-0.0120229
-0.0112459
-0.0105101
-0.00981407
-0.00915624
-0.00853496
-0.00794858
-0.0073954
-0.00687373
-0.00638189
-0.00591825
-0.00548119
-0.00506919
-0.00468078
-0.00431457
-0.00396925
-0.00364361
-0.0033365
-0.0030469
-0.00277383
-0.00251641
-0.00227386
-0.00204542
-0.00183044
-0.00162831
-0.00143848
-0.00126046
-0.0010938
-0.000938111
-0.000793028
-0.00065824
-0.000533479
-0.000418502
-0.000313109
-0.000217121
-0.000130393
-5.27925e-05
1.57874e-05
7.54517e-05
0.000126298
0.000168415
0.000201904
0.000226872
0.000243432
0.000251702
0.000251814
0.000243921
0.000228108
0.000204684
0.000173059
0.000136032
8.41213e-05
5.07506e-05
-0.217712
-0.219929
-0.22179
-0.223315
-0.224547
-0.225528
-0.226284
-0.226842
-0.227226
-0.227458
-0.227554
-0.227528
-0.227393
-0.227158
-0.226829
-0.226411
-0.225909
-0.225323
-0.224655
-0.223903
-0.223066
-0.22214
-0.221122
-0.220007
-0.21879
-0.217465
-0.216025
-0.214463
-0.212771
-0.210944
-0.208972
-0.20685
-0.204572
-0.202131
-0.199524
-0.19675
-0.193809
-0.190703
-0.187439
-0.184026
-0.180479
-0.176815
-0.173056
-0.169227
-0.165358
-0.161481
-0.157629
-0.153835
-0.150134
-0.146556
-0.143129
-0.139876
-0.136816
-0.13396
-0.131315
-0.128881
-0.126654
-0.124625
-0.122782
-0.121111
-0.119595
-0.11822
-0.116968
-0.115823
-0.114773
-0.113802
-0.112899
-0.112053
-0.111253
-0.110491
-0.109758
-0.109047
-0.108351
-0.107665
-0.106983
-0.106301
-0.105613
-0.104916
-0.104207
-0.103481
-0.102737
-0.101971
-0.101182
-0.100366
-0.0995227
-0.09865
-0.0977465
-0.0968112
-0.095843
-0.0948412
-0.0938052
-0.0927345
-0.0916287
-0.0904879
-0.0893119
-0.0881009
-0.086855
-0.0855748
-0.0842605
-0.0829128
-0.0815322
-0.0801196
-0.0786758
-0.0772015
-0.0756979
-0.0741661
-0.0726071
-0.0710223
-0.0694132
-0.0677811
-0.0661278
-0.064455
-0.0627645
-0.0610584
-0.0593387
-0.0576078
-0.055868
-0.0541218
-0.0523717
-0.0506206
-0.0488713
-0.0471266
-0.0453895
-0.0436631
-0.0419505
-0.0402546
-0.0385788
-0.0369258
-0.0352989
-0.0337008
-0.0321343
-0.030602
-0.0291064
-0.0276497
-0.0262338
-0.0248607
-0.0235316
-0.022248
-0.0210107
-0.0198205
-0.0186777
-0.0175826
-0.016535
-0.0155346
-0.014581
-0.0136732
-0.0128105
-0.0119916
-0.0112154
-0.0104805
-0.00978537
-0.00912844
-0.00850811
-0.00792268
-0.00737047
-0.00684978
-0.00635892
-0.00589624
-0.00546015
-0.0050491
-0.00466161
-0.00429631
-0.00395187
-0.00362708
-0.00332081
-0.003032
-0.0027597
-0.00250302
-0.00226117
-0.00203341
-0.00181907
-0.00161755
-0.0014283
-0.00125083
-0.00108469
-0.000929481
-0.000784859
-0.000650505
-0.000526151
-0.000411558
-0.000306526
-0.000210879
-0.00012447
-4.71701e-05
2.11277e-05
8.05264e-05
0.000131125
0.000173011
0.000206285
0.000231053
0.000247431
0.000255538
0.000255502
0.000247476
0.000231557
0.000208018
0.000176384
0.000139037
8.79675e-05
5.26073e-05
-0.228261
-0.228374
-0.228415
-0.228463
-0.228498
-0.228523
-0.228535
-0.228529
-0.228504
-0.228456
-0.228384
-0.228286
-0.228161
-0.228008
-0.227825
-0.227612
-0.227367
-0.227092
-0.226783
-0.226442
-0.226068
-0.22566
-0.225219
-0.224742
-0.224232
-0.223686
-0.223106
-0.222489
-0.221837
-0.221149
-0.220425
-0.219663
-0.218863
-0.218025
-0.217147
-0.216228
-0.215265
-0.214257
-0.2132
-0.21209
-0.210924
-0.209696
-0.208401
-0.207032
-0.205579
-0.204027
-0.202356
-0.20053
-0.198499
-0.196188
-0.193494
-0.190285
-0.186401
-0.181664
-0.175897
-0.168947
-0.160711
-0.151164
-0.140378
-0.128528
-0.115901
-0.102875
-0.089894
-0.0774329
-0.0659506
-0.0558535
-0.0474571
-0.0409619
-0.0364453
-0.0338656
-0.0330747
-0.0338448
-0.0359011
-0.0389489
-0.0426989
-0.0468846
-0.0512749
-0.0556791
-0.0599483
-0.0639749
-0.0676805
-0.0710192
-0.0739695
-0.0765251
-0.0786929
-0.0804886
-0.0819336
-0.0830527
-0.0838724
-0.0844191
-0.0847184
-0.0847948
-0.0846713
-0.0843687
-0.0839063
-0.0833015
-0.08257
-0.081726
-0.0807821
-0.0797498
-0.0786391
-0.0774595
-0.076219
-0.0749252
-0.0735848
-0.072204
-0.0707883
-0.0693429
-0.0678726
-0.0663816
-0.064874
-0.0633534
-0.0618235
-0.0602874
-0.0587481
-0.0572086
-0.0556715
-0.0541392
-0.0526143
-0.0510987
-0.0495947
-0.0481041
-0.0466287
-0.04517
-0.0437296
-0.0423089
-0.0409089
-0.0395309
-0.0381757
-0.0368442
-0.0355372
-0.0342552
-0.0329988
-0.0317684
-0.0305644
-0.0293871
-0.0282367
-0.0271134
-0.0260171
-0.0249481
-0.0239061
-0.0228913
-0.0219034
-0.0209422
-0.0200077
-0.0190994
-0.0182172
-0.0173608
-0.0165298
-0.0157239
-0.0149428
-0.0141861
-0.0134535
-0.0127448
-0.0120595
-0.0113974
-0.0107581
-0.0101414
-0.00954699
-0.00897448
-0.00842359
-0.00789399
-0.00738534
-0.00689729
-0.00642947
-0.00598151
-0.00555303
-0.00514365
-0.00475298
-0.00438064
-0.00402624
-0.00368942
-0.00336979
-0.003067
-0.00278068
-0.00251049
-0.00225607
-0.00201707
-0.00179312
-0.00158387
-0.00138895
-0.00120799
-0.00104061
-0.000886435
-0.000745082
-0.000616182
-0.000499373
-0.000394313
-0.000300674
-0.000218164
-0.00014652
-8.55083e-05
-3.49575e-05
5.34744e-06
3.5318e-05
5.57357e-05
6.43071e-05
6.89602e-05
4.41246e-05
7.51579e-05
-0.228252
-0.228352
-0.228388
-0.228435
-0.228469
-0.228494
-0.228506
-0.228501
-0.228476
-0.228428
-0.228357
-0.228259
-0.228134
-0.227981
-0.227799
-0.227586
-0.227342
-0.227067
-0.226759
-0.226418
-0.226044
-0.225637
-0.225195
-0.224719
-0.224209
-0.223664
-0.223083
-0.222467
-0.221815
-0.221126
-0.220401
-0.219639
-0.218839
-0.218
-0.217121
-0.216201
-0.215237
-0.214226
-0.213167
-0.212055
-0.210886
-0.209655
-0.208355
-0.20698
-0.20552
-0.20396
-0.202278
-0.20044
-0.198396
-0.196073
-0.19337
-0.190158
-0.18628
-0.18156
-0.175824
-0.168916
-0.160731
-0.151243
-0.140519
-0.128729
-0.116156
-0.103178
-0.0902346
-0.0778017
-0.0663377
-0.0562503
-0.0478562
-0.041357
-0.0368313
-0.034237
-0.0334252
-0.0341691
-0.0361946
-0.0392083
-0.042922
-0.0470707
-0.0514244
-0.055794
-0.0600314
-0.0640264
-0.0677079
-0.0710229
-0.0739535
-0.0764937
-0.0786491
-0.0804349
-0.0818724
-0.082986
-0.0838018
-0.0843458
-0.0846435
-0.0847193
-0.0845957
-0.0842936
-0.083832
-0.0832284
-0.0824982
-0.0816557
-0.0807134
-0.0796826
-0.0785737
-0.0773956
-0.0761568
-0.0748646
-0.0735258
-0.0721466
-0.0707325
-0.0692886
-0.0678198
-0.0663303
-0.0648241
-0.063305
-0.0617765
-0.0602419
-0.0587041
-0.057166
-0.0556303
-0.0540995
-0.0525759
-0.0510618
-0.0495592
-0.0480701
-0.0465961
-0.0451388
-0.0436999
-0.0422805
-0.040882
-0.0395053
-0.0381515
-0.0368214
-0.0355157
-0.0342351
-0.03298
-0.0317509
-0.0305482
-0.0293721
-0.0282229
-0.0271007
-0.0260056
-0.0249377
-0.0238968
-0.022883
-0.0218961
-0.0209359
-0.0200023
-0.0190949
-0.0182136
-0.017358
-0.0165277
-0.0157226
-0.0149422
-0.0141862
-0.0134543
-0.0127461
-0.0120614
-0.0113999
-0.0107611
-0.0101449
-0.00955092
-0.00897884
-0.00842835
-0.00789912
-0.00739081
-0.00690307
-0.00643555
-0.00598786
-0.00555963
-0.00515048
-0.00476002
-0.00438787
-0.00403364
-0.00369697
-0.00337747
-0.0030748
-0.00278859
-0.00251849
-0.00226414
-0.0020252
-0.00180131
-0.0015921
-0.00139721
-0.00121628
-0.00104891
-0.000894746
-0.0007534
-0.000624502
-0.000507689
-0.000402622
-0.00030897
-0.000226443
-0.000154775
-9.37315e-05
-4.31436e-05
-2.78636e-06
2.72217e-05
4.77701e-05
5.62096e-05
6.16384e-05
3.46656e-05
6.97378e-05
-0.228239
-0.228334
-0.228366
-0.228412
-0.228446
-0.228472
-0.228484
-0.22848
-0.228455
-0.228408
-0.228337
-0.22824
-0.228116
-0.227963
-0.227781
-0.227569
-0.227325
-0.22705
-0.226743
-0.226402
-0.226029
-0.225622
-0.22518
-0.224705
-0.224194
-0.223649
-0.223068
-0.222452
-0.2218
-0.221112
-0.220386
-0.219624
-0.218823
-0.217984
-0.217104
-0.216183
-0.215217
-0.214206
-0.213146
-0.212032
-0.210861
-0.209627
-0.208325
-0.206946
-0.205481
-0.203915
-0.202228
-0.200387
-0.198343
-0.196026
-0.193337
-0.19015
-0.186308
-0.181635
-0.17595
-0.169096
-0.160963
-0.151524
-0.140834
-0.12907
-0.116514
-0.103544
-0.0906031
-0.0781684
-0.0667012
-0.0566097
-0.0482103
-0.0417051
-0.0371733
-0.0345723
-0.0337525
-0.0344862
-0.0364984
-0.0394956
-0.0431893
-0.0473151
-0.0516437
-0.0559866
-0.0601966
-0.0641652
-0.0678188
-0.071116
-0.0740238
-0.0765436
-0.0786818
-0.0804527
-0.0818774
-0.0829804
-0.0837873
-0.084324
-0.084616
-0.0846871
-0.0845598
-0.0842549
-0.0837913
-0.0831861
-0.0824549
-0.0816116
-0.0806689
-0.079638
-0.0785291
-0.0773512
-0.0761126
-0.0748208
-0.0734824
-0.0721037
-0.0706901
-0.0692469
-0.0677786
-0.0662897
-0.0647842
-0.0632658
-0.061738
-0.0602041
-0.058667
-0.0571297
-0.0555948
-0.0540648
-0.0525421
-0.0510289
-0.0495272
-0.0480389
-0.0465659
-0.0451096
-0.0436716
-0.0422533
-0.0408558
-0.0394802
-0.0381274
-0.0367984
-0.0354937
-0.0342141
-0.0329601
-0.0317321
-0.0305304
-0.0293553
-0.0282071
-0.0270859
-0.0259918
-0.0249248
-0.0238849
-0.022872
-0.021886
-0.0209267
-0.0199939
-0.0190873
-0.0182068
-0.0173519
-0.0165225
-0.015718
-0.0149383
-0.0141829
-0.0134516
-0.0127441
-0.01206
-0.0113989
-0.0107607
-0.010145
-0.00955143
-0.00897978
-0.00842969
-0.00790084
-0.00739289
-0.00690549
-0.00643828
-0.00599089
-0.00556294
-0.00515405
-0.00476383
-0.0043919
-0.00403788
-0.0037014
-0.00338208
-0.00307956
-0.00279349
-0.00252352
-0.00226929
-0.00203045
-0.00180665
-0.00159753
-0.00140273
-0.00122186
-0.00105456
-0.000900453
-0.00075916
-0.000630309
-0.000513537
-0.000408503
-0.000314879
-0.000232369
-0.00016071
-9.96637e-05
-4.90645e-05
-8.67788e-06
2.13439e-05
4.20054e-05
5.02454e-05
5.64668e-05
2.66851e-05
7.01427e-05
-0.228222
-0.228321
-0.228348
-0.228394
-0.228429
-0.228456
-0.228469
-0.228465
-0.228441
-0.228395
-0.228324
-0.228228
-0.228104
-0.227952
-0.227771
-0.227559
-0.227316
-0.227041
-0.226734
-0.226394
-0.22602
-0.225613
-0.225172
-0.224697
-0.224187
-0.223641
-0.223061
-0.222444
-0.221792
-0.221104
-0.220378
-0.219615
-0.218814
-0.217974
-0.217094
-0.216172
-0.215206
-0.214194
-0.213132
-0.212017
-0.210845
-0.209609
-0.208304
-0.206922
-0.205454
-0.203886
-0.202198
-0.200361
-0.198329
-0.196035
-0.193383
-0.190246
-0.186468
-0.181864
-0.176249
-0.169457
-0.161382
-0.151975
-0.141308
-0.129554
-0.116999
-0.104023
-0.0910739
-0.0786323
-0.0671591
-0.0570653
-0.0486677
-0.0421687
-0.0376455
-0.0350527
-0.0342385
-0.0349732
-0.0369803
-0.0399652
-0.0436397
-0.0477401
-0.0520381
-0.0563467
-0.0605202
-0.0644518
-0.0680694
-0.0713289
-0.0742062
-0.0766947
-0.078805
-0.0805514
-0.0819546
-0.0830389
-0.0838299
-0.0843531
-0.0846337
-0.0846953
-0.0845602
-0.0842488
-0.0837798
-0.0831703
-0.0824356
-0.0815895
-0.0806445
-0.0796118
-0.0785014
-0.0773223
-0.0760828
-0.0747903
-0.0734513
-0.0720721
-0.0706582
-0.0692146
-0.0677462
-0.0662571
-0.0647515
-0.0632331
-0.0617053
-0.0601714
-0.0586344
-0.0570973
-0.0555625
-0.0540328
-0.0525104
-0.0509975
-0.0494962
-0.0480083
-0.0465358
-0.04508
-0.0436426
-0.0422249
-0.0408281
-0.0394532
-0.0381011
-0.0367729
-0.035469
-0.0341903
-0.0329371
-0.03171
-0.0305092
-0.029335
-0.0281877
-0.0270674
-0.0259742
-0.0249081
-0.0238691
-0.0228571
-0.0218719
-0.0209135
-0.0199816
-0.0190759
-0.0181961
-0.0173421
-0.0165134
-0.0157097
-0.0149307
-0.014176
-0.0134454
-0.0127384
-0.0120549
-0.0113945
-0.0107569
-0.0101417
-0.00954863
-0.00897747
-0.00842784
-0.00789944
-0.00739192
-0.00690493
-0.0064381
-0.00599108
-0.00556348
-0.00515491
-0.004765
-0.00439337
-0.00403962
-0.00370338
-0.0033843
-0.003082
-0.00279614
-0.00252635
-0.0022723
-0.00203363
-0.00180998
-0.001601
-0.00140633
-0.00122559
-0.00105841
-0.000904416
-0.000763226
-0.000634472
-0.000517788
-0.000412832
-0.000319275
-0.000236821
-0.000165204
-0.000104188
-5.36044e-05
-1.32145e-05
1.68055e-05
3.75364e-05
4.55963e-05
5.24003e-05
1.99295e-05
7.42983e-05
-0.228206
-0.228312
-0.228335
-0.228382
-0.228417
-0.228445
-0.228459
-0.228457
-0.228434
-0.228388
-0.228318
-0.228223
-0.2281
-0.227948
-0.227767
-0.227555
-0.227313
-0.227038
-0.226731
-0.226392
-0.226018
-0.225612
-0.225171
-0.224695
-0.224185
-0.22364
-0.223059
-0.222443
-0.22179
-0.221101
-0.220376
-0.219612
-0.218811
-0.21797
-0.217089
-0.216166
-0.2152
-0.214187
-0.213125
-0.21201
-0.210836
-0.209599
-0.208292
-0.206907
-0.205437
-0.203869
-0.202185
-0.200359
-0.198349
-0.196092
-0.193493
-0.190424
-0.186723
-0.182198
-0.176654
-0.169928
-0.161894
-0.152519
-0.141871
-0.130127
-0.117577
-0.104605
-0.091662
-0.0792315
-0.0677766
-0.0577081
-0.0493423
-0.0428787
-0.0383904
-0.0358276
-0.0350347
-0.0357792
-0.037783
-0.0407511
-0.0443963
-0.0484564
-0.0527057
-0.0569596
-0.0610752
-0.0649479
-0.0685073
-0.0717106
-0.0745362
-0.0769767
-0.0790431
-0.0807504
-0.0821193
-0.0831736
-0.0839388
-0.0844399
-0.0847017
-0.0847475
-0.0845991
-0.0842766
-0.0837985
-0.0831813
-0.0824403
-0.081589
-0.0806396
-0.0796033
-0.0784899
-0.0773083
-0.0760666
-0.0747722
-0.0734317
-0.072051
-0.0706358
-0.0691912
-0.0677217
-0.0662317
-0.0647252
-0.063206
-0.0616775
-0.0601429
-0.0586053
-0.0570675
-0.0555323
-0.0540021
-0.0524793
-0.0509661
-0.0494646
-0.0479766
-0.046504
-0.0450483
-0.043611
-0.0421934
-0.0407968
-0.0394223
-0.0380707
-0.0367429
-0.0354396
-0.0341614
-0.0329089
-0.0316825
-0.0304825
-0.0293091
-0.0281627
-0.0270432
-0.0259509
-0.0248857
-0.0238476
-0.0228365
-0.0218523
-0.0208948
-0.0199638
-0.019059
-0.0181802
-0.0173271
-0.0164992
-0.0156964
-0.0149183
-0.0141645
-0.0134347
-0.0127286
-0.0120457
-0.011386
-0.0107491
-0.0101345
-0.00954218
-0.00897164
-0.00842261
-0.00789479
-0.00738783
-0.00690137
-0.00643506
-0.00598852
-0.00556139
-0.00515327
-0.00476379
-0.00439255
-0.00403918
-0.0037033
-0.00338455
-0.00308257
-0.002797
-0.0025275
-0.0022737
-0.00203528
-0.00181186
-0.0016031
-0.00140864
-0.0012281
-0.00106111
-0.000907287
-0.000766263
-0.000637664
-0.000521122
-0.000416296
-0.000322855
-0.000240501
-0.000168969
-0.000108019
-5.74851e-05
-1.71247e-05
1.28747e-05
3.36265e-05
4.15438e-05
4.87278e-05
1.40289e-05
7.99809e-05
-0.228195
-0.22831
-0.22833
-0.228377
-0.228413
-0.228443
-0.228459
-0.228457
-0.228435
-0.22839
-0.228321
-0.228226
-0.228103
-0.227952
-0.227771
-0.22756
-0.227318
-0.227043
-0.226737
-0.226397
-0.226024
-0.225617
-0.225176
-0.224701
-0.22419
-0.223645
-0.223064
-0.222447
-0.221795
-0.221105
-0.220379
-0.219615
-0.218813
-0.217972
-0.217091
-0.216167
-0.215201
-0.214188
-0.213125
-0.212009
-0.210835
-0.209597
-0.208289
-0.206903
-0.205433
-0.203867
-0.202191
-0.200382
-0.198403
-0.196192
-0.193654
-0.190657
-0.187032
-0.182579
-0.177103
-0.170422
-0.162426
-0.153079
-0.142451
-0.130726
-0.118196
-0.105252
-0.0923462
-0.0799637
-0.0685691
-0.0585712
-0.0502826
-0.043897
-0.0394809
-0.0369779
-0.0362274
-0.0369935
-0.0389962
-0.0419413
-0.0455433
-0.0495436
-0.0537203
-0.0578931
-0.0619227
-0.0657082
-0.0691818
-0.0723029
-0.0750508
-0.0774225
-0.0794249
-0.0810749
-0.0823933
-0.0834036
-0.0841305
-0.0845989
-0.0848327
-0.0848548
-0.0846864
-0.0843472
-0.083855
-0.0832261
-0.0824753
-0.0816158
-0.0806596
-0.0796176
-0.0784993
-0.0773136
-0.0760684
-0.0747708
-0.0734275
-0.0720444
-0.0706269
-0.0691801
-0.0677086
-0.0662168
-0.0647085
-0.0631875
-0.0616573
-0.060121
-0.0585819
-0.0570426
-0.0555059
-0.0539744
-0.0524503
-0.0509359
-0.0494333
-0.0479444
-0.0464708
-0.0450144
-0.0435765
-0.0421584
-0.0407615
-0.0393867
-0.038035
-0.0367072
-0.035404
-0.0341261
-0.0328739
-0.0316479
-0.0304484
-0.0292757
-0.0281299
-0.0270113
-0.0259198
-0.0248555
-0.0238183
-0.0228082
-0.0218249
-0.0208685
-0.0199385
-0.0190348
-0.0181571
-0.017305
-0.0164782
-0.0156765
-0.0148994
-0.0141466
-0.0134178
-0.0127127
-0.0120308
-0.0113721
-0.010736
-0.0101224
-0.00953085
-0.00896117
-0.00841294
-0.0078859
-0.00737969
-0.00689395
-0.00642835
-0.00598249
-0.005556
-0.0051485
-0.00475961
-0.00438893
-0.00403609
-0.00370072
-0.00338245
-0.00308092
-0.00279578
-0.00252668
-0.00227327
-0.0020352
-0.00181213
-0.0016037
-0.00140954
-0.00122929
-0.00106257
-0.000909011
-0.000768232
-0.000639863
-0.000523535
-0.000418905
-0.000325643
-0.000243449
-0.000172057
-0.000111226
-6.0789e-05
-2.05041e-05
9.44363e-06
3.0161e-05
3.79832e-05
4.53522e-05
9.16227e-06
8.55023e-05
-0.228194
-0.228317
-0.228335
-0.228384
-0.228422
-0.228453
-0.22847
-0.228469
-0.228447
-0.228403
-0.228334
-0.228239
-0.228117
-0.227966
-0.227785
-0.227574
-0.227331
-0.227057
-0.22675
-0.22641
-0.226037
-0.22563
-0.225189
-0.224713
-0.224203
-0.223657
-0.223076
-0.222459
-0.221806
-0.221116
-0.220389
-0.219625
-0.218822
-0.21798
-0.217099
-0.216175
-0.215208
-0.214195
-0.213133
-0.212017
-0.210844
-0.209606
-0.208298
-0.206913
-0.205444
-0.203884
-0.202221
-0.200434
-0.198488
-0.196324
-0.193844
-0.190912
-0.18735
-0.182956
-0.177523
-0.170881
-0.162914
-0.153593
-0.142994
-0.131303
-0.11882
-0.105937
-0.0931113
-0.0808276
-0.0695499
-0.0596816
-0.0515285
-0.0452753
-0.0409785
-0.0385729
-0.0378909
-0.0386925
-0.0406968
-0.0436107
-0.0471529
-0.0510696
-0.055145
-0.0592047
-0.063115
-0.0667799
-0.0701351
-0.073143
-0.0757854
-0.0780601
-0.0799747
-0.0815462
-0.0827953
-0.0837449
-0.0844193
-0.0848424
-0.0850376
-0.0850268
-0.0848306
-0.0844679
-0.083956
-0.0833106
-0.082546
-0.081675
-0.0807091
-0.0796589
-0.0785337
-0.077342
-0.0760917
-0.0747896
-0.0734423
-0.0720555
-0.0706346
-0.0691846
-0.0677101
-0.0662152
-0.0647041
-0.0631802
-0.0616472
-0.0601083
-0.0585664
-0.0570245
-0.0554852
-0.0539512
-0.0524247
-0.050908
-0.0494032
-0.0479121
-0.0464367
-0.0449784
-0.0435389
-0.0421194
-0.0407212
-0.0393454
-0.0379928
-0.0366643
-0.0353606
-0.0340824
-0.0328301
-0.0316041
-0.0304048
-0.0292324
-0.0280871
-0.026969
-0.0258782
-0.0248147
-0.0237784
-0.0227693
-0.0217872
-0.0208318
-0.019903
-0.0190006
-0.0181241
-0.0172733
-0.0164479
-0.0156474
-0.0148716
-0.0141202
-0.0133926
-0.0126888
-0.0120082
-0.0113507
-0.0107158
-0.0101034
-0.00951295
-0.00894441
-0.00839729
-0.00787135
-0.00736616
-0.00688143
-0.00641679
-0.00597187
-0.00554628
-0.00513964
-0.00475157
-0.00438168
-0.00402959
-0.00369494
-0.00337734
-0.00307646
-0.00279193
-0.0025234
-0.00227054
-0.00203299
-0.00181041
-0.00160244
-0.00140872
-0.00122888
-0.00106256
-0.000909376
-0.000768948
-0.000640909
-0.000524889
-0.000420545
-0.000327547
-0.000245593
-0.000174417
-0.000113778
-6.35039e-05
-2.33583e-05
6.49184e-06
2.7108e-05
3.48999e-05
4.22291e-05
5.60022e-06
8.92314e-05
-0.228207
-0.228338
-0.228355
-0.228404
-0.228444
-0.228476
-0.228493
-0.228493
-0.228471
-0.228427
-0.228358
-0.228263
-0.22814
-0.227989
-0.227808
-0.227596
-0.227353
-0.227079
-0.226771
-0.226431
-0.226058
-0.22565
-0.225209
-0.224733
-0.224222
-0.223676
-0.223094
-0.222477
-0.221823
-0.221133
-0.220405
-0.21964
-0.218837
-0.217995
-0.217113
-0.216189
-0.215223
-0.214211
-0.213149
-0.212035
-0.210863
-0.209627
-0.208321
-0.206938
-0.205475
-0.203923
-0.202273
-0.200509
-0.198595
-0.196473
-0.194039
-0.191155
-0.187637
-0.183279
-0.177876
-0.171259
-0.163318
-0.154026
-0.143465
-0.13183
-0.119425
-0.106647
-0.0939544
-0.0818321
-0.0707395
-0.0610717
-0.0531233
-0.0470658
-0.0429423
-0.0406756
-0.0400902
-0.0409415
-0.042948
-0.0458199
-0.0492814
-0.0530865
-0.0570273
-0.0609374
-0.0646908
-0.0681972
-0.0713977
-0.0742579
-0.0767625
-0.0789107
-0.0807112
-0.0821805
-0.0833394
-0.0842102
-0.0848161
-0.0851801
-0.0853247
-0.0852707
-0.085038
-0.0846444
-0.0841066
-0.0834394
-0.0826566
-0.0817702
-0.0807915
-0.0797304
-0.078596
-0.0773965
-0.0761393
-0.0748312
-0.0734785
-0.0720868
-0.0706613
-0.069207
-0.0677283
-0.0662293
-0.0647142
-0.0631863
-0.0616494
-0.0601064
-0.0585606
-0.0570148
-0.0554716
-0.0539337
-0.0524034
-0.050883
-0.0493746
-0.0478802
-0.0464015
-0.0449402
-0.0434978
-0.0420757
-0.0406751
-0.039297
-0.0379426
-0.0366125
-0.0353074
-0.0340281
-0.0327749
-0.0315484
-0.0303487
-0.0291762
-0.028031
-0.0269132
-0.0258229
-0.0247601
-0.0237247
-0.0227166
-0.0217356
-0.0207815
-0.019854
-0.018953
-0.018078
-0.0172288
-0.016405
-0.0156062
-0.014832
-0.0140822
-0.0133564
-0.0126542
-0.0119753
-0.0113194
-0.0106861
-0.0100753
-0.00948653
-0.0089194
-0.00837374
-0.00784929
-0.00734554
-0.00686219
-0.00639889
-0.00595524
-0.0055309
-0.00512545
-0.00473852
-0.00436973
-0.00401868
-0.00368502
-0.00336838
-0.00306839
-0.00278471
-0.002517
-0.0022649
-0.00202808
-0.00180619
-0.00159887
-0.00140577
-0.00122652
-0.00106075
-0.000908087
-0.000768149
-0.000640571
-0.000524983
-0.000421042
-0.00032842
-0.000246814
-0.000175956
-0.000115606
-6.55846e-05
-2.56636e-05
4.02581e-06
2.44603e-05
3.23031e-05
3.93227e-05
3.60237e-06
8.96999e-05
-0.228243
-0.228378
-0.228393
-0.228442
-0.228481
-0.228514
-0.228531
-0.228529
-0.228507
-0.228462
-0.228393
-0.228297
-0.228173
-0.228021
-0.227839
-0.227627
-0.227383
-0.227108
-0.2268
-0.226459
-0.226085
-0.225677
-0.225235
-0.224758
-0.224246
-0.2237
-0.223117
-0.2225
-0.221845
-0.221155
-0.220427
-0.219661
-0.218858
-0.218015
-0.217133
-0.21621
-0.215244
-0.214234
-0.213174
-0.212062
-0.210893
-0.20966
-0.208357
-0.20698
-0.205522
-0.20398
-0.202345
-0.200601
-0.198712
-0.19662
-0.194218
-0.191359
-0.187864
-0.183522
-0.178133
-0.171529
-0.163606
-0.154347
-0.143839
-0.132286
-0.119997
-0.107375
-0.0948796
-0.0829913
-0.0721623
-0.0627752
-0.0551082
-0.0493151
-0.0454217
-0.0433366
-0.0428746
-0.0437868
-0.0457925
-0.0486071
-0.0519629
-0.0556239
-0.0593929
-0.0631138
-0.0666694
-0.0699774
-0.0729844
-0.0756607
-0.0779939
-0.0799852
-0.081644
-0.0829867
-0.0840337
-0.0848066
-0.0853273
-0.0856179
-0.0856994
-0.0855917
-0.0853132
-0.084881
-0.0843106
-0.083616
-0.0828101
-0.0819044
-0.0809095
-0.0798347
-0.0786886
-0.0774791
-0.0762133
-0.0748976
-0.073538
-0.0721401
-0.0707089
-0.069249
-0.067765
-0.0662608
-0.0647405
-0.0632075
-0.0616653
-0.0601171
-0.0585659
-0.0570147
-0.0554662
-0.0539229
-0.0523874
-0.0508617
-0.0493482
-0.0478488
-0.0463652
-0.0448993
-0.0434525
-0.0420263
-0.0406219
-0.0392404
-0.0378827
-0.0365498
-0.0352423
-0.0339608
-0.0327059
-0.0314779
-0.0302772
-0.029104
-0.0279584
-0.0268405
-0.0257505
-0.0246881
-0.0236534
-0.0226462
-0.0216664
-0.0207136
-0.0197877
-0.0188883
-0.0180152
-0.0171678
-0.0163459
-0.0155492
-0.0147771
-0.0140295
-0.0133058
-0.0126058
-0.011929
-0.0112753
-0.0106442
-0.0100355
-0.00944879
-0.00888375
-0.00834022
-0.00781759
-0.00731575
-0.00683429
-0.00637279
-0.0059309
-0.00550824
-0.00510441
-0.00471904
-0.00435173
-0.00400212
-0.00366982
-0.00335447
-0.00305572
-0.00277321
-0.00250661
-0.00225557
-0.00201975
-0.00179881
-0.00159238
-0.00140013
-0.00122168
-0.00105666
-0.000904707
-0.000765439
-0.000638491
-0.000523495
-0.000420111
-0.000328009
-0.000246889
-0.000176483
-0.000116547
-6.68971e-05
-2.73116e-05
2.13256e-06
2.22888e-05
3.02722e-05
3.6667e-05
3.42438e-06
8.57978e-05
-0.228308
-0.228439
-0.228451
-0.228498
-0.228536
-0.228567
-0.228582
-0.228578
-0.228555
-0.228508
-0.228436
-0.228339
-0.228213
-0.22806
-0.227877
-0.227663
-0.227419
-0.227142
-0.226833
-0.226491
-0.226116
-0.225707
-0.225264
-0.224787
-0.224275
-0.223727
-0.223145
-0.222526
-0.221871
-0.22118
-0.220452
-0.219686
-0.218883
-0.218041
-0.217159
-0.216237
-0.215272
-0.214263
-0.213206
-0.212097
-0.210932
-0.209703
-0.208405
-0.207033
-0.205583
-0.20405
-0.202427
-0.200698
-0.198828
-0.196747
-0.194356
-0.191503
-0.188007
-0.183661
-0.178266
-0.171663
-0.163755
-0.154533
-0.144096
-0.132655
-0.120528
-0.108121
-0.0958943
-0.0843213
-0.0738424
-0.0648221
-0.0575171
-0.0520584
-0.0484508
-0.0465865
-0.0462701
-0.0472492
-0.0492456
-0.0519824
-0.0552029
-0.0586838
-0.0622411
-0.065731
-0.0690472
-0.072116
-0.0748912
-0.0773477
-0.0794765
-0.0812809
-0.082771
-0.0839633
-0.0848774
-0.0855338
-0.0859532
-0.0861562
-0.0861625
-0.0859906
-0.0856575
-0.0851789
-0.0845693
-0.0838418
-0.0830081
-0.082079
-0.0810644
-0.079973
-0.0788128
-0.0775912
-0.0763149
-0.07499
-0.0736222
-0.0722167
-0.0707785
-0.0693119
-0.0678214
-0.0663109
-0.0647841
-0.0632447
-0.061696
-0.0601412
-0.0585834
-0.0570254
-0.05547
-0.0539198
-0.0523773
-0.0508447
-0.0493243
-0.0478181
-0.046328
-0.0448557
-0.0434028
-0.0419708
-0.0405609
-0.0391742
-0.0378119
-0.0364746
-0.0351633
-0.0338784
-0.0326206
-0.0313902
-0.0301875
-0.0290127
-0.0278661
-0.0267476
-0.0256572
-0.024595
-0.0235608
-0.0225545
-0.0215758
-0.0206244
-0.0197002
-0.0188027
-0.0179316
-0.0170865
-0.016267
-0.0154727
-0.0147033
-0.0139583
-0.0132374
-0.0125401
-0.0118662
-0.0112153
-0.010587
-0.00998103
-0.00939707
-0.00883476
-0.00829384
-0.00777384
-0.00727456
-0.00679552
-0.00633642
-0.00589686
-0.00547644
-0.00507478
-0.00469148
-0.00432616
-0.00397844
-0.00364796
-0.00333435
-0.00303725
-0.00275631
-0.0024912
-0.00224158
-0.0020071
-0.00178742
-0.0015822
-0.00139107
-0.00121369
-0.00104968
-0.000898673
-0.000760299
-0.000634194
-0.000519992
-0.000417356
-0.000325958
-0.000245499
-0.00017571
-0.000116348
-6.72188e-05
-2.81082e-05
9.8044e-07
2.07422e-05
2.89509e-05
3.43696e-05
5.2841e-06
7.68675e-05
-0.228411
-0.228525
-0.228532
-0.228574
-0.228607
-0.228633
-0.228644
-0.228638
-0.22861
-0.228561
-0.228486
-0.228386
-0.228259
-0.228104
-0.227919
-0.227704
-0.227457
-0.22718
-0.226869
-0.226527
-0.22615
-0.22574
-0.225296
-0.224818
-0.224305
-0.223757
-0.223174
-0.222555
-0.221899
-0.221208
-0.22048
-0.219714
-0.21891
-0.218069
-0.217188
-0.216267
-0.215304
-0.214298
-0.213244
-0.212138
-0.210976
-0.209752
-0.208458
-0.207092
-0.205648
-0.204123
-0.202507
-0.200783
-0.198915
-0.196833
-0.194433
-0.191564
-0.188044
-0.18367
-0.178252
-0.171637
-0.163739
-0.154563
-0.144217
-0.132924
-0.12101
-0.108885
-0.0970063
-0.0858369
-0.0757993
-0.0672342
-0.0603708
-0.0553128
-0.0520408
-0.0504292
-0.0502726
-0.0513167
-0.0532885
-0.0559215
-0.0589731
-0.0622356
-0.0655404
-0.0687579
-0.071794
-0.0745851
-0.0770922
-0.0792956
-0.0811899
-0.0827802
-0.0840773
-0.0850975
-0.0858597
-0.0863829
-0.0866865
-0.0867893
-0.0867095
-0.0864637
-0.0860678
-0.0855358
-0.0848811
-0.0841153
-0.0832495
-0.0822933
-0.0812558
-0.080145
-0.0789684
-0.0777327
-0.0764442
-0.0751085
-0.0737311
-0.0723169
-0.0708704
-0.0693961
-0.067898
-0.0663799
-0.0648457
-0.0632987
-0.0617422
-0.0601795
-0.0586136
-0.0570473
-0.0554835
-0.0539247
-0.0523736
-0.0508323
-0.0493033
-0.0477885
-0.0462899
-0.0448093
-0.0433484
-0.0419086
-0.0404914
-0.0390978
-0.037729
-0.0363858
-0.035069
-0.0337793
-0.0325171
-0.031283
-0.0300772
-0.0288999
-0.0277512
-0.0266313
-0.0255401
-0.0244776
-0.0234435
-0.0224378
-0.0214601
-0.0205101
-0.0195876
-0.0186922
-0.0178235
-0.016981
-0.0161644
-0.0153731
-0.0146069
-0.0138652
-0.0131476
-0.0124538
-0.0117834
-0.0111361
-0.0105113
-0.00990891
-0.00932847
-0.00876965
-0.00823213
-0.0077155
-0.00721948
-0.00674364
-0.00628763
-0.00585105
-0.00543354
-0.00503468
-0.00465408
-0.00429135
-0.00394611
-0.00361799
-0.00330664
-0.00301169
-0.0027328
-0.00246964
-0.00222186
-0.00198913
-0.0017711
-0.00156744
-0.00137779
-0.0012018
-0.0010391
-0.000889333
-0.000752126
-0.000627121
-0.000513959
-0.000412304
-0.000321833
-0.000242248
-0.00017328
-0.000114687
-6.62608e-05
-2.77956e-05
7.98511e-07
2.00264e-05
2.85232e-05
3.25923e-05
9.31707e-06
6.2743e-05
-0.228563
-0.22864
-0.228637
-0.228667
-0.228692
-0.22871
-0.228715
-0.228703
-0.228671
-0.228617
-0.22854
-0.228437
-0.228307
-0.228149
-0.227962
-0.227745
-0.227497
-0.227217
-0.226906
-0.226561
-0.226184
-0.225773
-0.225328
-0.224849
-0.224335
-0.223786
-0.223202
-0.222583
-0.221927
-0.221236
-0.220507
-0.219742
-0.218939
-0.218098
-0.217218
-0.216299
-0.215338
-0.214333
-0.213282
-0.212179
-0.211021
-0.2098
-0.208511
-0.207147
-0.205705
-0.204181
-0.202564
-0.200836
-0.198956
-0.196854
-0.194423
-0.191512
-0.187942
-0.183518
-0.178058
-0.171419
-0.163531
-0.154409
-0.14418
-0.133077
-0.121436
-0.109667
-0.0982213
-0.0875474
-0.078043
-0.0700185
-0.06367
-0.0590698
-0.0561725
-0.0548343
-0.054841
-0.0559391
-0.0578637
-0.060362
-0.0632086
-0.0662138
-0.0692266
-0.0721332
-0.0748527
-0.077332
-0.0795399
-0.0814621
-0.0830964
-0.0844502
-0.0855344
-0.086365
-0.0869598
-0.0873364
-0.0875123
-0.0875046
-0.0873296
-0.0870023
-0.0865367
-0.0859456
-0.0852406
-0.0844324
-0.0835307
-0.0825442
-0.0814811
-0.0803487
-0.0791536
-0.077902
-0.0765997
-0.075252
-0.0738638
-0.0724396
-0.0709839
-0.0695008
-0.0679941
-0.0664675
-0.0649247
-0.063369
-0.0618037
-0.0602318
-0.0586565
-0.0570806
-0.0555068
-0.053938
-0.0523765
-0.0508248
-0.0492853
-0.04776
-0.0462511
-0.0447602
-0.0432893
-0.0418398
-0.0404132
-0.0390108
-0.0376335
-0.0362825
-0.0349585
-0.0336622
-0.0323942
-0.0311549
-0.0299446
-0.0287636
-0.0276119
-0.0264897
-0.0253968
-0.0243333
-0.0232988
-0.0222933
-0.0213164
-0.0203678
-0.019447
-0.0185538
-0.0176877
-0.0168482
-0.0160348
-0.0152471
-0.0144846
-0.0137468
-0.0130334
-0.0123438
-0.0116777
-0.0110347
-0.0104144
-0.00981634
-0.00924028
-0.0086858
-0.00815255
-0.00764015
-0.00714823
-0.00667641
-0.00622431
-0.00579152
-0.00537764
-0.00498231
-0.00460512
-0.00424566
-0.00390357
-0.00357845
-0.00326996
-0.00297775
-0.00270146
-0.00244077
-0.00219533
-0.00196482
-0.0017489
-0.00154722
-0.00135945
-0.00118522
-0.0010242
-0.000876003
-0.000740281
-0.00061668
-0.000504844
-0.000404445
-0.000315163
-0.000236704
-0.000168797
-0.000111203
-6.36956e-05
-2.60778e-05
1.85122e-06
2.03808e-05
2.91876e-05
3.15285e-05
1.554e-05
4.37565e-05
-0.228777
-0.228783
-0.228762
-0.228773
-0.228785
-0.228793
-0.228789
-0.22877
-0.228732
-0.228674
-0.228592
-0.228485
-0.228352
-0.228192
-0.228002
-0.227783
-0.227533
-0.227252
-0.226939
-0.226593
-0.226214
-0.225802
-0.225356
-0.224876
-0.224362
-0.223812
-0.223228
-0.222608
-0.221952
-0.221261
-0.220533
-0.219767
-0.218965
-0.218125
-0.217246
-0.216327
-0.215368
-0.214365
-0.213315
-0.212214
-0.211056
-0.209835
-0.208546
-0.207181
-0.205736
-0.204205
-0.202576
-0.200829
-0.198919
-0.196775
-0.194288
-0.19131
-0.187665
-0.183167
-0.177645
-0.170973
-0.163094
-0.154043
-0.143962
-0.133099
-0.121796
-0.110463
-0.0995401
-0.0894531
-0.0805689
-0.0731615
-0.0673892
-0.06329
-0.0607916
-0.0597332
-0.0598947
-0.061026
-0.0628742
-0.0652036
-0.0678085
-0.0705197
-0.0732053
-0.0757681
-0.078141
-0.0802816
-0.0821665
-0.0837867
-0.0851429
-0.0862443
-0.0871017
-0.0877306
-0.0881475
-0.0883682
-0.0884083
-0.088283
-0.0880066
-0.0875924
-0.0870525
-0.0863981
-0.0856393
-0.0847856
-0.0838453
-0.0828262
-0.0817355
-0.0805796
-0.0793645
-0.0780958
-0.0767786
-0.0754178
-0.0740177
-0.0725828
-0.071117
-0.0696243
-0.0681082
-0.0665723
-0.06502
-0.0634547
-0.0618795
-0.0602974
-0.0587115
-0.0571247
-0.0555397
-0.0539593
-0.052386
-0.0508223
-0.0492705
-0.047733
-0.0462118
-0.0447088
-0.0432259
-0.0417647
-0.0403267
-0.0389133
-0.0375257
-0.036165
-0.0348319
-0.0335272
-0.0322516
-0.0310054
-0.0297892
-0.028603
-0.0274471
-0.0263214
-0.025226
-0.0241606
-0.0231252
-0.0221193
-0.0211428
-0.0201953
-0.0192763
-0.0183853
-0.0175219
-0.0166856
-0.0158758
-0.0150921
-0.0143339
-0.0136008
-0.0128921
-0.0122076
-0.0115466
-0.0109088
-0.0102937
-0.00970102
-0.00913026
-0.00858105
-0.00805301
-0.00754574
-0.00705886
-0.00659196
-0.00614464
-0.0057165
-0.00530713
-0.00491613
-0.0045431
-0.00418767
-0.00384945
-0.00352804
-0.00322309
-0.00293426
-0.00266118
-0.00240355
-0.00216101
-0.00193325
-0.00171993
-0.00152071
-0.00133526
-0.00116323
-0.00100427
-0.000858031
-0.000724155
-0.000602297
-0.000492114
-0.00039328
-0.000305485
-0.000228437
-0.000161866
-0.000105531
-5.91906e-05
-2.26522e-05
4.40882e-06
2.2049e-05
3.11292e-05
3.13764e-05
2.38251e-05
2.0711e-05
-0.22907
-0.228952
-0.228901
-0.228885
-0.22888
-0.228874
-0.228859
-0.228832
-0.228788
-0.228724
-0.228638
-0.228527
-0.228391
-0.228228
-0.228036
-0.227814
-0.227563
-0.22728
-0.226965
-0.226618
-0.226238
-0.225825
-0.225379
-0.224898
-0.224383
-0.223833
-0.223248
-0.222628
-0.221972
-0.22128
-0.220552
-0.219787
-0.218985
-0.218145
-0.217266
-0.216348
-0.215388
-0.214384
-0.213333
-0.21223
-0.211069
-0.209844
-0.208548
-0.207174
-0.205716
-0.204166
-0.202511
-0.200726
-0.198765
-0.196555
-0.193984
-0.19091
-0.187163
-0.182567
-0.176967
-0.170254
-0.16239
-0.153432
-0.143539
-0.132973
-0.122082
-0.111268
-0.100956
-0.0915416
-0.0833542
-0.0766258
-0.0714737
-0.0679003
-0.0658073
-0.0650197
-0.0653146
-0.0664496
-0.0681874
-0.0703124
-0.0726412
-0.0750264
-0.0773564
-0.0795509
-0.0815565
-0.0833413
-0.0848891
-0.0861954
-0.0872641
-0.0881054
-0.0887292
-0.0891509
-0.0893851
-0.0894458
-0.0893465
-0.0891004
-0.0887199
-0.0882162
-0.0875997
-0.0868799
-0.0860656
-0.0851646
-0.0841844
-0.0831314
-0.082012
-0.0808316
-0.0795957
-0.0783091
-0.0769763
-0.0756016
-0.0741893
-0.072743
-0.0712667
-0.0697637
-0.0682377
-0.0666918
-0.0651295
-0.0635539
-0.061968
-0.0603749
-0.0587775
-0.0571787
-0.0555813
-0.0539881
-0.0524016
-0.0508244
-0.049259
-0.0477075
-0.0461723
-0.0446553
-0.0431586
-0.0416838
-0.0402325
-0.0388063
-0.0374064
-0.0360339
-0.0346898
-0.0333749
-0.0320899
-0.0308353
-0.0296114
-0.0284186
-0.0272571
-0.0261267
-0.0250276
-0.0239595
-0.0229222
-0.0219155
-0.0209389
-0.019992
-0.0190745
-0.0181857
-0.0173251
-0.0164922
-0.0156863
-0.014907
-0.0141536
-0.0134256
-0.0127225
-0.0120436
-0.0113886
-0.0107568
-0.0101479
-0.00956145
-0.00899693
-0.00845394
-0.00793206
-0.00743088
-0.00694998
-0.00648893
-0.00604732
-0.00562473
-0.00522074
-0.00483495
-0.00446694
-0.00411634
-0.00378273
-0.00346577
-0.00316508
-0.00288031
-0.00261111
-0.00235716
-0.00211812
-0.00189368
-0.00168349
-0.00148724
-0.00130459
-0.00113521
-0.00097875
-0.000834873
-0.000703231
-0.000583488
-0.000475311
-0.000378382
-0.000292397
-0.000217072
-0.000152137
-9.73474e-05
-5.24466e-05
-1.72446e-05
8.71529e-06
2.52485e-05
3.44919e-05
3.23097e-05
3.38891e-05
-5.18319e-06
-0.229461
-0.229139
-0.229044
-0.228991
-0.228965
-0.228943
-0.228918
-0.228882
-0.228831
-0.228762
-0.228672
-0.228558
-0.228419
-0.228253
-0.228059
-0.227836
-0.227583
-0.227299
-0.226983
-0.226635
-0.226254
-0.22584
-0.225393
-0.224911
-0.224396
-0.223845
-0.22326
-0.22264
-0.221983
-0.221291
-0.220562
-0.219797
-0.218994
-0.218152
-0.217272
-0.216352
-0.215389
-0.214381
-0.213325
-0.212214
-0.211044
-0.209806
-0.208494
-0.207099
-0.205614
-0.20403
-0.202328
-0.200483
-0.198445
-0.196139
-0.193456
-0.190255
-0.186378
-0.181663
-0.175971
-0.169215
-0.16138
-0.152547
-0.142891
-0.132688
-0.122284
-0.112074
-0.102454
-0.0937861
-0.0863557
-0.0803486
-0.0758394
-0.0727956
-0.0710958
-0.0705542
-0.0709498
-0.0720523
-0.0736432
-0.0755299
-0.0775531
-0.0795883
-0.0815437
-0.083356
-0.0849849
-0.0864078
-0.0876152
-0.0886065
-0.0893876
-0.08997
-0.0903618
-0.0905778
-0.0906308
-0.0905327
-0.0902953
-0.0899294
-0.0894455
-0.0888529
-0.0881602
-0.0873754
-0.0865056
-0.0855575
-0.0845371
-0.0834502
-0.0823019
-0.081097
-0.0798401
-0.0785354
-0.0771868
-0.0757983
-0.0743734
-0.0729157
-0.0714285
-0.0699152
-0.0683789
-0.0668229
-0.0652501
-0.0636637
-0.0620667
-0.060462
-0.0588524
-0.057241
-0.0556304
-0.0540234
-0.0524226
-0.0508308
-0.0492503
-0.0476836
-0.0461329
-0.0446004
-0.0430882
-0.0415981
-0.0401318
-0.0386909
-0.0372768
-0.0358908
-0.0345339
-0.0332069
-0.0319108
-0.030646
-0.029413
-0.0282121
-0.0270435
-0.0259072
-0.0248031
-0.0237312
-0.0226912
-0.0216828
-0.0207055
-0.0197588
-0.0188424
-0.0179555
-0.0170977
-0.0162682
-0.0154665
-0.0146918
-0.0139437
-0.0132213
-0.0125242
-0.0118517
-0.0112033
-0.0105784
-0.00997656
-0.00939716
-0.00883978
-0.00830393
-0.00778915
-0.00729499
-0.006821
-0.00636673
-0.00593175
-0.00551562
-0.0051179
-0.00473817
-0.00437602
-0.00403106
-0.00370288
-0.00339112
-0.0030954
-0.00281539
-0.00255073
-0.00230111
-0.00206618
-0.00184563
-0.00163913
-0.00144637
-0.00126703
-0.00110076
-0.000947253
-0.000806163
-0.000677161
-0.000559916
-0.000454113
-0.000359443
-0.000275609
-0.000202333
-0.000139348
-8.6407e-05
-4.32353e-05
-9.64472e-06
1.49561e-05
3.01425e-05
3.93554e-05
3.44522e-05
4.5299e-05
-3.24066e-05
-0.229974
-0.229331
-0.229172
-0.229077
-0.229028
-0.228992
-0.228956
-0.228913
-0.228857
-0.228784
-0.22869
-0.228574
-0.228433
-0.228265
-0.22807
-0.227845
-0.227591
-0.227306
-0.226989
-0.226641
-0.226259
-0.225845
-0.225396
-0.224914
-0.224398
-0.223847
-0.223261
-0.222639
-0.221982
-0.221288
-0.220558
-0.21979
-0.218984
-0.218139
-0.217254
-0.216327
-0.215357
-0.214339
-0.213271
-0.212145
-0.210955
-0.209694
-0.208352
-0.206921
-0.205391
-0.20375
-0.201978
-0.200045
-0.1979
-0.195467
-0.192638
-0.189281
-0.185249
-0.180396
-0.174605
-0.167814
-0.160033
-0.151365
-0.142005
-0.132234
-0.122396
-0.112866
-0.104009
-0.0961452
-0.0895108
-0.0842439
-0.0803767
-0.0778447
-0.0765072
-0.0761731
-0.076628
-0.0776577
-0.0790661
-0.0806855
-0.0823815
-0.0840524
-0.085626
-0.0870544
-0.0883093
-0.0893764
-0.0902517
-0.0909375
-0.0914406
-0.0917733
-0.0919431
-0.0919622
-0.0918418
-0.0915919
-0.0912222
-0.0907417
-0.0901588
-0.0894809
-0.0887151
-0.0878676
-0.0869444
-0.0859508
-0.0848918
-0.083772
-0.0825958
-0.0813671
-0.0800897
-0.0787674
-0.0774035
-0.0760014
-0.0745643
-0.0730953
-0.0715975
-0.0700739
-0.0685275
-0.0669613
-0.0653781
-0.0637808
-0.0621725
-0.0605559
-0.0589339
-0.0573093
-0.055685
-0.0540636
-0.0524479
-0.0508406
-0.0492442
-0.0476611
-0.0460939
-0.0445446
-0.0430156
-0.0415087
-0.0400259
-0.0385688
-0.037139
-0.0357378
-0.0343664
-0.0330259
-0.031717
-0.0304404
-0.0291967
-0.0279862
-0.0268091
-0.0256655
-0.0245554
-0.0234786
-0.0224349
-0.0214239
-0.0204451
-0.0194981
-0.0185823
-0.0176971
-0.0168418
-0.0160156
-0.0152181
-0.0144483
-0.0137056
-0.0129893
-0.0122987
-0.0116331
-0.0109919
-0.0103746
-0.00978042
-0.00920889
-0.00865946
-0.00813158
-0.00762476
-0.00713849
-0.00667229
-0.00622568
-0.00579819
-0.00538936
-0.00499875
-0.00462592
-0.00427044
-0.0039319
-0.00360991
-0.00330409
-0.00301406
-0.00273948
-0.00248001
-0.00223534
-0.00200511
-0.00178904
-0.00158677
-0.00139801
-0.00122245
-0.00105978
-0.000909656
-0.000771774
-0.000645813
-0.00053145
-0.000428389
-0.000336331
-0.000254988
-0.000184089
-0.00012337
-7.25814e-05
-3.14329e-05
2.6396e-07
2.32309e-05
3.68142e-05
4.57188e-05
3.78597e-05
5.74967e-05
-5.92571e-05
-0.230624
-0.229506
-0.229263
-0.229124
-0.229055
-0.229008
-0.228965
-0.228918
-0.228859
-0.228784
-0.228689
-0.228572
-0.22843
-0.228261
-0.228065
-0.227841
-0.227586
-0.2273
-0.226983
-0.226634
-0.226252
-0.225837
-0.225388
-0.224905
-0.224387
-0.223835
-0.223247
-0.222623
-0.221963
-0.221266
-0.220531
-0.219758
-0.218946
-0.218093
-0.217198
-0.21626
-0.215274
-0.214239
-0.213148
-0.211995
-0.210772
-0.209471
-0.208082
-0.206594
-0.204996
-0.203272
-0.201401
-0.199348
-0.197063
-0.194468
-0.191462
-0.187922
-0.183713
-0.178711
-0.172825
-0.166017
-0.158327
-0.149876
-0.140876
-0.13161
-0.122412
-0.113629
-0.10559
-0.0985646
-0.0927408
-0.0882079
-0.084958
-0.0828992
-0.0818772
-0.0817011
-0.0821684
-0.083085
-0.0842794
-0.0856102
-0.0869676
-0.088272
-0.0894689
-0.0905247
-0.0914209
-0.0921501
-0.0927125
-0.0931126
-0.0933584
-0.0934569
-0.0934213
-0.0932589
-0.0929785
-0.0925885
-0.0920969
-0.0915106
-0.0908362
-0.0900794
-0.0892459
-0.0883404
-0.0873675
-0.0863316
-0.0852366
-0.0840861
-0.0828837
-0.0816327
-0.0803363
-0.0789974
-0.0776191
-0.0762042
-0.0747555
-0.0732759
-0.071768
-0.0702347
-0.0686785
-0.0671024
-0.0655091
-0.0639013
-0.0622818
-0.0606535
-0.059019
-0.0573813
-0.0557431
-0.0541071
-0.0524762
-0.0508529
-0.04924
-0.04764
-0.0460554
-0.0444886
-0.0429418
-0.0414172
-0.0399167
-0.0384422
-0.0369954
-0.0355777
-0.0341905
-0.0328349
-0.0315118
-0.0302221
-0.0289663
-0.0277448
-0.026558
-0.0254059
-0.0242885
-0.0232058
-0.0221573
-0.0211428
-0.0201619
-0.0192138
-0.0182981
-0.017414
-0.0165609
-0.0157379
-0.0149444
-0.0141794
-0.0134423
-0.0127323
-0.0120485
-0.0113902
-0.0107568
-0.0101475
-0.00956164
-0.00899862
-0.00845781
-0.00793862
-0.00744049
-0.00696286
-0.00650521
-0.00606702
-0.00564779
-0.00524704
-0.00486429
-0.0044991
-0.00415101
-0.00381961
-0.00350451
-0.00320529
-0.00292161
-0.00265311
-0.00239944
-0.00216027
-0.00193531
-0.00172423
-0.00152669
-0.00134243
-0.00117111
-0.00101245
-0.000866138
-0.00073186
-0.000609321
-0.0004982
-0.000398229
-0.000309119
-0.000230589
-0.000162379
-0.000104228
-5.5886e-05
-1.70456e-05
1.24814e-05
3.35344e-05
4.52509e-05
5.34921e-05
4.25096e-05
6.98428e-05
-8.39979e-05
-0.231409
-0.229614
-0.229283
-0.229116
-0.229033
-0.228982
-0.22894
-0.228894
-0.228835
-0.228761
-0.228667
-0.22855
-0.228409
-0.228241
-0.228046
-0.227821
-0.227566
-0.227281
-0.226964
-0.226614
-0.226231
-0.225815
-0.225365
-0.22488
-0.22436
-0.223805
-0.223213
-0.222585
-0.221919
-0.221216
-0.220473
-0.21969
-0.218866
-0.217999
-0.217087
-0.216127
-0.215117
-0.214052
-0.212925
-0.211729
-0.210456
-0.209095
-0.207636
-0.206065
-0.20437
-0.202533
-0.200529
-0.198324
-0.195863
-0.193075
-0.189862
-0.186116
-0.181718
-0.17657
-0.170604
-0.163813
-0.15626
-0.148088
-0.139517
-0.130826
-0.122331
-0.114347
-0.107157
-0.100982
-0.095957
-0.0921264
-0.089447
-0.0878052
-0.0870397
-0.0869658
-0.0873976
-0.0881644
-0.089121
-0.0901519
-0.0911714
-0.0921196
-0.092958
-0.0936645
-0.0942288
-0.0946487
-0.0949268
-0.095069
-0.0950826
-0.0949741
-0.0947551
-0.094431
-0.0940082
-0.0934938
-0.0928938
-0.0922135
-0.0914576
-0.0906306
-0.0897366
-0.0887792
-0.087762
-0.0866881
-0.0855607
-0.0843826
-0.0831567
-0.0818856
-0.0805718
-0.079218
-0.0778267
-0.0764002
-0.074941
-0.0734516
-0.0719345
-0.0703921
-0.068827
-0.0672417
-0.0656388
-0.064021
-0.0623909
-0.0607512
-0.0591047
-0.0574541
-0.0558023
-0.0541519
-0.0525057
-0.0508666
-0.0492371
-0.04762
-0.0460177
-0.0444329
-0.0428679
-0.0413248
-0.039806
-0.0383133
-0.0368486
-0.0354135
-0.0340095
-0.0326377
-0.0312994
-0.0299954
-0.0287263
-0.0274927
-0.026295
-0.0251333
-0.0240076
-0.0229179
-0.0218638
-0.0208449
-0.0198609
-0.0189111
-0.0179948
-0.0171114
-0.01626
-0.0154399
-0.0146502
-0.0138899
-0.0131584
-0.0124546
-0.0117778
-0.011127
-0.0105016
-0.00990071
-0.00932359
-0.00876953
-0.00823785
-0.00772789
-0.00723901
-0.00677062
-0.00632213
-0.00589298
-0.00548264
-0.00509059
-0.00471633
-0.00435939
-0.00401931
-0.00369566
-0.00338802
-0.003096
-0.00281922
-0.00255732
-0.00230998
-0.00207684
-0.00185761
-0.00165195
-0.00145962
-0.00128026
-0.00111359
-0.000959341
-0.000817195
-0.000686872
-0.000568092
-0.000460532
-0.000363964
-0.0002781
-0.000202673
-0.000137433
-8.21224e-05
-3.64925e-05
-2.22117e-07
2.68788e-05
4.57467e-05
5.53377e-05
6.24981e-05
4.83001e-05
8.16714e-05
-0.000105009
-0.232468
-0.2295
-0.229163
-0.229053
-0.228956
-0.22891
-0.228879
-0.228839
-0.228786
-0.228715
-0.228625
-0.228511
-0.228372
-0.228206
-0.228012
-0.227788
-0.227534
-0.227249
-0.226931
-0.22658
-0.226196
-0.225778
-0.225325
-0.224836
-0.224312
-0.223751
-0.223153
-0.222517
-0.221841
-0.221126
-0.220369
-0.21957
-0.218726
-0.217836
-0.216896
-0.215904
-0.214855
-0.213744
-0.212564
-0.211305
-0.209959
-0.208514
-0.206958
-0.205275
-0.203451
-0.201467
-0.199296
-0.196903
-0.194235
-0.191225
-0.187785
-0.18382
-0.179236
-0.173955
-0.167941
-0.161212
-0.153855
-0.146028
-0.137953
-0.1299
-0.122158
-0.115003
-0.108671
-0.10333
-0.0990674
-0.0958846
-0.0937101
-0.092416
-0.0918408
-0.0918119
-0.0921641
-0.092752
-0.0934572
-0.0941892
-0.0948838
-0.0954986
-0.0960081
-0.0963995
-0.0966683
-0.0968155
-0.0968454
-0.0967637
-0.096577
-0.0962914
-0.0959149
-0.095452
-0.0949076
-0.0942869
-0.0935943
-0.0928336
-0.092008
-0.0911208
-0.0901748
-0.0891728
-0.0881173
-0.0870107
-0.0858553
-0.0846534
-0.083407
-0.0821184
-0.0807896
-0.0794228
-0.0780201
-0.0765834
-0.0751151
-0.0736172
-0.0720919
-0.0705415
-0.0689683
-0.0673746
-0.065763
-0.064136
-0.062496
-0.0608457
-0.0591878
-0.0575251
-0.0558602
-0.0541959
-0.0525351
-0.0508804
-0.0492347
-0.0476007
-0.045981
-0.0443782
-0.0427948
-0.0412333
-0.0396959
-0.0381847
-0.0367016
-0.0352485
-0.033827
-0.0324385
-0.0310841
-0.029765
-0.0284818
-0.0272352
-0.0260257
-0.0248535
-0.0237186
-0.0226209
-0.0215603
-0.0205363
-0.0195485
-0.0185962
-0.0176787
-0.0167954
-0.0159453
-0.0151275
-0.0143413
-0.0135855
-0.0128593
-0.0121617
-0.0114917
-0.0108485
-0.0102312
-0.00963888
-0.0090707
-0.00852586
-0.00800362
-0.00750322
-0.00702397
-0.00656521
-0.0061263
-0.00570663
-0.00530563
-0.00492274
-0.00455743
-0.00420921
-0.0038776
-0.00356215
-0.00326243
-0.00297804
-0.0027086
-0.00245374
-0.00221312
-0.00198641
-0.0017733
-0.00157348
-0.00138666
-0.00121255
-0.00105086
-0.000901316
-0.000763635
-0.000637551
-0.000522808
-0.000419065
-0.000326157
-0.000243787
-0.000171703
-0.000109665
-5.74226e-05
-1.47282e-05
1.87478e-05
4.31991e-05
5.96351e-05
6.6862e-05
7.24854e-05
5.5059e-05
9.23506e-05
-0.000120926
-0.234052
-0.229052
-0.228832
-0.228937
-0.228841
-0.228799
-0.228788
-0.228762
-0.228717
-0.228653
-0.228568
-0.228458
-0.228323
-0.228159
-0.227967
-0.227744
-0.22749
-0.227204
-0.226885
-0.226532
-0.226144
-0.225722
-0.225264
-0.224769
-0.224237
-0.223667
-0.223057
-0.222407
-0.221716
-0.220982
-0.220203
-0.219378
-0.218504
-0.217578
-0.216597
-0.215557
-0.214452
-0.213276
-0.21202
-0.210676
-0.209231
-0.207673
-0.205989
-0.204163
-0.202177
-0.200013
-0.197642
-0.19503
-0.192129
-0.188877
-0.185201
-0.181021
-0.176265
-0.170883
-0.164866
-0.158256
-0.15116
-0.143744
-0.136228
-0.128861
-0.121902
-0.115584
-0.110093
-0.105546
-0.101984
-0.0993761
-0.0976276
-0.0966046
-0.0961522
-0.096115
-0.0963513
-0.0967422
-0.0971947
-0.0976412
-0.0980361
-0.098351
-0.0985709
-0.0986891
-0.0987053
-0.098622
-0.0984439
-0.0981759
-0.0978234
-0.0973916
-0.0968855
-0.0963087
-0.0956646
-0.0949568
-0.0941882
-0.0933614
-0.0924784
-0.0915416
-0.0905528
-0.089514
-0.0884267
-0.087293
-0.0861143
-0.0848924
-0.083629
-0.0823258
-0.0809845
-0.0796068
-0.0781945
-0.0767493
-0.0752732
-0.073768
-0.0722357
-0.0706784
-0.0690982
-0.0674973
-0.065878
-0.0642427
-0.0625938
-0.060934
-0.0592657
-0.0575917
-0.0559147
-0.0542374
-0.0525627
-0.0508933
-0.0492321
-0.0475818
-0.0459452
-0.044325
-0.0427237
-0.041144
-0.0395882
-0.0380586
-0.0365572
-0.0350861
-0.0336469
-0.0322413
-0.0308706
-0.0295358
-0.028238
-0.0269779
-0.025756
-0.0245726
-0.0234277
-0.0223215
-0.0212536
-0.0202238
-0.0192314
-0.018276
-0.0173567
-0.0164728
-0.0156234
-0.0148076
-0.0140243
-0.0132726
-0.0125514
-0.0118596
-0.0111964
-0.0105606
-0.00995128
-0.00936746
-0.00880821
-0.00827265
-0.00775992
-0.00726921
-0.00679976
-0.00635082
-0.0059217
-0.00551174
-0.00512032
-0.00474685
-0.00439077
-0.00405155
-0.00372869
-0.00342173
-0.00313023
-0.00285376
-0.00259194
-0.00234439
-0.00211078
-0.00189077
-0.00168404
-0.0014903
-0.00130926
-0.00114063
-0.000984146
-0.000839527
-0.000706526
-0.000584885
-0.00047439
-0.000374652
-0.000285583
-0.000206885
-0.000138319
-7.96569e-05
-3.06517e-05
8.93959e-06
3.94478e-05
6.10704e-05
7.4865e-05
7.95252e-05
8.31466e-05
6.25597e-05
0.000101338
-0.000130757
)
;

boundaryField
{
    inlet
    {
        type            zeroGradient;
    }
    outlet
    {
        type            fixedValue;
        value           uniform 0;
    }
    walls
    {
        type            zeroGradient;
    }
    frontAndBack
    {
        type            empty;
    }
}


// ************************************************************************* //
