/*--------------------------------*- C++ -*----------------------------------*\
  =========                 |
  \\      /  F ield         | OpenFOAM: The Open Source CFD Toolbox
   \\    /   O peration     | Website:  https://openfoam.org
    \\  /    A nd           | Version:  11
     \\/     M anipulation  |
\*---------------------------------------------------------------------------*/
FoamFile
{
    format      ascii;
    class       volScalarField;
    location    "6";
    object      p;
}
// * * * * * * * * * * * * * * * * * * * * * * * * * * * * * * * * * * * * * //

dimensions      [0 2 -2 0 0 0 0];

internalField   nonuniform List<scalar> 
4096
(
8.35109e-10
-0.00948028
-0.0281338
-0.0552444
-0.0897666
-0.130374
-0.175505
-0.223422
-0.27228
-0.3202
-0.365342
-0.405972
-0.440532
-0.467697
-0.48643
-0.496015
-0.496095
-0.48665
-0.468021
-0.440929
-0.406425
-0.365836
-0.320718
-0.272803
-0.22393
-0.17598
-0.130797
-0.0901197
-0.0555153
-0.0283154
-0.00957227
6.29043e-09
6.09058e-09
-0.00957227
-0.0283154
-0.0555153
-0.0901197
-0.130797
-0.17598
-0.22393
-0.272803
-0.320718
-0.365836
-0.406425
-0.440929
-0.468021
-0.48665
-0.496095
-0.496015
-0.48643
-0.467697
-0.440532
-0.405972
-0.365342
-0.3202
-0.27228
-0.223422
-0.175505
-0.130374
-0.0897666
-0.0552444
-0.0281338
-0.00948028
8.6157e-10
-0.00957227
-0.019056
-0.0377117
-0.0648227
-0.0993441
-0.13995
-0.185078
-0.23299
-0.281843
-0.329758
-0.374894
-0.415518
-0.450072
-0.477232
-0.49596
-0.505543
-0.50562
-0.496174
-0.477544
-0.450451
-0.415946
-0.375357
-0.330238
-0.282321
-0.233446
-0.185492
-0.140304
-0.0996209
-0.0650102
-0.0378041
-0.019056
-0.00948027
-0.00948027
-0.019056
-0.0378041
-0.0650102
-0.0996209
-0.140304
-0.185492
-0.233446
-0.282321
-0.330238
-0.375357
-0.415946
-0.450451
-0.477544
-0.496174
-0.50562
-0.505543
-0.49596
-0.477232
-0.450072
-0.415518
-0.374894
-0.329758
-0.281843
-0.23299
-0.185078
-0.13995
-0.0993441
-0.0648227
-0.0377117
-0.019056
-0.00957227
-0.0283154
-0.0378041
-0.0564635
-0.0835759
-0.118097
-0.158701
-0.203825
-0.251732
-0.300578
-0.348485
-0.393612
-0.434227
-0.468772
-0.495924
-0.514645
-0.524223
-0.524298
-0.514852
-0.496221
-0.469128
-0.434624
-0.394036
-0.348919
-0.301001
-0.252125
-0.204169
-0.158978
-0.118291
-0.0836747
-0.0564635
-0.0377117
-0.0281338
-0.0281338
-0.0377117
-0.0564635
-0.0836747
-0.118291
-0.158978
-0.204169
-0.252125
-0.301001
-0.348919
-0.394036
-0.434624
-0.469128
-0.496221
-0.514852
-0.524298
-0.524223
-0.514645
-0.495924
-0.468772
-0.434227
-0.393612
-0.348485
-0.300578
-0.251732
-0.203825
-0.158701
-0.118097
-0.0835759
-0.0564635
-0.0378041
-0.0283154
-0.0555153
-0.0650102
-0.0836747
-0.11079
-0.145313
-0.185915
-0.231035
-0.278934
-0.327771
-0.375666
-0.420781
-0.461383
-0.495916
-0.523057
-0.541769
-0.55134
-0.551411
-0.541963
-0.523332
-0.49624
-0.461738
-0.421153
-0.376039
-0.328124
-0.279249
-0.231293
-0.1861
-0.145409
-0.11079
-0.0835759
-0.0648227
-0.0552444
-0.0552444
-0.0648227
-0.0835759
-0.11079
-0.145409
-0.1861
-0.231293
-0.279249
-0.328124
-0.376039
-0.421153
-0.461738
-0.49624
-0.523332
-0.541963
-0.551411
-0.55134
-0.541769
-0.523057
-0.495916
-0.461383
-0.420781
-0.375666
-0.327771
-0.278934
-0.231035
-0.185915
-0.145313
-0.11079
-0.0836747
-0.0650102
-0.0555153
-0.0901198
-0.0996209
-0.118291
-0.145409
-0.179933
-0.220533
-0.265647
-0.313537
-0.362361
-0.410243
-0.455342
-0.495929
-0.530446
-0.557573
-0.576272
-0.585835
-0.585902
-0.576453
-0.557823
-0.530733
-0.496237
-0.455657
-0.410548
-0.362639
-0.313768
-0.265815
-0.220624
-0.179933
-0.145313
-0.118097
-0.0993441
-0.0897666
-0.0897666
-0.0993441
-0.118097
-0.145313
-0.179933
-0.220624
-0.265815
-0.313768
-0.362639
-0.410548
-0.455657
-0.496237
-0.530733
-0.557823
-0.576453
-0.585902
-0.585835
-0.576272
-0.557573
-0.530446
-0.495929
-0.455342
-0.410243
-0.362361
-0.313537
-0.265647
-0.220533
-0.179933
-0.145409
-0.118291
-0.0996209
-0.0901198
-0.130797
-0.140304
-0.158978
-0.1861
-0.220624
-0.26122
-0.306327
-0.354206
-0.403016
-0.450882
-0.495963
-0.536531
-0.57103
-0.598141
-0.616827
-0.62638
-0.626442
-0.616992
-0.598364
-0.571279
-0.536789
-0.496218
-0.451117
-0.403216
-0.354353
-0.306407
-0.26122
-0.220533
-0.185915
-0.158701
-0.13995
-0.130374
-0.130374
-0.13995
-0.158701
-0.185915
-0.220533
-0.26122
-0.306407
-0.354353
-0.403216
-0.451117
-0.496218
-0.536789
-0.571279
-0.598364
-0.616992
-0.626442
-0.62638
-0.616827
-0.598141
-0.57103
-0.536531
-0.495963
-0.450882
-0.403016
-0.354206
-0.306327
-0.26122
-0.220624
-0.1861
-0.158978
-0.140304
-0.130797
-0.17598
-0.185492
-0.20417
-0.231293
-0.265815
-0.306407
-0.351504
-0.399371
-0.448166
-0.496013
-0.541074
-0.581621
-0.6161
-0.643191
-0.661862
-0.671404
-0.671462
-0.662012
-0.643388
-0.61631
-0.581829
-0.54127
-0.496181
-0.448292
-0.399441
-0.351504
-0.306327
-0.265647
-0.231035
-0.203825
-0.185078
-0.175505
-0.175505
-0.185078
-0.203825
-0.231035
-0.265647
-0.306327
-0.351504
-0.399441
-0.448292
-0.496181
-0.54127
-0.581829
-0.61631
-0.643388
-0.662012
-0.671462
-0.671404
-0.661862
-0.643191
-0.6161
-0.581622
-0.541074
-0.496013
-0.448166
-0.399371
-0.351504
-0.306407
-0.265815
-0.231293
-0.20417
-0.185492
-0.17598
-0.22393
-0.233446
-0.252125
-0.279249
-0.313768
-0.354353
-0.399441
-0.447293
-0.496071
-0.543898
-0.588938
-0.629462
-0.663918
-0.690988
-0.70964
-0.719171
-0.719224
-0.709776
-0.691157
-0.664089
-0.629622
-0.589077
-0.544004
-0.49613
-0.447293
-0.399371
-0.354206
-0.313537
-0.278934
-0.251732
-0.23299
-0.223422
-0.223422
-0.23299
-0.251732
-0.278934
-0.313537
-0.354206
-0.399371
-0.447293
-0.49613
-0.544004
-0.589077
-0.629622
-0.664089
-0.691157
-0.709776
-0.719224
-0.719171
-0.70964
-0.690988
-0.663918
-0.629462
-0.588938
-0.543898
-0.496071
-0.447293
-0.399441
-0.354353
-0.313768
-0.279249
-0.252125
-0.233446
-0.22393
-0.272803
-0.282321
-0.301001
-0.328124
-0.362639
-0.403216
-0.448292
-0.49613
-0.54489
-0.592696
-0.637712
-0.678211
-0.712641
-0.739687
-0.75832
-0.767836
-0.767885
-0.75844
-0.739829
-0.712775
-0.678325
-0.637799
-0.592745
-0.54489
-0.496071
-0.448166
-0.403016
-0.362361
-0.327771
-0.300578
-0.281843
-0.27228
-0.27228
-0.281843
-0.300578
-0.327771
-0.362361
-0.403016
-0.448166
-0.496071
-0.54489
-0.592745
-0.637799
-0.678325
-0.712775
-0.739829
-0.75844
-0.767885
-0.767836
-0.75832
-0.739687
-0.712641
-0.678211
-0.637712
-0.592696
-0.54489
-0.49613
-0.448292
-0.403216
-0.362639
-0.328124
-0.301001
-0.282321
-0.272803
-0.320718
-0.330238
-0.348919
-0.376039
-0.410548
-0.451117
-0.496181
-0.544004
-0.592745
-0.640529
-0.68552
-0.725992
-0.760395
-0.787415
-0.806025
-0.815526
-0.81557
-0.806129
-0.78753
-0.760492
-0.726063
-0.68556
-0.640529
-0.592696
-0.543898
-0.496013
-0.450882
-0.410243
-0.375666
-0.348485
-0.329758
-0.3202
-0.3202
-0.329758
-0.348485
-0.375666
-0.410243
-0.450882
-0.496013
-0.543898
-0.592696
-0.640529
-0.68556
-0.726063
-0.760492
-0.78753
-0.806129
-0.81557
-0.815526
-0.806025
-0.787415
-0.760395
-0.725992
-0.68552
-0.640529
-0.592745
-0.544004
-0.496181
-0.451117
-0.410548
-0.376039
-0.348919
-0.330238
-0.320718
-0.365836
-0.375357
-0.394036
-0.421153
-0.455657
-0.496218
-0.54127
-0.589077
-0.637799
-0.68556
-0.730525
-0.770969
-0.805343
-0.832334
-0.850919
-0.860403
-0.860441
-0.851007
-0.832422
-0.805405
-0.771002
-0.730525
-0.68552
-0.637712
-0.588938
-0.541074
-0.495963
-0.455342
-0.420781
-0.393612
-0.374894
-0.365342
-0.365342
-0.374894
-0.393612
-0.420781
-0.455342
-0.495963
-0.541074
-0.588938
-0.637712
-0.68552
-0.730525
-0.771002
-0.805405
-0.832422
-0.851007
-0.860441
-0.860403
-0.850919
-0.832334
-0.805343
-0.770969
-0.730525
-0.68556
-0.637799
-0.589077
-0.54127
-0.496218
-0.455657
-0.421153
-0.394036
-0.375357
-0.365836
-0.406425
-0.415946
-0.434624
-0.461738
-0.496237
-0.536789
-0.58183
-0.629622
-0.678325
-0.726063
-0.771002
-0.811416
-0.845759
-0.872719
-0.891277
-0.900742
-0.900774
-0.891348
-0.872781
-0.84579
-0.811416
-0.770969
-0.725992
-0.678211
-0.629462
-0.581621
-0.536531
-0.495929
-0.461383
-0.434227
-0.415518
-0.405972
-0.405972
-0.415518
-0.434227
-0.461383
-0.495929
-0.536531
-0.581621
-0.629462
-0.678211
-0.725992
-0.770969
-0.811416
-0.84579
-0.872781
-0.891348
-0.900774
-0.900742
-0.891277
-0.872719
-0.845759
-0.811416
-0.771002
-0.726063
-0.678325
-0.629622
-0.58183
-0.536789
-0.496237
-0.461738
-0.434624
-0.415946
-0.406425
-0.440929
-0.450451
-0.469128
-0.49624
-0.530733
-0.571279
-0.61631
-0.664089
-0.712775
-0.760492
-0.805405
-0.84579
-0.880099
-0.907025
-0.925552
-0.934994
-0.93502
-0.925605
-0.90706
-0.880099
-0.845759
-0.805343
-0.760395
-0.712641
-0.663918
-0.6161
-0.57103
-0.530446
-0.495916
-0.468772
-0.450072
-0.440532
-0.440532
-0.450072
-0.468772
-0.495916
-0.530446
-0.57103
-0.6161
-0.663918
-0.712641
-0.760395
-0.805343
-0.845759
-0.880099
-0.90706
-0.925605
-0.93502
-0.934994
-0.925552
-0.907025
-0.880099
-0.84579
-0.805405
-0.760492
-0.712775
-0.664089
-0.61631
-0.571279
-0.530733
-0.49624
-0.469128
-0.450451
-0.440929
-0.468021
-0.477544
-0.496221
-0.523332
-0.557823
-0.598364
-0.643388
-0.691157
-0.739829
-0.78753
-0.832422
-0.872781
-0.90706
-0.933952
-0.952442
-0.961855
-0.961872
-0.952471
-0.933952
-0.907025
-0.872719
-0.832334
-0.787415
-0.739687
-0.690988
-0.643191
-0.598141
-0.557573
-0.523057
-0.495924
-0.477232
-0.467697
-0.467697
-0.477232
-0.495924
-0.523057
-0.557573
-0.598141
-0.643191
-0.690988
-0.739687
-0.787415
-0.832334
-0.872719
-0.907025
-0.933952
-0.952471
-0.961872
-0.961855
-0.952442
-0.933952
-0.90706
-0.872781
-0.832422
-0.78753
-0.739829
-0.691157
-0.643388
-0.598364
-0.557823
-0.523332
-0.496221
-0.477544
-0.468021
-0.48665
-0.496174
-0.514852
-0.541963
-0.576453
-0.616992
-0.662012
-0.709776
-0.75844
-0.806129
-0.851007
-0.891348
-0.925605
-0.952471
-0.970931
-0.980316
-0.98032
-0.970931
-0.952442
-0.925552
-0.891277
-0.850919
-0.806025
-0.75832
-0.70964
-0.661862
-0.616827
-0.576272
-0.541769
-0.514645
-0.49596
-0.48643
-0.48643
-0.49596
-0.514645
-0.541769
-0.576272
-0.616827
-0.661862
-0.70964
-0.75832
-0.806025
-0.850919
-0.891277
-0.925552
-0.952442
-0.970931
-0.98032
-0.980316
-0.970931
-0.952471
-0.925605
-0.891348
-0.851007
-0.806129
-0.75844
-0.709776
-0.662012
-0.616992
-0.576453
-0.541963
-0.514852
-0.496174
-0.48665
-0.496095
-0.50562
-0.524298
-0.551411
-0.585902
-0.626442
-0.671462
-0.719224
-0.767885
-0.81557
-0.860441
-0.900774
-0.93502
-0.961872
-0.98032
-0.989694
-0.989694
-0.980316
-0.961855
-0.934994
-0.900742
-0.860403
-0.815526
-0.767836
-0.719171
-0.671404
-0.62638
-0.585835
-0.55134
-0.524223
-0.505543
-0.496015
-0.496015
-0.505543
-0.524223
-0.55134
-0.585835
-0.62638
-0.671404
-0.719171
-0.767836
-0.815526
-0.860403
-0.900742
-0.934994
-0.961855
-0.980316
-0.989694
-0.989694
-0.98032
-0.961872
-0.93502
-0.900774
-0.860441
-0.81557
-0.767885
-0.719224
-0.671462
-0.626442
-0.585902
-0.551411
-0.524298
-0.50562
-0.496095
-0.496015
-0.505543
-0.524223
-0.55134
-0.585835
-0.62638
-0.671404
-0.719171
-0.767836
-0.815526
-0.860403
-0.900742
-0.934994
-0.961855
-0.980316
-0.989694
-0.989694
-0.98032
-0.961872
-0.93502
-0.900774
-0.860441
-0.81557
-0.767885
-0.719224
-0.671462
-0.626442
-0.585902
-0.551411
-0.524298
-0.50562
-0.496095
-0.496095
-0.50562
-0.524298
-0.551411
-0.585902
-0.626442
-0.671462
-0.719224
-0.767885
-0.81557
-0.860441
-0.900774
-0.93502
-0.961872
-0.98032
-0.989694
-0.989694
-0.980316
-0.961855
-0.934994
-0.900742
-0.860403
-0.815526
-0.767836
-0.719171
-0.671404
-0.62638
-0.585835
-0.55134
-0.524223
-0.505543
-0.496015
-0.48643
-0.49596
-0.514645
-0.541769
-0.576272
-0.616827
-0.661862
-0.70964
-0.75832
-0.806025
-0.850919
-0.891277
-0.925552
-0.952442
-0.970931
-0.98032
-0.980316
-0.970931
-0.952471
-0.925605
-0.891348
-0.851007
-0.806129
-0.75844
-0.709776
-0.662012
-0.616992
-0.576453
-0.541963
-0.514852
-0.496174
-0.48665
-0.48665
-0.496174
-0.514852
-0.541963
-0.576453
-0.616992
-0.662012
-0.709776
-0.75844
-0.806129
-0.851007
-0.891348
-0.925605
-0.952471
-0.970931
-0.980316
-0.98032
-0.970931
-0.952442
-0.925552
-0.891277
-0.850919
-0.806025
-0.75832
-0.70964
-0.661862
-0.616827
-0.576272
-0.541769
-0.514645
-0.49596
-0.48643
-0.467697
-0.477232
-0.495924
-0.523057
-0.557573
-0.598141
-0.643191
-0.690988
-0.739687
-0.787415
-0.832334
-0.872719
-0.907025
-0.933952
-0.952471
-0.961872
-0.961855
-0.952442
-0.933952
-0.90706
-0.872781
-0.832422
-0.78753
-0.739829
-0.691157
-0.643388
-0.598364
-0.557823
-0.523332
-0.496221
-0.477544
-0.468021
-0.468021
-0.477544
-0.496221
-0.523332
-0.557823
-0.598364
-0.643388
-0.691157
-0.739829
-0.78753
-0.832422
-0.872781
-0.90706
-0.933952
-0.952442
-0.961855
-0.961872
-0.952471
-0.933952
-0.907025
-0.872719
-0.832334
-0.787415
-0.739687
-0.690988
-0.643191
-0.598141
-0.557573
-0.523057
-0.495924
-0.477232
-0.467697
-0.440532
-0.450072
-0.468772
-0.495916
-0.530446
-0.57103
-0.6161
-0.663918
-0.712641
-0.760395
-0.805343
-0.845759
-0.880099
-0.90706
-0.925605
-0.93502
-0.934994
-0.925552
-0.907025
-0.880099
-0.84579
-0.805405
-0.760492
-0.712775
-0.664089
-0.61631
-0.571279
-0.530733
-0.49624
-0.469128
-0.450451
-0.440929
-0.440929
-0.450451
-0.469128
-0.49624
-0.530733
-0.571279
-0.61631
-0.664089
-0.712775
-0.760492
-0.805405
-0.84579
-0.880099
-0.907025
-0.925552
-0.934994
-0.93502
-0.925605
-0.90706
-0.880099
-0.845759
-0.805343
-0.760395
-0.712641
-0.663918
-0.6161
-0.57103
-0.530446
-0.495916
-0.468772
-0.450072
-0.440532
-0.405972
-0.415518
-0.434227
-0.461383
-0.495929
-0.536531
-0.581622
-0.629462
-0.678211
-0.725992
-0.770969
-0.811416
-0.84579
-0.872781
-0.891348
-0.900774
-0.900742
-0.891277
-0.872719
-0.845759
-0.811416
-0.771002
-0.726063
-0.678325
-0.629622
-0.58183
-0.536789
-0.496237
-0.461738
-0.434624
-0.415946
-0.406425
-0.406425
-0.415946
-0.434624
-0.461738
-0.496237
-0.536789
-0.58183
-0.629622
-0.678325
-0.726063
-0.771002
-0.811416
-0.845759
-0.872719
-0.891277
-0.900742
-0.900774
-0.891348
-0.872781
-0.84579
-0.811416
-0.770969
-0.725992
-0.678211
-0.629462
-0.581622
-0.536531
-0.495929
-0.461383
-0.434227
-0.415518
-0.405972
-0.365342
-0.374894
-0.393612
-0.420781
-0.455342
-0.495963
-0.541074
-0.588938
-0.637712
-0.68552
-0.730525
-0.771002
-0.805405
-0.832422
-0.851007
-0.860441
-0.860403
-0.850919
-0.832334
-0.805343
-0.770969
-0.730525
-0.68556
-0.637799
-0.589077
-0.54127
-0.496218
-0.455657
-0.421153
-0.394036
-0.375357
-0.365836
-0.365836
-0.375357
-0.394036
-0.421153
-0.455657
-0.496218
-0.54127
-0.589077
-0.637799
-0.68556
-0.730525
-0.770969
-0.805343
-0.832334
-0.850919
-0.860403
-0.860441
-0.851007
-0.832422
-0.805405
-0.771002
-0.730525
-0.68552
-0.637712
-0.588938
-0.541074
-0.495963
-0.455342
-0.420781
-0.393612
-0.374894
-0.365342
-0.3202
-0.329758
-0.348485
-0.375666
-0.410243
-0.450882
-0.496013
-0.543898
-0.592696
-0.640529
-0.68556
-0.726063
-0.760492
-0.78753
-0.806129
-0.81557
-0.815526
-0.806025
-0.787415
-0.760395
-0.725992
-0.68552
-0.640529
-0.592745
-0.544004
-0.496181
-0.451117
-0.410548
-0.376039
-0.348919
-0.330238
-0.320718
-0.320718
-0.330238
-0.348919
-0.376039
-0.410548
-0.451117
-0.496181
-0.544004
-0.592745
-0.640529
-0.68552
-0.725992
-0.760395
-0.787415
-0.806025
-0.815526
-0.81557
-0.806129
-0.78753
-0.760492
-0.726063
-0.68556
-0.640529
-0.592696
-0.543898
-0.496013
-0.450882
-0.410243
-0.375666
-0.348485
-0.329758
-0.3202
-0.27228
-0.281843
-0.300578
-0.327771
-0.362361
-0.403016
-0.448166
-0.496071
-0.54489
-0.592745
-0.637799
-0.678325
-0.712775
-0.739829
-0.75844
-0.767885
-0.767836
-0.75832
-0.739687
-0.712641
-0.678211
-0.637712
-0.592696
-0.54489
-0.49613
-0.448292
-0.403216
-0.362639
-0.328124
-0.301001
-0.282321
-0.272803
-0.272803
-0.282321
-0.301001
-0.328124
-0.362639
-0.403216
-0.448292
-0.49613
-0.54489
-0.592696
-0.637712
-0.678211
-0.712641
-0.739687
-0.75832
-0.767836
-0.767885
-0.75844
-0.739829
-0.712775
-0.678325
-0.637799
-0.592745
-0.54489
-0.496071
-0.448166
-0.403016
-0.362361
-0.327771
-0.300578
-0.281843
-0.27228
-0.223422
-0.23299
-0.251732
-0.278934
-0.313537
-0.354206
-0.399371
-0.447293
-0.49613
-0.544004
-0.589077
-0.629622
-0.664089
-0.691157
-0.709776
-0.719224
-0.719171
-0.70964
-0.690988
-0.663918
-0.629462
-0.588938
-0.543898
-0.496071
-0.447293
-0.399441
-0.354353
-0.313768
-0.279249
-0.252125
-0.233446
-0.22393
-0.22393
-0.233446
-0.252125
-0.279249
-0.313768
-0.354353
-0.399441
-0.447293
-0.496071
-0.543898
-0.588938
-0.629462
-0.663918
-0.690988
-0.70964
-0.719171
-0.719224
-0.709776
-0.691157
-0.664089
-0.629622
-0.589077
-0.544004
-0.49613
-0.447293
-0.399371
-0.354206
-0.313537
-0.278934
-0.251732
-0.23299
-0.223422
-0.175505
-0.185078
-0.203825
-0.231035
-0.265647
-0.306327
-0.351504
-0.399441
-0.448292
-0.496181
-0.54127
-0.58183
-0.61631
-0.643388
-0.662012
-0.671462
-0.671404
-0.661862
-0.643191
-0.6161
-0.581622
-0.541074
-0.496013
-0.448166
-0.399371
-0.351504
-0.306407
-0.265815
-0.231293
-0.20417
-0.185492
-0.17598
-0.17598
-0.185492
-0.20417
-0.231293
-0.265815
-0.306407
-0.351504
-0.399371
-0.448166
-0.496013
-0.541074
-0.581622
-0.6161
-0.643191
-0.661862
-0.671404
-0.671462
-0.662012
-0.643388
-0.61631
-0.58183
-0.54127
-0.496181
-0.448292
-0.399441
-0.351504
-0.306327
-0.265647
-0.231035
-0.203825
-0.185078
-0.175505
-0.130374
-0.13995
-0.158701
-0.185915
-0.220533
-0.26122
-0.306407
-0.354353
-0.403216
-0.451117
-0.496218
-0.536789
-0.571279
-0.598364
-0.616992
-0.626442
-0.62638
-0.616827
-0.598141
-0.57103
-0.536531
-0.495963
-0.450882
-0.403016
-0.354206
-0.306327
-0.26122
-0.220624
-0.1861
-0.158978
-0.140304
-0.130797
-0.130797
-0.140304
-0.158978
-0.1861
-0.220624
-0.26122
-0.306327
-0.354206
-0.403016
-0.450882
-0.495963
-0.536531
-0.57103
-0.598141
-0.616827
-0.62638
-0.626442
-0.616992
-0.598364
-0.571279
-0.536789
-0.496218
-0.451117
-0.403216
-0.354353
-0.306407
-0.26122
-0.220533
-0.185915
-0.158701
-0.13995
-0.130374
-0.0897666
-0.0993441
-0.118097
-0.145313
-0.179933
-0.220624
-0.265815
-0.313768
-0.362639
-0.410548
-0.455657
-0.496237
-0.530733
-0.557823
-0.576453
-0.585902
-0.585835
-0.576272
-0.557573
-0.530446
-0.495929
-0.455342
-0.410243
-0.362361
-0.313537
-0.265647
-0.220533
-0.179933
-0.145409
-0.118291
-0.0996209
-0.0901198
-0.0901198
-0.0996209
-0.118291
-0.145409
-0.179933
-0.220533
-0.265647
-0.313537
-0.362361
-0.410243
-0.455342
-0.495929
-0.530446
-0.557573
-0.576272
-0.585835
-0.585902
-0.576453
-0.557823
-0.530733
-0.496237
-0.455657
-0.410548
-0.362639
-0.313768
-0.265815
-0.220624
-0.179933
-0.145313
-0.118097
-0.0993441
-0.0897666
-0.0552444
-0.0648227
-0.0835759
-0.11079
-0.145409
-0.1861
-0.231293
-0.279249
-0.328124
-0.376039
-0.421153
-0.461738
-0.49624
-0.523332
-0.541963
-0.551411
-0.55134
-0.541769
-0.523057
-0.495916
-0.461383
-0.420781
-0.375666
-0.327771
-0.278934
-0.231035
-0.185915
-0.145313
-0.11079
-0.0836747
-0.0650102
-0.0555153
-0.0555153
-0.0650102
-0.0836747
-0.11079
-0.145313
-0.185915
-0.231035
-0.278934
-0.327771
-0.375666
-0.420781
-0.461383
-0.495916
-0.523057
-0.541769
-0.55134
-0.551411
-0.541963
-0.523332
-0.49624
-0.461738
-0.421153
-0.376039
-0.328124
-0.279249
-0.231293
-0.1861
-0.145409
-0.11079
-0.0835759
-0.0648227
-0.0552444
-0.0281338
-0.0377117
-0.0564635
-0.0836747
-0.118291
-0.158978
-0.20417
-0.252125
-0.301001
-0.348919
-0.394036
-0.434624
-0.469128
-0.496221
-0.514852
-0.524298
-0.524223
-0.514645
-0.495924
-0.468772
-0.434227
-0.393612
-0.348485
-0.300578
-0.251732
-0.203825
-0.158701
-0.118097
-0.0835759
-0.0564635
-0.0378041
-0.0283154
-0.0283154
-0.0378041
-0.0564635
-0.0835759
-0.118097
-0.158701
-0.203825
-0.251732
-0.300578
-0.348485
-0.393612
-0.434227
-0.468772
-0.495924
-0.514645
-0.524223
-0.524298
-0.514852
-0.496221
-0.469128
-0.434624
-0.394036
-0.348919
-0.301001
-0.252125
-0.20417
-0.158978
-0.118291
-0.0836747
-0.0564635
-0.0377117
-0.0281338
-0.00948028
-0.019056
-0.0378041
-0.0650102
-0.0996209
-0.140304
-0.185492
-0.233446
-0.282321
-0.330238
-0.375357
-0.415946
-0.450451
-0.477544
-0.496174
-0.50562
-0.505543
-0.49596
-0.477232
-0.450072
-0.415518
-0.374894
-0.329758
-0.281843
-0.23299
-0.185078
-0.13995
-0.0993441
-0.0648227
-0.0377117
-0.019056
-0.00957227
-0.00957227
-0.019056
-0.0377117
-0.0648227
-0.0993441
-0.13995
-0.185078
-0.23299
-0.281843
-0.329758
-0.374894
-0.415518
-0.450072
-0.477232
-0.49596
-0.505543
-0.50562
-0.496174
-0.477544
-0.450451
-0.415946
-0.375357
-0.330238
-0.282321
-0.233446
-0.185492
-0.140304
-0.0996209
-0.0650102
-0.0378041
-0.019056
-0.00948028
-4.89422e-09
-0.00957228
-0.0283154
-0.0555153
-0.0901198
-0.130797
-0.17598
-0.22393
-0.272803
-0.320718
-0.365836
-0.406425
-0.440929
-0.468021
-0.48665
-0.496095
-0.496015
-0.48643
-0.467697
-0.440532
-0.405972
-0.365342
-0.3202
-0.27228
-0.223422
-0.175505
-0.130374
-0.0897666
-0.0552444
-0.0281338
-0.00948028
8.22687e-10
7.76965e-10
-0.00948028
-0.0281338
-0.0552444
-0.0897666
-0.130374
-0.175505
-0.223422
-0.27228
-0.3202
-0.365342
-0.405972
-0.440532
-0.467697
-0.48643
-0.496015
-0.496095
-0.48665
-0.468021
-0.440929
-0.406425
-0.365836
-0.320718
-0.272803
-0.22393
-0.17598
-0.130797
-0.0901198
-0.0555153
-0.0283154
-0.00957228
-4.34948e-09
-4.95192e-09
-0.00957228
-0.0283154
-0.0555153
-0.0901198
-0.130797
-0.17598
-0.22393
-0.272803
-0.320718
-0.365836
-0.406425
-0.440929
-0.468021
-0.48665
-0.496095
-0.496015
-0.48643
-0.467697
-0.440532
-0.405972
-0.365342
-0.3202
-0.27228
-0.223422
-0.175505
-0.130374
-0.0897666
-0.0552444
-0.0281338
-0.00948028
8.17588e-10
7.6337e-10
-0.00948028
-0.0281338
-0.0552444
-0.0897666
-0.130374
-0.175505
-0.223422
-0.27228
-0.3202
-0.365342
-0.405972
-0.440532
-0.467697
-0.48643
-0.496015
-0.496095
-0.48665
-0.468021
-0.440929
-0.406425
-0.365836
-0.320718
-0.272803
-0.22393
-0.17598
-0.130797
-0.0901198
-0.0555153
-0.0283154
-0.00957228
-4.36597e-09
-0.00948028
-0.019056
-0.0378041
-0.0650102
-0.0996209
-0.140304
-0.185492
-0.233446
-0.282321
-0.330238
-0.375357
-0.415946
-0.450451
-0.477544
-0.496174
-0.50562
-0.505543
-0.49596
-0.477232
-0.450072
-0.415518
-0.374894
-0.329758
-0.281843
-0.23299
-0.185078
-0.13995
-0.0993441
-0.0648227
-0.0377117
-0.019056
-0.00957227
-0.00957227
-0.019056
-0.0377117
-0.0648227
-0.0993441
-0.13995
-0.185078
-0.23299
-0.281843
-0.329758
-0.374894
-0.415518
-0.450072
-0.477232
-0.49596
-0.505543
-0.50562
-0.496174
-0.477544
-0.450451
-0.415946
-0.375357
-0.330238
-0.282321
-0.233446
-0.185492
-0.140304
-0.0996209
-0.0650102
-0.0378041
-0.019056
-0.00948028
-0.0281338
-0.0377117
-0.0564635
-0.0836747
-0.118291
-0.158978
-0.20417
-0.252125
-0.301001
-0.348919
-0.394036
-0.434624
-0.469128
-0.496221
-0.514852
-0.524298
-0.524223
-0.514645
-0.495924
-0.468772
-0.434227
-0.393612
-0.348485
-0.300578
-0.251732
-0.203825
-0.158701
-0.118097
-0.0835759
-0.0564635
-0.0378041
-0.0283154
-0.0283154
-0.0378041
-0.0564635
-0.0835759
-0.118097
-0.158701
-0.203825
-0.251732
-0.300578
-0.348485
-0.393612
-0.434227
-0.468772
-0.495924
-0.514645
-0.524223
-0.524298
-0.514852
-0.496221
-0.469128
-0.434624
-0.394036
-0.348919
-0.301001
-0.252125
-0.20417
-0.158978
-0.118291
-0.0836747
-0.0564635
-0.0377117
-0.0281338
-0.0552444
-0.0648227
-0.0835759
-0.11079
-0.145409
-0.1861
-0.231293
-0.279249
-0.328124
-0.376039
-0.421153
-0.461738
-0.49624
-0.523332
-0.541963
-0.551411
-0.55134
-0.541769
-0.523057
-0.495916
-0.461383
-0.420781
-0.375666
-0.327771
-0.278934
-0.231035
-0.185915
-0.145313
-0.11079
-0.0836747
-0.0650102
-0.0555153
-0.0555153
-0.0650102
-0.0836747
-0.11079
-0.145313
-0.185915
-0.231035
-0.278934
-0.327771
-0.375666
-0.420781
-0.461383
-0.495916
-0.523057
-0.541769
-0.55134
-0.551411
-0.541963
-0.523332
-0.49624
-0.461738
-0.421153
-0.376039
-0.328124
-0.279249
-0.231293
-0.1861
-0.145409
-0.11079
-0.0835759
-0.0648227
-0.0552444
-0.0897666
-0.0993441
-0.118097
-0.145313
-0.179933
-0.220624
-0.265815
-0.313768
-0.362639
-0.410548
-0.455657
-0.496237
-0.530733
-0.557823
-0.576453
-0.585902
-0.585835
-0.576272
-0.557573
-0.530446
-0.495929
-0.455342
-0.410243
-0.362361
-0.313537
-0.265647
-0.220533
-0.179933
-0.145409
-0.118291
-0.0996209
-0.0901198
-0.0901198
-0.0996209
-0.118291
-0.145409
-0.179933
-0.220533
-0.265647
-0.313537
-0.362361
-0.410243
-0.455342
-0.495929
-0.530446
-0.557573
-0.576272
-0.585835
-0.585902
-0.576453
-0.557823
-0.530733
-0.496237
-0.455657
-0.410548
-0.362639
-0.313768
-0.265815
-0.220624
-0.179933
-0.145313
-0.118097
-0.0993441
-0.0897666
-0.130374
-0.13995
-0.158701
-0.185915
-0.220533
-0.26122
-0.306407
-0.354353
-0.403216
-0.451117
-0.496218
-0.536789
-0.571279
-0.598364
-0.616992
-0.626442
-0.62638
-0.616827
-0.598141
-0.57103
-0.536531
-0.495963
-0.450882
-0.403016
-0.354206
-0.306327
-0.26122
-0.220624
-0.1861
-0.158978
-0.140304
-0.130797
-0.130797
-0.140304
-0.158978
-0.1861
-0.220624
-0.26122
-0.306327
-0.354206
-0.403016
-0.450882
-0.495963
-0.536531
-0.57103
-0.598141
-0.616827
-0.62638
-0.626442
-0.616992
-0.598364
-0.571279
-0.536789
-0.496218
-0.451117
-0.403216
-0.354353
-0.306407
-0.26122
-0.220533
-0.185915
-0.158701
-0.13995
-0.130374
-0.175505
-0.185078
-0.203825
-0.231035
-0.265647
-0.306327
-0.351504
-0.399441
-0.448292
-0.496181
-0.54127
-0.58183
-0.61631
-0.643388
-0.662012
-0.671462
-0.671404
-0.661862
-0.643191
-0.6161
-0.581622
-0.541074
-0.496013
-0.448166
-0.399371
-0.351504
-0.306407
-0.265815
-0.231293
-0.20417
-0.185492
-0.17598
-0.17598
-0.185492
-0.20417
-0.231293
-0.265815
-0.306407
-0.351504
-0.399371
-0.448166
-0.496013
-0.541074
-0.581622
-0.6161
-0.643191
-0.661862
-0.671404
-0.671462
-0.662012
-0.643388
-0.61631
-0.58183
-0.54127
-0.496181
-0.448292
-0.399441
-0.351504
-0.306327
-0.265647
-0.231035
-0.203825
-0.185078
-0.175505
-0.223422
-0.23299
-0.251732
-0.278934
-0.313537
-0.354206
-0.399371
-0.447293
-0.49613
-0.544004
-0.589077
-0.629622
-0.664089
-0.691157
-0.709776
-0.719224
-0.719171
-0.70964
-0.690988
-0.663918
-0.629462
-0.588938
-0.543898
-0.496071
-0.447293
-0.399441
-0.354353
-0.313768
-0.279249
-0.252125
-0.233446
-0.22393
-0.22393
-0.233446
-0.252125
-0.279249
-0.313768
-0.354353
-0.399441
-0.447293
-0.496071
-0.543898
-0.588938
-0.629462
-0.663918
-0.690988
-0.70964
-0.719171
-0.719224
-0.709776
-0.691157
-0.664089
-0.629622
-0.589077
-0.544004
-0.49613
-0.447293
-0.399371
-0.354206
-0.313537
-0.278934
-0.251732
-0.23299
-0.223422
-0.27228
-0.281843
-0.300578
-0.327771
-0.362361
-0.403016
-0.448166
-0.496071
-0.54489
-0.592745
-0.637799
-0.678325
-0.712775
-0.739829
-0.75844
-0.767885
-0.767836
-0.75832
-0.739687
-0.712641
-0.678211
-0.637712
-0.592696
-0.54489
-0.49613
-0.448292
-0.403216
-0.362639
-0.328124
-0.301001
-0.282321
-0.272803
-0.272803
-0.282321
-0.301001
-0.328124
-0.362639
-0.403216
-0.448292
-0.49613
-0.54489
-0.592696
-0.637712
-0.678211
-0.712641
-0.739687
-0.75832
-0.767836
-0.767885
-0.75844
-0.739829
-0.712775
-0.678325
-0.637799
-0.592745
-0.54489
-0.496071
-0.448166
-0.403016
-0.362361
-0.327771
-0.300578
-0.281843
-0.27228
-0.3202
-0.329758
-0.348485
-0.375666
-0.410243
-0.450882
-0.496013
-0.543898
-0.592696
-0.640529
-0.68556
-0.726063
-0.760492
-0.78753
-0.806129
-0.81557
-0.815526
-0.806025
-0.787415
-0.760395
-0.725992
-0.68552
-0.640529
-0.592745
-0.544004
-0.496181
-0.451117
-0.410548
-0.376039
-0.348919
-0.330238
-0.320718
-0.320718
-0.330238
-0.348919
-0.376039
-0.410548
-0.451117
-0.496181
-0.544004
-0.592745
-0.640529
-0.68552
-0.725992
-0.760395
-0.787415
-0.806025
-0.815526
-0.81557
-0.806129
-0.78753
-0.760492
-0.726063
-0.68556
-0.640529
-0.592696
-0.543898
-0.496013
-0.450882
-0.410243
-0.375666
-0.348485
-0.329758
-0.3202
-0.365342
-0.374894
-0.393612
-0.420781
-0.455342
-0.495963
-0.541074
-0.588938
-0.637712
-0.68552
-0.730525
-0.771002
-0.805405
-0.832422
-0.851007
-0.860441
-0.860403
-0.850919
-0.832334
-0.805343
-0.770969
-0.730525
-0.68556
-0.637799
-0.589077
-0.54127
-0.496218
-0.455657
-0.421153
-0.394036
-0.375357
-0.365836
-0.365836
-0.375357
-0.394036
-0.421153
-0.455657
-0.496218
-0.54127
-0.589077
-0.637799
-0.68556
-0.730525
-0.770969
-0.805343
-0.832334
-0.850919
-0.860403
-0.860441
-0.851007
-0.832422
-0.805405
-0.771002
-0.730525
-0.68552
-0.637712
-0.588938
-0.541074
-0.495963
-0.455342
-0.420781
-0.393612
-0.374894
-0.365342
-0.405972
-0.415518
-0.434227
-0.461383
-0.495929
-0.536531
-0.581622
-0.629462
-0.678211
-0.725992
-0.770969
-0.811416
-0.84579
-0.872781
-0.891348
-0.900774
-0.900742
-0.891277
-0.872719
-0.845759
-0.811416
-0.771002
-0.726063
-0.678325
-0.629622
-0.58183
-0.536789
-0.496237
-0.461738
-0.434624
-0.415946
-0.406425
-0.406425
-0.415946
-0.434624
-0.461738
-0.496237
-0.536789
-0.58183
-0.629622
-0.678325
-0.726063
-0.771002
-0.811416
-0.845759
-0.872719
-0.891277
-0.900742
-0.900774
-0.891348
-0.872781
-0.84579
-0.811416
-0.770969
-0.725992
-0.678211
-0.629462
-0.581622
-0.536531
-0.495929
-0.461383
-0.434227
-0.415518
-0.405972
-0.440532
-0.450072
-0.468772
-0.495916
-0.530446
-0.57103
-0.6161
-0.663918
-0.712641
-0.760395
-0.805343
-0.845759
-0.880099
-0.90706
-0.925605
-0.93502
-0.934994
-0.925552
-0.907025
-0.880099
-0.84579
-0.805405
-0.760492
-0.712775
-0.664089
-0.61631
-0.571279
-0.530733
-0.49624
-0.469128
-0.450451
-0.440929
-0.440929
-0.450451
-0.469128
-0.49624
-0.530733
-0.571279
-0.61631
-0.664089
-0.712775
-0.760492
-0.805405
-0.84579
-0.880099
-0.907025
-0.925552
-0.934994
-0.93502
-0.925605
-0.90706
-0.880099
-0.845759
-0.805343
-0.760395
-0.712641
-0.663918
-0.6161
-0.57103
-0.530446
-0.495916
-0.468772
-0.450072
-0.440532
-0.467697
-0.477232
-0.495924
-0.523057
-0.557573
-0.598141
-0.643191
-0.690988
-0.739687
-0.787415
-0.832334
-0.872719
-0.907025
-0.933952
-0.952471
-0.961872
-0.961855
-0.952442
-0.933952
-0.90706
-0.872781
-0.832422
-0.78753
-0.739829
-0.691157
-0.643388
-0.598364
-0.557823
-0.523332
-0.496221
-0.477544
-0.468021
-0.468021
-0.477544
-0.496221
-0.523332
-0.557823
-0.598364
-0.643388
-0.691157
-0.739829
-0.78753
-0.832422
-0.872781
-0.90706
-0.933952
-0.952442
-0.961855
-0.961872
-0.952471
-0.933952
-0.907025
-0.872719
-0.832334
-0.787415
-0.739687
-0.690988
-0.643191
-0.598141
-0.557573
-0.523057
-0.495924
-0.477232
-0.467697
-0.48643
-0.49596
-0.514645
-0.541769
-0.576272
-0.616827
-0.661862
-0.70964
-0.75832
-0.806025
-0.850919
-0.891277
-0.925552
-0.952442
-0.970931
-0.98032
-0.980316
-0.970931
-0.952471
-0.925605
-0.891348
-0.851007
-0.806129
-0.75844
-0.709776
-0.662012
-0.616992
-0.576453
-0.541963
-0.514852
-0.496174
-0.48665
-0.48665
-0.496174
-0.514852
-0.541963
-0.576453
-0.616992
-0.662012
-0.709776
-0.75844
-0.806129
-0.851007
-0.891348
-0.925605
-0.952471
-0.970931
-0.980316
-0.98032
-0.970931
-0.952442
-0.925552
-0.891277
-0.850919
-0.806025
-0.75832
-0.70964
-0.661862
-0.616827
-0.576272
-0.541769
-0.514645
-0.49596
-0.48643
-0.496015
-0.505543
-0.524223
-0.55134
-0.585835
-0.62638
-0.671404
-0.719171
-0.767836
-0.815526
-0.860403
-0.900742
-0.934994
-0.961855
-0.980316
-0.989694
-0.989694
-0.98032
-0.961872
-0.93502
-0.900774
-0.860441
-0.81557
-0.767885
-0.719224
-0.671462
-0.626442
-0.585902
-0.551411
-0.524298
-0.50562
-0.496095
-0.496095
-0.50562
-0.524298
-0.551411
-0.585902
-0.626442
-0.671462
-0.719224
-0.767885
-0.81557
-0.860441
-0.900774
-0.93502
-0.961872
-0.98032
-0.989694
-0.989694
-0.980316
-0.961855
-0.934994
-0.900742
-0.860403
-0.815526
-0.767836
-0.719171
-0.671404
-0.62638
-0.585835
-0.55134
-0.524223
-0.505543
-0.496015
-0.496095
-0.50562
-0.524298
-0.551411
-0.585902
-0.626442
-0.671462
-0.719224
-0.767885
-0.81557
-0.860441
-0.900774
-0.93502
-0.961872
-0.98032
-0.989694
-0.989694
-0.980316
-0.961855
-0.934994
-0.900742
-0.860403
-0.815526
-0.767836
-0.719171
-0.671404
-0.62638
-0.585835
-0.55134
-0.524223
-0.505543
-0.496015
-0.496015
-0.505543
-0.524223
-0.55134
-0.585835
-0.62638
-0.671404
-0.719171
-0.767836
-0.815526
-0.860403
-0.900742
-0.934994
-0.961855
-0.980316
-0.989694
-0.989694
-0.98032
-0.961872
-0.93502
-0.900774
-0.860441
-0.81557
-0.767885
-0.719224
-0.671462
-0.626442
-0.585902
-0.551411
-0.524298
-0.50562
-0.496095
-0.48665
-0.496174
-0.514852
-0.541963
-0.576453
-0.616992
-0.662012
-0.709776
-0.75844
-0.806129
-0.851007
-0.891348
-0.925605
-0.952471
-0.970931
-0.980316
-0.98032
-0.970931
-0.952442
-0.925552
-0.891277
-0.850919
-0.806025
-0.75832
-0.70964
-0.661862
-0.616827
-0.576272
-0.541769
-0.514645
-0.49596
-0.48643
-0.48643
-0.49596
-0.514645
-0.541769
-0.576272
-0.616827
-0.661862
-0.70964
-0.75832
-0.806025
-0.850919
-0.891277
-0.925552
-0.952442
-0.970931
-0.98032
-0.980316
-0.970931
-0.952471
-0.925605
-0.891348
-0.851007
-0.806129
-0.75844
-0.709776
-0.662012
-0.616992
-0.576453
-0.541963
-0.514852
-0.496174
-0.48665
-0.468021
-0.477544
-0.496221
-0.523332
-0.557823
-0.598364
-0.643388
-0.691157
-0.739829
-0.78753
-0.832422
-0.872781
-0.90706
-0.933952
-0.952442
-0.961855
-0.961872
-0.952471
-0.933952
-0.907025
-0.872719
-0.832334
-0.787415
-0.739687
-0.690988
-0.643191
-0.598141
-0.557573
-0.523057
-0.495924
-0.477232
-0.467697
-0.467697
-0.477232
-0.495924
-0.523057
-0.557573
-0.598141
-0.643191
-0.690988
-0.739687
-0.787415
-0.832334
-0.872719
-0.907025
-0.933952
-0.952471
-0.961872
-0.961855
-0.952442
-0.933952
-0.90706
-0.872781
-0.832422
-0.78753
-0.739829
-0.691157
-0.643388
-0.598364
-0.557823
-0.523332
-0.496221
-0.477544
-0.468021
-0.440929
-0.450451
-0.469128
-0.49624
-0.530733
-0.571279
-0.61631
-0.664089
-0.712775
-0.760492
-0.805405
-0.84579
-0.880099
-0.907025
-0.925552
-0.934994
-0.93502
-0.925605
-0.90706
-0.880099
-0.845759
-0.805343
-0.760395
-0.712641
-0.663918
-0.6161
-0.57103
-0.530446
-0.495916
-0.468772
-0.450072
-0.440532
-0.440532
-0.450072
-0.468772
-0.495916
-0.530446
-0.57103
-0.6161
-0.663918
-0.712641
-0.760395
-0.805343
-0.845759
-0.880099
-0.90706
-0.925605
-0.93502
-0.934994
-0.925552
-0.907025
-0.880099
-0.84579
-0.805405
-0.760492
-0.712775
-0.664089
-0.61631
-0.571279
-0.530733
-0.49624
-0.469128
-0.450451
-0.440929
-0.406425
-0.415946
-0.434624
-0.461738
-0.496237
-0.536789
-0.58183
-0.629622
-0.678325
-0.726063
-0.771002
-0.811416
-0.845759
-0.872719
-0.891277
-0.900742
-0.900774
-0.891348
-0.872781
-0.84579
-0.811416
-0.770969
-0.725992
-0.678211
-0.629462
-0.581621
-0.536531
-0.495929
-0.461383
-0.434227
-0.415518
-0.405972
-0.405972
-0.415518
-0.434227
-0.461383
-0.495929
-0.536531
-0.581621
-0.629462
-0.678211
-0.725992
-0.770969
-0.811416
-0.84579
-0.872781
-0.891348
-0.900774
-0.900742
-0.891277
-0.872719
-0.845759
-0.811416
-0.771002
-0.726063
-0.678325
-0.629622
-0.58183
-0.536789
-0.496237
-0.461738
-0.434624
-0.415946
-0.406425
-0.365836
-0.375357
-0.394036
-0.421153
-0.455657
-0.496218
-0.54127
-0.589077
-0.637799
-0.68556
-0.730525
-0.770969
-0.805343
-0.832334
-0.850919
-0.860403
-0.860441
-0.851007
-0.832422
-0.805405
-0.771002
-0.730525
-0.68552
-0.637712
-0.588938
-0.541074
-0.495963
-0.455342
-0.420781
-0.393612
-0.374894
-0.365342
-0.365342
-0.374894
-0.393612
-0.420781
-0.455342
-0.495963
-0.541074
-0.588938
-0.637712
-0.68552
-0.730525
-0.771002
-0.805405
-0.832422
-0.851007
-0.860441
-0.860403
-0.850919
-0.832334
-0.805343
-0.770969
-0.730525
-0.68556
-0.637799
-0.589077
-0.54127
-0.496218
-0.455657
-0.421153
-0.394036
-0.375357
-0.365836
-0.320718
-0.330238
-0.348919
-0.376039
-0.410548
-0.451117
-0.496181
-0.544004
-0.592745
-0.640529
-0.68552
-0.725992
-0.760395
-0.787415
-0.806025
-0.815526
-0.81557
-0.806129
-0.78753
-0.760492
-0.726063
-0.68556
-0.640529
-0.592696
-0.543898
-0.496013
-0.450882
-0.410243
-0.375666
-0.348485
-0.329758
-0.3202
-0.3202
-0.329758
-0.348485
-0.375666
-0.410243
-0.450882
-0.496013
-0.543898
-0.592696
-0.640529
-0.68556
-0.726063
-0.760492
-0.78753
-0.806129
-0.81557
-0.815526
-0.806025
-0.787415
-0.760395
-0.725992
-0.68552
-0.640529
-0.592745
-0.544004
-0.496181
-0.451117
-0.410548
-0.376039
-0.348919
-0.330238
-0.320718
-0.272803
-0.282321
-0.301001
-0.328124
-0.362639
-0.403216
-0.448292
-0.49613
-0.54489
-0.592696
-0.637712
-0.678211
-0.712641
-0.739687
-0.75832
-0.767836
-0.767885
-0.75844
-0.739829
-0.712775
-0.678325
-0.637799
-0.592745
-0.54489
-0.496071
-0.448166
-0.403016
-0.362361
-0.327771
-0.300578
-0.281843
-0.27228
-0.27228
-0.281843
-0.300578
-0.327771
-0.362361
-0.403016
-0.448166
-0.496071
-0.54489
-0.592745
-0.637799
-0.678325
-0.712775
-0.739829
-0.75844
-0.767885
-0.767836
-0.75832
-0.739687
-0.712641
-0.678211
-0.637712
-0.592696
-0.54489
-0.49613
-0.448292
-0.403216
-0.362639
-0.328124
-0.301001
-0.282321
-0.272803
-0.22393
-0.233446
-0.252125
-0.279249
-0.313768
-0.354353
-0.399441
-0.447293
-0.496071
-0.543898
-0.588938
-0.629462
-0.663918
-0.690988
-0.70964
-0.719171
-0.719224
-0.709776
-0.691157
-0.664089
-0.629622
-0.589077
-0.544004
-0.49613
-0.447293
-0.399371
-0.354206
-0.313537
-0.278934
-0.251732
-0.23299
-0.223422
-0.223422
-0.23299
-0.251732
-0.278934
-0.313537
-0.354206
-0.399371
-0.447293
-0.49613
-0.544004
-0.589077
-0.629622
-0.664089
-0.691157
-0.709776
-0.719224
-0.719171
-0.70964
-0.690988
-0.663918
-0.629462
-0.588938
-0.543898
-0.496071
-0.447293
-0.399441
-0.354353
-0.313768
-0.279249
-0.252125
-0.233446
-0.22393
-0.17598
-0.185492
-0.20417
-0.231293
-0.265815
-0.306407
-0.351504
-0.399371
-0.448166
-0.496013
-0.541074
-0.581621
-0.6161
-0.643191
-0.661862
-0.671404
-0.671462
-0.662012
-0.643388
-0.61631
-0.581829
-0.54127
-0.496181
-0.448292
-0.399441
-0.351504
-0.306327
-0.265647
-0.231035
-0.203825
-0.185078
-0.175505
-0.175505
-0.185078
-0.203825
-0.231035
-0.265647
-0.306327
-0.351504
-0.399441
-0.448292
-0.496181
-0.54127
-0.581829
-0.61631
-0.643388
-0.662012
-0.671462
-0.671404
-0.661862
-0.643191
-0.6161
-0.581621
-0.541074
-0.496013
-0.448166
-0.399371
-0.351504
-0.306407
-0.265815
-0.231293
-0.20417
-0.185492
-0.17598
-0.130797
-0.140304
-0.158978
-0.1861
-0.220624
-0.26122
-0.306327
-0.354206
-0.403016
-0.450882
-0.495963
-0.536531
-0.57103
-0.598141
-0.616827
-0.62638
-0.626442
-0.616992
-0.598364
-0.571279
-0.536789
-0.496218
-0.451117
-0.403216
-0.354353
-0.306407
-0.26122
-0.220533
-0.185915
-0.158701
-0.13995
-0.130374
-0.130374
-0.13995
-0.158701
-0.185915
-0.220533
-0.26122
-0.306407
-0.354353
-0.403216
-0.451117
-0.496218
-0.536789
-0.571279
-0.598364
-0.616992
-0.626442
-0.62638
-0.616827
-0.598141
-0.57103
-0.536531
-0.495963
-0.450882
-0.403016
-0.354206
-0.306327
-0.26122
-0.220624
-0.1861
-0.158978
-0.140304
-0.130797
-0.0901198
-0.0996209
-0.118291
-0.145409
-0.179933
-0.220533
-0.265647
-0.313537
-0.362361
-0.410243
-0.455342
-0.495929
-0.530446
-0.557573
-0.576272
-0.585835
-0.585902
-0.576453
-0.557823
-0.530733
-0.496237
-0.455657
-0.410548
-0.362639
-0.313768
-0.265815
-0.220624
-0.179933
-0.145313
-0.118097
-0.0993441
-0.0897666
-0.0897666
-0.0993441
-0.118097
-0.145313
-0.179933
-0.220624
-0.265815
-0.313768
-0.362639
-0.410548
-0.455657
-0.496237
-0.530733
-0.557823
-0.576453
-0.585902
-0.585835
-0.576272
-0.557573
-0.530446
-0.495929
-0.455342
-0.410243
-0.362361
-0.313537
-0.265647
-0.220533
-0.179933
-0.145409
-0.118291
-0.0996209
-0.0901198
-0.0555153
-0.0650102
-0.0836747
-0.11079
-0.145313
-0.185915
-0.231035
-0.278934
-0.327771
-0.375666
-0.420781
-0.461383
-0.495916
-0.523057
-0.541769
-0.55134
-0.551411
-0.541963
-0.523332
-0.49624
-0.461738
-0.421153
-0.376039
-0.328124
-0.279249
-0.231293
-0.1861
-0.145409
-0.11079
-0.0835759
-0.0648227
-0.0552444
-0.0552444
-0.0648227
-0.0835759
-0.11079
-0.145409
-0.1861
-0.231293
-0.279249
-0.328124
-0.376039
-0.421153
-0.461738
-0.49624
-0.523332
-0.541963
-0.551411
-0.55134
-0.541769
-0.523057
-0.495916
-0.461383
-0.420781
-0.375666
-0.327771
-0.278934
-0.231035
-0.185915
-0.145313
-0.11079
-0.0836747
-0.0650102
-0.0555153
-0.0283154
-0.0378041
-0.0564635
-0.0835759
-0.118097
-0.158701
-0.203825
-0.251732
-0.300578
-0.348485
-0.393612
-0.434227
-0.468772
-0.495924
-0.514645
-0.524223
-0.524298
-0.514852
-0.496221
-0.469128
-0.434624
-0.394036
-0.348919
-0.301001
-0.252125
-0.204169
-0.158978
-0.118291
-0.0836747
-0.0564635
-0.0377117
-0.0281338
-0.0281338
-0.0377117
-0.0564635
-0.0836747
-0.118291
-0.158978
-0.204169
-0.252125
-0.301001
-0.348919
-0.394036
-0.434624
-0.469128
-0.496221
-0.514852
-0.524298
-0.524223
-0.514645
-0.495924
-0.468772
-0.434227
-0.393612
-0.348485
-0.300578
-0.251732
-0.203825
-0.158701
-0.118097
-0.0835759
-0.0564635
-0.0378041
-0.0283154
-0.00957227
-0.019056
-0.0377117
-0.0648227
-0.0993441
-0.13995
-0.185078
-0.23299
-0.281843
-0.329758
-0.374894
-0.415518
-0.450072
-0.477232
-0.49596
-0.505543
-0.50562
-0.496174
-0.477544
-0.450451
-0.415946
-0.375357
-0.330238
-0.282321
-0.233446
-0.185492
-0.140304
-0.0996209
-0.0650102
-0.0378041
-0.019056
-0.00948027
-0.00948027
-0.019056
-0.0378041
-0.0650102
-0.0996209
-0.140304
-0.185492
-0.233446
-0.282321
-0.330238
-0.375357
-0.415946
-0.450451
-0.477544
-0.496174
-0.50562
-0.505543
-0.49596
-0.477232
-0.450072
-0.415518
-0.374894
-0.329758
-0.281843
-0.23299
-0.185078
-0.13995
-0.0993441
-0.0648227
-0.0377117
-0.019056
-0.00957227
9.24884e-10
-0.00948028
-0.0281338
-0.0552444
-0.0897666
-0.130374
-0.175505
-0.223422
-0.27228
-0.3202
-0.365342
-0.405972
-0.440532
-0.467697
-0.48643
-0.496015
-0.496095
-0.48665
-0.468021
-0.440929
-0.406425
-0.365836
-0.320718
-0.272803
-0.22393
-0.17598
-0.130797
-0.0901197
-0.0555153
-0.0283154
-0.00957227
6.26303e-09
6.42833e-09
-0.00957227
-0.0283154
-0.0555153
-0.0901197
-0.130797
-0.17598
-0.22393
-0.272803
-0.320718
-0.365836
-0.406425
-0.440929
-0.468021
-0.48665
-0.496095
-0.496015
-0.48643
-0.467697
-0.440532
-0.405972
-0.365342
-0.3202
-0.27228
-0.223422
-0.175505
-0.130374
-0.0897666
-0.0552444
-0.0281338
-0.00948028
8.48301e-10
)
;

boundaryField
{
    top
    {
        type            cyclic;
    }
    bottom
    {
        type            cyclic;
    }
    left
    {
        type            cyclic;
    }
    right
    {
        type            cyclic;
    }
    frontAndBack
    {
        type            empty;
    }
}


// ************************************************************************* //
