/*--------------------------------*- C++ -*----------------------------------*\
  =========                 |
  \\      /  F ield         | OpenFOAM: The Open Source CFD Toolbox
   \\    /   O peration     | Website:  https://openfoam.org
    \\  /    A nd           | Version:  11
     \\/     M anipulation  |
\*---------------------------------------------------------------------------*/
FoamFile
{
    format      ascii;
    class       surfaceScalarField;
    location    "6";
    object      phi;
}
// * * * * * * * * * * * * * * * * * * * * * * * * * * * * * * * * * * * * * //

dimensions      [0 3 -1 0 0 0 0];

internalField   nonuniform List<scalar> 
8064
(
0.0600754
-0.0600754
0.119587
-0.0595115
0.177954
-0.0583669
0.234609
-0.0566554
0.289004
-0.0543946
0.340611
-0.0516071
0.388932
-0.048321
0.433501
-0.0445692
0.47389
-0.0403886
0.50971
-0.0358203
0.540619
-0.0309088
0.56632
-0.0257016
0.58657
-0.0202492
0.601174
-0.0146045
0.609997
-0.00882242
0.612959
-0.00296276
0.610024
0.00293535
0.601208
0.00881589
0.586602
0.0146059
0.566348
0.0202543
0.54064
0.0257083
0.509724
0.030916
0.473896
0.0358275
0.433501
0.0403952
0.388926
0.0445748
0.340601
0.0483252
0.288992
0.0516094
0.234597
0.0543946
0.177944
0.056653
0.119582
0.0583622
0.0600754
0.0595063
-8.55629e-11
0.0600754
-0.0600754
0.0600754
-0.119582
0.0595063
-0.177944
0.0583622
-0.234597
0.056653
-0.288992
0.0543946
-0.340601
0.0516094
-0.388926
0.0483252
-0.433501
0.0445748
-0.473896
0.0403952
-0.509724
0.0358275
-0.54064
0.030916
-0.566348
0.0257083
-0.586602
0.0202543
-0.601208
0.0146059
-0.610024
0.00881589
-0.612959
0.00293535
-0.609997
-0.00296276
-0.601174
-0.00882242
-0.58657
-0.0146045
-0.56632
-0.0202492
-0.540619
-0.0257016
-0.50971
-0.0309088
-0.47389
-0.0358203
-0.433501
-0.0403886
-0.388932
-0.0445692
-0.340611
-0.048321
-0.289004
-0.0516071
-0.234609
-0.0543946
-0.177954
-0.0566554
-0.119587
-0.0583669
-0.0600754
-0.0595115
-0.0600754
0.0595063
-0.119582
0.11845
-0.118455
0.176258
-0.116175
0.23237
-0.112767
0.286241
-0.108266
0.33735
-0.102717
0.385204
-0.096175
0.429342
-0.0887066
0.469338
-0.0803851
0.50481
-0.0712921
0.535417
-0.0615161
0.560868
-0.051152
0.580919
-0.0403
0.595379
-0.0290652
0.604114
-0.0175573
0.607046
-0.00589474
0.604138
0.00584358
0.595407
0.0175464
0.580944
0.0290691
0.560888
0.0403104
0.535432
0.0511648
0.504819
0.0615292
0.469342
0.0713042
0.429342
0.0803955
0.385202
0.0887145
0.337347
0.09618
0.286238
0.102718
0.232369
0.108264
0.176261
0.112762
0.118455
0.116168
0.0595115
0.11845
-9.13855e-11
0.119587
-0.0595115
0.119587
-0.118455
0.11845
-0.176261
0.116168
-0.232369
0.112762
-0.286238
0.108264
-0.337347
0.102718
-0.385202
0.09618
-0.429342
0.0887145
-0.469342
0.0803955
-0.504819
0.0713042
-0.535432
0.0615292
-0.560888
0.0511648
-0.580944
0.0403104
-0.595407
0.0290691
-0.604138
0.0175464
-0.607046
0.00584358
-0.604114
-0.00589474
-0.595379
-0.0175573
-0.580919
-0.0290652
-0.560868
-0.0403
-0.535417
-0.051152
-0.50481
-0.0615161
-0.469338
-0.0712921
-0.429342
-0.0803851
-0.385204
-0.0887066
-0.33735
-0.096175
-0.286241
-0.102717
-0.23237
-0.108266
-0.176258
-0.112767
-0.11845
-0.116175
-0.0595063
-0.118455
-0.119582
0.0583622
-0.177944
0.116168
-0.176261
0.172857
-0.172864
0.227881
-0.167791
0.280706
-0.161091
0.33082
-0.152831
0.377741
-0.143096
0.421016
-0.131982
0.46023
-0.119599
0.495008
-0.106069
0.525015
-0.0915234
0.549966
-0.0761028
0.569622
-0.0599567
0.583798
-0.0432411
0.59236
-0.0261194
0.595234
-0.00876808
0.592382
0.00869555
0.583822
0.0261057
0.569644
0.043248
0.549982
0.0599718
0.525026
0.0761204
0.495015
0.0915405
0.460235
0.106084
0.421019
0.119611
0.377743
0.13199
0.330823
0.1431
0.28071
0.152831
0.227887
0.161087
0.172864
0.167784
0.116175
0.172857
0.0583669
0.176258
-9.96092e-11
0.177954
-0.0583669
0.177954
-0.116175
0.176258
-0.172864
0.172857
-0.227887
0.167784
-0.28071
0.161087
-0.330823
0.152831
-0.377743
0.1431
-0.421019
0.13199
-0.460235
0.119611
-0.495015
0.106084
-0.525026
0.0915405
-0.549982
0.0761204
-0.569644
0.0599718
-0.583822
0.043248
-0.592382
0.0261057
-0.595234
0.00869555
-0.59236
-0.00876808
-0.583798
-0.0261194
-0.569622
-0.0432411
-0.549966
-0.0599567
-0.525015
-0.0761028
-0.495008
-0.0915234
-0.46023
-0.106069
-0.421016
-0.119599
-0.377741
-0.131982
-0.33082
-0.143096
-0.280706
-0.152831
-0.227881
-0.161091
-0.172857
-0.167791
-0.116168
-0.172864
-0.0583622
-0.176261
-0.177944
0.056653
-0.234597
0.112762
-0.232369
0.167784
-0.227887
0.221187
-0.221194
0.272452
-0.212356
0.321085
-0.201464
0.366617
-0.188628
0.40861
-0.173975
0.446661
-0.157651
0.480406
-0.139814
0.509522
-0.120639
0.533731
-0.100312
0.552803
-0.0790284
0.566557
-0.0569948
0.574863
-0.0344261
0.57765
-0.0115546
0.574882
0.0114638
0.566576
0.0344109
0.552819
0.0570051
0.533743
0.0790481
0.50953
0.100334
0.480411
0.120659
0.446665
0.139831
0.408613
0.157663
0.366621
0.173983
0.32109
0.188631
0.272458
0.201463
0.221194
0.212351
0.167791
0.221187
0.112767
0.227881
0.0566554
0.23237
-1.08874e-10
0.234609
-0.0566554
0.234609
-0.112767
0.23237
-0.167791
0.227881
-0.221194
0.221187
-0.272458
0.212351
-0.32109
0.201463
-0.366621
0.188631
-0.408613
0.173983
-0.446665
0.157663
-0.480411
0.139831
-0.50953
0.120659
-0.533743
0.100334
-0.552819
0.0790481
-0.566576
0.0570051
-0.574882
0.0344109
-0.57765
0.0114638
-0.574863
-0.0115546
-0.566557
-0.0344261
-0.552803
-0.0569948
-0.533731
-0.0790284
-0.509522
-0.100312
-0.480406
-0.120639
-0.446661
-0.139814
-0.40861
-0.157651
-0.366617
-0.173975
-0.321085
-0.188628
-0.272452
-0.201464
-0.221187
-0.212356
-0.167784
-0.221194
-0.112762
-0.227887
-0.056653
-0.232369
-0.234597
0.0543946
-0.288992
0.108264
-0.286238
0.161087
-0.28071
0.212351
-0.272458
0.261562
-0.261566
0.308243
-0.248145
0.351946
-0.232331
0.392251
-0.21428
0.428771
-0.194171
0.461157
-0.1722
0.4891
-0.148582
0.512333
-0.123545
0.530635
-0.0973307
0.543833
-0.070193
0.551804
-0.0423968
0.554478
-0.0142282
0.551821
0.0141205
0.543851
0.0423807
0.53065
0.0702068
0.512343
0.0973547
0.489106
0.12357
0.461161
0.148605
0.428773
0.172218
0.392253
0.194183
0.351949
0.214287
0.308247
0.232333
0.261566
0.248144
0.212356
0.261562
0.161091
0.272452
0.108266
0.280706
0.0543946
0.286241
-1.16896e-10
0.289004
-0.0543946
0.289004
-0.108266
0.286241
-0.161091
0.280706
-0.212356
0.272452
-0.261566
0.261562
-0.308247
0.248144
-0.351949
0.232333
-0.392253
0.214287
-0.428773
0.194183
-0.461161
0.172218
-0.489106
0.148605
-0.512343
0.12357
-0.53065
0.0973547
-0.543851
0.0702068
-0.551821
0.0423807
-0.554478
0.0141205
-0.551804
-0.0142282
-0.543833
-0.0423968
-0.530635
-0.070193
-0.512333
-0.0973307
-0.4891
-0.123545
-0.461157
-0.148582
-0.428771
-0.1722
-0.392251
-0.194171
-0.351946
-0.21428
-0.308243
-0.232331
-0.261562
-0.248145
-0.212351
-0.261566
-0.161087
-0.272458
-0.108264
-0.28071
-0.0543946
-0.286238
-0.288992
0.0516094
-0.340601
0.102718
-0.337347
0.152831
-0.330823
0.201463
-0.32109
0.248144
-0.308247
0.292423
-0.292425
0.333876
-0.273783
0.372104
-0.252508
0.406742
-0.228808
0.437458
-0.202916
0.463958
-0.175082
0.48599
-0.145577
0.503345
-0.114686
0.51586
-0.0827078
0.523418
-0.0499544
0.525952
-0.0167626
0.523433
0.0166401
0.515876
0.0499375
0.503358
0.0827247
0.485999
0.114714
0.463963
0.145606
0.43746
0.175108
0.406743
0.202935
0.372105
0.228821
0.333877
0.252515
0.292425
0.273785
0.248145
0.292423
0.201464
0.308243
0.152831
0.321085
0.102717
0.33082
0.0516071
0.33735
-1.21508e-10
0.340611
-0.0516071
0.340611
-0.102717
0.33735
-0.152831
0.33082
-0.201464
0.321085
-0.248145
0.308243
-0.292425
0.292423
-0.333877
0.273785
-0.372105
0.252515
-0.406743
0.228821
-0.43746
0.202935
-0.463963
0.175108
-0.485999
0.145606
-0.503358
0.114714
-0.515876
0.0827247
-0.523433
0.0499375
-0.525952
0.0166401
-0.523418
-0.0167626
-0.51586
-0.0499544
-0.503345
-0.0827078
-0.48599
-0.114686
-0.463958
-0.145577
-0.437458
-0.175082
-0.406742
-0.202916
-0.372104
-0.228808
-0.333876
-0.252508
-0.292423
-0.273783
-0.248144
-0.292425
-0.201463
-0.308247
-0.152831
-0.32109
-0.102718
-0.330823
-0.0516094
-0.337347
-0.340601
0.0483252
-0.388926
0.09618
-0.385202
0.1431
-0.377743
0.188631
-0.366621
0.232333
-0.351949
0.273785
-0.333877
0.31259
-0.312588
0.348375
-0.288293
0.380797
-0.26123
0.409546
-0.231665
0.434347
-0.199884
0.454966
-0.166196
0.471206
-0.130926
0.482915
-0.0944171
0.489985
-0.0570246
0.492355
-0.0191328
0.489997
0.0189979
0.482927
0.0570079
0.471215
0.094437
0.454971
0.130957
0.43435
0.166228
0.409546
0.199911
0.380796
0.231686
0.348373
0.261244
0.312588
0.2883
0.273783
0.31259
0.232331
0.333876
0.188628
0.351946
0.143096
0.366617
0.096175
0.377741
0.048321
0.385204
-1.24465e-10
0.388932
-0.048321
0.388932
-0.096175
0.385204
-0.143096
0.377741
-0.188628
0.366617
-0.232331
0.351946
-0.273783
0.333876
-0.312588
0.31259
-0.348373
0.2883
-0.380796
0.261244
-0.409546
0.231686
-0.43435
0.199911
-0.454971
0.166228
-0.471215
0.130957
-0.482927
0.094437
-0.489997
0.0570079
-0.492355
0.0189979
-0.489985
-0.0191328
-0.482915
-0.0570246
-0.471206
-0.0944171
-0.454966
-0.130926
-0.434347
-0.166196
-0.409546
-0.199884
-0.380797
-0.231665
-0.348375
-0.26123
-0.31259
-0.288293
-0.273785
-0.312588
-0.232333
-0.333877
-0.188631
-0.351949
-0.1431
-0.366621
-0.09618
-0.377743
-0.0483252
-0.385202
-0.388926
0.0445748
-0.433501
0.0887145
-0.429342
0.13199
-0.421019
0.173983
-0.408613
0.214287
-0.392253
0.252515
-0.372105
0.2883
-0.348373
0.321298
-0.321291
0.351193
-0.291125
0.377699
-0.258171
0.400562
-0.222748
0.419567
-0.1852
0.434534
-0.145893
0.445323
-0.105207
0.451837
-0.0635381
0.454019
-0.0213149
0.451845
0.021172
0.445329
0.0635233
0.434536
0.10523
0.419566
0.145927
0.400559
0.185235
0.377694
0.222777
0.351187
0.258193
0.321291
0.291139
0.288293
0.321298
0.252508
0.348375
0.21428
0.372104
0.173975
0.392251
0.131982
0.40861
0.0887066
0.421016
0.0445692
0.429342
-1.2558e-10
0.433501
-0.0445692
0.433501
-0.0887066
0.429342
-0.131982
0.421016
-0.173975
0.40861
-0.21428
0.392251
-0.252508
0.372104
-0.288293
0.348375
-0.321291
0.321298
-0.351187
0.291139
-0.377694
0.258193
-0.400559
0.222777
-0.419566
0.185235
-0.434536
0.145927
-0.445329
0.10523
-0.451845
0.0635233
-0.454019
0.021172
-0.451837
-0.0213149
-0.445323
-0.0635381
-0.434534
-0.105207
-0.419567
-0.145893
-0.400562
-0.1852
-0.377699
-0.222748
-0.351193
-0.258171
-0.321298
-0.291125
-0.2883
-0.321291
-0.252515
-0.348373
-0.214287
-0.372105
-0.173983
-0.392253
-0.13199
-0.408613
-0.0887145
-0.421019
-0.0445748
-0.429342
-0.433501
0.0403952
-0.473896
0.0803955
-0.469342
0.119611
-0.460235
0.157663
-0.446665
0.194183
-0.428773
0.228821
-0.406743
0.261244
-0.380796
0.291139
-0.351187
0.318221
-0.318207
0.342228
-0.282179
0.362934
-0.243453
0.380142
-0.202408
0.39369
-0.159441
0.403454
-0.114971
0.409346
-0.0694305
0.411318
-0.0232869
0.409349
0.0231413
0.403452
0.0694204
0.393683
0.114999
0.380131
0.159479
0.362922
0.202444
0.342215
0.243484
0.318207
0.282201
0.291125
0.318221
0.26123
0.351193
0.228808
0.380797
0.194171
0.406742
0.157651
0.428771
0.119599
0.446661
0.0803851
0.46023
0.0403886
0.469338
-1.23502e-10
0.47389
-0.0403886
0.47389
-0.0803851
0.469338
-0.119599
0.46023
-0.157651
0.446661
-0.194171
0.428771
-0.228808
0.406742
-0.26123
0.380797
-0.291125
0.351193
-0.318207
0.318221
-0.342215
0.282201
-0.362922
0.243484
-0.380131
0.202444
-0.393683
0.159479
-0.403452
0.114999
-0.409349
0.0694204
-0.411318
0.0231413
-0.409346
-0.0232869
-0.403454
-0.0694305
-0.39369
-0.114971
-0.380142
-0.159441
-0.362934
-0.202408
-0.342228
-0.243453
-0.318221
-0.282179
-0.291139
-0.318207
-0.261244
-0.351187
-0.228821
-0.380796
-0.194183
-0.406743
-0.157663
-0.428773
-0.119611
-0.446665
-0.0803955
-0.460235
-0.0403952
-0.469342
-0.473896
0.0358275
-0.509724
0.0713042
-0.504819
0.106084
-0.495015
0.139831
-0.480411
0.172218
-0.461161
0.202935
-0.43746
0.231686
-0.409546
0.258193
-0.377694
0.282201
-0.342215
0.303481
-0.303458
0.32183
-0.261802
0.337074
-0.217652
0.349071
-0.171439
0.357714
-0.123613
0.362927
-0.0746436
0.364669
-0.025029
0.362924
0.0248867
0.357703
0.074641
0.349054
0.123648
0.337053
0.17148
0.321808
0.21769
0.303458
0.261833
0.282179
0.303481
0.258171
0.342228
0.231665
0.377699
0.202916
0.409546
0.1722
0.437458
0.139814
0.461157
0.106069
0.480406
0.0712921
0.495008
0.0358203
0.50481
-1.1871e-10
0.50971
-0.0358203
0.50971
-0.0712921
0.50481
-0.106069
0.495008
-0.139814
0.480406
-0.1722
0.461157
-0.202916
0.437458
-0.231665
0.409546
-0.258171
0.377699
-0.282179
0.342228
-0.303458
0.303481
-0.321808
0.261833
-0.337053
0.21769
-0.349054
0.17148
-0.357703
0.123648
-0.362924
0.074641
-0.364669
0.0248867
-0.362927
-0.025029
-0.357714
-0.0746436
-0.349071
-0.123613
-0.337074
-0.171439
-0.32183
-0.217652
-0.303481
-0.261802
-0.282201
-0.303458
-0.258193
-0.342215
-0.231686
-0.377694
-0.202935
-0.409546
-0.172218
-0.43746
-0.139831
-0.461161
-0.106084
-0.480411
-0.0713042
-0.495015
-0.0358275
-0.504819
-0.509724
0.030916
-0.54064
0.0615292
-0.535432
0.0915405
-0.525026
0.120659
-0.50953
0.148605
-0.489106
0.175108
-0.463963
0.199911
-0.43435
0.222777
-0.400559
0.243484
-0.362922
0.261833
-0.321808
0.277649
-0.277618
0.290784
-0.230786
0.301116
-0.18177
0.308553
-0.13105
0.313034
-0.079125
0.314528
-0.0265232
0.313024
0.0263906
0.308533
0.0791329
0.301089
0.131092
0.290754
0.181815
0.277618
0.230825
0.261802
0.277649
0.243453
0.32183
0.222748
0.362934
0.199884
0.400562
0.175082
0.434347
0.148582
0.463958
0.120639
0.4891
0.0915234
0.509522
0.0615161
0.525015
0.0309088
0.535417
-1.12169e-10
0.540619
-0.0309088
0.540619
-0.0615161
0.535417
-0.0915234
0.525015
-0.120639
0.509522
-0.148582
0.4891
-0.175082
0.463958
-0.199884
0.434347
-0.222748
0.400562
-0.243453
0.362934
-0.261802
0.32183
-0.277618
0.277649
-0.290754
0.230825
-0.301089
0.181815
-0.308533
0.131092
-0.313024
0.0791329
-0.314528
0.0263906
-0.313034
-0.0265232
-0.308553
-0.079125
-0.301116
-0.13105
-0.290784
-0.18177
-0.277649
-0.230786
-0.261833
-0.277618
-0.243484
-0.321808
-0.222777
-0.362922
-0.199911
-0.400559
-0.175108
-0.43435
-0.148605
-0.463963
-0.120659
-0.489106
-0.0915405
-0.50953
-0.0615292
-0.525026
-0.030916
-0.535432
-0.54064
0.0257083
-0.566348
0.0511648
-0.560888
0.0761204
-0.549982
0.100334
-0.533743
0.12357
-0.512343
0.145606
-0.485999
0.166228
-0.454971
0.185235
-0.419566
0.202444
-0.380131
0.21769
-0.337053
0.230825
-0.290754
0.241727
-0.241688
0.250294
-0.190337
0.256452
-0.137209
0.260157
-0.0828295
0.261387
-0.0277532
0.26014
0.0276379
0.256422
0.0828503
0.250257
0.137257
0.241688
0.190384
0.230786
0.241727
0.217652
0.290784
0.202408
0.337074
0.1852
0.380142
0.166196
0.419567
0.145577
0.454966
0.123545
0.48599
0.100312
0.512333
0.0761028
0.533731
0.051152
0.549966
0.0257016
0.560868
-1.03877e-10
0.56632
-0.0257016
0.56632
-0.051152
0.560868
-0.0761028
0.549966
-0.100312
0.533731
-0.123545
0.512333
-0.145577
0.48599
-0.166196
0.454966
-0.1852
0.419567
-0.202408
0.380142
-0.217652
0.337074
-0.230786
0.290784
-0.241688
0.241727
-0.250257
0.190384
-0.256422
0.137257
-0.26014
0.0828503
-0.261387
0.0276379
-0.260157
-0.0277532
-0.256452
-0.0828295
-0.250294
-0.137209
-0.241727
-0.190337
-0.230825
-0.241688
-0.21769
-0.290754
-0.202444
-0.337053
-0.185235
-0.380131
-0.166228
-0.419566
-0.145606
-0.454971
-0.12357
-0.485999
-0.100334
-0.512343
-0.0761204
-0.533743
-0.0511648
-0.549982
-0.0257083
-0.560888
-0.566348
0.0202543
-0.586602
0.0403104
-0.580944
0.0599718
-0.569644
0.0790481
-0.552819
0.0973547
-0.53065
0.114714
-0.503358
0.130957
-0.471215
0.145927
-0.434536
0.159479
-0.393683
0.17148
-0.349054
0.181815
-0.301089
0.190384
-0.250257
0.197107
-0.197061
0.201929
-0.142031
0.204819
-0.0857196
0.205771
-0.0287052
0.204792
0.0286165
0.201888
0.0857553
0.197061
0.142084
0.190337
0.197107
0.18177
0.250294
0.171439
0.301116
0.159441
0.349071
0.145893
0.39369
0.130926
0.434534
0.114686
0.471206
0.0973307
0.503345
0.0790284
0.530635
0.0599567
0.552803
0.0403
0.569622
0.0202492
0.580919
-9.35941e-11
0.58657
-0.0202492
0.58657
-0.0403
0.580919
-0.0599567
0.569622
-0.0790284
0.552803
-0.0973307
0.530635
-0.114686
0.503345
-0.130926
0.471206
-0.145893
0.434534
-0.159441
0.39369
-0.171439
0.349071
-0.18177
0.301116
-0.190337
0.250294
-0.197061
0.197107
-0.201888
0.142084
-0.204792
0.0857553
-0.205771
0.0286165
-0.204819
-0.0287052
-0.201929
-0.0857196
-0.197107
-0.142031
-0.190384
-0.197061
-0.181815
-0.250257
-0.17148
-0.301089
-0.159479
-0.349054
-0.145927
-0.393683
-0.130957
-0.434536
-0.114714
-0.471215
-0.0973547
-0.503358
-0.0790481
-0.53065
-0.0599718
-0.552819
-0.0403104
-0.569644
-0.0202543
-0.580944
-0.586602
0.0146059
-0.601208
0.0290691
-0.595407
0.043248
-0.583822
0.0570051
-0.566576
0.0702068
-0.543851
0.0827247
-0.515876
0.094437
-0.482927
0.10523
-0.445329
0.114999
-0.403452
0.123648
-0.357703
0.131092
-0.308533
0.137257
-0.256422
0.142084
-0.201888
0.14553
-0.145477
0.147578
-0.0877678
0.148241
-0.0293684
0.14754
0.0293172
0.145477
0.0878189
0.142031
0.14553
0.137209
0.201929
0.13105
0.256452
0.123613
0.308553
0.114971
0.357714
0.105207
0.403454
0.0944171
0.445323
0.0827078
0.482915
0.070193
0.51586
0.0569948
0.543833
0.0432411
0.566557
0.0290652
0.583798
0.0146045
0.595379
-8.17578e-11
0.601174
-0.0146045
0.601174
-0.0290652
0.595379
-0.0432411
0.583798
-0.0569948
0.566557
-0.070193
0.543833
-0.0827078
0.51586
-0.0944171
0.482915
-0.105207
0.445323
-0.114971
0.403454
-0.123613
0.357714
-0.13105
0.308553
-0.137209
0.256452
-0.142031
0.201929
-0.145477
0.14553
-0.14754
0.0878189
-0.148241
0.0293172
-0.147578
-0.0293684
-0.14553
-0.0877678
-0.142084
-0.145477
-0.137257
-0.201888
-0.131092
-0.256422
-0.123648
-0.308533
-0.114999
-0.357703
-0.10523
-0.403452
-0.094437
-0.445329
-0.0827247
-0.482927
-0.0702068
-0.515876
-0.0570051
-0.543851
-0.043248
-0.566576
-0.0290691
-0.583822
-0.0146059
-0.595407
-0.601208
0.00881589
-0.610024
0.0175464
-0.604138
0.0261057
-0.592382
0.0344109
-0.574882
0.0423807
-0.551821
0.0499375
-0.523433
0.0570079
-0.489997
0.0635233
-0.451845
0.0694204
-0.409349
0.074641
-0.362924
0.0791329
-0.313024
0.0828503
-0.26014
0.0857553
-0.204792
0.0878189
-0.14754
0.0890287
-0.0889776
0.0893988
-0.0297384
0.0889776
0.0297384
0.0877678
0.0890287
0.0857196
0.147578
0.0828295
0.204819
0.079125
0.260157
0.0746436
0.313034
0.0694305
0.362927
0.0635381
0.409346
0.0570246
0.451837
0.0499544
0.489985
0.0423968
0.523418
0.0344261
0.551804
0.0261194
0.574863
0.0175573
0.59236
0.00882242
0.604114
-6.85537e-11
0.609997
-0.00882242
0.609997
-0.0175573
0.604114
-0.0261194
0.59236
-0.0344261
0.574863
-0.0423968
0.551804
-0.0499544
0.523418
-0.0570246
0.489985
-0.0635381
0.451837
-0.0694305
0.409346
-0.0746436
0.362927
-0.079125
0.313034
-0.0828295
0.260157
-0.0857196
0.204819
-0.0877678
0.147578
-0.0889776
0.0890287
-0.0893988
0.0297384
-0.0890287
-0.0297384
-0.0878189
-0.0889776
-0.0857553
-0.14754
-0.0828503
-0.204792
-0.0791329
-0.26014
-0.074641
-0.313024
-0.0694204
-0.362924
-0.0635233
-0.409349
-0.0570079
-0.451845
-0.0499375
-0.489997
-0.0423807
-0.523433
-0.0344109
-0.551821
-0.0261057
-0.574882
-0.0175464
-0.592382
-0.00881589
-0.604138
-0.610024
0.00293535
-0.612959
0.00584358
-0.607046
0.00869555
-0.595234
0.0114638
-0.57765
0.0141205
-0.554478
0.0166401
-0.525952
0.0189979
-0.492355
0.021172
-0.454019
0.0231413
-0.411318
0.0248867
-0.364669
0.0263906
-0.314528
0.0276379
-0.261387
0.0286165
-0.205771
0.0293172
-0.148241
0.0297384
-0.0893988
0.0298678
-0.0298678
0.0297384
0.0298678
0.0293684
0.0893988
0.0287052
0.148241
0.0277532
0.205771
0.0265232
0.261387
0.025029
0.314528
0.0232869
0.364669
0.0213149
0.411318
0.0191328
0.454019
0.0167626
0.492355
0.0142282
0.525952
0.0115546
0.554478
0.00876808
0.57765
0.00589474
0.595234
0.00296276
0.607046
-5.34259e-11
0.612959
-0.00296276
0.612959
-0.00589474
0.607046
-0.00876808
0.595234
-0.0115546
0.57765
-0.0142282
0.554478
-0.0167626
0.525952
-0.0191328
0.492355
-0.0213149
0.454019
-0.0232869
0.411318
-0.025029
0.364669
-0.0265232
0.314528
-0.0277532
0.261387
-0.0287052
0.205771
-0.0293684
0.148241
-0.0297384
0.0893988
-0.0298678
0.0298678
-0.0297384
-0.0298678
-0.0293172
-0.0893988
-0.0286165
-0.148241
-0.0276379
-0.205771
-0.0263906
-0.261387
-0.0248867
-0.314528
-0.0231413
-0.364669
-0.021172
-0.411318
-0.0189979
-0.454019
-0.0166401
-0.492355
-0.0141205
-0.525952
-0.0114638
-0.554478
-0.00869555
-0.57765
-0.00584358
-0.595234
-0.00293535
-0.607046
-0.612959
-0.00296276
-0.609997
-0.00589474
-0.604114
-0.00876808
-0.59236
-0.0115546
-0.574863
-0.0142282
-0.551804
-0.0167626
-0.523418
-0.0191328
-0.489985
-0.0213149
-0.451837
-0.0232869
-0.409346
-0.025029
-0.362927
-0.0265232
-0.313034
-0.0277532
-0.260157
-0.0287052
-0.204819
-0.0293684
-0.147578
-0.0297384
-0.0890287
-0.0298678
-0.0297384
-0.0297384
0.0297384
-0.0293172
0.0889776
-0.0286165
0.14754
-0.0276379
0.204792
-0.0263906
0.26014
-0.0248867
0.313024
-0.0231413
0.362924
-0.021172
0.409349
-0.0189979
0.451845
-0.0166401
0.489997
-0.0141205
0.523433
-0.0114638
0.551821
-0.00869555
0.574882
-0.00584358
0.592382
-0.00293535
0.604138
-3.65054e-11
0.610024
0.00293535
0.610024
0.00584358
0.604138
0.00869555
0.592382
0.0114638
0.574882
0.0141205
0.551821
0.0166401
0.523433
0.0189979
0.489997
0.021172
0.451845
0.0231413
0.409349
0.0248867
0.362924
0.0263906
0.313024
0.0276379
0.26014
0.0286165
0.204792
0.0293172
0.14754
0.0297384
0.0889776
0.0298678
0.0297384
0.0297384
-0.0297384
0.0293684
-0.0890287
0.0287052
-0.147578
0.0277532
-0.204819
0.0265232
-0.260157
0.025029
-0.313034
0.0232869
-0.362927
0.0213149
-0.409346
0.0191328
-0.451837
0.0167626
-0.489985
0.0142282
-0.523418
0.0115546
-0.551804
0.00876808
-0.574863
0.00589474
-0.59236
0.00296276
-0.604114
-0.609997
-0.00882242
-0.601174
-0.0175573
-0.595379
-0.0261194
-0.583798
-0.0344261
-0.566557
-0.0423968
-0.543833
-0.0499544
-0.51586
-0.0570246
-0.482915
-0.0635381
-0.445323
-0.0694305
-0.403454
-0.0746436
-0.357714
-0.079125
-0.308553
-0.0828295
-0.256452
-0.0857196
-0.201929
-0.0877678
-0.14553
-0.0889776
-0.0878189
-0.0893988
-0.0293172
-0.0890287
0.0293684
-0.0878189
0.0877678
-0.0857553
0.145477
-0.0828503
0.201888
-0.0791329
0.256422
-0.074641
0.308533
-0.0694204
0.357703
-0.0635233
0.403452
-0.0570079
0.445329
-0.0499375
0.482927
-0.0423807
0.515876
-0.0344109
0.543851
-0.0261057
0.566576
-0.0175464
0.583822
-0.00881589
0.595407
-1.84881e-11
0.601208
0.00881589
0.601208
0.0175464
0.595407
0.0261057
0.583822
0.0344109
0.566576
0.0423807
0.543851
0.0499375
0.515876
0.0570079
0.482927
0.0635233
0.445329
0.0694204
0.403452
0.074641
0.357703
0.0791329
0.308533
0.0828503
0.256422
0.0857553
0.201888
0.0878189
0.145477
0.0890287
0.0877678
0.0893988
0.0293684
0.0889776
-0.0293172
0.0877678
-0.0878189
0.0857196
-0.14553
0.0828295
-0.201929
0.079125
-0.256452
0.0746436
-0.308553
0.0694305
-0.357714
0.0635381
-0.403454
0.0570246
-0.445323
0.0499544
-0.482915
0.0423968
-0.51586
0.0344261
-0.543833
0.0261194
-0.566557
0.0175573
-0.583798
0.00882242
-0.595379
-0.601174
-0.0146045
-0.58657
-0.0290652
-0.580919
-0.0432411
-0.569622
-0.0569948
-0.552803
-0.070193
-0.530635
-0.0827078
-0.503345
-0.0944171
-0.471206
-0.105207
-0.434534
-0.114971
-0.39369
-0.123613
-0.349071
-0.13105
-0.301116
-0.137209
-0.250294
-0.142031
-0.197107
-0.145477
-0.142084
-0.14754
-0.0857553
-0.148241
-0.0286165
-0.147578
0.0287052
-0.14553
0.0857196
-0.142084
0.142031
-0.137257
0.197061
-0.131092
0.250257
-0.123648
0.301089
-0.114999
0.349054
-0.10523
0.393683
-0.094437
0.434536
-0.0827247
0.471215
-0.0702068
0.503358
-0.0570051
0.53065
-0.043248
0.552819
-0.0290691
0.569644
-0.0146059
0.580944
1.06258e-13
0.586602
0.0146059
0.586602
0.0290691
0.580944
0.043248
0.569644
0.0570051
0.552819
0.0702068
0.53065
0.0827247
0.503358
0.094437
0.471215
0.10523
0.434536
0.114999
0.393683
0.123648
0.349054
0.131092
0.301089
0.137257
0.250257
0.142084
0.197061
0.14553
0.142031
0.147578
0.0857196
0.148241
0.0287052
0.14754
-0.0286165
0.145477
-0.0857553
0.142031
-0.142084
0.137209
-0.197107
0.13105
-0.250294
0.123613
-0.301116
0.114971
-0.349071
0.105207
-0.39369
0.0944171
-0.434534
0.0827078
-0.471206
0.070193
-0.503345
0.0569948
-0.530635
0.0432411
-0.552803
0.0290652
-0.569622
0.0146045
-0.580919
-0.58657
-0.0202492
-0.56632
-0.0403
-0.560868
-0.0599567
-0.549966
-0.0790284
-0.533731
-0.0973307
-0.512333
-0.114686
-0.48599
-0.130926
-0.454966
-0.145893
-0.419567
-0.159441
-0.380142
-0.171439
-0.337074
-0.18177
-0.290784
-0.190337
-0.241727
-0.197061
-0.190384
-0.201888
-0.137257
-0.204792
-0.0828503
-0.205771
-0.0276379
-0.204819
0.0277532
-0.201929
0.0828295
-0.197107
0.137209
-0.190384
0.190337
-0.181815
0.241688
-0.17148
0.290754
-0.159479
0.337053
-0.145927
0.380131
-0.130957
0.419566
-0.114714
0.454971
-0.0973547
0.485999
-0.0790481
0.512343
-0.0599718
0.533743
-0.0403104
0.549982
-0.0202543
0.560888
1.93922e-11
0.566348
0.0202543
0.566348
0.0403104
0.560888
0.0599718
0.549982
0.0790481
0.533743
0.0973547
0.512343
0.114714
0.485999
0.130957
0.454971
0.145927
0.419566
0.159479
0.380131
0.17148
0.337053
0.181815
0.290754
0.190384
0.241688
0.197107
0.190337
0.201929
0.137209
0.204819
0.0828295
0.205771
0.0277532
0.204792
-0.0276379
0.201888
-0.0828503
0.197061
-0.137257
0.190337
-0.190384
0.18177
-0.241727
0.171439
-0.290784
0.159441
-0.337074
0.145893
-0.380142
0.130926
-0.419567
0.114686
-0.454966
0.0973307
-0.48599
0.0790284
-0.512333
0.0599567
-0.533731
0.0403
-0.549966
0.0202492
-0.560868
-0.56632
-0.0257016
-0.540619
-0.051152
-0.535417
-0.0761028
-0.525015
-0.100312
-0.509522
-0.123545
-0.4891
-0.145577
-0.463958
-0.166196
-0.434347
-0.1852
-0.400562
-0.202408
-0.362934
-0.217652
-0.32183
-0.230786
-0.277649
-0.241688
-0.230825
-0.250257
-0.181815
-0.256422
-0.131092
-0.26014
-0.0791329
-0.261387
-0.0263906
-0.260157
0.0265232
-0.256452
0.079125
-0.250294
0.13105
-0.241727
0.18177
-0.230825
0.230786
-0.21769
0.277618
-0.202444
0.321808
-0.185235
0.362922
-0.166228
0.400559
-0.145606
0.43435
-0.12357
0.463963
-0.100334
0.489106
-0.0761204
0.50953
-0.0511648
0.525026
-0.0257083
0.535432
3.92333e-11
0.54064
0.0257083
0.54064
0.0511648
0.535432
0.0761204
0.525026
0.100334
0.50953
0.12357
0.489106
0.145606
0.463963
0.166228
0.43435
0.185235
0.400559
0.202444
0.362922
0.21769
0.321808
0.230825
0.277618
0.241727
0.230786
0.250294
0.18177
0.256452
0.13105
0.260157
0.079125
0.261387
0.0265232
0.26014
-0.0263906
0.256422
-0.0791329
0.250257
-0.131092
0.241688
-0.181815
0.230786
-0.230825
0.217652
-0.277649
0.202408
-0.32183
0.1852
-0.362934
0.166196
-0.400562
0.145577
-0.434347
0.123545
-0.463958
0.100312
-0.4891
0.0761028
-0.509522
0.051152
-0.525015
0.0257016
-0.535417
-0.540619
-0.0309088
-0.50971
-0.0615161
-0.50481
-0.0915234
-0.495008
-0.120639
-0.480406
-0.148582
-0.461157
-0.175082
-0.437458
-0.199884
-0.409546
-0.222748
-0.377699
-0.243453
-0.342228
-0.261802
-0.303481
-0.277618
-0.261833
-0.290754
-0.21769
-0.301089
-0.17148
-0.308533
-0.123648
-0.313024
-0.074641
-0.314528
-0.0248867
-0.313034
0.025029
-0.308553
0.0746436
-0.301116
0.123613
-0.290784
0.171439
-0.277649
0.217652
-0.261833
0.261802
-0.243484
0.303458
-0.222777
0.342215
-0.199911
0.377694
-0.175108
0.409546
-0.148605
0.43746
-0.120659
0.461161
-0.0915405
0.480411
-0.0615292
0.495015
-0.030916
0.504819
5.89472e-11
0.509724
0.030916
0.509724
0.0615292
0.504819
0.0915405
0.495015
0.120659
0.480411
0.148605
0.461161
0.175108
0.43746
0.199911
0.409546
0.222777
0.377694
0.243484
0.342215
0.261833
0.303458
0.277649
0.261802
0.290784
0.217652
0.301116
0.171439
0.308553
0.123613
0.313034
0.0746436
0.314528
0.025029
0.313024
-0.0248867
0.308533
-0.074641
0.301089
-0.123648
0.290754
-0.17148
0.277618
-0.21769
0.261802
-0.261833
0.243453
-0.303481
0.222748
-0.342228
0.199884
-0.377699
0.175082
-0.409546
0.148582
-0.437458
0.120639
-0.461157
0.0915234
-0.480406
0.0615161
-0.495008
0.0309088
-0.50481
-0.50971
-0.0358203
-0.47389
-0.0712921
-0.469338
-0.106069
-0.46023
-0.139814
-0.446661
-0.1722
-0.428771
-0.202916
-0.406742
-0.231665
-0.380797
-0.258171
-0.351193
-0.282179
-0.318221
-0.303458
-0.282201
-0.321808
-0.243484
-0.337053
-0.202444
-0.349054
-0.159479
-0.357703
-0.114999
-0.362924
-0.0694204
-0.364669
-0.0231413
-0.362927
0.0232869
-0.357714
0.0694305
-0.349071
0.114971
-0.337074
0.159441
-0.32183
0.202408
-0.303481
0.243453
-0.282201
0.282179
-0.258193
0.318207
-0.231686
0.351187
-0.202935
0.380796
-0.172218
0.406743
-0.139831
0.428773
-0.106084
0.446665
-0.0713042
0.460235
-0.0358275
0.469342
7.83799e-11
0.473896
0.0358275
0.473896
0.0713042
0.469342
0.106084
0.460235
0.139831
0.446665
0.172218
0.428773
0.202935
0.406743
0.231686
0.380796
0.258193
0.351187
0.282201
0.318207
0.303481
0.282179
0.32183
0.243453
0.337074
0.202408
0.349071
0.159441
0.357714
0.114971
0.362927
0.0694305
0.364669
0.0232869
0.362924
-0.0231413
0.357703
-0.0694204
0.349054
-0.114999
0.337053
-0.159479
0.321808
-0.202444
0.303458
-0.243484
0.282179
-0.282201
0.258171
-0.318221
0.231665
-0.351193
0.202916
-0.380797
0.1722
-0.406742
0.139814
-0.428771
0.106069
-0.446661
0.0712921
-0.46023
0.0358203
-0.469338
-0.47389
-0.0403886
-0.433501
-0.0803851
-0.429342
-0.119599
-0.421016
-0.157651
-0.40861
-0.194171
-0.392251
-0.228808
-0.372104
-0.26123
-0.348375
-0.291125
-0.321298
-0.318207
-0.291139
-0.342215
-0.258193
-0.362922
-0.222777
-0.380131
-0.185235
-0.393683
-0.145927
-0.403452
-0.10523
-0.409349
-0.0635233
-0.411318
-0.021172
-0.409346
0.0213149
-0.403454
0.0635381
-0.39369
0.105207
-0.380142
0.145893
-0.362934
0.1852
-0.342228
0.222748
-0.318221
0.258171
-0.291139
0.291125
-0.261244
0.321291
-0.228821
0.348373
-0.194183
0.372105
-0.157663
0.392253
-0.119611
0.408613
-0.0803955
0.421019
-0.0403952
0.429342
9.73337e-11
0.433501
0.0403952
0.433501
0.0803955
0.429342
0.119611
0.421019
0.157663
0.408613
0.194183
0.392253
0.228821
0.372105
0.261244
0.348373
0.291139
0.321291
0.318221
0.291125
0.342228
0.258171
0.362934
0.222748
0.380142
0.1852
0.39369
0.145893
0.403454
0.105207
0.409346
0.0635381
0.411318
0.0213149
0.409349
-0.021172
0.403452
-0.0635233
0.393683
-0.10523
0.380131
-0.145927
0.362922
-0.185235
0.342215
-0.222777
0.318207
-0.258193
0.291125
-0.291139
0.26123
-0.321298
0.228808
-0.348375
0.194171
-0.372104
0.157651
-0.392251
0.119599
-0.40861
0.0803851
-0.421016
0.0403886
-0.429342
-0.433501
-0.0445692
-0.388932
-0.0887066
-0.385204
-0.131982
-0.377741
-0.173975
-0.366617
-0.21428
-0.351946
-0.252508
-0.333876
-0.288293
-0.31259
-0.321291
-0.2883
-0.351187
-0.261244
-0.377694
-0.231686
-0.400559
-0.199911
-0.419566
-0.166228
-0.434536
-0.130957
-0.445329
-0.094437
-0.451845
-0.0570079
-0.454019
-0.0189979
-0.451837
0.0191328
-0.445323
0.0570246
-0.434534
0.0944171
-0.419567
0.130926
-0.400562
0.166196
-0.377699
0.199884
-0.351193
0.231665
-0.321298
0.26123
-0.2883
0.288293
-0.252515
0.312588
-0.214287
0.333877
-0.173983
0.351949
-0.13199
0.366621
-0.0887145
0.377743
-0.0445748
0.385202
1.15472e-10
0.388926
0.0445748
0.388926
0.0887145
0.385202
0.13199
0.377743
0.173983
0.366621
0.214287
0.351949
0.252515
0.333877
0.2883
0.312588
0.321298
0.288293
0.351193
0.26123
0.377699
0.231665
0.400562
0.199884
0.419567
0.166196
0.434534
0.130926
0.445323
0.0944171
0.451837
0.0570246
0.454019
0.0191328
0.451845
-0.0189979
0.445329
-0.0570079
0.434536
-0.094437
0.419566
-0.130957
0.400559
-0.166228
0.377694
-0.199911
0.351187
-0.231686
0.321291
-0.261244
0.288293
-0.2883
0.252508
-0.31259
0.21428
-0.333876
0.173975
-0.351946
0.131982
-0.366617
0.0887066
-0.377741
0.0445692
-0.385204
-0.388932
-0.048321
-0.340611
-0.096175
-0.33735
-0.143096
-0.33082
-0.188628
-0.321085
-0.232331
-0.308243
-0.273783
-0.292423
-0.312588
-0.273785
-0.348373
-0.252515
-0.380796
-0.228821
-0.409546
-0.202935
-0.43435
-0.175108
-0.454971
-0.145606
-0.471215
-0.114714
-0.482927
-0.0827247
-0.489997
-0.0499375
-0.492355
-0.0166401
-0.489985
0.0167626
-0.482915
0.0499544
-0.471206
0.0827078
-0.454966
0.114686
-0.434347
0.145577
-0.409546
0.175082
-0.380797
0.202916
-0.348375
0.228808
-0.31259
0.252508
-0.273785
0.273783
-0.232333
0.292425
-0.188631
0.308247
-0.1431
0.32109
-0.09618
0.330823
-0.0483252
0.337347
1.3324e-10
0.340601
0.0483252
0.340601
0.09618
0.337347
0.1431
0.330823
0.188631
0.32109
0.232333
0.308247
0.273785
0.292425
0.31259
0.273783
0.348375
0.252508
0.380797
0.228808
0.409546
0.202916
0.434347
0.175082
0.454966
0.145577
0.471206
0.114686
0.482915
0.0827078
0.489985
0.0499544
0.492355
0.0167626
0.489997
-0.0166401
0.482927
-0.0499375
0.471215
-0.0827247
0.454971
-0.114714
0.43435
-0.145606
0.409546
-0.175108
0.380796
-0.202935
0.348373
-0.228821
0.312588
-0.252515
0.273783
-0.273785
0.232331
-0.292423
0.188628
-0.308243
0.143096
-0.321085
0.096175
-0.33082
0.048321
-0.33735
-0.340611
-0.0516071
-0.289004
-0.102717
-0.286241
-0.152831
-0.280706
-0.201464
-0.272452
-0.248145
-0.261562
-0.292425
-0.248144
-0.333877
-0.232333
-0.372105
-0.214287
-0.406743
-0.194183
-0.43746
-0.172218
-0.463963
-0.148605
-0.485999
-0.12357
-0.503358
-0.0973547
-0.515876
-0.0702068
-0.523433
-0.0423807
-0.525952
-0.0141205
-0.523418
0.0142282
-0.51586
0.0423968
-0.503345
0.070193
-0.48599
0.0973307
-0.463958
0.123545
-0.437458
0.148582
-0.406742
0.1722
-0.372104
0.194171
-0.333876
0.21428
-0.292423
0.232331
-0.248144
0.248145
-0.201463
0.261566
-0.152831
0.272458
-0.102718
0.28071
-0.0516094
0.286238
1.51914e-10
0.288992
0.0516094
0.288992
0.102718
0.286238
0.152831
0.28071
0.201463
0.272458
0.248144
0.261566
0.292423
0.248145
0.333876
0.232331
0.372104
0.21428
0.406742
0.194171
0.437458
0.1722
0.463958
0.148582
0.48599
0.123545
0.503345
0.0973307
0.51586
0.070193
0.523418
0.0423968
0.525952
0.0142282
0.523433
-0.0141205
0.515876
-0.0423807
0.503358
-0.0702068
0.485999
-0.0973547
0.463963
-0.12357
0.43746
-0.148605
0.406743
-0.172218
0.372105
-0.194183
0.333877
-0.214287
0.292425
-0.232333
0.248145
-0.248144
0.201464
-0.261562
0.152831
-0.272452
0.102717
-0.280706
0.0516071
-0.286241
-0.289004
-0.0543946
-0.234609
-0.108266
-0.23237
-0.161091
-0.227881
-0.212356
-0.221187
-0.261566
-0.212351
-0.308247
-0.201463
-0.351949
-0.188631
-0.392253
-0.173983
-0.428773
-0.157663
-0.461161
-0.139831
-0.489106
-0.120659
-0.512343
-0.100334
-0.53065
-0.0790481
-0.543851
-0.0570051
-0.551821
-0.0344109
-0.554478
-0.0114638
-0.551804
0.0115546
-0.543833
0.0344261
-0.530635
0.0569948
-0.512333
0.0790284
-0.4891
0.100312
-0.461157
0.120639
-0.428771
0.139814
-0.392251
0.157651
-0.351946
0.173975
-0.308243
0.188628
-0.261562
0.201464
-0.212351
0.212356
-0.161087
0.221194
-0.108264
0.227887
-0.0543946
0.232369
1.73034e-10
0.234597
0.0543946
0.234597
0.108264
0.232369
0.161087
0.227887
0.212351
0.221194
0.261562
0.212356
0.308243
0.201464
0.351946
0.188628
0.392251
0.173975
0.428771
0.157651
0.461157
0.139814
0.4891
0.120639
0.512333
0.100312
0.530635
0.0790284
0.543833
0.0569948
0.551804
0.0344261
0.554478
0.0115546
0.551821
-0.0114638
0.543851
-0.0344109
0.53065
-0.0570051
0.512343
-0.0790481
0.489106
-0.100334
0.461161
-0.120659
0.428773
-0.139831
0.392253
-0.157663
0.351949
-0.173983
0.308247
-0.188631
0.261566
-0.201463
0.212356
-0.212351
0.161091
-0.221187
0.108266
-0.227881
0.0543946
-0.23237
-0.234609
-0.0566554
-0.177954
-0.112767
-0.176258
-0.167791
-0.172857
-0.221194
-0.167784
-0.272458
-0.161087
-0.32109
-0.152831
-0.366621
-0.1431
-0.408613
-0.13199
-0.446665
-0.119611
-0.480411
-0.106084
-0.50953
-0.0915405
-0.533743
-0.0761204
-0.552819
-0.0599718
-0.566576
-0.043248
-0.574882
-0.0261057
-0.57765
-0.00869555
-0.574863
0.00876808
-0.566557
0.0261194
-0.552803
0.0432411
-0.533731
0.0599567
-0.509522
0.0761028
-0.480406
0.0915234
-0.446661
0.106069
-0.40861
0.119599
-0.366617
0.131982
-0.321085
0.143096
-0.272452
0.152831
-0.221187
0.161091
-0.167784
0.167791
-0.112762
0.172864
-0.056653
0.176261
1.98327e-10
0.177944
0.056653
0.177944
0.112762
0.176261
0.167784
0.172864
0.221187
0.167791
0.272452
0.161091
0.321085
0.152831
0.366617
0.143096
0.40861
0.131982
0.446661
0.119599
0.480406
0.106069
0.509522
0.0915234
0.533731
0.0761028
0.552803
0.0599567
0.566557
0.0432411
0.574863
0.0261194
0.57765
0.00876808
0.574882
-0.00869555
0.566576
-0.0261057
0.552819
-0.043248
0.533743
-0.0599718
0.50953
-0.0761204
0.480411
-0.0915405
0.446665
-0.106084
0.408613
-0.119611
0.366621
-0.13199
0.32109
-0.1431
0.272458
-0.152831
0.221194
-0.161087
0.167791
-0.167784
0.112767
-0.172857
0.0566554
-0.176258
-0.177954
-0.0583669
-0.119587
-0.116175
-0.11845
-0.172864
-0.116168
-0.227887
-0.112762
-0.28071
-0.108264
-0.330823
-0.102718
-0.377743
-0.09618
-0.421019
-0.0887145
-0.460235
-0.0803955
-0.495015
-0.0713042
-0.525026
-0.0615292
-0.549982
-0.0511648
-0.569644
-0.0403104
-0.583822
-0.0290691
-0.592382
-0.0175464
-0.595234
-0.00584358
-0.59236
0.00589474
-0.583798
0.0175573
-0.569622
0.0290652
-0.549966
0.0403
-0.525015
0.051152
-0.495008
0.0615161
-0.46023
0.0712921
-0.421016
0.0803851
-0.377741
0.0887066
-0.33082
0.096175
-0.280706
0.102717
-0.227881
0.108266
-0.172857
0.112767
-0.116168
0.116175
-0.0583622
0.118455
2.29934e-10
0.119582
0.0583622
0.119582
0.116168
0.118455
0.172857
0.116175
0.227881
0.112767
0.280706
0.108266
0.33082
0.102717
0.377741
0.096175
0.421016
0.0887066
0.46023
0.0803851
0.495008
0.0712921
0.525015
0.0615161
0.549966
0.051152
0.569622
0.0403
0.583798
0.0290652
0.59236
0.0175573
0.595234
0.00589474
0.592382
-0.00584358
0.583822
-0.0175464
0.569644
-0.0290691
0.549982
-0.0403104
0.525026
-0.0511648
0.495015
-0.0615292
0.460235
-0.0713042
0.421019
-0.0803955
0.377743
-0.0887145
0.330823
-0.09618
0.28071
-0.102718
0.227887
-0.108264
0.172864
-0.112762
0.116175
-0.116168
0.0583669
-0.11845
-0.119587
-0.0595115
-0.0600754
-0.118455
-0.0595063
-0.176261
-0.0583622
-0.232369
-0.056653
-0.286238
-0.0543946
-0.337347
-0.0516094
-0.385202
-0.0483252
-0.429342
-0.0445748
-0.469342
-0.0403952
-0.504819
-0.0358275
-0.535432
-0.030916
-0.560888
-0.0257083
-0.580944
-0.0202543
-0.595407
-0.0146059
-0.604138
-0.00881589
-0.607046
-0.00293535
-0.604114
0.00296276
-0.595379
0.00882242
-0.580919
0.0146045
-0.560868
0.0202492
-0.535417
0.0257016
-0.50481
0.0309088
-0.469338
0.0358203
-0.429342
0.0403886
-0.385204
0.0445692
-0.33735
0.048321
-0.286241
0.0516071
-0.23237
0.0543946
-0.176258
0.0566554
-0.11845
0.0583669
-0.0595063
0.0595115
2.72222e-10
0.0600754
0.0595063
0.0600754
0.11845
0.0595115
0.176258
0.0583669
0.23237
0.0566554
0.286241
0.0543946
0.33735
0.0516071
0.385204
0.048321
0.429342
0.0445692
0.469338
0.0403886
0.50481
0.0358203
0.535417
0.0309088
0.560868
0.0257016
0.580919
0.0202492
0.595379
0.0146045
0.604114
0.00882242
0.607046
0.00296276
0.604138
-0.00293535
0.595407
-0.00881589
0.580944
-0.0146059
0.560888
-0.0202543
0.535432
-0.0257083
0.504819
-0.030916
0.469342
-0.0358275
0.429342
-0.0403952
0.385202
-0.0445748
0.337347
-0.0483252
0.286238
-0.0516094
0.232369
-0.0543946
0.176261
-0.056653
0.118455
-0.0583622
0.0595115
-0.0595063
-0.0600754
-0.0600754
2.68271e-10
-0.119582
2.27437e-10
-0.177944
1.97801e-10
-0.234597
1.77303e-10
-0.288992
1.57592e-10
-0.340601
1.37243e-10
-0.388926
1.13813e-10
-0.433501
8.87736e-11
-0.473896
6.47172e-11
-0.509724
4.14899e-11
-0.54064
1.92584e-11
-0.566348
-1.13636e-12
-0.586602
-1.93405e-11
-0.601208
-3.59833e-11
-0.610024
-5.0448e-11
-0.612959
-6.24531e-11
-0.609997
-7.25885e-11
-0.601174
-8.16069e-11
-0.58657
-8.85552e-11
-0.56632
-9.29976e-11
-0.540619
-9.53143e-11
-0.50971
-9.5512e-11
-0.47389
-9.32537e-11
-0.433501
-8.88227e-11
-0.388932
-8.27946e-11
-0.340611
-7.52796e-11
-0.289004
-6.64338e-11
-0.234609
-5.69733e-11
-0.177954
-4.76513e-11
-0.119587
-3.86555e-11
-0.0600754
-3.0095e-11
3.23465e-10
-2.23927e-11
0.0600754
-1.55977e-11
0.119587
-1.53121e-11
0.177954
-1.92002e-11
0.234609
-2.55935e-11
0.289004
-3.29954e-11
0.340611
-4.05416e-11
0.388932
-4.81825e-11
0.433501
-5.59659e-11
0.47389
-6.35472e-11
0.50971
-7.06314e-11
0.540619
-7.73437e-11
0.56632
-8.36927e-11
0.58657
-8.91813e-11
0.601174
-9.34444e-11
0.609997
-9.64104e-11
0.612959
-9.75553e-11
0.610024
-9.62938e-11
0.601208
-9.18315e-11
0.586602
-8.47891e-11
0.566348
-7.49328e-11
0.54064
-6.17681e-11
0.509724
-4.5631e-11
0.473896
-2.69464e-11
0.433501
-5.80124e-12
0.388926
1.71994e-11
0.340601
4.10436e-11
0.288992
6.75476e-11
0.234597
9.82831e-11
0.177944
1.32677e-10
0.119582
1.72745e-10
0.0600754
2.19475e-10
2.64735e-10
-0.0600754
0.0600754
-0.119582
0.0595063
-0.177944
0.0583622
-0.234597
0.056653
-0.288992
0.0543946
-0.340601
0.0516094
-0.388926
0.0483252
-0.433501
0.0445748
-0.473896
0.0403952
-0.509724
0.0358275
-0.54064
0.030916
-0.566348
0.0257083
-0.586602
0.0202543
-0.601208
0.0146059
-0.610024
0.00881589
-0.612959
0.00293535
-0.609997
-0.00296276
-0.601174
-0.00882242
-0.58657
-0.0146045
-0.56632
-0.0202492
-0.540619
-0.0257016
-0.50971
-0.0309088
-0.47389
-0.0358203
-0.433501
-0.0403886
-0.388932
-0.0445692
-0.340611
-0.048321
-0.289004
-0.0516071
-0.234609
-0.0543946
-0.177954
-0.0566554
-0.119587
-0.0583669
-0.0600754
-0.0595115
3.35283e-10
-0.0600754
0.0600754
-0.0600754
0.119587
-0.0595115
0.177954
-0.0583669
0.234609
-0.0566554
0.289004
-0.0543946
0.340611
-0.0516071
0.388932
-0.048321
0.433501
-0.0445692
0.47389
-0.0403886
0.50971
-0.0358203
0.540619
-0.0309088
0.56632
-0.0257016
0.58657
-0.0202492
0.601174
-0.0146045
0.609997
-0.00882242
0.612959
-0.00296276
0.610024
0.00293535
0.601208
0.00881589
0.586602
0.0146059
0.566348
0.0202543
0.54064
0.0257083
0.509724
0.030916
0.473896
0.0358275
0.433501
0.0403952
0.388926
0.0445748
0.340601
0.0483252
0.288992
0.0516094
0.234597
0.0543946
0.177944
0.056653
0.119582
0.0583622
0.0600754
0.0595063
0.0600754
-0.0595115
0.119587
-0.118455
0.11845
-0.176261
0.116168
-0.232369
0.112762
-0.286238
0.108264
-0.337347
0.102718
-0.385202
0.09618
-0.429342
0.0887145
-0.469342
0.0803955
-0.504819
0.0713042
-0.535432
0.0615292
-0.560888
0.0511648
-0.580944
0.0403104
-0.595407
0.0290691
-0.604138
0.0175464
-0.607046
0.00584358
-0.604114
-0.00589474
-0.595379
-0.0175573
-0.580919
-0.0290652
-0.560868
-0.0403
-0.535417
-0.051152
-0.50481
-0.0615161
-0.469338
-0.0712921
-0.429342
-0.0803851
-0.385204
-0.0887066
-0.33735
-0.096175
-0.286241
-0.102717
-0.23237
-0.108266
-0.176258
-0.112767
-0.11845
-0.116175
-0.0595063
-0.118455
2.74204e-10
-0.119582
0.0595063
-0.119582
0.11845
-0.118455
0.176258
-0.116175
0.23237
-0.112767
0.286241
-0.108266
0.33735
-0.102717
0.385204
-0.096175
0.429342
-0.0887066
0.469338
-0.0803851
0.50481
-0.0712921
0.535417
-0.0615161
0.560868
-0.051152
0.580919
-0.0403
0.595379
-0.0290652
0.604114
-0.0175573
0.607046
-0.00589474
0.604138
0.00584358
0.595407
0.0175464
0.580944
0.0290691
0.560888
0.0403104
0.535432
0.0511648
0.504819
0.0615292
0.469342
0.0713042
0.429342
0.0803955
0.385202
0.0887145
0.337347
0.09618
0.286238
0.102718
0.232369
0.108264
0.176261
0.112762
0.118455
0.116168
0.0595115
0.11845
0.119587
-0.0583669
0.177954
-0.116175
0.176258
-0.172864
0.172857
-0.227887
0.167784
-0.28071
0.161087
-0.330823
0.152831
-0.377743
0.1431
-0.421019
0.13199
-0.460235
0.119611
-0.495015
0.106084
-0.525026
0.0915405
-0.549982
0.0761204
-0.569644
0.0599718
-0.583822
0.043248
-0.592382
0.0261057
-0.595234
0.00869555
-0.59236
-0.00876808
-0.583798
-0.0261194
-0.569622
-0.0432411
-0.549966
-0.0599567
-0.525015
-0.0761028
-0.495008
-0.0915234
-0.46023
-0.106069
-0.421016
-0.119599
-0.377741
-0.131982
-0.33082
-0.143096
-0.280706
-0.152831
-0.227881
-0.161091
-0.172857
-0.167791
-0.116168
-0.172864
-0.0583622
-0.176261
2.09647e-10
-0.177944
0.0583622
-0.177944
0.116168
-0.176261
0.172857
-0.172864
0.227881
-0.167791
0.280706
-0.161091
0.33082
-0.152831
0.377741
-0.143096
0.421016
-0.131982
0.46023
-0.119599
0.495008
-0.106069
0.525015
-0.0915234
0.549966
-0.0761028
0.569622
-0.0599567
0.583798
-0.0432411
0.59236
-0.0261194
0.595234
-0.00876808
0.592382
0.00869555
0.583822
0.0261057
0.569644
0.043248
0.549982
0.0599718
0.525026
0.0761204
0.495015
0.0915405
0.460235
0.106084
0.421019
0.119611
0.377743
0.13199
0.330823
0.1431
0.28071
0.152831
0.227887
0.161087
0.172864
0.167784
0.116175
0.172857
0.0583669
0.176258
0.177954
-0.0566554
0.234609
-0.112767
0.23237
-0.167791
0.227881
-0.221194
0.221187
-0.272458
0.212351
-0.32109
0.201463
-0.366621
0.188631
-0.408613
0.173983
-0.446665
0.157663
-0.480411
0.139831
-0.50953
0.120659
-0.533743
0.100334
-0.552819
0.0790481
-0.566576
0.0570051
-0.574882
0.0344109
-0.57765
0.0114638
-0.574863
-0.0115546
-0.566557
-0.0344261
-0.552803
-0.0569948
-0.533731
-0.0790284
-0.509522
-0.100312
-0.480406
-0.120639
-0.446661
-0.139814
-0.40861
-0.157651
-0.366617
-0.173975
-0.321085
-0.188628
-0.272452
-0.201464
-0.221187
-0.212356
-0.167784
-0.221194
-0.112762
-0.227887
-0.056653
-0.232369
1.61343e-10
-0.234597
0.056653
-0.234597
0.112762
-0.232369
0.167784
-0.227887
0.221187
-0.221194
0.272452
-0.212356
0.321085
-0.201464
0.366617
-0.188628
0.40861
-0.173975
0.446661
-0.157651
0.480406
-0.139814
0.509522
-0.120639
0.533731
-0.100312
0.552803
-0.0790284
0.566557
-0.0569948
0.574863
-0.0344261
0.57765
-0.0115546
0.574882
0.0114638
0.566576
0.0344109
0.552819
0.0570051
0.533743
0.0790481
0.50953
0.100334
0.480411
0.120659
0.446665
0.139831
0.408613
0.157663
0.366621
0.173983
0.32109
0.188631
0.272458
0.201463
0.221194
0.212351
0.167791
0.221187
0.112767
0.227881
0.0566554
0.23237
0.234609
-0.0543946
0.289004
-0.108266
0.286241
-0.161091
0.280706
-0.212356
0.272452
-0.261566
0.261562
-0.308247
0.248144
-0.351949
0.232333
-0.392253
0.214287
-0.428773
0.194183
-0.461161
0.172218
-0.489106
0.148605
-0.512343
0.12357
-0.53065
0.0973547
-0.543851
0.0702068
-0.551821
0.0423807
-0.554478
0.0141205
-0.551804
-0.0142282
-0.543833
-0.0423968
-0.530635
-0.070193
-0.512333
-0.0973307
-0.4891
-0.123545
-0.461157
-0.148582
-0.428771
-0.1722
-0.392251
-0.194171
-0.351946
-0.21428
-0.308243
-0.232331
-0.261562
-0.248145
-0.212351
-0.261566
-0.161087
-0.272458
-0.108264
-0.28071
-0.0543946
-0.286238
1.25841e-10
-0.288992
0.0543946
-0.288992
0.108264
-0.286238
0.161087
-0.28071
0.212351
-0.272458
0.261562
-0.261566
0.308243
-0.248145
0.351946
-0.232331
0.392251
-0.21428
0.428771
-0.194171
0.461157
-0.1722
0.4891
-0.148582
0.512333
-0.123545
0.530635
-0.0973307
0.543833
-0.070193
0.551804
-0.0423968
0.554478
-0.0142282
0.551821
0.0141205
0.543851
0.0423807
0.53065
0.0702068
0.512343
0.0973547
0.489106
0.12357
0.461161
0.148605
0.428773
0.172218
0.392253
0.194183
0.351949
0.214287
0.308247
0.232333
0.261566
0.248144
0.212356
0.261562
0.161091
0.272452
0.108266
0.280706
0.0543946
0.286241
0.289004
-0.0516071
0.340611
-0.102717
0.33735
-0.152831
0.33082
-0.201464
0.321085
-0.248145
0.308243
-0.292425
0.292423
-0.333877
0.273785
-0.372105
0.252515
-0.406743
0.228821
-0.43746
0.202935
-0.463963
0.175108
-0.485999
0.145606
-0.503358
0.114714
-0.515876
0.0827247
-0.523433
0.0499375
-0.525952
0.0166401
-0.523418
-0.0167626
-0.51586
-0.0499544
-0.503345
-0.0827078
-0.48599
-0.114686
-0.463958
-0.145577
-0.437458
-0.175082
-0.406742
-0.202916
-0.372104
-0.228808
-0.333876
-0.252508
-0.292423
-0.273783
-0.248144
-0.292425
-0.201463
-0.308247
-0.152831
-0.32109
-0.102718
-0.330823
-0.0516094
-0.337347
9.90554e-11
-0.340601
0.0516094
-0.340601
0.102718
-0.337347
0.152831
-0.330823
0.201463
-0.32109
0.248144
-0.308247
0.292423
-0.292425
0.333876
-0.273783
0.372104
-0.252508
0.406742
-0.228808
0.437458
-0.202916
0.463958
-0.175082
0.48599
-0.145577
0.503345
-0.114686
0.51586
-0.0827078
0.523418
-0.0499544
0.525952
-0.0167626
0.523433
0.0166401
0.515876
0.0499375
0.503358
0.0827247
0.485999
0.114714
0.463963
0.145606
0.43746
0.175108
0.406743
0.202935
0.372105
0.228821
0.333877
0.252515
0.292425
0.273785
0.248145
0.292423
0.201464
0.308243
0.152831
0.321085
0.102717
0.33082
0.0516071
0.33735
0.340611
-0.048321
0.388932
-0.096175
0.385204
-0.143096
0.377741
-0.188628
0.366617
-0.232331
0.351946
-0.273783
0.333876
-0.312588
0.31259
-0.348373
0.2883
-0.380796
0.261244
-0.409546
0.231686
-0.43435
0.199911
-0.454971
0.166228
-0.471215
0.130957
-0.482927
0.094437
-0.489997
0.0570079
-0.492355
0.0189979
-0.489985
-0.0191328
-0.482915
-0.0570246
-0.471206
-0.0944171
-0.454966
-0.130926
-0.434347
-0.166196
-0.409546
-0.199884
-0.380797
-0.231665
-0.348375
-0.26123
-0.31259
-0.288293
-0.273785
-0.312588
-0.232333
-0.333877
-0.188631
-0.351949
-0.1431
-0.366621
-0.09618
-0.377743
-0.0483252
-0.385202
7.69703e-11
-0.388926
0.0483252
-0.388926
0.09618
-0.385202
0.1431
-0.377743
0.188631
-0.366621
0.232333
-0.351949
0.273785
-0.333877
0.31259
-0.312588
0.348375
-0.288293
0.380797
-0.26123
0.409546
-0.231665
0.434347
-0.199884
0.454966
-0.166196
0.471206
-0.130926
0.482915
-0.0944171
0.489985
-0.0570246
0.492355
-0.0191328
0.489997
0.0189979
0.482927
0.0570079
0.471215
0.094437
0.454971
0.130957
0.43435
0.166228
0.409546
0.199911
0.380796
0.231686
0.348373
0.261244
0.312588
0.2883
0.273783
0.31259
0.232331
0.333876
0.188628
0.351946
0.143096
0.366617
0.096175
0.377741
0.048321
0.385204
0.388932
-0.0445692
0.433501
-0.0887066
0.429342
-0.131982
0.421016
-0.173975
0.40861
-0.21428
0.392251
-0.252508
0.372104
-0.288293
0.348375
-0.321291
0.321298
-0.351187
0.291139
-0.377694
0.258193
-0.400559
0.222777
-0.419566
0.185235
-0.434536
0.145927
-0.445329
0.10523
-0.451845
0.0635233
-0.454019
0.021172
-0.451837
-0.0213149
-0.445323
-0.0635381
-0.434534
-0.105207
-0.419567
-0.145893
-0.400562
-0.1852
-0.377699
-0.222748
-0.351193
-0.258171
-0.321298
-0.291125
-0.2883
-0.321291
-0.252515
-0.348373
-0.214287
-0.372105
-0.173983
-0.392253
-0.13199
-0.408613
-0.0887145
-0.421019
-0.0445748
-0.429342
5.69041e-11
-0.433501
0.0445748
-0.433501
0.0887145
-0.429342
0.13199
-0.421019
0.173983
-0.408613
0.214287
-0.392253
0.252515
-0.372105
0.2883
-0.348373
0.321298
-0.321291
0.351193
-0.291125
0.377699
-0.258171
0.400562
-0.222748
0.419567
-0.1852
0.434534
-0.145893
0.445323
-0.105207
0.451837
-0.0635381
0.454019
-0.0213149
0.451845
0.021172
0.445329
0.0635233
0.434536
0.10523
0.419566
0.145927
0.400559
0.185235
0.377694
0.222777
0.351187
0.258193
0.321291
0.291139
0.288293
0.321298
0.252508
0.348375
0.21428
0.372104
0.173975
0.392251
0.131982
0.40861
0.0887066
0.421016
0.0445692
0.429342
0.433501
-0.0403886
0.47389
-0.0803851
0.469338
-0.119599
0.46023
-0.157651
0.446661
-0.194171
0.428771
-0.228808
0.406742
-0.26123
0.380797
-0.291125
0.351193
-0.318207
0.318221
-0.342215
0.282201
-0.362922
0.243484
-0.380131
0.202444
-0.393683
0.159479
-0.403452
0.114999
-0.409349
0.0694204
-0.411318
0.0231413
-0.409346
-0.0232869
-0.403454
-0.0694305
-0.39369
-0.114971
-0.380142
-0.159441
-0.362934
-0.202408
-0.342228
-0.243453
-0.318221
-0.282179
-0.291139
-0.318207
-0.261244
-0.351187
-0.228821
-0.380796
-0.194183
-0.406743
-0.157663
-0.428773
-0.119611
-0.446665
-0.0803955
-0.460235
-0.0403952
-0.469342
3.76841e-11
-0.473896
0.0403952
-0.473896
0.0803955
-0.469342
0.119611
-0.460235
0.157663
-0.446665
0.194183
-0.428773
0.228821
-0.406743
0.261244
-0.380796
0.291139
-0.351187
0.318221
-0.318207
0.342228
-0.282179
0.362934
-0.243453
0.380142
-0.202408
0.39369
-0.159441
0.403454
-0.114971
0.409346
-0.0694305
0.411318
-0.0232869
0.409349
0.0231413
0.403452
0.0694204
0.393683
0.114999
0.380131
0.159479
0.362922
0.202444
0.342215
0.243484
0.318207
0.282201
0.291125
0.318221
0.26123
0.351193
0.228808
0.380797
0.194171
0.406742
0.157651
0.428771
0.119599
0.446661
0.0803851
0.46023
0.0403886
0.469338
0.47389
-0.0358203
0.50971
-0.0712921
0.50481
-0.106069
0.495008
-0.139814
0.480406
-0.1722
0.461157
-0.202916
0.437458
-0.231665
0.409546
-0.258171
0.377699
-0.282179
0.342228
-0.303458
0.303481
-0.321808
0.261833
-0.337053
0.21769
-0.349054
0.17148
-0.357703
0.123648
-0.362924
0.074641
-0.364669
0.0248867
-0.362927
-0.025029
-0.357714
-0.0746436
-0.349071
-0.123613
-0.337074
-0.171439
-0.32183
-0.217652
-0.303481
-0.261802
-0.282201
-0.303458
-0.258193
-0.342215
-0.231686
-0.377694
-0.202935
-0.409546
-0.172218
-0.43746
-0.139831
-0.461161
-0.106084
-0.480411
-0.0713042
-0.495015
-0.0358275
-0.504819
1.90064e-11
-0.509724
0.0358275
-0.509724
0.0713042
-0.504819
0.106084
-0.495015
0.139831
-0.480411
0.172218
-0.461161
0.202935
-0.43746
0.231686
-0.409546
0.258193
-0.377694
0.282201
-0.342215
0.303481
-0.303458
0.32183
-0.261802
0.337074
-0.217652
0.349071
-0.171439
0.357714
-0.123613
0.362927
-0.0746436
0.364669
-0.025029
0.362924
0.0248867
0.357703
0.074641
0.349054
0.123648
0.337053
0.17148
0.321808
0.21769
0.303458
0.261833
0.282179
0.303481
0.258171
0.342228
0.231665
0.377699
0.202916
0.409546
0.1722
0.437458
0.139814
0.461157
0.106069
0.480406
0.0712921
0.495008
0.0358203
0.50481
0.50971
-0.0309088
0.540619
-0.0615161
0.535417
-0.0915234
0.525015
-0.120639
0.509522
-0.148582
0.4891
-0.175082
0.463958
-0.199884
0.434347
-0.222748
0.400562
-0.243453
0.362934
-0.261802
0.32183
-0.277618
0.277649
-0.290754
0.230825
-0.301089
0.181815
-0.308533
0.131092
-0.313024
0.0791329
-0.314528
0.0263906
-0.313034
-0.0265232
-0.308553
-0.079125
-0.301116
-0.13105
-0.290784
-0.18177
-0.277649
-0.230786
-0.261833
-0.277618
-0.243484
-0.321808
-0.222777
-0.362922
-0.199911
-0.400559
-0.175108
-0.43435
-0.148605
-0.463963
-0.120659
-0.489106
-0.0915405
-0.50953
-0.0615292
-0.525026
-0.030916
-0.535432
8.70429e-13
-0.54064
0.030916
-0.54064
0.0615292
-0.535432
0.0915405
-0.525026
0.120659
-0.50953
0.148605
-0.489106
0.175108
-0.463963
0.199911
-0.43435
0.222777
-0.400559
0.243484
-0.362922
0.261833
-0.321808
0.277649
-0.277618
0.290784
-0.230786
0.301116
-0.18177
0.308553
-0.13105
0.313034
-0.079125
0.314528
-0.0265232
0.313024
0.0263906
0.308533
0.0791329
0.301089
0.131092
0.290754
0.181815
0.277618
0.230825
0.261802
0.277649
0.243453
0.32183
0.222748
0.362934
0.199884
0.400562
0.175082
0.434347
0.148582
0.463958
0.120639
0.4891
0.0915234
0.509522
0.0615161
0.525015
0.0309088
0.535417
0.540619
-0.0257016
0.56632
-0.051152
0.560868
-0.0761028
0.549966
-0.100312
0.533731
-0.123545
0.512333
-0.145577
0.48599
-0.166196
0.454966
-0.1852
0.419567
-0.202408
0.380142
-0.217652
0.337074
-0.230786
0.290784
-0.241688
0.241727
-0.250257
0.190384
-0.256422
0.137257
-0.26014
0.0828503
-0.261387
0.0276379
-0.260157
-0.0277532
-0.256452
-0.0828295
-0.250294
-0.137209
-0.241727
-0.190337
-0.230825
-0.241688
-0.21769
-0.290754
-0.202444
-0.337053
-0.185235
-0.380131
-0.166228
-0.419566
-0.145606
-0.454971
-0.12357
-0.485999
-0.100334
-0.512343
-0.0761204
-0.533743
-0.0511648
-0.549982
-0.0257083
-0.560888
-1.63699e-11
-0.566348
0.0257083
-0.566348
0.0511648
-0.560888
0.0761204
-0.549982
0.100334
-0.533743
0.12357
-0.512343
0.145606
-0.485999
0.166228
-0.454971
0.185235
-0.419566
0.202444
-0.380131
0.21769
-0.337053
0.230825
-0.290754
0.241727
-0.241688
0.250294
-0.190337
0.256452
-0.137209
0.260157
-0.0828295
0.261387
-0.0277532
0.26014
0.0276379
0.256422
0.0828503
0.250257
0.137257
0.241688
0.190384
0.230786
0.241727
0.217652
0.290784
0.202408
0.337074
0.1852
0.380142
0.166196
0.419567
0.145577
0.454966
0.123545
0.48599
0.100312
0.512333
0.0761028
0.533731
0.051152
0.549966
0.0257016
0.560868
0.56632
-0.0202492
0.58657
-0.0403
0.580919
-0.0599567
0.569622
-0.0790284
0.552803
-0.0973307
0.530635
-0.114686
0.503345
-0.130926
0.471206
-0.145893
0.434534
-0.159441
0.39369
-0.171439
0.349071
-0.18177
0.301116
-0.190337
0.250294
-0.197061
0.197107
-0.201888
0.142084
-0.204792
0.0857553
-0.205771
0.0286165
-0.204819
-0.0287052
-0.201929
-0.0857196
-0.197107
-0.142031
-0.190384
-0.197061
-0.181815
-0.250257
-0.17148
-0.301089
-0.159479
-0.349054
-0.145927
-0.393683
-0.130957
-0.434536
-0.114714
-0.471215
-0.0973547
-0.503358
-0.0790481
-0.53065
-0.0599718
-0.552819
-0.0403104
-0.569644
-0.0202543
-0.580944
-3.23328e-11
-0.586602
0.0202543
-0.586602
0.0403104
-0.580944
0.0599718
-0.569644
0.0790481
-0.552819
0.0973547
-0.53065
0.114714
-0.503358
0.130957
-0.471215
0.145927
-0.434536
0.159479
-0.393683
0.17148
-0.349054
0.181815
-0.301089
0.190384
-0.250257
0.197107
-0.197061
0.201929
-0.142031
0.204819
-0.0857196
0.205771
-0.0287052
0.204792
0.0286165
0.201888
0.0857553
0.197061
0.142084
0.190337
0.197107
0.18177
0.250294
0.171439
0.301116
0.159441
0.349071
0.145893
0.39369
0.130926
0.434534
0.114686
0.471206
0.0973307
0.503345
0.0790284
0.530635
0.0599567
0.552803
0.0403
0.569622
0.0202492
0.580919
0.58657
-0.0146045
0.601174
-0.0290652
0.595379
-0.0432411
0.583798
-0.0569948
0.566557
-0.070193
0.543833
-0.0827078
0.51586
-0.0944171
0.482915
-0.105207
0.445323
-0.114971
0.403454
-0.123613
0.357714
-0.13105
0.308553
-0.137209
0.256452
-0.142031
0.201929
-0.145477
0.14553
-0.14754
0.0878189
-0.148241
0.0293172
-0.147578
-0.0293684
-0.14553
-0.0877678
-0.142084
-0.145477
-0.137257
-0.201888
-0.131092
-0.256422
-0.123648
-0.308533
-0.114999
-0.357703
-0.10523
-0.403452
-0.094437
-0.445329
-0.0827247
-0.482927
-0.0702068
-0.515876
-0.0570051
-0.543851
-0.043248
-0.566576
-0.0290691
-0.583822
-0.0146059
-0.595407
-4.69861e-11
-0.601208
0.0146059
-0.601208
0.0290691
-0.595407
0.043248
-0.583822
0.0570051
-0.566576
0.0702068
-0.543851
0.0827247
-0.515876
0.094437
-0.482927
0.10523
-0.445329
0.114999
-0.403452
0.123648
-0.357703
0.131092
-0.308533
0.137257
-0.256422
0.142084
-0.201888
0.14553
-0.145477
0.147578
-0.0877678
0.148241
-0.0293684
0.14754
0.0293172
0.145477
0.0878189
0.142031
0.14553
0.137209
0.201929
0.13105
0.256452
0.123613
0.308553
0.114971
0.357714
0.105207
0.403454
0.0944171
0.445323
0.0827078
0.482915
0.070193
0.51586
0.0569948
0.543833
0.0432411
0.566557
0.0290652
0.583798
0.0146045
0.595379
0.601174
-0.00882242
0.609997
-0.0175573
0.604114
-0.0261194
0.59236
-0.0344261
0.574863
-0.0423968
0.551804
-0.0499544
0.523418
-0.0570246
0.489985
-0.0635381
0.451837
-0.0694305
0.409346
-0.0746436
0.362927
-0.079125
0.313034
-0.0828295
0.260157
-0.0857196
0.204819
-0.0877678
0.147578
-0.0889776
0.0890287
-0.0893988
0.0297384
-0.0890287
-0.0297384
-0.0878189
-0.0889776
-0.0857553
-0.14754
-0.0828503
-0.204792
-0.0791329
-0.26014
-0.074641
-0.313024
-0.0694204
-0.362924
-0.0635233
-0.409349
-0.0570079
-0.451845
-0.0499375
-0.489997
-0.0423807
-0.523433
-0.0344109
-0.551821
-0.0261057
-0.574882
-0.0175464
-0.592382
-0.00881589
-0.604138
-6.01437e-11
-0.610024
0.00881589
-0.610024
0.0175464
-0.604138
0.0261057
-0.592382
0.0344109
-0.574882
0.0423807
-0.551821
0.0499375
-0.523433
0.0570079
-0.489997
0.0635233
-0.451845
0.0694204
-0.409349
0.074641
-0.362924
0.0791329
-0.313024
0.0828503
-0.26014
0.0857553
-0.204792
0.0878189
-0.14754
0.0890287
-0.0889776
0.0893988
-0.0297384
0.0889776
0.0297384
0.0877678
0.0890287
0.0857196
0.147578
0.0828295
0.204819
0.079125
0.260157
0.0746436
0.313034
0.0694305
0.362927
0.0635381
0.409346
0.0570246
0.451837
0.0499544
0.489985
0.0423968
0.523418
0.0344261
0.551804
0.0261194
0.574863
0.0175573
0.59236
0.00882242
0.604114
0.609997
-0.00296276
0.612959
-0.00589474
0.607046
-0.00876808
0.595234
-0.0115546
0.57765
-0.0142282
0.554478
-0.0167626
0.525952
-0.0191328
0.492355
-0.0213149
0.454019
-0.0232869
0.411318
-0.025029
0.364669
-0.0265232
0.314528
-0.0277532
0.261387
-0.0287052
0.205771
-0.0293684
0.148241
-0.0297384
0.0893988
-0.0298678
0.0298678
-0.0297384
-0.0298678
-0.0293172
-0.0893988
-0.0286165
-0.148241
-0.0276379
-0.205771
-0.0263906
-0.261387
-0.0248867
-0.314528
-0.0231413
-0.364669
-0.021172
-0.411318
-0.0189979
-0.454019
-0.0166401
-0.492355
-0.0141205
-0.525952
-0.0114638
-0.554478
-0.00869555
-0.57765
-0.00584358
-0.595234
-0.00293535
-0.607046
-7.14223e-11
-0.612959
0.00293535
-0.612959
0.00584358
-0.607046
0.00869555
-0.595234
0.0114638
-0.57765
0.0141205
-0.554478
0.0166401
-0.525952
0.0189979
-0.492355
0.021172
-0.454019
0.0231413
-0.411318
0.0248867
-0.364669
0.0263906
-0.314528
0.0276379
-0.261387
0.0286165
-0.205771
0.0293172
-0.148241
0.0297384
-0.0893988
0.0298678
-0.0298678
0.0297384
0.0298678
0.0293684
0.0893988
0.0287052
0.148241
0.0277532
0.205771
0.0265232
0.261387
0.025029
0.314528
0.0232869
0.364669
0.0213149
0.411318
0.0191328
0.454019
0.0167626
0.492355
0.0142282
0.525952
0.0115546
0.554478
0.00876808
0.57765
0.00589474
0.595234
0.00296276
0.607046
0.612959
0.00293535
0.610024
0.00584358
0.604138
0.00869555
0.592382
0.0114638
0.574882
0.0141205
0.551821
0.0166401
0.523433
0.0189979
0.489997
0.021172
0.451845
0.0231413
0.409349
0.0248867
0.362924
0.0263906
0.313024
0.0276379
0.26014
0.0286165
0.204792
0.0293172
0.14754
0.0297384
0.0889776
0.0298678
0.0297384
0.0297384
-0.0297384
0.0293684
-0.0890287
0.0287052
-0.147578
0.0277532
-0.204819
0.0265232
-0.260157
0.025029
-0.313034
0.0232869
-0.362927
0.0213149
-0.409346
0.0191328
-0.451837
0.0167626
-0.489985
0.0142282
-0.523418
0.0115546
-0.551804
0.00876808
-0.574863
0.00589474
-0.59236
0.00296276
-0.604114
-8.07388e-11
-0.609997
-0.00296276
-0.609997
-0.00589474
-0.604114
-0.00876808
-0.59236
-0.0115546
-0.574863
-0.0142282
-0.551804
-0.0167626
-0.523418
-0.0191328
-0.489985
-0.0213149
-0.451837
-0.0232869
-0.409346
-0.025029
-0.362927
-0.0265232
-0.313034
-0.0277532
-0.260157
-0.0287052
-0.204819
-0.0293684
-0.147578
-0.0297384
-0.0890287
-0.0298678
-0.0297384
-0.0297384
0.0297384
-0.0293172
0.0889776
-0.0286165
0.14754
-0.0276379
0.204792
-0.0263906
0.26014
-0.0248867
0.313024
-0.0231413
0.362924
-0.021172
0.409349
-0.0189979
0.451845
-0.0166401
0.489997
-0.0141205
0.523433
-0.0114638
0.551821
-0.00869555
0.574882
-0.00584358
0.592382
-0.00293535
0.604138
0.610024
0.00881589
0.601208
0.0175464
0.595407
0.0261057
0.583822
0.0344109
0.566576
0.0423807
0.543851
0.0499375
0.515876
0.0570079
0.482927
0.0635233
0.445329
0.0694204
0.403452
0.074641
0.357703
0.0791329
0.308533
0.0828503
0.256422
0.0857553
0.201888
0.0878189
0.145477
0.0890287
0.0877678
0.0893988
0.0293684
0.0889776
-0.0293172
0.0877678
-0.0878189
0.0857196
-0.14553
0.0828295
-0.201929
0.079125
-0.256452
0.0746436
-0.308553
0.0694305
-0.357714
0.0635381
-0.403454
0.0570246
-0.445323
0.0499544
-0.482915
0.0423968
-0.51586
0.0344261
-0.543833
0.0261194
-0.566557
0.0175573
-0.583798
0.00882242
-0.595379
-8.90556e-11
-0.601174
-0.00882242
-0.601174
-0.0175573
-0.595379
-0.0261194
-0.583798
-0.0344261
-0.566557
-0.0423968
-0.543833
-0.0499544
-0.51586
-0.0570246
-0.482915
-0.0635381
-0.445323
-0.0694305
-0.403454
-0.0746436
-0.357714
-0.079125
-0.308553
-0.0828295
-0.256452
-0.0857196
-0.201929
-0.0877678
-0.14553
-0.0889776
-0.0878189
-0.0893988
-0.0293172
-0.0890287
0.0293684
-0.0878189
0.0877678
-0.0857553
0.145477
-0.0828503
0.201888
-0.0791329
0.256422
-0.074641
0.308533
-0.0694204
0.357703
-0.0635233
0.403452
-0.0570079
0.445329
-0.0499375
0.482927
-0.0423807
0.515876
-0.0344109
0.543851
-0.0261057
0.566576
-0.0175464
0.583822
-0.00881589
0.595407
0.601208
0.0146059
0.586602
0.0290691
0.580944
0.043248
0.569644
0.0570051
0.552819
0.0702068
0.53065
0.0827247
0.503358
0.094437
0.471215
0.10523
0.434536
0.114999
0.393683
0.123648
0.349054
0.131092
0.301089
0.137257
0.250257
0.142084
0.197061
0.14553
0.142031
0.147578
0.0857196
0.148241
0.0287052
0.14754
-0.0286165
0.145477
-0.0857553
0.142031
-0.142084
0.137209
-0.197107
0.13105
-0.250294
0.123613
-0.301116
0.114971
-0.349071
0.105207
-0.39369
0.0944171
-0.434534
0.0827078
-0.471206
0.070193
-0.503345
0.0569948
-0.530635
0.0432411
-0.552803
0.0290652
-0.569622
0.0146045
-0.580919
-9.61162e-11
-0.58657
-0.0146045
-0.58657
-0.0290652
-0.580919
-0.0432411
-0.569622
-0.0569948
-0.552803
-0.070193
-0.530635
-0.0827078
-0.503345
-0.0944171
-0.471206
-0.105207
-0.434534
-0.114971
-0.39369
-0.123613
-0.349071
-0.13105
-0.301116
-0.137209
-0.250294
-0.142031
-0.197107
-0.145477
-0.142084
-0.14754
-0.0857553
-0.148241
-0.0286165
-0.147578
0.0287052
-0.14553
0.0857196
-0.142084
0.142031
-0.137257
0.197061
-0.131092
0.250257
-0.123648
0.301089
-0.114999
0.349054
-0.10523
0.393683
-0.094437
0.434536
-0.0827247
0.471215
-0.0702068
0.503358
-0.0570051
0.53065
-0.043248
0.552819
-0.0290691
0.569644
-0.0146059
0.580944
0.586602
0.0202543
0.566348
0.0403104
0.560888
0.0599718
0.549982
0.0790481
0.533743
0.0973547
0.512343
0.114714
0.485999
0.130957
0.454971
0.145927
0.419566
0.159479
0.380131
0.17148
0.337053
0.181815
0.290754
0.190384
0.241688
0.197107
0.190337
0.201929
0.137209
0.204819
0.0828295
0.205771
0.0277532
0.204792
-0.0276379
0.201888
-0.0828503
0.197061
-0.137257
0.190337
-0.190384
0.18177
-0.241727
0.171439
-0.290784
0.159441
-0.337074
0.145893
-0.380142
0.130926
-0.419567
0.114686
-0.454966
0.0973307
-0.48599
0.0790284
-0.512333
0.0599567
-0.533731
0.0403
-0.549966
0.0202492
-0.560868
-1.01544e-10
-0.56632
-0.0202492
-0.56632
-0.0403
-0.560868
-0.0599567
-0.549966
-0.0790284
-0.533731
-0.0973307
-0.512333
-0.114686
-0.48599
-0.130926
-0.454966
-0.145893
-0.419567
-0.159441
-0.380142
-0.171439
-0.337074
-0.18177
-0.290784
-0.190337
-0.241727
-0.197061
-0.190384
-0.201888
-0.137257
-0.204792
-0.0828503
-0.205771
-0.0276379
-0.204819
0.0277532
-0.201929
0.0828295
-0.197107
0.137209
-0.190384
0.190337
-0.181815
0.241688
-0.17148
0.290754
-0.159479
0.337053
-0.145927
0.380131
-0.130957
0.419566
-0.114714
0.454971
-0.0973547
0.485999
-0.0790481
0.512343
-0.0599718
0.533743
-0.0403104
0.549982
-0.0202543
0.560888
0.566348
0.0257083
0.54064
0.0511648
0.535432
0.0761204
0.525026
0.100334
0.50953
0.12357
0.489106
0.145606
0.463963
0.166228
0.43435
0.185235
0.400559
0.202444
0.362922
0.21769
0.321808
0.230825
0.277618
0.241727
0.230786
0.250294
0.18177
0.256452
0.13105
0.260157
0.079125
0.261387
0.0265232
0.26014
-0.0263906
0.256422
-0.0791329
0.250257
-0.131092
0.241688
-0.181815
0.230786
-0.230825
0.217652
-0.277649
0.202408
-0.32183
0.1852
-0.362934
0.166196
-0.400562
0.145577
-0.434347
0.123545
-0.463958
0.100312
-0.4891
0.0761028
-0.509522
0.051152
-0.525015
0.0257016
-0.535417
-1.05366e-10
-0.540619
-0.0257016
-0.540619
-0.051152
-0.535417
-0.0761028
-0.525015
-0.100312
-0.509522
-0.123545
-0.4891
-0.145577
-0.463958
-0.166196
-0.434347
-0.1852
-0.400562
-0.202408
-0.362934
-0.217652
-0.32183
-0.230786
-0.277649
-0.241688
-0.230825
-0.250257
-0.181815
-0.256422
-0.131092
-0.26014
-0.0791329
-0.261387
-0.0263906
-0.260157
0.0265232
-0.256452
0.079125
-0.250294
0.13105
-0.241727
0.18177
-0.230825
0.230786
-0.21769
0.277618
-0.202444
0.321808
-0.185235
0.362922
-0.166228
0.400559
-0.145606
0.43435
-0.12357
0.463963
-0.100334
0.489106
-0.0761204
0.50953
-0.0511648
0.525026
-0.0257083
0.535432
0.54064
0.030916
0.509724
0.0615292
0.504819
0.0915405
0.495015
0.120659
0.480411
0.148605
0.461161
0.175108
0.43746
0.199911
0.409546
0.222777
0.377694
0.243484
0.342215
0.261833
0.303458
0.277649
0.261802
0.290784
0.217652
0.301116
0.171439
0.308553
0.123613
0.313034
0.0746436
0.314528
0.025029
0.313024
-0.0248867
0.308533
-0.074641
0.301089
-0.123648
0.290754
-0.17148
0.277618
-0.21769
0.261802
-0.261833
0.243453
-0.303481
0.222748
-0.342228
0.199884
-0.377699
0.175082
-0.409546
0.148582
-0.437458
0.120639
-0.461157
0.0915234
-0.480406
0.0615161
-0.495008
0.0309088
-0.50481
-1.07737e-10
-0.50971
-0.0309088
-0.50971
-0.0615161
-0.50481
-0.0915234
-0.495008
-0.120639
-0.480406
-0.148582
-0.461157
-0.175082
-0.437458
-0.199884
-0.409546
-0.222748
-0.377699
-0.243453
-0.342228
-0.261802
-0.303481
-0.277618
-0.261833
-0.290754
-0.21769
-0.301089
-0.17148
-0.308533
-0.123648
-0.313024
-0.074641
-0.314528
-0.0248867
-0.313034
0.025029
-0.308553
0.0746436
-0.301116
0.123613
-0.290784
0.171439
-0.277649
0.217652
-0.261833
0.261802
-0.243484
0.303458
-0.222777
0.342215
-0.199911
0.377694
-0.175108
0.409546
-0.148605
0.43746
-0.120659
0.461161
-0.0915405
0.480411
-0.0615292
0.495015
-0.030916
0.504819
0.509724
0.0358275
0.473896
0.0713042
0.469342
0.106084
0.460235
0.139831
0.446665
0.172218
0.428773
0.202935
0.406743
0.231686
0.380796
0.258193
0.351187
0.282201
0.318207
0.303481
0.282179
0.32183
0.243453
0.337074
0.202408
0.349071
0.159441
0.357714
0.114971
0.362927
0.0694305
0.364669
0.0232869
0.362924
-0.0231413
0.357703
-0.0694204
0.349054
-0.114999
0.337053
-0.159479
0.321808
-0.202444
0.303458
-0.243484
0.282179
-0.282201
0.258171
-0.318221
0.231665
-0.351193
0.202916
-0.380797
0.1722
-0.406742
0.139814
-0.428771
0.106069
-0.446661
0.0712921
-0.46023
0.0358203
-0.469338
-1.08423e-10
-0.47389
-0.0358203
-0.47389
-0.0712921
-0.469338
-0.106069
-0.46023
-0.139814
-0.446661
-0.1722
-0.428771
-0.202916
-0.406742
-0.231665
-0.380797
-0.258171
-0.351193
-0.282179
-0.318221
-0.303458
-0.282201
-0.321808
-0.243484
-0.337053
-0.202444
-0.349054
-0.159479
-0.357703
-0.114999
-0.362924
-0.0694204
-0.364669
-0.0231413
-0.362927
0.0232869
-0.357714
0.0694305
-0.349071
0.114971
-0.337074
0.159441
-0.32183
0.202408
-0.303481
0.243453
-0.282201
0.282179
-0.258193
0.318207
-0.231686
0.351187
-0.202935
0.380796
-0.172218
0.406743
-0.139831
0.428773
-0.106084
0.446665
-0.0713042
0.460235
-0.0358275
0.469342
0.473896
0.0403952
0.433501
0.0803955
0.429342
0.119611
0.421019
0.157663
0.408613
0.194183
0.392253
0.228821
0.372105
0.261244
0.348373
0.291139
0.321291
0.318221
0.291125
0.342228
0.258171
0.362934
0.222748
0.380142
0.1852
0.39369
0.145893
0.403454
0.105207
0.409346
0.0635381
0.411318
0.0213149
0.409349
-0.021172
0.403452
-0.0635233
0.393683
-0.10523
0.380131
-0.145927
0.362922
-0.185235
0.342215
-0.222777
0.318207
-0.258193
0.291125
-0.291139
0.26123
-0.321298
0.228808
-0.348375
0.194171
-0.372104
0.157651
-0.392251
0.119599
-0.40861
0.0803851
-0.421016
0.0403886
-0.429342
-1.07506e-10
-0.433501
-0.0403886
-0.433501
-0.0803851
-0.429342
-0.119599
-0.421016
-0.157651
-0.40861
-0.194171
-0.392251
-0.228808
-0.372104
-0.26123
-0.348375
-0.291125
-0.321298
-0.318207
-0.291139
-0.342215
-0.258193
-0.362922
-0.222777
-0.380131
-0.185235
-0.393683
-0.145927
-0.403452
-0.10523
-0.409349
-0.0635233
-0.411318
-0.021172
-0.409346
0.0213149
-0.403454
0.0635381
-0.39369
0.105207
-0.380142
0.145893
-0.362934
0.1852
-0.342228
0.222748
-0.318221
0.258171
-0.291139
0.291125
-0.261244
0.321291
-0.228821
0.348373
-0.194183
0.372105
-0.157663
0.392253
-0.119611
0.408613
-0.0803955
0.421019
-0.0403952
0.429342
0.433501
0.0445748
0.388926
0.0887145
0.385202
0.13199
0.377743
0.173983
0.366621
0.214287
0.351949
0.252515
0.333877
0.2883
0.312588
0.321298
0.288293
0.351193
0.26123
0.377699
0.231665
0.400562
0.199884
0.419567
0.166196
0.434534
0.130926
0.445323
0.0944171
0.451837
0.0570246
0.454019
0.0191328
0.451845
-0.0189979
0.445329
-0.0570079
0.434536
-0.094437
0.419566
-0.130957
0.400559
-0.166228
0.377694
-0.199911
0.351187
-0.231686
0.321291
-0.261244
0.288293
-0.2883
0.252508
-0.31259
0.21428
-0.333876
0.173975
-0.351946
0.131982
-0.366617
0.0887066
-0.377741
0.0445692
-0.385204
-1.05858e-10
-0.388932
-0.0445692
-0.388932
-0.0887066
-0.385204
-0.131982
-0.377741
-0.173975
-0.366617
-0.21428
-0.351946
-0.252508
-0.333876
-0.288293
-0.31259
-0.321291
-0.2883
-0.351187
-0.261244
-0.377694
-0.231686
-0.400559
-0.199911
-0.419566
-0.166228
-0.434536
-0.130957
-0.445329
-0.094437
-0.451845
-0.0570079
-0.454019
-0.0189979
-0.451837
0.0191328
-0.445323
0.0570246
-0.434534
0.0944171
-0.419567
0.130926
-0.400562
0.166196
-0.377699
0.199884
-0.351193
0.231665
-0.321298
0.26123
-0.2883
0.288293
-0.252515
0.312588
-0.214287
0.333877
-0.173983
0.351949
-0.13199
0.366621
-0.0887145
0.377743
-0.0445748
0.385202
0.388926
0.0483252
0.340601
0.09618
0.337347
0.1431
0.330823
0.188631
0.32109
0.232333
0.308247
0.273785
0.292425
0.31259
0.273783
0.348375
0.252508
0.380797
0.228808
0.409546
0.202916
0.434347
0.175082
0.454966
0.145577
0.471206
0.114686
0.482915
0.0827078
0.489985
0.0499544
0.492355
0.0167626
0.489997
-0.0166401
0.482927
-0.0499375
0.471215
-0.0827247
0.454971
-0.114714
0.43435
-0.145606
0.409546
-0.175108
0.380796
-0.202935
0.348373
-0.228821
0.312588
-0.252515
0.273783
-0.273785
0.232331
-0.292423
0.188628
-0.308243
0.143096
-0.321085
0.096175
-0.33082
0.048321
-0.33735
-1.03988e-10
-0.340611
-0.048321
-0.340611
-0.096175
-0.33735
-0.143096
-0.33082
-0.188628
-0.321085
-0.232331
-0.308243
-0.273783
-0.292423
-0.312588
-0.273785
-0.348373
-0.252515
-0.380796
-0.228821
-0.409546
-0.202935
-0.43435
-0.175108
-0.454971
-0.145606
-0.471215
-0.114714
-0.482927
-0.0827247
-0.489997
-0.0499375
-0.492355
-0.0166401
-0.489985
0.0167626
-0.482915
0.0499544
-0.471206
0.0827078
-0.454966
0.114686
-0.434347
0.145577
-0.409546
0.175082
-0.380797
0.202916
-0.348375
0.228808
-0.31259
0.252508
-0.273785
0.273783
-0.232333
0.292425
-0.188631
0.308247
-0.1431
0.32109
-0.09618
0.330823
-0.0483252
0.337347
0.340601
0.0516094
0.288992
0.102718
0.286238
0.152831
0.28071
0.201463
0.272458
0.248144
0.261566
0.292423
0.248145
0.333876
0.232331
0.372104
0.21428
0.406742
0.194171
0.437458
0.1722
0.463958
0.148582
0.48599
0.123545
0.503345
0.0973307
0.51586
0.070193
0.523418
0.0423968
0.525952
0.0142282
0.523433
-0.0141205
0.515876
-0.0423807
0.503358
-0.0702068
0.485999
-0.0973547
0.463963
-0.12357
0.43746
-0.148605
0.406743
-0.172218
0.372105
-0.194183
0.333877
-0.214287
0.292425
-0.232333
0.248145
-0.248144
0.201464
-0.261562
0.152831
-0.272452
0.102717
-0.280706
0.0516071
-0.286241
-1.01024e-10
-0.289004
-0.0516071
-0.289004
-0.102717
-0.286241
-0.152831
-0.280706
-0.201464
-0.272452
-0.248145
-0.261562
-0.292425
-0.248144
-0.333877
-0.232333
-0.372105
-0.214287
-0.406743
-0.194183
-0.43746
-0.172218
-0.463963
-0.148605
-0.485999
-0.12357
-0.503358
-0.0973547
-0.515876
-0.0702068
-0.523433
-0.0423807
-0.525952
-0.0141205
-0.523418
0.0142282
-0.51586
0.0423968
-0.503345
0.070193
-0.48599
0.0973307
-0.463958
0.123545
-0.437458
0.148582
-0.406742
0.1722
-0.372104
0.194171
-0.333876
0.21428
-0.292423
0.232331
-0.248144
0.248145
-0.201463
0.261566
-0.152831
0.272458
-0.102718
0.28071
-0.0516094
0.286238
0.288992
0.0543946
0.234597
0.108264
0.232369
0.161087
0.227887
0.212351
0.221194
0.261562
0.212356
0.308243
0.201464
0.351946
0.188628
0.392251
0.173975
0.428771
0.157651
0.461157
0.139814
0.4891
0.120639
0.512333
0.100312
0.530635
0.0790284
0.543833
0.0569948
0.551804
0.0344261
0.554478
0.0115546
0.551821
-0.0114638
0.543851
-0.0344109
0.53065
-0.0570051
0.512343
-0.0790481
0.489106
-0.100334
0.461161
-0.120659
0.428773
-0.139831
0.392253
-0.157663
0.351949
-0.173983
0.308247
-0.188631
0.261566
-0.201463
0.212356
-0.212351
0.161091
-0.221187
0.108266
-0.227881
0.0543946
-0.23237
-9.74519e-11
-0.234609
-0.0543946
-0.234609
-0.108266
-0.23237
-0.161091
-0.227881
-0.212356
-0.221187
-0.261566
-0.212351
-0.308247
-0.201463
-0.351949
-0.188631
-0.392253
-0.173983
-0.428773
-0.157663
-0.461161
-0.139831
-0.489106
-0.120659
-0.512343
-0.100334
-0.53065
-0.0790481
-0.543851
-0.0570051
-0.551821
-0.0344109
-0.554478
-0.0114638
-0.551804
0.0115546
-0.543833
0.0344261
-0.530635
0.0569948
-0.512333
0.0790284
-0.4891
0.100312
-0.461157
0.120639
-0.428771
0.139814
-0.392251
0.157651
-0.351946
0.173975
-0.308243
0.188628
-0.261562
0.201464
-0.212351
0.212356
-0.161087
0.221194
-0.108264
0.227887
-0.0543946
0.232369
0.234597
0.056653
0.177944
0.112762
0.176261
0.167784
0.172864
0.221187
0.167791
0.272452
0.161091
0.321085
0.152831
0.366617
0.143096
0.40861
0.131982
0.446661
0.119599
0.480406
0.106069
0.509522
0.0915234
0.533731
0.0761028
0.552803
0.0599567
0.566557
0.0432411
0.574863
0.0261194
0.57765
0.00876808
0.574882
-0.00869555
0.566576
-0.0261057
0.552819
-0.043248
0.533743
-0.0599718
0.50953
-0.0761204
0.480411
-0.0915405
0.446665
-0.106084
0.408613
-0.119611
0.366621
-0.13199
0.32109
-0.1431
0.272458
-0.152831
0.221194
-0.161087
0.167791
-0.167784
0.112767
-0.172857
0.0566554
-0.176258
-9.56638e-11
-0.177954
-0.0566554
-0.177954
-0.112767
-0.176258
-0.167791
-0.172857
-0.221194
-0.167784
-0.272458
-0.161087
-0.32109
-0.152831
-0.366621
-0.1431
-0.408613
-0.13199
-0.446665
-0.119611
-0.480411
-0.106084
-0.50953
-0.0915405
-0.533743
-0.0761204
-0.552819
-0.0599718
-0.566576
-0.043248
-0.574882
-0.0261057
-0.57765
-0.00869555
-0.574863
0.00876808
-0.566557
0.0261194
-0.552803
0.0432411
-0.533731
0.0599567
-0.509522
0.0761028
-0.480406
0.0915234
-0.446661
0.106069
-0.40861
0.119599
-0.366617
0.131982
-0.321085
0.143096
-0.272452
0.152831
-0.221187
0.161091
-0.167784
0.167791
-0.112762
0.172864
-0.056653
0.176261
0.177944
0.0583622
0.119582
0.116168
0.118455
0.172857
0.116175
0.227881
0.112767
0.280706
0.108266
0.33082
0.102717
0.377741
0.096175
0.421016
0.0887066
0.46023
0.0803851
0.495008
0.0712921
0.525015
0.0615161
0.549966
0.051152
0.569622
0.0403
0.583798
0.0290652
0.59236
0.0175573
0.595234
0.00589474
0.592382
-0.00584358
0.583822
-0.0175464
0.569644
-0.0290691
0.549982
-0.0403104
0.525026
-0.0511648
0.495015
-0.0615292
0.460235
-0.0713042
0.421019
-0.0803955
0.377743
-0.0887145
0.330823
-0.09618
0.28071
-0.102718
0.227887
-0.108264
0.172864
-0.112762
0.116175
-0.116168
0.0583669
-0.11845
-9.46084e-11
-0.119587
-0.0583669
-0.119587
-0.116175
-0.11845
-0.172864
-0.116168
-0.227887
-0.112762
-0.28071
-0.108264
-0.330823
-0.102718
-0.377743
-0.09618
-0.421019
-0.0887145
-0.460235
-0.0803955
-0.495015
-0.0713042
-0.525026
-0.0615292
-0.549982
-0.0511648
-0.569644
-0.0403104
-0.583822
-0.0290691
-0.592382
-0.0175464
-0.595234
-0.00584358
-0.59236
0.00589474
-0.583798
0.0175573
-0.569622
0.0290652
-0.549966
0.0403
-0.525015
0.051152
-0.495008
0.0615161
-0.46023
0.0712921
-0.421016
0.0803851
-0.377741
0.0887066
-0.33082
0.096175
-0.280706
0.102717
-0.227881
0.108266
-0.172857
0.112767
-0.116168
0.116175
-0.0583622
0.118455
0.119582
0.0595063
0.0600754
0.11845
0.0595115
0.176258
0.0583669
0.23237
0.0566554
0.286241
0.0543946
0.33735
0.0516071
0.385204
0.048321
0.429342
0.0445692
0.469338
0.0403886
0.50481
0.0358203
0.535417
0.0309088
0.560868
0.0257016
0.580919
0.0202492
0.595379
0.0146045
0.604114
0.00882242
0.607046
0.00296276
0.604138
-0.00293535
0.595407
-0.00881589
0.580944
-0.0146059
0.560888
-0.0202543
0.535432
-0.0257083
0.504819
-0.030916
0.469342
-0.0358275
0.429342
-0.0403952
0.385202
-0.0445748
0.337347
-0.0483252
0.286238
-0.0516094
0.232369
-0.0543946
0.176261
-0.056653
0.118455
-0.0583622
0.0595115
-0.0595063
-9.35203e-11
-0.0600754
-0.0595115
-0.0600754
-0.118455
-0.0595063
-0.176261
-0.0583622
-0.232369
-0.056653
-0.286238
-0.0543946
-0.337347
-0.0516094
-0.385202
-0.0483252
-0.429342
-0.0445748
-0.469342
-0.0403952
-0.504819
-0.0358275
-0.535432
-0.030916
-0.560888
-0.0257083
-0.580944
-0.0202543
-0.595407
-0.0146059
-0.604138
-0.00881589
-0.607046
-0.00293535
-0.604114
0.00296276
-0.595379
0.00882242
-0.580919
0.0146045
-0.560868
0.0202492
-0.535417
0.0257016
-0.50481
0.0309088
-0.469338
0.0358203
-0.429342
0.0403886
-0.385204
0.0445692
-0.33735
0.048321
-0.286241
0.0516071
-0.23237
0.0543946
-0.176258
0.0566554
-0.11845
0.0583669
-0.0595063
0.0595115
0.0600754
0.0600754
0.119587
0.177954
0.234609
0.289004
0.340611
0.388932
0.433501
0.47389
0.50971
0.540619
0.56632
0.58657
0.601174
0.609997
0.612959
0.610024
0.601208
0.586602
0.566348
0.54064
0.509724
0.473896
0.433501
0.388926
0.340601
0.288992
0.234597
0.177944
0.119582
0.0600754
-9.29424e-11
-0.0600754
-0.119582
-0.177944
-0.234597
-0.288992
-0.340601
-0.388926
-0.433501
-0.473896
-0.509724
-0.54064
-0.566348
-0.586602
-0.601208
-0.610024
-0.612959
-0.609997
-0.601174
-0.58657
-0.56632
-0.540619
-0.50971
-0.47389
-0.433501
-0.388932
-0.340611
-0.289004
-0.234609
-0.177954
-0.119587
-0.0600754
)
;

boundaryField
{
    top
    {
        type            cyclic;
        value           nonuniform List<scalar> 
64
(
-8.04795e-11
-1.01524e-10
-1.18485e-10
-1.34903e-10
-1.37917e-10
-5.73197e-11
-3.72829e-11
-1.41809e-11
1.09597e-11
3.03612e-11
4.75921e-11
6.49659e-11
7.92478e-11
9.02193e-11
9.81191e-11
1.01944e-10
1.02907e-10
1.01705e-10
9.76434e-11
8.767e-11
7.26628e-11
5.64353e-11
3.84302e-11
1.56404e-11
-1.05147e-11
-3.71107e-11
-6.41383e-11
-9.29096e-11
-1.20861e-10
-1.44372e-10
-1.57161e-10
-1.33862e-10
-1.33797e-10
-1.56536e-10
-1.40685e-10
-1.10059e-10
-7.22953e-11
-3.48774e-11
-2.31168e-12
2.5774e-11
5.12966e-11
7.25374e-11
8.95784e-11
1.02911e-10
1.11562e-10
1.15233e-10
1.16482e-10
1.16001e-10
1.10768e-10
1.01916e-10
9.29341e-11
8.23414e-11
6.78516e-11
5.14822e-11
3.36363e-11
1.4143e-11
-7.68076e-12
-3.14821e-11
-5.40776e-11
-7.55086e-11
-9.78849e-11
-1.13239e-10
-1.21572e-10
-1.29632e-10
)
;
    }
    bottom
    {
        type            cyclic;
        value           nonuniform List<scalar> 
64
(
8.04795e-11
1.01524e-10
1.18485e-10
1.34903e-10
1.37917e-10
5.73199e-11
3.72829e-11
1.41809e-11
-1.09596e-11
-3.03612e-11
-4.75921e-11
-6.49659e-11
-7.92478e-11
-9.02193e-11
-9.81191e-11
-1.01944e-10
-1.02907e-10
-1.01705e-10
-9.76434e-11
-8.767e-11
-7.26628e-11
-5.64353e-11
-3.84302e-11
-1.56404e-11
1.05147e-11
3.71107e-11
6.41383e-11
9.29096e-11
1.20861e-10
1.44372e-10
1.57161e-10
1.33862e-10
1.33797e-10
1.56536e-10
1.40685e-10
1.10059e-10
7.22953e-11
3.48774e-11
2.31168e-12
-2.5774e-11
-5.12966e-11
-7.25374e-11
-8.95785e-11
-1.02911e-10
-1.11562e-10
-1.15233e-10
-1.16482e-10
-1.16001e-10
-1.10768e-10
-1.01916e-10
-9.29341e-11
-8.23414e-11
-6.78516e-11
-5.14822e-11
-3.36363e-11
-1.4143e-11
7.68075e-12
3.14821e-11
5.40776e-11
7.55086e-11
9.78849e-11
1.13239e-10
1.21572e-10
1.29632e-10
)
;
    }
    left
    {
        type            cyclic;
        value           nonuniform List<scalar> 
64
(
-1.21972e-11
-4.53528e-11
-7.58445e-11
-1.02201e-10
-1.26025e-10
-1.47359e-10
-1.62921e-10
-1.72772e-10
-1.80377e-10
-1.85105e-10
-1.82851e-10
-1.73647e-10
-1.60299e-10
-1.4142e-10
-1.17144e-10
-8.79614e-11
-5.26659e-11
-1.64589e-11
1.73553e-11
5.06588e-11
7.74542e-11
9.21154e-11
9.55935e-11
6.43195e-11
2.11032e-11
5.53652e-11
9.09471e-11
1.25323e-10
1.58105e-10
1.90659e-10
2.20172e-10
2.42237e-10
2.56118e-10
2.61202e-10
2.56319e-10
2.41729e-10
2.2093e-10
1.95963e-10
1.66765e-10
1.3529e-10
1.03952e-10
7.20868e-11
3.94668e-11
8.93961e-12
-1.84585e-11
-4.41915e-11
-6.77997e-11
-8.70768e-11
-1.02787e-10
-1.15732e-10
-1.24661e-10
-1.2793e-10
-1.26965e-10
-1.22791e-10
-1.12333e-10
-9.62001e-11
-7.65132e-11
-5.04321e-11
-1.97349e-11
1.08765e-11
4.10047e-11
6.15966e-11
6.765e-11
6.88348e-11
)
;
    }
    right
    {
        type            cyclic;
        value           nonuniform List<scalar> 
64
(
1.21972e-11
4.53528e-11
7.58445e-11
1.02201e-10
1.26025e-10
1.47359e-10
1.62921e-10
1.72772e-10
1.80377e-10
1.85105e-10
1.82851e-10
1.73647e-10
1.60299e-10
1.4142e-10
1.17144e-10
8.79614e-11
5.26659e-11
1.64589e-11
-1.73554e-11
-5.06588e-11
-7.74542e-11
-9.21154e-11
-9.55935e-11
-6.43194e-11
-2.11032e-11
-5.53652e-11
-9.09471e-11
-1.25323e-10
-1.58105e-10
-1.90659e-10
-2.20172e-10
-2.42237e-10
-2.56118e-10
-2.61202e-10
-2.56319e-10
-2.41729e-10
-2.2093e-10
-1.95963e-10
-1.66765e-10
-1.3529e-10
-1.03952e-10
-7.20868e-11
-3.94668e-11
-8.93961e-12
1.84585e-11
4.41915e-11
6.77997e-11
8.70768e-11
1.02787e-10
1.15732e-10
1.24661e-10
1.2793e-10
1.26965e-10
1.22791e-10
1.12333e-10
9.62001e-11
7.65132e-11
5.04321e-11
1.97349e-11
-1.08765e-11
-4.10047e-11
-6.15964e-11
-6.76501e-11
-6.88348e-11
)
;
    }
    frontAndBack
    {
        type            empty;
    }
}


// ************************************************************************* //
