/*--------------------------------*- C++ -*----------------------------------*\
  =========                 |
  \\      /  F ield         | OpenFOAM: The Open Source CFD Toolbox
   \\    /   O peration     | Website:  https://openfoam.org
    \\  /    A nd           | Version:  11
     \\/     M anipulation  |
\*---------------------------------------------------------------------------*/
FoamFile
{
    format      ascii;
    class       volVectorField;
    location    "6";
    object      U;
}
// * * * * * * * * * * * * * * * * * * * * * * * * * * * * * * * * * * * * * //

dimensions      [0 1 -1 0 0 0 0];

internalField   nonuniform List<vector> 
4096
(
(0.0487074 -0.0489868 0)
(0.145642 -0.0485093 0)
(0.241284 -0.0475616 0)
(0.334663 -0.0461556 0)
(0.424848 -0.0443056 0)
(0.510959 -0.0420297 0)
(0.592157 -0.0393504 0)
(0.667655 -0.036294 0)
(0.736723 -0.0328904 0)
(0.798693 -0.0291726 0)
(0.852971 -0.0251766 0)
(0.899036 -0.0209408 0)
(0.936446 -0.0165061 0)
(0.964845 -0.0119149 0)
(0.983964 -0.00721112 0)
(0.993626 -0.00243977 0)
(0.99374 0.0023538 0)
(0.984287 0.00712407 0)
(0.965346 0.0118256 0)
(0.9371 0.0164134 0)
(0.899828 0.0208438 0)
(0.853888 0.0250743 0)
(0.799718 0.0290641 0)
(0.737836 0.0327745 0)
(0.668834 0.0361692 0)
(0.593374 0.0392145 0)
(0.512179 0.04188 0)
(0.42603 0.0441387 0)
(0.335752 0.0459674 0)
(0.24222 0.0473468 0)
(0.146301 0.0482632 0)
(0.0489868 0.0487074 0)
(-0.0489868 0.0487074 0)
(-0.146301 0.0482632 0)
(-0.24222 0.0473468 0)
(-0.335752 0.0459674 0)
(-0.42603 0.0441387 0)
(-0.512179 0.04188 0)
(-0.593374 0.0392145 0)
(-0.668834 0.0361692 0)
(-0.737836 0.0327745 0)
(-0.799718 0.0290641 0)
(-0.853888 0.0250743 0)
(-0.899828 0.0208438 0)
(-0.9371 0.0164134 0)
(-0.965346 0.0118256 0)
(-0.984287 0.00712407 0)
(-0.99374 0.0023538 0)
(-0.993626 -0.00243977 0)
(-0.983964 -0.00721112 0)
(-0.964845 -0.0119149 0)
(-0.936446 -0.0165061 0)
(-0.899036 -0.0209408 0)
(-0.852971 -0.0251766 0)
(-0.798693 -0.0291726 0)
(-0.736723 -0.0328904 0)
(-0.667655 -0.036294 0)
(-0.592157 -0.0393504 0)
(-0.510959 -0.0420297 0)
(-0.424848 -0.0443056 0)
(-0.334663 -0.0461556 0)
(-0.241284 -0.0475616 0)
(-0.145642 -0.0485093 0)
(-0.0487074 -0.0489868 0)
(0.0482632 -0.146301 0)
(0.144302 -0.144882 0)
(0.239043 -0.142063 0)
(0.33153 -0.137874 0)
(0.420846 -0.132357 0)
(0.506122 -0.125564 0)
(0.586529 -0.117564 0)
(0.661289 -0.108436 0)
(0.729679 -0.0982678 0)
(0.791039 -0.0871596 0)
(0.844782 -0.0752187 0)
(0.890391 -0.0625603 0)
(0.92743 -0.0493063 0)
(0.955548 -0.0355839 0)
(0.974477 -0.0215242 0)
(0.984041 -0.0072615 0)
(0.984152 0.00706884 0)
(0.974791 0.0213303 0)
(0.956032 0.0353863 0)
(0.92806 0.0491021 0)
(0.891148 0.0623464 0)
(0.845653 0.0749921 0)
(0.792007 0.0869173 0)
(0.730723 0.0980062 0)
(0.662387 0.10815 0)
(0.587654 0.11725 0)
(0.507241 0.125215 0)
(0.421922 0.131964 0)
(0.332512 0.13743 0)
(0.239879 0.141556 0)
(0.144882 0.144302 0)
(0.0485093 0.145642 0)
(-0.0485093 0.145642 0)
(-0.144882 0.144302 0)
(-0.239879 0.141556 0)
(-0.332512 0.13743 0)
(-0.421922 0.131964 0)
(-0.507241 0.125215 0)
(-0.587654 0.11725 0)
(-0.662387 0.10815 0)
(-0.730723 0.0980062 0)
(-0.792007 0.0869173 0)
(-0.845653 0.0749921 0)
(-0.891148 0.0623464 0)
(-0.92806 0.0491021 0)
(-0.956032 0.0353863 0)
(-0.974791 0.0213303 0)
(-0.984152 0.00706884 0)
(-0.984041 -0.0072615 0)
(-0.974477 -0.0215242 0)
(-0.955548 -0.0355839 0)
(-0.92743 -0.0493063 0)
(-0.890391 -0.0625603 0)
(-0.844782 -0.0752187 0)
(-0.791039 -0.0871596 0)
(-0.729679 -0.0982678 0)
(-0.661289 -0.108436 0)
(-0.586529 -0.117564 0)
(-0.506122 -0.125564 0)
(-0.420846 -0.132357 0)
(-0.33153 -0.137874 0)
(-0.239043 -0.142063 0)
(-0.144302 -0.144882 0)
(-0.0482632 -0.146301 0)
(0.0473468 -0.24222 0)
(0.141556 -0.239879 0)
(0.234475 -0.23522 0)
(0.325172 -0.228292 0)
(0.412752 -0.219162 0)
(0.496364 -0.207918 0)
(0.575199 -0.194674 0)
(0.648493 -0.17956 0)
(0.71554 -0.162724 0)
(0.775694 -0.144331 0)
(0.828378 -0.124559 0)
(0.873088 -0.103599 0)
(0.909398 -0.0816533 0)
(0.93696 -0.0589317 0)
(0.955515 -0.0356516 0)
(0.964892 -0.0120353 0)
(0.965002 0.0116932 0)
(0.955826 0.035308 0)
(0.937436 0.0585834 0)
(0.910012 0.0812965 0)
(0.873823 0.10323 0)
(0.829219 0.124173 0)
(0.776622 0.143924 0)
(0.716535 0.162292 0)
(0.649532 0.179097 0)
(0.576254 0.194173 0)
(0.497404 0.207372 0)
(0.413739 0.21856 0)
(0.326061 0.227625 0)
(0.23522 0.234475 0)
(0.142063 0.239043 0)
(0.0475616 0.241284 0)
(-0.0475616 0.241284 0)
(-0.142063 0.239043 0)
(-0.23522 0.234475 0)
(-0.326061 0.227625 0)
(-0.413739 0.21856 0)
(-0.497404 0.207372 0)
(-0.576254 0.194173 0)
(-0.649532 0.179097 0)
(-0.716535 0.162292 0)
(-0.776622 0.143924 0)
(-0.829219 0.124173 0)
(-0.873823 0.10323 0)
(-0.910012 0.0812965 0)
(-0.937436 0.0585834 0)
(-0.955826 0.035308 0)
(-0.965002 0.0116932 0)
(-0.964892 -0.0120353 0)
(-0.955515 -0.0356516 0)
(-0.93696 -0.0589317 0)
(-0.909398 -0.0816533 0)
(-0.873088 -0.103599 0)
(-0.828378 -0.124559 0)
(-0.775694 -0.144331 0)
(-0.71554 -0.162724 0)
(-0.648493 -0.17956 0)
(-0.575199 -0.194674 0)
(-0.496364 -0.207918 0)
(-0.412752 -0.219162 0)
(-0.325172 -0.228292 0)
(-0.234475 -0.23522 0)
(-0.141556 -0.239879 0)
(-0.0473468 -0.24222 0)
(0.0459674 -0.335752 0)
(0.13743 -0.332512 0)
(0.227625 -0.326061 0)
(0.315652 -0.31646 0)
(0.400647 -0.303804 0)
(0.481786 -0.288217 0)
(0.558283 -0.269856 0)
(0.629402 -0.248903 0)
(0.694455 -0.225564 0)
(0.75282 -0.200066 0)
(0.803935 -0.172656 0)
(0.847314 -0.1436 0)
(0.882542 -0.113178 0)
(0.909284 -0.0816795 0)
(0.927287 -0.0494073 0)
(0.936386 -0.0166687 0)
(0.936496 0.0162255 0)
(0.927596 0.0489618 0)
(0.909754 0.0812275 0)
(0.883145 0.112714 0)
(0.848032 0.143121 0)
(0.804751 0.172156 0)
(0.753715 0.19954 0)
(0.695408 0.225009 0)
(0.630389 0.248313 0)
(0.559278 0.269225 0)
(0.482756 0.287537 0)
(0.401558 0.303065 0)
(0.31646 0.315652 0)
(0.228292 0.325172 0)
(0.137874 0.33153 0)
(0.0461556 0.334663 0)
(-0.0461556 0.334663 0)
(-0.137874 0.33153 0)
(-0.228292 0.325172 0)
(-0.31646 0.315652 0)
(-0.401558 0.303065 0)
(-0.482756 0.287537 0)
(-0.559278 0.269225 0)
(-0.630389 0.248313 0)
(-0.695408 0.225009 0)
(-0.753715 0.19954 0)
(-0.804751 0.172156 0)
(-0.848032 0.143121 0)
(-0.883145 0.112714 0)
(-0.909754 0.0812275 0)
(-0.927596 0.0489618 0)
(-0.936496 0.0162255 0)
(-0.936386 -0.0166687 0)
(-0.927287 -0.0494073 0)
(-0.909284 -0.0816795 0)
(-0.882542 -0.113178 0)
(-0.847314 -0.1436 0)
(-0.803935 -0.172656 0)
(-0.75282 -0.200066 0)
(-0.694455 -0.225564 0)
(-0.629402 -0.248903 0)
(-0.558283 -0.269856 0)
(-0.481786 -0.288217 0)
(-0.400647 -0.303804 0)
(-0.315652 -0.31646 0)
(-0.227625 -0.326061 0)
(-0.13743 -0.332512 0)
(-0.0459674 -0.335752 0)
(0.0441387 -0.42603 0)
(0.131964 -0.421922 0)
(0.21856 -0.413739 0)
(0.303065 -0.401558 0)
(0.384652 -0.385496 0)
(0.462532 -0.365716 0)
(0.535953 -0.342416 0)
(0.604209 -0.315828 0)
(0.666642 -0.286211 0)
(0.722653 -0.253856 0)
(0.771708 -0.219076 0)
(0.813336 -0.182208 0)
(0.847142 -0.143605 0)
(0.872805 -0.103638 0)
(0.890084 -0.0626896 0)
(0.89882 -0.0211491 0)
(0.898931 0.0205893 0)
(0.890397 0.0621287 0)
(0.873279 0.103073 0)
(0.847745 0.143029 0)
(0.814047 0.181617 0)
(0.772509 0.218466 0)
(0.723526 0.253221 0)
(0.667562 0.285546 0)
(0.605154 0.315128 0)
(0.536896 0.341676 0)
(0.463442 0.364928 0)
(0.385496 0.384652 0)
(0.303804 0.400647 0)
(0.219162 0.412752 0)
(0.132357 0.420846 0)
(0.0443056 0.424848 0)
(-0.0443056 0.424848 0)
(-0.132357 0.420846 0)
(-0.219162 0.412752 0)
(-0.303804 0.400647 0)
(-0.385496 0.384652 0)
(-0.463442 0.364928 0)
(-0.536896 0.341676 0)
(-0.605154 0.315128 0)
(-0.667562 0.285546 0)
(-0.723526 0.253221 0)
(-0.772509 0.218466 0)
(-0.814047 0.181617 0)
(-0.847745 0.143029 0)
(-0.873279 0.103073 0)
(-0.890397 0.0621287 0)
(-0.898931 0.0205893 0)
(-0.89882 -0.0211491 0)
(-0.890084 -0.0626896 0)
(-0.872805 -0.103638 0)
(-0.847142 -0.143605 0)
(-0.813336 -0.182208 0)
(-0.771708 -0.219076 0)
(-0.722653 -0.253856 0)
(-0.666642 -0.286211 0)
(-0.604209 -0.315828 0)
(-0.535953 -0.342416 0)
(-0.462532 -0.365716 0)
(-0.384652 -0.385496 0)
(-0.303065 -0.401558 0)
(-0.21856 -0.413739 0)
(-0.131964 -0.421922 0)
(-0.0441387 -0.42603 0)
(0.04188 -0.512179 0)
(0.125215 -0.507241 0)
(0.207372 -0.497404 0)
(0.287537 -0.482756 0)
(0.364928 -0.463442 0)
(0.438799 -0.439658 0)
(0.508437 -0.411644 0)
(0.573173 -0.379676 0)
(0.632385 -0.344069 0)
(0.685505 -0.30517 0)
(0.732025 -0.263357 0)
(0.771502 -0.219033 0)
(0.80356 -0.172625 0)
(0.827897 -0.124579 0)
(0.844286 -0.0753519 0)
(0.852575 -0.0254136 0)
(0.852688 0.024763 0)
(0.844604 0.0747009 0)
(0.828378 0.123924 0)
(0.804168 0.171962 0)
(0.772213 0.218356 0)
(0.73282 0.262661 0)
(0.686362 0.304451 0)
(0.633281 0.343322 0)
(0.574084 0.378896 0)
(0.509337 0.410827 0)
(0.439658 0.438799 0)
(0.365716 0.462532 0)
(0.288217 0.481786 0)
(0.207918 0.496364 0)
(0.125564 0.506122 0)
(0.0420297 0.510959 0)
(-0.0420297 0.510959 0)
(-0.125564 0.506122 0)
(-0.207918 0.496364 0)
(-0.288217 0.481786 0)
(-0.365716 0.462532 0)
(-0.439658 0.438799 0)
(-0.509337 0.410827 0)
(-0.574084 0.378896 0)
(-0.633281 0.343322 0)
(-0.686362 0.304451 0)
(-0.73282 0.262661 0)
(-0.772213 0.218356 0)
(-0.804168 0.171962 0)
(-0.828378 0.123924 0)
(-0.844604 0.0747009 0)
(-0.852688 0.024763 0)
(-0.852575 -0.0254136 0)
(-0.844286 -0.0753519 0)
(-0.827897 -0.124579 0)
(-0.80356 -0.172625 0)
(-0.771502 -0.219033 0)
(-0.732025 -0.263357 0)
(-0.685505 -0.30517 0)
(-0.632385 -0.344069 0)
(-0.573173 -0.379676 0)
(-0.508437 -0.411644 0)
(-0.438799 -0.439658 0)
(-0.364928 -0.463442 0)
(-0.287537 -0.482756 0)
(-0.207372 -0.497404 0)
(-0.125215 -0.507241 0)
(-0.04188 -0.512179 0)
(0.0392145 -0.593374 0)
(0.11725 -0.587654 0)
(0.194173 -0.576254 0)
(0.269225 -0.559278 0)
(0.341676 -0.536896 0)
(0.410827 -0.509337 0)
(0.476014 -0.476878 0)
(0.536609 -0.439839 0)
(0.592031 -0.398585 0)
(0.641748 -0.353519 0)
(0.685287 -0.305076 0)
(0.722231 -0.253726 0)
(0.752232 -0.199964 0)
(0.775007 -0.144304 0)
(0.790345 -0.0872789 0)
(0.798107 -0.0294307 0)
(0.798224 0.0286941 0)
(0.790672 0.0865443 0)
(0.775497 0.143569 0)
(0.752847 0.199225 0)
(0.722946 0.252978 0)
(0.686079 0.304314 0)
(0.642596 0.352737 0)
(0.592908 0.39778 0)
(0.537492 0.439007 0)
(0.476878 0.476014 0)
(0.411644 0.508437 0)
(0.342416 0.535953 0)
(0.269856 0.558283 0)
(0.194674 0.575199 0)
(0.117564 0.586529 0)
(0.0393504 0.592157 0)
(-0.0393504 0.592157 0)
(-0.117564 0.586529 0)
(-0.194674 0.575199 0)
(-0.269856 0.558283 0)
(-0.342416 0.535953 0)
(-0.411644 0.508437 0)
(-0.476878 0.476014 0)
(-0.537492 0.439007 0)
(-0.592908 0.39778 0)
(-0.642596 0.352737 0)
(-0.686079 0.304314 0)
(-0.722946 0.252978 0)
(-0.752847 0.199225 0)
(-0.775497 0.143569 0)
(-0.790672 0.0865443 0)
(-0.798224 0.0286941 0)
(-0.798107 -0.0294307 0)
(-0.790345 -0.0872789 0)
(-0.775007 -0.144304 0)
(-0.752232 -0.199964 0)
(-0.722231 -0.253726 0)
(-0.685287 -0.305076 0)
(-0.641748 -0.353519 0)
(-0.592031 -0.398585 0)
(-0.536609 -0.439839 0)
(-0.476014 -0.476878 0)
(-0.410827 -0.509337 0)
(-0.341676 -0.536896 0)
(-0.269225 -0.559278 0)
(-0.194173 -0.576254 0)
(-0.11725 -0.587654 0)
(-0.0392145 -0.593374 0)
(0.0361692 -0.668834 0)
(0.10815 -0.662387 0)
(0.179097 -0.649532 0)
(0.248313 -0.630389 0)
(0.315128 -0.605154 0)
(0.378896 -0.574084 0)
(0.439007 -0.537492 0)
(0.49488 -0.49574 0)
(0.545981 -0.449236 0)
(0.591819 -0.398434 0)
(0.631956 -0.343829 0)
(0.666012 -0.285948 0)
(0.693665 -0.225351 0)
(0.714657 -0.162618 0)
(0.728796 -0.0983489 0)
(0.735957 -0.0331539 0)
(0.736076 0.0323526 0)
(0.729131 0.0975513 0)
(0.715156 0.161823 0)
(0.694286 0.224556 0)
(0.666729 0.28515 0)
(0.632747 0.343022 0)
(0.592658 0.397614 0)
(0.546842 0.448398 0)
(0.49574 0.49488 0)
(0.439839 0.536609 0)
(0.379676 0.573173 0)
(0.315828 0.604209 0)
(0.248903 0.629402 0)
(0.17956 0.648493 0)
(0.108436 0.661289 0)
(0.036294 0.667655 0)
(-0.036294 0.667655 0)
(-0.108436 0.661289 0)
(-0.17956 0.648493 0)
(-0.248903 0.629402 0)
(-0.315828 0.604209 0)
(-0.379676 0.573173 0)
(-0.439839 0.536609 0)
(-0.49574 0.49488 0)
(-0.546842 0.448398 0)
(-0.592658 0.397614 0)
(-0.632747 0.343022 0)
(-0.666729 0.28515 0)
(-0.694286 0.224556 0)
(-0.715156 0.161823 0)
(-0.729131 0.0975513 0)
(-0.736076 0.0323526 0)
(-0.735957 -0.0331539 0)
(-0.728796 -0.0983489 0)
(-0.714657 -0.162618 0)
(-0.693665 -0.225351 0)
(-0.666012 -0.285948 0)
(-0.631956 -0.343829 0)
(-0.591819 -0.398434 0)
(-0.545981 -0.449236 0)
(-0.49488 -0.49574 0)
(-0.439007 -0.537492 0)
(-0.378896 -0.574084 0)
(-0.315128 -0.605154 0)
(-0.248313 -0.630389 0)
(-0.179097 -0.649532 0)
(-0.10815 -0.662387 0)
(-0.0361692 -0.668834 0)
(0.0327745 -0.737836 0)
(0.0980062 -0.730723 0)
(0.162292 -0.716535 0)
(0.225009 -0.695408 0)
(0.285546 -0.667562 0)
(0.343322 -0.633281 0)
(0.39778 -0.592908 0)
(0.448398 -0.546842 0)
(0.494688 -0.495535 0)
(0.536206 -0.439486 0)
(0.572557 -0.379243 0)
(0.603395 -0.315388 0)
(0.628433 -0.248541 0)
(0.647437 -0.179342 0)
(0.66024 -0.108454 0)
(0.66673 -0.0365478 0)
(0.666853 0.0357008 0)
(0.660585 0.107613 0)
(0.647947 0.178507 0)
(0.629062 0.247711 0)
(0.604117 0.314561 0)
(0.573346 0.378414 0)
(0.537037 0.438651 0)
(0.495535 0.494688 0)
(0.449236 0.545981 0)
(0.398585 0.592031 0)
(0.344069 0.632385 0)
(0.286211 0.666642 0)
(0.225564 0.694455 0)
(0.162724 0.71554 0)
(0.0982678 0.729679 0)
(0.0328904 0.736723 0)
(-0.0328904 0.736723 0)
(-0.0982678 0.729679 0)
(-0.162724 0.71554 0)
(-0.225564 0.694455 0)
(-0.286211 0.666642 0)
(-0.344069 0.632385 0)
(-0.398585 0.592031 0)
(-0.449236 0.545981 0)
(-0.495535 0.494688 0)
(-0.537037 0.438651 0)
(-0.573346 0.378414 0)
(-0.604117 0.314561 0)
(-0.629062 0.247711 0)
(-0.647947 0.178507 0)
(-0.660585 0.107613 0)
(-0.666853 0.0357008 0)
(-0.66673 -0.0365478 0)
(-0.66024 -0.108454 0)
(-0.647437 -0.179342 0)
(-0.628433 -0.248541 0)
(-0.603395 -0.315388 0)
(-0.572557 -0.379243 0)
(-0.536206 -0.439486 0)
(-0.494688 -0.495535 0)
(-0.448398 -0.546842 0)
(-0.39778 -0.592908 0)
(-0.343322 -0.633281 0)
(-0.285546 -0.667562 0)
(-0.225009 -0.695408 0)
(-0.162292 -0.716535 0)
(-0.0980062 -0.730723 0)
(-0.0327745 -0.737836 0)
(0.0290641 -0.799718 0)
(0.0869173 -0.792007 0)
(0.143924 -0.776622 0)
(0.19954 -0.753715 0)
(0.253221 -0.723526 0)
(0.304451 -0.686362 0)
(0.352737 -0.642596 0)
(0.397614 -0.592658 0)
(0.438651 -0.537037 0)
(0.475452 -0.476279 0)
(0.507667 -0.410975 0)
(0.534992 -0.34176 0)
(0.557171 -0.269306 0)
(0.574004 -0.194311 0)
(0.585345 -0.117492 0)
(0.591102 -0.0395764 0)
(0.591231 0.0387088 0)
(0.585705 0.116632 0)
(0.57453 0.193461 0)
(0.557813 0.268465 0)
(0.535721 0.340927 0)
(0.508459 0.410147 0)
(0.476279 0.475452 0)
(0.439486 0.536206 0)
(0.398434 0.591819 0)
(0.353519 0.641748 0)
(0.30517 0.685505 0)
(0.253856 0.722653 0)
(0.200066 0.75282 0)
(0.144331 0.775694 0)
(0.0871596 0.791039 0)
(0.0291726 0.798693 0)
(-0.0291726 0.798693 0)
(-0.0871596 0.791039 0)
(-0.144331 0.775694 0)
(-0.200066 0.75282 0)
(-0.253856 0.722653 0)
(-0.30517 0.685505 0)
(-0.353519 0.641748 0)
(-0.398434 0.591819 0)
(-0.439486 0.536206 0)
(-0.476279 0.475452 0)
(-0.508459 0.410147 0)
(-0.535721 0.340927 0)
(-0.557813 0.268465 0)
(-0.57453 0.193461 0)
(-0.585705 0.116632 0)
(-0.591231 0.0387088 0)
(-0.591102 -0.0395764 0)
(-0.585345 -0.117492 0)
(-0.574004 -0.194311 0)
(-0.557171 -0.269306 0)
(-0.534992 -0.34176 0)
(-0.507667 -0.410975 0)
(-0.475452 -0.476279 0)
(-0.438651 -0.537037 0)
(-0.397614 -0.592658 0)
(-0.352737 -0.642596 0)
(-0.304451 -0.686362 0)
(-0.253221 -0.723526 0)
(-0.19954 -0.753715 0)
(-0.143924 -0.776622 0)
(-0.0869173 -0.792007 0)
(-0.0290641 -0.799718 0)
(0.0250743 -0.853888 0)
(0.0749921 -0.845653 0)
(0.124173 -0.829219 0)
(0.172156 -0.804751 0)
(0.218466 -0.772509 0)
(0.262661 -0.73282 0)
(0.304314 -0.686079 0)
(0.343022 -0.632747 0)
(0.378414 -0.573346 0)
(0.410147 -0.508459 0)
(0.43792 -0.438719 0)
(0.46147 -0.364808 0)
(0.480579 -0.287445 0)
(0.495076 -0.207378 0)
(0.504844 -0.125374 0)
(0.509811 -0.042209 0)
(0.509949 0.0413467 0)
(0.505224 0.124521 0)
(0.495624 0.206537 0)
(0.481239 0.286618 0)
(0.462212 0.363996 0)
(0.438719 0.43792 0)
(0.410975 0.507667 0)
(0.379243 0.572557 0)
(0.343829 0.631956 0)
(0.305076 0.685287 0)
(0.263357 0.732025 0)
(0.219076 0.771708 0)
(0.172656 0.803935 0)
(0.124559 0.828378 0)
(0.0752187 0.844782 0)
(0.0251766 0.852971 0)
(-0.0251766 0.852971 0)
(-0.0752187 0.844782 0)
(-0.124559 0.828378 0)
(-0.172656 0.803935 0)
(-0.219076 0.771708 0)
(-0.263357 0.732025 0)
(-0.305076 0.685287 0)
(-0.343829 0.631956 0)
(-0.379243 0.572557 0)
(-0.410975 0.507667 0)
(-0.438719 0.43792 0)
(-0.462212 0.363996 0)
(-0.481239 0.286618 0)
(-0.495624 0.206537 0)
(-0.505224 0.124521 0)
(-0.509949 0.0413467 0)
(-0.509811 -0.042209 0)
(-0.504844 -0.125374 0)
(-0.495076 -0.207378 0)
(-0.480579 -0.287445 0)
(-0.46147 -0.364808 0)
(-0.43792 -0.438719 0)
(-0.410147 -0.508459 0)
(-0.378414 -0.573346 0)
(-0.343022 -0.632747 0)
(-0.304314 -0.686079 0)
(-0.262661 -0.73282 0)
(-0.218466 -0.772509 0)
(-0.172156 -0.804751 0)
(-0.124173 -0.829219 0)
(-0.0749921 -0.845653 0)
(-0.0250743 -0.853888 0)
(0.0208438 -0.899828 0)
(0.0623464 -0.891148 0)
(0.10323 -0.873823 0)
(0.143121 -0.848032 0)
(0.181617 -0.814047 0)
(0.218356 -0.772213 0)
(0.252978 -0.722946 0)
(0.28515 -0.666729 0)
(0.314561 -0.604117 0)
(0.340927 -0.535721 0)
(0.363996 -0.462212 0)
(0.383549 -0.384311 0)
(0.399406 -0.302778 0)
(0.411428 -0.218409 0)
(0.419526 -0.132016 0)
(0.423654 -0.0444163 0)
(0.423804 0.0435895 0)
(0.419933 0.131202 0)
(0.412004 0.217609 0)
(0.40009 0.301996 0)
(0.384311 0.383549 0)
(0.364808 0.46147 0)
(0.34176 0.534992 0)
(0.315388 0.603395 0)
(0.285948 0.666012 0)
(0.253726 0.722231 0)
(0.219033 0.771502 0)
(0.182208 0.813336 0)
(0.1436 0.847314 0)
(0.103599 0.873088 0)
(0.0625603 0.890391 0)
(0.0209408 0.899036 0)
(-0.0209408 0.899036 0)
(-0.0625603 0.890391 0)
(-0.103599 0.873088 0)
(-0.1436 0.847314 0)
(-0.182208 0.813336 0)
(-0.219033 0.771502 0)
(-0.253726 0.722231 0)
(-0.285948 0.666012 0)
(-0.315388 0.603395 0)
(-0.34176 0.534992 0)
(-0.364808 0.46147 0)
(-0.384311 0.383549 0)
(-0.40009 0.301996 0)
(-0.412004 0.217609 0)
(-0.419933 0.131202 0)
(-0.423804 0.0435895 0)
(-0.423654 -0.0444163 0)
(-0.419526 -0.132016 0)
(-0.411428 -0.218409 0)
(-0.399406 -0.302778 0)
(-0.383549 -0.384311 0)
(-0.363996 -0.462212 0)
(-0.340927 -0.535721 0)
(-0.314561 -0.604117 0)
(-0.28515 -0.666729 0)
(-0.252978 -0.722946 0)
(-0.218356 -0.772213 0)
(-0.181617 -0.814047 0)
(-0.143121 -0.848032 0)
(-0.10323 -0.873823 0)
(-0.0623464 -0.891148 0)
(-0.0208438 -0.899828 0)
(0.0164134 -0.9371 0)
(0.0491021 -0.92806 0)
(0.0812965 -0.910012 0)
(0.112714 -0.883145 0)
(0.143029 -0.847745 0)
(0.171962 -0.804168 0)
(0.199225 -0.752847 0)
(0.224556 -0.694286 0)
(0.247711 -0.629062 0)
(0.268465 -0.557813 0)
(0.286618 -0.481239 0)
(0.301996 -0.40009 0)
(0.314456 -0.315165 0)
(0.323891 -0.227298 0)
(0.330238 -0.137348 0)
(0.333483 -0.0461709 0)
(0.333649 0.045416 0)
(0.330677 0.136608 0)
(0.324496 0.226572 0)
(0.315165 0.314456 0)
(0.302778 0.399406 0)
(0.287445 0.480579 0)
(0.269306 0.557171 0)
(0.248541 0.628433 0)
(0.225351 0.693665 0)
(0.199964 0.752232 0)
(0.172625 0.80356 0)
(0.143605 0.847142 0)
(0.113178 0.882542 0)
(0.0816533 0.909398 0)
(0.0493063 0.92743 0)
(0.0165061 0.936446 0)
(-0.0165061 0.936446 0)
(-0.0493063 0.92743 0)
(-0.0816533 0.909398 0)
(-0.113178 0.882542 0)
(-0.143605 0.847142 0)
(-0.172625 0.80356 0)
(-0.199964 0.752232 0)
(-0.225351 0.693665 0)
(-0.248541 0.628433 0)
(-0.269306 0.557171 0)
(-0.287445 0.480579 0)
(-0.302778 0.399406 0)
(-0.315165 0.314456 0)
(-0.324496 0.226572 0)
(-0.330677 0.136608 0)
(-0.333649 0.045416 0)
(-0.333483 -0.0461709 0)
(-0.330238 -0.137348 0)
(-0.323891 -0.227298 0)
(-0.314456 -0.315165 0)
(-0.301996 -0.40009 0)
(-0.286618 -0.481239 0)
(-0.268465 -0.557813 0)
(-0.247711 -0.629062 0)
(-0.224556 -0.694286 0)
(-0.199225 -0.752847 0)
(-0.171962 -0.804168 0)
(-0.143029 -0.847745 0)
(-0.112714 -0.883145 0)
(-0.0812965 -0.910012 0)
(-0.0491021 -0.92806 0)
(-0.0164134 -0.9371 0)
(0.0118256 -0.965346 0)
(0.0353863 -0.956032 0)
(0.0585834 -0.937436 0)
(0.0812275 -0.909754 0)
(0.103073 -0.873279 0)
(0.123924 -0.828378 0)
(0.143569 -0.775497 0)
(0.161823 -0.715156 0)
(0.178507 -0.647947 0)
(0.193461 -0.57453 0)
(0.206537 -0.495624 0)
(0.217609 -0.412004 0)
(0.226572 -0.324496 0)
(0.233343 -0.233969 0)
(0.237885 -0.14132 0)
(0.240209 -0.0474509 0)
(0.24039 0.0468142 0)
(0.238348 0.140691 0)
(0.233969 0.233343 0)
(0.227298 0.323891 0)
(0.218409 0.411428 0)
(0.207378 0.495076 0)
(0.194311 0.574004 0)
(0.179342 0.647437 0)
(0.162618 0.714657 0)
(0.144304 0.775007 0)
(0.124579 0.827897 0)
(0.103638 0.872805 0)
(0.0816795 0.909284 0)
(0.0589317 0.93696 0)
(0.0355839 0.955548 0)
(0.0119149 0.964845 0)
(-0.0119149 0.964845 0)
(-0.0355839 0.955548 0)
(-0.0589317 0.93696 0)
(-0.0816795 0.909284 0)
(-0.103638 0.872805 0)
(-0.124579 0.827897 0)
(-0.144304 0.775007 0)
(-0.162618 0.714657 0)
(-0.179342 0.647437 0)
(-0.194311 0.574004 0)
(-0.207378 0.495076 0)
(-0.218409 0.411428 0)
(-0.227298 0.323891 0)
(-0.233969 0.233343 0)
(-0.238348 0.140691 0)
(-0.24039 0.0468142 0)
(-0.240209 -0.0474509 0)
(-0.237885 -0.14132 0)
(-0.233343 -0.233969 0)
(-0.226572 -0.324496 0)
(-0.217609 -0.412004 0)
(-0.206537 -0.495624 0)
(-0.193461 -0.57453 0)
(-0.178507 -0.647947 0)
(-0.161823 -0.715156 0)
(-0.143569 -0.775497 0)
(-0.123924 -0.828378 0)
(-0.103073 -0.873279 0)
(-0.0812275 -0.909754 0)
(-0.0585834 -0.937436 0)
(-0.0353863 -0.956032 0)
(-0.0118256 -0.965346 0)
(0.00712407 -0.984287 0)
(0.0213303 -0.974791 0)
(0.035308 -0.955826 0)
(0.0489618 -0.927596 0)
(0.0621287 -0.890397 0)
(0.0747009 -0.844604 0)
(0.0865443 -0.790672 0)
(0.0975513 -0.729131 0)
(0.107613 -0.660585 0)
(0.116632 -0.585705 0)
(0.124521 -0.505224 0)
(0.131202 -0.419933 0)
(0.136608 -0.330677 0)
(0.140691 -0.238348 0)
(0.143422 -0.143884 0)
(0.144822 -0.0482423 0)
(0.145002 0.0477724 0)
(0.143884 0.143422 0)
(0.14132 0.237885 0)
(0.137348 0.330238 0)
(0.132016 0.419526 0)
(0.125374 0.504844 0)
(0.117492 0.585345 0)
(0.108454 0.66024 0)
(0.0983489 0.728796 0)
(0.0872789 0.790345 0)
(0.0753519 0.844286 0)
(0.0626896 0.890084 0)
(0.0494073 0.927287 0)
(0.0356516 0.955515 0)
(0.0215242 0.974477 0)
(0.00721112 0.983964 0)
(-0.00721112 0.983964 0)
(-0.0215242 0.974477 0)
(-0.0356516 0.955515 0)
(-0.0494073 0.927287 0)
(-0.0626896 0.890084 0)
(-0.0753519 0.844286 0)
(-0.0872789 0.790345 0)
(-0.0983489 0.728796 0)
(-0.108454 0.66024 0)
(-0.117492 0.585345 0)
(-0.125374 0.504844 0)
(-0.132016 0.419526 0)
(-0.137348 0.330238 0)
(-0.14132 0.237885 0)
(-0.143884 0.143422 0)
(-0.145002 0.0477724 0)
(-0.144822 -0.0482423 0)
(-0.143422 -0.143884 0)
(-0.140691 -0.238348 0)
(-0.136608 -0.330677 0)
(-0.131202 -0.419933 0)
(-0.124521 -0.505224 0)
(-0.116632 -0.585705 0)
(-0.107613 -0.660585 0)
(-0.0975513 -0.729131 0)
(-0.0865443 -0.790672 0)
(-0.0747009 -0.844604 0)
(-0.0621287 -0.890397 0)
(-0.0489618 -0.927596 0)
(-0.035308 -0.955826 0)
(-0.0213303 -0.974791 0)
(-0.00712407 -0.984287 0)
(0.0023538 -0.99374 0)
(0.00706884 -0.984152 0)
(0.0116932 -0.965002 0)
(0.0162255 -0.936496 0)
(0.0205893 -0.898931 0)
(0.024763 -0.852688 0)
(0.0286941 -0.798224 0)
(0.0323526 -0.736076 0)
(0.0357008 -0.666853 0)
(0.0387088 -0.591231 0)
(0.0413467 -0.509949 0)
(0.0435895 -0.423804 0)
(0.045416 -0.333649 0)
(0.0468142 -0.24039 0)
(0.0477724 -0.145002 0)
(0.0483231 -0.0484986 0)
(0.0484986 0.0483231 0)
(0.0482423 0.144822 0)
(0.0474509 0.240209 0)
(0.0461709 0.333483 0)
(0.0444163 0.423654 0)
(0.042209 0.509811 0)
(0.0395764 0.591102 0)
(0.0365478 0.66673 0)
(0.0331539 0.735957 0)
(0.0294307 0.798107 0)
(0.0254136 0.852575 0)
(0.0211491 0.89882 0)
(0.0166687 0.936386 0)
(0.0120353 0.964892 0)
(0.0072615 0.984041 0)
(0.00243977 0.993626 0)
(-0.00243977 0.993626 0)
(-0.0072615 0.984041 0)
(-0.0120353 0.964892 0)
(-0.0166687 0.936386 0)
(-0.0211491 0.89882 0)
(-0.0254136 0.852575 0)
(-0.0294307 0.798107 0)
(-0.0331539 0.735957 0)
(-0.0365478 0.66673 0)
(-0.0395764 0.591102 0)
(-0.042209 0.509811 0)
(-0.0444163 0.423654 0)
(-0.0461709 0.333483 0)
(-0.0474509 0.240209 0)
(-0.0482423 0.144822 0)
(-0.0484986 0.0483231 0)
(-0.0483231 -0.0484986 0)
(-0.0477724 -0.145002 0)
(-0.0468142 -0.24039 0)
(-0.045416 -0.333649 0)
(-0.0435895 -0.423804 0)
(-0.0413467 -0.509949 0)
(-0.0387088 -0.591231 0)
(-0.0357008 -0.666853 0)
(-0.0323526 -0.736076 0)
(-0.0286941 -0.798224 0)
(-0.024763 -0.852688 0)
(-0.0205893 -0.898931 0)
(-0.0162255 -0.936496 0)
(-0.0116932 -0.965002 0)
(-0.00706884 -0.984152 0)
(-0.0023538 -0.99374 0)
(-0.00243977 -0.993626 0)
(-0.0072615 -0.984041 0)
(-0.0120353 -0.964892 0)
(-0.0166687 -0.936386 0)
(-0.0211491 -0.89882 0)
(-0.0254136 -0.852575 0)
(-0.0294307 -0.798107 0)
(-0.0331539 -0.735957 0)
(-0.0365478 -0.66673 0)
(-0.0395764 -0.591102 0)
(-0.042209 -0.509811 0)
(-0.0444163 -0.423654 0)
(-0.0461709 -0.333483 0)
(-0.0474509 -0.240209 0)
(-0.0482423 -0.144822 0)
(-0.0484986 -0.0483231 0)
(-0.0483231 0.0484986 0)
(-0.0477724 0.145002 0)
(-0.0468142 0.24039 0)
(-0.045416 0.333649 0)
(-0.0435895 0.423804 0)
(-0.0413467 0.509949 0)
(-0.0387088 0.591231 0)
(-0.0357008 0.666853 0)
(-0.0323526 0.736076 0)
(-0.0286941 0.798224 0)
(-0.024763 0.852688 0)
(-0.0205893 0.898931 0)
(-0.0162255 0.936496 0)
(-0.0116932 0.965002 0)
(-0.00706884 0.984152 0)
(-0.0023538 0.99374 0)
(0.0023538 0.99374 0)
(0.00706884 0.984152 0)
(0.0116932 0.965002 0)
(0.0162255 0.936496 0)
(0.0205893 0.898931 0)
(0.024763 0.852688 0)
(0.0286941 0.798224 0)
(0.0323526 0.736076 0)
(0.0357008 0.666853 0)
(0.0387088 0.591231 0)
(0.0413467 0.509949 0)
(0.0435895 0.423804 0)
(0.045416 0.333649 0)
(0.0468142 0.24039 0)
(0.0477724 0.145002 0)
(0.0483231 0.0484986 0)
(0.0484986 -0.0483231 0)
(0.0482423 -0.144822 0)
(0.0474509 -0.240209 0)
(0.0461709 -0.333483 0)
(0.0444163 -0.423654 0)
(0.042209 -0.509811 0)
(0.0395764 -0.591102 0)
(0.0365478 -0.66673 0)
(0.0331539 -0.735957 0)
(0.0294307 -0.798107 0)
(0.0254136 -0.852575 0)
(0.0211491 -0.89882 0)
(0.0166687 -0.936386 0)
(0.0120353 -0.964892 0)
(0.0072615 -0.984041 0)
(0.00243977 -0.993626 0)
(-0.00721112 -0.983964 0)
(-0.0215242 -0.974477 0)
(-0.0356516 -0.955515 0)
(-0.0494073 -0.927287 0)
(-0.0626896 -0.890084 0)
(-0.0753519 -0.844286 0)
(-0.0872789 -0.790345 0)
(-0.0983489 -0.728796 0)
(-0.108454 -0.66024 0)
(-0.117492 -0.585345 0)
(-0.125374 -0.504844 0)
(-0.132016 -0.419526 0)
(-0.137348 -0.330238 0)
(-0.14132 -0.237885 0)
(-0.143884 -0.143422 0)
(-0.145002 -0.0477724 0)
(-0.144822 0.0482423 0)
(-0.143422 0.143884 0)
(-0.140691 0.238348 0)
(-0.136608 0.330677 0)
(-0.131202 0.419933 0)
(-0.124521 0.505224 0)
(-0.116632 0.585705 0)
(-0.107613 0.660585 0)
(-0.0975513 0.729131 0)
(-0.0865443 0.790672 0)
(-0.0747009 0.844604 0)
(-0.0621287 0.890397 0)
(-0.0489618 0.927596 0)
(-0.035308 0.955826 0)
(-0.0213303 0.974791 0)
(-0.00712407 0.984287 0)
(0.00712407 0.984287 0)
(0.0213303 0.974791 0)
(0.035308 0.955826 0)
(0.0489618 0.927596 0)
(0.0621287 0.890397 0)
(0.0747009 0.844604 0)
(0.0865443 0.790672 0)
(0.0975513 0.729131 0)
(0.107613 0.660585 0)
(0.116632 0.585705 0)
(0.124521 0.505224 0)
(0.131202 0.419933 0)
(0.136608 0.330677 0)
(0.140691 0.238348 0)
(0.143422 0.143884 0)
(0.144822 0.0482423 0)
(0.145002 -0.0477724 0)
(0.143884 -0.143422 0)
(0.14132 -0.237885 0)
(0.137348 -0.330238 0)
(0.132016 -0.419526 0)
(0.125374 -0.504844 0)
(0.117492 -0.585345 0)
(0.108454 -0.66024 0)
(0.0983489 -0.728796 0)
(0.0872789 -0.790345 0)
(0.0753519 -0.844286 0)
(0.0626896 -0.890084 0)
(0.0494073 -0.927287 0)
(0.0356516 -0.955515 0)
(0.0215242 -0.974477 0)
(0.00721112 -0.983964 0)
(-0.0119149 -0.964845 0)
(-0.0355839 -0.955548 0)
(-0.0589317 -0.93696 0)
(-0.0816795 -0.909284 0)
(-0.103638 -0.872805 0)
(-0.124579 -0.827897 0)
(-0.144304 -0.775007 0)
(-0.162618 -0.714657 0)
(-0.179342 -0.647437 0)
(-0.194311 -0.574004 0)
(-0.207378 -0.495076 0)
(-0.218409 -0.411428 0)
(-0.227298 -0.323891 0)
(-0.233969 -0.233343 0)
(-0.238348 -0.140691 0)
(-0.24039 -0.0468142 0)
(-0.240209 0.0474509 0)
(-0.237885 0.14132 0)
(-0.233343 0.233969 0)
(-0.226572 0.324496 0)
(-0.217609 0.412004 0)
(-0.206537 0.495624 0)
(-0.193461 0.57453 0)
(-0.178507 0.647947 0)
(-0.161823 0.715156 0)
(-0.143569 0.775497 0)
(-0.123924 0.828378 0)
(-0.103073 0.873279 0)
(-0.0812275 0.909754 0)
(-0.0585834 0.937436 0)
(-0.0353863 0.956032 0)
(-0.0118256 0.965346 0)
(0.0118256 0.965346 0)
(0.0353863 0.956032 0)
(0.0585834 0.937436 0)
(0.0812275 0.909754 0)
(0.103073 0.873279 0)
(0.123924 0.828378 0)
(0.143569 0.775497 0)
(0.161823 0.715156 0)
(0.178507 0.647947 0)
(0.193461 0.57453 0)
(0.206537 0.495624 0)
(0.217609 0.412004 0)
(0.226572 0.324496 0)
(0.233343 0.233969 0)
(0.237885 0.14132 0)
(0.240209 0.0474509 0)
(0.24039 -0.0468142 0)
(0.238348 -0.140691 0)
(0.233969 -0.233343 0)
(0.227298 -0.323891 0)
(0.218409 -0.411428 0)
(0.207378 -0.495076 0)
(0.194311 -0.574004 0)
(0.179342 -0.647437 0)
(0.162618 -0.714657 0)
(0.144304 -0.775007 0)
(0.124579 -0.827897 0)
(0.103638 -0.872805 0)
(0.0816795 -0.909284 0)
(0.0589317 -0.93696 0)
(0.0355839 -0.955548 0)
(0.0119149 -0.964845 0)
(-0.0165061 -0.936446 0)
(-0.0493063 -0.92743 0)
(-0.0816533 -0.909398 0)
(-0.113178 -0.882542 0)
(-0.143605 -0.847142 0)
(-0.172625 -0.80356 0)
(-0.199964 -0.752232 0)
(-0.225351 -0.693665 0)
(-0.248541 -0.628433 0)
(-0.269306 -0.557171 0)
(-0.287445 -0.480579 0)
(-0.302778 -0.399406 0)
(-0.315165 -0.314456 0)
(-0.324496 -0.226572 0)
(-0.330677 -0.136608 0)
(-0.333649 -0.045416 0)
(-0.333483 0.0461709 0)
(-0.330238 0.137348 0)
(-0.323891 0.227298 0)
(-0.314456 0.315165 0)
(-0.301996 0.40009 0)
(-0.286618 0.481239 0)
(-0.268465 0.557813 0)
(-0.247711 0.629062 0)
(-0.224556 0.694286 0)
(-0.199225 0.752847 0)
(-0.171962 0.804168 0)
(-0.143029 0.847745 0)
(-0.112714 0.883145 0)
(-0.0812965 0.910012 0)
(-0.0491021 0.92806 0)
(-0.0164134 0.9371 0)
(0.0164134 0.9371 0)
(0.0491021 0.92806 0)
(0.0812965 0.910012 0)
(0.112714 0.883145 0)
(0.143029 0.847745 0)
(0.171962 0.804168 0)
(0.199225 0.752847 0)
(0.224556 0.694286 0)
(0.247711 0.629062 0)
(0.268465 0.557813 0)
(0.286618 0.481239 0)
(0.301996 0.40009 0)
(0.314456 0.315165 0)
(0.323891 0.227298 0)
(0.330238 0.137348 0)
(0.333483 0.0461709 0)
(0.333649 -0.045416 0)
(0.330677 -0.136608 0)
(0.324496 -0.226572 0)
(0.315165 -0.314456 0)
(0.302778 -0.399406 0)
(0.287445 -0.480579 0)
(0.269306 -0.557171 0)
(0.248541 -0.628433 0)
(0.225351 -0.693665 0)
(0.199964 -0.752232 0)
(0.172625 -0.80356 0)
(0.143605 -0.847142 0)
(0.113178 -0.882542 0)
(0.0816533 -0.909398 0)
(0.0493063 -0.92743 0)
(0.0165061 -0.936446 0)
(-0.0209408 -0.899036 0)
(-0.0625603 -0.890391 0)
(-0.103599 -0.873088 0)
(-0.1436 -0.847314 0)
(-0.182208 -0.813336 0)
(-0.219033 -0.771502 0)
(-0.253726 -0.722231 0)
(-0.285948 -0.666012 0)
(-0.315388 -0.603395 0)
(-0.34176 -0.534992 0)
(-0.364808 -0.46147 0)
(-0.384311 -0.383549 0)
(-0.40009 -0.301996 0)
(-0.412004 -0.217609 0)
(-0.419933 -0.131202 0)
(-0.423804 -0.0435895 0)
(-0.423654 0.0444163 0)
(-0.419526 0.132016 0)
(-0.411428 0.218409 0)
(-0.399406 0.302778 0)
(-0.383549 0.384311 0)
(-0.363996 0.462212 0)
(-0.340927 0.535721 0)
(-0.314561 0.604117 0)
(-0.28515 0.666729 0)
(-0.252978 0.722946 0)
(-0.218356 0.772213 0)
(-0.181617 0.814047 0)
(-0.143121 0.848032 0)
(-0.10323 0.873823 0)
(-0.0623464 0.891148 0)
(-0.0208438 0.899828 0)
(0.0208438 0.899828 0)
(0.0623464 0.891148 0)
(0.10323 0.873823 0)
(0.143121 0.848032 0)
(0.181617 0.814047 0)
(0.218356 0.772213 0)
(0.252978 0.722946 0)
(0.28515 0.666729 0)
(0.314561 0.604117 0)
(0.340927 0.535721 0)
(0.363996 0.462212 0)
(0.383549 0.384311 0)
(0.399406 0.302778 0)
(0.411428 0.218409 0)
(0.419526 0.132016 0)
(0.423654 0.0444163 0)
(0.423804 -0.0435895 0)
(0.419933 -0.131202 0)
(0.412004 -0.217609 0)
(0.40009 -0.301996 0)
(0.384311 -0.383549 0)
(0.364808 -0.46147 0)
(0.34176 -0.534992 0)
(0.315388 -0.603395 0)
(0.285948 -0.666012 0)
(0.253726 -0.722231 0)
(0.219033 -0.771502 0)
(0.182208 -0.813336 0)
(0.1436 -0.847314 0)
(0.103599 -0.873088 0)
(0.0625603 -0.890391 0)
(0.0209408 -0.899036 0)
(-0.0251766 -0.852971 0)
(-0.0752187 -0.844782 0)
(-0.124559 -0.828378 0)
(-0.172656 -0.803935 0)
(-0.219076 -0.771708 0)
(-0.263357 -0.732025 0)
(-0.305076 -0.685287 0)
(-0.343829 -0.631956 0)
(-0.379243 -0.572557 0)
(-0.410975 -0.507667 0)
(-0.438719 -0.43792 0)
(-0.462212 -0.363996 0)
(-0.481239 -0.286618 0)
(-0.495624 -0.206537 0)
(-0.505224 -0.124521 0)
(-0.509949 -0.0413467 0)
(-0.509811 0.042209 0)
(-0.504844 0.125374 0)
(-0.495076 0.207378 0)
(-0.480579 0.287445 0)
(-0.46147 0.364808 0)
(-0.43792 0.438719 0)
(-0.410147 0.508459 0)
(-0.378414 0.573346 0)
(-0.343022 0.632747 0)
(-0.304314 0.686079 0)
(-0.262661 0.73282 0)
(-0.218466 0.772509 0)
(-0.172156 0.804751 0)
(-0.124173 0.829219 0)
(-0.0749921 0.845653 0)
(-0.0250743 0.853888 0)
(0.0250743 0.853888 0)
(0.0749921 0.845653 0)
(0.124173 0.829219 0)
(0.172156 0.804751 0)
(0.218466 0.772509 0)
(0.262661 0.73282 0)
(0.304314 0.686079 0)
(0.343022 0.632747 0)
(0.378414 0.573346 0)
(0.410147 0.508459 0)
(0.43792 0.438719 0)
(0.46147 0.364808 0)
(0.480579 0.287445 0)
(0.495076 0.207378 0)
(0.504844 0.125374 0)
(0.509811 0.042209 0)
(0.509949 -0.0413467 0)
(0.505224 -0.124521 0)
(0.495624 -0.206537 0)
(0.481239 -0.286618 0)
(0.462212 -0.363996 0)
(0.438719 -0.43792 0)
(0.410975 -0.507667 0)
(0.379243 -0.572557 0)
(0.343829 -0.631956 0)
(0.305076 -0.685287 0)
(0.263357 -0.732025 0)
(0.219076 -0.771708 0)
(0.172656 -0.803935 0)
(0.124559 -0.828378 0)
(0.0752187 -0.844782 0)
(0.0251766 -0.852971 0)
(-0.0291726 -0.798693 0)
(-0.0871596 -0.791039 0)
(-0.144331 -0.775694 0)
(-0.200066 -0.75282 0)
(-0.253856 -0.722653 0)
(-0.30517 -0.685505 0)
(-0.353519 -0.641748 0)
(-0.398434 -0.591819 0)
(-0.439486 -0.536206 0)
(-0.476279 -0.475452 0)
(-0.508459 -0.410147 0)
(-0.535721 -0.340927 0)
(-0.557813 -0.268465 0)
(-0.57453 -0.193461 0)
(-0.585705 -0.116632 0)
(-0.591231 -0.0387088 0)
(-0.591102 0.0395764 0)
(-0.585345 0.117492 0)
(-0.574004 0.194311 0)
(-0.557171 0.269306 0)
(-0.534992 0.34176 0)
(-0.507667 0.410975 0)
(-0.475452 0.476279 0)
(-0.438651 0.537037 0)
(-0.397614 0.592658 0)
(-0.352737 0.642596 0)
(-0.304451 0.686362 0)
(-0.253221 0.723526 0)
(-0.19954 0.753715 0)
(-0.143924 0.776622 0)
(-0.0869173 0.792007 0)
(-0.0290641 0.799718 0)
(0.0290641 0.799718 0)
(0.0869173 0.792007 0)
(0.143924 0.776622 0)
(0.19954 0.753715 0)
(0.253221 0.723526 0)
(0.304451 0.686362 0)
(0.352737 0.642596 0)
(0.397614 0.592658 0)
(0.438651 0.537037 0)
(0.475452 0.476279 0)
(0.507667 0.410975 0)
(0.534992 0.34176 0)
(0.557171 0.269306 0)
(0.574004 0.194311 0)
(0.585345 0.117492 0)
(0.591102 0.0395764 0)
(0.591231 -0.0387088 0)
(0.585705 -0.116632 0)
(0.57453 -0.193461 0)
(0.557813 -0.268465 0)
(0.535721 -0.340927 0)
(0.508459 -0.410147 0)
(0.476279 -0.475452 0)
(0.439486 -0.536206 0)
(0.398434 -0.591819 0)
(0.353519 -0.641748 0)
(0.30517 -0.685505 0)
(0.253856 -0.722653 0)
(0.200066 -0.75282 0)
(0.144331 -0.775694 0)
(0.0871596 -0.791039 0)
(0.0291726 -0.798693 0)
(-0.0328904 -0.736723 0)
(-0.0982678 -0.729679 0)
(-0.162724 -0.71554 0)
(-0.225564 -0.694455 0)
(-0.286211 -0.666642 0)
(-0.344069 -0.632385 0)
(-0.398585 -0.592031 0)
(-0.449236 -0.545981 0)
(-0.495535 -0.494688 0)
(-0.537037 -0.438651 0)
(-0.573346 -0.378414 0)
(-0.604117 -0.314561 0)
(-0.629062 -0.247711 0)
(-0.647947 -0.178507 0)
(-0.660585 -0.107613 0)
(-0.666853 -0.0357008 0)
(-0.66673 0.0365478 0)
(-0.66024 0.108454 0)
(-0.647437 0.179342 0)
(-0.628433 0.248541 0)
(-0.603395 0.315388 0)
(-0.572557 0.379243 0)
(-0.536206 0.439486 0)
(-0.494688 0.495535 0)
(-0.448398 0.546842 0)
(-0.39778 0.592908 0)
(-0.343322 0.633281 0)
(-0.285546 0.667562 0)
(-0.225009 0.695408 0)
(-0.162292 0.716535 0)
(-0.0980062 0.730723 0)
(-0.0327745 0.737836 0)
(0.0327745 0.737836 0)
(0.0980062 0.730723 0)
(0.162292 0.716535 0)
(0.225009 0.695408 0)
(0.285546 0.667562 0)
(0.343322 0.633281 0)
(0.39778 0.592908 0)
(0.448398 0.546842 0)
(0.494688 0.495535 0)
(0.536206 0.439486 0)
(0.572557 0.379243 0)
(0.603395 0.315388 0)
(0.628433 0.248541 0)
(0.647437 0.179342 0)
(0.66024 0.108454 0)
(0.66673 0.0365478 0)
(0.666853 -0.0357008 0)
(0.660585 -0.107613 0)
(0.647947 -0.178507 0)
(0.629062 -0.247711 0)
(0.604117 -0.314561 0)
(0.573346 -0.378414 0)
(0.537037 -0.438651 0)
(0.495535 -0.494688 0)
(0.449236 -0.545981 0)
(0.398585 -0.592031 0)
(0.344069 -0.632385 0)
(0.286211 -0.666642 0)
(0.225564 -0.694455 0)
(0.162724 -0.71554 0)
(0.0982678 -0.729679 0)
(0.0328904 -0.736723 0)
(-0.036294 -0.667655 0)
(-0.108436 -0.661289 0)
(-0.17956 -0.648493 0)
(-0.248903 -0.629402 0)
(-0.315828 -0.604209 0)
(-0.379676 -0.573173 0)
(-0.439839 -0.536609 0)
(-0.49574 -0.49488 0)
(-0.546842 -0.448398 0)
(-0.592658 -0.397614 0)
(-0.632747 -0.343022 0)
(-0.666729 -0.28515 0)
(-0.694286 -0.224556 0)
(-0.715156 -0.161823 0)
(-0.729131 -0.0975513 0)
(-0.736076 -0.0323526 0)
(-0.735957 0.0331539 0)
(-0.728796 0.0983489 0)
(-0.714657 0.162618 0)
(-0.693665 0.225351 0)
(-0.666012 0.285948 0)
(-0.631956 0.343829 0)
(-0.591819 0.398434 0)
(-0.545981 0.449236 0)
(-0.49488 0.49574 0)
(-0.439007 0.537492 0)
(-0.378896 0.574084 0)
(-0.315128 0.605154 0)
(-0.248313 0.630389 0)
(-0.179097 0.649532 0)
(-0.10815 0.662387 0)
(-0.0361692 0.668834 0)
(0.0361692 0.668834 0)
(0.10815 0.662387 0)
(0.179097 0.649532 0)
(0.248313 0.630389 0)
(0.315128 0.605154 0)
(0.378896 0.574084 0)
(0.439007 0.537492 0)
(0.49488 0.49574 0)
(0.545981 0.449236 0)
(0.591819 0.398434 0)
(0.631956 0.343829 0)
(0.666012 0.285948 0)
(0.693665 0.225351 0)
(0.714657 0.162618 0)
(0.728796 0.0983489 0)
(0.735957 0.0331539 0)
(0.736076 -0.0323526 0)
(0.729131 -0.0975513 0)
(0.715156 -0.161823 0)
(0.694286 -0.224556 0)
(0.666729 -0.28515 0)
(0.632747 -0.343022 0)
(0.592658 -0.397614 0)
(0.546842 -0.448398 0)
(0.49574 -0.49488 0)
(0.439839 -0.536609 0)
(0.379676 -0.573173 0)
(0.315828 -0.604209 0)
(0.248903 -0.629402 0)
(0.17956 -0.648493 0)
(0.108436 -0.661289 0)
(0.036294 -0.667655 0)
(-0.0393504 -0.592157 0)
(-0.117564 -0.586529 0)
(-0.194674 -0.575199 0)
(-0.269856 -0.558283 0)
(-0.342416 -0.535953 0)
(-0.411644 -0.508437 0)
(-0.476878 -0.476014 0)
(-0.537492 -0.439007 0)
(-0.592908 -0.39778 0)
(-0.642596 -0.352737 0)
(-0.686079 -0.304314 0)
(-0.722946 -0.252978 0)
(-0.752847 -0.199225 0)
(-0.775497 -0.143569 0)
(-0.790672 -0.0865443 0)
(-0.798224 -0.0286941 0)
(-0.798107 0.0294307 0)
(-0.790345 0.0872789 0)
(-0.775007 0.144304 0)
(-0.752232 0.199964 0)
(-0.722231 0.253726 0)
(-0.685287 0.305076 0)
(-0.641748 0.353519 0)
(-0.592031 0.398585 0)
(-0.536609 0.439839 0)
(-0.476014 0.476878 0)
(-0.410827 0.509337 0)
(-0.341676 0.536896 0)
(-0.269225 0.559278 0)
(-0.194173 0.576254 0)
(-0.11725 0.587654 0)
(-0.0392145 0.593374 0)
(0.0392145 0.593374 0)
(0.11725 0.587654 0)
(0.194173 0.576254 0)
(0.269225 0.559278 0)
(0.341676 0.536896 0)
(0.410827 0.509337 0)
(0.476014 0.476878 0)
(0.536609 0.439839 0)
(0.592031 0.398585 0)
(0.641748 0.353519 0)
(0.685287 0.305076 0)
(0.722231 0.253726 0)
(0.752232 0.199964 0)
(0.775007 0.144304 0)
(0.790345 0.0872789 0)
(0.798107 0.0294307 0)
(0.798224 -0.0286941 0)
(0.790672 -0.0865443 0)
(0.775497 -0.143569 0)
(0.752847 -0.199225 0)
(0.722946 -0.252978 0)
(0.686079 -0.304314 0)
(0.642596 -0.352737 0)
(0.592908 -0.39778 0)
(0.537492 -0.439007 0)
(0.476878 -0.476014 0)
(0.411644 -0.508437 0)
(0.342416 -0.535953 0)
(0.269856 -0.558283 0)
(0.194674 -0.575199 0)
(0.117564 -0.586529 0)
(0.0393504 -0.592157 0)
(-0.0420297 -0.510959 0)
(-0.125564 -0.506122 0)
(-0.207918 -0.496364 0)
(-0.288217 -0.481786 0)
(-0.365716 -0.462532 0)
(-0.439658 -0.438799 0)
(-0.509337 -0.410827 0)
(-0.574084 -0.378896 0)
(-0.633281 -0.343322 0)
(-0.686362 -0.304451 0)
(-0.73282 -0.262661 0)
(-0.772213 -0.218356 0)
(-0.804168 -0.171962 0)
(-0.828378 -0.123924 0)
(-0.844604 -0.0747009 0)
(-0.852688 -0.024763 0)
(-0.852575 0.0254136 0)
(-0.844286 0.0753519 0)
(-0.827897 0.124579 0)
(-0.80356 0.172625 0)
(-0.771502 0.219033 0)
(-0.732025 0.263357 0)
(-0.685505 0.30517 0)
(-0.632385 0.344069 0)
(-0.573173 0.379676 0)
(-0.508437 0.411644 0)
(-0.438799 0.439658 0)
(-0.364928 0.463442 0)
(-0.287537 0.482756 0)
(-0.207372 0.497404 0)
(-0.125215 0.507241 0)
(-0.04188 0.512179 0)
(0.04188 0.512179 0)
(0.125215 0.507241 0)
(0.207372 0.497404 0)
(0.287537 0.482756 0)
(0.364928 0.463442 0)
(0.438799 0.439658 0)
(0.508437 0.411644 0)
(0.573173 0.379676 0)
(0.632385 0.344069 0)
(0.685505 0.30517 0)
(0.732025 0.263357 0)
(0.771502 0.219033 0)
(0.80356 0.172625 0)
(0.827897 0.124579 0)
(0.844286 0.0753519 0)
(0.852575 0.0254136 0)
(0.852688 -0.024763 0)
(0.844604 -0.0747009 0)
(0.828378 -0.123924 0)
(0.804168 -0.171962 0)
(0.772213 -0.218356 0)
(0.73282 -0.262661 0)
(0.686362 -0.304451 0)
(0.633281 -0.343322 0)
(0.574084 -0.378896 0)
(0.509337 -0.410827 0)
(0.439658 -0.438799 0)
(0.365716 -0.462532 0)
(0.288217 -0.481786 0)
(0.207918 -0.496364 0)
(0.125564 -0.506122 0)
(0.0420297 -0.510959 0)
(-0.0443056 -0.424848 0)
(-0.132357 -0.420846 0)
(-0.219162 -0.412752 0)
(-0.303804 -0.400647 0)
(-0.385496 -0.384652 0)
(-0.463442 -0.364928 0)
(-0.536896 -0.341676 0)
(-0.605154 -0.315128 0)
(-0.667562 -0.285546 0)
(-0.723526 -0.253221 0)
(-0.772509 -0.218466 0)
(-0.814047 -0.181617 0)
(-0.847745 -0.143029 0)
(-0.873279 -0.103073 0)
(-0.890397 -0.0621287 0)
(-0.898931 -0.0205893 0)
(-0.89882 0.0211491 0)
(-0.890084 0.0626896 0)
(-0.872805 0.103638 0)
(-0.847142 0.143605 0)
(-0.813336 0.182208 0)
(-0.771708 0.219076 0)
(-0.722653 0.253856 0)
(-0.666642 0.286211 0)
(-0.604209 0.315828 0)
(-0.535953 0.342416 0)
(-0.462532 0.365716 0)
(-0.384652 0.385496 0)
(-0.303065 0.401558 0)
(-0.21856 0.413739 0)
(-0.131964 0.421922 0)
(-0.0441387 0.42603 0)
(0.0441387 0.42603 0)
(0.131964 0.421922 0)
(0.21856 0.413739 0)
(0.303065 0.401558 0)
(0.384652 0.385496 0)
(0.462532 0.365716 0)
(0.535953 0.342416 0)
(0.604209 0.315828 0)
(0.666642 0.286211 0)
(0.722653 0.253856 0)
(0.771708 0.219076 0)
(0.813336 0.182208 0)
(0.847142 0.143605 0)
(0.872805 0.103638 0)
(0.890084 0.0626896 0)
(0.89882 0.0211491 0)
(0.898931 -0.0205893 0)
(0.890397 -0.0621287 0)
(0.873279 -0.103073 0)
(0.847745 -0.143029 0)
(0.814047 -0.181617 0)
(0.772509 -0.218466 0)
(0.723526 -0.253221 0)
(0.667562 -0.285546 0)
(0.605154 -0.315128 0)
(0.536896 -0.341676 0)
(0.463442 -0.364928 0)
(0.385496 -0.384652 0)
(0.303804 -0.400647 0)
(0.219162 -0.412752 0)
(0.132357 -0.420846 0)
(0.0443056 -0.424848 0)
(-0.0461556 -0.334663 0)
(-0.137874 -0.33153 0)
(-0.228292 -0.325172 0)
(-0.31646 -0.315652 0)
(-0.401558 -0.303065 0)
(-0.482756 -0.287537 0)
(-0.559278 -0.269225 0)
(-0.630389 -0.248313 0)
(-0.695408 -0.225009 0)
(-0.753715 -0.19954 0)
(-0.804751 -0.172156 0)
(-0.848032 -0.143121 0)
(-0.883145 -0.112714 0)
(-0.909754 -0.0812275 0)
(-0.927596 -0.0489618 0)
(-0.936496 -0.0162255 0)
(-0.936386 0.0166687 0)
(-0.927287 0.0494073 0)
(-0.909284 0.0816795 0)
(-0.882542 0.113178 0)
(-0.847314 0.1436 0)
(-0.803935 0.172656 0)
(-0.75282 0.200066 0)
(-0.694455 0.225564 0)
(-0.629402 0.248903 0)
(-0.558283 0.269856 0)
(-0.481786 0.288217 0)
(-0.400647 0.303804 0)
(-0.315652 0.31646 0)
(-0.227625 0.326061 0)
(-0.13743 0.332512 0)
(-0.0459674 0.335752 0)
(0.0459674 0.335752 0)
(0.13743 0.332512 0)
(0.227625 0.326061 0)
(0.315652 0.31646 0)
(0.400647 0.303804 0)
(0.481786 0.288217 0)
(0.558283 0.269856 0)
(0.629402 0.248903 0)
(0.694455 0.225564 0)
(0.75282 0.200066 0)
(0.803935 0.172656 0)
(0.847314 0.1436 0)
(0.882542 0.113178 0)
(0.909284 0.0816795 0)
(0.927287 0.0494073 0)
(0.936386 0.0166687 0)
(0.936496 -0.0162255 0)
(0.927596 -0.0489618 0)
(0.909754 -0.0812275 0)
(0.883145 -0.112714 0)
(0.848032 -0.143121 0)
(0.804751 -0.172156 0)
(0.753715 -0.19954 0)
(0.695408 -0.225009 0)
(0.630389 -0.248313 0)
(0.559278 -0.269225 0)
(0.482756 -0.287537 0)
(0.401558 -0.303065 0)
(0.31646 -0.315652 0)
(0.228292 -0.325172 0)
(0.137874 -0.33153 0)
(0.0461556 -0.334663 0)
(-0.0475616 -0.241284 0)
(-0.142063 -0.239043 0)
(-0.23522 -0.234475 0)
(-0.326061 -0.227625 0)
(-0.413739 -0.21856 0)
(-0.497404 -0.207372 0)
(-0.576254 -0.194173 0)
(-0.649532 -0.179097 0)
(-0.716535 -0.162292 0)
(-0.776622 -0.143924 0)
(-0.829219 -0.124173 0)
(-0.873823 -0.10323 0)
(-0.910012 -0.0812965 0)
(-0.937436 -0.0585834 0)
(-0.955826 -0.035308 0)
(-0.965002 -0.0116932 0)
(-0.964892 0.0120353 0)
(-0.955515 0.0356516 0)
(-0.93696 0.0589317 0)
(-0.909398 0.0816533 0)
(-0.873088 0.103599 0)
(-0.828378 0.124559 0)
(-0.775694 0.144331 0)
(-0.71554 0.162724 0)
(-0.648493 0.17956 0)
(-0.575199 0.194674 0)
(-0.496364 0.207918 0)
(-0.412752 0.219162 0)
(-0.325172 0.228292 0)
(-0.234475 0.23522 0)
(-0.141556 0.239879 0)
(-0.0473468 0.24222 0)
(0.0473468 0.24222 0)
(0.141556 0.239879 0)
(0.234475 0.23522 0)
(0.325172 0.228292 0)
(0.412752 0.219162 0)
(0.496364 0.207918 0)
(0.575199 0.194674 0)
(0.648493 0.17956 0)
(0.71554 0.162724 0)
(0.775694 0.144331 0)
(0.828378 0.124559 0)
(0.873088 0.103599 0)
(0.909398 0.0816533 0)
(0.93696 0.0589317 0)
(0.955515 0.0356516 0)
(0.964892 0.0120353 0)
(0.965002 -0.0116932 0)
(0.955826 -0.035308 0)
(0.937436 -0.0585834 0)
(0.910012 -0.0812965 0)
(0.873823 -0.10323 0)
(0.829219 -0.124173 0)
(0.776622 -0.143924 0)
(0.716535 -0.162292 0)
(0.649532 -0.179097 0)
(0.576254 -0.194173 0)
(0.497404 -0.207372 0)
(0.413739 -0.21856 0)
(0.326061 -0.227625 0)
(0.23522 -0.234475 0)
(0.142063 -0.239043 0)
(0.0475616 -0.241284 0)
(-0.0485093 -0.145642 0)
(-0.144882 -0.144302 0)
(-0.239879 -0.141556 0)
(-0.332512 -0.13743 0)
(-0.421922 -0.131964 0)
(-0.507241 -0.125215 0)
(-0.587654 -0.11725 0)
(-0.662387 -0.10815 0)
(-0.730723 -0.0980062 0)
(-0.792007 -0.0869173 0)
(-0.845653 -0.0749921 0)
(-0.891148 -0.0623464 0)
(-0.92806 -0.0491021 0)
(-0.956032 -0.0353863 0)
(-0.974791 -0.0213303 0)
(-0.984152 -0.00706884 0)
(-0.984041 0.0072615 0)
(-0.974477 0.0215242 0)
(-0.955548 0.0355839 0)
(-0.92743 0.0493063 0)
(-0.890391 0.0625603 0)
(-0.844782 0.0752187 0)
(-0.791039 0.0871596 0)
(-0.729679 0.0982678 0)
(-0.661289 0.108436 0)
(-0.586529 0.117564 0)
(-0.506122 0.125564 0)
(-0.420846 0.132357 0)
(-0.33153 0.137874 0)
(-0.239043 0.142063 0)
(-0.144302 0.144882 0)
(-0.0482632 0.146301 0)
(0.0482632 0.146301 0)
(0.144302 0.144882 0)
(0.239043 0.142063 0)
(0.33153 0.137874 0)
(0.420846 0.132357 0)
(0.506122 0.125564 0)
(0.586529 0.117564 0)
(0.661289 0.108436 0)
(0.729679 0.0982678 0)
(0.791039 0.0871596 0)
(0.844782 0.0752187 0)
(0.890391 0.0625603 0)
(0.92743 0.0493063 0)
(0.955548 0.0355839 0)
(0.974477 0.0215242 0)
(0.984041 0.0072615 0)
(0.984152 -0.00706884 0)
(0.974791 -0.0213303 0)
(0.956032 -0.0353863 0)
(0.92806 -0.0491021 0)
(0.891148 -0.0623464 0)
(0.845653 -0.0749921 0)
(0.792007 -0.0869173 0)
(0.730723 -0.0980062 0)
(0.662387 -0.10815 0)
(0.587654 -0.11725 0)
(0.507241 -0.125215 0)
(0.421922 -0.131964 0)
(0.332512 -0.13743 0)
(0.239879 -0.141556 0)
(0.144882 -0.144302 0)
(0.0485093 -0.145642 0)
(-0.0489868 -0.0487074 0)
(-0.146301 -0.0482632 0)
(-0.24222 -0.0473468 0)
(-0.335752 -0.0459674 0)
(-0.42603 -0.0441387 0)
(-0.512179 -0.04188 0)
(-0.593374 -0.0392145 0)
(-0.668834 -0.0361692 0)
(-0.737836 -0.0327745 0)
(-0.799718 -0.0290641 0)
(-0.853888 -0.0250743 0)
(-0.899828 -0.0208438 0)
(-0.9371 -0.0164134 0)
(-0.965346 -0.0118256 0)
(-0.984287 -0.00712407 0)
(-0.99374 -0.0023538 0)
(-0.993626 0.00243977 0)
(-0.983964 0.00721112 0)
(-0.964845 0.0119149 0)
(-0.936446 0.0165061 0)
(-0.899036 0.0209408 0)
(-0.852971 0.0251766 0)
(-0.798693 0.0291726 0)
(-0.736723 0.0328904 0)
(-0.667655 0.036294 0)
(-0.592157 0.0393504 0)
(-0.510959 0.0420297 0)
(-0.424848 0.0443056 0)
(-0.334663 0.0461556 0)
(-0.241284 0.0475616 0)
(-0.145642 0.0485093 0)
(-0.0487074 0.0489868 0)
(0.0487074 0.0489868 0)
(0.145642 0.0485093 0)
(0.241284 0.0475616 0)
(0.334663 0.0461556 0)
(0.424848 0.0443056 0)
(0.510959 0.0420297 0)
(0.592157 0.0393504 0)
(0.667655 0.036294 0)
(0.736723 0.0328904 0)
(0.798693 0.0291726 0)
(0.852971 0.0251766 0)
(0.899036 0.0209408 0)
(0.936446 0.0165061 0)
(0.964845 0.0119149 0)
(0.983964 0.00721112 0)
(0.993626 0.00243977 0)
(0.99374 -0.0023538 0)
(0.984287 -0.00712407 0)
(0.965346 -0.0118256 0)
(0.9371 -0.0164134 0)
(0.899828 -0.0208438 0)
(0.853888 -0.0250743 0)
(0.799718 -0.0290641 0)
(0.737836 -0.0327745 0)
(0.668834 -0.0361692 0)
(0.593374 -0.0392145 0)
(0.512179 -0.04188 0)
(0.42603 -0.0441387 0)
(0.335752 -0.0459674 0)
(0.24222 -0.0473468 0)
(0.146301 -0.0482632 0)
(0.0489868 -0.0487074 0)
(-0.0489868 0.0487074 0)
(-0.146301 0.0482632 0)
(-0.24222 0.0473468 0)
(-0.335752 0.0459674 0)
(-0.42603 0.0441387 0)
(-0.512179 0.04188 0)
(-0.593374 0.0392145 0)
(-0.668834 0.0361692 0)
(-0.737836 0.0327745 0)
(-0.799718 0.0290641 0)
(-0.853888 0.0250743 0)
(-0.899828 0.0208438 0)
(-0.9371 0.0164134 0)
(-0.965346 0.0118256 0)
(-0.984287 0.00712407 0)
(-0.99374 0.0023538 0)
(-0.993626 -0.00243977 0)
(-0.983964 -0.00721112 0)
(-0.964845 -0.0119149 0)
(-0.936446 -0.0165061 0)
(-0.899036 -0.0209408 0)
(-0.852971 -0.0251766 0)
(-0.798693 -0.0291726 0)
(-0.736723 -0.0328904 0)
(-0.667655 -0.036294 0)
(-0.592157 -0.0393504 0)
(-0.510959 -0.0420297 0)
(-0.424848 -0.0443056 0)
(-0.334663 -0.0461556 0)
(-0.241284 -0.0475616 0)
(-0.145642 -0.0485093 0)
(-0.0487074 -0.0489868 0)
(0.0487074 -0.0489868 0)
(0.145642 -0.0485093 0)
(0.241284 -0.0475616 0)
(0.334663 -0.0461556 0)
(0.424848 -0.0443056 0)
(0.510959 -0.0420297 0)
(0.592157 -0.0393504 0)
(0.667655 -0.036294 0)
(0.736723 -0.0328904 0)
(0.798693 -0.0291726 0)
(0.852971 -0.0251766 0)
(0.899036 -0.0209408 0)
(0.936446 -0.0165061 0)
(0.964845 -0.0119149 0)
(0.983964 -0.00721112 0)
(0.993626 -0.00243977 0)
(0.99374 0.0023538 0)
(0.984287 0.00712407 0)
(0.965346 0.0118256 0)
(0.9371 0.0164134 0)
(0.899828 0.0208438 0)
(0.853888 0.0250743 0)
(0.799718 0.0290641 0)
(0.737836 0.0327745 0)
(0.668834 0.0361692 0)
(0.593374 0.0392145 0)
(0.512179 0.04188 0)
(0.42603 0.0441387 0)
(0.335752 0.0459674 0)
(0.24222 0.0473468 0)
(0.146301 0.0482632 0)
(0.0489868 0.0487074 0)
(-0.0485093 0.145642 0)
(-0.144882 0.144302 0)
(-0.239879 0.141556 0)
(-0.332512 0.13743 0)
(-0.421922 0.131964 0)
(-0.507241 0.125215 0)
(-0.587654 0.11725 0)
(-0.662387 0.10815 0)
(-0.730723 0.0980062 0)
(-0.792007 0.0869173 0)
(-0.845653 0.0749921 0)
(-0.891148 0.0623464 0)
(-0.92806 0.0491021 0)
(-0.956032 0.0353863 0)
(-0.974791 0.0213303 0)
(-0.984152 0.00706884 0)
(-0.984041 -0.0072615 0)
(-0.974477 -0.0215242 0)
(-0.955548 -0.0355839 0)
(-0.92743 -0.0493063 0)
(-0.890391 -0.0625603 0)
(-0.844782 -0.0752187 0)
(-0.791039 -0.0871596 0)
(-0.729679 -0.0982678 0)
(-0.661289 -0.108436 0)
(-0.586529 -0.117564 0)
(-0.506122 -0.125564 0)
(-0.420846 -0.132357 0)
(-0.33153 -0.137874 0)
(-0.239043 -0.142063 0)
(-0.144302 -0.144882 0)
(-0.0482632 -0.146301 0)
(0.0482632 -0.146301 0)
(0.144302 -0.144882 0)
(0.239043 -0.142063 0)
(0.33153 -0.137874 0)
(0.420846 -0.132357 0)
(0.506122 -0.125564 0)
(0.586529 -0.117564 0)
(0.661289 -0.108436 0)
(0.729679 -0.0982678 0)
(0.791039 -0.0871596 0)
(0.844782 -0.0752187 0)
(0.890391 -0.0625603 0)
(0.92743 -0.0493063 0)
(0.955548 -0.0355839 0)
(0.974477 -0.0215242 0)
(0.984041 -0.0072615 0)
(0.984152 0.00706884 0)
(0.974791 0.0213303 0)
(0.956032 0.0353863 0)
(0.92806 0.0491021 0)
(0.891148 0.0623464 0)
(0.845653 0.0749921 0)
(0.792007 0.0869173 0)
(0.730723 0.0980062 0)
(0.662387 0.10815 0)
(0.587654 0.11725 0)
(0.507241 0.125215 0)
(0.421922 0.131964 0)
(0.332512 0.13743 0)
(0.239879 0.141556 0)
(0.144882 0.144302 0)
(0.0485093 0.145642 0)
(-0.0475616 0.241284 0)
(-0.142063 0.239043 0)
(-0.23522 0.234475 0)
(-0.326061 0.227625 0)
(-0.413739 0.21856 0)
(-0.497404 0.207372 0)
(-0.576254 0.194173 0)
(-0.649532 0.179097 0)
(-0.716535 0.162292 0)
(-0.776622 0.143924 0)
(-0.829219 0.124173 0)
(-0.873823 0.10323 0)
(-0.910012 0.0812965 0)
(-0.937436 0.0585834 0)
(-0.955826 0.035308 0)
(-0.965002 0.0116932 0)
(-0.964892 -0.0120353 0)
(-0.955515 -0.0356516 0)
(-0.93696 -0.0589317 0)
(-0.909398 -0.0816533 0)
(-0.873088 -0.103599 0)
(-0.828378 -0.124559 0)
(-0.775694 -0.144331 0)
(-0.71554 -0.162724 0)
(-0.648493 -0.17956 0)
(-0.575199 -0.194674 0)
(-0.496364 -0.207918 0)
(-0.412752 -0.219162 0)
(-0.325172 -0.228292 0)
(-0.234475 -0.23522 0)
(-0.141556 -0.239879 0)
(-0.0473468 -0.24222 0)
(0.0473468 -0.24222 0)
(0.141556 -0.239879 0)
(0.234475 -0.23522 0)
(0.325172 -0.228292 0)
(0.412752 -0.219162 0)
(0.496364 -0.207918 0)
(0.575199 -0.194674 0)
(0.648493 -0.17956 0)
(0.71554 -0.162724 0)
(0.775694 -0.144331 0)
(0.828378 -0.124559 0)
(0.873088 -0.103599 0)
(0.909398 -0.0816533 0)
(0.93696 -0.0589317 0)
(0.955515 -0.0356516 0)
(0.964892 -0.0120353 0)
(0.965002 0.0116932 0)
(0.955826 0.035308 0)
(0.937436 0.0585834 0)
(0.910012 0.0812965 0)
(0.873823 0.10323 0)
(0.829219 0.124173 0)
(0.776622 0.143924 0)
(0.716535 0.162292 0)
(0.649532 0.179097 0)
(0.576254 0.194173 0)
(0.497404 0.207372 0)
(0.413739 0.21856 0)
(0.326061 0.227625 0)
(0.23522 0.234475 0)
(0.142063 0.239043 0)
(0.0475616 0.241284 0)
(-0.0461556 0.334663 0)
(-0.137874 0.33153 0)
(-0.228292 0.325172 0)
(-0.31646 0.315652 0)
(-0.401558 0.303065 0)
(-0.482756 0.287537 0)
(-0.559278 0.269225 0)
(-0.630389 0.248313 0)
(-0.695408 0.225009 0)
(-0.753715 0.19954 0)
(-0.804751 0.172156 0)
(-0.848032 0.143121 0)
(-0.883145 0.112714 0)
(-0.909754 0.0812275 0)
(-0.927596 0.0489618 0)
(-0.936496 0.0162255 0)
(-0.936386 -0.0166687 0)
(-0.927287 -0.0494073 0)
(-0.909284 -0.0816795 0)
(-0.882542 -0.113178 0)
(-0.847314 -0.1436 0)
(-0.803935 -0.172656 0)
(-0.75282 -0.200066 0)
(-0.694455 -0.225564 0)
(-0.629402 -0.248903 0)
(-0.558283 -0.269856 0)
(-0.481786 -0.288217 0)
(-0.400647 -0.303804 0)
(-0.315652 -0.31646 0)
(-0.227625 -0.326061 0)
(-0.13743 -0.332512 0)
(-0.0459674 -0.335752 0)
(0.0459674 -0.335752 0)
(0.13743 -0.332512 0)
(0.227625 -0.326061 0)
(0.315652 -0.31646 0)
(0.400647 -0.303804 0)
(0.481786 -0.288217 0)
(0.558283 -0.269856 0)
(0.629402 -0.248903 0)
(0.694455 -0.225564 0)
(0.75282 -0.200066 0)
(0.803935 -0.172656 0)
(0.847314 -0.1436 0)
(0.882542 -0.113178 0)
(0.909284 -0.0816795 0)
(0.927287 -0.0494073 0)
(0.936386 -0.0166687 0)
(0.936496 0.0162255 0)
(0.927596 0.0489618 0)
(0.909754 0.0812275 0)
(0.883145 0.112714 0)
(0.848032 0.143121 0)
(0.804751 0.172156 0)
(0.753715 0.19954 0)
(0.695408 0.225009 0)
(0.630389 0.248313 0)
(0.559278 0.269225 0)
(0.482756 0.287537 0)
(0.401558 0.303065 0)
(0.31646 0.315652 0)
(0.228292 0.325172 0)
(0.137874 0.33153 0)
(0.0461556 0.334663 0)
(-0.0443056 0.424848 0)
(-0.132357 0.420846 0)
(-0.219162 0.412752 0)
(-0.303804 0.400647 0)
(-0.385496 0.384652 0)
(-0.463442 0.364928 0)
(-0.536896 0.341676 0)
(-0.605154 0.315128 0)
(-0.667562 0.285546 0)
(-0.723526 0.253221 0)
(-0.772509 0.218466 0)
(-0.814047 0.181617 0)
(-0.847745 0.143029 0)
(-0.873279 0.103073 0)
(-0.890397 0.0621287 0)
(-0.898931 0.0205893 0)
(-0.89882 -0.0211491 0)
(-0.890084 -0.0626896 0)
(-0.872805 -0.103638 0)
(-0.847142 -0.143605 0)
(-0.813336 -0.182208 0)
(-0.771708 -0.219076 0)
(-0.722653 -0.253856 0)
(-0.666642 -0.286211 0)
(-0.604209 -0.315828 0)
(-0.535953 -0.342416 0)
(-0.462532 -0.365716 0)
(-0.384652 -0.385496 0)
(-0.303065 -0.401558 0)
(-0.21856 -0.413739 0)
(-0.131964 -0.421922 0)
(-0.0441387 -0.42603 0)
(0.0441387 -0.42603 0)
(0.131964 -0.421922 0)
(0.21856 -0.413739 0)
(0.303065 -0.401558 0)
(0.384652 -0.385496 0)
(0.462532 -0.365716 0)
(0.535953 -0.342416 0)
(0.604209 -0.315828 0)
(0.666642 -0.286211 0)
(0.722653 -0.253856 0)
(0.771708 -0.219076 0)
(0.813336 -0.182208 0)
(0.847142 -0.143605 0)
(0.872805 -0.103638 0)
(0.890084 -0.0626896 0)
(0.89882 -0.0211491 0)
(0.898931 0.0205893 0)
(0.890397 0.0621287 0)
(0.873279 0.103073 0)
(0.847745 0.143029 0)
(0.814047 0.181617 0)
(0.772509 0.218466 0)
(0.723526 0.253221 0)
(0.667562 0.285546 0)
(0.605154 0.315128 0)
(0.536896 0.341676 0)
(0.463442 0.364928 0)
(0.385496 0.384652 0)
(0.303804 0.400647 0)
(0.219162 0.412752 0)
(0.132357 0.420846 0)
(0.0443056 0.424848 0)
(-0.0420297 0.510959 0)
(-0.125564 0.506122 0)
(-0.207918 0.496364 0)
(-0.288217 0.481786 0)
(-0.365716 0.462532 0)
(-0.439658 0.438799 0)
(-0.509337 0.410827 0)
(-0.574084 0.378896 0)
(-0.633281 0.343322 0)
(-0.686362 0.304451 0)
(-0.73282 0.262661 0)
(-0.772213 0.218356 0)
(-0.804168 0.171962 0)
(-0.828378 0.123924 0)
(-0.844604 0.0747009 0)
(-0.852688 0.024763 0)
(-0.852575 -0.0254136 0)
(-0.844286 -0.0753519 0)
(-0.827897 -0.124579 0)
(-0.80356 -0.172625 0)
(-0.771502 -0.219033 0)
(-0.732025 -0.263357 0)
(-0.685505 -0.30517 0)
(-0.632385 -0.344069 0)
(-0.573173 -0.379676 0)
(-0.508437 -0.411644 0)
(-0.438799 -0.439658 0)
(-0.364928 -0.463442 0)
(-0.287537 -0.482756 0)
(-0.207372 -0.497404 0)
(-0.125215 -0.507241 0)
(-0.04188 -0.512179 0)
(0.04188 -0.512179 0)
(0.125215 -0.507241 0)
(0.207372 -0.497404 0)
(0.287537 -0.482756 0)
(0.364928 -0.463442 0)
(0.438799 -0.439658 0)
(0.508437 -0.411644 0)
(0.573173 -0.379676 0)
(0.632385 -0.344069 0)
(0.685505 -0.30517 0)
(0.732025 -0.263357 0)
(0.771502 -0.219033 0)
(0.80356 -0.172625 0)
(0.827897 -0.124579 0)
(0.844286 -0.0753519 0)
(0.852575 -0.0254136 0)
(0.852688 0.024763 0)
(0.844604 0.0747009 0)
(0.828378 0.123924 0)
(0.804168 0.171962 0)
(0.772213 0.218356 0)
(0.73282 0.262661 0)
(0.686362 0.304451 0)
(0.633281 0.343322 0)
(0.574084 0.378896 0)
(0.509337 0.410827 0)
(0.439658 0.438799 0)
(0.365716 0.462532 0)
(0.288217 0.481786 0)
(0.207918 0.496364 0)
(0.125564 0.506122 0)
(0.0420297 0.510959 0)
(-0.0393504 0.592157 0)
(-0.117564 0.586529 0)
(-0.194674 0.575199 0)
(-0.269856 0.558283 0)
(-0.342416 0.535953 0)
(-0.411644 0.508437 0)
(-0.476878 0.476014 0)
(-0.537492 0.439007 0)
(-0.592908 0.39778 0)
(-0.642596 0.352737 0)
(-0.686079 0.304314 0)
(-0.722946 0.252978 0)
(-0.752847 0.199225 0)
(-0.775497 0.143569 0)
(-0.790672 0.0865443 0)
(-0.798224 0.0286941 0)
(-0.798107 -0.0294307 0)
(-0.790345 -0.0872789 0)
(-0.775007 -0.144304 0)
(-0.752232 -0.199964 0)
(-0.722231 -0.253726 0)
(-0.685287 -0.305076 0)
(-0.641748 -0.353519 0)
(-0.592031 -0.398585 0)
(-0.536609 -0.439839 0)
(-0.476014 -0.476878 0)
(-0.410827 -0.509337 0)
(-0.341676 -0.536896 0)
(-0.269225 -0.559278 0)
(-0.194173 -0.576254 0)
(-0.11725 -0.587654 0)
(-0.0392145 -0.593374 0)
(0.0392145 -0.593374 0)
(0.11725 -0.587654 0)
(0.194173 -0.576254 0)
(0.269225 -0.559278 0)
(0.341676 -0.536896 0)
(0.410827 -0.509337 0)
(0.476014 -0.476878 0)
(0.536609 -0.439839 0)
(0.592031 -0.398585 0)
(0.641748 -0.353519 0)
(0.685287 -0.305076 0)
(0.722231 -0.253726 0)
(0.752232 -0.199964 0)
(0.775007 -0.144304 0)
(0.790345 -0.0872789 0)
(0.798107 -0.0294307 0)
(0.798224 0.0286941 0)
(0.790672 0.0865443 0)
(0.775497 0.143569 0)
(0.752847 0.199225 0)
(0.722946 0.252978 0)
(0.686079 0.304314 0)
(0.642596 0.352737 0)
(0.592908 0.39778 0)
(0.537492 0.439007 0)
(0.476878 0.476014 0)
(0.411644 0.508437 0)
(0.342416 0.535953 0)
(0.269856 0.558283 0)
(0.194674 0.575199 0)
(0.117564 0.586529 0)
(0.0393504 0.592157 0)
(-0.036294 0.667655 0)
(-0.108436 0.661289 0)
(-0.17956 0.648493 0)
(-0.248903 0.629402 0)
(-0.315828 0.604209 0)
(-0.379676 0.573173 0)
(-0.439839 0.536609 0)
(-0.49574 0.49488 0)
(-0.546842 0.448398 0)
(-0.592658 0.397614 0)
(-0.632747 0.343022 0)
(-0.666729 0.28515 0)
(-0.694286 0.224556 0)
(-0.715156 0.161823 0)
(-0.729131 0.0975513 0)
(-0.736076 0.0323526 0)
(-0.735957 -0.0331539 0)
(-0.728796 -0.0983489 0)
(-0.714657 -0.162618 0)
(-0.693665 -0.225351 0)
(-0.666012 -0.285948 0)
(-0.631956 -0.343829 0)
(-0.591819 -0.398434 0)
(-0.545981 -0.449236 0)
(-0.49488 -0.49574 0)
(-0.439007 -0.537492 0)
(-0.378896 -0.574084 0)
(-0.315128 -0.605154 0)
(-0.248313 -0.630389 0)
(-0.179097 -0.649532 0)
(-0.10815 -0.662387 0)
(-0.0361692 -0.668834 0)
(0.0361692 -0.668834 0)
(0.10815 -0.662387 0)
(0.179097 -0.649532 0)
(0.248313 -0.630389 0)
(0.315128 -0.605154 0)
(0.378896 -0.574084 0)
(0.439007 -0.537492 0)
(0.49488 -0.49574 0)
(0.545981 -0.449236 0)
(0.591819 -0.398434 0)
(0.631956 -0.343829 0)
(0.666012 -0.285948 0)
(0.693665 -0.225351 0)
(0.714657 -0.162618 0)
(0.728796 -0.0983489 0)
(0.735957 -0.0331539 0)
(0.736076 0.0323526 0)
(0.729131 0.0975513 0)
(0.715156 0.161823 0)
(0.694286 0.224556 0)
(0.666729 0.28515 0)
(0.632747 0.343022 0)
(0.592658 0.397614 0)
(0.546842 0.448398 0)
(0.49574 0.49488 0)
(0.439839 0.536609 0)
(0.379676 0.573173 0)
(0.315828 0.604209 0)
(0.248903 0.629402 0)
(0.17956 0.648493 0)
(0.108436 0.661289 0)
(0.036294 0.667655 0)
(-0.0328904 0.736723 0)
(-0.0982678 0.729679 0)
(-0.162724 0.71554 0)
(-0.225564 0.694455 0)
(-0.286211 0.666642 0)
(-0.344069 0.632385 0)
(-0.398585 0.592031 0)
(-0.449236 0.545981 0)
(-0.495535 0.494688 0)
(-0.537037 0.438651 0)
(-0.573346 0.378414 0)
(-0.604117 0.314561 0)
(-0.629062 0.247711 0)
(-0.647947 0.178507 0)
(-0.660585 0.107613 0)
(-0.666853 0.0357008 0)
(-0.66673 -0.0365478 0)
(-0.66024 -0.108454 0)
(-0.647437 -0.179342 0)
(-0.628433 -0.248541 0)
(-0.603395 -0.315388 0)
(-0.572557 -0.379243 0)
(-0.536206 -0.439486 0)
(-0.494688 -0.495535 0)
(-0.448398 -0.546842 0)
(-0.39778 -0.592908 0)
(-0.343322 -0.633281 0)
(-0.285546 -0.667562 0)
(-0.225009 -0.695408 0)
(-0.162292 -0.716535 0)
(-0.0980062 -0.730723 0)
(-0.0327745 -0.737836 0)
(0.0327745 -0.737836 0)
(0.0980062 -0.730723 0)
(0.162292 -0.716535 0)
(0.225009 -0.695408 0)
(0.285546 -0.667562 0)
(0.343322 -0.633281 0)
(0.39778 -0.592908 0)
(0.448398 -0.546842 0)
(0.494688 -0.495535 0)
(0.536206 -0.439486 0)
(0.572557 -0.379243 0)
(0.603395 -0.315388 0)
(0.628433 -0.248541 0)
(0.647437 -0.179342 0)
(0.66024 -0.108454 0)
(0.66673 -0.0365478 0)
(0.666853 0.0357008 0)
(0.660585 0.107613 0)
(0.647947 0.178507 0)
(0.629062 0.247711 0)
(0.604117 0.314561 0)
(0.573346 0.378414 0)
(0.537037 0.438651 0)
(0.495535 0.494688 0)
(0.449236 0.545981 0)
(0.398585 0.592031 0)
(0.344069 0.632385 0)
(0.286211 0.666642 0)
(0.225564 0.694455 0)
(0.162724 0.71554 0)
(0.0982678 0.729679 0)
(0.0328904 0.736723 0)
(-0.0291726 0.798693 0)
(-0.0871596 0.791039 0)
(-0.144331 0.775694 0)
(-0.200066 0.75282 0)
(-0.253856 0.722653 0)
(-0.30517 0.685505 0)
(-0.353519 0.641748 0)
(-0.398434 0.591819 0)
(-0.439486 0.536206 0)
(-0.476279 0.475452 0)
(-0.508459 0.410147 0)
(-0.535721 0.340927 0)
(-0.557813 0.268465 0)
(-0.57453 0.193461 0)
(-0.585705 0.116632 0)
(-0.591231 0.0387088 0)
(-0.591102 -0.0395764 0)
(-0.585345 -0.117492 0)
(-0.574004 -0.194311 0)
(-0.557171 -0.269306 0)
(-0.534992 -0.34176 0)
(-0.507667 -0.410975 0)
(-0.475452 -0.476279 0)
(-0.438651 -0.537037 0)
(-0.397614 -0.592658 0)
(-0.352737 -0.642596 0)
(-0.304451 -0.686362 0)
(-0.253221 -0.723526 0)
(-0.19954 -0.753715 0)
(-0.143924 -0.776622 0)
(-0.0869173 -0.792007 0)
(-0.0290641 -0.799718 0)
(0.0290641 -0.799718 0)
(0.0869173 -0.792007 0)
(0.143924 -0.776622 0)
(0.19954 -0.753715 0)
(0.253221 -0.723526 0)
(0.304451 -0.686362 0)
(0.352737 -0.642596 0)
(0.397614 -0.592658 0)
(0.438651 -0.537037 0)
(0.475452 -0.476279 0)
(0.507667 -0.410975 0)
(0.534992 -0.34176 0)
(0.557171 -0.269306 0)
(0.574004 -0.194311 0)
(0.585345 -0.117492 0)
(0.591102 -0.0395764 0)
(0.591231 0.0387088 0)
(0.585705 0.116632 0)
(0.57453 0.193461 0)
(0.557813 0.268465 0)
(0.535721 0.340927 0)
(0.508459 0.410147 0)
(0.476279 0.475452 0)
(0.439486 0.536206 0)
(0.398434 0.591819 0)
(0.353519 0.641748 0)
(0.30517 0.685505 0)
(0.253856 0.722653 0)
(0.200066 0.75282 0)
(0.144331 0.775694 0)
(0.0871596 0.791039 0)
(0.0291726 0.798693 0)
(-0.0251766 0.852971 0)
(-0.0752187 0.844782 0)
(-0.124559 0.828378 0)
(-0.172656 0.803935 0)
(-0.219076 0.771708 0)
(-0.263357 0.732025 0)
(-0.305076 0.685287 0)
(-0.343829 0.631956 0)
(-0.379243 0.572557 0)
(-0.410975 0.507667 0)
(-0.438719 0.43792 0)
(-0.462212 0.363996 0)
(-0.481239 0.286618 0)
(-0.495624 0.206537 0)
(-0.505224 0.124521 0)
(-0.509949 0.0413467 0)
(-0.509811 -0.042209 0)
(-0.504844 -0.125374 0)
(-0.495076 -0.207378 0)
(-0.480579 -0.287445 0)
(-0.46147 -0.364808 0)
(-0.43792 -0.438719 0)
(-0.410147 -0.508459 0)
(-0.378414 -0.573346 0)
(-0.343022 -0.632747 0)
(-0.304314 -0.686079 0)
(-0.262661 -0.73282 0)
(-0.218466 -0.772509 0)
(-0.172156 -0.804751 0)
(-0.124173 -0.829219 0)
(-0.0749921 -0.845653 0)
(-0.0250743 -0.853888 0)
(0.0250743 -0.853888 0)
(0.0749921 -0.845653 0)
(0.124173 -0.829219 0)
(0.172156 -0.804751 0)
(0.218466 -0.772509 0)
(0.262661 -0.73282 0)
(0.304314 -0.686079 0)
(0.343022 -0.632747 0)
(0.378414 -0.573346 0)
(0.410147 -0.508459 0)
(0.43792 -0.438719 0)
(0.46147 -0.364808 0)
(0.480579 -0.287445 0)
(0.495076 -0.207378 0)
(0.504844 -0.125374 0)
(0.509811 -0.042209 0)
(0.509949 0.0413467 0)
(0.505224 0.124521 0)
(0.495624 0.206537 0)
(0.481239 0.286618 0)
(0.462212 0.363996 0)
(0.438719 0.43792 0)
(0.410975 0.507667 0)
(0.379243 0.572557 0)
(0.343829 0.631956 0)
(0.305076 0.685287 0)
(0.263357 0.732025 0)
(0.219076 0.771708 0)
(0.172656 0.803935 0)
(0.124559 0.828378 0)
(0.0752187 0.844782 0)
(0.0251766 0.852971 0)
(-0.0209408 0.899036 0)
(-0.0625603 0.890391 0)
(-0.103599 0.873088 0)
(-0.1436 0.847314 0)
(-0.182208 0.813336 0)
(-0.219033 0.771502 0)
(-0.253726 0.722231 0)
(-0.285948 0.666012 0)
(-0.315388 0.603395 0)
(-0.34176 0.534992 0)
(-0.364808 0.46147 0)
(-0.384311 0.383549 0)
(-0.40009 0.301996 0)
(-0.412004 0.217609 0)
(-0.419933 0.131202 0)
(-0.423804 0.0435895 0)
(-0.423654 -0.0444163 0)
(-0.419526 -0.132016 0)
(-0.411428 -0.218409 0)
(-0.399406 -0.302778 0)
(-0.383549 -0.384311 0)
(-0.363996 -0.462212 0)
(-0.340927 -0.535721 0)
(-0.314561 -0.604117 0)
(-0.28515 -0.666729 0)
(-0.252978 -0.722946 0)
(-0.218356 -0.772213 0)
(-0.181617 -0.814047 0)
(-0.143121 -0.848032 0)
(-0.10323 -0.873823 0)
(-0.0623464 -0.891148 0)
(-0.0208438 -0.899828 0)
(0.0208438 -0.899828 0)
(0.0623464 -0.891148 0)
(0.10323 -0.873823 0)
(0.143121 -0.848032 0)
(0.181617 -0.814047 0)
(0.218356 -0.772213 0)
(0.252978 -0.722946 0)
(0.28515 -0.666729 0)
(0.314561 -0.604117 0)
(0.340927 -0.535721 0)
(0.363996 -0.462212 0)
(0.383549 -0.384311 0)
(0.399406 -0.302778 0)
(0.411428 -0.218409 0)
(0.419526 -0.132016 0)
(0.423654 -0.0444163 0)
(0.423804 0.0435895 0)
(0.419933 0.131202 0)
(0.412004 0.217609 0)
(0.40009 0.301996 0)
(0.384311 0.383549 0)
(0.364808 0.46147 0)
(0.34176 0.534992 0)
(0.315388 0.603395 0)
(0.285948 0.666012 0)
(0.253726 0.722231 0)
(0.219033 0.771502 0)
(0.182208 0.813336 0)
(0.1436 0.847314 0)
(0.103599 0.873088 0)
(0.0625603 0.890391 0)
(0.0209408 0.899036 0)
(-0.0165061 0.936446 0)
(-0.0493063 0.92743 0)
(-0.0816533 0.909398 0)
(-0.113178 0.882542 0)
(-0.143605 0.847142 0)
(-0.172625 0.80356 0)
(-0.199964 0.752232 0)
(-0.225351 0.693665 0)
(-0.248541 0.628433 0)
(-0.269306 0.557171 0)
(-0.287445 0.480579 0)
(-0.302778 0.399406 0)
(-0.315165 0.314456 0)
(-0.324496 0.226572 0)
(-0.330677 0.136608 0)
(-0.333649 0.045416 0)
(-0.333483 -0.0461709 0)
(-0.330238 -0.137348 0)
(-0.323891 -0.227298 0)
(-0.314456 -0.315165 0)
(-0.301996 -0.40009 0)
(-0.286618 -0.481239 0)
(-0.268465 -0.557813 0)
(-0.247711 -0.629062 0)
(-0.224556 -0.694286 0)
(-0.199225 -0.752847 0)
(-0.171962 -0.804168 0)
(-0.143029 -0.847745 0)
(-0.112714 -0.883145 0)
(-0.0812965 -0.910012 0)
(-0.0491021 -0.92806 0)
(-0.0164134 -0.9371 0)
(0.0164134 -0.9371 0)
(0.0491021 -0.92806 0)
(0.0812965 -0.910012 0)
(0.112714 -0.883145 0)
(0.143029 -0.847745 0)
(0.171962 -0.804168 0)
(0.199225 -0.752847 0)
(0.224556 -0.694286 0)
(0.247711 -0.629062 0)
(0.268465 -0.557813 0)
(0.286618 -0.481239 0)
(0.301996 -0.40009 0)
(0.314456 -0.315165 0)
(0.323891 -0.227298 0)
(0.330238 -0.137348 0)
(0.333483 -0.0461709 0)
(0.333649 0.045416 0)
(0.330677 0.136608 0)
(0.324496 0.226572 0)
(0.315165 0.314456 0)
(0.302778 0.399406 0)
(0.287445 0.480579 0)
(0.269306 0.557171 0)
(0.248541 0.628433 0)
(0.225351 0.693665 0)
(0.199964 0.752232 0)
(0.172625 0.80356 0)
(0.143605 0.847142 0)
(0.113178 0.882542 0)
(0.0816533 0.909398 0)
(0.0493063 0.92743 0)
(0.0165061 0.936446 0)
(-0.0119149 0.964845 0)
(-0.0355839 0.955548 0)
(-0.0589317 0.93696 0)
(-0.0816795 0.909284 0)
(-0.103638 0.872805 0)
(-0.124579 0.827897 0)
(-0.144304 0.775007 0)
(-0.162618 0.714657 0)
(-0.179342 0.647437 0)
(-0.194311 0.574004 0)
(-0.207378 0.495076 0)
(-0.218409 0.411428 0)
(-0.227298 0.323891 0)
(-0.233969 0.233343 0)
(-0.238348 0.140691 0)
(-0.24039 0.0468142 0)
(-0.240209 -0.0474509 0)
(-0.237885 -0.14132 0)
(-0.233343 -0.233969 0)
(-0.226572 -0.324496 0)
(-0.217609 -0.412004 0)
(-0.206537 -0.495624 0)
(-0.193461 -0.57453 0)
(-0.178507 -0.647947 0)
(-0.161823 -0.715156 0)
(-0.143569 -0.775497 0)
(-0.123924 -0.828378 0)
(-0.103073 -0.873279 0)
(-0.0812275 -0.909754 0)
(-0.0585834 -0.937436 0)
(-0.0353863 -0.956032 0)
(-0.0118256 -0.965346 0)
(0.0118256 -0.965346 0)
(0.0353863 -0.956032 0)
(0.0585834 -0.937436 0)
(0.0812275 -0.909754 0)
(0.103073 -0.873279 0)
(0.123924 -0.828378 0)
(0.143569 -0.775497 0)
(0.161823 -0.715156 0)
(0.178507 -0.647947 0)
(0.193461 -0.57453 0)
(0.206537 -0.495624 0)
(0.217609 -0.412004 0)
(0.226572 -0.324496 0)
(0.233343 -0.233969 0)
(0.237885 -0.14132 0)
(0.240209 -0.0474509 0)
(0.24039 0.0468142 0)
(0.238348 0.140691 0)
(0.233969 0.233343 0)
(0.227298 0.323891 0)
(0.218409 0.411428 0)
(0.207378 0.495076 0)
(0.194311 0.574004 0)
(0.179342 0.647437 0)
(0.162618 0.714657 0)
(0.144304 0.775007 0)
(0.124579 0.827897 0)
(0.103638 0.872805 0)
(0.0816795 0.909284 0)
(0.0589317 0.93696 0)
(0.0355839 0.955548 0)
(0.0119149 0.964845 0)
(-0.00721112 0.983964 0)
(-0.0215242 0.974477 0)
(-0.0356516 0.955515 0)
(-0.0494073 0.927287 0)
(-0.0626896 0.890084 0)
(-0.0753519 0.844286 0)
(-0.0872789 0.790345 0)
(-0.0983489 0.728796 0)
(-0.108454 0.66024 0)
(-0.117492 0.585345 0)
(-0.125374 0.504844 0)
(-0.132016 0.419526 0)
(-0.137348 0.330238 0)
(-0.14132 0.237885 0)
(-0.143884 0.143422 0)
(-0.145002 0.0477724 0)
(-0.144822 -0.0482423 0)
(-0.143422 -0.143884 0)
(-0.140691 -0.238348 0)
(-0.136608 -0.330677 0)
(-0.131202 -0.419933 0)
(-0.124521 -0.505224 0)
(-0.116632 -0.585705 0)
(-0.107613 -0.660585 0)
(-0.0975513 -0.729131 0)
(-0.0865443 -0.790672 0)
(-0.0747009 -0.844604 0)
(-0.0621287 -0.890397 0)
(-0.0489618 -0.927596 0)
(-0.035308 -0.955826 0)
(-0.0213303 -0.974791 0)
(-0.00712407 -0.984287 0)
(0.00712407 -0.984287 0)
(0.0213303 -0.974791 0)
(0.035308 -0.955826 0)
(0.0489618 -0.927596 0)
(0.0621287 -0.890397 0)
(0.0747009 -0.844604 0)
(0.0865443 -0.790672 0)
(0.0975513 -0.729131 0)
(0.107613 -0.660585 0)
(0.116632 -0.585705 0)
(0.124521 -0.505224 0)
(0.131202 -0.419933 0)
(0.136608 -0.330677 0)
(0.140691 -0.238348 0)
(0.143422 -0.143884 0)
(0.144822 -0.0482423 0)
(0.145002 0.0477724 0)
(0.143884 0.143422 0)
(0.14132 0.237885 0)
(0.137348 0.330238 0)
(0.132016 0.419526 0)
(0.125374 0.504844 0)
(0.117492 0.585345 0)
(0.108454 0.66024 0)
(0.0983489 0.728796 0)
(0.0872789 0.790345 0)
(0.0753519 0.844286 0)
(0.0626896 0.890084 0)
(0.0494073 0.927287 0)
(0.0356516 0.955515 0)
(0.0215242 0.974477 0)
(0.00721112 0.983964 0)
(-0.00243977 0.993626 0)
(-0.0072615 0.984041 0)
(-0.0120353 0.964892 0)
(-0.0166687 0.936386 0)
(-0.0211491 0.89882 0)
(-0.0254136 0.852575 0)
(-0.0294307 0.798107 0)
(-0.0331539 0.735957 0)
(-0.0365478 0.66673 0)
(-0.0395764 0.591102 0)
(-0.042209 0.509811 0)
(-0.0444163 0.423654 0)
(-0.0461709 0.333483 0)
(-0.0474509 0.240209 0)
(-0.0482423 0.144822 0)
(-0.0484986 0.0483231 0)
(-0.0483231 -0.0484986 0)
(-0.0477724 -0.145002 0)
(-0.0468142 -0.24039 0)
(-0.045416 -0.333649 0)
(-0.0435895 -0.423804 0)
(-0.0413467 -0.509949 0)
(-0.0387088 -0.591231 0)
(-0.0357008 -0.666853 0)
(-0.0323526 -0.736076 0)
(-0.0286941 -0.798224 0)
(-0.024763 -0.852688 0)
(-0.0205893 -0.898931 0)
(-0.0162255 -0.936496 0)
(-0.0116932 -0.965002 0)
(-0.00706884 -0.984152 0)
(-0.0023538 -0.99374 0)
(0.0023538 -0.99374 0)
(0.00706884 -0.984152 0)
(0.0116932 -0.965002 0)
(0.0162255 -0.936496 0)
(0.0205893 -0.898931 0)
(0.024763 -0.852688 0)
(0.0286941 -0.798224 0)
(0.0323526 -0.736076 0)
(0.0357008 -0.666853 0)
(0.0387088 -0.591231 0)
(0.0413467 -0.509949 0)
(0.0435895 -0.423804 0)
(0.045416 -0.333649 0)
(0.0468142 -0.24039 0)
(0.0477724 -0.145002 0)
(0.0483231 -0.0484986 0)
(0.0484986 0.0483231 0)
(0.0482423 0.144822 0)
(0.0474509 0.240209 0)
(0.0461709 0.333483 0)
(0.0444163 0.423654 0)
(0.042209 0.509811 0)
(0.0395764 0.591102 0)
(0.0365478 0.66673 0)
(0.0331539 0.735957 0)
(0.0294307 0.798107 0)
(0.0254136 0.852575 0)
(0.0211491 0.89882 0)
(0.0166687 0.936386 0)
(0.0120353 0.964892 0)
(0.0072615 0.984041 0)
(0.00243977 0.993626 0)
(0.0023538 0.99374 0)
(0.00706884 0.984152 0)
(0.0116932 0.965002 0)
(0.0162255 0.936496 0)
(0.0205893 0.898931 0)
(0.024763 0.852688 0)
(0.0286941 0.798224 0)
(0.0323526 0.736076 0)
(0.0357008 0.666853 0)
(0.0387088 0.591231 0)
(0.0413467 0.509949 0)
(0.0435895 0.423804 0)
(0.045416 0.333649 0)
(0.0468142 0.24039 0)
(0.0477724 0.145002 0)
(0.0483231 0.0484986 0)
(0.0484986 -0.0483231 0)
(0.0482423 -0.144822 0)
(0.0474509 -0.240209 0)
(0.0461709 -0.333483 0)
(0.0444163 -0.423654 0)
(0.042209 -0.509811 0)
(0.0395764 -0.591102 0)
(0.0365478 -0.66673 0)
(0.0331539 -0.735957 0)
(0.0294307 -0.798107 0)
(0.0254136 -0.852575 0)
(0.0211491 -0.89882 0)
(0.0166687 -0.936386 0)
(0.0120353 -0.964892 0)
(0.0072615 -0.984041 0)
(0.00243977 -0.993626 0)
(-0.00243977 -0.993626 0)
(-0.0072615 -0.984041 0)
(-0.0120353 -0.964892 0)
(-0.0166687 -0.936386 0)
(-0.0211491 -0.89882 0)
(-0.0254136 -0.852575 0)
(-0.0294307 -0.798107 0)
(-0.0331539 -0.735957 0)
(-0.0365478 -0.66673 0)
(-0.0395764 -0.591102 0)
(-0.042209 -0.509811 0)
(-0.0444163 -0.423654 0)
(-0.0461709 -0.333483 0)
(-0.0474509 -0.240209 0)
(-0.0482423 -0.144822 0)
(-0.0484986 -0.0483231 0)
(-0.0483231 0.0484986 0)
(-0.0477724 0.145002 0)
(-0.0468142 0.24039 0)
(-0.045416 0.333649 0)
(-0.0435895 0.423804 0)
(-0.0413467 0.509949 0)
(-0.0387088 0.591231 0)
(-0.0357008 0.666853 0)
(-0.0323526 0.736076 0)
(-0.0286941 0.798224 0)
(-0.024763 0.852688 0)
(-0.0205893 0.898931 0)
(-0.0162255 0.936496 0)
(-0.0116932 0.965002 0)
(-0.00706884 0.984152 0)
(-0.0023538 0.99374 0)
(0.00712407 0.984287 0)
(0.0213303 0.974791 0)
(0.035308 0.955826 0)
(0.0489618 0.927596 0)
(0.0621287 0.890397 0)
(0.0747009 0.844604 0)
(0.0865443 0.790672 0)
(0.0975513 0.729131 0)
(0.107613 0.660585 0)
(0.116632 0.585705 0)
(0.124521 0.505224 0)
(0.131202 0.419933 0)
(0.136608 0.330677 0)
(0.140691 0.238348 0)
(0.143422 0.143884 0)
(0.144822 0.0482423 0)
(0.145002 -0.0477724 0)
(0.143884 -0.143422 0)
(0.14132 -0.237885 0)
(0.137348 -0.330238 0)
(0.132016 -0.419526 0)
(0.125374 -0.504844 0)
(0.117492 -0.585345 0)
(0.108454 -0.66024 0)
(0.0983489 -0.728796 0)
(0.0872789 -0.790345 0)
(0.0753519 -0.844286 0)
(0.0626896 -0.890084 0)
(0.0494073 -0.927287 0)
(0.0356516 -0.955515 0)
(0.0215242 -0.974477 0)
(0.00721112 -0.983964 0)
(-0.00721112 -0.983964 0)
(-0.0215242 -0.974477 0)
(-0.0356516 -0.955515 0)
(-0.0494073 -0.927287 0)
(-0.0626896 -0.890084 0)
(-0.0753519 -0.844286 0)
(-0.0872789 -0.790345 0)
(-0.0983489 -0.728796 0)
(-0.108454 -0.66024 0)
(-0.117492 -0.585345 0)
(-0.125374 -0.504844 0)
(-0.132016 -0.419526 0)
(-0.137348 -0.330238 0)
(-0.14132 -0.237885 0)
(-0.143884 -0.143422 0)
(-0.145002 -0.0477724 0)
(-0.144822 0.0482423 0)
(-0.143422 0.143884 0)
(-0.140691 0.238348 0)
(-0.136608 0.330677 0)
(-0.131202 0.419933 0)
(-0.124521 0.505224 0)
(-0.116632 0.585705 0)
(-0.107613 0.660585 0)
(-0.0975513 0.729131 0)
(-0.0865443 0.790672 0)
(-0.0747009 0.844604 0)
(-0.0621287 0.890397 0)
(-0.0489618 0.927596 0)
(-0.035308 0.955826 0)
(-0.0213303 0.974791 0)
(-0.00712407 0.984287 0)
(0.0118256 0.965346 0)
(0.0353863 0.956032 0)
(0.0585834 0.937436 0)
(0.0812275 0.909754 0)
(0.103073 0.873279 0)
(0.123924 0.828378 0)
(0.143569 0.775497 0)
(0.161823 0.715156 0)
(0.178507 0.647947 0)
(0.193461 0.57453 0)
(0.206537 0.495624 0)
(0.217609 0.412004 0)
(0.226572 0.324496 0)
(0.233343 0.233969 0)
(0.237885 0.14132 0)
(0.240209 0.0474509 0)
(0.24039 -0.0468142 0)
(0.238348 -0.140691 0)
(0.233969 -0.233343 0)
(0.227298 -0.323891 0)
(0.218409 -0.411428 0)
(0.207378 -0.495076 0)
(0.194311 -0.574004 0)
(0.179342 -0.647437 0)
(0.162618 -0.714657 0)
(0.144304 -0.775007 0)
(0.124579 -0.827897 0)
(0.103638 -0.872805 0)
(0.0816795 -0.909284 0)
(0.0589317 -0.93696 0)
(0.0355839 -0.955548 0)
(0.0119149 -0.964845 0)
(-0.0119149 -0.964845 0)
(-0.0355839 -0.955548 0)
(-0.0589317 -0.93696 0)
(-0.0816795 -0.909284 0)
(-0.103638 -0.872805 0)
(-0.124579 -0.827897 0)
(-0.144304 -0.775007 0)
(-0.162618 -0.714657 0)
(-0.179342 -0.647437 0)
(-0.194311 -0.574004 0)
(-0.207378 -0.495076 0)
(-0.218409 -0.411428 0)
(-0.227298 -0.323891 0)
(-0.233969 -0.233343 0)
(-0.238348 -0.140691 0)
(-0.24039 -0.0468142 0)
(-0.240209 0.0474509 0)
(-0.237885 0.14132 0)
(-0.233343 0.233969 0)
(-0.226572 0.324496 0)
(-0.217609 0.412004 0)
(-0.206537 0.495624 0)
(-0.193461 0.57453 0)
(-0.178507 0.647947 0)
(-0.161823 0.715156 0)
(-0.143569 0.775497 0)
(-0.123924 0.828378 0)
(-0.103073 0.873279 0)
(-0.0812275 0.909754 0)
(-0.0585834 0.937436 0)
(-0.0353863 0.956032 0)
(-0.0118256 0.965346 0)
(0.0164134 0.9371 0)
(0.0491021 0.92806 0)
(0.0812965 0.910012 0)
(0.112714 0.883145 0)
(0.143029 0.847745 0)
(0.171962 0.804168 0)
(0.199225 0.752847 0)
(0.224556 0.694286 0)
(0.247711 0.629062 0)
(0.268465 0.557813 0)
(0.286618 0.481239 0)
(0.301996 0.40009 0)
(0.314456 0.315165 0)
(0.323891 0.227298 0)
(0.330238 0.137348 0)
(0.333483 0.0461709 0)
(0.333649 -0.045416 0)
(0.330677 -0.136608 0)
(0.324496 -0.226572 0)
(0.315165 -0.314456 0)
(0.302778 -0.399406 0)
(0.287445 -0.480579 0)
(0.269306 -0.557171 0)
(0.248541 -0.628433 0)
(0.225351 -0.693665 0)
(0.199964 -0.752232 0)
(0.172625 -0.80356 0)
(0.143605 -0.847142 0)
(0.113178 -0.882542 0)
(0.0816533 -0.909398 0)
(0.0493063 -0.92743 0)
(0.0165061 -0.936446 0)
(-0.0165061 -0.936446 0)
(-0.0493063 -0.92743 0)
(-0.0816533 -0.909398 0)
(-0.113178 -0.882542 0)
(-0.143605 -0.847142 0)
(-0.172625 -0.80356 0)
(-0.199964 -0.752232 0)
(-0.225351 -0.693665 0)
(-0.248541 -0.628433 0)
(-0.269306 -0.557171 0)
(-0.287445 -0.480579 0)
(-0.302778 -0.399406 0)
(-0.315165 -0.314456 0)
(-0.324496 -0.226572 0)
(-0.330677 -0.136608 0)
(-0.333649 -0.045416 0)
(-0.333483 0.0461709 0)
(-0.330238 0.137348 0)
(-0.323891 0.227298 0)
(-0.314456 0.315165 0)
(-0.301996 0.40009 0)
(-0.286618 0.481239 0)
(-0.268465 0.557813 0)
(-0.247711 0.629062 0)
(-0.224556 0.694286 0)
(-0.199225 0.752847 0)
(-0.171962 0.804168 0)
(-0.143029 0.847745 0)
(-0.112714 0.883145 0)
(-0.0812965 0.910012 0)
(-0.0491021 0.92806 0)
(-0.0164134 0.9371 0)
(0.0208438 0.899828 0)
(0.0623464 0.891148 0)
(0.10323 0.873823 0)
(0.143121 0.848032 0)
(0.181617 0.814047 0)
(0.218356 0.772213 0)
(0.252978 0.722946 0)
(0.28515 0.666729 0)
(0.314561 0.604117 0)
(0.340927 0.535721 0)
(0.363996 0.462212 0)
(0.383549 0.384311 0)
(0.399406 0.302778 0)
(0.411428 0.218409 0)
(0.419526 0.132016 0)
(0.423654 0.0444163 0)
(0.423804 -0.0435895 0)
(0.419933 -0.131202 0)
(0.412004 -0.217609 0)
(0.40009 -0.301996 0)
(0.384311 -0.383549 0)
(0.364808 -0.46147 0)
(0.34176 -0.534992 0)
(0.315388 -0.603395 0)
(0.285948 -0.666012 0)
(0.253726 -0.722231 0)
(0.219033 -0.771502 0)
(0.182208 -0.813336 0)
(0.1436 -0.847314 0)
(0.103599 -0.873088 0)
(0.0625603 -0.890391 0)
(0.0209408 -0.899036 0)
(-0.0209408 -0.899036 0)
(-0.0625603 -0.890391 0)
(-0.103599 -0.873088 0)
(-0.1436 -0.847314 0)
(-0.182208 -0.813336 0)
(-0.219033 -0.771502 0)
(-0.253726 -0.722231 0)
(-0.285948 -0.666012 0)
(-0.315388 -0.603395 0)
(-0.34176 -0.534992 0)
(-0.364808 -0.46147 0)
(-0.384311 -0.383549 0)
(-0.40009 -0.301996 0)
(-0.412004 -0.217609 0)
(-0.419933 -0.131202 0)
(-0.423804 -0.0435895 0)
(-0.423654 0.0444163 0)
(-0.419526 0.132016 0)
(-0.411428 0.218409 0)
(-0.399406 0.302778 0)
(-0.383549 0.384311 0)
(-0.363996 0.462212 0)
(-0.340927 0.535721 0)
(-0.314561 0.604117 0)
(-0.28515 0.666729 0)
(-0.252978 0.722946 0)
(-0.218356 0.772213 0)
(-0.181617 0.814047 0)
(-0.143121 0.848032 0)
(-0.10323 0.873823 0)
(-0.0623464 0.891148 0)
(-0.0208438 0.899828 0)
(0.0250743 0.853888 0)
(0.0749921 0.845653 0)
(0.124173 0.829219 0)
(0.172156 0.804751 0)
(0.218466 0.772509 0)
(0.262661 0.73282 0)
(0.304314 0.686079 0)
(0.343022 0.632747 0)
(0.378414 0.573346 0)
(0.410147 0.508459 0)
(0.43792 0.438719 0)
(0.46147 0.364808 0)
(0.480579 0.287445 0)
(0.495076 0.207378 0)
(0.504844 0.125374 0)
(0.509811 0.042209 0)
(0.509949 -0.0413467 0)
(0.505224 -0.124521 0)
(0.495624 -0.206537 0)
(0.481239 -0.286618 0)
(0.462212 -0.363996 0)
(0.438719 -0.43792 0)
(0.410975 -0.507667 0)
(0.379243 -0.572557 0)
(0.343829 -0.631956 0)
(0.305076 -0.685287 0)
(0.263357 -0.732025 0)
(0.219076 -0.771708 0)
(0.172656 -0.803935 0)
(0.124559 -0.828378 0)
(0.0752187 -0.844782 0)
(0.0251766 -0.852971 0)
(-0.0251766 -0.852971 0)
(-0.0752187 -0.844782 0)
(-0.124559 -0.828378 0)
(-0.172656 -0.803935 0)
(-0.219076 -0.771708 0)
(-0.263357 -0.732025 0)
(-0.305076 -0.685287 0)
(-0.343829 -0.631956 0)
(-0.379243 -0.572557 0)
(-0.410975 -0.507667 0)
(-0.438719 -0.43792 0)
(-0.462212 -0.363996 0)
(-0.481239 -0.286618 0)
(-0.495624 -0.206537 0)
(-0.505224 -0.124521 0)
(-0.509949 -0.0413467 0)
(-0.509811 0.042209 0)
(-0.504844 0.125374 0)
(-0.495076 0.207378 0)
(-0.480579 0.287445 0)
(-0.46147 0.364808 0)
(-0.43792 0.438719 0)
(-0.410147 0.508459 0)
(-0.378414 0.573346 0)
(-0.343022 0.632747 0)
(-0.304314 0.686079 0)
(-0.262661 0.73282 0)
(-0.218466 0.772509 0)
(-0.172156 0.804751 0)
(-0.124173 0.829219 0)
(-0.0749921 0.845653 0)
(-0.0250743 0.853888 0)
(0.0290641 0.799718 0)
(0.0869173 0.792007 0)
(0.143924 0.776622 0)
(0.19954 0.753715 0)
(0.253221 0.723526 0)
(0.304451 0.686362 0)
(0.352737 0.642596 0)
(0.397614 0.592658 0)
(0.438651 0.537037 0)
(0.475452 0.476279 0)
(0.507667 0.410975 0)
(0.534992 0.34176 0)
(0.557171 0.269306 0)
(0.574004 0.194311 0)
(0.585345 0.117492 0)
(0.591102 0.0395764 0)
(0.591231 -0.0387088 0)
(0.585705 -0.116632 0)
(0.57453 -0.193461 0)
(0.557813 -0.268465 0)
(0.535721 -0.340927 0)
(0.508459 -0.410147 0)
(0.476279 -0.475452 0)
(0.439486 -0.536206 0)
(0.398434 -0.591819 0)
(0.353519 -0.641748 0)
(0.30517 -0.685505 0)
(0.253856 -0.722653 0)
(0.200066 -0.75282 0)
(0.144331 -0.775694 0)
(0.0871596 -0.791039 0)
(0.0291726 -0.798693 0)
(-0.0291726 -0.798693 0)
(-0.0871596 -0.791039 0)
(-0.144331 -0.775694 0)
(-0.200066 -0.75282 0)
(-0.253856 -0.722653 0)
(-0.30517 -0.685505 0)
(-0.353519 -0.641748 0)
(-0.398434 -0.591819 0)
(-0.439486 -0.536206 0)
(-0.476279 -0.475452 0)
(-0.508459 -0.410147 0)
(-0.535721 -0.340927 0)
(-0.557813 -0.268465 0)
(-0.57453 -0.193461 0)
(-0.585705 -0.116632 0)
(-0.591231 -0.0387088 0)
(-0.591102 0.0395764 0)
(-0.585345 0.117492 0)
(-0.574004 0.194311 0)
(-0.557171 0.269306 0)
(-0.534992 0.34176 0)
(-0.507667 0.410975 0)
(-0.475452 0.476279 0)
(-0.438651 0.537037 0)
(-0.397614 0.592658 0)
(-0.352737 0.642596 0)
(-0.304451 0.686362 0)
(-0.253221 0.723526 0)
(-0.19954 0.753715 0)
(-0.143924 0.776622 0)
(-0.0869173 0.792007 0)
(-0.0290641 0.799718 0)
(0.0327745 0.737836 0)
(0.0980062 0.730723 0)
(0.162292 0.716535 0)
(0.225009 0.695408 0)
(0.285546 0.667562 0)
(0.343322 0.633281 0)
(0.39778 0.592908 0)
(0.448398 0.546842 0)
(0.494688 0.495535 0)
(0.536206 0.439486 0)
(0.572557 0.379243 0)
(0.603395 0.315388 0)
(0.628433 0.248541 0)
(0.647437 0.179342 0)
(0.66024 0.108454 0)
(0.66673 0.0365478 0)
(0.666853 -0.0357008 0)
(0.660585 -0.107613 0)
(0.647947 -0.178507 0)
(0.629062 -0.247711 0)
(0.604117 -0.314561 0)
(0.573346 -0.378414 0)
(0.537037 -0.438651 0)
(0.495535 -0.494688 0)
(0.449236 -0.545981 0)
(0.398585 -0.592031 0)
(0.344069 -0.632385 0)
(0.286211 -0.666642 0)
(0.225564 -0.694455 0)
(0.162724 -0.71554 0)
(0.0982678 -0.729679 0)
(0.0328904 -0.736723 0)
(-0.0328904 -0.736723 0)
(-0.0982678 -0.729679 0)
(-0.162724 -0.71554 0)
(-0.225564 -0.694455 0)
(-0.286211 -0.666642 0)
(-0.344069 -0.632385 0)
(-0.398585 -0.592031 0)
(-0.449236 -0.545981 0)
(-0.495535 -0.494688 0)
(-0.537037 -0.438651 0)
(-0.573346 -0.378414 0)
(-0.604117 -0.314561 0)
(-0.629062 -0.247711 0)
(-0.647947 -0.178507 0)
(-0.660585 -0.107613 0)
(-0.666853 -0.0357008 0)
(-0.66673 0.0365478 0)
(-0.66024 0.108454 0)
(-0.647437 0.179342 0)
(-0.628433 0.248541 0)
(-0.603395 0.315388 0)
(-0.572557 0.379243 0)
(-0.536206 0.439486 0)
(-0.494688 0.495535 0)
(-0.448398 0.546842 0)
(-0.39778 0.592908 0)
(-0.343322 0.633281 0)
(-0.285546 0.667562 0)
(-0.225009 0.695408 0)
(-0.162292 0.716535 0)
(-0.0980062 0.730723 0)
(-0.0327745 0.737836 0)
(0.0361692 0.668834 0)
(0.10815 0.662387 0)
(0.179097 0.649532 0)
(0.248313 0.630389 0)
(0.315128 0.605154 0)
(0.378896 0.574084 0)
(0.439007 0.537492 0)
(0.49488 0.49574 0)
(0.545981 0.449236 0)
(0.591819 0.398434 0)
(0.631956 0.343829 0)
(0.666012 0.285948 0)
(0.693665 0.225351 0)
(0.714657 0.162618 0)
(0.728796 0.0983489 0)
(0.735957 0.0331539 0)
(0.736076 -0.0323526 0)
(0.729131 -0.0975513 0)
(0.715156 -0.161823 0)
(0.694286 -0.224556 0)
(0.666729 -0.28515 0)
(0.632747 -0.343022 0)
(0.592658 -0.397614 0)
(0.546842 -0.448398 0)
(0.49574 -0.49488 0)
(0.439839 -0.536609 0)
(0.379676 -0.573173 0)
(0.315828 -0.604209 0)
(0.248903 -0.629402 0)
(0.17956 -0.648493 0)
(0.108436 -0.661289 0)
(0.036294 -0.667655 0)
(-0.036294 -0.667655 0)
(-0.108436 -0.661289 0)
(-0.17956 -0.648493 0)
(-0.248903 -0.629402 0)
(-0.315828 -0.604209 0)
(-0.379676 -0.573173 0)
(-0.439839 -0.536609 0)
(-0.49574 -0.49488 0)
(-0.546842 -0.448398 0)
(-0.592658 -0.397614 0)
(-0.632747 -0.343022 0)
(-0.666729 -0.28515 0)
(-0.694286 -0.224556 0)
(-0.715156 -0.161823 0)
(-0.729131 -0.0975513 0)
(-0.736076 -0.0323526 0)
(-0.735957 0.0331539 0)
(-0.728796 0.0983489 0)
(-0.714657 0.162618 0)
(-0.693665 0.225351 0)
(-0.666012 0.285948 0)
(-0.631956 0.343829 0)
(-0.591819 0.398434 0)
(-0.545981 0.449236 0)
(-0.49488 0.49574 0)
(-0.439007 0.537492 0)
(-0.378896 0.574084 0)
(-0.315128 0.605154 0)
(-0.248313 0.630389 0)
(-0.179097 0.649532 0)
(-0.10815 0.662387 0)
(-0.0361692 0.668834 0)
(0.0392145 0.593374 0)
(0.11725 0.587654 0)
(0.194173 0.576254 0)
(0.269225 0.559278 0)
(0.341676 0.536896 0)
(0.410827 0.509337 0)
(0.476014 0.476878 0)
(0.536609 0.439839 0)
(0.592031 0.398585 0)
(0.641748 0.353519 0)
(0.685287 0.305076 0)
(0.722231 0.253726 0)
(0.752232 0.199964 0)
(0.775007 0.144304 0)
(0.790345 0.0872789 0)
(0.798107 0.0294307 0)
(0.798224 -0.0286941 0)
(0.790672 -0.0865443 0)
(0.775497 -0.143569 0)
(0.752847 -0.199225 0)
(0.722946 -0.252978 0)
(0.686079 -0.304314 0)
(0.642596 -0.352737 0)
(0.592908 -0.39778 0)
(0.537492 -0.439007 0)
(0.476878 -0.476014 0)
(0.411644 -0.508437 0)
(0.342416 -0.535953 0)
(0.269856 -0.558283 0)
(0.194674 -0.575199 0)
(0.117564 -0.586529 0)
(0.0393504 -0.592157 0)
(-0.0393504 -0.592157 0)
(-0.117564 -0.586529 0)
(-0.194674 -0.575199 0)
(-0.269856 -0.558283 0)
(-0.342416 -0.535953 0)
(-0.411644 -0.508437 0)
(-0.476878 -0.476014 0)
(-0.537492 -0.439007 0)
(-0.592908 -0.39778 0)
(-0.642596 -0.352737 0)
(-0.686079 -0.304314 0)
(-0.722946 -0.252978 0)
(-0.752847 -0.199225 0)
(-0.775497 -0.143569 0)
(-0.790672 -0.0865443 0)
(-0.798224 -0.0286941 0)
(-0.798107 0.0294307 0)
(-0.790345 0.0872789 0)
(-0.775007 0.144304 0)
(-0.752232 0.199964 0)
(-0.722231 0.253726 0)
(-0.685287 0.305076 0)
(-0.641748 0.353519 0)
(-0.592031 0.398585 0)
(-0.536609 0.439839 0)
(-0.476014 0.476878 0)
(-0.410827 0.509337 0)
(-0.341676 0.536896 0)
(-0.269225 0.559278 0)
(-0.194173 0.576254 0)
(-0.11725 0.587654 0)
(-0.0392145 0.593374 0)
(0.04188 0.512179 0)
(0.125215 0.507241 0)
(0.207372 0.497404 0)
(0.287537 0.482756 0)
(0.364928 0.463442 0)
(0.438799 0.439658 0)
(0.508437 0.411644 0)
(0.573173 0.379676 0)
(0.632385 0.344069 0)
(0.685505 0.30517 0)
(0.732025 0.263357 0)
(0.771502 0.219033 0)
(0.80356 0.172625 0)
(0.827897 0.124579 0)
(0.844286 0.0753519 0)
(0.852575 0.0254136 0)
(0.852688 -0.024763 0)
(0.844604 -0.0747009 0)
(0.828378 -0.123924 0)
(0.804168 -0.171962 0)
(0.772213 -0.218356 0)
(0.73282 -0.262661 0)
(0.686362 -0.304451 0)
(0.633281 -0.343322 0)
(0.574084 -0.378896 0)
(0.509337 -0.410827 0)
(0.439658 -0.438799 0)
(0.365716 -0.462532 0)
(0.288217 -0.481786 0)
(0.207918 -0.496364 0)
(0.125564 -0.506122 0)
(0.0420297 -0.510959 0)
(-0.0420297 -0.510959 0)
(-0.125564 -0.506122 0)
(-0.207918 -0.496364 0)
(-0.288217 -0.481786 0)
(-0.365716 -0.462532 0)
(-0.439658 -0.438799 0)
(-0.509337 -0.410827 0)
(-0.574084 -0.378896 0)
(-0.633281 -0.343322 0)
(-0.686362 -0.304451 0)
(-0.73282 -0.262661 0)
(-0.772213 -0.218356 0)
(-0.804168 -0.171962 0)
(-0.828378 -0.123924 0)
(-0.844604 -0.0747009 0)
(-0.852688 -0.024763 0)
(-0.852575 0.0254136 0)
(-0.844286 0.0753519 0)
(-0.827897 0.124579 0)
(-0.80356 0.172625 0)
(-0.771502 0.219033 0)
(-0.732025 0.263357 0)
(-0.685505 0.30517 0)
(-0.632385 0.344069 0)
(-0.573173 0.379676 0)
(-0.508437 0.411644 0)
(-0.438799 0.439658 0)
(-0.364928 0.463442 0)
(-0.287537 0.482756 0)
(-0.207372 0.497404 0)
(-0.125215 0.507241 0)
(-0.04188 0.512179 0)
(0.0441387 0.42603 0)
(0.131964 0.421922 0)
(0.21856 0.413739 0)
(0.303065 0.401558 0)
(0.384652 0.385496 0)
(0.462532 0.365716 0)
(0.535953 0.342416 0)
(0.604209 0.315828 0)
(0.666642 0.286211 0)
(0.722653 0.253856 0)
(0.771708 0.219076 0)
(0.813336 0.182208 0)
(0.847142 0.143605 0)
(0.872805 0.103638 0)
(0.890084 0.0626896 0)
(0.89882 0.0211491 0)
(0.898931 -0.0205893 0)
(0.890397 -0.0621287 0)
(0.873279 -0.103073 0)
(0.847745 -0.143029 0)
(0.814047 -0.181617 0)
(0.772509 -0.218466 0)
(0.723526 -0.253221 0)
(0.667562 -0.285546 0)
(0.605154 -0.315128 0)
(0.536896 -0.341676 0)
(0.463442 -0.364928 0)
(0.385496 -0.384652 0)
(0.303804 -0.400647 0)
(0.219162 -0.412752 0)
(0.132357 -0.420846 0)
(0.0443056 -0.424848 0)
(-0.0443056 -0.424848 0)
(-0.132357 -0.420846 0)
(-0.219162 -0.412752 0)
(-0.303804 -0.400647 0)
(-0.385496 -0.384652 0)
(-0.463442 -0.364928 0)
(-0.536896 -0.341676 0)
(-0.605154 -0.315128 0)
(-0.667562 -0.285546 0)
(-0.723526 -0.253221 0)
(-0.772509 -0.218466 0)
(-0.814047 -0.181617 0)
(-0.847745 -0.143029 0)
(-0.873279 -0.103073 0)
(-0.890397 -0.0621287 0)
(-0.898931 -0.0205893 0)
(-0.89882 0.0211491 0)
(-0.890084 0.0626896 0)
(-0.872805 0.103638 0)
(-0.847142 0.143605 0)
(-0.813336 0.182208 0)
(-0.771708 0.219076 0)
(-0.722653 0.253856 0)
(-0.666642 0.286211 0)
(-0.604209 0.315828 0)
(-0.535953 0.342416 0)
(-0.462532 0.365716 0)
(-0.384652 0.385496 0)
(-0.303065 0.401558 0)
(-0.21856 0.413739 0)
(-0.131964 0.421922 0)
(-0.0441387 0.42603 0)
(0.0459674 0.335752 0)
(0.13743 0.332512 0)
(0.227625 0.326061 0)
(0.315652 0.31646 0)
(0.400647 0.303804 0)
(0.481786 0.288217 0)
(0.558283 0.269856 0)
(0.629402 0.248903 0)
(0.694455 0.225564 0)
(0.75282 0.200066 0)
(0.803935 0.172656 0)
(0.847314 0.1436 0)
(0.882542 0.113178 0)
(0.909284 0.0816795 0)
(0.927287 0.0494073 0)
(0.936386 0.0166687 0)
(0.936496 -0.0162255 0)
(0.927596 -0.0489618 0)
(0.909754 -0.0812275 0)
(0.883145 -0.112714 0)
(0.848032 -0.143121 0)
(0.804751 -0.172156 0)
(0.753715 -0.19954 0)
(0.695408 -0.225009 0)
(0.630389 -0.248313 0)
(0.559278 -0.269225 0)
(0.482756 -0.287537 0)
(0.401558 -0.303065 0)
(0.31646 -0.315652 0)
(0.228292 -0.325172 0)
(0.137874 -0.33153 0)
(0.0461556 -0.334663 0)
(-0.0461556 -0.334663 0)
(-0.137874 -0.33153 0)
(-0.228292 -0.325172 0)
(-0.31646 -0.315652 0)
(-0.401558 -0.303065 0)
(-0.482756 -0.287537 0)
(-0.559278 -0.269225 0)
(-0.630389 -0.248313 0)
(-0.695408 -0.225009 0)
(-0.753715 -0.19954 0)
(-0.804751 -0.172156 0)
(-0.848032 -0.143121 0)
(-0.883145 -0.112714 0)
(-0.909754 -0.0812275 0)
(-0.927596 -0.0489618 0)
(-0.936496 -0.0162255 0)
(-0.936386 0.0166687 0)
(-0.927287 0.0494073 0)
(-0.909284 0.0816795 0)
(-0.882542 0.113178 0)
(-0.847314 0.1436 0)
(-0.803935 0.172656 0)
(-0.75282 0.200066 0)
(-0.694455 0.225564 0)
(-0.629402 0.248903 0)
(-0.558283 0.269856 0)
(-0.481786 0.288217 0)
(-0.400647 0.303804 0)
(-0.315652 0.31646 0)
(-0.227625 0.326061 0)
(-0.13743 0.332512 0)
(-0.0459674 0.335752 0)
(0.0473468 0.24222 0)
(0.141556 0.239879 0)
(0.234475 0.23522 0)
(0.325172 0.228292 0)
(0.412752 0.219162 0)
(0.496364 0.207918 0)
(0.575199 0.194674 0)
(0.648493 0.17956 0)
(0.71554 0.162724 0)
(0.775694 0.144331 0)
(0.828378 0.124559 0)
(0.873088 0.103599 0)
(0.909398 0.0816533 0)
(0.93696 0.0589317 0)
(0.955515 0.0356516 0)
(0.964892 0.0120353 0)
(0.965002 -0.0116932 0)
(0.955826 -0.035308 0)
(0.937436 -0.0585834 0)
(0.910012 -0.0812965 0)
(0.873823 -0.10323 0)
(0.829219 -0.124173 0)
(0.776622 -0.143924 0)
(0.716535 -0.162292 0)
(0.649532 -0.179097 0)
(0.576254 -0.194173 0)
(0.497404 -0.207372 0)
(0.413739 -0.21856 0)
(0.326061 -0.227625 0)
(0.23522 -0.234475 0)
(0.142063 -0.239043 0)
(0.0475616 -0.241284 0)
(-0.0475616 -0.241284 0)
(-0.142063 -0.239043 0)
(-0.23522 -0.234475 0)
(-0.326061 -0.227625 0)
(-0.413739 -0.21856 0)
(-0.497404 -0.207372 0)
(-0.576254 -0.194173 0)
(-0.649532 -0.179097 0)
(-0.716535 -0.162292 0)
(-0.776622 -0.143924 0)
(-0.829219 -0.124173 0)
(-0.873823 -0.10323 0)
(-0.910012 -0.0812965 0)
(-0.937436 -0.0585834 0)
(-0.955826 -0.035308 0)
(-0.965002 -0.0116932 0)
(-0.964892 0.0120353 0)
(-0.955515 0.0356516 0)
(-0.93696 0.0589317 0)
(-0.909398 0.0816533 0)
(-0.873088 0.103599 0)
(-0.828378 0.124559 0)
(-0.775694 0.144331 0)
(-0.71554 0.162724 0)
(-0.648493 0.17956 0)
(-0.575199 0.194674 0)
(-0.496364 0.207918 0)
(-0.412752 0.219162 0)
(-0.325172 0.228292 0)
(-0.234475 0.23522 0)
(-0.141556 0.239879 0)
(-0.0473468 0.24222 0)
(0.0482632 0.146301 0)
(0.144302 0.144882 0)
(0.239043 0.142063 0)
(0.33153 0.137874 0)
(0.420846 0.132357 0)
(0.506122 0.125564 0)
(0.586529 0.117564 0)
(0.661289 0.108436 0)
(0.729679 0.0982678 0)
(0.791039 0.0871596 0)
(0.844782 0.0752187 0)
(0.890391 0.0625603 0)
(0.92743 0.0493063 0)
(0.955548 0.0355839 0)
(0.974477 0.0215242 0)
(0.984041 0.0072615 0)
(0.984152 -0.00706884 0)
(0.974791 -0.0213303 0)
(0.956032 -0.0353863 0)
(0.92806 -0.0491021 0)
(0.891148 -0.0623464 0)
(0.845653 -0.0749921 0)
(0.792007 -0.0869173 0)
(0.730723 -0.0980062 0)
(0.662387 -0.10815 0)
(0.587654 -0.11725 0)
(0.507241 -0.125215 0)
(0.421922 -0.131964 0)
(0.332512 -0.13743 0)
(0.239879 -0.141556 0)
(0.144882 -0.144302 0)
(0.0485093 -0.145642 0)
(-0.0485093 -0.145642 0)
(-0.144882 -0.144302 0)
(-0.239879 -0.141556 0)
(-0.332512 -0.13743 0)
(-0.421922 -0.131964 0)
(-0.507241 -0.125215 0)
(-0.587654 -0.11725 0)
(-0.662387 -0.10815 0)
(-0.730723 -0.0980062 0)
(-0.792007 -0.0869173 0)
(-0.845653 -0.0749921 0)
(-0.891148 -0.0623464 0)
(-0.92806 -0.0491021 0)
(-0.956032 -0.0353863 0)
(-0.974791 -0.0213303 0)
(-0.984152 -0.00706884 0)
(-0.984041 0.0072615 0)
(-0.974477 0.0215242 0)
(-0.955548 0.0355839 0)
(-0.92743 0.0493063 0)
(-0.890391 0.0625603 0)
(-0.844782 0.0752187 0)
(-0.791039 0.0871596 0)
(-0.729679 0.0982678 0)
(-0.661289 0.108436 0)
(-0.586529 0.117564 0)
(-0.506122 0.125564 0)
(-0.420846 0.132357 0)
(-0.33153 0.137874 0)
(-0.239043 0.142063 0)
(-0.144302 0.144882 0)
(-0.0482632 0.146301 0)
(0.0487074 0.0489868 0)
(0.145642 0.0485093 0)
(0.241284 0.0475616 0)
(0.334663 0.0461556 0)
(0.424848 0.0443056 0)
(0.510959 0.0420297 0)
(0.592157 0.0393504 0)
(0.667655 0.036294 0)
(0.736723 0.0328904 0)
(0.798693 0.0291726 0)
(0.852971 0.0251766 0)
(0.899036 0.0209408 0)
(0.936446 0.0165061 0)
(0.964845 0.0119149 0)
(0.983964 0.00721112 0)
(0.993626 0.00243977 0)
(0.99374 -0.0023538 0)
(0.984287 -0.00712407 0)
(0.965346 -0.0118256 0)
(0.9371 -0.0164134 0)
(0.899828 -0.0208438 0)
(0.853888 -0.0250743 0)
(0.799718 -0.0290641 0)
(0.737836 -0.0327745 0)
(0.668834 -0.0361692 0)
(0.593374 -0.0392145 0)
(0.512179 -0.04188 0)
(0.42603 -0.0441387 0)
(0.335752 -0.0459674 0)
(0.24222 -0.0473468 0)
(0.146301 -0.0482632 0)
(0.0489868 -0.0487074 0)
(-0.0489868 -0.0487074 0)
(-0.146301 -0.0482632 0)
(-0.24222 -0.0473468 0)
(-0.335752 -0.0459674 0)
(-0.42603 -0.0441387 0)
(-0.512179 -0.04188 0)
(-0.593374 -0.0392145 0)
(-0.668834 -0.0361692 0)
(-0.737836 -0.0327745 0)
(-0.799718 -0.0290641 0)
(-0.853888 -0.0250743 0)
(-0.899828 -0.0208438 0)
(-0.9371 -0.0164134 0)
(-0.965346 -0.0118256 0)
(-0.984287 -0.00712407 0)
(-0.99374 -0.0023538 0)
(-0.993626 0.00243977 0)
(-0.983964 0.00721112 0)
(-0.964845 0.0119149 0)
(-0.936446 0.0165061 0)
(-0.899036 0.0209408 0)
(-0.852971 0.0251766 0)
(-0.798693 0.0291726 0)
(-0.736723 0.0328904 0)
(-0.667655 0.036294 0)
(-0.592157 0.0393504 0)
(-0.510959 0.0420297 0)
(-0.424848 0.0443056 0)
(-0.334663 0.0461556 0)
(-0.241284 0.0475616 0)
(-0.145642 0.0485093 0)
(-0.0487074 0.0489868 0)
)
;

boundaryField
{
    top
    {
        type            cyclic;
    }
    bottom
    {
        type            cyclic;
    }
    left
    {
        type            cyclic;
    }
    right
    {
        type            cyclic;
    }
    frontAndBack
    {
        type            empty;
    }
}


// ************************************************************************* //
