/*--------------------------------*- C++ -*----------------------------------*\
  =========                 |
  \\      /  F ield         | OpenFOAM: The Open Source CFD Toolbox
   \\    /   O peration     | Website:  https://openfoam.org
    \\  /    A nd           | Version:  11
     \\/     M anipulation  |
\*---------------------------------------------------------------------------*/
FoamFile
{
    format      ascii;
    class       volScalarField;
    location    "1";
    object      p;
}
// * * * * * * * * * * * * * * * * * * * * * * * * * * * * * * * * * * * * * //

dimensions      [0 2 -2 0 0 0 0];

internalField   nonuniform List<scalar> 
8400
(
-0.258257
-0.259688
-0.261288
-0.262774
-0.264276
-0.265868
-0.267548
-0.269303
-0.271142
-0.273078
-0.275128
-0.277307
-0.279638
-0.282145
-0.284858
-0.287816
-0.291063
-0.294656
-0.298628
-0.303247
-0.258149
-0.259665
-0.261322
-0.262794
-0.264276
-0.265869
-0.267552
-0.269308
-0.271146
-0.273082
-0.275132
-0.277312
-0.279642
-0.282149
-0.284863
-0.28782
-0.291067
-0.294651
-0.298599
-0.302855
-0.25802
-0.259609
-0.261325
-0.262786
-0.26424
-0.265821
-0.267503
-0.269254
-0.271082
-0.273006
-0.275042
-0.277206
-0.279516
-0.281997
-0.284677
-0.28759
-0.290772
-0.294253
-0.298019
-0.301994
-0.257849
-0.25949
-0.261266
-0.262733
-0.26416
-0.265724
-0.267398
-0.269137
-0.270946
-0.272846
-0.274854
-0.276983
-0.279249
-0.281675
-0.284285
-0.287104
-0.290156
-0.293446
-0.296923
-0.300461
-0.257635
-0.259312
-0.261141
-0.262621
-0.264025
-0.265564
-0.267221
-0.268941
-0.27072
-0.272581
-0.274542
-0.276614
-0.27881
-0.281148
-0.283644
-0.286316
-0.289169
-0.292182
-0.295269
-0.29824
-0.257378
-0.259081
-0.260951
-0.262444
-0.263827
-0.265338
-0.26697
-0.26866
-0.270398
-0.272207
-0.274103
-0.276095
-0.278194
-0.280409
-0.282753
-0.285228
-0.287823
-0.290493
-0.293118
-0.295466
-0.257081
-0.258803
-0.260702
-0.262204
-0.263568
-0.265047
-0.266647
-0.268298
-0.269985
-0.271728
-0.273542
-0.275435
-0.277411
-0.279475
-0.281631
-0.28387
-0.286165
-0.288449
-0.290582
-0.292306
-0.256752
-0.258487
-0.260404
-0.261909
-0.263254
-0.264701
-0.266262
-0.267867
-0.269493
-0.271158
-0.272877
-0.274654
-0.276487
-0.278377
-0.280319
-0.282295
-0.284264
-0.286146
-0.28779
-0.288934
-0.256401
-0.258144
-0.26007
-0.261572
-0.262897
-0.26431
-0.265829
-0.267381
-0.26894
-0.270519
-0.272133
-0.273781
-0.275458
-0.277159
-0.278872
-0.280572
-0.282208
-0.283694
-0.284877
-0.285511
-0.25604
-0.257789
-0.259716
-0.261209
-0.262511
-0.26389
-0.265365
-0.266861
-0.268348
-0.269837
-0.271339
-0.272853
-0.274368
-0.275873
-0.277353
-0.278776
-0.280088
-0.281201
-0.28197
-0.282176
-0.255685
-0.257436
-0.259356
-0.260834
-0.262113
-0.26346
-0.264891
-0.266329
-0.267743
-0.269141
-0.270531
-0.271909
-0.273262
-0.274575
-0.275827
-0.276985
-0.277994
-0.27877
-0.279182
-0.279042
-0.25535
-0.257099
-0.259006
-0.260464
-0.26172
-0.263037
-0.264426
-0.265808
-0.267151
-0.26846
-0.269743
-0.270991
-0.272189
-0.273319
-0.274359
-0.275273
-0.276009
-0.276491
-0.276605
-0.276197
-0.25505
-0.256793
-0.25868
-0.260113
-0.261348
-0.26264
-0.263991
-0.265321
-0.266596
-0.267825
-0.269009
-0.270137
-0.271193
-0.272157
-0.273006
-0.273705
-0.274206
-0.27444
-0.274315
-0.273706
-0.254798
-0.25653
-0.25839
-0.259795
-0.261013
-0.262285
-0.263603
-0.264885
-0.266102
-0.267259
-0.268356
-0.26938
-0.270313
-0.271133
-0.271819
-0.272336
-0.272641
-0.272676
-0.272364
-0.27161
-0.254604
-0.256319
-0.258142
-0.25952
-0.260727
-0.261987
-0.263277
-0.264519
-0.265686
-0.266784
-0.267809
-0.268747
-0.269577
-0.27028
-0.270833
-0.271204
-0.271355
-0.271236
-0.270786
-0.26993
-0.254477
-0.256165
-0.257942
-0.259294
-0.260499
-0.261754
-0.263022
-0.264231
-0.26536
-0.266413
-0.267383
-0.268253
-0.269005
-0.269619
-0.270071
-0.270332
-0.270369
-0.270139
-0.26959
-0.268667
-0.254418
-0.256066
-0.257787
-0.259119
-0.260334
-0.261589
-0.262841
-0.264026
-0.265129
-0.266151
-0.267082
-0.267905
-0.268602
-0.269154
-0.269537
-0.269724
-0.269684
-0.269379
-0.268767
-0.2678
-0.254423
-0.256018
-0.257674
-0.258999
-0.260232
-0.261491
-0.262731
-0.2639
-0.264989
-0.265993
-0.2669
-0.267695
-0.268361
-0.268876
-0.269218
-0.269362
-0.269277
-0.268929
-0.26828
-0.267289
-0.254473
-0.255992
-0.25759
-0.258928
-0.260186
-0.261449
-0.262679
-0.263841
-0.264923
-0.265919
-0.266816
-0.267598
-0.268248
-0.268747
-0.269071
-0.269195
-0.26909
-0.268723
-0.268058
-0.267055
-0.25457
-0.256
-0.257548
-0.258904
-0.260185
-0.26145
-0.262678
-0.26384
-0.264925
-0.265922
-0.266819
-0.267603
-0.268254
-0.268755
-0.269081
-0.269207
-0.269105
-0.268741
-0.26808
-0.267081
-0.305764
-0.312639
-0.31976
-0.316446
-0.297062
-0.263114
-0.223434
-0.189966
-0.173208
-0.178866
-0.208027
-0.256463
-0.315802
-0.37795
-0.437968
-0.492978
-0.539891
-0.575021
-0.595487
-0.599982
-0.589233
-0.56548
-0.531716
-0.491143
-0.446884
-0.401841
-0.358659
-0.319713
-0.287092
-0.262527
-0.24728
-0.242004
-0.246592
-0.260145
-0.281253
-0.308569
-0.341167
-0.37824
-0.418493
-0.459795
-0.499221
-0.533388
-0.558936
-0.572937
-0.573075
-0.556976
-0.522458
-0.468401
-0.396748
-0.31386
-0.229157
-0.151731
-0.0874991
-0.0384086
-0.00334093
0.020376
0.0356856
0.0450966
0.0504996
0.0532681
0.0544064
0.0546329
0.0544149
0.0540142
0.0535543
0.0530846
0.052622
0.0521708
0.0517302
0.0512984
0.0508732
0.050453
0.0500368
0.0496237
0.0492132
0.0488048
0.0483984
0.0479936
0.0475907
0.0471891
0.0467888
0.0463896
0.0459915
0.0455943
0.0451979
0.0448022
0.0444072
0.0440128
0.0436188
0.0432253
0.0428321
0.0424393
0.0420467
0.0416543
0.0412622
0.0408701
0.0404782
0.0400864
0.0396947
0.0393031
0.0389116
0.0385201
0.0381287
0.0377373
0.037346
0.0369547
0.0365634
0.0361722
0.035781
0.0353898
0.0349986
0.0346075
0.0342163
0.0338251
0.033434
0.0330429
0.0326519
0.0322608
0.0318698
0.0314788
0.0310878
0.0306969
0.0303059
0.0299149
0.029524
0.029133
0.0287421
0.0283513
0.0279605
0.0275696
0.0271788
0.026788
0.0263972
0.0260064
0.0256156
0.0252248
0.0248339
0.024443
0.0240521
0.0236611
0.0232702
0.0228792
0.0224882
0.0220971
0.0217061
0.0213151
0.020924
0.020533
0.0201419
0.0197509
0.0193598
0.0189687
0.0185777
0.0181866
0.0177955
0.0174044
0.0170132
0.0166221
0.016231
0.0158399
0.0154488
0.0150577
0.0146666
0.0142754
0.0138843
0.0134932
0.0131021
0.012711
0.0123199
0.0119288
0.0115376
0.0111466
0.0107555
0.0103644
0.00997329
0.00958218
0.00919107
0.00879995
0.00840884
0.00801774
0.00762665
0.00723557
0.00684447
0.00645337
0.00606226
0.00567114
0.00528002
0.0048889
0.00449777
0.00410665
0.00371552
0.0033244
0.00293329
0.00254218
0.00215108
0.00175999
0.00136889
0.000977792
0.000586681
0.000195562
-0.306396
-0.311929
-0.316647
-0.311583
-0.291764
-0.259057
-0.22174
-0.190793
-0.175577
-0.181452
-0.209747
-0.255824
-0.311695
-0.370085
-0.426335
-0.477495
-0.520812
-0.553148
-0.571839
-0.57553
-0.564639
-0.541136
-0.507923
-0.468275
-0.425435
-0.38238
-0.341733
-0.305756
-0.276353
-0.255031
-0.24281
-0.240092
-0.246556
-0.261246
-0.283022
-0.311133
-0.345237
-0.384739
-0.428172
-0.473014
-0.515895
-0.553052
-0.580857
-0.596246
-0.596992
-0.580991
-0.546173
-0.491083
-0.417022
-0.330015
-0.239906
-0.156791
-0.0875999
-0.0348912
0.00232398
0.0269355
0.0422635
0.0511969
0.0559198
0.0579833
0.0584708
0.0581199
0.0573945
0.0565502
0.0557059
0.0549066
0.0541631
0.0534733
0.0528303
0.0522268
0.0516561
0.0511126
0.0505919
0.0500905
0.0496054
0.0491341
0.0486745
0.0482249
0.0477845
0.0473512
0.0469243
0.0465028
0.0460859
0.045673
0.0452635
0.0448568
0.0444526
0.0440505
0.0436502
0.0432513
0.0428537
0.0424571
0.0420615
0.0416666
0.0412722
0.0408784
0.040485
0.040092
0.0396993
0.0393069
0.0389147
0.0385227
0.0381308
0.0377391
0.0373474
0.0369558
0.0365644
0.036173
0.0357816
0.0353903
0.034999
0.0346078
0.0342165
0.0338253
0.0334342
0.033043
0.032652
0.0322609
0.0318699
0.0314789
0.0310879
0.0306969
0.0303059
0.0299149
0.029524
0.029133
0.0287422
0.0283513
0.0279605
0.0275697
0.0271789
0.0267881
0.0263973
0.0260065
0.0256156
0.0252248
0.0248339
0.024443
0.0240521
0.0236611
0.0232702
0.0228792
0.0224882
0.0220971
0.0217061
0.0213151
0.020924
0.020533
0.0201419
0.0197509
0.0193598
0.0189687
0.0185777
0.0181866
0.0177955
0.0174044
0.0170132
0.0166221
0.016231
0.0158399
0.0154488
0.0150577
0.0146665
0.0142754
0.0138843
0.0134932
0.0131021
0.012711
0.0123199
0.0119287
0.0115376
0.0111465
0.0107555
0.0103644
0.00997329
0.00958218
0.00919106
0.00879995
0.00840884
0.00801774
0.00762665
0.00723557
0.00684448
0.00645338
0.00606227
0.00567115
0.00528003
0.00488891
0.00449778
0.00410666
0.00371554
0.00332441
0.0029333
0.00254219
0.00215109
0.00176
0.0013689
0.000977798
0.000586685
0.000195563
-0.305587
-0.309625
-0.311755
-0.305236
-0.285947
-0.255807
-0.222193
-0.194779
-0.181848
-0.188199
-0.214699
-0.257439
-0.309317
-0.363603
-0.415773
-0.462847
-0.502005
-0.53078
-0.546536
-0.548081
-0.536
-0.512257
-0.479691
-0.441493
-0.400802
-0.360461
-0.322935
-0.290303
-0.264268
-0.24612
-0.236652
-0.236055
-0.243879
-0.259277
-0.281564
-0.310633
-0.346546
-0.388688
-0.435309
-0.483498
-0.529535
-0.569391
-0.599223
-0.615811
-0.616912
-0.600636
-0.565144
-0.508957
-0.432987
-0.342884
-0.248622
-0.160975
-0.0876951
-0.0319013
0.00722217
0.0326991
0.0481374
0.0567345
0.0609201
0.0623988
0.062326
0.0614613
0.060272
0.059014
0.0578062
0.0566917
0.0556775
0.0547562
0.0539159
0.0531442
0.0524304
0.0517654
0.0511417
0.0505529
0.0499939
0.0494603
0.0489481
0.0484538
0.0479764
0.0475117
0.0470584
0.0466147
0.0461793
0.0457509
0.0453283
0.0449108
0.0444975
0.0440878
0.0436811
0.043277
0.042875
0.0424748
0.0420761
0.0416786
0.0412822
0.0408866
0.0404918
0.0400976
0.0397039
0.0393107
0.0389178
0.0385252
0.0381329
0.0377408
0.0373488
0.036957
0.0365653
0.0361737
0.0357822
0.0353908
0.0349994
0.0346081
0.0342168
0.0338255
0.0334343
0.0330432
0.0326521
0.032261
0.03187
0.0314789
0.0310879
0.0306969
0.0303059
0.0299149
0.029524
0.0291331
0.0287422
0.0283513
0.0279605
0.0275697
0.0271789
0.0267881
0.0263973
0.0260065
0.0256156
0.0252248
0.0248339
0.024443
0.0240521
0.0236611
0.0232702
0.0228792
0.0224882
0.0220971
0.0217061
0.0213151
0.020924
0.020533
0.0201419
0.0197509
0.0193598
0.0189687
0.0185776
0.0181865
0.0177954
0.0174043
0.0170132
0.0166221
0.016231
0.0158399
0.0154488
0.0150577
0.0146665
0.0142754
0.0138843
0.0134932
0.0131021
0.012711
0.0123199
0.0119287
0.0115376
0.0111465
0.0107555
0.0103644
0.00997328
0.00958217
0.00919106
0.00879994
0.00840883
0.00801774
0.00762665
0.00723557
0.00684448
0.00645338
0.00606228
0.00567116
0.00528004
0.00488892
0.0044978
0.00410667
0.00371555
0.00332443
0.00293331
0.00254221
0.00215111
0.00176001
0.00136891
0.000977802
0.000586687
0.000195564
-0.303571
-0.306111
-0.306033
-0.298504
-0.280404
-0.253534
-0.224233
-0.200746
-0.190197
-0.196729
-0.221093
-0.259902
-0.307059
-0.356559
-0.40398
-0.446087
-0.480472
-0.504875
-0.517051
-0.516156
-0.502944
-0.479344
-0.448038
-0.41201
-0.374171
-0.337144
-0.30318
-0.274152
-0.251552
-0.236461
-0.229471
-0.230608
-0.239399
-0.25525
-0.278044
-0.308213
-0.345976
-0.390572
-0.439972
-0.490969
-0.539637
-0.581779
-0.613364
-0.630981
-0.632308
-0.615565
-0.579141
-0.521745
-0.444198
-0.351882
-0.254707
-0.163794
-0.0874539
-0.0292562
0.0114272
0.037674
0.0532829
0.0616748
0.0654664
0.066484
0.0659446
0.0646326
0.063026
0.0613874
0.0598399
0.0584273
0.0571547
0.0560107
0.0549792
0.054044
0.0531906
0.0524067
0.0516819
0.0510075
0.0503759
0.049781
0.0492172
0.0486807
0.0481651
0.0476694
0.0471901
0.0467246
0.046271
0.0458272
0.0453919
0.0449637
0.0445415
0.0441244
0.0437115
0.0433021
0.0428958
0.042492
0.0420903
0.0416904
0.0412919
0.0408946
0.0404984
0.040103
0.0397084
0.0393144
0.0389208
0.0385277
0.0381349
0.0377424
0.0373501
0.0369581
0.0365662
0.0361744
0.0357828
0.0353913
0.0349998
0.0346084
0.034217
0.0338257
0.0334345
0.0330433
0.0326522
0.0322611
0.03187
0.031479
0.0310879
0.0306969
0.0303059
0.0299149
0.029524
0.0291331
0.0287422
0.0283514
0.0279605
0.0275697
0.0271789
0.0267881
0.0263973
0.0260065
0.0256157
0.0252248
0.0248339
0.024443
0.0240521
0.0236611
0.0232702
0.0228792
0.0224882
0.0220971
0.0217061
0.021315
0.020924
0.020533
0.0201419
0.0197509
0.0193598
0.0189687
0.0185776
0.0181865
0.0177954
0.0174043
0.0170132
0.0166221
0.016231
0.0158399
0.0154488
0.0150577
0.0146665
0.0142754
0.0138843
0.0134932
0.0131021
0.012711
0.0123199
0.0119287
0.0115376
0.0111465
0.0107555
0.0103644
0.00997327
0.00958216
0.00919105
0.00879994
0.00840883
0.00801774
0.00762665
0.00723557
0.00684448
0.00645339
0.00606228
0.00567117
0.00528005
0.00488893
0.00449781
0.00410668
0.00371556
0.00332444
0.00293333
0.00254222
0.00215112
0.00176002
0.00136892
0.000977806
0.000586688
0.000195564
-0.30062
-0.301822
-0.300087
-0.292048
-0.275533
-0.252167
-0.227233
-0.207587
-0.199212
-0.205575
-0.227308
-0.261561
-0.303263
-0.347107
-0.38888
-0.425594
-0.454937
-0.474813
-0.483542
-0.48058
-0.46674
-0.44387
-0.414454
-0.381211
-0.346778
-0.313512
-0.283423
-0.258154
-0.238987
-0.226806
-0.222023
-0.224561
-0.234021
-0.250186
-0.273504
-0.30472
-0.344046
-0.390572
-0.442071
-0.495167
-0.545837
-0.589766
-0.622756
-0.641201
-0.642639
-0.625331
-0.587843
-0.529193
-0.450357
-0.35662
-0.25773
-0.164854
-0.0865731
-0.0267532
0.0150585
0.041922
0.0577265
0.0660243
0.0695537
0.0702269
0.0693105
0.0676164
0.0656396
0.063655
0.0617935
0.0601018
0.0585846
0.0572281
0.0560132
0.0549201
0.0539315
0.0530321
0.0522089
0.0514509
0.0507485
0.0500937
0.0494793
0.0488998
0.0483488
0.0478229
0.0473182
0.0468316
0.0463601
0.0459015
0.0454537
0.0450151
0.0445842
0.0441598
0.0437409
0.0433265
0.042916
0.0425087
0.0421041
0.0417018
0.0413013
0.0409024
0.0405048
0.0401083
0.0397127
0.0393179
0.0389238
0.0385301
0.0381369
0.037744
0.0373514
0.0369591
0.036567
0.0361751
0.0357833
0.0353917
0.0350001
0.0346087
0.0342173
0.0338259
0.0334347
0.0330434
0.0326523
0.0322612
0.0318701
0.031479
0.031088
0.0306969
0.0303059
0.029915
0.029524
0.0291331
0.0287422
0.0283514
0.0279606
0.0275698
0.0271789
0.0267881
0.0263973
0.0260065
0.0256157
0.0252248
0.0248339
0.024443
0.0240521
0.0236611
0.0232702
0.0228792
0.0224881
0.0220971
0.0217061
0.021315
0.020924
0.020533
0.0201419
0.0197509
0.0193598
0.0189687
0.0185776
0.0181865
0.0177954
0.0174043
0.0170132
0.0166221
0.016231
0.0158399
0.0154488
0.0150576
0.0146665
0.0142754
0.0138843
0.0134932
0.0131021
0.012711
0.0123199
0.0119287
0.0115376
0.0111465
0.0107555
0.0103644
0.00997326
0.00958215
0.00919104
0.00879993
0.00840883
0.00801774
0.00762665
0.00723557
0.00684448
0.00645339
0.00606229
0.00567118
0.00528006
0.00488894
0.00449782
0.00410669
0.00371557
0.00332446
0.00293334
0.00254224
0.00215113
0.00176003
0.00136892
0.00097781
0.000586691
0.000195565
-0.297055
-0.297152
-0.2943
-0.286196
-0.271453
-0.251511
-0.230671
-0.214512
-0.207954
-0.213921
-0.232585
-0.261942
-0.297737
-0.335395
-0.371188
-0.402279
-0.426486
-0.44201
-0.44762
-0.443014
-0.429034
-0.407414
-0.380404
-0.350427
-0.319812
-0.290625
-0.264604
-0.243159
-0.227359
-0.217901
-0.215051
-0.218683
-0.228572
-0.244966
-0.26873
-0.300699
-0.341059
-0.388799
-0.441605
-0.496024
-0.547997
-0.593125
-0.627074
-0.646063
-0.647469
-0.629529
-0.590947
-0.531104
-0.451312
-0.356922
-0.257462
-0.163905
-0.0848209
-0.0242032
0.018258
0.0455431
0.0615341
0.0698224
0.0732006
0.0736304
0.0724168
0.0704007
0.0680995
0.0658041
0.0636555
0.0617051
0.0599585
0.0584009
0.057011
0.0557667
0.0546479
0.0536371
0.0527188
0.0518799
0.051109
0.0503961
0.0497327
0.0491117
0.0485261
0.047971
0.0474419
0.0469347
0.046446
0.045973
0.0455132
0.0450645
0.0446253
0.0441939
0.0437691
0.0433499
0.0429354
0.0425247
0.0421174
0.0417127
0.0413103
0.0409098
0.0405109
0.0401133
0.0397169
0.0393213
0.0389265
0.0385324
0.0381387
0.0377455
0.0373527
0.0369601
0.0365678
0.0361758
0.0357839
0.0353921
0.0350005
0.0346089
0.0342175
0.0338261
0.0334348
0.0330436
0.0326524
0.0322612
0.0318701
0.031479
0.031088
0.0306969
0.0303059
0.029915
0.029524
0.0291331
0.0287423
0.0283514
0.0279606
0.0275698
0.027179
0.0267882
0.0263974
0.0260065
0.0256157
0.0252248
0.0248339
0.024443
0.0240521
0.0236611
0.0232702
0.0228792
0.0224881
0.0220971
0.0217061
0.021315
0.020924
0.0205329
0.0201419
0.0197508
0.0193598
0.0189687
0.0185776
0.0181865
0.0177954
0.0174043
0.0170132
0.0166221
0.016231
0.0158399
0.0154488
0.0150576
0.0146665
0.0142754
0.0138843
0.0134932
0.0131021
0.012711
0.0123199
0.0119287
0.0115376
0.0111465
0.0107554
0.0103644
0.00997325
0.00958214
0.00919104
0.00879993
0.00840883
0.00801774
0.00762665
0.00723557
0.00684449
0.00645339
0.00606229
0.00567118
0.00528007
0.00488895
0.00449783
0.00410671
0.00371559
0.00332447
0.00293336
0.00254225
0.00215114
0.00176004
0.00136893
0.000977815
0.000586693
0.000195565
-0.293154
-0.292402
-0.288887
-0.281066
-0.268133
-0.251348
-0.234147
-0.220979
-0.215789
-0.220907
-0.236516
-0.26092
-0.290719
-0.322105
-0.35178
-0.377189
-0.396384
-0.407886
-0.41079
-0.404996
-0.391347
-0.37143
-0.347242
-0.320893
-0.294382
-0.269463
-0.247594
-0.22994
-0.217363
-0.210385
-0.209156
-0.213574
-0.223707
-0.240242
-0.264223
-0.296497
-0.33725
-0.385432
-0.438719
-0.493648
-0.546162
-0.59182
-0.626198
-0.645364
-0.646541
-0.627899
-0.588274
-0.527428
-0.4471
-0.352835
-0.253891
-0.160863
-0.0820667
-0.0214581
0.0211669
0.0486572
0.0647972
0.0731303
0.0764408
0.0767072
0.0752627
0.0729782
0.0703959
0.0678247
0.0654164
0.0632284
0.0612684
0.059522
0.0579665
0.0565783
0.0553352
0.0542175
0.053208
0.0522914
0.0514546
0.050686
0.0499757
0.0493147
0.0486957
0.0481126
0.04756
0.0470331
0.046528
0.0460412
0.0455699
0.0451116
0.0446643
0.0442263
0.043796
0.0433722
0.0429538
0.0425399
0.0421299
0.041723
0.0413188
0.0409168
0.0405167
0.0401181
0.0397208
0.0393245
0.0389292
0.0385345
0.0381405
0.037747
0.0373538
0.0369611
0.0365686
0.0361764
0.0357844
0.0353925
0.0350008
0.0346092
0.0342177
0.0338263
0.0334349
0.0330437
0.0326525
0.0322613
0.0318702
0.0314791
0.031088
0.030697
0.030306
0.029915
0.029524
0.0291331
0.0287423
0.0283514
0.0279606
0.0275698
0.027179
0.0267882
0.0263974
0.0260066
0.0256157
0.0252248
0.0248339
0.024443
0.0240521
0.0236611
0.0232702
0.0228792
0.0224881
0.0220971
0.0217061
0.021315
0.020924
0.0205329
0.0201419
0.0197508
0.0193598
0.0189687
0.0185776
0.0181865
0.0177954
0.0174043
0.0170132
0.0166221
0.016231
0.0158399
0.0154488
0.0150576
0.0146665
0.0142754
0.0138843
0.0134932
0.0131021
0.012711
0.0123199
0.0119287
0.0115376
0.0111465
0.0107554
0.0103643
0.00997324
0.00958214
0.00919103
0.00879992
0.00840883
0.00801773
0.00762665
0.00723557
0.00684449
0.0064534
0.0060623
0.00567119
0.00528008
0.00488896
0.00449784
0.00410672
0.0037156
0.00332448
0.00293337
0.00254226
0.00215115
0.00176005
0.00136894
0.000977819
0.000586695
0.000195566
-0.289147
-0.28779
-0.283966
-0.276662
-0.26547
-0.25148
-0.237385
-0.22666
-0.222402
-0.226445
-0.238946
-0.258511
-0.282468
-0.307698
-0.331395
-0.351346
-0.365882
-0.373805
-0.374475
-0.367953
-0.355064
-0.337229
-0.316179
-0.293702
-0.271456
-0.250871
-0.233119
-0.219112
-0.20951
-0.204677
-0.204701
-0.209616
-0.219865
-0.236397
-0.260276
-0.292371
-0.332865
-0.380732
-0.433678
-0.488287
-0.540545
-0.586016
-0.620245
-0.639169
-0.639872
-0.620443
-0.579887
-0.518341
-0.437991
-0.344651
-0.247231
-0.155825
-0.0782945
-0.0184274
0.0239087
0.0513871
0.0676169
0.0760178
0.0793136
0.0794735
0.0778507
0.0753445
0.0725219
0.0697089
0.0670684
0.0646642
0.0625076
0.060585
0.058874
0.0573497
0.0559887
0.0547695
0.0536731
0.0526825
0.0517828
0.050961
0.0502058
0.0495069
0.0488563
0.0482466
0.0476716
0.0471261
0.0466053
0.0461055
0.0456233
0.0451559
0.0447011
0.0442567
0.0438212
0.043393
0.042971
0.0425542
0.0421416
0.0417327
0.0413268
0.0409234
0.0405221
0.0401225
0.0397244
0.0393275
0.0389316
0.0385365
0.0381421
0.0377483
0.0373549
0.0369619
0.0365693
0.0361769
0.0357848
0.0353929
0.0350011
0.0346094
0.0342179
0.0338264
0.0334351
0.0330438
0.0326525
0.0322613
0.0318702
0.0314791
0.031088
0.030697
0.030306
0.029915
0.0295241
0.0291332
0.0287423
0.0283514
0.0279606
0.0275698
0.027179
0.0267882
0.0263974
0.0260066
0.0256157
0.0252248
0.024834
0.024443
0.0240521
0.0236611
0.0232702
0.0228792
0.0224881
0.0220971
0.0217061
0.021315
0.020924
0.0205329
0.0201419
0.0197508
0.0193598
0.0189687
0.0185776
0.0181865
0.0177954
0.0174043
0.0170132
0.0166221
0.016231
0.0158399
0.0154488
0.0150576
0.0146665
0.0142754
0.0138843
0.0134932
0.0131021
0.012711
0.0123199
0.0119287
0.0115376
0.0111465
0.0107554
0.0103643
0.00997323
0.00958213
0.00919102
0.00879992
0.00840882
0.00801773
0.00762665
0.00723557
0.00684449
0.0064534
0.0060623
0.0056712
0.00528008
0.00488897
0.00449785
0.00410673
0.00371561
0.0033245
0.00293338
0.00254227
0.00215116
0.00176005
0.00136894
0.000977823
0.000586698
0.000195567
-0.285217
-0.283464
-0.279586
-0.272931
-0.263345
-0.251746
-0.240209
-0.231392
-0.227675
-0.230476
-0.239919
-0.254902
-0.273348
-0.292772
-0.310868
-0.325783
-0.336133
-0.340986
-0.339925
-0.333129
-0.321383
-0.305932
-0.288236
-0.269757
-0.251809
-0.235494
-0.221683
-0.211038
-0.204024
-0.2009
-0.20179
-0.206994
-0.217257
-0.233593
-0.257065
-0.288541
-0.328169
-0.375
-0.426885
-0.480371
-0.531588
-0.576151
-0.609631
-0.627872
-0.62781
-0.607517
-0.566182
-0.504324
-0.424555
-0.33292
-0.237907
-0.149047
-0.0735982
-0.0150837
0.0265764
0.0538434
0.0700887
0.0785507
0.0818555
0.0819446
0.080184
0.0774975
0.0744729
0.0714512
0.0686054
0.0660064
0.0636697
0.0615843
0.059728
0.0580762
0.0566042
0.0552893
0.0541108
0.0530502
0.0520911
0.0512192
0.0504215
0.0496871
0.0490066
0.0483718
0.0477759
0.0472128
0.0466773
0.0461653
0.0456729
0.0451971
0.0447352
0.044285
0.0438445
0.0434123
0.0429869
0.0425673
0.0421525
0.0417416
0.0413342
0.0409295
0.0405271
0.0401266
0.0397278
0.0393302
0.0389338
0.0385383
0.0381436
0.0377495
0.0373559
0.0369627
0.0365699
0.0361775
0.0357852
0.0353932
0.0350014
0.0346097
0.0342181
0.0338266
0.0334352
0.0330438
0.0326526
0.0322614
0.0318702
0.0314791
0.031088
0.030697
0.030306
0.029915
0.0295241
0.0291332
0.0287423
0.0283515
0.0279606
0.0275698
0.027179
0.0267882
0.0263974
0.0260066
0.0256157
0.0252249
0.024834
0.024443
0.0240521
0.0236611
0.0232702
0.0228791
0.0224881
0.0220971
0.0217061
0.021315
0.020924
0.0205329
0.0201419
0.0197508
0.0193597
0.0189687
0.0185776
0.0181865
0.0177954
0.0174043
0.0170132
0.0166221
0.016231
0.0158399
0.0154488
0.0150576
0.0146665
0.0142754
0.0138843
0.0134932
0.0131021
0.012711
0.0123199
0.0119287
0.0115376
0.0111465
0.0107554
0.0103643
0.00997322
0.00958212
0.00919102
0.00879992
0.00840882
0.00801773
0.00762665
0.00723557
0.00684449
0.0064534
0.00606231
0.0056712
0.00528009
0.00488897
0.00449786
0.00410674
0.00371562
0.00332451
0.0029334
0.00254228
0.00215117
0.00176006
0.00136895
0.000977828
0.000586701
0.000195568
-0.281499
-0.27952
-0.275755
-0.269798
-0.261639
-0.252029
-0.242533
-0.23514
-0.23164
-0.233107
-0.239642
-0.250404
-0.263814
-0.277951
-0.290982
-0.301413
-0.308147
-0.310493
-0.308215
-0.301571
-0.291291
-0.27844
-0.264207
-0.249728
-0.235973
-0.223707
-0.213492
-0.205746
-0.200796
-0.198896
-0.200345
-0.205724
-0.215898
-0.231871
-0.254698
-0.285185
-0.323454
-0.368595
-0.418866
-0.470502
-0.519988
-0.562987
-0.595083
-0.612099
-0.611008
-0.589849
-0.547947
-0.486241
-0.407665
-0.318405
-0.226514
-0.140918
-0.0681612
-0.0114574
0.0292265
0.0561106
0.0722874
0.0807792
0.0840928
0.0841313
0.0822658
0.0794365
0.0762463
0.0730477
0.0700228
0.0672499
0.0647498
0.0625146
0.0605239
0.0587533
0.0571777
0.0557732
0.054518
0.0533919
0.0523776
0.0514585
0.0506212
0.0498536
0.0491453
0.0484873
0.0478719
0.0472925
0.0467435
0.0462201
0.0457184
0.0452347
0.0447663
0.0443107
0.0438658
0.0434299
0.0430014
0.0425792
0.0421623
0.0417497
0.0413408
0.0409349
0.0405316
0.0401303
0.0397308
0.0393327
0.0389358
0.03854
0.0381449
0.0377506
0.0373568
0.0369634
0.0365705
0.0361779
0.0357856
0.0353935
0.0350016
0.0346098
0.0342182
0.0338267
0.0334353
0.0330439
0.0326526
0.0322614
0.0318703
0.0314791
0.031088
0.030697
0.030306
0.029915
0.0295241
0.0291332
0.0287423
0.0283515
0.0279607
0.0275698
0.027179
0.0267882
0.0263974
0.0260066
0.0256157
0.0252249
0.024834
0.024443
0.0240521
0.0236611
0.0232702
0.0228791
0.0224881
0.0220971
0.021706
0.021315
0.0209239
0.0205329
0.0201418
0.0197508
0.0193597
0.0189687
0.0185776
0.0181865
0.0177954
0.0174043
0.0170132
0.0166221
0.016231
0.0158399
0.0154488
0.0150576
0.0146665
0.0142754
0.0138843
0.0134932
0.0131021
0.012711
0.0123199
0.0119287
0.0115376
0.0111465
0.0107554
0.0103643
0.00997322
0.00958211
0.00919101
0.00879992
0.00840882
0.00801773
0.00762665
0.00723557
0.00684449
0.0064534
0.00606231
0.0056712
0.0052801
0.00488898
0.00449787
0.00410675
0.00371564
0.00332452
0.00293341
0.00254229
0.00215118
0.00176007
0.00136895
0.000977832
0.000586703
0.000195569
-0.278093
-0.276012
-0.272459
-0.267187
-0.260257
-0.252256
-0.24434
-0.23796
-0.23443
-0.23455
-0.23841
-0.245398
-0.254351
-0.263834
-0.27245
-0.279045
-0.282792
-0.283212
-0.280212
-0.274099
-0.265535
-0.255402
-0.244622
-0.234007
-0.224176
-0.215544
-0.208375
-0.202901
-0.19943
-0.198349
-0.200193
-0.205688
-0.215693
-0.231205
-0.253221
-0.282455
-0.319016
-0.362107
-0.409948
-0.459242
-0.506419
-0.547287
-0.577482
-0.592885
-0.590507
-0.568489
-0.52629
-0.465132
-0.388391
-0.30208
-0.213768
-0.131903
-0.0622259
-0.00762602
0.0318739
0.058236
0.0742563
0.08273
0.0860385
0.0860395
0.0840988
0.0811627
0.0778417
0.0744963
0.0713172
0.0683905
0.065743
0.0633712
0.061257
0.0593767
0.0577053
0.0562179
0.0548917
0.0537054
0.0526393
0.051677
0.0508033
0.0500052
0.0492713
0.048592
0.0479588
0.0473646
0.0468032
0.0462696
0.0457593
0.0452685
0.0447943
0.0443338
0.0438848
0.0434455
0.0430143
0.0425899
0.042171
0.0417569
0.0413467
0.0409398
0.0405355
0.0401335
0.0397334
0.0393348
0.0389376
0.0385414
0.0381461
0.0377515
0.0373575
0.036964
0.036571
0.0361783
0.0357859
0.0353938
0.0350018
0.03461
0.0342183
0.0338268
0.0334353
0.033044
0.0326527
0.0322615
0.0318703
0.0314792
0.0310881
0.030697
0.030306
0.029915
0.0295241
0.0291332
0.0287423
0.0283515
0.0279607
0.0275699
0.0271791
0.0267883
0.0263974
0.0260066
0.0256158
0.0252249
0.024834
0.0244431
0.0240521
0.0236611
0.0232702
0.0228791
0.0224881
0.0220971
0.021706
0.021315
0.0209239
0.0205329
0.0201418
0.0197508
0.0193597
0.0189686
0.0185776
0.0181865
0.0177954
0.0174043
0.0170132
0.0166221
0.016231
0.0158399
0.0154488
0.0150576
0.0146665
0.0142754
0.0138843
0.0134932
0.0131021
0.012711
0.0123199
0.0119287
0.0115376
0.0111465
0.0107554
0.0103643
0.00997321
0.00958211
0.00919101
0.00879991
0.00840882
0.00801774
0.00762665
0.00723557
0.00684449
0.0064534
0.00606231
0.00567121
0.0052801
0.00488899
0.00449788
0.00410676
0.00371565
0.00332453
0.00293342
0.0025423
0.00215119
0.00176008
0.00136896
0.000977836
0.000586706
0.00019557
-0.275065
-0.272969
-0.269673
-0.265032
-0.259123
-0.252392
-0.245662
-0.239964
-0.23624
-0.235077
-0.236564
-0.240286
-0.245428
-0.250968
-0.255888
-0.259347
-0.260757
-0.25982
-0.256551
-0.25128
-0.24459
-0.237183
-0.229713
-0.222657
-0.216277
-0.210646
-0.205789
-0.201893
-0.199403
-0.198918
-0.201113
-0.2067
-0.216518
-0.231524
-0.252617
-0.280448
-0.315047
-0.355718
-0.400767
-0.447257
-0.491689
-0.530007
-0.557935
-0.571456
-0.567668
-0.544822
-0.502569
-0.442334
-0.367738
-0.284743
-0.200561
-0.122493
-0.0560627
-0.00370586
0.0344873
0.0602198
0.0759996
0.0844045
0.0876933
0.0876715
0.0856863
0.0826788
0.07926
0.0757962
0.0724861
0.0694243
0.066645
0.0641496
0.0619229
0.0599424
0.0581832
0.0566201
0.0552289
0.0539872
0.0528745
0.0518729
0.0509662
0.0501405
0.0493836
0.0486851
0.0480359
0.0474284
0.046856
0.0463132
0.0457953
0.0452983
0.0448188
0.044354
0.0439014
0.0434592
0.0430256
0.0425991
0.0421786
0.0417631
0.0413518
0.0409439
0.0405389
0.0401363
0.0397357
0.0393367
0.0389391
0.0385426
0.0381471
0.0377523
0.0373582
0.0369646
0.0365714
0.0361786
0.0357862
0.035394
0.035002
0.0346101
0.0342184
0.0338269
0.0334354
0.033044
0.0326527
0.0322615
0.0318703
0.0314792
0.0310881
0.030697
0.030306
0.029915
0.0295241
0.0291332
0.0287423
0.0283515
0.0279607
0.0275699
0.0271791
0.0267883
0.0263975
0.0260066
0.0256158
0.0252249
0.024834
0.0244431
0.0240521
0.0236611
0.0232702
0.0228791
0.0224881
0.0220971
0.021706
0.021315
0.0209239
0.0205329
0.0201418
0.0197508
0.0193597
0.0189686
0.0185776
0.0181865
0.0177954
0.0174043
0.0170132
0.0166221
0.016231
0.0158399
0.0154488
0.0150576
0.0146665
0.0142754
0.0138843
0.0134932
0.0131021
0.012711
0.0123199
0.0119287
0.0115376
0.0111465
0.0107554
0.0103643
0.0099732
0.0095821
0.00919101
0.00879991
0.00840882
0.00801774
0.00762665
0.00723557
0.00684449
0.00645341
0.00606231
0.00567121
0.00528011
0.004889
0.00449788
0.00410677
0.00371566
0.00332454
0.00293343
0.00254231
0.0021512
0.00176008
0.00136896
0.000977839
0.000586708
0.00019557
-0.272459
-0.2704
-0.267367
-0.263273
-0.258188
-0.25243
-0.246564
-0.241299
-0.237294
-0.234977
-0.234446
-0.235452
-0.237468
-0.239809
-0.241783
-0.242817
-0.242527
-0.24076
-0.237611
-0.233408
-0.228645
-0.223839
-0.219365
-0.21536
-0.211731
-0.208276
-0.204937
-0.202033
-0.200241
-0.2003
-0.202856
-0.208567
-0.218233
-0.232716
-0.252844
-0.279151
-0.311669
-0.349745
-0.391808
-0.435217
-0.476631
-0.51215
-0.537615
-0.549124
-0.543879
-0.520332
-0.478239
-0.419213
-0.347005
-0.267464
-0.18734
-0.113215
-0.0499511
0.000149341
0.0369836
0.0620127
0.0774854
0.0857846
0.0890512
0.0890288
0.0870329
0.0839887
0.0805031
0.0769465
0.0735265
0.0703472
0.0674509
0.0648447
0.0625167
0.0604459
0.0586078
0.0569764
0.0555268
0.0542356
0.0530813
0.0520446
0.0511087
0.0502586
0.0494814
0.048766
0.0481027
0.0474836
0.0469016
0.0463508
0.0458263
0.0453238
0.0448397
0.0443712
0.0439156
0.0434708
0.0430351
0.0426069
0.042185
0.0417684
0.0413561
0.0409474
0.0405418
0.0401386
0.0397375
0.0393382
0.0389403
0.0385436
0.0381479
0.0377529
0.0373587
0.036965
0.0365717
0.0361789
0.0357864
0.0353941
0.0350021
0.0346102
0.0342185
0.0338269
0.0334354
0.0330441
0.0326528
0.0322615
0.0318703
0.0314792
0.0310881
0.030697
0.030306
0.029915
0.0295241
0.0291332
0.0287423
0.0283515
0.0279607
0.0275699
0.0271791
0.0267883
0.0263975
0.0260066
0.0256158
0.0252249
0.024834
0.0244431
0.0240521
0.0236611
0.0232702
0.0228791
0.0224881
0.0220971
0.021706
0.021315
0.0209239
0.0205329
0.0201418
0.0197507
0.0193597
0.0189686
0.0185775
0.0181865
0.0177954
0.0174043
0.0170132
0.0166221
0.016231
0.0158399
0.0154487
0.0150576
0.0146665
0.0142754
0.0138843
0.0134932
0.0131021
0.012711
0.0123199
0.0119287
0.0115376
0.0111465
0.0107554
0.0103643
0.0099732
0.0095821
0.00919101
0.00879991
0.00840882
0.00801774
0.00762665
0.00723557
0.00684449
0.00645341
0.00606231
0.00567121
0.00528011
0.004889
0.00449789
0.00410678
0.00371566
0.00332455
0.00293343
0.00254232
0.0021512
0.00176009
0.00136897
0.000977843
0.00058671
0.000195571
-0.270297
-0.2683
-0.265508
-0.261864
-0.25742
-0.252384
-0.247128
-0.242122
-0.237817
-0.234529
-0.232369
-0.231228
-0.230807
-0.230694
-0.230461
-0.229755
-0.228358
-0.226224
-0.223496
-0.220479
-0.217564
-0.215067
-0.213073
-0.211387
-0.209634
-0.207487
-0.20501
-0.202761
-0.201595
-0.20222
-0.205186
-0.211103
-0.220677
-0.234638
-0.253783
-0.278539
-0.308956
-0.344425
-0.383489
-0.423739
-0.46204
-0.494673
-0.517634
-0.527144
-0.52024
-0.496385
-0.454634
-0.396984
-0.327272
-0.251098
-0.174818
-0.1044
-0.04416
0.0037439
0.0392294
0.0635246
0.0786592
0.0868447
0.0901062
0.0901155
0.0881447
0.0850965
0.0815715
0.0779447
0.0744336
0.0711532
0.0681545
0.0654507
0.0630333
0.060883
0.0589751
0.0572838
0.0557831
0.0544487
0.0532581
0.0521911
0.0512299
0.0503588
0.0495642
0.0488342
0.048159
0.04753
0.0469398
0.0463822
0.0458521
0.045345
0.0448572
0.0443855
0.0439273
0.0434804
0.0430429
0.0426133
0.0421902
0.0417726
0.0413595
0.0409503
0.0405441
0.0401405
0.0397391
0.0393394
0.0389413
0.0385444
0.0381485
0.0377534
0.0373591
0.0369653
0.036572
0.0361791
0.0357865
0.0353943
0.0350022
0.0346103
0.0342186
0.033827
0.0334355
0.0330441
0.0326528
0.0322615
0.0318703
0.0314792
0.0310881
0.030697
0.030306
0.029915
0.0295241
0.0291332
0.0287423
0.0283515
0.0279607
0.0275699
0.0271791
0.0267883
0.0263975
0.0260066
0.0256158
0.0252249
0.024834
0.0244431
0.0240521
0.0236611
0.0232702
0.0228791
0.0224881
0.0220971
0.021706
0.021315
0.0209239
0.0205329
0.0201418
0.0197507
0.0193597
0.0189686
0.0185775
0.0181865
0.0177954
0.0174043
0.0170132
0.0166221
0.016231
0.0158398
0.0154487
0.0150576
0.0146665
0.0142754
0.0138843
0.0134932
0.0131021
0.012711
0.0123199
0.0119287
0.0115376
0.0111465
0.0107554
0.0103643
0.00997319
0.0095821
0.009191
0.00879991
0.00840882
0.00801774
0.00762665
0.00723557
0.00684449
0.0064534
0.00606231
0.00567122
0.00528011
0.00488901
0.0044979
0.00410679
0.00371567
0.00332456
0.00293344
0.00254232
0.00215121
0.00176009
0.00136897
0.000977845
0.000586711
0.000195572
-0.268582
-0.266652
-0.264061
-0.260767
-0.256798
-0.252279
-0.247441
-0.242583
-0.238011
-0.233969
-0.230584
-0.227858
-0.225668
-0.223812
-0.222065
-0.220243
-0.218253
-0.21612
-0.214001
-0.212153
-0.210838
-0.21016
-0.209931
-0.209695
-0.208935
-0.207405
-0.205422
-0.203717
-0.203195
-0.204411
-0.207859
-0.214081
-0.223624
-0.237167
-0.255327
-0.278553
-0.306924
-0.339899
-0.376123
-0.413346
-0.448626
-0.478447
-0.498997
-0.506679
-0.498707
-0.474212
-0.432878
-0.376648
-0.309349
-0.236328
-0.163543
-0.0964557
-0.0389799
0.00684521
0.0410614
0.0646513
0.0794662
0.0875655
0.0908584
0.0909377
0.0890263
0.0860021
0.0824606
0.078783
0.0751984
0.0718333
0.0687478
0.0659609
0.0634674
0.0612493
0.0592823
0.0575401
0.0559963
0.0546255
0.0534045
0.0523121
0.0513298
0.0504412
0.0496321
0.0488902
0.0482051
0.0475678
0.0469709
0.0464078
0.0458731
0.0453622
0.0448712
0.044397
0.0439367
0.0434881
0.0430492
0.0426184
0.0421944
0.041776
0.0413623
0.0409525
0.0405459
0.0401419
0.0397402
0.0393404
0.038942
0.038545
0.038149
0.0377538
0.0373594
0.0369655
0.0365722
0.0361793
0.0357867
0.0353944
0.0350023
0.0346104
0.0342186
0.033827
0.0334355
0.0330441
0.0326528
0.0322615
0.0318703
0.0314792
0.031088
0.030697
0.030306
0.029915
0.0295241
0.0291332
0.0287423
0.0283515
0.0279607
0.0275699
0.0271791
0.0267883
0.0263975
0.0260066
0.0256158
0.0252249
0.024834
0.0244431
0.0240521
0.0236612
0.0232702
0.0228791
0.0224881
0.0220971
0.021706
0.021315
0.0209239
0.0205328
0.0201418
0.0197507
0.0193597
0.0189686
0.0185775
0.0181865
0.0177954
0.0174043
0.0170132
0.0166221
0.0162309
0.0158398
0.0154487
0.0150576
0.0146665
0.0142754
0.0138843
0.0134932
0.0131021
0.012711
0.0123199
0.0119287
0.0115376
0.0111465
0.0107554
0.0103643
0.00997319
0.00958209
0.009191
0.00879991
0.00840882
0.00801774
0.00762665
0.00723557
0.00684449
0.0064534
0.00606231
0.00567122
0.00528012
0.00488901
0.0044979
0.00410679
0.00371568
0.00332456
0.00293345
0.00254233
0.00215121
0.0017601
0.00136898
0.000977848
0.000586713
0.000195572
-0.267302
-0.26543
-0.262991
-0.25995
-0.256312
-0.252144
-0.247581
-0.24281
-0.238043
-0.233477
-0.229261
-0.225476
-0.22213
-0.219171
-0.216519
-0.21411
-0.211931
-0.210041
-0.208573
-0.207702
-0.207552
-0.20804
-0.20878
-0.209181
-0.208762
-0.207472
-0.205888
-0.204789
-0.204847
-0.206597
-0.210584
-0.217198
-0.226823
-0.240064
-0.257352
-0.279136
-0.305564
-0.336218
-0.369873
-0.404378
-0.436936
-0.464202
-0.482564
-0.488606
-0.479678
-0.454741
-0.413873
-0.359003
-0.293905
-0.223702
-0.153985
-0.0897904
-0.0347011
0.0092133
0.0423299
0.0653106
0.0798739
0.0879428
0.0913131
0.0914986
0.089674
0.0866957
0.0831568
0.0794473
0.0758083
0.0723773
0.0692234
0.0663704
0.0638157
0.0615429
0.0595283
0.0577454
0.0561669
0.0547669
0.0535215
0.0524088
0.0514096
0.0505069
0.0496862
0.0489347
0.0482417
0.0475979
0.0469956
0.046428
0.0458897
0.0453758
0.0448823
0.0444061
0.0439441
0.0434941
0.0430541
0.0426224
0.0421977
0.0417787
0.0413645
0.0409542
0.0405473
0.0401431
0.0397411
0.0393411
0.0389426
0.0385454
0.0381493
0.0377541
0.0373596
0.0369657
0.0365723
0.0361794
0.0357868
0.0353944
0.0350023
0.0346104
0.0342186
0.033827
0.0334355
0.0330441
0.0326528
0.0322615
0.0318703
0.0314792
0.031088
0.030697
0.030306
0.029915
0.0295241
0.0291332
0.0287423
0.0283515
0.0279607
0.0275699
0.0271791
0.0267883
0.0263975
0.0260066
0.0256158
0.0252249
0.024834
0.0244431
0.0240521
0.0236612
0.0232702
0.0228791
0.0224881
0.0220971
0.021706
0.0213149
0.0209239
0.0205328
0.0201418
0.0197507
0.0193597
0.0189686
0.0185775
0.0181865
0.0177954
0.0174043
0.0170132
0.0166221
0.0162309
0.0158398
0.0154487
0.0150576
0.0146665
0.0142754
0.0138843
0.0134932
0.0131021
0.012711
0.0123199
0.0119287
0.0115376
0.0111465
0.0107554
0.0103643
0.00997318
0.00958209
0.009191
0.00879991
0.00840883
0.00801774
0.00762665
0.00723557
0.00684449
0.0064534
0.00606231
0.00567122
0.00528012
0.00488902
0.00449791
0.0041068
0.00371568
0.00332457
0.00293345
0.00254233
0.00215122
0.0017601
0.00136898
0.00097785
0.000586714
0.000195572
-0.266427
-0.264596
-0.262258
-0.25938
-0.255954
-0.252008
-0.247618
-0.242907
-0.238032
-0.233164
-0.22847
-0.224088
-0.220109
-0.21658
-0.21351
-0.210907
-0.208792
-0.207219
-0.206267
-0.20602
-0.206492
-0.20749
-0.208528
-0.209026
-0.208636
-0.207517
-0.206244
-0.205616
-0.206205
-0.208544
-0.213019
-0.220034
-0.229903
-0.242988
-0.259626
-0.28019
-0.304869
-0.333389
-0.364745
-0.396885
-0.427159
-0.452331
-0.468912
-0.473607
-0.463908
-0.438716
-0.398335
-0.34469
-0.281495
-0.213676
-0.146526
-0.0847335
-0.0315326
0.0106609
0.0429557
0.0654756
0.0798851
0.0879873
0.091475
0.0917923
0.0900729
0.0871578
0.0836411
0.0799216
0.0762515
0.072778
0.0695776
0.0666775
0.0640784
0.0617655
0.0597157
0.0579022
0.0562977
0.0548757
0.0536118
0.0524836
0.0514714
0.050558
0.0497283
0.0489694
0.0482702
0.0476214
0.0470149
0.0464439
0.0459027
0.0453864
0.0448911
0.0444132
0.04395
0.0434989
0.043058
0.0426256
0.0422003
0.0417808
0.0413662
0.0409556
0.0405484
0.040144
0.0397419
0.0393417
0.0389431
0.0385458
0.0381496
0.0377543
0.0373598
0.0369659
0.0365725
0.0361795
0.0357868
0.0353945
0.0350023
0.0346104
0.0342187
0.033827
0.0334355
0.0330441
0.0326528
0.0322615
0.0318703
0.0314792
0.031088
0.030697
0.030306
0.029915
0.0295241
0.0291332
0.0287423
0.0283515
0.0279607
0.0275699
0.0271791
0.0267883
0.0263975
0.0260067
0.0256158
0.0252249
0.024834
0.0244431
0.0240521
0.0236612
0.0232702
0.0228791
0.0224881
0.0220971
0.021706
0.0213149
0.0209239
0.0205328
0.0201418
0.0197507
0.0193596
0.0189686
0.0185775
0.0181865
0.0177954
0.0174043
0.0170132
0.016622
0.0162309
0.0158398
0.0154487
0.0150577
0.0146666
0.0142754
0.0138843
0.0134932
0.0131021
0.012711
0.0123199
0.0119287
0.0115376
0.0111465
0.0107554
0.0103643
0.00997318
0.00958209
0.009191
0.00879991
0.00840883
0.00801774
0.00762666
0.00723557
0.00684449
0.0064534
0.00606231
0.00567122
0.00528012
0.00488902
0.00449791
0.0041068
0.00371569
0.00332457
0.00293345
0.00254234
0.00215122
0.0017601
0.00136898
0.000977851
0.000586715
0.000195573
-0.265911
-0.264102
-0.261819
-0.25903
-0.255718
-0.251895
-0.247607
-0.242945
-0.23804
-0.233057
-0.228172
-0.223554
-0.219338
-0.21562
-0.212452
-0.209867
-0.207887
-0.206538
-0.205846
-0.205838
-0.206474
-0.207516
-0.208476
-0.208858
-0.208411
-0.207411
-0.206443
-0.206178
-0.207158
-0.209888
-0.214786
-0.222205
-0.232335
-0.24544
-0.261749
-0.28151
-0.304843
-0.331534
-0.360873
-0.390898
-0.419239
-0.44279
-0.458104
-0.461904
-0.451768
-0.426537
-0.386677
-0.334083
-0.272439
-0.206511
-0.141364
-0.0814402
-0.0298705
0.0115024
0.042981
0.0651931
0.0795429
0.0877271
0.0913555
0.0918171
0.0902152
0.0873805
0.0839089
0.0802052
0.0765292
0.0730391
0.0698148
0.0668874
0.0642611
0.0619226
0.0598495
0.0580155
0.056393
0.0549556
0.0536784
0.0525391
0.0515175
0.0505962
0.04976
0.0489956
0.0482919
0.0476393
0.0470297
0.0464561
0.0459127
0.0453947
0.0448978
0.0444188
0.0439545
0.0435027
0.0430611
0.0426281
0.0422023
0.0417825
0.0413676
0.0409567
0.0405493
0.0401447
0.0397425
0.0393422
0.0389435
0.0385461
0.0381499
0.0377545
0.03736
0.036966
0.0365726
0.0361796
0.0357869
0.0353945
0.0350024
0.0346105
0.0342187
0.0338271
0.0334356
0.0330442
0.0326528
0.0322615
0.0318703
0.0314792
0.031088
0.030697
0.030306
0.029915
0.0295241
0.0291332
0.0287423
0.0283515
0.0279607
0.0275699
0.0271791
0.0267883
0.0263975
0.0260067
0.0256158
0.0252249
0.024834
0.0244431
0.0240521
0.0236612
0.0232702
0.0228791
0.0224881
0.022097
0.021706
0.0213149
0.0209239
0.0205328
0.0201418
0.0197507
0.0193596
0.0189686
0.0185775
0.0181865
0.0177954
0.0174043
0.0170132
0.016622
0.0162309
0.0158398
0.0154487
0.0150577
0.0146666
0.0142755
0.0138843
0.0134932
0.0131021
0.012711
0.0123199
0.0119287
0.0115376
0.0111465
0.0107554
0.0103643
0.00997318
0.00958209
0.009191
0.00879991
0.00840883
0.00801774
0.00762666
0.00723557
0.00684449
0.0064534
0.00606231
0.00567122
0.00528012
0.00488902
0.00449792
0.0041068
0.00371569
0.00332457
0.00293346
0.00254234
0.00215122
0.0017601
0.00136898
0.000977852
0.000586715
0.000195573
-0.265673
-0.263871
-0.261609
-0.258854
-0.255588
-0.251818
-0.247581
-0.242958
-0.238073
-0.233087
-0.228182
-0.223537
-0.219299
-0.215577
-0.212436
-0.209909
-0.208012
-0.206748
-0.206119
-0.20612
-0.206695
-0.20761
-0.208403
-0.208649
-0.208161
-0.207251
-0.206474
-0.206432
-0.207652
-0.21063
-0.21578
-0.223426
-0.233779
-0.247043
-0.263365
-0.282875
-0.30557
-0.331142
-0.359163
-0.387454
-0.414066
-0.436133
-0.450364
-0.45355
-0.443282
-0.418408
-0.379039
-0.327252
-0.266758
-0.202175
-0.138412
-0.0797518
-0.0292167
0.0115927
0.0425551
0.0646234
0.0789704
0.0872514
0.0910189
0.0916213
0.0901397
0.0873969
0.0839886
0.0803234
0.0766656
0.0731799
0.0699492
0.0670108
0.0643715
0.0620196
0.0599336
0.0580876
0.0564545
0.0550076
0.0537223
0.0525759
0.0515483
0.050622
0.0497814
0.0490134
0.0483067
0.0476516
0.0470399
0.0464645
0.0459197
0.0454004
0.0449026
0.0444227
0.0439578
0.0435053
0.0430633
0.04263
0.0422038
0.0417837
0.0413686
0.0409576
0.04055
0.0401453
0.0397429
0.0393425
0.0389438
0.0385464
0.0381501
0.0377547
0.0373601
0.0369661
0.0365727
0.0361796
0.0357869
0.0353946
0.0350024
0.0346105
0.0342187
0.0338271
0.0334356
0.0330442
0.0326528
0.0322615
0.0318703
0.0314792
0.0310881
0.030697
0.030306
0.029915
0.0295241
0.0291332
0.0287424
0.0283515
0.0279607
0.0275699
0.0271791
0.0267883
0.0263975
0.0260067
0.0256158
0.0252249
0.024834
0.0244431
0.0240521
0.0236612
0.0232701
0.0228791
0.0224881
0.022097
0.021706
0.0213149
0.0209239
0.0205328
0.0201418
0.0197507
0.0193596
0.0189686
0.0185775
0.0181865
0.0177954
0.0174043
0.0170132
0.016622
0.0162309
0.0158398
0.0154487
0.0150577
0.0146666
0.0142755
0.0138843
0.0134932
0.0131021
0.012711
0.0123199
0.0119287
0.0115376
0.0111465
0.0107554
0.0103643
0.00997318
0.00958209
0.009191
0.00879991
0.00840883
0.00801774
0.00762666
0.00723557
0.00684449
0.0064534
0.00606231
0.00567122
0.00528012
0.00488902
0.00449792
0.00410681
0.00371569
0.00332458
0.00293346
0.00254234
0.00215122
0.00176011
0.00136898
0.000977852
0.000586715
0.000195572
-0.265703
-0.263903
-0.261644
-0.258891
-0.255629
-0.251863
-0.247637
-0.243031
-0.238172
-0.233225
-0.228372
-0.223786
-0.219613
-0.215954
-0.212866
-0.210371
-0.208476
-0.207185
-0.206508
-0.206444
-0.206922
-0.207695
-0.208328
-0.208412
-0.207858
-0.206959
-0.20625
-0.206297
-0.207621
-0.210712
-0.215998
-0.223816
-0.234365
-0.247864
-0.264483
-0.284315
-0.307265
-0.332763
-0.360887
-0.388382
-0.413869
-0.434554
-0.44742
-0.449587
-0.438714
-0.413672
-0.374606
-0.323448
-0.263588
-0.199725
-0.136709
-0.0787371
-0.0287676
0.0116724
0.0424429
0.0644111
0.0787107
0.0870274
0.0908536
0.0915161
0.0900855
0.0873808
0.0839977
0.0803477
0.0767017
0.0732194
0.0699885
0.067048
0.0644054
0.0620496
0.0599598
0.0581101
0.0564735
0.0550237
0.0537357
0.0525871
0.0515576
0.0506297
0.0497877
0.0490186
0.048311
0.0476551
0.0470427
0.0464668
0.0459216
0.045402
0.0449039
0.0444237
0.0439586
0.043506
0.0430639
0.0426304
0.0422042
0.041784
0.0413688
0.0409577
0.0405501
0.0401454
0.039743
0.0393426
0.0389438
0.0385464
0.0381501
0.0377547
0.0373601
0.0369661
0.0365727
0.0361796
0.0357869
0.0353946
0.0350024
0.0346105
0.0342187
0.0338271
0.0334356
0.0330442
0.0326528
0.0322615
0.0318703
0.0314792
0.0310881
0.030697
0.030306
0.029915
0.0295241
0.0291332
0.0287424
0.0283515
0.0279607
0.0275699
0.0271791
0.0267883
0.0263975
0.0260067
0.0256158
0.0252249
0.024834
0.0244431
0.0240521
0.0236611
0.0232701
0.0228791
0.0224881
0.022097
0.021706
0.0213149
0.0209239
0.0205328
0.0201417
0.0197507
0.0193596
0.0189686
0.0185775
0.0181865
0.0177954
0.0174043
0.0170131
0.016622
0.0162309
0.0158398
0.0154487
0.0150577
0.0146666
0.0142755
0.0138843
0.0134932
0.0131021
0.012711
0.0123199
0.0119287
0.0115376
0.0111465
0.0107554
0.0103643
0.00997318
0.00958209
0.009191
0.00879991
0.00840883
0.00801774
0.00762666
0.00723557
0.00684449
0.0064534
0.00606231
0.00567122
0.00528012
0.00488902
0.00449792
0.00410681
0.00371569
0.00332458
0.00293346
0.00254234
0.00215122
0.00176011
0.00136898
0.000977851
0.000586714
0.000195572
-0.271621
-0.266362
-0.271485
-0.289423
-0.316722
-0.342969
-0.361654
-0.372084
-0.375997
-0.375156
-0.370107
-0.365684
-0.368223
-0.376916
-0.389647
-0.409089
-0.434961
-0.464224
-0.490186
-0.508154
-0.513587
-0.504575
-0.481967
-0.448705
-0.408528
-0.364116
-0.317601
-0.270137
-0.222334
-0.174692
-0.127977
-0.0834297
-0.0426564
-0.0074792
0.0203929
0.0398097
0.0503541
0.0523369
0.0468729
0.0354558
0.0198773
0.00184882
-0.0171821
-0.0359992
-0.0537534
-0.0697025
-0.0832548
-0.0939088
-0.101225
-0.10485
-0.10459
-0.100501
-0.0929262
-0.0825235
-0.0701676
-0.0568798
-0.0435029
-0.0307206
-0.0189834
-0.00851542
0.000636735
0.00853453
0.0152866
0.0210125
0.0258278
0.029842
0.0331592
0.0358777
0.0380884
0.0398723
0.0412997
0.0424301
0.043313
0.0439894
0.0444931
0.0448524
0.0450905
0.045227
0.0452781
0.0452575
0.0451767
0.0450454
0.0448715
0.044662
0.0444226
0.0441581
0.0438725
0.0435694
0.0432515
0.0429213
0.0425808
0.0422316
0.0418753
0.0415131
0.0411458
0.0407745
0.0403997
0.040022
0.0396419
0.0392599
0.0388763
0.0384914
0.0381053
0.0377184
0.0373306
0.0369423
0.0365534
0.0361641
0.0357745
0.0353846
0.0349944
0.0346041
0.0342137
0.0338231
0.0334325
0.0330417
0.032651
0.0322602
0.0318694
0.0314785
0.0310877
0.0306968
0.0303059
0.029915
0.029524
0.0291331
0.0287421
0.0283512
0.0279603
0.0275694
0.0271786
0.0267878
0.026397
0.0260062
0.0256154
0.0252245
0.0248337
0.0244428
0.024052
0.023661
0.0232701
0.0228791
0.0224881
0.0220971
0.0217061
0.0213151
0.0209241
0.020533
0.0201419
0.0197509
0.0193598
0.0189687
0.0185776
0.0181865
0.0177954
0.0174043
0.0170132
0.0166221
0.016231
0.01584
0.0154489
0.0150578
0.0146667
0.0142756
0.0138845
0.0134934
0.0131023
0.0127111
0.01232
0.0119289
0.0115378
0.0111467
0.0107555
0.0103644
0.00997329
0.00958217
0.00919105
0.00879994
0.00840884
0.00801773
0.00762662
0.00723551
0.00684439
0.00645328
0.00606217
0.00567105
0.00527992
0.00488878
0.00449764
0.00410649
0.00371536
0.00332423
0.00293313
0.00254204
0.00215096
0.00175988
0.00136881
0.000977724
0.000586637
0.000195547
-0.272369
-0.268034
-0.274278
-0.293258
-0.321313
-0.34776
-0.365018
-0.372734
-0.374978
-0.374179
-0.370128
-0.365843
-0.368363
-0.376542
-0.387693
-0.405443
-0.431522
-0.462745
-0.492524
-0.513739
-0.520574
-0.511052
-0.487077
-0.452532
-0.411008
-0.365897
-0.31911
-0.271637
-0.223941
-0.176408
-0.129719
-0.0850987
-0.0441624
-0.00875413
0.0193818
0.0390483
0.0497553
0.0518768
0.0464666
0.0350798
0.0195101
0.0014819
-0.0175178
-0.0363293
-0.0540313
-0.0699595
-0.0835325
-0.0942456
-0.101643
-0.105346
-0.105132
-0.101033
-0.0934036
-0.0829044
-0.0704549
-0.0570157
-0.0435137
-0.0306459
-0.0188641
-0.00838273
0.00076424
0.00864897
0.0153869
0.0211002
0.0259046
0.029909
0.0332169
0.0359267
0.0381293
0.0399062
0.0413276
0.042453
0.0433318
0.0440048
0.0445058
0.0448628
0.0450991
0.0452341
0.0452839
0.0452623
0.0451807
0.0450486
0.0448742
0.0446642
0.0444244
0.0441595
0.0438737
0.0435703
0.0432523
0.0429219
0.0425813
0.0422321
0.0418757
0.0415134
0.0411461
0.0407746
0.0403998
0.0400221
0.039642
0.03926
0.0388764
0.0384914
0.0381054
0.0377184
0.0373307
0.0369423
0.0365534
0.0361641
0.0357745
0.0353846
0.0349944
0.0346041
0.0342137
0.0338231
0.0334325
0.0330417
0.032651
0.0322602
0.0318694
0.0314785
0.0310877
0.0306968
0.0303059
0.029915
0.029524
0.0291331
0.0287421
0.0283512
0.0279603
0.0275694
0.0271786
0.0267878
0.026397
0.0260062
0.0256154
0.0252245
0.0248337
0.0244429
0.024052
0.023661
0.0232701
0.0228791
0.0224881
0.0220971
0.0217061
0.0213151
0.0209241
0.020533
0.0201419
0.0197509
0.0193598
0.0189687
0.0185776
0.0181865
0.0177954
0.0174043
0.0170132
0.0166221
0.016231
0.01584
0.0154489
0.0150578
0.0146667
0.0142756
0.0138845
0.0134934
0.0131023
0.0127111
0.01232
0.0119289
0.0115378
0.0111467
0.0107555
0.0103644
0.00997329
0.00958217
0.00919105
0.00879994
0.00840884
0.00801773
0.00762662
0.00723551
0.0068444
0.00645328
0.00606217
0.00567105
0.00527992
0.00488878
0.00449764
0.00410649
0.00371536
0.00332423
0.00293313
0.00254204
0.00215096
0.00175988
0.00136881
0.000977724
0.000586637
0.000195547
-0.27347
-0.270392
-0.278881
-0.299982
-0.329632
-0.357399
-0.374419
-0.379258
-0.376807
-0.372515
-0.36725
-0.363708
-0.367382
-0.375656
-0.387244
-0.408798
-0.441268
-0.479157
-0.512887
-0.533919
-0.537632
-0.523961
-0.496076
-0.458362
-0.414909
-0.368709
-0.321497
-0.274004
-0.226458
-0.179059
-0.132354
-0.0875693
-0.0463428
-0.0105553
0.0179792
0.0380033
0.0490036
0.0512911
0.0459452
0.0345419
0.0188839
0.000718694
-0.0184643
-0.0374634
-0.0553126
-0.0713541
-0.0850077
-0.0957658
-0.103162
-0.106802
-0.106449
-0.102134
-0.0942198
-0.0834035
-0.0706293
-0.0569202
-0.0432166
-0.030227
-0.0183972
-0.00792281
0.0011859
0.00902084
0.0157095
0.0213786
0.0261445
0.0301148
0.0333922
0.0360747
0.0382534
0.0400097
0.0414138
0.0425247
0.0433915
0.0440545
0.0445473
0.0448975
0.045128
0.0452582
0.0453041
0.0452791
0.0451947
0.0450603
0.0448839
0.0446723
0.0444311
0.0441651
0.0438783
0.0435742
0.0432554
0.0429245
0.0425834
0.0422338
0.0418771
0.0415146
0.041147
0.0407755
0.0404005
0.0400226
0.0396425
0.0392604
0.0388767
0.0384916
0.0381055
0.0377185
0.0373308
0.0369424
0.0365535
0.0361642
0.0357745
0.0353846
0.0349945
0.0346042
0.0342137
0.0338231
0.0334325
0.0330417
0.032651
0.0322602
0.0318694
0.0314785
0.0310877
0.0306968
0.0303059
0.029915
0.029524
0.029133
0.0287421
0.0283512
0.0279603
0.0275694
0.0271786
0.0267878
0.026397
0.0260062
0.0256154
0.0252246
0.0248337
0.0244429
0.024052
0.0236611
0.0232701
0.0228791
0.0224881
0.0220971
0.0217061
0.0213151
0.0209241
0.020533
0.0201419
0.0197509
0.0193598
0.0189687
0.0185776
0.0181865
0.0177954
0.0174043
0.0170132
0.0166221
0.016231
0.01584
0.0154489
0.0150578
0.0146667
0.0142756
0.0138845
0.0134934
0.0131023
0.0127111
0.01232
0.0119289
0.0115378
0.0111467
0.0107555
0.0103644
0.00997329
0.00958217
0.00919106
0.00879995
0.00840884
0.00801773
0.00762662
0.00723551
0.0068444
0.00645329
0.00606217
0.00567105
0.00527992
0.00488878
0.00449764
0.00410649
0.00371536
0.00332424
0.00293313
0.00254204
0.00215096
0.00175988
0.00136881
0.000977725
0.000586637
0.000195547
-0.27499
-0.273783
-0.285218
-0.308863
-0.340475
-0.369334
-0.386169
-0.388702
-0.380807
-0.370469
-0.362182
-0.359624
-0.365281
-0.375308
-0.391801
-0.422514
-0.464725
-0.507985
-0.541436
-0.558504
-0.557036
-0.538444
-0.506428
-0.46552
-0.419913
-0.372536
-0.32489
-0.277416
-0.230062
-0.182827
-0.136091
-0.0911236
-0.049569
-0.0133466
0.015592
0.0359648
0.0471944
0.0495918
0.0442646
0.0328218
0.0170857
-0.00118537
-0.0204934
-0.0396043
-0.0576191
-0.0737743
-0.0874924
-0.0982546
-0.105568
-0.109018
-0.108363
-0.103646
-0.09526
-0.0839541
-0.0706958
-0.0565932
-0.0426015
-0.0294512
-0.0175766
-0.00714074
0.00188441
0.00962247
0.0162196
0.0218097
0.026509
0.0304228
0.0336516
0.0362923
0.0384352
0.0401612
0.0415398
0.0426296
0.0434789
0.0441274
0.0446081
0.0449481
0.0451703
0.0452934
0.0453334
0.0453035
0.045215
0.0450771
0.0448979
0.0446839
0.0444407
0.044173
0.0438849
0.0435796
0.0432599
0.0429282
0.0425864
0.0422363
0.0418792
0.0415162
0.0411484
0.0407766
0.0404014
0.0400234
0.0396431
0.0392608
0.0388771
0.038492
0.0381058
0.0377187
0.0373309
0.0369425
0.0365536
0.0361643
0.0357746
0.0353847
0.0349945
0.0346042
0.0342137
0.0338231
0.0334325
0.0330418
0.032651
0.0322602
0.0318694
0.0314785
0.0310877
0.0306968
0.0303059
0.029915
0.029524
0.029133
0.0287421
0.0283512
0.0279603
0.0275694
0.0271786
0.0267878
0.026397
0.0260062
0.0256154
0.0252246
0.0248337
0.0244429
0.024052
0.0236611
0.0232701
0.0228791
0.0224882
0.0220971
0.0217061
0.0213151
0.0209241
0.020533
0.0201419
0.0197509
0.0193598
0.0189687
0.0185776
0.0181865
0.0177954
0.0174043
0.0170132
0.0166221
0.016231
0.01584
0.0154489
0.0150578
0.0146667
0.0142756
0.0138845
0.0134934
0.0131023
0.0127111
0.01232
0.0119289
0.0115378
0.0111467
0.0107555
0.0103644
0.00997329
0.00958217
0.00919106
0.00879995
0.00840884
0.00801773
0.00762662
0.00723551
0.0068444
0.00645329
0.00606217
0.00567105
0.00527992
0.00488878
0.00449764
0.0041065
0.00371536
0.00332424
0.00293313
0.00254204
0.00215096
0.00175989
0.00136881
0.000977725
0.000586638
0.000195547
-0.276894
-0.277982
-0.292113
-0.318204
-0.351936
-0.381744
-0.398051
-0.39854
-0.386131
-0.369873
-0.35795
-0.355705
-0.36408
-0.378147
-0.404496
-0.446448
-0.495413
-0.539548
-0.570201
-0.582983
-0.576827
-0.553686
-0.517572
-0.473402
-0.425603
-0.377056
-0.329022
-0.281622
-0.234508
-0.187492
-0.14073
-0.0956479
-0.0538095
-0.0172858
0.0119221
0.0324387
0.0436844
0.0460025
0.0405485
0.028986
0.0131755
-0.00510586
-0.0243738
-0.0433929
-0.0613398
-0.0774164
-0.0910569
-0.101719
-0.108866
-0.112043
-0.110983
-0.105723
-0.0966855
-0.0846596
-0.0707631
-0.0561054
-0.0417194
-0.0283501
-0.0164114
-0.00602562
0.00288253
0.0104787
0.0169377
0.0224072
0.027006
0.0308369
0.033997
0.0365802
0.038675
0.0403607
0.0417059
0.0427679
0.0435941
0.0442234
0.0446881
0.0450149
0.0452259
0.0453397
0.0453719
0.0453355
0.0452415
0.0450991
0.0449161
0.0446989
0.0444531
0.0441833
0.0438933
0.0435865
0.0432656
0.0429329
0.0425903
0.0422394
0.0418817
0.0415183
0.0411501
0.0407779
0.0404025
0.0400243
0.0396438
0.0392614
0.0388775
0.0384923
0.0381061
0.037719
0.0373311
0.0369427
0.0365537
0.0361644
0.0357747
0.0353847
0.0349946
0.0346042
0.0342137
0.0338232
0.0334325
0.0330418
0.032651
0.0322602
0.0318694
0.0314785
0.0310877
0.0306968
0.0303059
0.0299149
0.029524
0.029133
0.0287421
0.0283512
0.0279603
0.0275694
0.0271786
0.0267878
0.026397
0.0260062
0.0256154
0.0252246
0.0248337
0.0244429
0.024052
0.0236611
0.0232701
0.0228791
0.0224882
0.0220972
0.0217061
0.0213151
0.0209241
0.020533
0.0201419
0.0197509
0.0193598
0.0189687
0.0185776
0.0181865
0.0177954
0.0174043
0.0170132
0.0166221
0.016231
0.01584
0.0154489
0.0150578
0.0146667
0.0142756
0.0138845
0.0134934
0.0131023
0.0127111
0.01232
0.0119289
0.0115378
0.0111467
0.0107555
0.0103644
0.00997329
0.00958217
0.00919106
0.00879995
0.00840884
0.00801774
0.00762663
0.00723552
0.0068444
0.00645329
0.00606217
0.00567105
0.00527992
0.00488878
0.00449764
0.0041065
0.00371537
0.00332425
0.00293314
0.00254205
0.00215097
0.00175989
0.00136881
0.000977726
0.000586638
0.000195547
-0.279032
-0.282479
-0.298532
-0.326753
-0.362527
-0.393073
-0.408547
-0.407266
-0.39185
-0.371462
-0.356752
-0.355144
-0.365531
-0.38697
-0.424997
-0.475334
-0.526861
-0.569865
-0.597944
-0.607372
-0.597194
-0.569739
-0.529494
-0.481973
-0.431944
-0.382246
-0.333862
-0.286574
-0.239736
-0.193021
-0.146186
-0.101137
-0.059208
-0.0226336
0.00649381
0.0267534
0.0376163
0.0395071
0.0336664
0.0218365
0.00592856
-0.0122582
-0.0312536
-0.0499101
-0.0673369
-0.0828921
-0.0960791
-0.106349
-0.113122
-0.115886
-0.114313
-0.108405
-0.0985992
-0.0857371
-0.0709994
-0.0556119
-0.0406871
-0.027003
-0.0149535
-0.00460771
0.00417053
0.0115974
0.0178825
0.0231933
0.0276562
0.0313745
0.0344421
0.0369496
0.0389819
0.040616
0.0419185
0.042945
0.0437418
0.0443466
0.0447908
0.0451004
0.0452971
0.045399
0.0454212
0.0453765
0.0452755
0.0451273
0.0449394
0.0447182
0.044469
0.0441964
0.0439041
0.0435954
0.0432729
0.0429388
0.0425951
0.0422434
0.041885
0.0415209
0.0411522
0.0407797
0.0404039
0.0400254
0.0396447
0.0392622
0.0388781
0.0384928
0.0381065
0.0377192
0.0373313
0.0369428
0.0365539
0.0361645
0.0357748
0.0353848
0.0349946
0.0346043
0.0342138
0.0338232
0.0334325
0.0330418
0.032651
0.0322602
0.0318694
0.0314785
0.0310877
0.0306968
0.0303059
0.0299149
0.029524
0.029133
0.0287421
0.0283512
0.0279603
0.0275694
0.0271786
0.0267878
0.026397
0.0260062
0.0256154
0.0252246
0.0248337
0.0244429
0.024052
0.0236611
0.0232701
0.0228792
0.0224882
0.0220972
0.0217061
0.0213151
0.020924
0.020533
0.0201419
0.0197509
0.0193598
0.0189687
0.0185776
0.0181865
0.0177954
0.0174043
0.0170132
0.0166221
0.016231
0.01584
0.0154489
0.0150578
0.0146667
0.0142756
0.0138845
0.0134934
0.0131023
0.0127111
0.01232
0.0119289
0.0115378
0.0111467
0.0107555
0.0103644
0.00997329
0.00958217
0.00919106
0.00879995
0.00840885
0.00801774
0.00762663
0.00723552
0.00684441
0.00645329
0.00606217
0.00567105
0.00527992
0.00488878
0.00449764
0.00410651
0.00371537
0.00332425
0.00293315
0.00254205
0.00215097
0.00175989
0.00136881
0.000977727
0.000586639
0.000195547
-0.281159
-0.286506
-0.30361
-0.333476
-0.370881
-0.401786
-0.416291
-0.413613
-0.396771
-0.374685
-0.358968
-0.358401
-0.371334
-0.401916
-0.449204
-0.503968
-0.55615
-0.598438
-0.625091
-0.631978
-0.618173
-0.586485
-0.542065
-0.491174
-0.438924
-0.388106
-0.3394
-0.29224
-0.245676
-0.199141
-0.15263
-0.107641
-0.0659084
-0.0297319
-0.00124096
0.0181637
0.0280616
0.0290206
0.0224157
0.0100965
-0.0059598
-0.0239337
-0.042355
-0.0602322
-0.0766084
-0.0910395
-0.103152
-0.112468
-0.118424
-0.12046
-0.118171
-0.11149
-0.100816
-0.0870211
-0.0713587
-0.0551353
-0.0395617
-0.025472
-0.0132544
-0.00292482
0.00572325
0.0129664
0.0190544
0.0241775
0.0284739
0.0320507
0.0350012
0.0374126
0.0393663
0.0409358
0.0421849
0.0431671
0.043927
0.0445011
0.0449197
0.0452079
0.0453867
0.0454736
0.0454832
0.045428
0.0453183
0.0451628
0.0449688
0.0447425
0.0444891
0.0442129
0.0439177
0.0436066
0.043282
0.0429463
0.0426013
0.0422485
0.0418891
0.0415243
0.041155
0.0407819
0.0404057
0.0400269
0.0396459
0.0392631
0.0388789
0.0384934
0.0381069
0.0377196
0.0373316
0.0369431
0.036554
0.0361646
0.0357749
0.0353849
0.0349947
0.0346043
0.0342138
0.0338232
0.0334325
0.0330418
0.032651
0.0322602
0.0318694
0.0314785
0.0310877
0.0306968
0.0303059
0.0299149
0.029524
0.029133
0.0287421
0.0283512
0.0279603
0.0275694
0.0271786
0.0267878
0.026397
0.0260062
0.0256154
0.0252246
0.0248337
0.0244429
0.024052
0.0236611
0.0232701
0.0228792
0.0224882
0.0220972
0.0217061
0.0213151
0.020924
0.020533
0.0201419
0.0197509
0.0193598
0.0189687
0.0185776
0.0181865
0.0177954
0.0174043
0.0170132
0.0166221
0.016231
0.01584
0.0154489
0.0150578
0.0146667
0.0142756
0.0138845
0.0134934
0.0131022
0.0127111
0.01232
0.0119289
0.0115378
0.0111466
0.0107555
0.0103644
0.00997328
0.00958217
0.00919106
0.00879996
0.00840885
0.00801774
0.00762664
0.00723552
0.00684441
0.00645329
0.00606217
0.00567105
0.00527992
0.00488879
0.00449765
0.00410651
0.00371538
0.00332426
0.00293315
0.00254206
0.00215097
0.00175989
0.00136881
0.000977728
0.000586639
0.000195547
-0.283041
-0.289307
-0.30672
-0.337508
-0.375946
-0.406675
-0.420309
-0.416589
-0.399775
-0.378289
-0.363752
-0.364199
-0.3815
-0.419989
-0.472856
-0.529674
-0.582549
-0.625295
-0.651523
-0.656396
-0.639305
-0.60345
-0.55498
-0.500857
-0.446496
-0.394626
-0.345627
-0.298596
-0.252282
-0.205991
-0.159825
-0.115201
-0.0741184
-0.0389596
-0.0118418
0.00593733
0.01414
0.0135426
0.00569988
-0.00740482
-0.0237137
-0.0413814
-0.0589634
-0.0754986
-0.0902025
-0.102764
-0.112977
-0.120527
-0.124954
-0.125708
-0.122327
-0.114647
-0.102989
-0.0882122
-0.0716029
-0.054519
-0.0382603
-0.0237239
-0.011307
-0.000981849
0.00753044
0.0145744
0.0204454
0.0253579
0.0294625
0.0328723
0.0356821
0.0379771
0.0398351
0.0413259
0.0425101
0.0434385
0.0441535
0.0446902
0.0450775
0.0453396
0.0454965
0.0455651
0.0455594
0.0454914
0.0453709
0.0452065
0.045005
0.0447725
0.0445138
0.0442334
0.0439346
0.0436205
0.0432935
0.0429557
0.042609
0.0422548
0.0418943
0.0415285
0.0411584
0.0407847
0.040408
0.0400287
0.0396474
0.0392643
0.0388799
0.0384942
0.0381075
0.0377201
0.037332
0.0369434
0.0365543
0.0361648
0.035775
0.035385
0.0349948
0.0346044
0.0342139
0.0338232
0.0334325
0.0330418
0.032651
0.0322602
0.0318694
0.0314785
0.0310877
0.0306968
0.0303058
0.0299149
0.029524
0.029133
0.0287421
0.0283511
0.0279603
0.0275694
0.0271786
0.0267878
0.026397
0.0260062
0.0256154
0.0252246
0.0248337
0.0244429
0.024052
0.0236611
0.0232701
0.0228792
0.0224882
0.0220972
0.0217061
0.0213151
0.020924
0.020533
0.0201419
0.0197509
0.0193598
0.0189687
0.0185776
0.0181865
0.0177954
0.0174043
0.0170132
0.0166221
0.016231
0.01584
0.0154489
0.0150578
0.0146667
0.0142756
0.0138845
0.0134934
0.0131022
0.0127111
0.01232
0.0119289
0.0115378
0.0111466
0.0107555
0.0103644
0.00997328
0.00958217
0.00919106
0.00879996
0.00840886
0.00801775
0.00762664
0.00723553
0.00684441
0.00645329
0.00606217
0.00567105
0.00527992
0.00488879
0.00449765
0.00410652
0.00371539
0.00332427
0.00293316
0.00254206
0.00215098
0.0017599
0.00136881
0.000977729
0.00058664
0.000195547
-0.284434
-0.290549
-0.307703
-0.338395
-0.377056
-0.407053
-0.419667
-0.415656
-0.400031
-0.380718
-0.368722
-0.370578
-0.393177
-0.437372
-0.493274
-0.551436
-0.605768
-0.649931
-0.676289
-0.679519
-0.659457
-0.619845
-0.5677
-0.510679
-0.454492
-0.401725
-0.352507
-0.305572
-0.259479
-0.213462
-0.167771
-0.1239
-0.0840569
-0.0506822
-0.0258056
-0.010526
-0.00482034
-0.00765081
-0.0172498
-0.0314841
-0.048206
-0.0655302
-0.0820168
-0.0967416
-0.109111
-0.118959
-0.126299
-0.131066
-0.133005
-0.131675
-0.126611
-0.117565
-0.10475
-0.088965
-0.0713945
-0.0535039
-0.0366073
-0.0216516
-0.00905135
0.00125317
0.00960694
0.0164247
0.0220518
0.0267288
0.030618
0.0338379
0.0364853
0.0386444
0.0403901
0.0417882
0.0428956
0.0437604
0.0444224
0.0449148
0.0452651
0.0454963
0.0456273
0.0456741
0.0456503
0.0455671
0.0454339
0.0452588
0.0450484
0.0448085
0.0445437
0.044258
0.043955
0.0436373
0.0433073
0.0429672
0.0426184
0.0422625
0.0419006
0.0415337
0.0411626
0.0407881
0.0404108
0.040031
0.0396493
0.0392659
0.0388811
0.0384952
0.0381083
0.0377207
0.0373325
0.0369438
0.0365546
0.0361651
0.0357752
0.0353852
0.0349949
0.0346045
0.0342139
0.0338233
0.0334326
0.0330418
0.032651
0.0322602
0.0318694
0.0314785
0.0310876
0.0306968
0.0303058
0.0299149
0.0295239
0.029133
0.0287421
0.0283511
0.0279603
0.0275694
0.0271786
0.0267878
0.026397
0.0260062
0.0256154
0.0252246
0.0248338
0.0244429
0.024052
0.0236611
0.0232701
0.0228792
0.0224882
0.0220972
0.0217061
0.0213151
0.020924
0.020533
0.0201419
0.0197509
0.0193598
0.0189687
0.0185776
0.0181865
0.0177954
0.0174043
0.0170132
0.0166221
0.016231
0.0158399
0.0154489
0.0150578
0.0146667
0.0142756
0.0138845
0.0134933
0.0131022
0.0127111
0.01232
0.0119289
0.0115378
0.0111466
0.0107555
0.0103644
0.00997328
0.00958217
0.00919107
0.00879996
0.00840886
0.00801775
0.00762665
0.00723553
0.00684442
0.0064533
0.00606217
0.00567105
0.00527992
0.00488879
0.00449766
0.00410653
0.0037154
0.00332428
0.00293317
0.00254207
0.00215098
0.0017599
0.00136882
0.000977731
0.000586642
0.000195548
-0.284979
-0.290643
-0.306919
-0.336517
-0.373851
-0.402675
-0.414509
-0.410776
-0.396852
-0.380358
-0.37067
-0.375167
-0.40298
-0.451262
-0.509099
-0.568749
-0.625267
-0.671285
-0.697927
-0.699835
-0.677339
-0.634587
-0.579463
-0.520123
-0.462612
-0.409251
-0.359911
-0.313052
-0.26713
-0.221439
-0.176442
-0.133808
-0.0959067
-0.0651719
-0.0434497
-0.0315467
-0.0291155
-0.0348247
-0.0466822
-0.0624028
-0.0797454
-0.0967725
-0.112029
-0.124616
-0.134063
-0.140374
-0.14382
-0.144664
-0.142966
-0.138525
-0.130973
-0.120024
-0.105771
-0.0888559
-0.0703982
-0.0518095
-0.0343939
-0.0191165
-0.00640388
0.00382762
0.0119786
0.0185293
0.0238758
0.0282864
0.0319342
0.0349415
0.0374063
0.0394114
0.041029
0.042321
0.0433404
0.0441319
0.0447329
0.0451744
0.0454821
0.0456776
0.0457787
0.0458006
0.0457558
0.045655
0.0455071
0.0453197
0.045099
0.0448505
0.0445785
0.0442869
0.0439789
0.043657
0.0433237
0.0429806
0.0426295
0.0422716
0.0419081
0.0415399
0.0411677
0.0407923
0.0404142
0.0400338
0.0396515
0.0392677
0.0388826
0.0384964
0.0381093
0.0377215
0.0373331
0.0369443
0.036555
0.0361654
0.0357755
0.0353854
0.0349951
0.0346046
0.034214
0.0338234
0.0334326
0.0330419
0.032651
0.0322602
0.0318694
0.0314785
0.0310876
0.0306967
0.0303058
0.0299149
0.0295239
0.029133
0.0287421
0.0283512
0.0279603
0.0275694
0.0271786
0.0267878
0.026397
0.0260062
0.0256154
0.0252246
0.0248338
0.0244429
0.024052
0.0236611
0.0232701
0.0228792
0.0224882
0.0220972
0.0217061
0.0213151
0.020924
0.020533
0.0201419
0.0197509
0.0193598
0.0189687
0.0185776
0.0181865
0.0177954
0.0174043
0.0170132
0.0166221
0.016231
0.0158399
0.0154488
0.0150578
0.0146667
0.0142756
0.0138845
0.0134933
0.0131022
0.0127111
0.01232
0.0119289
0.0115377
0.0111466
0.0107555
0.0103644
0.00997328
0.00958217
0.00919107
0.00879997
0.00840886
0.00801776
0.00762665
0.00723554
0.00684442
0.0064533
0.00606218
0.00567105
0.00527993
0.0048888
0.00449767
0.00410653
0.00371541
0.00332429
0.00293318
0.00254208
0.00215099
0.0017599
0.00136882
0.000977734
0.000586643
0.000195548
-0.284861
-0.290041
-0.304866
-0.332148
-0.366636
-0.393577
-0.404653
-0.40141
-0.389251
-0.375163
-0.367084
-0.375574
-0.408559
-0.460191
-0.519733
-0.581198
-0.64023
-0.688039
-0.714943
-0.715924
-0.691519
-0.646454
-0.589388
-0.528739
-0.470517
-0.416955
-0.367611
-0.320799
-0.27502
-0.229762
-0.185773
-0.144945
-0.109747
-0.0825095
-0.0647939
-0.0570406
-0.0585431
-0.0676731
-0.0822238
-0.0997697
-0.11798
-0.134856
-0.148903
-0.159207
-0.165342
-0.167453
-0.166075
-0.16185
-0.155274
-0.146533
-0.1355
-0.121941
-0.105843
-0.0876604
-0.0683531
-0.0491924
-0.0314252
-0.0159838
-0.00328233
0.00678628
0.0146676
0.0208974
0.0259187
0.0300266
0.0334042
0.0361757
0.0384381
0.0402724
0.0417472
0.0429206
0.0438412
0.0445506
0.0450832
0.0454673
0.045727
0.0458824
0.0459499
0.0459436
0.0458752
0.0457546
0.0455901
0.0453888
0.0451566
0.0448983
0.0446182
0.0443199
0.0440062
0.0436796
0.0433423
0.0429961
0.0426422
0.0422821
0.0419167
0.041547
0.0411735
0.0407971
0.0404181
0.040037
0.0396541
0.0392698
0.0388843
0.0384978
0.0381104
0.0377224
0.0373338
0.0369448
0.0365555
0.0361658
0.0357758
0.0353856
0.0349953
0.0346048
0.0342142
0.0338235
0.0334327
0.0330419
0.0326511
0.0322602
0.0318694
0.0314785
0.0310876
0.0306967
0.0303058
0.0299149
0.0295239
0.029133
0.0287421
0.0283512
0.0279603
0.0275694
0.0271786
0.0267878
0.026397
0.0260063
0.0256154
0.0252246
0.0248338
0.0244429
0.024052
0.0236611
0.0232701
0.0228792
0.0224882
0.0220972
0.0217061
0.0213151
0.020924
0.020533
0.0201419
0.0197509
0.0193598
0.0189687
0.0185776
0.0181865
0.0177954
0.0174043
0.0170132
0.0166221
0.016231
0.0158399
0.0154488
0.0150577
0.0146666
0.0142755
0.0138844
0.0134933
0.0131022
0.0127111
0.01232
0.0119289
0.0115377
0.0111466
0.0107555
0.0103644
0.00997328
0.00958217
0.00919107
0.00879997
0.00840887
0.00801776
0.00762665
0.00723554
0.00684442
0.0064533
0.00606218
0.00567106
0.00527993
0.0048888
0.00449767
0.00410654
0.00371541
0.00332429
0.00293318
0.00254208
0.00215099
0.00175991
0.00136882
0.000977737
0.000586645
0.000195549
-0.284586
-0.289315
-0.302333
-0.326157
-0.356072
-0.379777
-0.3895
-0.386359
-0.375076
-0.36226
-0.356608
-0.370455
-0.408909
-0.463719
-0.525068
-0.588467
-0.649813
-0.698975
-0.726081
-0.726467
-0.70087
-0.654688
-0.596896
-0.535975
-0.477819
-0.42447
-0.375249
-0.328476
-0.282859
-0.238215
-0.195636
-0.157231
-0.125479
-0.102495
-0.0894746
-0.0864521
-0.0923626
-0.105302
-0.122877
-0.142545
-0.161895
-0.178863
-0.19188
-0.199978
-0.202678
-0.200199
-0.193293
-0.182996
-0.170334
-0.15604
-0.140405
-0.12338
-0.104905
-0.0852321
-0.0650721
-0.0454825
-0.0275588
-0.0121502
0.000376354
0.0101604
0.0176852
0.02353
0.0281762
0.0319423
0.0350192
0.0375313
0.0395727
0.0412206
0.0425391
0.0435821
0.0443943
0.0450132
0.0454703
0.0457913
0.045998
0.0461093
0.0461397
0.0461023
0.0460077
0.0458652
0.0456824
0.0454657
0.0452206
0.0449516
0.0446625
0.0443567
0.0440367
0.0437049
0.0433633
0.0430134
0.0426566
0.0422939
0.0419265
0.041555
0.0411801
0.0408025
0.0404225
0.0400406
0.0396571
0.0392723
0.0388863
0.0384994
0.0381117
0.0377235
0.0373347
0.0369455
0.036556
0.0361662
0.0357762
0.0353859
0.0349955
0.034605
0.0342143
0.0338236
0.0334328
0.033042
0.0326511
0.0322603
0.0318694
0.0314785
0.0310877
0.0306967
0.0303058
0.0299149
0.0295239
0.029133
0.0287421
0.0283512
0.0279603
0.0275694
0.0271786
0.0267878
0.0263971
0.0260063
0.0256155
0.0252246
0.0248338
0.0244429
0.024052
0.0236611
0.0232701
0.0228792
0.0224882
0.0220972
0.0217061
0.0213151
0.020924
0.020533
0.0201419
0.0197509
0.0193598
0.0189687
0.0185776
0.0181865
0.0177954
0.0174043
0.0170132
0.0166221
0.016231
0.0158399
0.0154488
0.0150577
0.0146666
0.0142755
0.0138844
0.0134933
0.0131022
0.0127111
0.01232
0.0119288
0.0115377
0.0111466
0.0107555
0.0103644
0.00997328
0.00958218
0.00919107
0.00879997
0.00840887
0.00801777
0.00762666
0.00723554
0.00684443
0.00645331
0.00606218
0.00567106
0.00527994
0.00488881
0.00449768
0.00410655
0.00371542
0.0033243
0.00293319
0.00254209
0.002151
0.00175991
0.00136883
0.00097774
0.000586647
0.00019555
-0.284717
-0.289108
-0.300226
-0.319791
-0.343497
-0.361817
-0.36841
-0.363999
-0.352513
-0.340809
-0.339324
-0.359893
-0.404148
-0.462131
-0.525383
-0.590469
-0.653553
-0.703434
-0.730541
-0.730719
-0.704818
-0.658693
-0.601422
-0.54138
-0.484097
-0.431354
-0.382375
-0.335658
-0.290289
-0.24652
-0.205812
-0.170434
-0.142764
-0.124601
-0.116728
-0.118775
-0.129347
-0.146302
-0.1671
-0.189114
-0.209879
-0.227264
-0.239592
-0.245798
-0.245244
-0.238123
-0.225316
-0.208213
-0.188425
-0.167381
-0.145981
-0.12454
-0.103049
-0.0815691
-0.0605043
-0.0406001
-0.0227248
-0.00756357
0.00460235
0.0139602
0.0210278
0.0264173
0.0306367
0.0340219
0.0367683
0.0389982
0.0408005
0.0422472
0.0433974
0.0443
0.0449951
0.0455165
0.0458914
0.0461439
0.0462929
0.0463564
0.0463465
0.0462752
0.0461523
0.045986
0.0457832
0.0455498
0.0452907
0.0450099
0.0447111
0.044397
0.0440702
0.0437327
0.0433863
0.0430324
0.0426723
0.042307
0.0419372
0.0415638
0.0411874
0.0408085
0.0404275
0.0400447
0.0396604
0.039275
0.0388885
0.0385012
0.0381132
0.0377247
0.0373357
0.0369463
0.0365567
0.0361667
0.0357766
0.0353863
0.0349958
0.0346052
0.0342145
0.0338237
0.0334329
0.033042
0.0326512
0.0322603
0.0318694
0.0314786
0.0310877
0.0306967
0.0303058
0.0299149
0.0295239
0.029133
0.0287421
0.0283512
0.0279603
0.0275695
0.0271787
0.0267879
0.0263971
0.0260063
0.0256155
0.0252247
0.0248338
0.0244429
0.024052
0.0236611
0.0232702
0.0228792
0.0224882
0.0220972
0.0217061
0.0213151
0.020924
0.020533
0.0201419
0.0197509
0.0193598
0.0189687
0.0185776
0.0181865
0.0177955
0.0174044
0.0170132
0.0166221
0.016231
0.0158399
0.0154488
0.0150577
0.0146666
0.0142755
0.0138844
0.0134933
0.0131022
0.0127111
0.01232
0.0119288
0.0115377
0.0111466
0.0107555
0.0103644
0.00997328
0.00958218
0.00919108
0.00879997
0.00840887
0.00801777
0.00762666
0.00723555
0.00684443
0.00645331
0.00606219
0.00567107
0.00527995
0.00488882
0.00449769
0.00410656
0.00371543
0.00332431
0.0029332
0.0025421
0.00215101
0.00175992
0.00136883
0.000977744
0.00058665
0.000195551
-0.285721
-0.289946
-0.299335
-0.314368
-0.330751
-0.341453
-0.342273
-0.334479
-0.322057
-0.312418
-0.316897
-0.345116
-0.395155
-0.456222
-0.521265
-0.587685
-0.651155
-0.701156
-0.728177
-0.728459
-0.703071
-0.65822
-0.602754
-0.544657
-0.488947
-0.43712
-0.388467
-0.341858
-0.296894
-0.254333
-0.215973
-0.184142
-0.161007
-0.14799
-0.145451
-0.152646
-0.167891
-0.188854
-0.2129
-0.237375
-0.259803
-0.277994
-0.290133
-0.295007
-0.291698
-0.280258
-0.261568
-0.237289
-0.209625
-0.180809
-0.152547
-0.125716
-0.100499
-0.0768146
-0.0547251
-0.0345872
-0.0169388
-0.00223264
0.0093852
0.0181702
0.0246763
0.0295387
0.0332822
0.0362492
0.0386379
0.0405644
0.0421113
0.0433439
0.0443152
0.0450682
0.0456385
0.0460553
0.0463431
0.0465223
0.0466091
0.0466218
0.0465687
0.0464612
0.0463078
0.046116
0.0458918
0.0456404
0.0453662
0.0450729
0.0447634
0.0444406
0.0441064
0.0437628
0.0434112
0.0430531
0.0426894
0.0423211
0.0419489
0.0415735
0.0411954
0.0408151
0.0404329
0.0400491
0.0396641
0.0392779
0.0388909
0.0385032
0.0381148
0.037726
0.0373367
0.0369472
0.0365574
0.0361673
0.0357771
0.0353866
0.0349961
0.0346054
0.0342147
0.0338239
0.033433
0.0330421
0.0326513
0.0322604
0.0318695
0.0314786
0.0310877
0.0306968
0.0303058
0.0299149
0.0295239
0.029133
0.0287421
0.0283512
0.0279603
0.0275695
0.0271787
0.0267879
0.0263971
0.0260063
0.0256155
0.0252247
0.0248338
0.0244429
0.024052
0.0236611
0.0232702
0.0228792
0.0224882
0.0220972
0.0217061
0.0213151
0.020924
0.020533
0.0201419
0.0197509
0.0193598
0.0189687
0.0185776
0.0181866
0.0177955
0.0174044
0.0170133
0.0166221
0.016231
0.0158399
0.0154488
0.0150577
0.0146666
0.0142755
0.0138844
0.0134933
0.0131022
0.0127111
0.0123199
0.0119288
0.0115377
0.0111466
0.0107555
0.0103644
0.00997328
0.00958218
0.00919108
0.00879998
0.00840887
0.00801777
0.00762666
0.00723555
0.00684443
0.00645332
0.0060622
0.00567108
0.00527995
0.00488883
0.0044977
0.00410657
0.00371545
0.00332432
0.00293321
0.00254211
0.00215102
0.00175993
0.00136884
0.000977749
0.000586653
0.000195552
-0.28786
-0.292135
-0.300159
-0.310876
-0.319617
-0.321304
-0.314206
-0.301146
-0.287325
-0.280726
-0.292114
-0.327941
-0.383242
-0.447126
-0.513373
-0.580241
-0.643289
-0.692611
-0.719339
-0.720013
-0.695972
-0.653492
-0.600936
-0.545637
-0.491982
-0.441244
-0.392961
-0.346546
-0.302218
-0.261243
-0.22567
-0.197766
-0.179402
-0.171597
-0.174313
-0.18647
-0.206136
-0.230846
-0.257947
-0.284844
-0.309113
-0.328538
-0.341137
-0.345475
-0.340231
-0.32519
-0.301067
-0.269669
-0.233749
-0.196421
-0.160369
-0.127237
-0.0975715
-0.0712315
-0.0479321
-0.0275794
-0.0102938
0.00377502
0.0146728
0.0227475
0.0285941
0.0328631
0.0360851
0.0386044
0.0406118
0.0422169
0.0434944
0.0445017
0.0452847
0.0458804
0.0463192
0.046626
0.0468216
0.0469237
0.0469482
0.0469036
0.0468046
0.0466586
0.046473
0.0462541
0.0460071
0.0457367
0.0454465
0.0451398
0.0448192
0.044487
0.044145
0.0437948
0.0434378
0.0430751
0.0427076
0.0423362
0.0419614
0.0415838
0.0412039
0.0408221
0.0404386
0.0400538
0.0396679
0.0392811
0.0388935
0.0385053
0.0381166
0.0377274
0.0373379
0.0369481
0.0365581
0.0361679
0.0357776
0.035387
0.0349964
0.0346057
0.0342149
0.033824
0.0334331
0.0330422
0.0326513
0.0322604
0.0318695
0.0314786
0.0310877
0.0306968
0.0303058
0.0299149
0.0295239
0.029133
0.0287421
0.0283512
0.0279603
0.0275695
0.0271787
0.0267879
0.0263971
0.0260063
0.0256155
0.0252247
0.0248338
0.0244429
0.024052
0.0236611
0.0232702
0.0228792
0.0224882
0.0220972
0.0217061
0.0213151
0.020924
0.020533
0.0201419
0.0197509
0.0193598
0.0189687
0.0185776
0.0181866
0.0177955
0.0174044
0.0170133
0.0166221
0.016231
0.0158399
0.0154488
0.0150577
0.0146666
0.0142755
0.0138844
0.0134933
0.0131022
0.0127111
0.0123199
0.0119288
0.0115377
0.0111466
0.0107555
0.0103644
0.00997328
0.00958218
0.00919108
0.00879998
0.00840887
0.00801777
0.00762666
0.00723555
0.00684444
0.00645332
0.0060622
0.00567108
0.00527996
0.00488884
0.00449771
0.00410658
0.00371546
0.00332433
0.00293322
0.00254212
0.00215102
0.00175993
0.00136885
0.000977754
0.000586656
0.000195553
-0.291125
-0.29573
-0.302873
-0.309769
-0.311218
-0.303663
-0.287802
-0.268649
-0.253218
-0.249927
-0.267892
-0.310253
-0.369892
-0.43581
-0.502734
-0.569194
-0.630907
-0.678789
-0.704862
-0.706278
-0.684307
-0.645058
-0.596202
-0.54421
-0.492807
-0.44317
-0.395269
-0.349188
-0.305797
-0.266801
-0.234371
-0.210605
-0.197025
-0.194256
-0.201894
-0.218555
-0.242107
-0.270033
-0.299773
-0.328897
-0.355106
-0.376189
-0.389978
-0.394725
-0.388669
-0.371123
-0.342456
-0.304454
-0.260327
-0.214105
-0.169591
-0.129401
-0.0946201
-0.0651588
-0.040414
-0.0198025
-0.0029606
0.010339
0.0203769
0.0276268
0.0327321
0.0363534
0.0390194
0.0410646
0.0426715
0.043941
0.0449379
0.0457109
0.0462981
0.0467301
0.0470318
0.0472238
0.0473231
0.0473445
0.0473004
0.0471997
0.0470524
0.046866
0.0466466
0.0463992
0.0461285
0.045838
0.0455311
0.0452103
0.0448779
0.0445358
0.0441856
0.0438286
0.0434658
0.0430983
0.0427269
0.0423521
0.0419745
0.0415947
0.0412129
0.0408295
0.0404447
0.0400589
0.0396721
0.0392845
0.0388963
0.0385076
0.0381184
0.0377289
0.0373391
0.0369491
0.0365589
0.0361686
0.0357781
0.0353875
0.0349967
0.0346059
0.0342151
0.0338242
0.0334333
0.0330423
0.0326514
0.0322605
0.0318696
0.0314786
0.0310877
0.0306968
0.0303058
0.0299149
0.0295239
0.029133
0.0287421
0.0283512
0.0279604
0.0275695
0.0271787
0.0267879
0.0263971
0.0260063
0.0256155
0.0252247
0.0248338
0.024443
0.024052
0.0236611
0.0232702
0.0228792
0.0224882
0.0220972
0.0217061
0.0213151
0.020924
0.020533
0.0201419
0.0197509
0.0193598
0.0189687
0.0185776
0.0181866
0.0177955
0.0174044
0.0170133
0.0166221
0.016231
0.0158399
0.0154488
0.0150577
0.0146666
0.0142755
0.0138844
0.0134933
0.0131022
0.012711
0.0123199
0.0119288
0.0115377
0.0111466
0.0107555
0.0103644
0.00997328
0.00958218
0.00919108
0.00879997
0.00840887
0.00801776
0.00762666
0.00723555
0.00684444
0.00645333
0.00606221
0.00567109
0.00527997
0.00488885
0.00449772
0.00410659
0.00371547
0.00332435
0.00293323
0.00254213
0.00215103
0.00175994
0.00136885
0.000977759
0.00058666
0.000195554
-0.295291
-0.300482
-0.307312
-0.311042
-0.305892
-0.289723
-0.265544
-0.24065
-0.223697
-0.223305
-0.24649
-0.293767
-0.356218
-0.423416
-0.490417
-0.555718
-0.615249
-0.661117
-0.686425
-0.688591
-0.669121
-0.633613
-0.588829
-0.540237
-0.490977
-0.442318
-0.394817
-0.349287
-0.307198
-0.27056
-0.241525
-0.221934
-0.212948
-0.214822
-0.226809
-0.247256
-0.273909
-0.304327
-0.336181
-0.367293
-0.395519
-0.418641
-0.434428
-0.440388
-0.43475
-0.416034
-0.384078
-0.340436
-0.288605
-0.233511
-0.180192
-0.132411
-0.0919706
-0.0589599
-0.0325112
-0.0115432
0.00483753
0.017289
0.0263769
0.0327245
0.0370308
0.0399666
0.0420508
0.043604
0.0447977
0.0457214
0.0464297
0.0469615
0.0473472
0.0476105
0.0477708
0.0478441
0.0478438
0.0477814
0.0476666
0.047507
0.04731
0.0470817
0.0468271
0.0465503
0.0462547
0.0459435
0.0456191
0.0452837
0.0449391
0.0445867
0.0442279
0.0438638
0.043495
0.0431226
0.042747
0.0423687
0.0419883
0.0416061
0.0412223
0.0408372
0.0404511
0.0400641
0.0396764
0.039288
0.0388992
0.0385099
0.0381204
0.0377305
0.0373404
0.0369502
0.0365598
0.0361693
0.0357786
0.0353879
0.0349971
0.0346062
0.0342153
0.0338244
0.0334334
0.0330424
0.0326515
0.0322605
0.0318696
0.0314787
0.0310877
0.0306968
0.0303058
0.0299149
0.0295239
0.029133
0.0287421
0.0283512
0.0279604
0.0275695
0.0271787
0.0267879
0.0263972
0.0260064
0.0256155
0.0252247
0.0248339
0.024443
0.0240521
0.0236611
0.0232702
0.0228792
0.0224882
0.0220972
0.0217061
0.0213151
0.020924
0.020533
0.0201419
0.0197509
0.0193598
0.0189687
0.0185777
0.0181866
0.0177955
0.0174044
0.0170133
0.0166221
0.016231
0.0158399
0.0154488
0.0150577
0.0146666
0.0142755
0.0138844
0.0134933
0.0131022
0.012711
0.0123199
0.0119288
0.0115377
0.0111466
0.0107555
0.0103644
0.00997329
0.00958219
0.00919108
0.00879997
0.00840886
0.00801776
0.00762666
0.00723556
0.00684445
0.00645334
0.00606222
0.0056711
0.00527998
0.00488886
0.00449773
0.0041066
0.00371548
0.00332436
0.00293324
0.00254214
0.00215104
0.00175995
0.00136886
0.000977766
0.000586664
0.000195556
-0.29979
-0.30574
-0.312794
-0.314127
-0.303317
-0.279601
-0.248389
-0.218915
-0.200895
-0.20267
-0.229396
-0.279426
-0.343352
-0.410886
-0.477291
-0.54078
-0.59755
-0.641045
-0.665352
-0.668269
-0.651436
-0.619787
-0.578972
-0.533451
-0.485974
-0.438112
-0.391104
-0.346456
-0.306091
-0.272151
-0.246642
-0.231106
-0.226352
-0.232286
-0.247844
-0.271172
-0.300034
-0.332247
-0.365831
-0.39887
-0.429288
-0.454764
-0.472826
-0.48088
-0.476628
-0.458003
-0.42417
-0.376181
-0.317572
-0.254051
-0.19195
-0.136328
-0.0898698
-0.0529703
-0.0245719
-0.00311389
0.0128463
0.0244333
0.0325322
0.0379389
0.0414189
0.0436519
0.0451423
0.0461957
0.0469698
0.0475422
0.0479568
0.0482433
0.0484235
0.0485146
0.0485303
0.0484821
0.0483796
0.0482312
0.048044
0.0478236
0.0475755
0.0473041
0.0470133
0.046706
0.0463849
0.0460522
0.0457099
0.0453594
0.0450022
0.0446393
0.0442717
0.0439001
0.0435252
0.0431476
0.0427677
0.0423859
0.0420025
0.0416178
0.041232
0.0408452
0.0404577
0.0400695
0.0396808
0.0392917
0.0389022
0.0385124
0.0381224
0.0377322
0.0373418
0.0369513
0.0365607
0.03617
0.0357792
0.0353884
0.0349975
0.0346065
0.0342155
0.0338245
0.0334335
0.0330425
0.0326516
0.0322606
0.0318697
0.0314787
0.0310878
0.0306968
0.0303058
0.0299149
0.0295239
0.029133
0.0287421
0.0283512
0.0279604
0.0275696
0.0271788
0.026788
0.0263972
0.0260064
0.0256156
0.0252247
0.0248339
0.024443
0.0240521
0.0236611
0.0232702
0.0228792
0.0224882
0.0220972
0.0217061
0.0213151
0.020924
0.020533
0.0201419
0.0197509
0.0193598
0.0189687
0.0185777
0.0181866
0.0177955
0.0174044
0.0170133
0.0166221
0.016231
0.0158399
0.0154488
0.0150577
0.0146666
0.0142755
0.0138844
0.0134933
0.0131021
0.012711
0.0123199
0.0119288
0.0115377
0.0111466
0.0107555
0.0103644
0.00997329
0.00958219
0.00919108
0.00879997
0.00840886
0.00801776
0.00762666
0.00723556
0.00684446
0.00645335
0.00606223
0.00567111
0.00527999
0.00488887
0.00449774
0.00410661
0.00371549
0.00332437
0.00293325
0.00254215
0.00215105
0.00175996
0.00136887
0.000977772
0.000586668
0.000195557
-0.303512
-0.310167
-0.318012
-0.317421
-0.302243
-0.272585
-0.236109
-0.203658
-0.185279
-0.188569
-0.217137
-0.268212
-0.33203
-0.398861
-0.46394
-0.525074
-0.578734
-0.619428
-0.642685
-0.646304
-0.632034
-0.60395
-0.566522
-0.523399
-0.477233
-0.430067
-0.383808
-0.340499
-0.302308
-0.27134
-0.249373
-0.237639
-0.236615
-0.245878
-0.264107
-0.289385
-0.319711
-0.353334
-0.388657
-0.423901
-0.45688
-0.485021
-0.505601
-0.515916
-0.513429
-0.495695
-0.461183
-0.410216
-0.346043
-0.274926
-0.204446
-0.141052
-0.0884479
-0.0474553
-0.0169109
0.00518225
0.0208082
0.0315713
0.0386955
0.0431656
0.0458229
0.0473568
0.048257
0.0488124
0.0491669
0.049387
0.0495065
0.0495456
0.0495185
0.0494353
0.0493044
0.0491328
0.0489265
0.0486905
0.0484295
0.0481471
0.0478467
0.0475313
0.0472036
0.0468652
0.0465181
0.0461635
0.0458027
0.0454368
0.0450667
0.044693
0.0443164
0.0439372
0.0435561
0.0431732
0.0427889
0.0424035
0.0420171
0.0416299
0.041242
0.0408534
0.0404645
0.0400751
0.0396854
0.0392954
0.0389053
0.0385149
0.0381245
0.0377339
0.0373432
0.0369524
0.0365616
0.0361707
0.0357798
0.0353889
0.0349979
0.0346068
0.0342158
0.0338247
0.0334337
0.0330427
0.0326517
0.0322607
0.0318697
0.0314788
0.0310878
0.0306968
0.0303058
0.0299149
0.0295239
0.029133
0.0287421
0.0283513
0.0279604
0.0275696
0.0271788
0.026788
0.0263972
0.0260064
0.0256156
0.0252247
0.0248339
0.024443
0.0240521
0.0236611
0.0232702
0.0228792
0.0224882
0.0220972
0.0217061
0.0213151
0.020924
0.020533
0.0201419
0.0197509
0.0193598
0.0189687
0.0185777
0.0181866
0.0177955
0.0174044
0.0170133
0.0166221
0.016231
0.0158399
0.0154488
0.0150577
0.0146666
0.0142755
0.0138844
0.0134933
0.0131021
0.012711
0.0123199
0.0119288
0.0115377
0.0111466
0.0107555
0.0103644
0.00997329
0.00958219
0.00919108
0.00879996
0.00840885
0.00801775
0.00762666
0.00723556
0.00684446
0.00645336
0.00606224
0.00567112
0.00528
0.00488888
0.00449775
0.00410662
0.0037155
0.00332438
0.00293326
0.00254216
0.00215106
0.00175997
0.00136888
0.00097778
0.000586673
0.000195559
-0.307035
-0.312358
-0.320184
-0.318401
-0.300599
-0.267474
-0.227939
-0.194156
-0.176356
-0.180854
-0.210057
-0.260461
-0.322699
-0.387762
-0.450741
-0.509051
-0.5594
-0.597325
-0.619183
-0.623409
-0.611346
-0.586054
-0.551022
-0.50948
-0.464265
-0.417931
-0.37289
-0.331475
-0.295891
-0.26808
-0.249564
-0.241274
-0.243377
-0.255168
-0.275187
-0.301676
-0.333102
-0.368227
-0.405716
-0.443716
-0.479735
-0.51082
-0.533934
-0.546273
-0.54535
-0.52863
-0.494093
-0.44126
-0.372799
-0.295191
-0.217085
-0.14632
-0.0877019
-0.0425819
-0.00977837
0.0130805
0.0284865
0.0385133
0.0447257
0.0483049
0.0501729
0.0510321
0.051359
0.0514271
0.0513684
0.0512397
0.0510657
0.0508582
0.0506235
0.0503656
0.0500873
0.0497915
0.0494802
0.0491558
0.0488202
0.048475
0.0481217
0.0477617
0.0473965
0.0470267
0.046653
0.0462762
0.0458968
0.0455153
0.0451321
0.0447475
0.0443617
0.0439749
0.0435874
0.0431992
0.0428105
0.0424213
0.0420319
0.0416421
0.041252
0.0408618
0.0404713
0.0400807
0.03969
0.0392992
0.0389084
0.0385175
0.0381266
0.0377356
0.0373446
0.0369535
0.0365625
0.0361715
0.0357804
0.0353893
0.0349983
0.0346071
0.034216
0.0338249
0.0334338
0.0330428
0.0326518
0.0322608
0.0318698
0.0314788
0.0310878
0.0306968
0.0303059
0.0299149
0.0295239
0.029133
0.0287421
0.0283513
0.0279604
0.0275696
0.0271788
0.026788
0.0263972
0.0260064
0.0256156
0.0252248
0.0248339
0.024443
0.0240521
0.0236611
0.0232702
0.0228792
0.0224882
0.0220971
0.0217061
0.0213151
0.020924
0.020533
0.0201419
0.0197509
0.0193598
0.0189687
0.0185777
0.0181866
0.0177955
0.0174044
0.0170133
0.0166221
0.016231
0.0158399
0.0154488
0.0150577
0.0146666
0.0142755
0.0138844
0.0134932
0.0131021
0.012711
0.0123199
0.0119288
0.0115376
0.0111466
0.0107555
0.0103644
0.00997329
0.00958219
0.00919107
0.00879996
0.00840884
0.00801775
0.00762665
0.00723556
0.00684447
0.00645337
0.00606225
0.00567113
0.00528001
0.00488889
0.00449776
0.00410664
0.00371551
0.00332439
0.00293327
0.00254217
0.00215107
0.00175998
0.00136889
0.000977787
0.000586678
0.000195561
)
;

boundaryField
{
    inlet
    {
        type            zeroGradient;
    }
    outlet
    {
        type            fixedValue;
        value           uniform 0;
    }
    walls
    {
        type            zeroGradient;
    }
    frontAndBack
    {
        type            empty;
    }
}


// ************************************************************************* //
