/*--------------------------------*- C++ -*----------------------------------*\
  =========                 |
  \\      /  F ield         | OpenFOAM: The Open Source CFD Toolbox
   \\    /   O peration     | Website:  https://openfoam.org
    \\  /    A nd           | Version:  11
     \\/     M anipulation  |
\*---------------------------------------------------------------------------*/
FoamFile
{
    format      ascii;
    class       volScalarField;
    location    "14";
    object      p;
}
// * * * * * * * * * * * * * * * * * * * * * * * * * * * * * * * * * * * * * //

dimensions      [0 2 -2 0 0 0 0];

internalField   nonuniform List<scalar> 
8400
(
-0.166946
-0.1699
-0.173182
-0.176184
-0.179121
-0.182117
-0.185169
-0.188259
-0.191389
-0.194566
-0.197799
-0.201094
-0.204464
-0.207919
-0.211477
-0.215162
-0.219005
-0.223054
-0.227379
-0.232409
-0.166758
-0.169891
-0.173263
-0.176224
-0.179122
-0.182118
-0.185179
-0.188271
-0.191401
-0.194579
-0.197814
-0.201112
-0.204483
-0.207941
-0.211502
-0.215188
-0.219028
-0.223051
-0.227204
-0.231093
-0.166576
-0.169865
-0.173333
-0.176255
-0.179103
-0.182095
-0.185164
-0.188258
-0.191383
-0.194556
-0.197786
-0.201078
-0.204441
-0.207888
-0.211432
-0.21509
-0.218873
-0.222765
-0.226586
-0.22978
-0.166394
-0.169787
-0.17336
-0.176274
-0.179073
-0.182047
-0.185121
-0.188213
-0.191328
-0.194489
-0.197706
-0.200982
-0.204325
-0.207743
-0.211246
-0.214841
-0.218518
-0.222211
-0.225688
-0.228435
-0.166209
-0.169668
-0.173337
-0.176265
-0.179022
-0.18197
-0.18504
-0.188128
-0.191228
-0.194369
-0.197563
-0.200812
-0.204119
-0.20749
-0.210928
-0.214429
-0.217962
-0.221432
-0.224603
-0.227043
-0.166019
-0.169521
-0.173267
-0.176217
-0.178941
-0.18186
-0.18492
-0.187998
-0.191078
-0.194191
-0.197353
-0.200562
-0.203819
-0.207124
-0.210477
-0.21386
-0.217228
-0.220475
-0.223386
-0.225615
-0.165825
-0.169355
-0.173157
-0.176128
-0.178829
-0.181718
-0.184762
-0.187824
-0.190878
-0.193957
-0.197077
-0.200236
-0.20343
-0.206655
-0.209905
-0.213155
-0.216352
-0.21939
-0.222085
-0.224169
-0.165628
-0.169176
-0.173016
-0.176004
-0.178686
-0.181547
-0.18457
-0.187611
-0.190635
-0.193673
-0.196744
-0.199844
-0.202965
-0.2061
-0.209238
-0.212349
-0.215378
-0.218227
-0.220745
-0.222729
-0.165434
-0.168992
-0.172854
-0.175851
-0.178518
-0.181354
-0.184353
-0.187369
-0.190358
-0.193352
-0.196368
-0.199403
-0.202445
-0.205484
-0.208506
-0.211479
-0.21435
-0.217034
-0.219408
-0.221323
-0.165247
-0.168811
-0.17268
-0.175677
-0.17833
-0.181144
-0.184119
-0.187106
-0.190059
-0.193006
-0.195966
-0.198933
-0.201894
-0.204836
-0.207743
-0.210585
-0.213313
-0.215854
-0.218114
-0.219981
-0.165075
-0.168639
-0.172504
-0.175492
-0.178132
-0.180928
-0.18388
-0.186837
-0.189752
-0.192653
-0.195557
-0.198456
-0.201337
-0.204185
-0.206984
-0.209706
-0.212308
-0.21473
-0.216899
-0.218734
-0.164926
-0.168485
-0.172334
-0.175304
-0.177932
-0.180716
-0.183646
-0.186572
-0.189451
-0.192308
-0.195159
-0.197994
-0.200799
-0.203561
-0.206262
-0.208878
-0.211373
-0.213696
-0.215796
-0.21761
-0.164806
-0.168356
-0.172175
-0.17512
-0.17774
-0.180517
-0.183428
-0.186326
-0.18917
-0.191987
-0.19479
-0.197568
-0.200305
-0.20299
-0.205607
-0.208133
-0.210538
-0.212784
-0.214831
-0.216633
-0.164724
-0.168256
-0.172032
-0.174946
-0.177564
-0.180341
-0.183236
-0.186107
-0.188921
-0.191705
-0.194466
-0.197194
-0.199874
-0.202494
-0.205041
-0.207494
-0.209829
-0.212016
-0.214025
-0.215822
-0.164685
-0.168189
-0.171904
-0.174786
-0.177412
-0.180196
-0.183077
-0.185924
-0.188714
-0.191471
-0.1942
-0.196888
-0.199521
-0.202091
-0.204582
-0.206979
-0.209261
-0.211405
-0.21339
-0.215186
-0.164695
-0.168155
-0.171789
-0.174643
-0.177291
-0.180088
-0.182956
-0.185783
-0.188555
-0.191294
-0.193998
-0.196655
-0.199255
-0.201787
-0.204239
-0.206596
-0.208842
-0.210958
-0.212927
-0.214728
-0.164754
-0.168146
-0.171684
-0.174522
-0.177206
-0.180018
-0.182873
-0.185685
-0.188447
-0.191174
-0.193861
-0.196499
-0.199077
-0.201584
-0.204011
-0.206343
-0.208567
-0.210667
-0.212629
-0.214436
-0.164861
-0.168149
-0.171581
-0.174428
-0.177159
-0.179982
-0.182826
-0.185628
-0.188386
-0.191107
-0.193786
-0.196413
-0.198978
-0.201473
-0.203886
-0.206206
-0.208419
-0.210512
-0.212474
-0.214288
-0.165009
-0.168142
-0.171481
-0.174368
-0.17715
-0.179976
-0.182808
-0.185605
-0.188364
-0.191084
-0.19376
-0.196383
-0.198945
-0.201436
-0.203845
-0.206162
-0.208373
-0.210466
-0.21243
-0.214252
-0.165193
-0.168147
-0.171401
-0.174336
-0.177157
-0.179986
-0.182812
-0.18561
-0.188372
-0.191094
-0.193772
-0.196398
-0.198963
-0.201457
-0.203871
-0.206192
-0.208408
-0.210507
-0.212478
-0.214308
-0.231905
-0.227445
-0.22728
-0.227585
-0.227512
-0.227465
-0.227475
-0.227467
-0.227431
-0.227374
-0.227294
-0.227189
-0.227056
-0.226893
-0.226701
-0.226477
-0.22622
-0.225929
-0.225604
-0.225243
-0.224846
-0.224412
-0.223939
-0.223426
-0.222872
-0.222275
-0.221634
-0.220948
-0.220212
-0.219426
-0.218585
-0.217687
-0.216726
-0.215696
-0.214592
-0.213403
-0.212118
-0.210726
-0.209213
-0.207564
-0.205767
-0.203805
-0.201664
-0.199324
-0.196754
-0.193912
-0.190739
-0.187159
-0.183086
-0.178439
-0.173159
-0.167229
-0.160693
-0.153665
-0.146328
-0.138917
-0.131704
-0.124958
-0.118919
-0.113767
-0.109602
-0.106438
-0.104211
-0.102797
-0.102038
-0.101765
-0.101817
-0.10206
-0.102387
-0.102722
-0.103015
-0.103236
-0.103369
-0.10341
-0.103358
-0.103219
-0.102998
-0.102699
-0.102328
-0.101888
-0.101386
-0.100823
-0.100203
-0.0995268
-0.0987976
-0.0980167
-0.0971854
-0.0963049
-0.0953762
-0.0944003
-0.093378
-0.0923103
-0.0911977
-0.0900412
-0.0888413
-0.087599
-0.0863148
-0.0849894
-0.0836236
-0.082218
-0.0807734
-0.0792905
-0.0777702
-0.0762134
-0.0746212
-0.0729947
-0.0713353
-0.0696446
-0.0679243
-0.0661764
-0.0644032
-0.0626072
-0.0607913
-0.0589583
-0.0571116
-0.0552547
-0.0533912
-0.0515252
-0.0496608
-0.0478021
-0.0459537
-0.04412
-0.0423057
-0.0405156
-0.0387543
-0.0370266
-0.035337
-0.03369
-0.0320898
-0.0305401
-0.0290445
-0.0276057
-0.0262261
-0.0249072
-0.0236502
-0.0224552
-0.021322
-0.0202495
-0.0192363
-0.0182805
-0.0173795
-0.0165309
-0.0157316
-0.0149788
-0.0142694
-0.0136003
-0.0129685
-0.0123711
-0.0118053
-0.0112685
-0.010758
-0.0102716
-0.00980696
-0.00936218
-0.00893538
-0.0085249
-0.0081293
-0.00774727
-0.00737768
-0.00701964
-0.00667239
-0.00633532
-0.00600792
-0.00568983
-0.00538065
-0.00508018
-0.00478839
-0.00450502
-0.00422998
-0.00396322
-0.0037047
-0.00345438
-0.00321227
-0.00297842
-0.00275288
-0.00253572
-0.00232706
-0.00212699
-0.00193565
-0.00175315
-0.00157962
-0.00141518
-0.0012599
-0.00111387
-0.000977139
-0.000849723
-0.000731622
-0.000622812
-0.000523242
-0.000432843
-0.00035151
-0.000279128
-0.000215459
-0.000160425
-0.000112998
-7.47011e-05
-3.71858e-05
-2.45393e-05
4.86585e-05
-0.000148812
-0.230931
-0.227377
-0.227028
-0.227425
-0.22741
-0.227354
-0.227371
-0.227378
-0.227352
-0.227301
-0.227225
-0.227123
-0.226991
-0.226828
-0.226632
-0.226404
-0.226141
-0.225843
-0.225508
-0.225136
-0.224725
-0.224273
-0.22378
-0.223244
-0.222662
-0.222034
-0.221357
-0.220628
-0.219843
-0.219001
-0.218096
-0.217124
-0.216079
-0.214953
-0.213739
-0.212427
-0.211003
-0.209455
-0.207769
-0.20593
-0.203923
-0.201733
-0.199344
-0.196738
-0.193887
-0.190754
-0.18729
-0.183436
-0.179129
-0.174313
-0.16896
-0.163083
-0.156749
-0.150086
-0.143275
-0.136539
-0.130115
-0.124229
-0.119065
-0.114747
-0.111323
-0.108766
-0.106989
-0.105862
-0.105235
-0.104961
-0.10491
-0.104976
-0.105081
-0.105173
-0.105217
-0.105198
-0.105107
-0.104942
-0.104707
-0.104405
-0.104039
-0.103614
-0.103133
-0.102597
-0.102011
-0.101376
-0.100693
-0.0999623
-0.099186
-0.0983646
-0.0974985
-0.0965884
-0.0956345
-0.0946375
-0.0935977
-0.0925156
-0.0913916
-0.0902261
-0.0890196
-0.0877725
-0.0864854
-0.0851586
-0.0837926
-0.082388
-0.0809453
-0.0794649
-0.0779476
-0.076394
-0.074805
-0.0731816
-0.0715248
-0.0698361
-0.0681169
-0.0663691
-0.0645947
-0.062796
-0.0609756
-0.0591362
-0.0572811
-0.0554136
-0.0535371
-0.0516557
-0.0497731
-0.0478938
-0.0460221
-0.0441624
-0.0423197
-0.0404986
-0.038704
-0.036941
-0.0352145
-0.0335291
-0.0318895
-0.0303
-0.0287646
-0.0272865
-0.0258687
-0.0245134
-0.023222
-0.0219953
-0.0208333
-0.0197356
-0.0187007
-0.017727
-0.0168121
-0.0159533
-0.0151477
-0.0143922
-0.0136834
-0.0130182
-0.0123932
-0.0118052
-0.0112511
-0.0107279
-0.0102329
-0.00976342
-0.009317
-0.0088914
-0.00848458
-0.00809469
-0.00772006
-0.00735923
-0.00701092
-0.00667406
-0.00634777
-0.00603127
-0.00572397
-0.00542539
-0.00513513
-0.0048528
-0.00457832
-0.0043115
-0.00405224
-0.00380044
-0.00355607
-0.00331913
-0.00308965
-0.00286767
-0.00265327
-0.00244654
-0.00224759
-0.00205654
-0.0018735
-0.00169862
-0.00153201
-0.00137379
-0.00122408
-0.00108296
-0.000950513
-0.000826802
-0.000711866
-0.000605728
-0.000508384
-0.000419811
-0.000339946
-0.00026871
-0.000205879
-0.000151429
-0.000104187
-6.61578e-05
-2.72731e-05
-1.77613e-05
6.77166e-05
-0.000183937
-0.230262
-0.227559
-0.226902
-0.227257
-0.22731
-0.227253
-0.227268
-0.227288
-0.227272
-0.227226
-0.227153
-0.227052
-0.226918
-0.226752
-0.226551
-0.226315
-0.226042
-0.225732
-0.225382
-0.224991
-0.224558
-0.224082
-0.22356
-0.222991
-0.222371
-0.2217
-0.220972
-0.220186
-0.219337
-0.218421
-0.217433
-0.216366
-0.215214
-0.213969
-0.21262
-0.211157
-0.209566
-0.207835
-0.205948
-0.20389
-0.201648
-0.199207
-0.196553
-0.193668
-0.190532
-0.187115
-0.18338
-0.179286
-0.17479
-0.169866
-0.16451
-0.158761
-0.152703
-0.146469
-0.140234
-0.134197
-0.128559
-0.123496
-0.119142
-0.115568
-0.112777
-0.110716
-0.109282
-0.108351
-0.107788
-0.107472
-0.107302
-0.107198
-0.107107
-0.106994
-0.106838
-0.106631
-0.106368
-0.10605
-0.105679
-0.105258
-0.104788
-0.104273
-0.103714
-0.103111
-0.102466
-0.10178
-0.101052
-0.100283
-0.099474
-0.0986239
-0.0977333
-0.0968021
-0.0958305
-0.0948184
-0.0937662
-0.0926739
-0.0915417
-0.09037
-0.0891589
-0.0879087
-0.0866198
-0.0852924
-0.0839268
-0.0825234
-0.0810826
-0.0796048
-0.0780903
-0.0765398
-0.074954
-0.0733336
-0.0716795
-0.0699929
-0.0682752
-0.066528
-0.064753
-0.0629525
-0.0611288
-0.0592845
-0.0574226
-0.0555463
-0.0536589
-0.0517643
-0.0498662
-0.0479688
-0.0460765
-0.0441938
-0.0423255
-0.0404764
-0.0386516
-0.0368562
-0.0350954
-0.0333742
-0.0316977
-0.0300705
-0.0284971
-0.0269814
-0.0255266
-0.0241357
-0.0228105
-0.0215524
-0.0203618
-0.0192384
-0.0181814
-0.017189
-0.0162592
-0.0153892
-0.0145762
-0.0138167
-0.0131075
-0.0124449
-0.0118255
-0.0112457
-0.0107022
-0.0101918
-0.00971138
-0.00925803
-0.00882909
-0.00842207
-0.0080347
-0.00766493
-0.00731091
-0.00697098
-0.00664371
-0.00632786
-0.00602238
-0.00572637
-0.00543912
-0.00516002
-0.0048886
-0.00462456
-0.00436741
-0.00411716
-0.00387372
-0.00363695
-0.00340679
-0.00318329
-0.00296647
-0.00275642
-0.00255321
-0.00235695
-0.00216775
-0.00198574
-0.00181104
-0.00164378
-0.0014841
-0.00133212
-0.00118797
-0.00105176
-0.000923602
-0.000803597
-0.000691828
-0.000588364
-0.000493251
-0.000406514
-0.000328131
-0.000258063
-0.000196105
-0.000142285
-9.53242e-05
-5.76471e-05
-1.78038e-05
-1.11053e-05
8.37827e-05
-0.000211598
-0.22936
-0.227482
-0.22672
-0.227024
-0.227166
-0.227135
-0.22715
-0.227183
-0.227181
-0.227141
-0.227071
-0.22697
-0.226834
-0.226662
-0.226452
-0.226204
-0.225917
-0.225588
-0.225216
-0.2248
-0.224339
-0.223829
-0.223269
-0.222656
-0.221987
-0.221259
-0.220468
-0.21961
-0.21868
-0.217672
-0.216581
-0.2154
-0.214119
-0.212731
-0.211224
-0.209586
-0.207805
-0.205867
-0.203757
-0.201462
-0.198969
-0.196265
-0.19334
-0.19018
-0.18677
-0.183092
-0.179121
-0.174833
-0.170209
-0.165244
-0.15996
-0.154412
-0.148696
-0.142943
-0.137313
-0.131977
-0.127094
-0.122797
-0.119166
-0.11623
-0.113961
-0.112284
-0.111097
-0.110285
-0.109736
-0.109354
-0.109064
-0.10881
-0.108557
-0.108282
-0.107974
-0.107627
-0.10724
-0.106813
-0.106347
-0.105844
-0.105304
-0.104727
-0.104115
-0.103467
-0.102782
-0.102062
-0.101305
-0.10051
-0.0996789
-0.0988096
-0.0979024
-0.096957
-0.0959733
-0.0949511
-0.0938904
-0.0927912
-0.0916536
-0.0904777
-0.0892636
-0.0880115
-0.0867215
-0.085394
-0.0840291
-0.082627
-0.081188
-0.0797124
-0.0782005
-0.0766528
-0.0750698
-0.0734521
-0.0718005
-0.0701161
-0.0683999
-0.0666535
-0.0648785
-0.0630769
-0.0612508
-0.0594027
-0.0575355
-0.055652
-0.0537557
-0.0518501
-0.0499389
-0.0480261
-0.0461162
-0.0442134
-0.0423227
-0.0404489
-0.0385971
-0.0367727
-0.034981
-0.0332273
-0.0315169
-0.029855
-0.0282463
-0.0266953
-0.0252058
-0.023781
-0.0224236
-0.0211351
-0.0199165
-0.018768
-0.0176889
-0.0166777
-0.0157325
-0.0148508
-0.0140294
-0.0132651
-0.0125542
-0.0118932
-0.0112781
-0.0107054
-0.0101714
-0.0096725
-0.00920548
-0.00876717
-0.00835464
-0.0079652
-0.00759634
-0.00724581
-0.00691158
-0.0065918
-0.00628485
-0.00598935
-0.00570408
-0.00542801
-0.00516029
-0.00490021
-0.00464724
-0.00440095
-0.00416087
-0.00392685
-0.00369892
-0.00347688
-0.00326068
-0.00305036
-0.00284598
-0.00264763
-0.0024554
-0.0022694
-0.00208977
-0.00191661
-0.00175008
-0.00159029
-0.00143739
-0.00129152
-0.00115281
-0.0010214
-0.000897441
-0.000781061
-0.00067239
-0.000571544
-0.000478617
-0.000393682
-0.000316759
-0.000247851
-0.000186776
-0.000133613
-8.7016e-05
-4.97556e-05
-9.36485e-06
-5.04969e-06
9.62402e-05
-0.000231183
-0.228243
-0.227128
-0.226451
-0.226717
-0.226944
-0.226969
-0.227
-0.227051
-0.227067
-0.227038
-0.226973
-0.226872
-0.226733
-0.226553
-0.226331
-0.226068
-0.22576
-0.225408
-0.225008
-0.22456
-0.224062
-0.22351
-0.222902
-0.222235
-0.221505
-0.220708
-0.21984
-0.218896
-0.21787
-0.216754
-0.215544
-0.214229
-0.212802
-0.211251
-0.209567
-0.207737
-0.205749
-0.203588
-0.201243
-0.1987
-0.195951
-0.192985
-0.189796
-0.186377
-0.182719
-0.178815
-0.174655
-0.170232
-0.165546
-0.160613
-0.155472
-0.150192
-0.14487
-0.13963
-0.134612
-0.129954
-0.125776
-0.122163
-0.119155
-0.116746
-0.114885
-0.113492
-0.112469
-0.111718
-0.111151
-0.110696
-0.110298
-0.109921
-0.109542
-0.109147
-0.10873
-0.108285
-0.107813
-0.107313
-0.106785
-0.106228
-0.105641
-0.105026
-0.10438
-0.103703
-0.102993
-0.102251
-0.101475
-0.100664
-0.0998183
-0.0989367
-0.0980189
-0.0970643
-0.0960728
-0.095044
-0.0939779
-0.0928742
-0.0917331
-0.0905545
-0.0893385
-0.0880853
-0.0867949
-0.0854675
-0.0841033
-0.0827023
-0.0812649
-0.0797912
-0.0782815
-0.0767361
-0.0751554
-0.0735401
-0.0718906
-0.0702081
-0.0684934
-0.0667479
-0.0649731
-0.0631707
-0.061343
-0.0594921
-0.0576207
-0.0557316
-0.0538281
-0.0519134
-0.0499914
-0.0480659
-0.046141
-0.0442213
-0.0423114
-0.0404163
-0.0385411
-0.0366913
-0.0348723
-0.0330897
-0.0313491
-0.0296559
-0.0280153
-0.0264321
-0.0249107
-0.0234547
-0.0220671
-0.0207501
-0.0195051
-0.0183325
-0.017232
-0.0162025
-0.0152421
-0.0143483
-0.0135181
-0.0127482
-0.0120349
-0.0113743
-0.0107625
-0.0101956
-0.00966971
-0.00918106
-0.00872611
-0.0083015
-0.00790406
-0.00753087
-0.00717924
-0.00684671
-0.00653105
-0.00623024
-0.00594251
-0.00566627
-0.00540018
-0.00514307
-0.00489395
-0.00465202
-0.00441664
-0.00418731
-0.00396359
-0.00374518
-0.00353207
-0.00332414
-0.00312132
-0.00292365
-0.00273119
-0.00254406
-0.00236235
-0.0021862
-0.00201573
-0.00185107
-0.00169235
-0.00153971
-0.0013933
-0.00125327
-0.00111976
-0.000992945
-0.000872994
-0.000760081
-0.000654372
-0.00055603
-0.000465197
-0.00038199
-0.000306472
-0.000238686
-0.000178479
-0.00012598
-7.98069e-05
-4.30023e-05
-2.44628e-06
1.6426e-09
0.000104766
-0.000242633
-0.226999
-0.226552
-0.22608
-0.226336
-0.226641
-0.226746
-0.226811
-0.226887
-0.226927
-0.226914
-0.226857
-0.226757
-0.226613
-0.226424
-0.226188
-0.225905
-0.225574
-0.225193
-0.22476
-0.224273
-0.223731
-0.223129
-0.222464
-0.221734
-0.220933
-0.220057
-0.219101
-0.218058
-0.216922
-0.215686
-0.214342
-0.21288
-0.211292
-0.209567
-0.207693
-0.20566
-0.203454
-0.201064
-0.19848
-0.195691
-0.192692
-0.189477
-0.186044
-0.182393
-0.178525
-0.174442
-0.170149
-0.165654
-0.160973
-0.156141
-0.151207
-0.146246
-0.141353
-0.136638
-0.132216
-0.128191
-0.124644
-0.121621
-0.119128
-0.117134
-0.115579
-0.114382
-0.113459
-0.11273
-0.112129
-0.111604
-0.111118
-0.110648
-0.110178
-0.109699
-0.109207
-0.108698
-0.108171
-0.107624
-0.107056
-0.106466
-0.105851
-0.105212
-0.104545
-0.103851
-0.103126
-0.10237
-0.101583
-0.100762
-0.0999081
-0.099019
-0.0980947
-0.0971346
-0.0961383
-0.0951054
-0.0940359
-0.0929295
-0.0917862
-0.090606
-0.0893889
-0.0881351
-0.0868445
-0.0855173
-0.0841537
-0.0827537
-0.0813175
-0.0798452
-0.0783371
-0.0767935
-0.0752147
-0.0736012
-0.0719535
-0.0702724
-0.068559
-0.0668142
-0.0650397
-0.0632369
-0.061408
-0.0595549
-0.0576803
-0.0557869
-0.0538776
-0.0519558
-0.0500249
-0.0480889
-0.0461518
-0.044218
-0.0422921
-0.040379
-0.038484
-0.0366125
-0.0347701
-0.0329625
-0.0311955
-0.0294749
-0.0278061
-0.0261944
-0.0246444
-0.0231602
-0.0217453
-0.0204023
-0.0191329
-0.0179379
-0.0168174
-0.0157704
-0.0147953
-0.0138897
-0.0130507
-0.0122748
-0.0115584
-0.0108975
-0.0102879
-0.00972563
-0.00920656
-0.00872675
-0.00828243
-0.00787
-0.00748612
-0.00712766
-0.00679171
-0.00647564
-0.00617703
-0.00589371
-0.00562371
-0.00536531
-0.00511702
-0.00487752
-0.00464572
-0.00442071
-0.00420175
-0.00398825
-0.00377981
-0.00357609
-0.00337685
-0.0031821
-0.00299182
-0.00280601
-0.00262473
-0.00244811
-0.00227628
-0.00210935
-0.00194745
-0.00179074
-0.00163933
-0.00149339
-0.00135304
-0.00121846
-0.00108982
-0.000967293
-0.000851089
-0.000741414
-0.000638474
-0.000542473
-0.000453598
-0.000372009
-0.00029781
-0.000231082
-0.000171702
-0.00011985
-7.41393e-05
-3.78014e-05
2.58882e-06
3.74415e-06
0.000109319
-0.000246375
-0.225689
-0.225798
-0.225597
-0.225889
-0.226272
-0.22647
-0.226589
-0.226697
-0.226765
-0.226773
-0.226725
-0.226627
-0.226479
-0.226279
-0.226027
-0.225722
-0.225363
-0.224949
-0.224478
-0.223948
-0.223355
-0.222697
-0.221969
-0.221168
-0.220289
-0.219325
-0.218272
-0.217122
-0.215868
-0.214502
-0.213015
-0.211398
-0.209641
-0.207734
-0.205665
-0.203425
-0.201001
-0.198385
-0.195569
-0.192546
-0.189313
-0.185872
-0.182225
-0.17838
-0.174347
-0.170139
-0.165771
-0.161267
-0.156657
-0.151985
-0.147308
-0.142702
-0.138253
-0.134051
-0.130186
-0.126729
-0.123724
-0.121188
-0.119101
-0.117419
-0.116079
-0.115009
-0.114139
-0.113408
-0.11277
-0.112187
-0.111635
-0.111098
-0.110566
-0.110032
-0.109492
-0.108943
-0.108382
-0.107806
-0.107215
-0.106605
-0.105974
-0.10532
-0.104642
-0.103937
-0.103205
-0.102441
-0.101647
-0.100821
-0.0999615
-0.0990681
-0.0981401
-0.0971767
-0.0961776
-0.0951424
-0.0940709
-0.0929629
-0.0918184
-0.0906372
-0.0894195
-0.0881653
-0.0868747
-0.0855477
-0.0841844
-0.0827851
-0.0813497
-0.0798785
-0.0783716
-0.0768292
-0.0752517
-0.0736395
-0.071993
-0.0703131
-0.0686005
-0.0668564
-0.065082
-0.063279
-0.0614491
-0.0595944
-0.0577173
-0.0558205
-0.0539067
-0.0519792
-0.0500413
-0.0480969
-0.0461499
-0.0442046
-0.0422656
-0.0403378
-0.0384263
-0.0365367
-0.0346747
-0.032846
-0.0310567
-0.0293127
-0.0276197
-0.0259832
-0.0244083
-0.0228995
-0.0214605
-0.0200943
-0.018803
-0.0175879
-0.0164491
-0.0153861
-0.0143973
-0.0134805
-0.0126328
-0.011851
-0.0111311
-0.0104692
-0.009861
-0.0093023
-0.00878884
-0.00831652
-0.00788135
-0.00747956
-0.00710761
-0.00676218
-0.00644021
-0.00613887
-0.00585558
-0.00558799
-0.00533402
-0.00509177
-0.00485962
-0.00463613
-0.00442008
-0.00421048
-0.0040065
-0.00380748
-0.00361298
-0.00342262
-0.00323613
-0.00305348
-0.00287469
-0.00269973
-0.00252869
-0.0023617
-0.0021989
-0.00204041
-0.00188637
-0.00173692
-0.0015922
-0.00145236
-0.00131756
-0.00118796
-0.00106375
-0.000945146
-0.000832363
-0.000725643
-0.00062523
-0.000531367
-0.000444279
-0.000364167
-0.000291174
-0.000225417
-0.000166805
-0.000115561
-7.03247e-05
-3.44363e-05
5.52197e-06
5.98667e-06
0.000110097
-0.000243186
-0.224355
-0.224918
-0.225017
-0.225393
-0.225856
-0.226155
-0.22634
-0.226489
-0.226589
-0.226619
-0.226583
-0.226489
-0.226336
-0.226124
-0.225854
-0.225524
-0.225136
-0.224686
-0.224173
-0.223595
-0.222949
-0.22223
-0.221435
-0.220558
-0.219595
-0.21854
-0.217385
-0.216123
-0.214746
-0.213246
-0.211613
-0.209838
-0.207911
-0.205823
-0.203562
-0.20112
-0.198487
-0.195656
-0.192623
-0.189386
-0.185947
-0.182311
-0.178488
-0.174494
-0.170346
-0.166067
-0.161684
-0.15723
-0.152745
-0.14828
-0.143894
-0.139657
-0.135642
-0.131921
-0.128554
-0.125582
-0.123023
-0.120869
-0.119087
-0.117626
-0.116427
-0.115432
-0.114585
-0.113843
-0.11317
-0.112543
-0.111944
-0.111362
-0.11079
-0.110221
-0.109652
-0.109078
-0.108497
-0.107906
-0.107301
-0.106679
-0.106039
-0.105378
-0.104693
-0.103983
-0.103245
-0.102479
-0.10168
-0.100851
-0.099989
-0.0990934
-0.0981633
-0.0971982
-0.0961975
-0.0951611
-0.0940884
-0.0929795
-0.0918343
-0.0906526
-0.0894345
-0.0881801
-0.0868893
-0.0855624
-0.0841995
-0.0828005
-0.0813656
-0.079895
-0.0783888
-0.0768472
-0.0752705
-0.073659
-0.0720134
-0.0703341
-0.0686221
-0.0668783
-0.065104
-0.0633006
-0.06147
-0.059614
-0.057735
-0.0558355
-0.0539182
-0.0519862
-0.0500429
-0.0480919
-0.046137
-0.0441826
-0.0422331
-0.0402934
-0.0383687
-0.0364644
-0.0345863
-0.0327403
-0.0309325
-0.029169
-0.0274558
-0.0257985
-0.0242026
-0.0226727
-0.0212131
-0.0198269
-0.0185167
-0.0172838
-0.0161289
-0.0150515
-0.0140504
-0.0131234
-0.0122677
-0.0114801
-0.0107567
-0.0100934
-0.00948589
-0.00892988
-0.00842094
-0.00795482
-0.00752738
-0.00713469
-0.00677302
-0.00643891
-0.00612912
-0.00584067
-0.00557084
-0.00531713
-0.0050773
-0.00484934
-0.0046315
-0.00442222
-0.00422019
-0.0040243
-0.00383367
-0.00364757
-0.0034655
-0.00328706
-0.00311198
-0.00294018
-0.00277167
-0.00260642
-0.00244454
-0.00228617
-0.00213144
-0.00198049
-0.00183346
-0.0016905
-0.00155175
-0.00141736
-0.00128749
-0.00116233
-0.00104208
-0.000926963
-0.000817227
-0.000713141
-0.00061498
-0.00052302
-0.000437524
-0.000358727
-0.000286807
-0.000221916
-0.000163994
-0.000113301
-6.85276e-05
-3.30462e-05
6.28367e-06
6.65435e-06
0.000107474
-0.000234054
-0.223036
-0.223971
-0.224369
-0.224864
-0.225415
-0.225814
-0.226076
-0.226272
-0.226406
-0.226461
-0.226439
-0.226348
-0.22619
-0.225966
-0.225677
-0.225322
-0.224902
-0.224415
-0.223859
-0.223231
-0.222529
-0.221748
-0.220883
-0.21993
-0.218882
-0.217733
-0.216475
-0.215101
-0.213602
-0.211969
-0.210193
-0.208265
-0.206174
-0.203911
-0.201468
-0.198837
-0.196011
-0.192986
-0.189761
-0.186339
-0.182725
-0.178933
-0.174977
-0.170881
-0.166669
-0.162372
-0.158026
-0.153671
-0.149353
-0.145125
-0.141044
-0.137169
-0.133559
-0.130263
-0.127319
-0.124742
-0.122531
-0.120661
-0.119092
-0.117777
-0.116665
-0.115709
-0.114868
-0.114109
-0.113409
-0.112751
-0.11212
-0.11151
-0.110912
-0.110323
-0.109736
-0.109148
-0.108556
-0.107955
-0.107342
-0.106715
-0.106069
-0.105404
-0.104715
-0.104002
-0.103261
-0.102491
-0.101693
-0.100862
-0.0999988
-0.0991019
-0.0981707
-0.0972047
-0.0962033
-0.0951661
-0.0940929
-0.0929835
-0.0918378
-0.0906558
-0.0894374
-0.0881828
-0.086892
-0.0855651
-0.0842021
-0.0828033
-0.0813686
-0.0798982
-0.0783923
-0.076851
-0.0752747
-0.0736636
-0.0720183
-0.0703394
-0.0686275
-0.0668838
-0.0651094
-0.0633057
-0.0614743
-0.0596173
-0.0577367
-0.0558351
-0.0539151
-0.0519797
-0.0500321
-0.048076
-0.046115
-0.0441535
-0.0421958
-0.0402468
-0.0383116
-0.0363957
-0.0345048
-0.032645
-0.0308224
-0.0290432
-0.0273135
-0.0256392
-0.024026
-0.0224788
-0.021002
-0.0195991
-0.0182729
-0.017025
-0.0158563
-0.0147666
-0.0137547
-0.0128187
-0.0119559
-0.0111629
-0.0104361
-0.00977129
-0.00916408
-0.00861004
-0.00810469
-0.00764363
-0.0072226
-0.00683753
-0.00648456
-0.00616006
-0.00586067
-0.00558328
-0.00532501
-0.00508325
-0.00485564
-0.00464004
-0.00443459
-0.00423764
-0.00404778
-0.00386383
-0.00368481
-0.00350997
-0.00333873
-0.00317068
-0.00300557
-0.00284325
-0.00268372
-0.00252696
-0.00237307
-0.00222222
-0.00207454
-0.00193017
-0.00178925
-0.00165194
-0.00151837
-0.00138872
-0.00126315
-0.00114185
-0.00102504
-0.000912949
-0.00080586
-0.000704061
-0.000607854
-0.000517547
-0.000433431
-0.000355774
-0.000284782
-0.000220638
-0.000163315
-0.000113104
-6.87618e-05
-3.36254e-05
4.94614e-06
5.78148e-06
0.000101924
-0.000220038
-0.22177
-0.223006
-0.223687
-0.224324
-0.224969
-0.225467
-0.225809
-0.226057
-0.226227
-0.226307
-0.226299
-0.226211
-0.226048
-0.225812
-0.225504
-0.225124
-0.224672
-0.224147
-0.223548
-0.222871
-0.222113
-0.221271
-0.220338
-0.219309
-0.218179
-0.216939
-0.215582
-0.2141
-0.212484
-0.210725
-0.208814
-0.206742
-0.204499
-0.202077
-0.199469
-0.196669
-0.193673
-0.190481
-0.187094
-0.18352
-0.179771
-0.175863
-0.171819
-0.167666
-0.163437
-0.159169
-0.154903
-0.150683
-0.146557
-0.142576
-0.138791
-0.13525
-0.131996
-0.129057
-0.126452
-0.124179
-0.122221
-0.120547
-0.119119
-0.117893
-0.116828
-0.115889
-0.115044
-0.11427
-0.113549
-0.112869
-0.112218
-0.111589
-0.110977
-0.110374
-0.109777
-0.109181
-0.108582
-0.107975
-0.107358
-0.106727
-0.106079
-0.105411
-0.10472
-0.104005
-0.103263
-0.102493
-0.101693
-0.100861
-0.0999967
-0.0990992
-0.0981675
-0.097201
-0.0961991
-0.0951615
-0.094088
-0.0929783
-0.0918323
-0.09065
-0.0894315
-0.0881767
-0.0868857
-0.0855586
-0.0841955
-0.0827966
-0.0813618
-0.0798914
-0.0783854
-0.0768441
-0.0752678
-0.0736568
-0.0720115
-0.0703325
-0.0686206
-0.0668767
-0.065102
-0.0632978
-0.0614658
-0.0596078
-0.0577259
-0.0558226
-0.0539005
-0.0519624
-0.0500115
-0.0480515
-0.0460859
-0.0441189
-0.0421549
-0.0401988
-0.0382555
-0.0363307
-0.0344299
-0.0325594
-0.0307252
-0.0289337
-0.0271912
-0.0255035
-0.0238766
-0.0223155
-0.0208249
-0.0194085
-0.0180693
-0.0168092
-0.0156291
-0.0145291
-0.0135082
-0.0125646
-0.0116956
-0.0108981
-0.0101682
-0.0095019
-0.0088947
-0.00834211
-0.00783957
-0.0073826
-0.00696681
-0.00658802
-0.00624226
-0.00592578
-0.00563509
-0.00536697
-0.00511842
-0.00488673
-0.00466943
-0.00446428
-0.00426931
-0.00408281
-0.00390327
-0.00372944
-0.00356029
-0.00339502
-0.00323301
-0.00307381
-0.00291716
-0.00276292
-0.00261107
-0.00246151
-0.00231444
-0.00217
-0.00202831
-0.00188952
-0.00175379
-0.00162127
-0.0014921
-0.00136646
-0.00124453
-0.00112649
-0.00101258
-0.000903056
-0.000798204
-0.000698337
-0.000603783
-0.000514871
-0.000431919
-0.00035522
-0.000285007
-0.000221488
-0.000164666
-0.000114858
-7.09002e-05
-3.60348e-05
1.70612e-06
3.4967e-06
9.39623e-05
-0.000202183
-0.220589
-0.222071
-0.223006
-0.223796
-0.224539
-0.225131
-0.225553
-0.225854
-0.226059
-0.226164
-0.22617
-0.226086
-0.225919
-0.22567
-0.225343
-0.224938
-0.224456
-0.223895
-0.223254
-0.22253
-0.22172
-0.220819
-0.219822
-0.218722
-0.217514
-0.21619
-0.214742
-0.21316
-0.211438
-0.209565
-0.207532
-0.205331
-0.202954
-0.200393
-0.197643
-0.194699
-0.191562
-0.188233
-0.184719
-0.18103
-0.177184
-0.173202
-0.169111
-0.164944
-0.160738
-0.156534
-0.152376
-0.14831
-0.144383
-0.140641
-0.137125
-0.133873
-0.13091
-0.128253
-0.125902
-0.123844
-0.122058
-0.12051
-0.119165
-0.117987
-0.116944
-0.116008
-0.115155
-0.114368
-0.113632
-0.112936
-0.112272
-0.111632
-0.11101
-0.1104
-0.109796
-0.109195
-0.108591
-0.107981
-0.107361
-0.106728
-0.106078
-0.105408
-0.104716
-0.104
-0.103257
-0.102485
-0.101684
-0.100852
-0.0999874
-0.0990894
-0.0981574
-0.0971905
-0.0961883
-0.0951505
-0.0940767
-0.0929667
-0.0918205
-0.090638
-0.0894192
-0.0881642
-0.0868729
-0.0855456
-0.0841823
-0.082783
-0.081348
-0.0798773
-0.078371
-0.0768295
-0.0752529
-0.0736416
-0.071996
-0.0703167
-0.0686045
-0.0668602
-0.065085
-0.0632803
-0.0614476
-0.0595887
-0.0577057
-0.055801
-0.0538772
-0.051937
-0.0499836
-0.0480206
-0.0460515
-0.0440804
-0.0421117
-0.0401502
-0.038201
-0.0362694
-0.0343613
-0.0324827
-0.0306399
-0.0288392
-0.0270868
-0.025389
-0.0237516
-0.0221799
-0.0206786
-0.0192518
-0.0179024
-0.0166326
-0.0154436
-0.0143355
-0.0133074
-0.0123576
-0.0114836
-0.0106823
-0.00994987
-0.00928222
-0.00867493
-0.00812344
-0.00762312
-0.00716941
-0.00675785
-0.00638417
-0.00604428
-0.00573436
-0.0054508
-0.00519029
-0.00494975
-0.00472635
-0.00451754
-0.004321
-0.0041347
-0.00395682
-0.00378582
-0.00362037
-0.00345941
-0.00330207
-0.0031477
-0.00299585
-0.00284622
-0.00269866
-0.00255321
-0.00240963
-0.0022682
-0.00212906
-0.00199233
-0.00185816
-0.00172671
-0.00159814
-0.0014726
-0.00135026
-0.00123131
-0.00111595
-0.00100443
-0.000897007
-0.000793992
-0.000695712
-0.000602513
-0.000514745
-0.000432745
-0.000356828
-0.000287247
-0.000224231
-0.000167814
-0.000118327
-7.46968e-05
-4.00239e-05
-3.14032e-06
2.54976e-09
8.411e-05
-0.0001815
-0.219522
-0.221203
-0.222361
-0.223303
-0.224144
-0.224823
-0.225318
-0.225672
-0.225912
-0.226039
-0.226058
-0.225978
-0.225806
-0.225546
-0.225202
-0.224773
-0.224263
-0.223669
-0.22299
-0.222223
-0.221365
-0.220411
-0.219356
-0.218193
-0.216916
-0.215517
-0.213987
-0.212319
-0.210504
-0.208532
-0.206395
-0.204086
-0.201596
-0.19892
-0.196053
-0.192996
-0.189748
-0.186316
-0.182709
-0.178942
-0.175037
-0.171017
-0.166916
-0.162768
-0.158613
-0.154496
-0.15046
-0.146551
-0.14281
-0.139279
-0.13599
-0.132968
-0.130229
-0.127775
-0.125599
-0.123684
-0.122003
-0.120527
-0.119225
-0.118069
-0.117032
-0.116091
-0.115229
-0.114431
-0.113684
-0.112978
-0.112305
-0.111658
-0.111029
-0.110413
-0.109806
-0.109201
-0.108594
-0.107981
-0.107359
-0.106723
-0.106072
-0.1054
-0.104707
-0.10399
-0.103246
-0.102474
-0.101672
-0.100839
-0.0999742
-0.0990758
-0.0981434
-0.0971762
-0.0961738
-0.0951357
-0.0940616
-0.0929514
-0.0918049
-0.0906222
-0.0894031
-0.0881477
-0.0868562
-0.0855285
-0.0841647
-0.0827651
-0.0813296
-0.0798585
-0.0783518
-0.0768098
-0.0752327
-0.0736208
-0.0719748
-0.070295
-0.0685822
-0.0668374
-0.0650616
-0.0632562
-0.0614228
-0.059563
-0.0576791
-0.0557732
-0.0538479
-0.0519061
-0.0499508
-0.0479854
-0.0460136
-0.0440395
-0.0420674
-0.040102
-0.0381484
-0.036212
-0.0342986
-0.0324142
-0.0305651
-0.0287577
-0.0269983
-0.0252931
-0.0236481
-0.0220686
-0.0205595
-0.019125
-0.017768
-0.0164911
-0.0152953
-0.014181
-0.0131474
-0.0121929
-0.0113151
-0.0105108
-0.00977642
-0.00910777
-0.00850043
-0.00794982
-0.00745128
-0.00700018
-0.00659201
-0.00622242
-0.00588725
-0.00558259
-0.00530478
-0.00505039
-0.00481627
-0.00459955
-0.00439757
-0.00420798
-0.00402865
-0.00385772
-0.00369359
-0.0035349
-0.00338053
-0.00322959
-0.00308141
-0.00293548
-0.00279151
-0.00264936
-0.00250904
-0.00237029
-0.00223341
-0.00209854
-0.00196579
-0.00183533
-0.0017073
-0.00158188
-0.00145923
-0.00133952
-0.00122294
-0.00110972
-0.00100009
-0.000894342
-0.000792788
-0.000695769
-0.000603647
-0.000516787
-0.000435542
-0.00036024
-0.000291155
-0.000228531
-0.000172425
-0.00012318
-7.98181e-05
-4.52619e-05
-9.22854e-06
-4.44898e-06
7.28781e-05
-0.000159
-0.218595
-0.220435
-0.221781
-0.222865
-0.223799
-0.224555
-0.225118
-0.22552
-0.225791
-0.225938
-0.225969
-0.225891
-0.225715
-0.225445
-0.225085
-0.224636
-0.2241
-0.223477
-0.222765
-0.221961
-0.221061
-0.220062
-0.218957
-0.21774
-0.216405
-0.214943
-0.213346
-0.211606
-0.209714
-0.207662
-0.205441
-0.203045
-0.200466
-0.197701
-0.194747
-0.191605
-0.188278
-0.184775
-0.181109
-0.177298
-0.173364
-0.169338
-0.165252
-0.161145
-0.157059
-0.153036
-0.14912
-0.145352
-0.141772
-0.138412
-0.135298
-0.132445
-0.129861
-0.127542
-0.125476
-0.123643
-0.122019
-0.120578
-0.119294
-0.118143
-0.117103
-0.116155
-0.115285
-0.114477
-0.113721
-0.113008
-0.112328
-0.111675
-0.111042
-0.110423
-0.109811
-0.109204
-0.108594
-0.10798
-0.107355
-0.106718
-0.106065
-0.105392
-0.104698
-0.103979
-0.103234
-0.102461
-0.101659
-0.100826
-0.0999598
-0.099061
-0.0981281
-0.0971605
-0.0961577
-0.0951192
-0.0940449
-0.0929345
-0.0917876
-0.0906045
-0.0893851
-0.0881294
-0.0868374
-0.0855093
-0.0841451
-0.0827449
-0.0813089
-0.0798372
-0.0783299
-0.0767873
-0.0752096
-0.0735971
-0.0719504
-0.0702699
-0.0685565
-0.066811
-0.0650345
-0.0632284
-0.0613942
-0.0595336
-0.0576486
-0.0557417
-0.0538152
-0.051872
-0.0499151
-0.047948
-0.0459742
-0.0439978
-0.0420232
-0.040055
-0.0380983
-0.0361585
-0.0342414
-0.0323531
-0.0304997
-0.0286877
-0.0269235
-0.0252133
-0.023563
-0.0219782
-0.0204637
-0.0190238
-0.0176616
-0.0163796
-0.015179
-0.0140603
-0.0130228
-0.012065
-0.0111844
-0.0103781
-0.00964235
-0.00897305
-0.00836579
-0.00781596
-0.00731889
-0.0068699
-0.00646445
-0.0060981
-0.00576667
-0.00546618
-0.00519288
-0.00494331
-0.00471426
-0.00450278
-0.00430617
-0.00412202
-0.00394816
-0.00378268
-0.00362394
-0.00347055
-0.00332135
-0.00317542
-0.00303208
-0.0028908
-0.00275127
-0.00261333
-0.00247701
-0.00234205
-0.00220873
-0.00207718
-0.00194753
-0.00181993
-0.00169456
-0.00157157
-0.00145114
-0.00133345
-0.0012187
-0.00110711
-0.000998932
-0.000894465
-0.000794031
-0.000697981
-0.000606686
-0.000520524
-0.000439857
-0.000365025
-0.000296314
-0.000233981
-0.000178105
-0.000129033
-8.58808e-05
-5.13737e-05
-1.61589e-05
-9.58133e-06
6.077e-05
-0.000135763
-0.217826
-0.219789
-0.221291
-0.222499
-0.223517
-0.224339
-0.224958
-0.225402
-0.2257
-0.225865
-0.225904
-0.225829
-0.225649
-0.22537
-0.224996
-0.22453
-0.223974
-0.223326
-0.222586
-0.221752
-0.220819
-0.219783
-0.218638
-0.217378
-0.215996
-0.214485
-0.212835
-0.21104
-0.20909
-0.206976
-0.204693
-0.202233
-0.19959
-0.196761
-0.193747
-0.190548
-0.187171
-0.183626
-0.179928
-0.176099
-0.172162
-0.16815
-0.164096
-0.16004
-0.156024
-0.152089
-0.148277
-0.144626
-0.14117
-0.137936
-0.134943
-0.132202
-0.129715
-0.127475
-0.125468
-0.123675
-0.122076
-0.120647
-0.119366
-0.118211
-0.117164
-0.116209
-0.115329
-0.114514
-0.113752
-0.113032
-0.112348
-0.111691
-0.111054
-0.110431
-0.109817
-0.109207
-0.108595
-0.107979
-0.107353
-0.106714
-0.106059
-0.105385
-0.104689
-0.10397
-0.103224
-0.10245
-0.101647
-0.100812
-0.0999462
-0.0990467
-0.0981133
-0.0971452
-0.096142
-0.0951032
-0.0940284
-0.0929174
-0.0917704
-0.0905869
-0.0893671
-0.0881109
-0.0868185
-0.0854899
-0.0841252
-0.0827245
-0.0812878
-0.0798155
-0.0783075
-0.0767642
-0.0751858
-0.0735726
-0.0719251
-0.0702439
-0.0685297
-0.0667834
-0.0650061
-0.0631992
-0.0613641
-0.0595026
-0.0576168
-0.0557088
-0.0537812
-0.0518368
-0.0498787
-0.0479101
-0.0459348
-0.0439567
-0.0419803
-0.0400101
-0.0380512
-0.0361091
-0.0341896
-0.0322986
-0.0304425
-0.0286276
-0.0268603
-0.0251469
-0.0234934
-0.0219052
-0.0203873
-0.0189439
-0.0175784
-0.0162931
-0.0150895
-0.013968
-0.012928
-0.011968
-0.0110857
-0.0102781
-0.00954155
-0.00887197
-0.00826496
-0.00771589
-0.00722007
-0.00677282
-0.00636954
-0.00600577
-0.00567728
-0.00538003
-0.00511024
-0.0048644
-0.00463925
-0.00443179
-0.0042393
-0.00405931
-0.00388962
-0.0037283
-0.00357366
-0.0034243
-0.00327903
-0.00313691
-0.00299724
-0.0028595
-0.00272334
-0.00258858
-0.00245526
-0.00232319
-0.00219256
-0.0020635
-0.00193617
-0.00181071
-0.00168731
-0.00156613
-0.00144734
-0.00133114
-0.00121773
-0.00110734
-0.00100023
-0.000896712
-0.000797104
-0.000701772
-0.00061109
-0.000525444
-0.000445206
-0.00037072
-0.000302282
-0.000240158
-0.000184444
-0.000135486
-9.24918e-05
-5.79773e-05
-2.35307e-05
-1.5116e-05
4.82848e-05
-0.000112982
-0.217224
-0.219281
-0.220904
-0.222217
-0.223306
-0.224181
-0.224844
-0.225322
-0.225642
-0.225819
-0.225866
-0.225792
-0.225609
-0.225323
-0.224938
-0.224459
-0.223885
-0.223219
-0.222458
-0.2216
-0.220642
-0.219578
-0.218404
-0.217113
-0.215697
-0.21415
-0.212463
-0.210628
-0.208637
-0.206482
-0.204155
-0.201652
-0.198968
-0.196099
-0.193048
-0.189816
-0.186412
-0.182848
-0.179141
-0.175311
-0.171387
-0.167399
-0.163383
-0.159378
-0.155424
-0.151561
-0.147829
-0.144263
-0.140891
-0.137739
-0.13482
-0.132143
-0.129707
-0.127505
-0.125524
-0.123746
-0.122152
-0.120722
-0.119435
-0.118273
-0.117218
-0.116255
-0.115368
-0.114546
-0.113778
-0.113054
-0.112366
-0.111705
-0.111065
-0.11044
-0.109824
-0.109211
-0.108598
-0.10798
-0.107352
-0.106711
-0.106055
-0.10538
-0.104683
-0.103962
-0.103215
-0.102441
-0.101637
-0.100802
-0.0999347
-0.0990346
-0.0981006
-0.097132
-0.0961283
-0.095089
-0.0940138
-0.0929024
-0.0917548
-0.0905709
-0.0893506
-0.088094
-0.0868011
-0.0854719
-0.0841066
-0.0827053
-0.081268
-0.079795
-0.0782863
-0.0767422
-0.075163
-0.073549
-0.0719007
-0.0702187
-0.0685037
-0.0667566
-0.0649785
-0.0631707
-0.0613347
-0.0594723
-0.0575856
-0.0556766
-0.053748
-0.0518025
-0.0498432
-0.0478734
-0.0458969
-0.0439175
-0.0419396
-0.039968
-0.0380076
-0.036064
-0.0341429
-0.0322503
-0.0303925
-0.0285759
-0.0268069
-0.0250917
-0.0234363
-0.0218462
-0.0203265
-0.0188812
-0.0175138
-0.0162267
-0.0150214
-0.0138983
-0.0128569
-0.0118958
-0.0110126
-0.0102044
-0.00946759
-0.00879809
-0.00819151
-0.00764323
-0.00714854
-0.00670276
-0.00630125
-0.00593954
-0.00561335
-0.00531861
-0.00505153
-0.00480853
-0.00458633
-0.00438191
-0.0041925
-0.00401562
-0.00384904
-0.0036908
-0.0035392
-0.00339281
-0.00325044
-0.00311114
-0.00297418
-0.00283903
-0.00270535
-0.0025731
-0.0024418
-0.00231182
-0.00218315
-0.0020559
-0.00193023
-0.00180631
-0.00168431
-0.00156441
-0.00144679
-0.00133164
-0.00121917
-0.00110962
-0.00100327
-0.000900417
-0.000801395
-0.000706571
-0.000616328
-0.000531052
-0.00045112
-0.000376882
-0.000308637
-0.000246658
-0.000191053
-0.000142165
-9.92856e-05
-6.47198e-05
-3.09759e-05
-2.07928e-05
3.59084e-05
-9.19636e-05
-0.216792
-0.218914
-0.220629
-0.222023
-0.223167
-0.224081
-0.224777
-0.225279
-0.225615
-0.225802
-0.225853
-0.22578
-0.225594
-0.225302
-0.22491
-0.22442
-0.223835
-0.223156
-0.22238
-0.221507
-0.220531
-0.219449
-0.218255
-0.216943
-0.215505
-0.213935
-0.212224
-0.210364
-0.208348
-0.206167
-0.203816
-0.201288
-0.19858
-0.195691
-0.192621
-0.189375
-0.185962
-0.182394
-0.17869
-0.174871
-0.170965
-0.167003
-0.163021
-0.159058
-0.155151
-0.15134
-0.147661
-0.144147
-0.140826
-0.137718
-0.134837
-0.132189
-0.129774
-0.127584
-0.125608
-0.12383
-0.122231
-0.120794
-0.119499
-0.118328
-0.117265
-0.116294
-0.115401
-0.114574
-0.113801
-0.113073
-0.112382
-0.111718
-0.111076
-0.110449
-0.109831
-0.109217
-0.108602
-0.107982
-0.107353
-0.106712
-0.106054
-0.105378
-0.10468
-0.103958
-0.10321
-0.102435
-0.10163
-0.100794
-0.0999264
-0.0990257
-0.0980911
-0.0971219
-0.0961177
-0.0950778
-0.0940021
-0.0928903
-0.0917422
-0.0905578
-0.089337
-0.0880798
-0.0867863
-0.0854566
-0.0840907
-0.0826888
-0.0812508
-0.0797771
-0.0782677
-0.0767228
-0.0751428
-0.073528
-0.0718789
-0.070196
-0.0684801
-0.0667321
-0.0649531
-0.0631444
-0.0613076
-0.0594443
-0.0575565
-0.0556466
-0.053717
-0.0517705
-0.0498101
-0.0478393
-0.0458616
-0.0438811
-0.0419021
-0.0399293
-0.0379679
-0.0360232
-0.0341011
-0.0322075
-0.0303487
-0.0285312
-0.0267613
-0.0250452
-0.0233889
-0.0217981
-0.0202775
-0.0188314
-0.0174632
-0.0161754
-0.0149694
-0.0138457
-0.0128038
-0.0118422
-0.0109588
-0.0101506
-0.00941397
-0.00874486
-0.00813889
-0.00759146
-0.00709785
-0.00665336
-0.00625334
-0.00589331
-0.00556896
-0.0052762
-0.0050112
-0.00477038
-0.00455042
-0.00434827
-0.00416116
-0.00398657
-0.00382227
-0.00366628
-0.00351689
-0.00337266
-0.00323239
-0.00309511
-0.00296009
-0.00282679
-0.00269487
-0.0025643
-0.00243458
-0.00230606
-0.00217875
-0.00205276
-0.00192825
-0.00180539
-0.00168436
-0.00156533
-0.00144849
-0.00133404
-0.00122221
-0.00111323
-0.00100738
-0.000904975
-0.000806348
-0.000711872
-0.000621929
-0.000536909
-0.00045719
-0.000383124
-0.000315013
-0.000253131
-0.000197598
-0.000148746
-0.00010595
-7.1301e-05
-3.81817e-05
-2.63784e-05
2.4094e-05
-7.40368e-05
-0.216519
-0.218683
-0.220462
-0.221913
-0.223095
-0.224035
-0.224752
-0.225271
-0.225616
-0.225809
-0.225862
-0.22579
-0.225601
-0.225306
-0.224908
-0.224412
-0.22382
-0.223133
-0.222348
-0.221465
-0.220479
-0.219387
-0.218181
-0.216857
-0.215408
-0.213825
-0.212101
-0.210229
-0.208199
-0.206006
-0.203643
-0.201105
-0.198387
-0.19549
-0.192415
-0.189167
-0.185755
-0.182192
-0.178497
-0.174691
-0.170803
-0.166863
-0.162907
-0.158972
-0.155095
-0.151314
-0.147665
-0.144178
-0.14088
-0.13779
-0.134922
-0.132282
-0.12987
-0.127679
-0.125697
-0.123912
-0.122304
-0.120858
-0.119554
-0.118375
-0.117305
-0.116327
-0.115429
-0.114597
-0.113821
-0.11309
-0.112396
-0.111731
-0.111087
-0.110458
-0.109839
-0.109224
-0.108608
-0.107987
-0.107357
-0.106714
-0.106055
-0.105378
-0.104679
-0.103957
-0.103209
-0.102432
-0.101627
-0.10079
-0.099922
-0.0990206
-0.0980854
-0.0971157
-0.0961109
-0.0950705
-0.0939943
-0.0928819
-0.0917333
-0.0905483
-0.089327
-0.0880693
-0.0867753
-0.0854449
-0.0840784
-0.0826758
-0.0812372
-0.0797627
-0.0782526
-0.076707
-0.0751262
-0.0735105
-0.0718605
-0.0701768
-0.06846
-0.0667112
-0.0649313
-0.0631217
-0.0612838
-0.0594196
-0.0575309
-0.05562
-0.0536894
-0.0517418
-0.0497804
-0.0478085
-0.0458298
-0.0438482
-0.0418682
-0.0398945
-0.0379322
-0.0359866
-0.0340637
-0.0321694
-0.0303101
-0.028492
-0.0267217
-0.0250052
-0.0233487
-0.0217576
-0.0202368
-0.0187906
-0.0174223
-0.0161344
-0.0149284
-0.0138047
-0.0127629
-0.0118015
-0.0109184
-0.0101106
-0.00937445
-0.00870598
-0.00810079
-0.00755429
-0.00706176
-0.00661847
-0.00621979
-0.0058612
-0.00553839
-0.00524724
-0.00498391
-0.0047448
-0.00452658
-0.00432617
-0.00414079
-0.00396792
-0.00380531
-0.00365097
-0.0035032
-0.00336052
-0.00322176
-0.00308593
-0.00295229
-0.00282031
-0.00268957
-0.00256021
-0.00243161
-0.00230411
-0.00217774
-0.00205261
-0.00192889
-0.00180673
-0.00168633
-0.00156787
-0.00145154
-0.00133755
-0.00122612
-0.0011175
-0.00101198
-0.000909855
-0.000811483
-0.000717232
-0.000627487
-0.000542638
-0.000463062
-0.000389112
-0.000321091
-0.000259273
-0.000203787
-0.000154951
-0.000112215
-7.74592e-05
-4.48819e-05
-3.164e-05
1.3258e-05
-6.03499e-05
-0.216382
-0.21857
-0.220388
-0.221875
-0.223078
-0.224032
-0.22476
-0.225288
-0.225639
-0.225834
-0.225889
-0.225816
-0.225627
-0.225329
-0.224928
-0.224429
-0.223834
-0.223142
-0.222353
-0.221466
-0.220475
-0.219378
-0.218168
-0.216839
-0.215384
-0.213796
-0.212068
-0.210191
-0.208158
-0.205961
-0.203595
-0.201055
-0.198336
-0.19544
-0.192367
-0.189122
-0.185716
-0.182161
-0.178475
-0.174681
-0.170806
-0.166882
-0.162941
-0.159021
-0.155159
-0.151392
-0.147755
-0.144277
-0.140985
-0.137898
-0.135029
-0.132386
-0.129967
-0.127768
-0.125778
-0.123982
-0.122366
-0.12091
-0.119598
-0.118412
-0.117335
-0.116353
-0.11545
-0.114615
-0.113836
-0.113103
-0.112407
-0.111741
-0.111096
-0.110466
-0.109846
-0.10923
-0.108614
-0.107992
-0.107361
-0.106718
-0.106059
-0.105382
-0.104682
-0.103959
-0.10321
-0.102433
-0.101627
-0.10079
-0.0999215
-0.0990196
-0.0980839
-0.0971136
-0.0961083
-0.0950674
-0.0939906
-0.0928777
-0.0917286
-0.0905431
-0.0893212
-0.0880629
-0.0867683
-0.0854374
-0.0840703
-0.082667
-0.0812277
-0.0797525
-0.0782416
-0.0766952
-0.0751136
-0.0734972
-0.0718464
-0.0701617
-0.0684441
-0.0666943
-0.0649134
-0.0631029
-0.0612641
-0.0593988
-0.0575091
-0.0555971
-0.0536654
-0.0517168
-0.0497543
-0.0477812
-0.0458014
-0.0438187
-0.0418376
-0.0398629
-0.0378996
-0.0359531
-0.0340294
-0.0321345
-0.0302745
-0.028456
-0.0266853
-0.0249687
-0.0233121
-0.0217209
-0.0202003
-0.0187542
-0.0173862
-0.0160986
-0.0148929
-0.0137697
-0.0127284
-0.0117676
-0.0108851
-0.010078
-0.00934267
-0.0086751
-0.0080709
-0.00752548
-0.00703411
-0.00659207
-0.0061947
-0.00583749
-0.00551609
-0.0052264
-0.00496454
-0.0047269
-0.00451014
-0.00431118
-0.00412721
-0.00395573
-0.00379445
-0.00364141
-0.00349487
-0.00335339
-0.00321576
-0.00308101
-0.00294841
-0.00281739
-0.00268746
-0.00255899
-0.00243121
-0.00230443
-0.00217871
-0.00205418
-0.00193098
-0.0018093
-0.00168932
-0.00157123
-0.00145522
-0.00134152
-0.00123034
-0.00112194
-0.00101661
-0.00091466
-0.000816443
-0.000722329
-0.000632706
-0.000547963
-0.000468478
-0.000394603
-0.000326641
-0.000264864
-0.000209408
-0.000160573
-0.000117884
-8.30036e-05
-5.0897e-05
-3.63653e-05
3.74636e-06
-5.16903e-05
-0.216354
-0.218553
-0.220393
-0.221897
-0.22311
-0.224069
-0.224802
-0.225333
-0.225686
-0.225881
-0.225935
-0.225862
-0.225672
-0.225372
-0.224971
-0.22447
-0.223873
-0.22318
-0.22239
-0.221501
-0.22051
-0.219411
-0.2182
-0.216871
-0.215416
-0.213829
-0.212101
-0.210224
-0.208193
-0.205998
-0.203634
-0.201097
-0.198383
-0.19549
-0.192423
-0.189184
-0.185785
-0.182237
-0.178559
-0.174773
-0.170906
-0.166989
-0.163055
-0.159141
-0.155283
-0.151518
-0.147881
-0.144401
-0.141104
-0.138011
-0.135135
-0.132482
-0.130054
-0.127844
-0.125843
-0.124038
-0.122412
-0.120949
-0.11963
-0.118438
-0.117356
-0.11637
-0.115464
-0.114627
-0.113846
-0.113112
-0.112416
-0.111749
-0.111103
-0.110474
-0.109853
-0.109237
-0.108621
-0.107999
-0.107369
-0.106725
-0.106066
-0.105388
-0.104689
-0.103965
-0.103216
-0.102439
-0.101632
-0.100795
-0.0999258
-0.0990235
-0.0980873
-0.0971165
-0.0961107
-0.0950692
-0.0939919
-0.0928785
-0.0917288
-0.0905427
-0.0893203
-0.0880614
-0.0867661
-0.0854345
-0.0840667
-0.0826627
-0.0812227
-0.0797468
-0.0782351
-0.0766879
-0.0751054
-0.0734881
-0.0718363
-0.0701507
-0.068432
-0.0666812
-0.0648993
-0.0630876
-0.0612476
-0.0593811
-0.0574901
-0.0555769
-0.0536438
-0.0516938
-0.0497299
-0.0477554
-0.045774
-0.0437899
-0.0418073
-0.0398311
-0.0378664
-0.0359187
-0.0339937
-0.0320976
-0.0302367
-0.0284173
-0.0266459
-0.0249287
-0.0232717
-0.0216804
-0.0201596
-0.0187137
-0.0173459
-0.0160588
-0.0148537
-0.0137311
-0.0126906
-0.0117308
-0.0108494
-0.0100434
-0.00930932
-0.00864309
-0.00804033
-0.00749641
-0.0070066
-0.00656618
-0.00617046
-0.00581493
-0.00549521
-0.0052072
-0.004947
-0.00471099
-0.00449581
-0.00429838
-0.00411589
-0.00394581
-0.00378588
-0.0036341
-0.00348877
-0.00334841
-0.00321183
-0.00307806
-0.00294638
-0.00281625
-0.00268747
-0.00255927
-0.00243214
-0.00230595
-0.00218075
-0.00205669
-0.00193391
-0.00181259
-0.00169292
-0.00157509
-0.00145931
-0.0013458
-0.00123478
-0.00112651
-0.00102129
-0.000919443
-0.00082131
-0.000727269
-0.000637709
-0.000553021
-0.000473582
-0.000399746
-0.000331815
-0.000270058
-0.00021462
-0.000165776
-0.000123128
-8.81079e-05
-5.64087e-05
-4.06956e-05
-4.38699e-06
-4.87896e-05
-0.216415
-0.218621
-0.22047
-0.22198
-0.223195
-0.224154
-0.224886
-0.225415
-0.225767
-0.22596
-0.226012
-0.225937
-0.225745
-0.225444
-0.225041
-0.22454
-0.223942
-0.223249
-0.222459
-0.221571
-0.220581
-0.219484
-0.218275
-0.216948
-0.215496
-0.213912
-0.212187
-0.210316
-0.208288
-0.206099
-0.203741
-0.20121
-0.198502
-0.195616
-0.192555
-0.189323
-0.18593
-0.182388
-0.178715
-0.174933
-0.171069
-0.167152
-0.163218
-0.159302
-0.15544
-0.151669
-0.148023
-0.144533
-0.141226
-0.138121
-0.135232
-0.132567
-0.130126
-0.127904
-0.125893
-0.124078
-0.122444
-0.120973
-0.119649
-0.118452
-0.117367
-0.116378
-0.115471
-0.114633
-0.113851
-0.113117
-0.112421
-0.111754
-0.11111
-0.110481
-0.109861
-0.109246
-0.10863
-0.108009
-0.107379
-0.106736
-0.106077
-0.105399
-0.1047
-0.103976
-0.103227
-0.10245
-0.101643
-0.100805
-0.0999358
-0.099033
-0.0980964
-0.0971252
-0.0961188
-0.0950768
-0.093999
-0.0928849
-0.0917346
-0.0905478
-0.0893247
-0.0880651
-0.0867691
-0.0854368
-0.0840681
-0.0826634
-0.0812225
-0.0797456
-0.078233
-0.0766848
-0.0751013
-0.0734829
-0.07183
-0.0701432
-0.0684233
-0.0666711
-0.0648878
-0.0630747
-0.0612332
-0.0593651
-0.0574724
-0.0555574
-0.0536225
-0.0516706
-0.0497046
-0.0477281
-0.0457446
-0.0437583
-0.0417736
-0.0397952
-0.0378283
-0.0358784
-0.0339514
-0.0320534
-0.0301906
-0.0283696
-0.0265967
-0.0248783
-0.0232202
-0.0216281
-0.0201069
-0.0186607
-0.017293
-0.0160062
-0.0148017
-0.01368
-0.0126406
-0.0116822
-0.0108023
-0.00999805
-0.00926588
-0.00860169
-0.00800107
-0.00745938
-0.00697187
-0.00653379
-0.00614044
-0.00578726
-0.00546988
-0.00518417
-0.00492621
-0.00469237
-0.00447928
-0.00428384
-0.00410325
-0.00393494
-0.00377668
-0.00362646
-0.00348256
-0.00334353
-0.00320816
-0.00307551
-0.00294483
-0.0028156
-0.00268766
-0.00256026
-0.0024338
-0.00230819
-0.00218352
-0.0020599
-0.00193751
-0.00181653
-0.00169714
-0.00157954
-0.00146395
-0.00135057
-0.00123966
-0.00113148
-0.00102633
-0.000924517
-0.000826411
-0.000732387
-0.000642838
-0.000558157
-0.000478722
-0.000404888
-0.000336959
-0.000275202
-0.000219765
-0.000170906
-0.000128283
-9.31459e-05
-6.17138e-05
-4.51425e-05
-1.13039e-05
-5.21711e-05
-0.227054
-0.227167
-0.227208
-0.227256
-0.227291
-0.227316
-0.227328
-0.227323
-0.227298
-0.22725
-0.227179
-0.227081
-0.226957
-0.226804
-0.226622
-0.22641
-0.226167
-0.225892
-0.225586
-0.225247
-0.224875
-0.22447
-0.224032
-0.223559
-0.223053
-0.222512
-0.221937
-0.221328
-0.220683
-0.220003
-0.219287
-0.218535
-0.217745
-0.216916
-0.216047
-0.215134
-0.214175
-0.213167
-0.212108
-0.210995
-0.209825
-0.208594
-0.207297
-0.20592
-0.204437
-0.202806
-0.200954
-0.198774
-0.196118
-0.192796
-0.188588
-0.18326
-0.176598
-0.168441
-0.158713
-0.147452
-0.134826
-0.121136
-0.106806
-0.0923491
-0.0783401
-0.0653352
-0.0538483
-0.0442818
-0.0369019
-0.0318223
-0.0290069
-0.0282836
-0.0293792
-0.0319607
-0.0356718
-0.0401642
-0.0451205
-0.0502688
-0.0553889
-0.0603124
-0.0649234
-0.0691328
-0.0729024
-0.0762129
-0.0790641
-0.0814699
-0.0834531
-0.0850423
-0.0862685
-0.0871638
-0.0877594
-0.0880852
-0.088169
-0.0880363
-0.0877106
-0.0872127
-0.0865616
-0.085774
-0.0848649
-0.0838478
-0.0827345
-0.0815358
-0.0802614
-0.0789198
-0.0775189
-0.0760659
-0.0745674
-0.0730295
-0.0714579
-0.0698579
-0.0682346
-0.0665928
-0.064937
-0.0632716
-0.0616008
-0.0599286
-0.0582589
-0.0565953
-0.0549414
-0.0533006
-0.0516761
-0.0500707
-0.0484875
-0.046929
-0.0453976
-0.0438956
-0.0424249
-0.0409872
-0.039584
-0.0382165
-0.0368855
-0.0355917
-0.0343352
-0.0331161
-0.0319339
-0.030788
-0.0296775
-0.0286014
-0.0275583
-0.0265469
-0.0255659
-0.0246139
-0.0236896
-0.0227917
-0.0219192
-0.0210711
-0.0202466
-0.019445
-0.0186655
-0.0179078
-0.0171711
-0.016455
-0.015759
-0.0150825
-0.0144249
-0.0137857
-0.0131643
-0.0125599
-0.011972
-0.0114001
-0.0108438
-0.0103026
-0.00977628
-0.00926459
-0.00876735
-0.00828447
-0.00781588
-0.00736155
-0.00692144
-0.00649552
-0.00608373
-0.00568598
-0.00530217
-0.00493219
-0.00457589
-0.00423315
-0.00390386
-0.00358792
-0.00328529
-0.00299596
-0.00271994
-0.00245729
-0.00220808
-0.00197237
-0.00175024
-0.00154172
-0.00134681
-0.00116543
-0.000997496
-0.000842822
-0.000701197
-0.000572363
-0.000456045
-0.000351958
-0.000259838
-0.000179433
-0.00011061
-5.30612e-05
-7.30969e-06
2.85497e-05
4.83329e-05
7.14319e-05
3.71154e-05
0.0001372
-0.227045
-0.227145
-0.227181
-0.227228
-0.227262
-0.227288
-0.2273
-0.227294
-0.227269
-0.227222
-0.227151
-0.227054
-0.22693
-0.226778
-0.226596
-0.226384
-0.226142
-0.225868
-0.225561
-0.225223
-0.224851
-0.224446
-0.224008
-0.223536
-0.22303
-0.222489
-0.221914
-0.221304
-0.220659
-0.219978
-0.219262
-0.218509
-0.217718
-0.216888
-0.216016
-0.215101
-0.21414
-0.21313
-0.212068
-0.210951
-0.209775
-0.208537
-0.20723
-0.205841
-0.204343
-0.202694
-0.200824
-0.198629
-0.195964
-0.192643
-0.188449
-0.183152
-0.176537
-0.168439
-0.158778
-0.147591
-0.135035
-0.12141
-0.107136
-0.0927232
-0.0787476
-0.0657642
-0.0542886
-0.0447248
-0.0373405
-0.0322509
-0.0294195
-0.028673
-0.0297393
-0.032286
-0.0359582
-0.0404091
-0.0453231
-0.0504298
-0.0555106
-0.0603981
-0.0649703
-0.0691554
-0.0728992
-0.0761887
-0.0790235
-0.0814163
-0.0833895
-0.0849711
-0.086192
-0.0870836
-0.0876769
-0.0880015
-0.0880849
-0.0879525
-0.0876274
-0.0871306
-0.0864807
-0.0856945
-0.0847869
-0.0837712
-0.0826595
-0.0814623
-0.0801894
-0.0788492
-0.0774497
-0.075998
-0.0745009
-0.0729642
-0.0713939
-0.0697952
-0.0681732
-0.0665326
-0.0648781
-0.063214
-0.0615446
-0.0598738
-0.0582055
-0.0565435
-0.0548912
-0.053252
-0.0516291
-0.0500255
-0.0484441
-0.0468874
-0.0453579
-0.0438577
-0.0423889
-0.0409531
-0.0395518
-0.0381862
-0.0368571
-0.0355651
-0.0343105
-0.0330931
-0.0319126
-0.0307685
-0.0296596
-0.0285851
-0.0275436
-0.0265338
-0.0255543
-0.0246037
-0.0236807
-0.0227841
-0.0219129
-0.021066
-0.0202426
-0.019442
-0.0186635
-0.0179067
-0.0171709
-0.0164557
-0.0157605
-0.0150847
-0.0144278
-0.0137894
-0.0131686
-0.0125648
-0.0119776
-0.0114063
-0.0108505
-0.0103099
-0.00978405
-0.00927284
-0.00877606
-0.00829361
-0.00782543
-0.00737147
-0.00693172
-0.00650614
-0.00609466
-0.00569722
-0.0053137
-0.00494399
-0.00458795
-0.00424545
-0.00391638
-0.00360066
-0.00329822
-0.00300906
-0.00273319
-0.00247067
-0.00222157
-0.00198596
-0.0017639
-0.00155545
-0.00136058
-0.00117925
-0.00101135
-0.000856712
-0.000715122
-0.000586326
-0.000470047
-0.000366004
-0.000273932
-0.000193577
-0.000124813
-6.73052e-05
-2.16626e-05
1.42999e-05
3.3533e-05
5.81195e-05
1.90601e-05
0.000126588
-0.227031
-0.227127
-0.227159
-0.227205
-0.227239
-0.227265
-0.227278
-0.227273
-0.227249
-0.227202
-0.227131
-0.227035
-0.226911
-0.226759
-0.226578
-0.226367
-0.226125
-0.225851
-0.225545
-0.225207
-0.224835
-0.224431
-0.223993
-0.223521
-0.223014
-0.222474
-0.221898
-0.221288
-0.220643
-0.219962
-0.219245
-0.218491
-0.217699
-0.216868
-0.215996
-0.215079
-0.214117
-0.213105
-0.21204
-0.210919
-0.209739
-0.208495
-0.207181
-0.205783
-0.204277
-0.202624
-0.200755
-0.198572
-0.195933
-0.192653
-0.188513
-0.183279
-0.176731
-0.168697
-0.159094
-0.147952
-0.135428
-0.121823
-0.10756
-0.093148
-0.0791705
-0.0661817
-0.0547011
-0.0451307
-0.037739
-0.0326425
-0.0298037
-0.0290485
-0.0301034
-0.0326352
-0.0362882
-0.0407158
-0.0456027
-0.0506796
-0.0557288
-0.0605839
-0.0651263
-0.0692807
-0.0730004
-0.0762641
-0.0790764
-0.0814499
-0.0834065
-0.0849742
-0.0861836
-0.0870657
-0.0876515
-0.08797
-0.0880486
-0.0879125
-0.0875847
-0.0870858
-0.0864344
-0.0856471
-0.0847388
-0.0837227
-0.0826107
-0.0814134
-0.0801404
-0.0788003
-0.077401
-0.0759495
-0.0744525
-0.0729161
-0.071346
-0.0697476
-0.0681258
-0.0664856
-0.0648315
-0.0631678
-0.0614988
-0.0598285
-0.0581608
-0.0564994
-0.0548478
-0.0532094
-0.0515874
-0.0499847
-0.0484043
-0.0468487
-0.0453204
-0.0438214
-0.0423539
-0.0409195
-0.0395196
-0.0381554
-0.0368278
-0.0355373
-0.0342841
-0.0330683
-0.0318894
-0.0307468
-0.0296395
-0.0285665
-0.0275266
-0.0265182
-0.0255401
-0.0245909
-0.0236693
-0.022774
-0.0219039
-0.0210582
-0.0202359
-0.0194363
-0.0186588
-0.0179029
-0.0171679
-0.0164535
-0.0157591
-0.0150841
-0.0144278
-0.0137902
-0.01317
-0.0125669
-0.0119803
-0.0114096
-0.0108543
-0.0103142
-0.00978891
-0.00927816
-0.00878181
-0.00829976
-0.00783195
-0.00737834
-0.00693892
-0.00651366
-0.00610248
-0.00570533
-0.00532209
-0.00495264
-0.00459685
-0.00425458
-0.00392573
-0.0036102
-0.00330794
-0.00301893
-0.0027432
-0.00248079
-0.00223179
-0.00199626
-0.00177428
-0.00156589
-0.00137108
-0.00118981
-0.00102196
-0.000867383
-0.000725853
-0.00059712
-0.000480906
-0.000376927
-0.00028492
-0.000204624
-0.000135922
-7.84464e-05
-3.29092e-05
3.2013e-06
2.17476e-05
4.81398e-05
2.47427e-06
0.000128469
-0.227015
-0.227114
-0.227141
-0.227187
-0.227222
-0.227249
-0.227262
-0.227258
-0.227235
-0.227189
-0.227119
-0.227023
-0.2269
-0.226748
-0.226567
-0.226357
-0.226115
-0.225841
-0.225536
-0.225198
-0.224827
-0.224422
-0.223984
-0.223512
-0.223006
-0.222465
-0.22189
-0.221279
-0.220633
-0.219952
-0.219234
-0.21848
-0.217688
-0.216856
-0.215982
-0.215065
-0.214102
-0.213088
-0.212021
-0.210896
-0.209712
-0.208462
-0.207141
-0.205737
-0.204231
-0.202584
-0.200737
-0.198592
-0.196011
-0.192806
-0.188753
-0.183608
-0.177141
-0.169173
-0.159619
-0.148503
-0.135993
-0.122389
-0.108123
-0.0936986
-0.0797149
-0.0667173
-0.0552345
-0.0456663
-0.0382823
-0.0331969
-0.0303688
-0.0296212
-0.0306777
-0.0332031
-0.0368409
-0.0412445
-0.0460996
-0.0511385
-0.0561453
-0.0609559
-0.0654538
-0.0695636
-0.0732418
-0.0764667
-0.079243
-0.0815846
-0.0835134
-0.085057
-0.0862457
-0.0871105
-0.0876817
-0.0879882
-0.0880569
-0.0879128
-0.0875784
-0.0870742
-0.0864185
-0.0856278
-0.0847168
-0.0836985
-0.0825847
-0.081386
-0.0801118
-0.0787706
-0.0773704
-0.0759181
-0.0744204
-0.0728833
-0.0713126
-0.0697135
-0.0680911
-0.0664503
-0.0647956
-0.0631314
-0.061462
-0.0597913
-0.0581232
-0.0564615
-0.0548097
-0.0531712
-0.0515492
-0.0499466
-0.0483664
-0.0468111
-0.0452832
-0.0437848
-0.0423179
-0.0408843
-0.0394853
-0.0381221
-0.0367956
-0.0355063
-0.0342544
-0.0330399
-0.0318625
-0.0307213
-0.0296155
-0.0285441
-0.0275056
-0.0264988
-0.0255222
-0.0245745
-0.0236542
-0.0227603
-0.0218915
-0.0210469
-0.0202257
-0.0194272
-0.0186507
-0.0178958
-0.0171618
-0.0164482
-0.0157546
-0.0150804
-0.0144249
-0.0137881
-0.0131687
-0.0125663
-0.0119804
-0.0114103
-0.0108557
-0.0103161
-0.00979134
-0.00928109
-0.0087852
-0.00830357
-0.00783616
-0.00738293
-0.00694387
-0.00651894
-0.0061081
-0.00571127
-0.00532834
-0.00495918
-0.00460367
-0.00426168
-0.00393307
-0.00361776
-0.0033157
-0.00302687
-0.00275129
-0.00248901
-0.00224012
-0.00200469
-0.0017828
-0.00157449
-0.00137976
-0.00119857
-0.00103082
-0.000876326
-0.000734889
-0.000606252
-0.000490133
-0.000386245
-0.000294322
-0.000214101
-0.000145466
-8.80266e-05
-4.25786e-05
-6.3434e-06
1.15572e-05
3.95861e-05
-1.30328e-05
0.00013932
-0.226999
-0.227105
-0.227128
-0.227175
-0.22721
-0.227238
-0.227253
-0.22725
-0.227227
-0.227182
-0.227113
-0.227017
-0.226895
-0.226744
-0.226564
-0.226353
-0.226112
-0.225838
-0.225533
-0.225195
-0.224824
-0.22442
-0.223982
-0.22351
-0.223003
-0.222463
-0.221887
-0.221276
-0.22063
-0.219948
-0.21923
-0.218475
-0.217681
-0.216849
-0.215975
-0.215057
-0.214093
-0.213077
-0.212008
-0.21088
-0.20969
-0.208434
-0.207107
-0.205701
-0.204199
-0.202571
-0.20076
-0.198675
-0.196174
-0.193066
-0.189113
-0.184061
-0.177672
-0.169764
-0.160245
-0.149154
-0.136657
-0.12306
-0.108802
-0.094379
-0.0804109
-0.0674365
-0.0559834
-0.0464539
-0.0391137
-0.0340717
-0.0312811
-0.03056
-0.0316285
-0.0341492
-0.0377654
-0.0421315
-0.0469359
-0.0519139
-0.0568531
-0.0615926
-0.0660187
-0.0700582
-0.0736688
-0.0768344
-0.0795544
-0.0818455
-0.0837299
-0.0852349
-0.0863905
-0.0872272
-0.0877746
-0.0880612
-0.0881135
-0.0879558
-0.0876104
-0.0870971
-0.0864342
-0.0856375
-0.0847217
-0.0836995
-0.0825825
-0.0813811
-0.0801046
-0.0787615
-0.0773595
-0.0759056
-0.0744064
-0.0728678
-0.0712956
-0.069695
-0.0680712
-0.0664288
-0.0647726
-0.0631069
-0.0614359
-0.0597637
-0.0580941
-0.056431
-0.0547779
-0.0531381
-0.0515149
-0.0499114
-0.0483303
-0.0467743
-0.0452458
-0.0437471
-0.0422801
-0.0408464
-0.0394476
-0.0380848
-0.0367589
-0.0354704
-0.0342194
-0.033006
-0.0318298
-0.03069
-0.0295856
-0.0285157
-0.0274788
-0.0264736
-0.0254986
-0.0245524
-0.0236336
-0.0227411
-0.0218738
-0.0210306
-0.0202107
-0.0194134
-0.0186381
-0.0178842
-0.0171513
-0.0164388
-0.0157463
-0.0150729
-0.0144183
-0.0137827
-0.0131642
-0.0125626
-0.0119775
-0.0114082
-0.0108543
-0.0103155
-0.00979136
-0.00928172
-0.00878639
-0.00830529
-0.00783837
-0.00738562
-0.006947
-0.00652251
-0.00611209
-0.00571567
-0.00533313
-0.00496437
-0.00460922
-0.00426757
-0.00393928
-0.00362427
-0.00332247
-0.00303387
-0.0027585
-0.00249641
-0.00224768
-0.0020124
-0.00179064
-0.00158246
-0.00138786
-0.0012068
-0.00103917
-0.000884814
-0.000743512
-0.000615008
-0.000499018
-0.000395251
-0.000303436
-0.000223304
-0.000154744
-9.73456e-05
-5.19705e-05
-1.5636e-05
1.68357e-06
3.12332e-05
-2.81419e-05
0.000155439
-0.226988
-0.227103
-0.227123
-0.22717
-0.227207
-0.227237
-0.227252
-0.227251
-0.227229
-0.227184
-0.227116
-0.227021
-0.226899
-0.226748
-0.226568
-0.226358
-0.226116
-0.225843
-0.225538
-0.2252
-0.224829
-0.224425
-0.223987
-0.223515
-0.223008
-0.222467
-0.221891
-0.221279
-0.220633
-0.21995
-0.219231
-0.218475
-0.217681
-0.216848
-0.215974
-0.215056
-0.214091
-0.213074
-0.212003
-0.210872
-0.209677
-0.208416
-0.207085
-0.20568
-0.204189
-0.202588
-0.200825
-0.19881
-0.196398
-0.193387
-0.189528
-0.184557
-0.178231
-0.170366
-0.160881
-0.149815
-0.137341
-0.123768
-0.10954
-0.095165
-0.0812503
-0.068348
-0.0569786
-0.0475424
-0.0402976
-0.0353445
-0.0326277
-0.0319587
-0.033053
-0.0355713
-0.0391573
-0.0434686
-0.0481978
-0.0530854
-0.0579245
-0.0625591
-0.0668798
-0.0708166
-0.0743303
-0.077406
-0.0800446
-0.0822623
-0.0840819
-0.0855306
-0.0866376
-0.0874327
-0.087945
-0.0882022
-0.08823
-0.0880522
-0.0876901
-0.0871634
-0.0864895
-0.085684
-0.0847609
-0.0837329
-0.0826112
-0.0814059
-0.0801261
-0.0787801
-0.0773756
-0.0759193
-0.0744178
-0.072877
-0.0713025
-0.0696996
-0.0680733
-0.0664285
-0.0647696
-0.0631011
-0.0614273
-0.0597522
-0.0580798
-0.0564138
-0.0547577
-0.0531151
-0.0514892
-0.0498831
-0.0482995
-0.0467413
-0.0452108
-0.0437103
-0.0422418
-0.0408069
-0.0394072
-0.0380438
-0.0367176
-0.035429
-0.0341783
-0.0329654
-0.0317899
-0.0306511
-0.0295479
-0.0284793
-0.0274439
-0.0264402
-0.0254668
-0.0245222
-0.0236051
-0.0227142
-0.0218484
-0.0210068
-0.0201884
-0.0193925
-0.0186186
-0.0178661
-0.0171345
-0.0164234
-0.0157321
-0.0150602
-0.0144062
-0.0137721
-0.0131548
-0.0125544
-0.0119703
-0.0114021
-0.0108492
-0.0103112
-0.00978794
-0.0092791
-0.00878453
-0.00830413
-0.00783788
-0.00738575
-0.00694775
-0.00652385
-0.006114
-0.00571813
-0.00533614
-0.00496789
-0.00461324
-0.00427206
-0.00394421
-0.00362961
-0.00332819
-0.00303993
-0.00276486
-0.00250304
-0.00225456
-0.0020195
-0.00179796
-0.00158998
-0.00139557
-0.0012147
-0.00104727
-0.000893099
-0.000751982
-0.000623655
-0.000507832
-0.000404216
-0.000312532
-0.000232505
-0.000164024
-0.000106666
-6.13438e-05
-2.49192e-05
-8.0923e-06
2.29313e-05
-4.26337e-05
0.00017415
-0.226987
-0.22711
-0.227128
-0.227177
-0.227215
-0.227246
-0.227263
-0.227262
-0.227241
-0.227197
-0.227129
-0.227034
-0.226912
-0.226761
-0.226581
-0.226371
-0.22613
-0.225857
-0.225551
-0.225213
-0.224842
-0.224438
-0.223999
-0.223527
-0.22302
-0.222478
-0.221901
-0.221289
-0.220642
-0.219959
-0.219239
-0.218482
-0.217688
-0.216855
-0.21598
-0.215062
-0.214097
-0.21308
-0.212007
-0.210874
-0.209676
-0.208411
-0.207079
-0.205679
-0.204205
-0.202636
-0.200925
-0.19898
-0.196647
-0.193718
-0.189933
-0.185021
-0.17874
-0.170911
-0.161458
-0.150424
-0.137989
-0.124469
-0.110309
-0.0960281
-0.0822259
-0.0694612
-0.0582455
-0.0489723
-0.0418883
-0.0370809
-0.034483
-0.0338973
-0.0350338
-0.0375518
-0.0410971
-0.0453323
-0.049957
-0.0547192
-0.0594197
-0.0639097
-0.0680854
-0.0718814
-0.075262
-0.0782141
-0.0807417
-0.0828594
-0.0845906
-0.0859622
-0.0870028
-0.087741
-0.0882052
-0.0884219
-0.0884161
-0.0882103
-0.0878254
-0.0872799
-0.0865908
-0.0857731
-0.0848403
-0.0838044
-0.0826763
-0.0814658
-0.0801818
-0.0788322
-0.0774244
-0.0759652
-0.0744609
-0.0729173
-0.0713399
-0.0697339
-0.0681044
-0.0664561
-0.0647935
-0.0631211
-0.0614431
-0.0597636
-0.0580866
-0.0564159
-0.0547551
-0.0531077
-0.0514771
-0.0498663
-0.0482783
-0.0467157
-0.0451812
-0.043677
-0.0422051
-0.0407672
-0.0393649
-0.0379993
-0.0366713
-0.0353814
-0.0341298
-0.0329165
-0.0317409
-0.0306023
-0.0294998
-0.0284321
-0.0273978
-0.0263954
-0.0254235
-0.0244805
-0.0235651
-0.022676
-0.0218119
-0.020972
-0.0201554
-0.0193613
-0.0185891
-0.0178384
-0.0171085
-0.016399
-0.0157094
-0.0150392
-0.0143884
-0.013754
-0.0131383
-0.0125395
-0.0119568
-0.0113899
-0.0108383
-0.0103016
-0.00977947
-0.00927173
-0.00877819
-0.00829878
-0.00783345
-0.00738222
-0.00694508
-0.00652201
-0.00611296
-0.00571788
-0.00533664
-0.00496912
-0.00461517
-0.00427465
-0.00394743
-0.0036334
-0.00333252
-0.00304475
-0.00277014
-0.00250873
-0.00226063
-0.00202593
-0.00180471
-0.00159704
-0.00140293
-0.00122234
-0.00105518
-0.000901271
-0.000760404
-0.000632309
-0.000516699
-0.000413269
-0.000321741
-0.000241835
-0.000173437
-0.000116118
-7.08206e-05
-3.43032e-05
-1.78302e-05
1.45933e-05
-5.61325e-05
0.000192791
-0.227
-0.227131
-0.227148
-0.227197
-0.227237
-0.227269
-0.227286
-0.227286
-0.227265
-0.227221
-0.227152
-0.227058
-0.226935
-0.226784
-0.226604
-0.226393
-0.226152
-0.225878
-0.225572
-0.225234
-0.224862
-0.224457
-0.224018
-0.223545
-0.223038
-0.222495
-0.221918
-0.221306
-0.220657
-0.219973
-0.219253
-0.218496
-0.217701
-0.216868
-0.215994
-0.215077
-0.214112
-0.213096
-0.212023
-0.210889
-0.20969
-0.208424
-0.207095
-0.205703
-0.204248
-0.202711
-0.201047
-0.199158
-0.196886
-0.194015
-0.190277
-0.185402
-0.179153
-0.171353
-0.161932
-0.150942
-0.138568
-0.125134
-0.111089
-0.096961
-0.0833431
-0.0707949
-0.0598163
-0.0507881
-0.0439404
-0.0393432
-0.036914
-0.0364446
-0.0376392
-0.0401566
-0.0436469
-0.0477802
-0.0522658
-0.0568625
-0.061381
-0.0656818
-0.0696686
-0.0732817
-0.0764897
-0.0792824
-0.0816656
-0.0836541
-0.0852711
-0.0865432
-0.0874977
-0.0881624
-0.0885641
-0.0887283
-0.0886785
-0.0884363
-0.0880215
-0.0874517
-0.0867429
-0.0859093
-0.0849637
-0.0839177
-0.0827816
-0.0815648
-0.0802755
-0.0789216
-0.0775102
-0.0760476
-0.0745401
-0.0729933
-0.0714126
-0.0698031
-0.0681697
-0.0665171
-0.0648498
-0.0631723
-0.0614888
-0.0598034
-0.0581202
-0.0564429
-0.0547753
-0.053121
-0.0514833
-0.0498655
-0.0482704
-0.0467011
-0.04516
-0.0436495
-0.0421717
-0.0407284
-0.0393212
-0.0379513
-0.0366195
-0.0353264
-0.0340723
-0.0328569
-0.03168
-0.0305405
-0.0294377
-0.02837
-0.0273363
-0.0263348
-0.0253641
-0.0244226
-0.0235089
-0.0226215
-0.0217595
-0.0209216
-0.0201071
-0.0193151
-0.0185451
-0.0177965
-0.0170689
-0.0163616
-0.0156742
-0.0150061
-0.0143571
-0.0137254
-0.0131114
-0.0125147
-0.0119341
-0.0113691
-0.0108192
-0.0102841
-0.0097637
-0.00925751
-0.00876544
-0.00828742
-0.00782344
-0.00737348
-0.00693757
-0.00651569
-0.00610779
-0.00571382
-0.00533365
-0.00496716
-0.0046142
-0.00427462
-0.00394828
-0.00363509
-0.00333498
-0.00304793
-0.00277398
-0.0025132
-0.00226566
-0.00203149
-0.00181076
-0.00160355
-0.00140987
-0.00122969
-0.00106291
-0.000909364
-0.000768829
-0.000641037
-0.000525695
-0.000422495
-0.000331155
-0.000251389
-0.000183078
-0.000125792
-8.04848e-05
-4.38626e-05
-2.75439e-05
6.12788e-06
-6.82339e-05
0.000208818
-0.227036
-0.227171
-0.227186
-0.227235
-0.227275
-0.227307
-0.227324
-0.227323
-0.227301
-0.227256
-0.227187
-0.227091
-0.226968
-0.226816
-0.226635
-0.226424
-0.226181
-0.225907
-0.225601
-0.225261
-0.224889
-0.224483
-0.224044
-0.22357
-0.223062
-0.222519
-0.221941
-0.221327
-0.220678
-0.219994
-0.219273
-0.218515
-0.217721
-0.216888
-0.216015
-0.215099
-0.214136
-0.213122
-0.212051
-0.210918
-0.20972
-0.208456
-0.207131
-0.205751
-0.204313
-0.202804
-0.201175
-0.199324
-0.197089
-0.194247
-0.190531
-0.185673
-0.179439
-0.17166
-0.162273
-0.151338
-0.139051
-0.125743
-0.111869
-0.0979642
-0.0846133
-0.072372
-0.0617244
-0.0530317
-0.0465019
-0.0421823
-0.0399719
-0.0396497
-0.0409146
-0.0434264
-0.046842
-0.0508423
-0.0551497
-0.0595365
-0.0638262
-0.0678904
-0.0716422
-0.0750287
-0.0780233
-0.0806193
-0.0828244
-0.0846537
-0.0861301
-0.0872795
-0.088128
-0.0887019
-0.0890264
-0.0891255
-0.0890214
-0.0887341
-0.0882821
-0.087682
-0.0869486
-0.0860953
-0.085134
-0.0840756
-0.0829297
-0.0817051
-0.0804098
-0.079051
-0.0776354
-0.0761693
-0.0746584
-0.0731082
-0.071524
-0.0699106
-0.0682729
-0.0666154
-0.0649427
-0.0632591
-0.0615689
-0.0598763
-0.0581851
-0.0564994
-0.054823
-0.0531594
-0.0515121
-0.0498845
-0.0482798
-0.0467007
-0.04515
-0.0436303
-0.0421436
-0.0406919
-0.0392768
-0.0378997
-0.0365615
-0.0352627
-0.0340037
-0.0327842
-0.0316039
-0.030462
-0.0293573
-0.0282886
-0.0272544
-0.0262531
-0.025283
-0.0243427
-0.0234304
-0.022545
-0.021685
-0.0208495
-0.0200374
-0.0192481
-0.0184809
-0.0177352
-0.0170104
-0.016306
-0.0156215
-0.0149564
-0.0143101
-0.0136814
-0.0130703
-0.012476
-0.0118982
-0.0113359
-0.0107885
-0.0102558
-0.00973765
-0.00923366
-0.00874368
-0.00826765
-0.00780558
-0.00735746
-0.00692331
-0.00650313
-0.00609687
-0.00570446
-0.00532581
-0.00496078
-0.0046092
-0.00427094
-0.00394585
-0.00363383
-0.00333482
-0.00304881
-0.00277582
-0.00251592
-0.00226922
-0.00203581
-0.0018158
-0.00160925
-0.00141619
-0.00123658
-0.00107032
-0.000917259
-0.000777162
-0.00064976
-0.000534756
-0.00043184
-0.000340724
-0.000261121
-0.000192905
-0.000135646
-9.02858e-05
-5.3539e-05
-3.71149e-05
-2.44447e-06
-7.8445e-05
0.000220058
-0.2271
-0.227232
-0.227244
-0.227291
-0.227329
-0.22736
-0.227375
-0.227372
-0.227348
-0.227302
-0.22723
-0.227133
-0.227009
-0.226855
-0.226673
-0.22646
-0.226217
-0.225941
-0.225634
-0.225294
-0.224921
-0.224514
-0.224073
-0.223599
-0.22309
-0.222546
-0.221967
-0.221353
-0.220703
-0.220018
-0.219297
-0.21854
-0.217746
-0.216914
-0.216042
-0.215128
-0.214168
-0.213157
-0.212088
-0.210958
-0.209764
-0.208504
-0.207186
-0.205815
-0.204392
-0.202901
-0.201291
-0.199457
-0.197232
-0.194392
-0.190673
-0.185809
-0.179573
-0.171806
-0.162455
-0.15159
-0.139419
-0.126285
-0.112646
-0.0990419
-0.0860504
-0.0742155
-0.0639995
-0.0557371
-0.0496074
-0.0456306
-0.0436843
-0.0435341
-0.0448745
-0.0473688
-0.050684
-0.0545153
-0.0586015
-0.0627314
-0.066744
-0.0705239
-0.0739948
-0.0771115
-0.0798532
-0.0822165
-0.0842111
-0.0858525
-0.0871631
-0.0881679
-0.0888913
-0.0893579
-0.0895912
-0.0896133
-0.0894446
-0.0891038
-0.0886076
-0.0879713
-0.0872086
-0.0863318
-0.0853518
-0.0842787
-0.0831213
-0.0818877
-0.0805854
-0.0792211
-0.0778011
-0.0763312
-0.0748168
-0.0732633
-0.0716754
-0.0700581
-0.0684158
-0.0667532
-0.0650745
-0.0633841
-0.0616862
-0.059985
-0.0582845
-0.0565886
-0.0549012
-0.0532261
-0.0515668
-0.0499267
-0.0483092
-0.0467173
-0.0451538
-0.0436213
-0.0421223
-0.0406587
-0.0392323
-0.0378446
-0.0364966
-0.035189
-0.033922
-0.0326957
-0.0315095
-0.0303628
-0.0292543
-0.0281828
-0.0271466
-0.0261443
-0.025174
-0.0242342
-0.0233231
-0.0224393
-0.0215816
-0.0207486
-0.0199395
-0.0191535
-0.0183897
-0.0176475
-0.0169265
-0.0162259
-0.0155453
-0.0148841
-0.0142416
-0.0136168
-0.0130095
-0.012419
-0.0118446
-0.0112859
-0.0107421
-0.0102126
-0.00969766
-0.00919673
-0.00870967
-0.00823646
-0.00777708
-0.00733155
-0.00689989
-0.00648209
-0.00607813
-0.00568792
-0.00531138
-0.00494835
-0.0045987
-0.00426226
-0.0039389
-0.00362852
-0.00333104
-0.00304646
-0.00277482
-0.00251618
-0.00227064
-0.00203831
-0.0018193
-0.00161368
-0.00142147
-0.00124265
-0.0010771
-0.000924675
-0.000785146
-0.000658242
-0.000543663
-0.000441098
-0.000350254
-0.000270844
-0.000202732
-0.000145496
-0.000100032
-6.31347e-05
-4.62932e-05
-1.09739e-05
-8.62039e-05
0.000224792
-0.227204
-0.227318
-0.227325
-0.227367
-0.2274
-0.227427
-0.227438
-0.227431
-0.227404
-0.227354
-0.227281
-0.227181
-0.227054
-0.226899
-0.226715
-0.226501
-0.226256
-0.225979
-0.22567
-0.225329
-0.224954
-0.224547
-0.224105
-0.22363
-0.22312
-0.222575
-0.221996
-0.221381
-0.220731
-0.220046
-0.219325
-0.218568
-0.217774
-0.216944
-0.216074
-0.215163
-0.214206
-0.213198
-0.212133
-0.211007
-0.209816
-0.208562
-0.20725
-0.205886
-0.204472
-0.202986
-0.201377
-0.199536
-0.197295
-0.19443
-0.190679
-0.185786
-0.17953
-0.171766
-0.162453
-0.151676
-0.139656
-0.126746
-0.113414
-0.100199
-0.0876671
-0.0763435
-0.0666618
-0.0589225
-0.0532699
-0.0496933
-0.0480468
-0.0480833
-0.0494948
-0.0519516
-0.0551345
-0.0587566
-0.0625765
-0.0664025
-0.0700909
-0.0735411
-0.0766883
-0.0794959
-0.0819489
-0.0840472
-0.0858028
-0.0872309
-0.0883536
-0.0891944
-0.089776
-0.0901208
-0.0902505
-0.090185
-0.0899429
-0.089541
-0.0889943
-0.0883167
-0.0875205
-0.0866168
-0.0856154
-0.0845255
-0.083355
-0.0821113
-0.0808013
-0.079431
-0.0780064
-0.0765326
-0.0750149
-0.073458
-0.0718667
-0.0702454
-0.0685985
-0.0669305
-0.0652455
-0.0635478
-0.0618415
-0.0601307
-0.0584195
-0.0567119
-0.0550117
-0.0533229
-0.0516491
-0.0499939
-0.0483607
-0.0467527
-0.0451729
-0.0436242
-0.042109
-0.0406297
-0.0391882
-0.037786
-0.0364243
-0.035104
-0.0338255
-0.0325889
-0.0313936
-0.0302391
-0.0291241
-0.0280475
-0.0270075
-0.0260024
-0.0250306
-0.0240903
-0.0231797
-0.0222973
-0.0214416
-0.0206115
-0.0198058
-0.0190235
-0.0182639
-0.0175263
-0.0168099
-0.0161143
-0.0154387
-0.0147825
-0.0141451
-0.0135255
-0.0129233
-0.0123377
-0.0117682
-0.011214
-0.0106749
-0.01015
-0.00963945
-0.00914269
-0.00865965
-0.00819032
-0.00773466
-0.0072927
-0.00686447
-0.00644996
-0.00604914
-0.00566195
-0.00528828
-0.004928
-0.00458095
-0.00424699
-0.00392597
-0.0036178
-0.00332241
-0.00303979
-0.00276998
-0.00251305
-0.0022691
-0.00203826
-0.00182061
-0.00161624
-0.00142518
-0.00124739
-0.00108278
-0.000931187
-0.000792389
-0.000666115
-0.000552068
-0.000449935
-0.000359423
-0.000280245
-0.000212253
-0.000155037
-0.000109418
-7.23403e-05
-5.47305e-05
-1.92004e-05
-9.09322e-05
0.000221768
-0.227356
-0.227433
-0.22743
-0.22746
-0.227485
-0.227504
-0.227508
-0.227496
-0.227465
-0.227411
-0.227334
-0.227231
-0.227102
-0.226944
-0.226758
-0.226542
-0.226295
-0.226016
-0.225706
-0.225363
-0.224988
-0.224579
-0.224137
-0.22366
-0.22315
-0.222604
-0.222024
-0.221409
-0.220759
-0.220074
-0.219353
-0.218597
-0.217805
-0.216975
-0.216108
-0.215199
-0.214245
-0.21324
-0.212179
-0.211056
-0.209869
-0.208618
-0.207308
-0.205946
-0.204529
-0.203035
-0.201408
-0.199537
-0.197251
-0.19433
-0.19052
-0.185571
-0.179277
-0.171508
-0.162237
-0.151569
-0.139739
-0.127115
-0.11417
-0.101439
-0.0894706
-0.0787636
-0.0697148
-0.0625832
-0.0574732
-0.0543404
-0.0530154
-0.0532402
-0.0547075
-0.0570986
-0.0601118
-0.0634823
-0.0669914
-0.0704689
-0.0737905
-0.0768712
-0.0796583
-0.082124
-0.0842589
-0.0860664
-0.0875604
-0.0887553
-0.0896727
-0.0903344
-0.0907612
-0.0909731
-0.0909894
-0.0908281
-0.0905056
-0.0900365
-0.0894345
-0.0887115
-0.0878784
-0.086945
-0.0859202
-0.0848117
-0.083627
-0.0823724
-0.0810541
-0.0796776
-0.0782482
-0.0767706
-0.0752497
-0.0736897
-0.0720951
-0.0704701
-0.0688189
-0.0671455
-0.0654541
-0.0637487
-0.0620335
-0.0603124
-0.0585895
-0.0568689
-0.0551544
-0.05345
-0.0517595
-0.0500866
-0.0484349
-0.0468077
-0.0452083
-0.0436397
-0.0421046
-0.0406055
-0.0391446
-0.0377237
-0.0363441
-0.035007
-0.0337128
-0.0324618
-0.0312537
-0.0300878
-0.0289632
-0.0278784
-0.0268319
-0.025822
-0.0248469
-0.0239047
-0.0229936
-0.0221118
-0.021258
-0.0204306
-0.0196285
-0.0188506
-0.0180959
-0.0173637
-0.0166533
-0.0159637
-0.0152945
-0.0146448
-0.0140139
-0.0134009
-0.0128052
-0.0122262
-0.011663
-0.0111151
-0.0105819
-0.0100628
-0.00955837
-0.00906718
-0.00858953
-0.00812539
-0.00767473
-0.00723758
-0.00681395
-0.00640384
-0.00600724
-0.00562407
-0.00525423
-0.0048976
-0.00455402
-0.00422334
-0.00390543
-0.00360019
-0.00330756
-0.00302753
-0.00276015
-0.00250549
-0.00226366
-0.00203477
-0.00181893
-0.0016162
-0.00142664
-0.0012502
-0.0010868
-0.000936267
-0.000798393
-0.00067291
-0.000559522
-0.000457922
-0.000367816
-0.000288919
-0.000221072
-0.00016388
-0.000118054
-8.07682e-05
-6.20192e-05
-2.67833e-05
-9.20956e-05
0.00021023
-0.22757
-0.227576
-0.227555
-0.227566
-0.227578
-0.227586
-0.227582
-0.227563
-0.227526
-0.227468
-0.227386
-0.22728
-0.227147
-0.226987
-0.226798
-0.22658
-0.226331
-0.226051
-0.225739
-0.225395
-0.225018
-0.224608
-0.224165
-0.223688
-0.223177
-0.222631
-0.222051
-0.221435
-0.220785
-0.2201
-0.21938
-0.218624
-0.217833
-0.217005
-0.216139
-0.215232
-0.21428
-0.213277
-0.212217
-0.211094
-0.209907
-0.208655
-0.207341
-0.205971
-0.204539
-0.20302
-0.201352
-0.199423
-0.197062
-0.194054
-0.190154
-0.185124
-0.178774
-0.170991
-0.161772
-0.151239
-0.139649
-0.12738
-0.114908
-0.102759
-0.0914587
-0.081468
-0.0731396
-0.0666854
-0.062166
-0.0595024
-0.0585036
-0.0589035
-0.0604002
-0.0626899
-0.0654931
-0.0685698
-0.0717269
-0.0748175
-0.0777373
-0.0804174
-0.0828172
-0.0849175
-0.0867141
-0.0882133
-0.089431
-0.0903799
-0.0910811
-0.0915543
-0.0918179
-0.0918897
-0.0917867
-0.0915244
-0.0911168
-0.0905769
-0.0899163
-0.0891452
-0.088273
-0.0873083
-0.0862585
-0.0851306
-0.0839308
-0.0826649
-0.0813381
-0.0799554
-0.0785213
-0.0770403
-0.0755164
-0.0739538
-0.0723563
-0.070728
-0.0690727
-0.0673942
-0.0656965
-0.0639834
-0.062259
-0.0605272
-0.058792
-0.0570573
-0.0553273
-0.0536058
-0.0518967
-0.050204
-0.0485312
-0.046882
-0.0452598
-0.0436678
-0.0421091
-0.0405863
-0.0391018
-0.0376578
-0.0362559
-0.0348974
-0.0335831
-0.0323133
-0.0310881
-0.0299069
-0.0287687
-0.0276724
-0.0266164
-0.0255989
-0.0246181
-0.0236721
-0.022759
-0.021877
-0.0210243
-0.0201994
-0.019401
-0.0186278
-0.0178788
-0.017153
-0.0164495
-0.0157674
-0.0151059
-0.0144642
-0.0138414
-0.0132367
-0.0126493
-0.0120785
-0.0115235
-0.0109836
-0.0104582
-0.00994625
-0.00944969
-0.0089658
-0.00849518
-0.00803781
-0.00759368
-0.0071628
-0.00674518
-0.00634083
-0.00594972
-0.00557178
-0.00520692
-0.00485501
-0.00451592
-0.00418948
-0.00387558
-0.00357413
-0.00328507
-0.0030084
-0.00274415
-0.00249242
-0.00225331
-0.00202694
-0.00181341
-0.0016128
-0.00142514
-0.00125041
-0.00108853
-0.000939329
-0.000802605
-0.000678098
-0.00056552
-0.000464571
-0.000374961
-0.000296411
-0.000228744
-0.000171588
-0.000125512
-8.79943e-05
-6.77386e-05
-3.33412e-05
-8.92759e-05
0.000189945
-0.227863
-0.227745
-0.227695
-0.227678
-0.227673
-0.227667
-0.227653
-0.227625
-0.227581
-0.227518
-0.227432
-0.227322
-0.227186
-0.227023
-0.226832
-0.226611
-0.226361
-0.226079
-0.225766
-0.22542
-0.225043
-0.224632
-0.224188
-0.22371
-0.223198
-0.222652
-0.222072
-0.221456
-0.220806
-0.220121
-0.219401
-0.218645
-0.217854
-0.217027
-0.216161
-0.215254
-0.2143
-0.213295
-0.212233
-0.211106
-0.209913
-0.208651
-0.207324
-0.205932
-0.204467
-0.2029
-0.201165
-0.199147
-0.19668
-0.193551
-0.189528
-0.184392
-0.177969
-0.170171
-0.161019
-0.150658
-0.139364
-0.127527
-0.11562
-0.104153
-0.0936163
-0.0844289
-0.0768912
-0.071163
-0.0672601
-0.06507
-0.0643833
-0.0649307
-0.0664202
-0.0685681
-0.0711203
-0.073865
-0.0766357
-0.07931
-0.0818036
-0.0840634
-0.0860605
-0.0877833
-0.0892323
-0.0904158
-0.0913512
-0.09205
-0.0925315
-0.0928132
-0.092911
-0.0928406
-0.0926162
-0.092251
-0.091757
-0.0911449
-0.0904244
-0.0896042
-0.0886922
-0.0876955
-0.0866204
-0.0854727
-0.0842578
-0.0829806
-0.0816455
-0.0802568
-0.0788185
-0.0773343
-0.0758081
-0.0742434
-0.0726437
-0.0710126
-0.0693537
-0.0676706
-0.0659669
-0.0642464
-0.0625129
-0.0607702
-0.0590223
-0.0572732
-0.0555267
-0.053787
-0.0520579
-0.0503435
-0.0486476
-0.046974
-0.0453262
-0.0437078
-0.0421219
-0.0405717
-0.0390597
-0.0375884
-0.0361598
-0.0347754
-0.0334363
-0.0321433
-0.0308964
-0.0296955
-0.0285396
-0.0274279
-0.0263588
-0.0253306
-0.0243414
-0.0233893
-0.0224723
-0.0215885
-0.020736
-0.019913
-0.0191182
-0.0183499
-0.0176071
-0.0168884
-0.0161928
-0.0155194
-0.0148671
-0.014235
-0.013622
-0.0130274
-0.0124501
-0.0118894
-0.0113444
-0.0108145
-0.010299
-0.00979807
-0.0093093
-0.00883457
-0.00837284
-0.00792406
-0.00748821
-0.00706528
-0.00665529
-0.00625823
-0.00587407
-0.00550275
-0.00514419
-0.00479826
-0.00446481
-0.00414373
-0.00383489
-0.0035382
-0.00325362
-0.00298116
-0.00272086
-0.00247281
-0.00223712
-0.00201389
-0.00180325
-0.00160527
-0.00141999
-0.00124738
-0.00108736
-0.000939793
-0.000804472
-0.00068115
-0.000569554
-0.000469393
-0.000380386
-0.000302258
-0.000234821
-0.000177723
-0.000131366
-9.36054e-05
-7.15053e-05
-3.85007e-05
-8.22441e-05
0.000161233
-0.228254
-0.227932
-0.227837
-0.227784
-0.227758
-0.227737
-0.227711
-0.227675
-0.227625
-0.227556
-0.227466
-0.227353
-0.227214
-0.227049
-0.226856
-0.226633
-0.226381
-0.226098
-0.225783
-0.225437
-0.225058
-0.224647
-0.224202
-0.223724
-0.223211
-0.222665
-0.222084
-0.221468
-0.220818
-0.220132
-0.219411
-0.218655
-0.217862
-0.217033
-0.216164
-0.215253
-0.214294
-0.213281
-0.212209
-0.21107
-0.20986
-0.208576
-0.20722
-0.205788
-0.204268
-0.202626
-0.200792
-0.198652
-0.196041
-0.192757
-0.188582
-0.183315
-0.176808
-0.169001
-0.15994
-0.149798
-0.138867
-0.127545
-0.116295
-0.105601
-0.0959136
-0.0875977
-0.0808975
-0.0759189
-0.0726334
-0.0708987
-0.070492
-0.0711463
-0.0725851
-0.0745487
-0.0768122
-0.0791932
-0.0815532
-0.0837937
-0.0858498
-0.0876831
-0.0892751
-0.0906211
-0.0917253
-0.0925976
-0.0932533
-0.0937066
-0.0939729
-0.0940668
-0.0940023
-0.0937924
-0.093449
-0.092983
-0.0924041
-0.091721
-0.0909417
-0.0900732
-0.089122
-0.0880938
-0.0869939
-0.0858269
-0.0845974
-0.0833093
-0.0819665
-0.0805724
-0.0791305
-0.077644
-0.0761161
-0.07455
-0.0729488
-0.0713158
-0.069654
-0.0679669
-0.0662579
-0.0645305
-0.0627883
-0.061035
-0.0592745
-0.0575106
-0.0557474
-0.0539888
-0.0522388
-0.0505016
-0.048781
-0.047081
-0.0454054
-0.043758
-0.0421421
-0.0405612
-0.0390181
-0.0375157
-0.0360562
-0.0346416
-0.0332734
-0.0319525
-0.0306795
-0.0294544
-0.0282766
-0.0271454
-0.0260593
-0.0250168
-0.0240162
-0.0230553
-0.0221322
-0.0212447
-0.020391
-0.0195691
-0.0187773
-0.0180138
-0.0172773
-0.0165664
-0.0158797
-0.015216
-0.0145742
-0.0139532
-0.0133518
-0.0127689
-0.0122037
-0.011655
-0.0111221
-0.0106042
-0.0101006
-0.00961109
-0.00913402
-0.00867042
-0.00821959
-0.00778136
-0.00735569
-0.00694256
-0.00654196
-0.00615388
-0.00577829
-0.00541513
-0.00506431
-0.00472572
-0.00439922
-0.00408471
-0.00378206
-0.00349122
-0.00321214
-0.00294484
-0.00268936
-0.00244581
-0.00221428
-0.0019949
-0.00178778
-0.00159299
-0.00141057
-0.00124052
-0.00108276
-0.000937147
-0.000803504
-0.000681597
-0.00057117
-0.000471948
-0.000383663
-0.00030605
-0.000238904
-0.000181902
-0.000135252
-9.72498e-05
-7.30235e-05
-4.19457e-05
-7.1023e-05
0.000124975
-0.228768
-0.228124
-0.227965
-0.22787
-0.227821
-0.227785
-0.227749
-0.227706
-0.227651
-0.227578
-0.227485
-0.227369
-0.227228
-0.227061
-0.226866
-0.226643
-0.226389
-0.226105
-0.22579
-0.225443
-0.225064
-0.224651
-0.224206
-0.223727
-0.223213
-0.222666
-0.222084
-0.221467
-0.220815
-0.220127
-0.219404
-0.218644
-0.217847
-0.217011
-0.216135
-0.215213
-0.214241
-0.213213
-0.21212
-0.210956
-0.209714
-0.208392
-0.206985
-0.205488
-0.203885
-0.202135
-0.200168
-0.197868
-0.195076
-0.191602
-0.187245
-0.181831
-0.175239
-0.167438
-0.158507
-0.148642
-0.138149
-0.127426
-0.11692
-0.10708
-0.0983066
-0.0909059
-0.0850628
-0.0808297
-0.0781371
-0.0768185
-0.0766438
-0.0773549
-0.0786957
-0.0804348
-0.0823783
-0.0843742
-0.0863116
-0.0881146
-0.0897363
-0.0911513
-0.0923499
-0.0933325
-0.0941065
-0.0946833
-0.0950721
-0.0952928
-0.0953554
-0.0952717
-0.0950537
-0.094712
-0.0942562
-0.0936948
-0.0930355
-0.0922852
-0.0914502
-0.0905359
-0.0895476
-0.0884896
-0.0873663
-0.0861813
-0.0849381
-0.0836402
-0.0822904
-0.0808918
-0.0794472
-0.0779591
-0.0764305
-0.0748639
-0.0732621
-0.071628
-0.0699643
-0.0682741
-0.0665606
-0.0648271
-0.0630769
-0.0613136
-0.0595409
-0.0577626
-0.0559827
-0.0542051
-0.0524339
-0.0506732
-0.0489271
-0.0471995
-0.0454946
-0.0438162
-0.042168
-0.0405537
-0.0389766
-0.0374398
-0.0359459
-0.0344973
-0.0330959
-0.031743
-0.0304396
-0.029186
-0.0279821
-0.0268272
-0.0257203
-0.02466
-0.0236444
-0.0226718
-0.02174
-0.0208469
-0.0199902
-0.0191681
-0.0183784
-0.0176194
-0.0168892
-0.0161863
-0.015509
-0.0148561
-0.0142259
-0.0136173
-0.013029
-0.0124596
-0.0119082
-0.0113735
-0.0108547
-0.0103509
-0.00986124
-0.00938533
-0.00892202
-0.00847164
-0.00803373
-0.00760808
-0.00719458
-0.00679317
-0.00640382
-0.00602649
-0.00566116
-0.00530777
-0.00496621
-0.0046364
-0.00431821
-0.00401155
-0.00371631
-0.00343244
-0.00315992
-0.00289878
-0.00264905
-0.00241085
-0.00218429
-0.00196947
-0.00176652
-0.00157551
-0.00139649
-0.00122945
-0.00107433
-0.000931015
-0.000799337
-0.000679084
-0.000570024
-0.000471903
-0.00038447
-0.000307472
-0.000240692
-0.000183837
-0.000136903
-9.86821e-05
-7.2128e-05
-4.34621e-05
-5.59259e-05
8.25797e-05
-0.229417
-0.2283
-0.228056
-0.227917
-0.227848
-0.227801
-0.227758
-0.227711
-0.227653
-0.227578
-0.227483
-0.227366
-0.227225
-0.227057
-0.226862
-0.226637
-0.226384
-0.226099
-0.225783
-0.225436
-0.225056
-0.224643
-0.224196
-0.223716
-0.223201
-0.222652
-0.222067
-0.221447
-0.220791
-0.220098
-0.219368
-0.2186
-0.217793
-0.216946
-0.216054
-0.215113
-0.214118
-0.21306
-0.211932
-0.210726
-0.209433
-0.208048
-0.206564
-0.204972
-0.203251
-0.201357
-0.199217
-0.196717
-0.193707
-0.190012
-0.185454
-0.179885
-0.173219
-0.165457
-0.156706
-0.147185
-0.137209
-0.127168
-0.117483
-0.108559
-0.100739
-0.0942695
-0.0892738
-0.0857544
-0.0836065
-0.0826463
-0.0826441
-0.0833565
-0.0845531
-0.0860333
-0.0876354
-0.0892376
-0.0907545
-0.0921314
-0.0933365
-0.0943554
-0.0951852
-0.0958301
-0.0962988
-0.0966021
-0.0967497
-0.0967577
-0.0966342
-0.0963887
-0.096031
-0.0955694
-0.0950112
-0.0943629
-0.0936303
-0.0928187
-0.0919329
-0.0909769
-0.0899547
-0.0888697
-0.0877251
-0.0865238
-0.0852687
-0.0839621
-0.0826067
-0.0812046
-0.0797581
-0.0782695
-0.076741
-0.0751748
-0.0735734
-0.0719391
-0.0702745
-0.0685823
-0.0668653
-0.0651266
-0.0633694
-0.061597
-0.059813
-0.0580211
-0.0562251
-0.054429
-0.0526368
-0.0508527
-0.0490807
-0.0473251
-0.04559
-0.0438795
-0.0421976
-0.0405481
-0.0389348
-0.037361
-0.0358299
-0.0343442
-0.0329062
-0.0315177
-0.0301801
-0.0288941
-0.0276601
-0.0264777
-0.0253463
-0.0242645
-0.0232308
-0.0222434
-0.0213002
-0.020399
-0.0195376
-0.0187136
-0.017925
-0.0171696
-0.0164454
-0.0157504
-0.015083
-0.0144412
-0.0138236
-0.0132286
-0.0126546
-0.0121002
-0.0115642
-0.0110453
-0.0105424
-0.0100546
-0.00958092
-0.00912076
-0.00867318
-0.00823811
-0.00781517
-0.00740408
-0.00700469
-0.00661691
-0.00624065
-0.00587585
-0.00552247
-0.00518044
-0.00484968
-0.0045301
-0.00422159
-0.00392406
-0.00363744
-0.00336169
-0.0030968
-0.00284281
-0.00259977
-0.00236778
-0.00214696
-0.00193743
-0.0017393
-0.00155266
-0.00137754
-0.00121397
-0.00106189
-0.000921211
-0.000791783
-0.000673426
-0.000565932
-0.000469077
-0.000382628
-0.000306354
-0.000240024
-0.000183379
-0.000136195
-9.7799e-05
-6.88154e-05
-4.29715e-05
-3.75627e-05
3.59079e-05
-0.230203
-0.228407
-0.228076
-0.227909
-0.227826
-0.227775
-0.227733
-0.227687
-0.227629
-0.227555
-0.227461
-0.227344
-0.227203
-0.227036
-0.226841
-0.226617
-0.226364
-0.226079
-0.225763
-0.225414
-0.225033
-0.224619
-0.22417
-0.223687
-0.223169
-0.222615
-0.222025
-0.221399
-0.220735
-0.220032
-0.219291
-0.218508
-0.217684
-0.216814
-0.215896
-0.214923
-0.213889
-0.212785
-0.211603
-0.210331
-0.208961
-0.207484
-0.205891
-0.204169
-0.202292
-0.200213
-0.19786
-0.195123
-0.191864
-0.187926
-0.183157
-0.177442
-0.170729
-0.163051
-0.154543
-0.145441
-0.136061
-0.126776
-0.117971
-0.110001
-0.103149
-0.0975952
-0.0934084
-0.0905455
-0.0888743
-0.0882015
-0.0883055
-0.0889639
-0.0899755
-0.0911722
-0.0924243
-0.0936381
-0.0947518
-0.0957281
-0.0965482
-0.0972058
-0.0977027
-0.0980455
-0.0982428
-0.0983046
-0.09824
-0.0980608
-0.097774
-0.097387
-0.0969071
-0.0963406
-0.0956927
-0.0949682
-0.0941713
-0.0933059
-0.0923754
-0.0913828
-0.0903309
-0.0892223
-0.0880592
-0.086844
-0.0855787
-0.0842651
-0.0829052
-0.0815007
-0.0800535
-0.0785652
-0.0770377
-0.0754729
-0.0738728
-0.0722393
-0.0705748
-0.0688816
-0.0671623
-0.0654196
-0.0636565
-0.0618762
-0.0600821
-0.0582776
-0.0564666
-0.054653
-0.0528406
-0.0510336
-0.0492363
-0.0474529
-0.0456876
-0.0439447
-0.0422285
-0.040543
-0.0388922
-0.0372798
-0.0357095
-0.0341843
-0.0327071
-0.0312802
-0.0299053
-0.0285838
-0.0273164
-0.0261031
-0.0249437
-0.0238372
-0.0227822
-0.0217771
-0.0208198
-0.0199081
-0.0190398
-0.0182123
-0.0174234
-0.0166706
-0.0159516
-0.0152644
-0.0146066
-0.0139764
-0.0133719
-0.0127911
-0.0122325
-0.0116943
-0.0111751
-0.0106734
-0.0101881
-0.00971794
-0.00926201
-0.00881947
-0.00838945
-0.00797161
-0.00756552
-0.00717088
-0.00678745
-0.00641503
-0.00605359
-0.00570298
-0.00536315
-0.00503403
-0.00471551
-0.00440753
-0.00411
-0.00382284
-0.00354599
-0.00327945
-0.0030232
-0.00277731
-0.00254183
-0.00231688
-0.00210256
-0.00189899
-0.0017063
-0.00152457
-0.00135386
-0.00119418
-0.00104551
-0.00090778
-0.000780872
-0.000664637
-0.000558901
-0.00046347
-0.000378138
-0.000302696
-0.000236904
-0.000180543
-0.000133167
-9.46607e-05
-6.32574e-05
-4.05478e-05
-1.68079e-05
-1.28615e-05
-0.231262
-0.228293
-0.227956
-0.227846
-0.227749
-0.227703
-0.227672
-0.227633
-0.227579
-0.227509
-0.227418
-0.227305
-0.227166
-0.227
-0.226806
-0.226583
-0.226329
-0.226044
-0.225727
-0.225377
-0.224994
-0.224576
-0.224123
-0.223635
-0.223111
-0.222549
-0.22195
-0.221311
-0.220633
-0.219914
-0.219152
-0.218345
-0.217491
-0.216587
-0.215627
-0.214605
-0.213513
-0.212341
-0.211078
-0.209713
-0.208235
-0.206633
-0.204895
-0.203003
-0.20093
-0.198628
-0.196025
-0.19302
-0.18949
-0.1853
-0.180329
-0.174494
-0.167776
-0.160243
-0.152051
-0.143444
-0.134732
-0.126262
-0.118376
-0.111371
-0.105469
-0.100788
-0.0973458
-0.0950613
-0.0937841
-0.0933207
-0.0934643
-0.0940187
-0.0948143
-0.0957159
-0.0966236
-0.0974693
-0.0982107
-0.098825
-0.0993029
-0.0996437
-0.099852
-0.0999351
-0.0999009
-0.0997578
-0.0995137
-0.0991767
-0.0987525
-0.0982465
-0.0976639
-0.0970091
-0.0962857
-0.0954971
-0.0946461
-0.0937353
-0.0927672
-0.0917437
-0.0906668
-0.0895384
-0.08836
-0.0871333
-0.0858598
-0.0845408
-0.0831777
-0.081772
-0.0803249
-0.0788378
-0.0773122
-0.0757496
-0.0741515
-0.0725198
-0.0708562
-0.069163
-0.0674424
-0.0656969
-0.0639293
-0.0621424
-0.0603395
-0.058524
-0.0566994
-0.0548695
-0.0530383
-0.0512098
-0.0493883
-0.047578
-0.0457833
-0.0440086
-0.0422583
-0.0405367
-0.0388481
-0.0371966
-0.0355861
-0.0340203
-0.0325022
-0.0310349
-0.0296206
-0.0282611
-0.0269577
-0.0257109
-0.0245207
-0.0233866
-0.0223075
-0.021282
-0.0203081
-0.0193837
-0.0185064
-0.0176736
-0.0168828
-0.0161313
-0.0154167
-0.0147364
-0.0140881
-0.0134693
-0.012878
-0.012312
-0.0117693
-0.0112481
-0.0107467
-0.0102634
-0.00979688
-0.00934582
-0.00890909
-0.00848573
-0.00807481
-0.00767582
-0.00728822
-0.00691162
-0.00654581
-0.00619032
-0.00584517
-0.00551022
-0.00518537
-0.00487049
-0.00456551
-0.00427036
-0.00398496
-0.00370926
-0.00344323
-0.00318686
-0.00294017
-0.00270322
-0.0024761
-0.0022589
-0.00205175
-0.00185476
-0.00166805
-0.00149172
-0.00132584
-0.00117044
-0.00102551
-0.000891007
-0.000766859
-0.000652949
-0.000549141
-0.000455278
-0.000371184
-0.000296677
-0.000231513
-0.000175516
-0.000128027
-8.94921e-05
-5.57928e-05
-3.64142e-05
5.26735e-06
-6.13971e-05
-0.232847
-0.227845
-0.227625
-0.22773
-0.227634
-0.227591
-0.227581
-0.227555
-0.22751
-0.227446
-0.22736
-0.227251
-0.227115
-0.226952
-0.226759
-0.226536
-0.226282
-0.225995
-0.225675
-0.225322
-0.224933
-0.224509
-0.224049
-0.223552
-0.223016
-0.222441
-0.221825
-0.221168
-0.220467
-0.21972
-0.218926
-0.218082
-0.217184
-0.216228
-0.215207
-0.214114
-0.21294
-0.211672
-0.2103
-0.208811
-0.20719
-0.205426
-0.203505
-0.201405
-0.199098
-0.196538
-0.193658
-0.190367
-0.18656
-0.182127
-0.176979
-0.171067
-0.164405
-0.157087
-0.149285
-0.141246
-0.133262
-0.125646
-0.118691
-0.112635
-0.107637
-0.103761
-0.100976
-0.0991773
-0.0982041
-0.0978715
-0.0979941
-0.0984052
-0.0989675
-0.0995769
-0.100161
-0.100672
-0.101083
-0.101384
-0.10157
-0.101645
-0.101614
-0.101483
-0.10126
-0.10095
-0.10056
-0.100096
-0.0995607
-0.0989588
-0.0982934
-0.0975675
-0.0967832
-0.0959428
-0.095048
-0.0941006
-0.0931019
-0.0920535
-0.0909565
-0.0898121
-0.0886216
-0.0873859
-0.0861061
-0.0847833
-0.0834183
-0.0820123
-0.0805661
-0.0790809
-0.0775578
-0.0759979
-0.0744025
-0.0727732
-0.0711115
-0.0694192
-0.0676983
-0.0659511
-0.0641801
-0.0623881
-0.0605779
-0.0587528
-0.0569163
-0.0550719
-0.0532236
-0.0513754
-0.0495313
-0.0476958
-0.0458732
-0.044068
-0.0422847
-0.040528
-0.0388023
-0.037112
-0.0354614
-0.0338546
-0.0322952
-0.0307866
-0.0293317
-0.0279328
-0.0265916
-0.0253093
-0.0240863
-0.0229224
-0.0218171
-0.0207689
-0.0197763
-0.018837
-0.0179487
-0.0171088
-0.0163145
-0.0155631
-0.0148517
-0.0141776
-0.0135379
-0.0129302
-0.0123519
-0.0118007
-0.0112742
-0.0107704
-0.0102873
-0.00982311
-0.00937625
-0.00894523
-0.00852877
-0.00812573
-0.00773511
-0.00735619
-0.00698835
-0.00663109
-0.006284
-0.00594684
-0.00561921
-0.0053011
-0.00499237
-0.00469286
-0.00440246
-0.00412115
-0.00384884
-0.00358551
-0.00333113
-0.00308573
-0.00284935
-0.00262204
-0.00240392
-0.00219507
-0.00199562
-0.00180571
-0.00162543
-0.0014549
-0.0012942
-0.00114338
-0.00100245
-0.000871413
-0.00075022
-0.0006388
-0.000537061
-0.000444885
-0.000362133
-0.000288652
-0.0002242
-0.000168647
-0.000121138
-8.26712e-05
-4.69051e-05
-3.0926e-05
2.74844e-05
-0.000107404
)
;

boundaryField
{
    inlet
    {
        type            zeroGradient;
    }
    outlet
    {
        type            fixedValue;
        value           uniform 0;
    }
    walls
    {
        type            zeroGradient;
    }
    frontAndBack
    {
        type            empty;
    }
}


// ************************************************************************* //
