/*--------------------------------*- C++ -*----------------------------------*\
  =========                 |
  \\      /  F ield         | OpenFOAM: The Open Source CFD Toolbox
   \\    /   O peration     | Website:  https://openfoam.org
    \\  /    A nd           | Version:  11
     \\/     M anipulation  |
\*---------------------------------------------------------------------------*/
FoamFile
{
    format      ascii;
    class       volScalarField;
    location    "30";
    object      p;
}
// * * * * * * * * * * * * * * * * * * * * * * * * * * * * * * * * * * * * * //

dimensions      [0 2 -2 0 0 0 0];

internalField   nonuniform List<scalar> 
8400
(
-0.142682
-0.145635
-0.148918
-0.151921
-0.15486
-0.157859
-0.160915
-0.164011
-0.167148
-0.170334
-0.173577
-0.176886
-0.18027
-0.183745
-0.187327
-0.19104
-0.194919
-0.199016
-0.203402
-0.208545
-0.142493
-0.145626
-0.148999
-0.151961
-0.154861
-0.157861
-0.160925
-0.164024
-0.16716
-0.170347
-0.173592
-0.176903
-0.18029
-0.183768
-0.187352
-0.191067
-0.194943
-0.19901
-0.203211
-0.207097
-0.14231
-0.145599
-0.149068
-0.151991
-0.154842
-0.157837
-0.16091
-0.164009
-0.167141
-0.170323
-0.173563
-0.176868
-0.180247
-0.183712
-0.187278
-0.190963
-0.194778
-0.198703
-0.202543
-0.205679
-0.142127
-0.14552
-0.149094
-0.152009
-0.154811
-0.157788
-0.160865
-0.163963
-0.167084
-0.170253
-0.17348
-0.176769
-0.180125
-0.18356
-0.187084
-0.190702
-0.194402
-0.198113
-0.20158
-0.20423
-0.141939
-0.145399
-0.149069
-0.151997
-0.154756
-0.157707
-0.160782
-0.163874
-0.16698
-0.170129
-0.173332
-0.176592
-0.179911
-0.183297
-0.186752
-0.19027
-0.193816
-0.197288
-0.200424
-0.202743
-0.141746
-0.145249
-0.148996
-0.151946
-0.154672
-0.157593
-0.160657
-0.163739
-0.166824
-0.169944
-0.173113
-0.176332
-0.179599
-0.182916
-0.18628
-0.189673
-0.193045
-0.196279
-0.199137
-0.201238
-0.141548
-0.145078
-0.148881
-0.151853
-0.154555
-0.157446
-0.160493
-0.163558
-0.166617
-0.169701
-0.172827
-0.175993
-0.179194
-0.182428
-0.185685
-0.188938
-0.192129
-0.195143
-0.197774
-0.199733
-0.141347
-0.144894
-0.148734
-0.151723
-0.154407
-0.157269
-0.160294
-0.163338
-0.166365
-0.169406
-0.172481
-0.175586
-0.178712
-0.181851
-0.18499
-0.188099
-0.191114
-0.193931
-0.196381
-0.19825
-0.141146
-0.144705
-0.148566
-0.151564
-0.154231
-0.157068
-0.160069
-0.163086
-0.166077
-0.169073
-0.172092
-0.175129
-0.178172
-0.181212
-0.18423
-0.187195
-0.190047
-0.192693
-0.195
-0.196812
-0.140954
-0.144517
-0.148386
-0.151383
-0.154037
-0.156851
-0.159826
-0.162814
-0.165767
-0.168714
-0.171675
-0.174641
-0.1776
-0.180539
-0.183439
-0.186268
-0.188973
-0.191475
-0.193671
-0.195448
-0.140775
-0.144339
-0.148204
-0.151191
-0.153831
-0.156627
-0.159578
-0.162534
-0.165449
-0.168348
-0.17125
-0.174147
-0.177023
-0.179864
-0.182653
-0.185359
-0.187935
-0.190318
-0.192428
-0.194187
-0.14062
-0.144179
-0.148027
-0.150997
-0.153624
-0.156407
-0.159336
-0.16226
-0.165137
-0.16799
-0.170837
-0.173668
-0.176466
-0.179218
-0.181906
-0.184504
-0.186971
-0.189257
-0.191304
-0.193054
-0.140494
-0.144044
-0.147863
-0.150807
-0.153425
-0.156201
-0.15911
-0.162005
-0.164845
-0.167658
-0.170455
-0.173226
-0.175955
-0.178627
-0.181229
-0.183734
-0.186112
-0.188323
-0.190322
-0.192072
-0.140407
-0.143939
-0.147714
-0.150627
-0.153244
-0.156019
-0.158911
-0.161778
-0.164588
-0.167366
-0.17012
-0.172839
-0.175509
-0.178115
-0.180644
-0.183076
-0.185384
-0.187537
-0.189504
-0.191257
-0.140364
-0.143867
-0.147582
-0.150463
-0.153087
-0.155869
-0.158746
-0.161589
-0.164374
-0.167124
-0.169844
-0.172522
-0.175144
-0.177698
-0.180171
-0.182546
-0.184801
-0.186914
-0.18886
-0.190619
-0.14037
-0.14383
-0.147464
-0.150317
-0.152962
-0.155756
-0.158621
-0.161442
-0.164209
-0.16694
-0.169635
-0.172282
-0.174868
-0.177384
-0.179817
-0.182152
-0.184371
-0.186457
-0.188391
-0.190158
-0.140427
-0.143819
-0.147356
-0.150193
-0.152875
-0.155683
-0.158535
-0.161341
-0.164097
-0.166816
-0.169494
-0.17212
-0.174684
-0.177175
-0.179582
-0.181892
-0.18409
-0.18616
-0.188089
-0.189864
-0.140532
-0.14382
-0.147252
-0.150098
-0.152827
-0.155647
-0.158486
-0.161282
-0.164034
-0.166747
-0.169416
-0.172031
-0.174582
-0.177061
-0.179454
-0.181751
-0.183939
-0.186003
-0.187931
-0.189713
-0.14068
-0.143813
-0.147151
-0.150037
-0.152816
-0.15564
-0.158467
-0.161259
-0.164011
-0.166723
-0.169389
-0.172
-0.174548
-0.177022
-0.179412
-0.181706
-0.183892
-0.185956
-0.187887
-0.189675
-0.140864
-0.143818
-0.147072
-0.150005
-0.152824
-0.15565
-0.158472
-0.161265
-0.16402
-0.166734
-0.169402
-0.172016
-0.174567
-0.177044
-0.179439
-0.181737
-0.183928
-0.185998
-0.187936
-0.189731
-0.207857
-0.203049
-0.201921
-0.202035
-0.201944
-0.201835
-0.201822
-0.201838
-0.201847
-0.201844
-0.201837
-0.201824
-0.201802
-0.201771
-0.20173
-0.201678
-0.201615
-0.20154
-0.201453
-0.201353
-0.20124
-0.201114
-0.200974
-0.20082
-0.200652
-0.20047
-0.200273
-0.200061
-0.199834
-0.199591
-0.199333
-0.19906
-0.19877
-0.198464
-0.198143
-0.197804
-0.19745
-0.197078
-0.196689
-0.196283
-0.19586
-0.195418
-0.194959
-0.194482
-0.193985
-0.19347
-0.192935
-0.19238
-0.191805
-0.19121
-0.190592
-0.189953
-0.18929
-0.188604
-0.187894
-0.187158
-0.186396
-0.185606
-0.184787
-0.183937
-0.183055
-0.18214
-0.181188
-0.180199
-0.179169
-0.178096
-0.176976
-0.175808
-0.174587
-0.173309
-0.171971
-0.170568
-0.169095
-0.167547
-0.165918
-0.164203
-0.162396
-0.160488
-0.158474
-0.156344
-0.154091
-0.151706
-0.14918
-0.146505
-0.143674
-0.140682
-0.137524
-0.134203
-0.130721
-0.127088
-0.12332
-0.119437
-0.115465
-0.111437
-0.10739
-0.103364
-0.0994038
-0.0955518
-0.0918511
-0.0883414
-0.0850575
-0.0820281
-0.0792743
-0.0768094
-0.0746384
-0.0727581
-0.0711582
-0.0698221
-0.0687282
-0.0678513
-0.0671641
-0.0666385
-0.0662467
-0.0659624
-0.0657612
-0.0656211
-0.065523
-0.0654505
-0.0653899
-0.0653302
-0.0652624
-0.0651797
-0.0650769
-0.0649502
-0.0647969
-0.0646152
-0.0644041
-0.0641629
-0.0638917
-0.0635903
-0.0632592
-0.0628986
-0.0625092
-0.0620914
-0.0616461
-0.0611736
-0.0606744
-0.060149
-0.0595981
-0.0590222
-0.0584217
-0.0577972
-0.0571491
-0.0564778
-0.0557838
-0.0550675
-0.0543295
-0.05357
-0.0527897
-0.0519888
-0.051168
-0.0503276
-0.0494682
-0.0485902
-0.0476943
-0.0467808
-0.0458504
-0.0449036
-0.0439411
-0.0429634
-0.0419712
-0.0409651
-0.0399458
-0.038914
-0.0378703
-0.0368156
-0.0357506
-0.0346761
-0.0335928
-0.0325016
-0.0314033
-0.0302988
-0.029189
-0.0280747
-0.0269569
-0.0258366
-0.0247146
-0.0235919
-0.0224695
-0.0213484
-0.0202295
-0.0191138
-0.0180022
-0.0168957
-0.0157952
-0.0147017
-0.0136159
-0.0125389
-0.0114714
-0.010414
-0.00936761
-0.00833269
-0.00730973
-0.00629915
-0.00530101
-0.00431574
-0.00334274
-0.00238125
-0.00143826
-0.000439539
-0.206616
-0.203066
-0.201736
-0.201821
-0.201818
-0.201713
-0.201694
-0.201722
-0.201744
-0.20175
-0.20175
-0.201744
-0.201729
-0.201703
-0.201666
-0.201619
-0.201559
-0.201487
-0.201402
-0.201303
-0.201192
-0.201066
-0.200926
-0.200772
-0.200603
-0.20042
-0.200221
-0.200007
-0.199777
-0.199532
-0.19927
-0.198993
-0.198699
-0.198388
-0.198061
-0.197716
-0.197355
-0.196976
-0.196579
-0.196164
-0.195731
-0.195279
-0.194808
-0.194317
-0.193807
-0.193276
-0.192725
-0.192152
-0.191558
-0.19094
-0.1903
-0.189635
-0.188945
-0.188229
-0.187486
-0.186715
-0.185914
-0.185083
-0.184219
-0.183321
-0.182387
-0.181415
-0.180403
-0.179349
-0.178249
-0.177102
-0.175904
-0.174651
-0.17334
-0.171968
-0.17053
-0.169022
-0.16744
-0.165778
-0.164033
-0.162198
-0.160268
-0.158237
-0.156099
-0.153848
-0.151478
-0.148983
-0.146357
-0.143594
-0.140693
-0.137651
-0.134469
-0.131152
-0.127708
-0.12415
-0.120497
-0.11677
-0.112997
-0.10921
-0.105444
-0.101736
-0.0981249
-0.0946477
-0.0913398
-0.0882323
-0.0853513
-0.0827164
-0.0803403
-0.0782283
-0.0763784
-0.0747823
-0.0734255
-0.0722893
-0.0713513
-0.0705871
-0.0699716
-0.0694798
-0.0690878
-0.0687736
-0.0685174
-0.0683019
-0.0681123
-0.0679362
-0.0677638
-0.067587
-0.0673997
-0.0671971
-0.0669759
-0.0667335
-0.0664685
-0.0661796
-0.0658664
-0.0655286
-0.065166
-0.0647789
-0.0643675
-0.0639319
-0.0634726
-0.0629899
-0.0624841
-0.0619554
-0.0614042
-0.0608307
-0.0602352
-0.0596181
-0.0589797
-0.0583201
-0.0576396
-0.0569385
-0.056217
-0.0554755
-0.0547141
-0.0539332
-0.0531331
-0.052314
-0.0514764
-0.0506206
-0.049747
-0.0488559
-0.0479477
-0.047023
-0.0460821
-0.0451256
-0.044154
-0.0431677
-0.0421675
-0.0411537
-0.0401272
-0.0390884
-0.038038
-0.0369768
-0.0359055
-0.0348247
-0.0337353
-0.032638
-0.0315337
-0.0304232
-0.0293073
-0.028187
-0.0270631
-0.0259366
-0.0248085
-0.0236796
-0.022551
-0.0214237
-0.0202986
-0.0191768
-0.0180593
-0.0169469
-0.0158408
-0.0147418
-0.013651
-0.0125692
-0.0114973
-0.0104361
-0.00938632
-0.00834872
-0.00732388
-0.00631218
-0.00531432
-0.00432925
-0.00336276
-0.00239222
-0.00149971
-0.000299014
-0.20575
-0.203263
-0.201812
-0.201706
-0.201729
-0.201632
-0.201592
-0.201618
-0.201649
-0.201664
-0.201671
-0.201671
-0.201662
-0.201642
-0.201609
-0.201565
-0.201508
-0.201438
-0.201354
-0.201257
-0.201145
-0.201019
-0.200879
-0.200723
-0.200552
-0.200365
-0.200163
-0.199945
-0.199711
-0.199461
-0.199194
-0.19891
-0.198609
-0.198291
-0.197956
-0.197602
-0.197231
-0.196841
-0.196433
-0.196006
-0.195559
-0.195092
-0.194605
-0.194098
-0.193569
-0.193018
-0.192445
-0.191848
-0.191228
-0.190582
-0.189911
-0.189214
-0.188489
-0.187735
-0.186951
-0.186135
-0.185287
-0.184404
-0.183485
-0.182528
-0.181531
-0.180491
-0.179407
-0.178276
-0.177094
-0.17586
-0.174569
-0.17322
-0.171807
-0.170328
-0.168779
-0.167156
-0.165455
-0.163672
-0.161801
-0.159841
-0.157785
-0.155629
-0.15337
-0.151003
-0.148524
-0.145929
-0.143217
-0.140386
-0.137436
-0.134369
-0.13119
-0.127908
-0.124533
-0.121082
-0.117574
-0.114032
-0.110484
-0.10696
-0.103492
-0.100113
-0.0968544
-0.0937476
-0.0908199
-0.0880943
-0.0855883
-0.0833135
-0.0812749
-0.0794714
-0.0778957
-0.0765357
-0.0753748
-0.0743932
-0.0735696
-0.0728814
-0.0723064
-0.0718234
-0.0714126
-0.0710565
-0.0707395
-0.0704485
-0.0701725
-0.0699027
-0.0696318
-0.0693545
-0.0690664
-0.0687646
-0.0684467
-0.0681112
-0.0677571
-0.0673837
-0.0669906
-0.0665776
-0.0661447
-0.0656918
-0.0652191
-0.0647266
-0.0642142
-0.0636823
-0.0631309
-0.06256
-0.0619697
-0.0613601
-0.0607312
-0.0600833
-0.0594163
-0.0587304
-0.0580257
-0.0573022
-0.0565601
-0.0557995
-0.0550206
-0.0542235
-0.0534085
-0.0525757
-0.0517254
-0.0508579
-0.0499734
-0.0490723
-0.0481549
-0.0472216
-0.0462727
-0.0453087
-0.0443301
-0.0433373
-0.0423307
-0.0413111
-0.0402789
-0.0392346
-0.038179
-0.0371127
-0.0360363
-0.0349506
-0.0338562
-0.032754
-0.0316448
-0.0305293
-0.0294084
-0.028283
-0.027154
-0.0260223
-0.024889
-0.0237548
-0.0226209
-0.0214883
-0.0203578
-0.0192307
-0.0181079
-0.0169904
-0.0158792
-0.0147754
-0.01368
-0.0125938
-0.0115179
-0.0104532
-0.00940043
-0.00836039
-0.00733381
-0.00632109
-0.00532349
-0.00433859
-0.00337788
-0.00239921
-0.00155137
-0.000173419
-0.204659
-0.203038
-0.201741
-0.201521
-0.20157
-0.201516
-0.201476
-0.201501
-0.201543
-0.201571
-0.201587
-0.201596
-0.201594
-0.20158
-0.201554
-0.201514
-0.20146
-0.201392
-0.201309
-0.201212
-0.2011
-0.200972
-0.200829
-0.200671
-0.200496
-0.200305
-0.200098
-0.199874
-0.199633
-0.199376
-0.199101
-0.198809
-0.198498
-0.19817
-0.197824
-0.197458
-0.197074
-0.196671
-0.196247
-0.195804
-0.195339
-0.194854
-0.194347
-0.193817
-0.193264
-0.192688
-0.192087
-0.191461
-0.190808
-0.190129
-0.189421
-0.188683
-0.187915
-0.187115
-0.186282
-0.185414
-0.184509
-0.183565
-0.182581
-0.181555
-0.180484
-0.179367
-0.178199
-0.17698
-0.175706
-0.174375
-0.172982
-0.171526
-0.170003
-0.168409
-0.166741
-0.164996
-0.163171
-0.161262
-0.159266
-0.15718
-0.155001
-0.152726
-0.150354
-0.147881
-0.145307
-0.142631
-0.139854
-0.136977
-0.134004
-0.13094
-0.127794
-0.124576
-0.121301
-0.117986
-0.11465
-0.111318
-0.108015
-0.104768
-0.101605
-0.0985532
-0.0956396
-0.0928873
-0.0903161
-0.0879412
-0.0857726
-0.0838149
-0.082067
-0.0805228
-0.0791716
-0.0779989
-0.0769875
-0.0761184
-0.0753719
-0.0747284
-0.0741691
-0.0736768
-0.0732357
-0.0728323
-0.072455
-0.072094
-0.0717415
-0.0713913
-0.0710384
-0.070679
-0.0703103
-0.0699303
-0.0695373
-0.0691303
-0.0687086
-0.0682715
-0.0678188
-0.0673501
-0.0668653
-0.0663643
-0.0658469
-0.065313
-0.0647623
-0.0641948
-0.0636105
-0.0630093
-0.062391
-0.0617554
-0.0611026
-0.0604326
-0.0597452
-0.0590405
-0.0583183
-0.0575787
-0.0568218
-0.0560475
-0.0552559
-0.0544472
-0.0536214
-0.0527787
-0.0519192
-0.0510432
-0.0501508
-0.0492424
-0.0483182
-0.0473786
-0.0464239
-0.0454544
-0.0444706
-0.0434729
-0.0424618
-0.0414377
-0.0404012
-0.0393529
-0.0382933
-0.037223
-0.0361428
-0.0350532
-0.033955
-0.0328489
-0.0317358
-0.0306163
-0.0294914
-0.028362
-0.0272288
-0.0260929
-0.0249552
-0.0238166
-0.0226783
-0.0215411
-0.0204062
-0.0192745
-0.0181471
-0.0170252
-0.0159096
-0.0148016
-0.0137021
-0.0126121
-0.0115327
-0.0104648
-0.00940935
-0.0083671
-0.00733896
-0.0063253
-0.00532787
-0.00434309
-0.00338711
-0.0024016
-0.00159024
-6.8783e-05
-0.203407
-0.202483
-0.201495
-0.201251
-0.201317
-0.201321
-0.201307
-0.201343
-0.201403
-0.201451
-0.201484
-0.201505
-0.201515
-0.201512
-0.201493
-0.201459
-0.201409
-0.201344
-0.201263
-0.201166
-0.201053
-0.200923
-0.200777
-0.200614
-0.200434
-0.200237
-0.200023
-0.199792
-0.199543
-0.199276
-0.198991
-0.198687
-0.198365
-0.198024
-0.197664
-0.197283
-0.196883
-0.196462
-0.19602
-0.195557
-0.195071
-0.194562
-0.19403
-0.193474
-0.192893
-0.192286
-0.191652
-0.190991
-0.190301
-0.189581
-0.188829
-0.188046
-0.187228
-0.186375
-0.185485
-0.184556
-0.183586
-0.182574
-0.181517
-0.180414
-0.179261
-0.178057
-0.176799
-0.175485
-0.174111
-0.172675
-0.171174
-0.169605
-0.167966
-0.166253
-0.164464
-0.162596
-0.160647
-0.158615
-0.156497
-0.154292
-0.151999
-0.149616
-0.147144
-0.144582
-0.141933
-0.139197
-0.136379
-0.133483
-0.130515
-0.127483
-0.124399
-0.121275
-0.118127
-0.114971
-0.11183
-0.108723
-0.105674
-0.102708
-0.0998461
-0.0971116
-0.0945238
-0.0920994
-0.0898511
-0.0877872
-0.0859114
-0.0842225
-0.0827152
-0.0813798
-0.0802039
-0.0791722
-0.0782683
-0.077475
-0.076775
-0.0761522
-0.0755912
-0.0750785
-0.0746023
-0.0741523
-0.0737201
-0.0732988
-0.0728827
-0.0724676
-0.0720499
-0.0716271
-0.0711971
-0.0707585
-0.07031
-0.0698508
-0.0693802
-0.0688975
-0.0684024
-0.0678945
-0.0673734
-0.0668387
-0.0662902
-0.0657277
-0.0651506
-0.0645584
-0.0639516
-0.0633296
-0.0626921
-0.0620388
-0.0613696
-0.0606845
-0.0599831
-0.0592654
-0.0585313
-0.0577807
-0.0570136
-0.0562299
-0.0554296
-0.0546128
-0.0537796
-0.05293
-0.0520641
-0.0511822
-0.0502844
-0.0493709
-0.048442
-0.047498
-0.0465391
-0.0455658
-0.0445783
-0.0435771
-0.0425627
-0.0415355
-0.0404959
-0.0394446
-0.0383821
-0.037309
-0.0362259
-0.0351334
-0.0340323
-0.0329233
-0.0318072
-0.0306847
-0.0295566
-0.0284239
-0.0272875
-0.0261482
-0.025007
-0.0238649
-0.0227229
-0.021582
-0.0204433
-0.0193078
-0.0181767
-0.0170509
-0.0159317
-0.01482
-0.0137171
-0.0126238
-0.0115413
-0.0104707
-0.00941277
-0.00836857
-0.00733901
-0.0063245
-0.00532712
-0.00434242
-0.00338994
-0.00239924
-0.00161476
1.0897e-05
-0.202078
-0.201699
-0.201062
-0.200873
-0.200965
-0.201037
-0.201074
-0.201139
-0.201224
-0.201299
-0.201356
-0.201396
-0.201422
-0.201432
-0.201424
-0.201398
-0.201354
-0.201293
-0.201214
-0.201117
-0.201003
-0.200871
-0.200721
-0.200553
-0.200367
-0.200163
-0.19994
-0.199699
-0.19944
-0.199162
-0.198864
-0.198548
-0.198211
-0.197855
-0.197477
-0.19708
-0.19666
-0.196219
-0.195755
-0.195268
-0.194758
-0.194223
-0.193662
-0.193076
-0.192462
-0.19182
-0.191149
-0.190448
-0.189715
-0.188949
-0.18815
-0.187314
-0.186441
-0.185529
-0.184577
-0.183582
-0.182542
-0.181455
-0.18032
-0.179133
-0.177894
-0.176598
-0.175244
-0.17383
-0.172352
-0.170808
-0.169196
-0.167514
-0.165758
-0.163927
-0.162019
-0.160033
-0.157965
-0.155817
-0.153587
-0.151275
-0.148881
-0.146406
-0.143853
-0.141224
-0.138521
-0.135751
-0.132918
-0.130029
-0.127094
-0.124122
-0.121126
-0.11812
-0.11512
-0.112143
-0.109207
-0.106333
-0.103539
-0.100846
-0.0982724
-0.0958332
-0.0935425
-0.0914107
-0.0894442
-0.0876458
-0.086014
-0.0845438
-0.0832268
-0.0820519
-0.0810059
-0.0800745
-0.0792427
-0.0784957
-0.0778194
-0.0772006
-0.0766277
-0.0760902
-0.0755795
-0.075088
-0.0746097
-0.0741397
-0.0736739
-0.0732093
-0.0727434
-0.0722741
-0.0718
-0.0713197
-0.0708323
-0.0703368
-0.0698325
-0.0693188
-0.0687951
-0.0682607
-0.0677153
-0.0671583
-0.0665892
-0.0660078
-0.0654135
-0.0648049
-0.0641833
-0.0635478
-0.0628977
-0.0622329
-0.0615531
-0.060858
-0.0601476
-0.0594215
-0.0586796
-0.0579218
-0.057148
-0.0563581
-0.0555521
-0.05473
-0.0538919
-0.0530377
-0.0521677
-0.0512818
-0.0503804
-0.0494635
-0.0485315
-0.0475845
-0.0466229
-0.0456469
-0.044657
-0.0436534
-0.0426367
-0.0416073
-0.0405657
-0.0395123
-0.0384477
-0.0373726
-0.0362874
-0.0351929
-0.0340897
-0.0329785
-0.0318601
-0.0307353
-0.0296049
-0.0284697
-0.0273307
-0.0261888
-0.0250448
-0.0238999
-0.022755
-0.0216112
-0.0204694
-0.0193309
-0.0181966
-0.0170678
-0.0159455
-0.0148308
-0.0137248
-0.0126288
-0.0115437
-0.0104706
-0.00941069
-0.00836477
-0.00733395
-0.00631866
-0.00532123
-0.00433657
-0.0033864
-0.00239237
-0.00162482
6.39216e-05
-0.200714
-0.200751
-0.200456
-0.200385
-0.200529
-0.200677
-0.200782
-0.200891
-0.201012
-0.201121
-0.201207
-0.201272
-0.201318
-0.201343
-0.201348
-0.201333
-0.201296
-0.20124
-0.201164
-0.201068
-0.200952
-0.200817
-0.200662
-0.200489
-0.200295
-0.200083
-0.199851
-0.199599
-0.199328
-0.199037
-0.198725
-0.198393
-0.19804
-0.197666
-0.197271
-0.196853
-0.196412
-0.195948
-0.19546
-0.194948
-0.194409
-0.193845
-0.193253
-0.192633
-0.191984
-0.191304
-0.190592
-0.189848
-0.189069
-0.188255
-0.187403
-0.186512
-0.18558
-0.184606
-0.183587
-0.182523
-0.181409
-0.180245
-0.179028
-0.177756
-0.176427
-0.175038
-0.173587
-0.172072
-0.170491
-0.168841
-0.16712
-0.165326
-0.163459
-0.161516
-0.159496
-0.157398
-0.155224
-0.152972
-0.150643
-0.148239
-0.145763
-0.143216
-0.140604
-0.137929
-0.135198
-0.132418
-0.129596
-0.126741
-0.123863
-0.120975
-0.118088
-0.115218
-0.11238
-0.10959
-0.106864
-0.104219
-0.101671
-0.0992355
-0.0969251
-0.0947508
-0.0927207
-0.0908397
-0.0891094
-0.0875281
-0.086091
-0.0847906
-0.0836171
-0.082559
-0.081604
-0.0807391
-0.0799517
-0.0792295
-0.0785613
-0.0779371
-0.0773479
-0.076786
-0.076245
-0.0757196
-0.0752052
-0.0746983
-0.074196
-0.0736958
-0.0731957
-0.0726942
-0.0721898
-0.0716814
-0.071168
-0.0706485
-0.0701222
-0.0695884
-0.0690461
-0.0684949
-0.067934
-0.0673628
-0.0667807
-0.0661874
-0.0655826
-0.0649638
-0.0643329
-0.0636888
-0.063031
-0.0623589
-0.0616725
-0.0609713
-0.0602552
-0.0595239
-0.0587772
-0.0580149
-0.0572369
-0.0564432
-0.0556337
-0.0548083
-0.0539671
-0.0531101
-0.0522373
-0.051349
-0.0504453
-0.0495263
-0.0485922
-0.0476434
-0.04668
-0.0457023
-0.0447108
-0.0437057
-0.0426876
-0.0416567
-0.0406137
-0.0395589
-0.0384929
-0.0374164
-0.0363298
-0.0352338
-0.0341291
-0.0330164
-0.0318964
-0.0307699
-0.0296377
-0.0285007
-0.0273598
-0.0262158
-0.0250698
-0.0239227
-0.0227755
-0.0216293
-0.0204852
-0.0193442
-0.0182075
-0.0170761
-0.0159513
-0.0148341
-0.0137258
-0.0126274
-0.0115401
-0.010465
-0.00940332
-0.00835593
-0.007324
-0.00630801
-0.00531042
-0.00432584
-0.00337689
-0.00238157
-0.00162158
9.08324e-05
-0.199347
-0.199706
-0.199721
-0.199806
-0.200029
-0.200259
-0.200443
-0.20061
-0.200774
-0.200922
-0.201043
-0.201136
-0.201206
-0.201251
-0.201271
-0.201267
-0.201239
-0.201188
-0.201115
-0.201019
-0.200902
-0.200764
-0.200604
-0.200424
-0.200223
-0.200001
-0.199758
-0.199495
-0.199211
-0.198905
-0.198579
-0.19823
-0.19786
-0.197467
-0.197051
-0.196612
-0.196148
-0.19566
-0.195146
-0.194606
-0.194039
-0.193443
-0.192818
-0.192163
-0.191476
-0.190756
-0.190003
-0.189213
-0.188387
-0.187522
-0.186616
-0.185669
-0.184677
-0.183639
-0.182554
-0.181419
-0.180231
-0.178989
-0.177691
-0.176335
-0.174917
-0.173437
-0.171892
-0.17028
-0.168599
-0.166847
-0.165023
-0.163127
-0.161156
-0.15911
-0.156989
-0.154795
-0.152527
-0.150187
-0.147777
-0.145301
-0.142762
-0.140165
-0.137515
-0.134819
-0.132084
-0.129317
-0.126529
-0.12373
-0.12093
-0.118143
-0.115381
-0.112657
-0.109986
-0.107383
-0.10486
-0.102432
-0.100111
-0.0979067
-0.0958283
-0.0938816
-0.0920703
-0.090395
-0.0888538
-0.0874419
-0.0861526
-0.0849774
-0.0839062
-0.0829283
-0.0820328
-0.0812087
-0.0804455
-0.0797338
-0.0790648
-0.0784307
-0.077825
-0.077242
-0.0766768
-0.0761255
-0.0755846
-0.0750514
-0.0745235
-0.0739989
-0.073476
-0.0729531
-0.072429
-0.0719024
-0.0713723
-0.0708377
-0.0702977
-0.0697512
-0.0691976
-0.068636
-0.0680657
-0.0674859
-0.066896
-0.0662953
-0.0656829
-0.0650598
-0.0644232
-0.0637738
-0.0631113
-0.0624351
-0.0617448
-0.06104
-0.0603205
-0.0595861
-0.0588365
-0.0580716
-0.0572912
-0.0564952
-0.0556835
-0.0548562
-0.0540131
-0.0531544
-0.0522802
-0.0513904
-0.0504853
-0.049565
-0.0486297
-0.0476797
-0.0467152
-0.0457365
-0.044744
-0.043738
-0.0427189
-0.0416872
-0.0406432
-0.0395876
-0.0385207
-0.0374432
-0.0363556
-0.0352586
-0.0341529
-0.0330391
-0.031918
-0.0307903
-0.0296569
-0.0285185
-0.0273762
-0.0262308
-0.0250832
-0.0239344
-0.0227855
-0.0216376
-0.0204916
-0.0193487
-0.01821
-0.0170767
-0.0159498
-0.0148307
-0.0137204
-0.0126201
-0.011531
-0.0104543
-0.00939108
-0.00834243
-0.00730954
-0.00629294
-0.00529512
-0.00431072
-0.00336213
-0.00236757
-0.00160714
9.40834e-05
-0.198008
-0.198621
-0.198907
-0.199164
-0.199486
-0.199804
-0.200072
-0.200306
-0.200522
-0.200714
-0.200872
-0.200998
-0.201093
-0.201158
-0.201195
-0.201203
-0.201185
-0.20114
-0.20107
-0.200975
-0.200857
-0.200715
-0.20055
-0.200363
-0.200153
-0.199921
-0.199668
-0.199392
-0.199094
-0.198774
-0.198431
-0.198065
-0.197677
-0.197264
-0.196828
-0.196366
-0.195879
-0.195366
-0.194826
-0.194258
-0.193661
-0.193033
-0.192375
-0.191684
-0.19096
-0.1902
-0.189404
-0.18857
-0.187696
-0.186781
-0.185822
-0.184819
-0.183768
-0.182668
-0.181518
-0.180314
-0.179055
-0.177738
-0.176363
-0.174925
-0.173424
-0.171858
-0.170225
-0.168522
-0.16675
-0.164906
-0.162989
-0.161
-0.158938
-0.156803
-0.154597
-0.152321
-0.149976
-0.147567
-0.145096
-0.142568
-0.139988
-0.137362
-0.134697
-0.132001
-0.129282
-0.126551
-0.123816
-0.121089
-0.118381
-0.115705
-0.113073
-0.110497
-0.107991
-0.105564
-0.10323
-0.100998
-0.0988755
-0.0968702
-0.0949863
-0.0932262
-0.0915899
-0.0900751
-0.0886774
-0.0873908
-0.0862076
-0.0851193
-0.0841165
-0.08319
-0.0823303
-0.0815285
-0.0807764
-0.0800666
-0.0793922
-0.0787475
-0.0781275
-0.0775276
-0.0769443
-0.0763743
-0.0758149
-0.0752638
-0.0747189
-0.0741783
-0.0736406
-0.0731041
-0.0725675
-0.0720297
-0.0714894
-0.0709455
-0.0703971
-0.0698431
-0.0692826
-0.0687149
-0.068139
-0.0675541
-0.0669596
-0.0663548
-0.0657389
-0.0651118
-0.0644725
-0.0638201
-0.0631548
-0.0624762
-0.0617836
-0.0610768
-0.0603554
-0.0596192
-0.058868
-0.0581016
-0.0573198
-0.0565225
-0.0557097
-0.0548812
-0.0540371
-0.0531775
-0.0523023
-0.0514117
-0.0505058
-0.0495848
-0.0486488
-0.0476982
-0.046733
-0.0457538
-0.0447607
-0.0437541
-0.0427345
-0.0417022
-0.0406576
-0.0396014
-0.0385339
-0.0374558
-0.0363677
-0.03527
-0.0341636
-0.0330491
-0.0319271
-0.0307986
-0.0296643
-0.028525
-0.0273817
-0.0262352
-0.0250864
-0.0239365
-0.0227863
-0.021637
-0.0204896
-0.0193453
-0.0182051
-0.0170703
-0.0159419
-0.0148212
-0.0137094
-0.0126076
-0.011517
-0.010439
-0.00937452
-0.00832483
-0.00729112
-0.006274
-0.00527593
-0.00429182
-0.00334298
-0.00235113
-0.0015841
7.75459e-05
-0.196731
-0.197546
-0.198063
-0.198492
-0.198925
-0.199336
-0.19969
-0.199995
-0.200267
-0.200505
-0.200703
-0.200862
-0.200984
-0.201071
-0.201125
-0.201147
-0.201137
-0.201099
-0.201032
-0.200938
-0.200818
-0.200672
-0.200502
-0.200308
-0.200089
-0.199848
-0.199583
-0.199294
-0.198983
-0.198648
-0.198289
-0.197906
-0.197499
-0.197067
-0.19661
-0.196127
-0.195617
-0.195079
-0.194513
-0.193917
-0.193291
-0.192633
-0.191942
-0.191217
-0.190456
-0.189658
-0.188822
-0.187944
-0.187025
-0.186062
-0.185053
-0.183997
-0.18289
-0.181732
-0.180521
-0.179253
-0.177928
-0.176542
-0.175095
-0.173584
-0.172008
-0.170364
-0.168652
-0.166869
-0.165016
-0.163092
-0.161096
-0.159028
-0.15689
-0.154682
-0.152407
-0.150067
-0.147665
-0.145205
-0.142692
-0.140132
-0.137531
-0.134897
-0.132236
-0.129559
-0.126875
-0.124193
-0.121524
-0.118879
-0.11627
-0.113708
-0.111204
-0.10877
-0.106414
-0.104148
-0.101979
-0.0999135
-0.0979576
-0.0961143
-0.0943853
-0.0927698
-0.0912657
-0.089869
-0.088574
-0.0873743
-0.0862623
-0.0852302
-0.0842698
-0.0833732
-0.0825327
-0.0817412
-0.0809922
-0.0802797
-0.0795986
-0.0789442
-0.0783126
-0.0777001
-0.0771038
-0.0765209
-0.0759491
-0.0753861
-0.0748301
-0.0742794
-0.0737322
-0.0731873
-0.072643
-0.0720982
-0.0715516
-0.0710022
-0.0704487
-0.0698902
-0.0693257
-0.0687543
-0.0681751
-0.0675873
-0.0669901
-0.0663829
-0.0657649
-0.0651355
-0.0644941
-0.0638406
-0.0631737
-0.0624936
-0.0617997
-0.0610917
-0.0603693
-0.0596321
-0.05888
-0.0581128
-0.0573302
-0.0565322
-0.0557187
-0.0548896
-0.054045
-0.0531848
-0.0523091
-0.051418
-0.0505117
-0.0495902
-0.0486539
-0.0477029
-0.0467374
-0.0457578
-0.0447644
-0.0437575
-0.0427375
-0.0417048
-0.04066
-0.0396034
-0.0385356
-0.0374571
-0.0363685
-0.0352704
-0.0341635
-0.0330485
-0.031926
-0.030797
-0.029662
-0.0285221
-0.027378
-0.0262308
-0.0250812
-0.0239304
-0.0227793
-0.0216291
-0.0204807
-0.0193353
-0.018194
-0.017058
-0.0159284
-0.0148066
-0.0136935
-0.0125906
-0.0114989
-0.0104198
-0.00935433
-0.00830379
-0.00726939
-0.00625183
-0.00525351
-0.00426984
-0.00332039
-0.00233294
-0.00155512
4.59673e-05
-0.195544
-0.196522
-0.197234
-0.197824
-0.198372
-0.198876
-0.199315
-0.199693
-0.200022
-0.200307
-0.200545
-0.200737
-0.200886
-0.200995
-0.201065
-0.2011
-0.201099
-0.201067
-0.201003
-0.200909
-0.200788
-0.200639
-0.200463
-0.200262
-0.200035
-0.199783
-0.199507
-0.199207
-0.198882
-0.198532
-0.198158
-0.197759
-0.197335
-0.196884
-0.196408
-0.195904
-0.195372
-0.194811
-0.19422
-0.193599
-0.192946
-0.192259
-0.191538
-0.190781
-0.189986
-0.189153
-0.188278
-0.187362
-0.186401
-0.185394
-0.18434
-0.183235
-0.182079
-0.180868
-0.179602
-0.178278
-0.176893
-0.175447
-0.173938
-0.172363
-0.170721
-0.16901
-0.167231
-0.165381
-0.163461
-0.161471
-0.15941
-0.15728
-0.155082
-0.152818
-0.150491
-0.148105
-0.145664
-0.143173
-0.140637
-0.138063
-0.135459
-0.132832
-0.130192
-0.127548
-0.124909
-0.122286
-0.119689
-0.11713
-0.114618
-0.112165
-0.109779
-0.10747
-0.105247
-0.103116
-0.101083
-0.0991531
-0.097328
-0.095609
-0.0939956
-0.0924853
-0.0910748
-0.0897591
-0.0885325
-0.0873886
-0.0863206
-0.0853217
-0.0843848
-0.0835034
-0.0826713
-0.0818826
-0.0811322
-0.0804151
-0.0797273
-0.0790648
-0.0784243
-0.0778027
-0.0771973
-0.0766056
-0.0760254
-0.0754546
-0.0748915
-0.0743342
-0.0737811
-0.0732307
-0.0726816
-0.0721325
-0.071582
-0.071029
-0.0704724
-0.0699111
-0.0693441
-0.0687704
-0.0681891
-0.0675995
-0.0670006
-0.0663919
-0.0657725
-0.0651419
-0.0644994
-0.0638444
-0.0631769
-0.0624961
-0.0618013
-0.0610926
-0.0603695
-0.0596317
-0.058879
-0.0581112
-0.0573282
-0.0565298
-0.0557158
-0.0548864
-0.0540414
-0.0531809
-0.0523049
-0.0514136
-0.050507
-0.0495853
-0.0486487
-0.0476974
-0.0467317
-0.0457519
-0.0447583
-0.0437512
-0.042731
-0.0416981
-0.040653
-0.0395962
-0.0385282
-0.0374494
-0.0363605
-0.0352622
-0.034155
-0.0330396
-0.0319168
-0.0307873
-0.029652
-0.0285116
-0.0273671
-0.0262193
-0.0250691
-0.0239177
-0.022766
-0.0216151
-0.0204659
-0.0193198
-0.0181777
-0.0170409
-0.0159105
-0.0147877
-0.0136738
-0.01257
-0.0114774
-0.0103975
-0.00933126
-0.00828004
-0.00724507
-0.00622717
-0.0052286
-0.00424551
-0.00329527
-0.00231358
-0.00152262
4.48368e-06
-0.194476
-0.195586
-0.19646
-0.197194
-0.197854
-0.198447
-0.198966
-0.199413
-0.199799
-0.20013
-0.200406
-0.20063
-0.200804
-0.200933
-0.201019
-0.201065
-0.201073
-0.201046
-0.200985
-0.200892
-0.200768
-0.200615
-0.200435
-0.200226
-0.199992
-0.199731
-0.199445
-0.199133
-0.198795
-0.198433
-0.198045
-0.19763
-0.19719
-0.196723
-0.196228
-0.195705
-0.195154
-0.194572
-0.19396
-0.193315
-0.192637
-0.191925
-0.191177
-0.190392
-0.189567
-0.188702
-0.187795
-0.186844
-0.185848
-0.184803
-0.183709
-0.182563
-0.181363
-0.180108
-0.178795
-0.177423
-0.175989
-0.174492
-0.172931
-0.171303
-0.169607
-0.167843
-0.16601
-0.164107
-0.162134
-0.160092
-0.157982
-0.155806
-0.153565
-0.151262
-0.148901
-0.146486
-0.144023
-0.141516
-0.138973
-0.1364
-0.133807
-0.1312
-0.12859
-0.125987
-0.123399
-0.120838
-0.118312
-0.115834
-0.113411
-0.111053
-0.108769
-0.106566
-0.10445
-0.102426
-0.100499
-0.0986705
-0.0969413
-0.0953109
-0.0937776
-0.0923382
-0.0909886
-0.0897239
-0.0885388
-0.0874274
-0.0863837
-0.0854017
-0.0844757
-0.0836001
-0.0827698
-0.0819798
-0.0812258
-0.0805037
-0.0798098
-0.0791407
-0.0784934
-0.077865
-0.0772532
-0.0766554
-0.0760695
-0.0754935
-0.0749255
-0.0743638
-0.0738068
-0.0732528
-0.0727005
-0.0721485
-0.0715954
-0.07104
-0.0704813
-0.069918
-0.0693492
-0.0687739
-0.0681912
-0.0676002
-0.0670002
-0.0663903
-0.0657699
-0.0651384
-0.0644951
-0.0638395
-0.0631711
-0.0624893
-0.0617942
-0.061085
-0.0603614
-0.0596231
-0.05887
-0.0581018
-0.0573184
-0.0565197
-0.0557054
-0.0548757
-0.0540304
-0.0531697
-0.0522935
-0.0514019
-0.0504951
-0.0495732
-0.0486365
-0.047685
-0.0467192
-0.0457392
-0.0447454
-0.0437381
-0.0427178
-0.0416847
-0.0406395
-0.0395825
-0.0385142
-0.0374353
-0.0363462
-0.0352476
-0.0341402
-0.0330246
-0.0319015
-0.0307718
-0.0296362
-0.0284954
-0.0273506
-0.0262024
-0.0250519
-0.0239001
-0.0227479
-0.0215965
-0.0204469
-0.0193002
-0.0181575
-0.0170201
-0.0158891
-0.0147657
-0.0136512
-0.0125467
-0.0114536
-0.0103729
-0.00930616
-0.0082544
-0.00721898
-0.00620081
-0.00520203
-0.00421958
-0.00326849
-0.00229348
-0.00148856
-4.17601e-05
-0.193549
-0.194766
-0.195772
-0.196631
-0.197392
-0.198069
-0.19866
-0.19917
-0.199608
-0.199981
-0.200291
-0.200544
-0.200741
-0.200888
-0.200988
-0.201045
-0.20106
-0.201037
-0.200978
-0.200885
-0.20076
-0.200604
-0.200418
-0.200204
-0.199962
-0.199693
-0.199397
-0.199075
-0.198727
-0.198352
-0.197952
-0.197524
-0.19707
-0.196588
-0.196078
-0.195539
-0.19497
-0.194371
-0.19374
-0.193076
-0.192377
-0.191644
-0.190873
-0.190064
-0.189214
-0.188323
-0.187389
-0.18641
-0.185383
-0.184307
-0.18318
-0.182001
-0.180766
-0.179475
-0.178125
-0.176715
-0.175242
-0.173705
-0.172103
-0.170434
-0.168697
-0.166892
-0.165019
-0.163076
-0.161066
-0.158987
-0.156843
-0.154635
-0.152366
-0.15004
-0.147659
-0.14523
-0.142758
-0.140249
-0.137711
-0.13515
-0.132576
-0.129996
-0.127421
-0.124861
-0.122323
-0.11982
-0.117359
-0.11495
-0.112602
-0.110323
-0.108119
-0.105998
-0.103963
-0.102018
-0.100166
-0.0984079
-0.0967432
-0.0951707
-0.0936879
-0.0922916
-0.0909778
-0.0897418
-0.0885787
-0.0874833
-0.0864506
-0.0854752
-0.0845522
-0.0836769
-0.0828447
-0.0820513
-0.0812929
-0.0805658
-0.0798665
-0.0791921
-0.0785395
-0.0779061
-0.0772895
-0.0766872
-0.0760972
-0.0755175
-0.0749461
-0.0743813
-0.0738214
-0.0732649
-0.0727102
-0.072156
-0.0716009
-0.0710438
-0.0704834
-0.0699186
-0.0693484
-0.0687718
-0.0681879
-0.0675958
-0.0669948
-0.066384
-0.0657627
-0.0651303
-0.0644863
-0.06383
-0.063161
-0.0624787
-0.0617829
-0.0610731
-0.060349
-0.0596104
-0.0588569
-0.0580883
-0.0573045
-0.0565055
-0.0556909
-0.0548609
-0.0540153
-0.0531543
-0.0522779
-0.0513861
-0.0504791
-0.049557
-0.04862
-0.0476684
-0.0467024
-0.0457222
-0.0447282
-0.0437208
-0.0427003
-0.0416671
-0.0406216
-0.0395645
-0.038496
-0.0374169
-0.0363277
-0.0352289
-0.0341213
-0.0330055
-0.0318822
-0.0307523
-0.0296164
-0.0284755
-0.0273303
-0.0261819
-0.0250311
-0.023879
-0.0227266
-0.0215748
-0.0204248
-0.0192778
-0.0181348
-0.016997
-0.0158655
-0.0147417
-0.0136267
-0.0125218
-0.0114282
-0.0103471
-0.0092799
-0.00822775
-0.00719198
-0.00617359
-0.0051746
-0.00419282
-0.00324085
-0.00227296
-0.00145434
-8.7885e-05
-0.192781
-0.194083
-0.195194
-0.196157
-0.197005
-0.197755
-0.198409
-0.198973
-0.199456
-0.199865
-0.200206
-0.200483
-0.2007
-0.200862
-0.200974
-0.201039
-0.20106
-0.201041
-0.200983
-0.20089
-0.200763
-0.200603
-0.200413
-0.200194
-0.199945
-0.199669
-0.199366
-0.199035
-0.198678
-0.198294
-0.197883
-0.197444
-0.196979
-0.196485
-0.195962
-0.19541
-0.194827
-0.194214
-0.193567
-0.192888
-0.192173
-0.191422
-0.190633
-0.189805
-0.188937
-0.188025
-0.18707
-0.186068
-0.185018
-0.183919
-0.182767
-0.181562
-0.180301
-0.178983
-0.177605
-0.176166
-0.174665
-0.173099
-0.171467
-0.169769
-0.168004
-0.166171
-0.164269
-0.1623
-0.160265
-0.158163
-0.155998
-0.153772
-0.151488
-0.14915
-0.146762
-0.14433
-0.141859
-0.139357
-0.13683
-0.134287
-0.131735
-0.129185
-0.126644
-0.124123
-0.12163
-0.119175
-0.116767
-0.114414
-0.112124
-0.109903
-0.107758
-0.105694
-0.103715
-0.101822
-0.100019
-0.0983046
-0.0966788
-0.0951398
-0.0936851
-0.0923117
-0.0910156
-0.0897928
-0.0886389
-0.0875493
-0.0865192
-0.0855443
-0.0846199
-0.0837418
-0.0829059
-0.0821083
-0.0813454
-0.0806136
-0.0799097
-0.0792308
-0.078574
-0.0779366
-0.0773163
-0.0767106
-0.0761175
-0.0755349
-0.0749609
-0.0743937
-0.0738316
-0.073273
-0.0727165
-0.0721605
-0.0716038
-0.0710452
-0.0704834
-0.0699173
-0.0693459
-0.0687681
-0.0681831
-0.0675901
-0.066988
-0.0663763
-0.0657542
-0.0651211
-0.0644763
-0.0638193
-0.0631497
-0.0624668
-0.0617704
-0.0610601
-0.0603355
-0.0595963
-0.0588423
-0.0580734
-0.0572893
-0.0564899
-0.0556749
-0.0548446
-0.0539987
-0.0531374
-0.0522607
-0.0513686
-0.0504614
-0.0495391
-0.0486019
-0.04765
-0.0466837
-0.0457034
-0.0447092
-0.0437015
-0.0426808
-0.0416474
-0.0406018
-0.0395444
-0.0384758
-0.0373965
-0.036307
-0.0352081
-0.0341002
-0.0329842
-0.0318608
-0.0307306
-0.0295946
-0.0284534
-0.0273081
-0.0261595
-0.0250085
-0.0238561
-0.0227034
-0.0215515
-0.0204012
-0.0192539
-0.0181107
-0.0169726
-0.0158409
-0.0147168
-0.0136015
-0.0124962
-0.0114023
-0.0103209
-0.00925336
-0.00820091
-0.00716487
-0.00614631
-0.00514711
-0.00416595
-0.00321306
-0.00225222
-0.00142078
-0.000129496
-0.192181
-0.193549
-0.194742
-0.195786
-0.196706
-0.197515
-0.198221
-0.198829
-0.199349
-0.199788
-0.200152
-0.200448
-0.200681
-0.200855
-0.200976
-0.201047
-0.201073
-0.201056
-0.200999
-0.200905
-0.200776
-0.200614
-0.20042
-0.200196
-0.199942
-0.19966
-0.199351
-0.199013
-0.198649
-0.198257
-0.197838
-0.197391
-0.196917
-0.196414
-0.195882
-0.19532
-0.194727
-0.194102
-0.193445
-0.192754
-0.192027
-0.191263
-0.190462
-0.18962
-0.188737
-0.187811
-0.186841
-0.185823
-0.184757
-0.183641
-0.182472
-0.181249
-0.17997
-0.178633
-0.177236
-0.175778
-0.174257
-0.172672
-0.171022
-0.169305
-0.167521
-0.165671
-0.163753
-0.161768
-0.159719
-0.157605
-0.15543
-0.153196
-0.150906
-0.148565
-0.146178
-0.143749
-0.141286
-0.138794
-0.136282
-0.133758
-0.131229
-0.128704
-0.126193
-0.123704
-0.121247
-0.118829
-0.11646
-0.114146
-0.111896
-0.109714
-0.107608
-0.10558
-0.103634
-0.101772
-0.0999958
-0.0983051
-0.0966991
-0.0951763
-0.0937343
-0.0923701
-0.0910803
-0.0898612
-0.0887087
-0.0876186
-0.0865868
-0.085609
-0.084681
-0.0837989
-0.0829587
-0.0821567
-0.0813893
-0.0806533
-0.0799455
-0.0792628
-0.0786025
-0.0779619
-0.0773386
-0.0767302
-0.0761346
-0.0755497
-0.0749736
-0.0744044
-0.0738405
-0.0732802
-0.0727221
-0.0721647
-0.0716067
-0.0710467
-0.0704837
-0.0699165
-0.0693439
-0.0687652
-0.0681792
-0.0675852
-0.0669823
-0.0663697
-0.0657468
-0.0651129
-0.0644674
-0.0638097
-0.0631394
-0.062456
-0.061759
-0.0610481
-0.0603229
-0.0595833
-0.0588288
-0.0580594
-0.0572748
-0.0564748
-0.0556596
-0.0548289
-0.0539827
-0.053121
-0.052244
-0.0513516
-0.050444
-0.0495214
-0.0485839
-0.0476318
-0.0466652
-0.0456846
-0.0446901
-0.0436822
-0.0426612
-0.0416276
-0.0405817
-0.0395241
-0.0384553
-0.0373757
-0.036286
-0.0351868
-0.0340788
-0.0329626
-0.0318389
-0.0307085
-0.0295723
-0.0284309
-0.0272854
-0.0261365
-0.0249854
-0.0238328
-0.0226799
-0.0215277
-0.0203773
-0.0192298
-0.0180863
-0.0169481
-0.0158161
-0.0146918
-0.0135763
-0.0124708
-0.0113766
-0.010295
-0.00922726
-0.00817459
-0.00713832
-0.00611961
-0.00512019
-0.00413953
-0.00318562
-0.00223127
-0.00138813
-0.000162939
-0.19175
-0.193167
-0.194419
-0.195524
-0.196498
-0.197353
-0.198097
-0.198739
-0.199285
-0.199746
-0.200129
-0.200438
-0.200682
-0.200865
-0.200992
-0.201067
-0.201096
-0.20108
-0.201023
-0.200929
-0.200798
-0.200634
-0.200437
-0.200209
-0.199952
-0.199666
-0.199351
-0.199009
-0.198639
-0.198242
-0.197818
-0.197365
-0.196884
-0.196375
-0.195836
-0.195268
-0.194668
-0.194036
-0.193371
-0.192672
-0.191937
-0.191166
-0.190355
-0.189505
-0.188613
-0.187678
-0.186697
-0.18567
-0.184593
-0.183466
-0.182287
-0.181053
-0.179763
-0.178415
-0.177007
-0.175537
-0.174005
-0.172409
-0.170748
-0.169021
-0.167228
-0.165368
-0.163443
-0.161451
-0.159396
-0.157278
-0.155099
-0.152864
-0.150575
-0.148237
-0.145854
-0.143433
-0.140979
-0.138499
-0.136001
-0.133493
-0.130982
-0.128478
-0.125989
-0.123524
-0.12109
-0.118697
-0.116353
-0.114064
-0.111838
-0.109679
-0.107594
-0.105585
-0.103656
-0.101809
-0.100045
-0.098364
-0.0967654
-0.0952477
-0.0938086
-0.0924456
-0.0911555
-0.0899347
-0.0887796
-0.0876861
-0.0866503
-0.0856683
-0.0847359
-0.0838493
-0.0830047
-0.0821986
-0.0814273
-0.0806875
-0.0799762
-0.0792904
-0.0786272
-0.0779839
-0.0773582
-0.0767476
-0.07615
-0.0755632
-0.0749854
-0.0744146
-0.0738492
-0.0732876
-0.0727282
-0.0721696
-0.0716105
-0.0710494
-0.0704854
-0.0699172
-0.0693437
-0.068764
-0.0681772
-0.0675824
-0.0669787
-0.0663654
-0.0657417
-0.0651071
-0.0644609
-0.0638026
-0.0631316
-0.0624476
-0.06175
-0.0610386
-0.0603129
-0.0595727
-0.0588177
-0.0580478
-0.0572627
-0.0564624
-0.0556466
-0.0548155
-0.0539689
-0.0531068
-0.0522294
-0.0513366
-0.0504287
-0.0495057
-0.0485678
-0.0476154
-0.0466485
-0.0456675
-0.0446727
-0.0436645
-0.0426432
-0.0416092
-0.0405631
-0.0395052
-0.038436
-0.0373562
-0.0362662
-0.0351667
-0.0340584
-0.0329419
-0.031818
-0.0306873
-0.0295508
-0.0284092
-0.0272635
-0.0261144
-0.024963
-0.0238102
-0.0226571
-0.0215047
-0.0203541
-0.0192064
-0.0180627
-0.0169242
-0.0157921
-0.0146676
-0.0135519
-0.0124462
-0.0113519
-0.01027
-0.00920207
-0.00814919
-0.00711272
-0.00609386
-0.00509419
-0.00411383
-0.0031588
-0.00220987
-0.00135618
-0.000185776
-0.191477
-0.192928
-0.194222
-0.195369
-0.19638
-0.197266
-0.198036
-0.198699
-0.199263
-0.199739
-0.200132
-0.200451
-0.200701
-0.200889
-0.20102
-0.201098
-0.201127
-0.201112
-0.201055
-0.20096
-0.200828
-0.200662
-0.200463
-0.200233
-0.199973
-0.199684
-0.199366
-0.199021
-0.198648
-0.198248
-0.197819
-0.197363
-0.196879
-0.196366
-0.195823
-0.19525
-0.194646
-0.19401
-0.193341
-0.192638
-0.191898
-0.191122
-0.190307
-0.189452
-0.188555
-0.187614
-0.186628
-0.185596
-0.184514
-0.183381
-0.182196
-0.180957
-0.179661
-0.178308
-0.176894
-0.17542
-0.173883
-0.172282
-0.170617
-0.168886
-0.167089
-0.165226
-0.163298
-0.161306
-0.159249
-0.157132
-0.154955
-0.152722
-0.150437
-0.148103
-0.145727
-0.143313
-0.140868
-0.138398
-0.135911
-0.133415
-0.130917
-0.128426
-0.125951
-0.1235
-0.121081
-0.118702
-0.116371
-0.114095
-0.11188
-0.109732
-0.107655
-0.105654
-0.103731
-0.101889
-0.100127
-0.0984479
-0.0968494
-0.0953305
-0.0938894
-0.0925234
-0.0912297
-0.0900048
-0.0888453
-0.0877472
-0.0867069
-0.0857202
-0.0847834
-0.0838926
-0.0830441
-0.0822342
-0.0814595
-0.0807166
-0.0800024
-0.079314
-0.0786484
-0.078003
-0.0773753
-0.0767629
-0.0761637
-0.0755755
-0.0749963
-0.0744244
-0.0738579
-0.0732952
-0.0727348
-0.0721753
-0.0716152
-0.0710534
-0.0704885
-0.0699196
-0.0693454
-0.068765
-0.0681775
-0.067582
-0.0669776
-0.0663637
-0.0657394
-0.0651042
-0.0644575
-0.0637986
-0.063127
-0.0624424
-0.0617443
-0.0610323
-0.0603062
-0.0595655
-0.05881
-0.0580396
-0.0572541
-0.0564532
-0.0556371
-0.0548054
-0.0539584
-0.0530959
-0.052218
-0.0513249
-0.0504165
-0.0494931
-0.0485549
-0.047602
-0.0466347
-0.0456533
-0.0446582
-0.0436496
-0.0426279
-0.0415936
-0.040547
-0.0394887
-0.0384192
-0.037339
-0.0362487
-0.0351489
-0.0340402
-0.0329234
-0.0317991
-0.0306681
-0.0295313
-0.0283894
-0.0272433
-0.0260939
-0.0249422
-0.0237892
-0.0226358
-0.0214832
-0.0203323
-0.0191843
-0.0180404
-0.0169017
-0.0157693
-0.0146446
-0.0135287
-0.0124228
-0.0113282
-0.0102461
-0.00917795
-0.00812486
-0.00708817
-0.0060691
-0.00506914
-0.00408889
-0.00313264
-0.00218763
-0.00132487
-0.000197397
-0.191341
-0.192813
-0.194132
-0.195302
-0.196335
-0.197239
-0.198024
-0.198699
-0.199274
-0.199757
-0.200156
-0.20048
-0.200733
-0.200924
-0.201056
-0.201135
-0.201165
-0.201149
-0.201092
-0.200996
-0.200863
-0.200696
-0.200495
-0.200264
-0.200003
-0.199712
-0.199393
-0.199046
-0.198671
-0.198268
-0.197838
-0.19738
-0.196894
-0.196379
-0.195835
-0.19526
-0.194654
-0.194016
-0.193345
-0.192639
-0.191898
-0.19112
-0.190303
-0.189445
-0.188546
-0.187604
-0.186616
-0.185581
-0.184498
-0.183363
-0.182176
-0.180935
-0.179638
-0.178283
-0.176868
-0.175392
-0.173854
-0.172253
-0.170587
-0.168856
-0.167059
-0.165197
-0.16327
-0.161279
-0.159225
-0.15711
-0.154936
-0.152707
-0.150426
-0.148098
-0.145727
-0.143319
-0.14088
-0.138417
-0.135937
-0.133448
-0.130958
-0.128475
-0.126007
-0.123563
-0.12115
-0.118777
-0.116452
-0.11418
-0.111969
-0.109823
-0.107748
-0.105747
-0.103824
-0.10198
-0.100217
-0.0985347
-0.0969327
-0.0954099
-0.0939644
-0.0925939
-0.0912954
-0.0900657
-0.0889014
-0.0877988
-0.086754
-0.0857631
-0.0848223
-0.0839278
-0.0830759
-0.0822629
-0.0814853
-0.0807399
-0.0800235
-0.0793329
-0.0786655
-0.0780185
-0.0773894
-0.0767757
-0.0761754
-0.0755861
-0.075006
-0.0744332
-0.0738659
-0.0733026
-0.0727415
-0.0721814
-0.0716208
-0.0710584
-0.070493
-0.0699235
-0.0693489
-0.068768
-0.06818
-0.067584
-0.0669792
-0.0663648
-0.0657401
-0.0651044
-0.0644572
-0.0637978
-0.0631259
-0.0624408
-0.0617423
-0.0610298
-0.0603032
-0.059562
-0.0588061
-0.0580353
-0.0572493
-0.056448
-0.0556314
-0.0547993
-0.0539518
-0.0530889
-0.0522106
-0.051317
-0.0504082
-0.0494843
-0.0485456
-0.0475923
-0.0466246
-0.0456428
-0.0446472
-0.0436381
-0.042616
-0.0415812
-0.0405342
-0.0394755
-0.0384055
-0.0373249
-0.0362341
-0.0351339
-0.0340247
-0.0329075
-0.0317828
-0.0306514
-0.0295141
-0.0283718
-0.0272253
-0.0260755
-0.0249235
-0.02377
-0.0226163
-0.0214632
-0.020312
-0.0191637
-0.0180194
-0.0168803
-0.0157476
-0.0146225
-0.0135063
-0.0124
-0.0113051
-0.0102228
-0.0091543
-0.00810091
-0.00706391
-0.00604456
-0.00504423
-0.00406385
-0.00310634
-0.00216335
-0.00129434
-0.000197642
-0.191312
-0.192796
-0.194126
-0.195309
-0.196351
-0.197263
-0.198055
-0.198735
-0.199314
-0.1998
-0.200201
-0.200526
-0.20078
-0.200971
-0.201103
-0.201182
-0.201212
-0.201196
-0.201138
-0.201041
-0.200907
-0.200739
-0.200538
-0.200305
-0.200043
-0.199751
-0.199431
-0.199083
-0.198708
-0.198305
-0.197874
-0.197415
-0.196928
-0.196412
-0.195867
-0.195292
-0.194686
-0.194047
-0.193376
-0.19267
-0.191928
-0.19115
-0.190332
-0.189475
-0.188576
-0.187633
-0.186646
-0.185611
-0.184528
-0.183394
-0.182208
-0.180967
-0.179671
-0.178316
-0.176903
-0.175428
-0.173892
-0.172292
-0.170628
-0.168899
-0.167104
-0.165245
-0.16332
-0.161332
-0.159281
-0.157169
-0.154999
-0.152774
-0.150496
-0.148172
-0.145805
-0.143401
-0.140966
-0.138507
-0.136031
-0.133545
-0.131058
-0.128578
-0.126112
-0.123669
-0.121258
-0.118886
-0.11656
-0.114287
-0.112074
-0.109926
-0.107849
-0.105845
-0.103918
-0.10207
-0.100302
-0.0986144
-0.0970073
-0.0954792
-0.0940286
-0.0926529
-0.0913494
-0.0901149
-0.088946
-0.087839
-0.0867902
-0.0857957
-0.0848515
-0.083954
-0.0830993
-0.0822839
-0.0815042
-0.0807569
-0.0800387
-0.0793468
-0.0786782
-0.0780301
-0.0774001
-0.0767857
-0.0761846
-0.0755948
-0.0750143
-0.0744411
-0.0738735
-0.0733098
-0.0727485
-0.0721881
-0.0716273
-0.0710647
-0.0704991
-0.0699294
-0.0693545
-0.0687735
-0.0681852
-0.067589
-0.066984
-0.0663693
-0.0657443
-0.0651083
-0.0644608
-0.0638011
-0.0631288
-0.0624434
-0.0617445
-0.0610317
-0.0603047
-0.0595631
-0.0588068
-0.0580355
-0.0572491
-0.0564474
-0.0556303
-0.0547978
-0.0539498
-0.0530864
-0.0522076
-0.0513135
-0.0504041
-0.0494798
-0.0485406
-0.0475867
-0.0466185
-0.0456361
-0.0446399
-0.0436303
-0.0426076
-0.0415723
-0.0405247
-0.0394654
-0.0383948
-0.0373136
-0.0362222
-0.0351213
-0.0340116
-0.0328937
-0.0317684
-0.0306364
-0.0294985
-0.0283555
-0.0272084
-0.026058
-0.0249053
-0.0237512
-0.0225969
-0.0214432
-0.0202914
-0.0191424
-0.0179975
-0.0168579
-0.0157246
-0.0145989
-0.013482
-0.0123753
-0.0112798
-0.0101969
-0.00912781
-0.00807386
-0.00703631
-0.0060164
-0.00501548
-0.00403462
-0.00307582
-0.00213267
-0.0012614
-0.000181059
-0.191376
-0.192866
-0.194202
-0.195389
-0.196435
-0.197348
-0.19814
-0.198821
-0.199399
-0.199884
-0.200284
-0.200607
-0.20086
-0.201049
-0.20118
-0.201257
-0.201285
-0.201267
-0.201208
-0.201109
-0.200974
-0.200804
-0.200602
-0.200369
-0.200105
-0.199813
-0.199492
-0.199143
-0.198767
-0.198363
-0.197932
-0.197473
-0.196986
-0.19647
-0.195925
-0.19535
-0.194744
-0.194106
-0.193435
-0.19273
-0.191989
-0.191212
-0.190395
-0.189539
-0.188641
-0.1877
-0.186714
-0.185682
-0.1846
-0.183468
-0.182284
-0.181046
-0.179752
-0.1784
-0.176989
-0.175518
-0.173984
-0.172387
-0.170726
-0.169
-0.167209
-0.165353
-0.163432
-0.161447
-0.1594
-0.157291
-0.155124
-0.152902
-0.150627
-0.148305
-0.145941
-0.143538
-0.141105
-0.138647
-0.136171
-0.133686
-0.131198
-0.128716
-0.126249
-0.123804
-0.121389
-0.119013
-0.116683
-0.114406
-0.112188
-0.110035
-0.107951
-0.105941
-0.104007
-0.102153
-0.100378
-0.0986848
-0.0970715
-0.0955374
-0.094081
-0.0926998
-0.0913912
-0.090152
-0.0889788
-0.0878679
-0.0868155
-0.0858178
-0.0848708
-0.0839709
-0.0831141
-0.0822969
-0.0815157
-0.0807672
-0.0800481
-0.0793554
-0.0786861
-0.0780377
-0.0774074
-0.0767928
-0.0761917
-0.0756019
-0.0750214
-0.0744483
-0.0738809
-0.0733174
-0.0727563
-0.0721961
-0.0716354
-0.071073
-0.0705076
-0.069938
-0.0693632
-0.0687822
-0.0681941
-0.0675978
-0.0669928
-0.066378
-0.0657529
-0.0651169
-0.0644692
-0.0638093
-0.0631368
-0.0624511
-0.0617519
-0.0610388
-0.0603114
-0.0595695
-0.0588128
-0.0580411
-0.0572542
-0.056452
-0.0556344
-0.0548014
-0.0539528
-0.0530889
-0.0522095
-0.0513147
-0.0504048
-0.0494798
-0.0485399
-0.0475853
-0.0466164
-0.0456333
-0.0446364
-0.043626
-0.0426025
-0.0415663
-0.0405179
-0.0394578
-0.0383864
-0.0373042
-0.036212
-0.0351102
-0.0339996
-0.0328808
-0.0317545
-0.0306215
-0.0294827
-0.0283387
-0.0271906
-0.0260392
-0.0248855
-0.0237305
-0.0225751
-0.0214204
-0.0202676
-0.0191176
-0.0179717
-0.016831
-0.0156967
-0.0145701
-0.0134522
-0.0123444
-0.011248
-0.0101641
-0.00909409
-0.00803919
-0.00700069
-0.00597985
-0.00497797
-0.00399621
-0.00303567
-0.00209228
-0.0012175
-0.00014061
-0.201427
-0.201483
-0.201527
-0.201566
-0.201597
-0.201624
-0.201647
-0.201667
-0.201681
-0.201689
-0.201689
-0.201681
-0.201664
-0.201638
-0.201601
-0.201553
-0.201494
-0.201423
-0.20134
-0.201244
-0.201135
-0.201014
-0.200878
-0.200729
-0.200566
-0.200389
-0.200198
-0.199992
-0.199772
-0.199536
-0.199286
-0.199021
-0.198741
-0.198445
-0.198134
-0.197807
-0.197465
-0.197107
-0.196734
-0.196344
-0.195939
-0.195517
-0.19508
-0.194626
-0.194156
-0.193669
-0.193166
-0.192646
-0.192109
-0.191555
-0.190983
-0.190395
-0.189788
-0.189164
-0.188521
-0.18786
-0.18718
-0.18648
-0.185761
-0.18502
-0.184259
-0.183475
-0.182669
-0.181838
-0.180983
-0.180101
-0.179191
-0.178251
-0.177279
-0.176274
-0.175231
-0.174149
-0.173024
-0.171852
-0.170628
-0.169346
-0.168001
-0.166583
-0.165084
-0.163493
-0.161796
-0.159978
-0.15802
-0.155903
-0.153603
-0.151094
-0.148348
-0.145339
-0.142036
-0.138413
-0.134445
-0.130112
-0.125402
-0.120311
-0.114843
-0.109016
-0.102858
-0.0964139
-0.0897374
-0.0828952
-0.075964
-0.0690279
-0.0621757
-0.0554985
-0.0490855
-0.0430215
-0.0373834
-0.0322378
-0.0276389
-0.0236267
-0.0202262
-0.0174478
-0.0152875
-0.0137281
-0.0127402
-0.0122845
-0.012314
-0.0127763
-0.0136156
-0.0147748
-0.0161969
-0.0178271
-0.0196135
-0.021508
-0.0234672
-0.0254524
-0.0274299
-0.029371
-0.0312517
-0.0330527
-0.0347594
-0.0363575
-0.0378396
-0.0392006
-0.0404369
-0.0415472
-0.0425315
-0.0433916
-0.0441302
-0.0447509
-0.0452578
-0.0456557
-0.0459494
-0.0461441
-0.0462451
-0.0462575
-0.0461865
-0.0460372
-0.0458144
-0.0455228
-0.045167
-0.0447514
-0.0442799
-0.0437565
-0.0431849
-0.0425686
-0.0419109
-0.0412149
-0.0404835
-0.0397195
-0.0389254
-0.0381038
-0.0372568
-0.0363867
-0.0354955
-0.034585
-0.0336572
-0.0327136
-0.0317559
-0.0307856
-0.0298041
-0.0288127
-0.0278126
-0.0268051
-0.0257913
-0.0247722
-0.0237487
-0.0227219
-0.0216925
-0.0206614
-0.0196293
-0.018597
-0.0175651
-0.0165343
-0.0155051
-0.0144781
-0.0134537
-0.0124324
-0.0114147
-0.0104009
-0.00939145
-0.00838659
-0.00738665
-0.00639193
-0.00540253
-0.00441915
-0.00344029
-0.00247238
-0.00149068
-0.000619737
-0.201419
-0.201469
-0.201505
-0.201539
-0.201569
-0.201595
-0.201619
-0.201638
-0.201652
-0.20166
-0.20166
-0.201653
-0.201636
-0.20161
-0.201573
-0.201525
-0.201467
-0.201396
-0.201313
-0.201217
-0.201109
-0.200987
-0.200852
-0.200704
-0.200541
-0.200364
-0.200173
-0.199968
-0.199747
-0.199512
-0.199263
-0.198998
-0.198717
-0.198422
-0.198111
-0.197785
-0.197443
-0.197085
-0.196712
-0.196322
-0.195917
-0.195496
-0.195058
-0.194604
-0.194134
-0.193648
-0.193144
-0.192624
-0.192087
-0.191533
-0.190962
-0.190373
-0.189767
-0.189142
-0.188499
-0.187838
-0.187157
-0.186457
-0.185737
-0.184996
-0.184233
-0.183449
-0.182642
-0.18181
-0.180954
-0.18007
-0.179159
-0.178217
-0.177244
-0.176237
-0.175192
-0.174108
-0.17298
-0.171805
-0.170578
-0.169293
-0.167944
-0.166523
-0.16502
-0.163424
-0.161724
-0.159902
-0.157941
-0.155822
-0.153521
-0.151013
-0.148271
-0.145268
-0.141974
-0.138363
-0.134411
-0.130097
-0.125409
-0.120342
-0.114901
-0.109102
-0.102974
-0.0965584
-0.0899098
-0.0830944
-0.0761879
-0.0692741
-0.0624416
-0.0557809
-0.0493814
-0.0433276
-0.0376967
-0.0325556
-0.0279588
-0.0239466
-0.0205443
-0.0177624
-0.0155968
-0.0140299
-0.0130324
-0.012565
-0.0125811
-0.0130284
-0.0138514
-0.0149931
-0.0163971
-0.0180086
-0.019776
-0.0216516
-0.0235921
-0.0255591
-0.0275191
-0.0294437
-0.0313089
-0.0330951
-0.0347865
-0.0363747
-0.037844
-0.0391938
-0.040421
-0.0415231
-0.0425002
-0.043354
-0.0440871
-0.044703
-0.0452059
-0.0456004
-0.0458913
-0.0460837
-0.0461828
-0.0461938
-0.0461217
-0.0459716
-0.0457483
-0.0454564
-0.0451006
-0.044685
-0.0442138
-0.0436908
-0.0431197
-0.042504
-0.0418469
-0.0411517
-0.0404211
-0.0396579
-0.0388647
-0.0380439
-0.0371979
-0.0363287
-0.0354385
-0.034529
-0.0336021
-0.0326596
-0.0317029
-0.0307335
-0.029753
-0.0287626
-0.0277635
-0.026757
-0.0257442
-0.024726
-0.0237035
-0.0226777
-0.0216492
-0.0206191
-0.019588
-0.0185566
-0.0175257
-0.0164958
-0.0154674
-0.0144413
-0.0134178
-0.0123974
-0.0113805
-0.0103675
-0.00935885
-0.00835478
-0.0073556
-0.00636163
-0.00537291
-0.00439036
-0.00341166
-0.00244615
-0.00145615
-0.000603555
-0.201404
-0.201456
-0.201487
-0.201518
-0.201547
-0.201573
-0.201596
-0.201615
-0.20163
-0.201638
-0.201639
-0.201631
-0.201615
-0.201589
-0.201553
-0.201506
-0.201447
-0.201377
-0.201294
-0.201199
-0.201091
-0.20097
-0.200835
-0.200687
-0.200524
-0.200348
-0.200157
-0.199952
-0.199732
-0.199497
-0.199247
-0.198983
-0.198703
-0.198407
-0.198097
-0.197771
-0.197429
-0.197071
-0.196698
-0.196309
-0.195904
-0.195483
-0.195045
-0.194591
-0.194121
-0.193635
-0.193132
-0.192612
-0.192075
-0.191521
-0.190949
-0.19036
-0.189754
-0.189129
-0.188486
-0.187824
-0.187143
-0.186443
-0.185722
-0.184981
-0.184218
-0.183433
-0.182626
-0.181793
-0.180936
-0.180052
-0.17914
-0.178198
-0.177224
-0.176215
-0.17517
-0.174085
-0.172956
-0.17178
-0.170552
-0.169266
-0.167916
-0.166494
-0.164991
-0.163397
-0.161698
-0.159879
-0.157923
-0.155811
-0.153518
-0.151022
-0.148294
-0.145307
-0.142032
-0.138441
-0.134511
-0.130221
-0.125555
-0.120511
-0.11509
-0.109309
-0.103197
-0.0967946
-0.0901569
-0.0833496
-0.076449
-0.0695389
-0.0627082
-0.0560482
-0.0496485
-0.0435941
-0.0379627
-0.0328205
-0.028222
-0.0242073
-0.0208021
-0.018017
-0.0158478
-0.014277
-0.0132752
-0.0128031
-0.0128137
-0.0132549
-0.0140708
-0.0152047
-0.0165999
-0.0182018
-0.0199588
-0.0218233
-0.0237522
-0.0257072
-0.027655
-0.0295671
-0.0314199
-0.0331937
-0.0348733
-0.0364471
-0.0379116
-0.0392499
-0.0404665
-0.0415593
-0.042528
-0.0433738
-0.0440997
-0.044709
-0.0452059
-0.045595
-0.0458811
-0.0460692
-0.0461644
-0.046172
-0.0460969
-0.0459441
-0.0457185
-0.0454247
-0.0450671
-0.0446501
-0.0441776
-0.0436535
-0.0430816
-0.0424652
-0.0418076
-0.0411118
-0.0403809
-0.0396175
-0.0388241
-0.0380033
-0.0371573
-0.0362882
-0.035398
-0.0344887
-0.0335621
-0.0326198
-0.0316633
-0.0306943
-0.0297142
-0.0287241
-0.0277255
-0.0267194
-0.025707
-0.0246893
-0.0236673
-0.0226419
-0.021614
-0.0205844
-0.0195538
-0.018523
-0.0174925
-0.0164632
-0.0154354
-0.0144098
-0.0133869
-0.012367
-0.0113507
-0.0103383
-0.0093302
-0.00832668
-0.00732803
-0.00633462
-0.00534636
-0.00436459
-0.00338545
-0.00242387
-0.00142271
-0.00061185
-0.201383
-0.201443
-0.201472
-0.201501
-0.201529
-0.201555
-0.201578
-0.201598
-0.201613
-0.201622
-0.201624
-0.201617
-0.201601
-0.201576
-0.20154
-0.201493
-0.201435
-0.201365
-0.201283
-0.201188
-0.20108
-0.200959
-0.200825
-0.200677
-0.200515
-0.200339
-0.200148
-0.199943
-0.199723
-0.199489
-0.199239
-0.198975
-0.198695
-0.1984
-0.198089
-0.197763
-0.197422
-0.197065
-0.196691
-0.196302
-0.195897
-0.195476
-0.195039
-0.194585
-0.194115
-0.193629
-0.193126
-0.192606
-0.192069
-0.191514
-0.190943
-0.190354
-0.189747
-0.189123
-0.188479
-0.187817
-0.187136
-0.186436
-0.185715
-0.184973
-0.184211
-0.183425
-0.182617
-0.181785
-0.180927
-0.180043
-0.17913
-0.178188
-0.177214
-0.176205
-0.175159
-0.174074
-0.172946
-0.17177
-0.170542
-0.169257
-0.167909
-0.166489
-0.16499
-0.1634
-0.161708
-0.159898
-0.157954
-0.155856
-0.153582
-0.151106
-0.148401
-0.14544
-0.142192
-0.13863
-0.134728
-0.130464
-0.125825
-0.1208
-0.115396
-0.109629
-0.103527
-0.0971319
-0.0904975
-0.0836908
-0.0767887
-0.0698757
-0.0630414
-0.0563778
-0.049975
-0.0439177
-0.0382838
-0.0331404
-0.0285417
-0.0245281
-0.021125
-0.0183426
-0.0161765
-0.0146087
-0.0136093
-0.0131387
-0.0131498
-0.0135897
-0.0144029
-0.015532
-0.0169207
-0.0185142
-0.0202611
-0.022114
-0.02403
-0.0259709
-0.0279037
-0.0298003
-0.031637
-0.0333948
-0.0350586
-0.0366171
-0.0380621
-0.03939
-0.0405918
-0.0416705
-0.0426262
-0.0434601
-0.0441746
-0.0447735
-0.0452608
-0.045641
-0.0459189
-0.0460996
-0.0461882
-0.0461896
-0.0461091
-0.0459513
-0.0457213
-0.0454234
-0.0450623
-0.044642
-0.0441666
-0.04364
-0.0430658
-0.0424474
-0.041788
-0.0410907
-0.0403583
-0.0395936
-0.0387992
-0.0379774
-0.0371306
-0.0362607
-0.0353699
-0.0344601
-0.0335329
-0.0325902
-0.0316335
-0.0306642
-0.0296838
-0.0286936
-0.0276948
-0.0266887
-0.0256762
-0.0246586
-0.0236366
-0.0226113
-0.0215835
-0.020554
-0.0195236
-0.018493
-0.0174628
-0.0164337
-0.0154063
-0.014381
-0.0133583
-0.0123388
-0.0113228
-0.0103108
-0.00930307
-0.00829994
-0.00730168
-0.00630869
-0.00532074
-0.00433974
-0.00335978
-0.00240338
-0.00138923
-0.000642368
-0.201362
-0.201434
-0.201461
-0.201489
-0.201516
-0.201542
-0.201566
-0.201587
-0.201603
-0.201613
-0.201615
-0.201609
-0.201594
-0.201569
-0.201533
-0.201487
-0.201429
-0.20136
-0.201278
-0.201184
-0.201076
-0.200956
-0.200822
-0.200674
-0.200512
-0.200336
-0.200146
-0.199941
-0.199721
-0.199487
-0.199238
-0.198973
-0.198694
-0.198399
-0.198088
-0.197763
-0.197421
-0.197064
-0.196691
-0.196302
-0.195897
-0.195476
-0.195039
-0.194585
-0.194115
-0.193628
-0.193125
-0.192605
-0.192068
-0.191514
-0.190943
-0.190354
-0.189747
-0.189122
-0.188478
-0.187816
-0.187135
-0.186434
-0.185713
-0.184972
-0.184209
-0.183423
-0.182615
-0.181783
-0.180925
-0.180041
-0.179128
-0.178186
-0.177212
-0.176203
-0.175158
-0.174074
-0.172946
-0.171771
-0.170545
-0.169263
-0.167918
-0.166504
-0.165011
-0.16343
-0.161749
-0.159953
-0.158027
-0.155949
-0.153699
-0.15125
-0.148575
-0.145644
-0.142428
-0.138897
-0.135024
-0.130786
-0.126169
-0.121164
-0.115777
-0.110022
-0.103929
-0.0975387
-0.0909074
-0.0841025
-0.0772016
-0.0702899
-0.0634576
-0.056797
-0.0503987
-0.0443481
-0.038723
-0.0335903
-0.0290041
-0.0250044
-0.0216158
-0.0188479
-0.0166955
-0.01514
-0.0141509
-0.013688
-0.0137037
-0.014145
-0.0149559
-0.0160794
-0.0174588
-0.0190398
-0.0207713
-0.0226061
-0.0245018
-0.0264205
-0.0283299
-0.0302019
-0.0320137
-0.0337463
-0.035385
-0.0369189
-0.0383403
-0.0396439
-0.0408243
-0.0418816
-0.0428172
-0.0436321
-0.044329
-0.0449115
-0.0453835
-0.0457497
-0.0460148
-0.0461837
-0.0462614
-0.0462531
-0.0461636
-0.0459977
-0.0457603
-0.0454559
-0.0450887
-0.044663
-0.0441828
-0.0436518
-0.0430736
-0.0424516
-0.0417889
-0.0410887
-0.0403537
-0.0395866
-0.03879
-0.0379663
-0.0371176
-0.0362462
-0.0353539
-0.0344427
-0.0335144
-0.0325705
-0.0316128
-0.0306426
-0.0296613
-0.0286704
-0.0276709
-0.0266642
-0.0256512
-0.024633
-0.0236107
-0.022585
-0.0215569
-0.0205272
-0.0194966
-0.0184658
-0.0174355
-0.0164064
-0.0153789
-0.0143536
-0.013331
-0.0123116
-0.0112958
-0.010284
-0.00927642
-0.00827353
-0.00727552
-0.00628284
-0.00529505
-0.00431485
-0.00333373
-0.00238385
-0.00135397
-0.000693467
-0.201344
-0.201431
-0.201456
-0.201484
-0.201511
-0.201537
-0.201563
-0.201584
-0.201601
-0.201612
-0.201615
-0.201609
-0.201595
-0.201571
-0.201536
-0.20149
-0.201433
-0.201363
-0.201282
-0.201188
-0.201081
-0.20096
-0.200826
-0.200679
-0.200517
-0.200341
-0.200151
-0.199946
-0.199727
-0.199493
-0.199243
-0.198979
-0.1987
-0.198405
-0.198094
-0.197769
-0.197427
-0.19707
-0.196697
-0.196308
-0.195903
-0.195482
-0.195045
-0.194591
-0.194121
-0.193635
-0.193131
-0.192611
-0.192074
-0.19152
-0.190948
-0.190359
-0.189752
-0.189127
-0.188484
-0.187821
-0.18714
-0.186439
-0.185718
-0.184976
-0.184213
-0.183428
-0.18262
-0.181787
-0.18093
-0.180046
-0.179134
-0.178192
-0.177219
-0.176211
-0.175168
-0.174084
-0.172959
-0.171787
-0.170564
-0.169286
-0.167947
-0.16654
-0.165056
-0.163487
-0.16182
-0.160042
-0.158136
-0.156082
-0.153858
-0.151438
-0.148793
-0.145893
-0.142707
-0.139203
-0.135355
-0.13114
-0.126542
-0.121554
-0.11618
-0.110436
-0.104351
-0.0979692
-0.0913458
-0.0845499
-0.0776592
-0.07076
-0.0639432
-0.0573012
-0.0509248
-0.0448995
-0.0393027
-0.0342008
-0.0296471
-0.0256805
-0.0223249
-0.0195885
-0.0174651
-0.0159351
-0.0149672
-0.0145203
-0.0145464
-0.0149922
-0.0158016
-0.0169175
-0.0182838
-0.0198466
-0.0215551
-0.0233629
-0.0252281
-0.0271138
-0.028988
-0.0308237
-0.0325982
-0.0342934
-0.035895
-0.0373924
-0.0387781
-0.0400469
-0.0411951
-0.0422214
-0.0431274
-0.0439146
-0.0445856
-0.0451438
-0.0455935
-0.045939
-0.0461851
-0.0463365
-0.0463983
-0.0463754
-0.0462726
-0.0460947
-0.0458464
-0.0455319
-0.0451558
-0.0447219
-0.0442343
-0.0436965
-0.0431122
-0.0424847
-0.041817
-0.0411122
-0.0403731
-0.0396022
-0.0388021
-0.0379752
-0.0371236
-0.0362494
-0.0353546
-0.0344411
-0.0335106
-0.0325648
-0.0316051
-0.0306332
-0.0296504
-0.0286579
-0.0276571
-0.026649
-0.0256348
-0.0246156
-0.0235922
-0.0225656
-0.0215366
-0.0205061
-0.0194748
-0.0184434
-0.0174125
-0.0163829
-0.015355
-0.0143294
-0.0133066
-0.012287
-0.011271
-0.0102591
-0.0092515
-0.00824864
-0.00725068
-0.00625815
-0.00527034
-0.00429088
-0.00330818
-0.00236597
-0.00131669
-0.000763541
-0.201334
-0.201437
-0.201462
-0.201489
-0.201517
-0.201544
-0.20157
-0.201593
-0.201611
-0.201622
-0.201626
-0.201621
-0.201607
-0.201583
-0.201549
-0.201503
-0.201446
-0.201377
-0.201295
-0.201201
-0.201094
-0.200974
-0.20084
-0.200692
-0.200531
-0.200355
-0.200165
-0.19996
-0.199741
-0.199506
-0.199257
-0.198993
-0.198713
-0.198418
-0.198108
-0.197782
-0.19744
-0.197083
-0.19671
-0.196321
-0.195916
-0.195495
-0.195057
-0.194604
-0.194134
-0.193647
-0.193144
-0.192623
-0.192086
-0.191532
-0.19096
-0.190371
-0.189764
-0.189139
-0.188495
-0.187833
-0.187151
-0.18645
-0.185729
-0.184987
-0.184224
-0.183439
-0.182631
-0.181799
-0.180942
-0.180059
-0.179148
-0.178208
-0.177236
-0.17623
-0.175189
-0.174108
-0.172986
-0.171817
-0.1706
-0.169327
-0.167995
-0.166597
-0.165124
-0.163568
-0.161917
-0.160158
-0.158272
-0.156242
-0.154042
-0.151649
-0.14903
-0.146154
-0.142991
-0.139509
-0.13568
-0.131482
-0.126899
-0.121924
-0.116561
-0.110829
-0.104757
-0.098389
-0.0917826
-0.085007
-0.0781411
-0.0712717
-0.0644901
-0.0578888
-0.0515584
-0.0455839
-0.0400418
-0.0349974
-0.0305027
-0.0265951
-0.0232966
-0.0206141
-0.0185395
-0.017052
-0.016119
-0.0156987
-0.0157424
-0.0161966
-0.0170051
-0.0181113
-0.0194596
-0.0209967
-0.0226728
-0.0244424
-0.0262647
-0.0281037
-0.0299285
-0.0317128
-0.0334351
-0.0350778
-0.0366274
-0.0380738
-0.0394097
-0.0406304
-0.0417329
-0.0427162
-0.0435812
-0.0443298
-0.0449647
-0.0454895
-0.0459081
-0.0462249
-0.0464446
-0.0465718
-0.0466114
-0.0465682
-0.0464469
-0.0462522
-0.0459885
-0.0456602
-0.0452714
-0.0448261
-0.044328
-0.0437808
-0.0431879
-0.0425526
-0.0418778
-0.0411665
-0.0404213
-0.039645
-0.0388399
-0.0380084
-0.0371525
-0.0362743
-0.0353759
-0.034459
-0.0335252
-0.0325764
-0.031614
-0.0306394
-0.029654
-0.0286592
-0.0276561
-0.026646
-0.0256298
-0.0246087
-0.0235835
-0.0225552
-0.0215247
-0.0204928
-0.0194602
-0.0184276
-0.0173956
-0.016365
-0.0153362
-0.0143098
-0.0132863
-0.0122661
-0.0112496
-0.0102373
-0.00922941
-0.00822632
-0.00722818
-0.00623559
-0.00524755
-0.00426869
-0.00328392
-0.00235001
-0.00127743
-0.000848084
-0.201338
-0.201457
-0.201481
-0.201509
-0.201537
-0.201565
-0.201592
-0.201616
-0.201634
-0.201646
-0.20165
-0.201645
-0.201631
-0.201607
-0.201573
-0.201527
-0.20147
-0.2014
-0.201319
-0.201225
-0.201117
-0.200997
-0.200863
-0.200715
-0.200553
-0.200377
-0.200187
-0.199982
-0.199762
-0.199528
-0.199278
-0.199014
-0.198734
-0.198439
-0.198128
-0.197802
-0.19746
-0.197103
-0.19673
-0.19634
-0.195935
-0.195514
-0.195076
-0.194622
-0.194152
-0.193665
-0.193162
-0.192641
-0.192104
-0.191549
-0.190978
-0.190388
-0.189781
-0.189156
-0.188512
-0.18785
-0.187168
-0.186467
-0.185747
-0.185005
-0.184242
-0.183458
-0.18265
-0.181819
-0.180963
-0.180081
-0.179172
-0.178233
-0.177263
-0.17626
-0.175222
-0.174145
-0.173026
-0.171863
-0.170651
-0.169385
-0.168061
-0.166672
-0.165211
-0.163668
-0.162032
-0.160288
-0.158422
-0.15641
-0.15423
-0.151855
-0.149254
-0.146396
-0.143248
-0.13978
-0.135964
-0.131778
-0.127205
-0.122241
-0.116891
-0.111173
-0.105119
-0.0987743
-0.0921972
-0.0854578
-0.078636
-0.0718189
-0.0650979
-0.0585654
-0.0523113
-0.0464193
-0.0409645
-0.0360103
-0.0316068
-0.0277889
-0.0245763
-0.0219737
-0.0199709
-0.0185452
-0.0176627
-0.0172806
-0.0173494
-0.0178156
-0.0186233
-0.0197164
-0.0210401
-0.0225423
-0.0241745
-0.0258925
-0.027657
-0.0294333
-0.0311919
-0.0329078
-0.0345604
-0.0361333
-0.0376138
-0.0389925
-0.0402626
-0.0414198
-0.0424617
-0.043388
-0.0441988
-0.0448964
-0.0454839
-0.0459645
-0.0463421
-0.0466211
-0.0468059
-0.0469012
-0.0469115
-0.0468415
-0.0466958
-0.0464788
-0.0461948
-0.045848
-0.0454425
-0.0449819
-0.04447
-0.0439103
-0.0433059
-0.0426601
-0.0419758
-0.0412558
-0.0405028
-0.0397191
-0.0389073
-0.0380695
-0.0372079
-0.0363244
-0.0354209
-0.0344993
-0.0335612
-0.0326082
-0.0316419
-0.0306636
-0.0296747
-0.0286766
-0.0276703
-0.0266572
-0.0256381
-0.0246143
-0.0235865
-0.0225559
-0.021523
-0.0204889
-0.0194543
-0.0184198
-0.0173861
-0.0163538
-0.0153236
-0.0142958
-0.0132711
-0.0122499
-0.0112326
-0.0102195
-0.00921095
-0.00820734
-0.00720876
-0.00621588
-0.00522736
-0.00424888
-0.00326151
-0.00233591
-0.00123688
-0.000940066
-0.201363
-0.201497
-0.201518
-0.201546
-0.201574
-0.201603
-0.20163
-0.201654
-0.201672
-0.201683
-0.201687
-0.201682
-0.201667
-0.201643
-0.201608
-0.201561
-0.201504
-0.201434
-0.201352
-0.201257
-0.201149
-0.201028
-0.200894
-0.200745
-0.200583
-0.200406
-0.200216
-0.20001
-0.19979
-0.199555
-0.199306
-0.199041
-0.19876
-0.198465
-0.198154
-0.197828
-0.197486
-0.197128
-0.196754
-0.196365
-0.195959
-0.195538
-0.1951
-0.194646
-0.194175
-0.193688
-0.193184
-0.192664
-0.192126
-0.191572
-0.191
-0.19041
-0.189803
-0.189178
-0.188534
-0.187872
-0.187191
-0.18649
-0.18577
-0.185029
-0.184266
-0.183483
-0.182676
-0.181846
-0.180992
-0.180111
-0.179204
-0.178267
-0.1773
-0.1763
-0.175265
-0.174192
-0.173078
-0.17192
-0.170714
-0.169456
-0.16814
-0.166759
-0.165308
-0.163776
-0.162152
-0.160421
-0.158566
-0.156567
-0.154399
-0.152035
-0.149444
-0.146594
-0.143454
-0.139992
-0.136181
-0.132
-0.127434
-0.12248
-0.117144
-0.111445
-0.105418
-0.0991086
-0.0925767
-0.0858935
-0.0791395
-0.072402
-0.0657723
-0.059342
-0.0531995
-0.0474269
-0.0420971
-0.0372706
-0.0329945
-0.0293006
-0.0262058
-0.0237113
-0.0218049
-0.0204613
-0.0196451
-0.0193123
-0.0194131
-0.0198938
-0.0206991
-0.0217738
-0.0230645
-0.0245206
-0.0260953
-0.0277464
-0.0294361
-0.0311319
-0.0328056
-0.034434
-0.0359979
-0.0374821
-0.038875
-0.0401679
-0.0413548
-0.042432
-0.0433975
-0.0442517
-0.0449941
-0.0456276
-0.0461552
-0.0465802
-0.0469063
-0.0471376
-0.0472785
-0.0473334
-0.0473068
-0.0472029
-0.0470263
-0.0467812
-0.0464716
-0.0461015
-0.0456747
-0.0451948
-0.0446653
-0.0440896
-0.0434707
-0.0428117
-0.0421152
-0.0413842
-0.0406209
-0.039828
-0.0390075
-0.0381618
-0.0372928
-0.0364024
-0.0354925
-0.0345649
-0.0336211
-0.0326627
-0.0316913
-0.0307082
-0.0297147
-0.0287122
-0.0277018
-0.0266846
-0.0256618
-0.0246342
-0.023603
-0.022569
-0.021533
-0.0204959
-0.0194584
-0.0184213
-0.0173851
-0.0163506
-0.0153182
-0.0142886
-0.0132621
-0.0122393
-0.0112206
-0.0102064
-0.00919683
-0.00819238
-0.00719309
-0.00619966
-0.00521039
-0.00423199
-0.00324157
-0.0023236
-0.00119662
-0.00103114
-0.201414
-0.201561
-0.201578
-0.201605
-0.201631
-0.201659
-0.201685
-0.201708
-0.201725
-0.201735
-0.201737
-0.201731
-0.201715
-0.201689
-0.201653
-0.201605
-0.201546
-0.201476
-0.201392
-0.201297
-0.201188
-0.201066
-0.200931
-0.200782
-0.200619
-0.200442
-0.20025
-0.200044
-0.199823
-0.199588
-0.199338
-0.199072
-0.198791
-0.198495
-0.198184
-0.197857
-0.197515
-0.197156
-0.196782
-0.196393
-0.195987
-0.195565
-0.195127
-0.194672
-0.194201
-0.193714
-0.19321
-0.192689
-0.192152
-0.191597
-0.191025
-0.190436
-0.189828
-0.189203
-0.18856
-0.187898
-0.187217
-0.186517
-0.185797
-0.185057
-0.184296
-0.183513
-0.182708
-0.181879
-0.181026
-0.180148
-0.179243
-0.178309
-0.177345
-0.176348
-0.175317
-0.174248
-0.173138
-0.171985
-0.170785
-0.169532
-0.168223
-0.166849
-0.165404
-0.163879
-0.162262
-0.160538
-0.158689
-0.156695
-0.15453
-0.152168
-0.149577
-0.146726
-0.143583
-0.140119
-0.136306
-0.132126
-0.127564
-0.122619
-0.1173
-0.111628
-0.105638
-0.0993795
-0.0929123
-0.086309
-0.0796507
-0.0730247
-0.0665215
-0.0602313
-0.0542406
-0.0486287
-0.0434652
-0.0388071
-0.0346974
-0.031164
-0.0282197
-0.0258624
-0.0240765
-0.0228345
-0.0220991
-0.0218252
-0.0219627
-0.0224582
-0.0232572
-0.024306
-0.025553
-0.0269496
-0.0284512
-0.030018
-0.0316145
-0.0332102
-0.0347793
-0.0363002
-0.0377554
-0.0391313
-0.0404174
-0.041606
-0.0426919
-0.0436721
-0.0445449
-0.0453122
-0.045972
-0.0465279
-0.0469832
-0.047341
-0.0476048
-0.0477785
-0.0478663
-0.0478725
-0.0478011
-0.0476563
-0.0474423
-0.047163
-0.0468223
-0.0464238
-0.0459712
-0.0454678
-0.044917
-0.0443217
-0.0436851
-0.0430098
-0.0422986
-0.041554
-0.0407783
-0.0399739
-0.0391429
-0.0382874
-0.0374093
-0.0365105
-0.0355927
-0.0346576
-0.0337068
-0.0327418
-0.031764
-0.0307749
-0.0297757
-0.0287677
-0.027752
-0.0267298
-0.0257021
-0.0246699
-0.0236342
-0.022596
-0.0215559
-0.0205149
-0.0194738
-0.0184332
-0.0173937
-0.0163561
-0.015321
-0.0142887
-0.0132599
-0.012235
-0.0112145
-0.0101986
-0.00918764
-0.00818201
-0.00718169
-0.00618744
-0.0051972
-0.00421854
-0.00322482
-0.00231313
-0.0011591
-0.00111275
-0.201503
-0.201656
-0.201665
-0.201687
-0.20171
-0.201735
-0.201758
-0.201777
-0.201791
-0.201798
-0.201798
-0.201789
-0.201771
-0.201743
-0.201705
-0.201656
-0.201595
-0.201523
-0.201439
-0.201342
-0.201232
-0.201109
-0.200972
-0.200822
-0.200658
-0.20048
-0.200287
-0.200081
-0.199859
-0.199623
-0.199372
-0.199106
-0.198824
-0.198528
-0.198216
-0.197888
-0.197545
-0.197186
-0.196812
-0.196422
-0.196015
-0.195593
-0.195155
-0.1947
-0.194229
-0.193741
-0.193237
-0.192716
-0.192179
-0.191624
-0.191052
-0.190463
-0.189856
-0.189231
-0.188588
-0.187926
-0.187246
-0.186546
-0.185827
-0.185088
-0.184328
-0.183546
-0.182742
-0.181915
-0.181064
-0.180188
-0.179285
-0.178354
-0.177392
-0.176399
-0.17537
-0.174305
-0.173199
-0.172049
-0.170852
-0.169603
-0.168297
-0.166927
-0.165485
-0.163962
-0.162345
-0.160621
-0.15877
-0.156771
-0.1546
-0.152229
-0.149628
-0.146766
-0.143612
-0.140136
-0.136316
-0.132131
-0.127572
-0.122638
-0.117341
-0.111705
-0.105766
-0.099576
-0.0931965
-0.0867007
-0.0801701
-0.0736916
-0.0673543
-0.0612463
-0.055451
-0.0500441
-0.0450907
-0.0406431
-0.0367394
-0.0334026
-0.0306409
-0.0284479
-0.0268047
-0.0256812
-0.025038
-0.0248295
-0.0250052
-0.0255125
-0.0262985
-0.0273112
-0.0285014
-0.029823
-0.0312344
-0.0326982
-0.034182
-0.0356577
-0.0371019
-0.0384951
-0.0398219
-0.0410701
-0.0422306
-0.043297
-0.044265
-0.0451319
-0.045896
-0.046562
-0.0471258
-0.0475918
-0.0479631
-0.0482427
-0.048434
-0.0485408
-0.0485669
-0.0485163
-0.0483928
-0.0482004
-0.0479427
-0.0476236
-0.0472465
-0.0468149
-0.046332
-0.0458012
-0.0452252
-0.0446072
-0.0439497
-0.0432554
-0.0425267
-0.0417661
-0.0409758
-0.0401578
-0.0393144
-0.0384473
-0.0375584
-0.0366495
-0.0357223
-0.0347784
-0.0338192
-0.0328463
-0.031861
-0.0308647
-0.0298586
-0.028844
-0.0278219
-0.0267936
-0.02576
-0.0247222
-0.0236811
-0.0226376
-0.0215925
-0.0205468
-0.019501
-0.0184561
-0.0174126
-0.0163712
-0.0153324
-0.0142969
-0.0132651
-0.0122375
-0.0112145
-0.0101965
-0.00918379
-0.00817661
-0.00717497
-0.00617964
-0.00518823
-0.00420897
-0.00321199
-0.00230478
-0.00112721
-0.00117719
-0.201638
-0.201788
-0.201783
-0.201794
-0.201809
-0.201827
-0.201844
-0.201858
-0.201867
-0.20187
-0.201866
-0.201854
-0.201833
-0.201802
-0.201761
-0.20171
-0.201647
-0.201573
-0.201487
-0.201388
-0.201276
-0.201152
-0.201014
-0.200863
-0.200697
-0.200518
-0.200325
-0.200117
-0.199895
-0.199657
-0.199405
-0.199138
-0.198856
-0.198559
-0.198247
-0.197918
-0.197575
-0.197216
-0.196841
-0.19645
-0.196043
-0.195621
-0.195182
-0.194727
-0.194256
-0.193768
-0.193264
-0.192743
-0.192205
-0.19165
-0.191078
-0.190489
-0.189882
-0.189258
-0.188615
-0.187954
-0.187274
-0.186575
-0.185857
-0.185119
-0.184359
-0.183579
-0.182776
-0.181951
-0.181101
-0.180227
-0.179326
-0.178396
-0.177436
-0.176444
-0.175417
-0.174353
-0.173249
-0.1721
-0.170904
-0.169655
-0.168348
-0.166976
-0.165531
-0.164003
-0.16238
-0.160646
-0.158784
-0.156771
-0.154583
-0.152192
-0.14957
-0.146686
-0.14351
-0.140016
-0.136181
-0.131989
-0.127432
-0.122513
-0.117245
-0.111657
-0.105786
-0.0996863
-0.0934213
-0.0870647
-0.080698
-0.0744069
-0.0682783
-0.0623973
-0.0568431
-0.0516866
-0.0469873
-0.0427916
-0.0391318
-0.0360252
-0.0334746
-0.0314693
-0.0299866
-0.0289937
-0.0284498
-0.0283085
-0.0285199
-0.0290326
-0.0297954
-0.0307592
-0.0318773
-0.033107
-0.0344098
-0.0357518
-0.0371033
-0.0384394
-0.0397392
-0.0409857
-0.0421655
-0.0432682
-0.0442862
-0.0452142
-0.0460489
-0.0467886
-0.047434
-0.0479811
-0.0484373
-0.0488028
-0.0490798
-0.0492717
-0.0493818
-0.0494134
-0.0493703
-0.049256
-0.049074
-0.048828
-0.0485213
-0.0481573
-0.0477393
-0.0472703
-0.0467534
-0.0461915
-0.0455872
-0.0449433
-0.0442622
-0.0435463
-0.0427978
-0.0420191
-0.041212
-0.0403787
-0.039521
-0.0386407
-0.0377396
-0.0368192
-0.0358812
-0.0349271
-0.0339583
-0.0329762
-0.0319822
-0.0309776
-0.0299635
-0.0289412
-0.0279118
-0.0268763
-0.0258358
-0.0247914
-0.0237438
-0.0226941
-0.0216431
-0.0205917
-0.0195405
-0.0184904
-0.017442
-0.0163959
-0.0153529
-0.0143134
-0.0132779
-0.012247
-0.0112211
-0.0102005
-0.00918549
-0.00817641
-0.00717317
-0.00617653
-0.00518381
-0.00420368
-0.00320384
-0.00229898
-0.00110392
-0.00121838
-0.201836
-0.201961
-0.201931
-0.201924
-0.201926
-0.201932
-0.20194
-0.201946
-0.201948
-0.201945
-0.201936
-0.20192
-0.201895
-0.201861
-0.201817
-0.201762
-0.201697
-0.201621
-0.201532
-0.201432
-0.201319
-0.201192
-0.201053
-0.2009
-0.200734
-0.200553
-0.200359
-0.20015
-0.199927
-0.199689
-0.199436
-0.199168
-0.198885
-0.198587
-0.198274
-0.197945
-0.197601
-0.197241
-0.196866
-0.196475
-0.196068
-0.195645
-0.195206
-0.194751
-0.194279
-0.193791
-0.193287
-0.192766
-0.192228
-0.191673
-0.191102
-0.190513
-0.189906
-0.189282
-0.188639
-0.187979
-0.187299
-0.186601
-0.185883
-0.185145
-0.184387
-0.183607
-0.182805
-0.18198
-0.181131
-0.180257
-0.179356
-0.178426
-0.177466
-0.176474
-0.175447
-0.174381
-0.173275
-0.172123
-0.170923
-0.169669
-0.168355
-0.166975
-0.165519
-0.163978
-0.162339
-0.160586
-0.1587
-0.156661
-0.154444
-0.152022
-0.149368
-0.146451
-0.143245
-0.139725
-0.13587
-0.131669
-0.127116
-0.122217
-0.116989
-0.111463
-0.105682
-0.0996981
-0.0935785
-0.0873968
-0.0812335
-0.0751725
-0.0692977
-0.0636895
-0.058422
-0.05356
-0.0491562
-0.0452504
-0.041868
-0.0390198
-0.0367032
-0.0349028
-0.0335921
-0.0327361
-0.0322927
-0.0322155
-0.0324554
-0.0329629
-0.0336896
-0.0345891
-0.0356185
-0.0367387
-0.0379148
-0.0391164
-0.0403175
-0.0414961
-0.0426342
-0.0437173
-0.0447343
-0.0456765
-0.0465377
-0.047314
-0.0480028
-0.0486033
-0.0491156
-0.0495386
-0.0498777
-0.0501336
-0.0503084
-0.0504052
-0.0504272
-0.0503774
-0.0502593
-0.0500759
-0.0498305
-0.0495263
-0.0491664
-0.0487537
-0.0482911
-0.0477815
-0.0472275
-0.0466317
-0.0459965
-0.0453243
-0.0446173
-0.0438778
-0.0431077
-0.042309
-0.0414836
-0.0406334
-0.03976
-0.0388651
-0.0379503
-0.0370172
-0.0360673
-0.0351019
-0.0341224
-0.0331301
-0.0321264
-0.0311125
-0.0300894
-0.0290585
-0.0280207
-0.0269772
-0.0259289
-0.0248769
-0.023822
-0.0227653
-0.0217075
-0.0206494
-0.019592
-0.0185358
-0.0174817
-0.0164303
-0.0153822
-0.0143381
-0.0132983
-0.0122635
-0.0112341
-0.0102104
-0.00919276
-0.00818143
-0.00717634
-0.00617819
-0.00518412
-0.00420294
-0.003201
-0.00229625
-0.00109184
-0.0012322
-0.202117
-0.20218
-0.202108
-0.202071
-0.202052
-0.202042
-0.202037
-0.202033
-0.202027
-0.202017
-0.202002
-0.20198
-0.201951
-0.201913
-0.201866
-0.201809
-0.201741
-0.201662
-0.201572
-0.201469
-0.201354
-0.201226
-0.201086
-0.200932
-0.200764
-0.200582
-0.200387
-0.200177
-0.199952
-0.199713
-0.19946
-0.199191
-0.198908
-0.198609
-0.198295
-0.197966
-0.197622
-0.197261
-0.196886
-0.196494
-0.196087
-0.195663
-0.195224
-0.194769
-0.194297
-0.193809
-0.193304
-0.192783
-0.192245
-0.191691
-0.191119
-0.19053
-0.189923
-0.189299
-0.188657
-0.187996
-0.187317
-0.186618
-0.1859
-0.185162
-0.184403
-0.183623
-0.18282
-0.181994
-0.181144
-0.180268
-0.179365
-0.178433
-0.17747
-0.176474
-0.175442
-0.17437
-0.173257
-0.172097
-0.170887
-0.16962
-0.168292
-0.166894
-0.165419
-0.163854
-0.162187
-0.160402
-0.158482
-0.156404
-0.154145
-0.15168
-0.148981
-0.146021
-0.142776
-0.139223
-0.135346
-0.131136
-0.126591
-0.121721
-0.116548
-0.111105
-0.105436
-0.0995993
-0.0936599
-0.0876918
-0.081774
-0.0759872
-0.0704109
-0.0651202
-0.0601824
-0.0556549
-0.051583
-0.0479986
-0.0449198
-0.0423508
-0.0402831
-0.0386968
-0.0375622
-0.0368422
-0.0364941
-0.0364721
-0.0367288
-0.0372173
-0.0378922
-0.0387109
-0.0396345
-0.040628
-0.0416604
-0.0427053
-0.0437402
-0.0447464
-0.0457089
-0.0466157
-0.0474578
-0.0482284
-0.0489228
-0.049538
-0.0500725
-0.0505258
-0.0508987
-0.0511911
-0.0514069
-0.0515476
-0.0516151
-0.0516122
-0.0515418
-0.0514068
-0.0512099
-0.0509541
-0.0506423
-0.0502771
-0.0498612
-0.0493974
-0.048888
-0.0483357
-0.0477426
-0.0471111
-0.0464433
-0.0457412
-0.0450069
-0.0442424
-0.0434493
-0.0426294
-0.0417846
-0.0409163
-0.0400262
-0.0391158
-0.0381865
-0.0372398
-0.036277
-0.0352994
-0.0343084
-0.0333052
-0.032291
-0.0312669
-0.0302342
-0.0291938
-0.0281469
-0.0270946
-0.0260377
-0.0249774
-0.0239145
-0.0228499
-0.0217845
-0.0207192
-0.0196547
-0.0185918
-0.0175313
-0.0164738
-0.01542
-0.0143705
-0.0133259
-0.0122866
-0.0112532
-0.010226
-0.00920534
-0.00819147
-0.0071843
-0.0061845
-0.00518915
-0.00420685
-0.00320392
-0.00229706
-0.00109302
-0.00121648
-0.202512
-0.202443
-0.202304
-0.202224
-0.202176
-0.202146
-0.202125
-0.20211
-0.202094
-0.202077
-0.202056
-0.202029
-0.201995
-0.201954
-0.201904
-0.201844
-0.201774
-0.201692
-0.2016
-0.201496
-0.201379
-0.20125
-0.201108
-0.200953
-0.200784
-0.200601
-0.200405
-0.200194
-0.199969
-0.19973
-0.199475
-0.199206
-0.198922
-0.198623
-0.198309
-0.197979
-0.197634
-0.197274
-0.196897
-0.196506
-0.196098
-0.195674
-0.195235
-0.194779
-0.194307
-0.193818
-0.193314
-0.192792
-0.192254
-0.191699
-0.191127
-0.190537
-0.18993
-0.189305
-0.188662
-0.188
-0.18732
-0.18662
-0.1859
-0.185161
-0.1844
-0.183617
-0.182811
-0.181982
-0.181128
-0.180247
-0.179339
-0.1784
-0.177429
-0.176424
-0.175382
-0.174298
-0.173171
-0.171995
-0.170766
-0.169478
-0.168125
-0.166699
-0.165191
-0.16359
-0.161883
-0.160054
-0.158084
-0.155954
-0.15364
-0.151118
-0.148363
-0.145351
-0.142059
-0.138469
-0.134569
-0.130353
-0.125825
-0.120998
-0.115898
-0.110562
-0.105036
-0.0993794
-0.0936579
-0.0879441
-0.0823143
-0.0768449
-0.0716097
-0.0666769
-0.0621062
-0.0579465
-0.0542348
-0.0509945
-0.0482362
-0.0459574
-0.0441441
-0.0427721
-0.0418091
-0.0412167
-0.0409525
-0.0409718
-0.0412297
-0.0416825
-0.0422887
-0.0430099
-0.0438114
-0.0446627
-0.0455371
-0.0464121
-0.0472689
-0.0480922
-0.0488698
-0.0495922
-0.0502523
-0.0508453
-0.0513676
-0.0518173
-0.0521936
-0.0524965
-0.0527276
-0.0528868
-0.0529772
-0.0530009
-0.0529595
-0.0528556
-0.0526916
-0.0524701
-0.0521935
-0.0518643
-0.0514849
-0.0510578
-0.0505853
-0.0500695
-0.0495126
-0.0489167
-0.0482839
-0.047616
-0.0469149
-0.0461824
-0.0454202
-0.04463
-0.0438133
-0.0429718
-0.0421069
-0.0412201
-0.0403128
-0.0393864
-0.0384421
-0.0374812
-0.0365051
-0.035515
-0.034512
-0.0334973
-0.032472
-0.0314374
-0.0303944
-0.0293441
-0.0282876
-0.0272258
-0.0261599
-0.0250906
-0.0240191
-0.0229461
-0.0218725
-0.0207993
-0.0197272
-0.018657
-0.0175895
-0.0165253
-0.0154653
-0.0144099
-0.0133599
-0.0123157
-0.0112779
-0.0102467
-0.00922271
-0.00820604
-0.00719664
-0.00619512
-0.00519863
-0.00421527
-0.00321272
-0.00230169
-0.00110869
-0.0011708
-0.203071
-0.202743
-0.202503
-0.202364
-0.202281
-0.202228
-0.202192
-0.202164
-0.20214
-0.202116
-0.20209
-0.202059
-0.202022
-0.201977
-0.201924
-0.201862
-0.20179
-0.201708
-0.201614
-0.201508
-0.201391
-0.201261
-0.201118
-0.200962
-0.200792
-0.200609
-0.200412
-0.200201
-0.199975
-0.199735
-0.19948
-0.199211
-0.198927
-0.198627
-0.198312
-0.197982
-0.197637
-0.197276
-0.196899
-0.196507
-0.196099
-0.195675
-0.195235
-0.194778
-0.194306
-0.193817
-0.193311
-0.192789
-0.19225
-0.191694
-0.19112
-0.190529
-0.18992
-0.189294
-0.188648
-0.187984
-0.187301
-0.186598
-0.185875
-0.185131
-0.184365
-0.183577
-0.182765
-0.181929
-0.181067
-0.180177
-0.179257
-0.178306
-0.177322
-0.1763
-0.17524
-0.174136
-0.172985
-0.171783
-0.170525
-0.169204
-0.167814
-0.166347
-0.164793
-0.163142
-0.161379
-0.15949
-0.157456
-0.155259
-0.152876
-0.150285
-0.147464
-0.144392
-0.141049
-0.137422
-0.133502
-0.129289
-0.124791
-0.120025
-0.115022
-0.109821
-0.104471
-0.0990311
-0.0935667
-0.0881481
-0.0828471
-0.0777348
-0.072878
-0.0683368
-0.0641622
-0.060394
-0.0570603
-0.054176
-0.0517441
-0.0497558
-0.048192
-0.0470251
-0.046221
-0.0457409
-0.0455433
-0.0455858
-0.0458266
-0.0462259
-0.0467463
-0.0473543
-0.0480197
-0.0487166
-0.0494226
-0.0501191
-0.050791
-0.0514261
-0.0520149
-0.0525503
-0.0530272
-0.0534419
-0.0537924
-0.0540776
-0.0542971
-0.0544513
-0.0545423
-0.0545702
-0.0545376
-0.0544463
-0.0542981
-0.054095
-0.0538393
-0.053533
-0.0531782
-0.0527771
-0.0523316
-0.0518438
-0.0513155
-0.0507487
-0.0501451
-0.0495065
-0.0488345
-0.0481308
-0.0473968
-0.0466343
-0.0458445
-0.0450289
-0.044189
-0.0433259
-0.0424412
-0.0415359
-0.0406114
-0.039669
-0.0387096
-0.0377347
-0.0367452
-0.0357424
-0.0347273
-0.033701
-0.0326646
-0.0316191
-0.0305657
-0.0295052
-0.0284388
-0.0273674
-0.026292
-0.0252136
-0.024133
-0.0230512
-0.0219691
-0.0208876
-0.0198074
-0.0187295
-0.0176546
-0.0165834
-0.0155166
-0.014455
-0.0133992
-0.0123497
-0.011307
-0.0102717
-0.00924406
-0.0082244
-0.00721266
-0.00620942
-0.00521202
-0.00422776
-0.00322711
-0.00231011
-0.00113907
-0.0010963
-0.203863
-0.203056
-0.202678
-0.202463
-0.202344
-0.20227
-0.20222
-0.202184
-0.202155
-0.202126
-0.202097
-0.202063
-0.202024
-0.201978
-0.201924
-0.201861
-0.201789
-0.201705
-0.201611
-0.201505
-0.201387
-0.201257
-0.201113
-0.200957
-0.200787
-0.200604
-0.200406
-0.200195
-0.199969
-0.199729
-0.199474
-0.199204
-0.198919
-0.19862
-0.198305
-0.197974
-0.197628
-0.197267
-0.19689
-0.196497
-0.196088
-0.195663
-0.195222
-0.194765
-0.194291
-0.1938
-0.193293
-0.192769
-0.192228
-0.19167
-0.191094
-0.1905
-0.189888
-0.189257
-0.188608
-0.187939
-0.18725
-0.186541
-0.185811
-0.18506
-0.184285
-0.183487
-0.182664
-0.181815
-0.180939
-0.180033
-0.179095
-0.178124
-0.177117
-0.176071
-0.174982
-0.173847
-0.172662
-0.171422
-0.170121
-0.168753
-0.167312
-0.165788
-0.164173
-0.162455
-0.160621
-0.158656
-0.156544
-0.154265
-0.151801
-0.149132
-0.146237
-0.1431
-0.139706
-0.136045
-0.132114
-0.127918
-0.123468
-0.118788
-0.11391
-0.108876
-0.103738
-0.0985526
-0.0933841
-0.0882987
-0.083363
-0.0786413
-0.0741921
-0.0700667
-0.0663065
-0.0629421
-0.0599921
-0.0574636
-0.0553523
-0.0536436
-0.0523144
-0.0513347
-0.0506694
-0.0502804
-0.050128
-0.0501728
-0.050377
-0.050705
-0.0511243
-0.051606
-0.0521249
-0.0526594
-0.0531915
-0.0537064
-0.0541923
-0.0546399
-0.0550422
-0.0553942
-0.0556922
-0.0559342
-0.0561187
-0.0562455
-0.0563147
-0.0563273
-0.056284
-0.056187
-0.0560375
-0.0558371
-0.0555876
-0.0552905
-0.0549478
-0.0545612
-0.0541324
-0.0536631
-0.053155
-0.0526096
-0.0520286
-0.0514133
-0.0507654
-0.0500861
-0.0493769
-0.048639
-0.0478738
-0.0470825
-0.0462664
-0.0454266
-0.0445643
-0.0436806
-0.0427768
-0.0418538
-0.0409128
-0.0399548
-0.038981
-0.0379924
-0.0369899
-0.0359747
-0.0349478
-0.0339101
-0.0328628
-0.0318067
-0.0307429
-0.0296724
-0.0285962
-0.0275151
-0.0264303
-0.0253425
-0.0242529
-0.0231622
-0.0220714
-0.0209814
-0.019893
-0.0188071
-0.0177245
-0.0166459
-0.0155722
-0.0145041
-0.0134422
-0.0123871
-0.0113395
-0.0102997
-0.00926831
-0.00824555
-0.00723144
-0.00622651
-0.00522847
-0.00424355
-0.00324634
-0.0023219
-0.00118326
-0.000995685
-0.204976
-0.203321
-0.202784
-0.202492
-0.202339
-0.202252
-0.202198
-0.20216
-0.202129
-0.202101
-0.202072
-0.202038
-0.202
-0.201955
-0.201901
-0.201839
-0.201767
-0.201684
-0.20159
-0.201484
-0.201367
-0.201237
-0.201094
-0.200938
-0.200769
-0.200585
-0.200388
-0.200177
-0.199951
-0.199711
-0.199456
-0.199186
-0.198901
-0.1986
-0.198285
-0.197954
-0.197607
-0.197245
-0.196867
-0.196473
-0.196062
-0.195636
-0.195193
-0.194734
-0.194258
-0.193765
-0.193255
-0.192727
-0.192182
-0.19162
-0.191039
-0.19044
-0.189822
-0.189185
-0.188528
-0.187851
-0.187154
-0.186434
-0.185693
-0.184928
-0.184139
-0.183325
-0.182485
-0.181616
-0.180717
-0.179787
-0.178823
-0.177822
-0.176782
-0.175699
-0.17457
-0.173391
-0.172158
-0.170864
-0.169506
-0.168076
-0.166567
-0.164971
-0.163277
-0.161476
-0.159555
-0.1575
-0.155294
-0.152923
-0.150368
-0.147613
-0.144641
-0.141441
-0.138
-0.134316
-0.130389
-0.126228
-0.121852
-0.117285
-0.112565
-0.107734
-0.102843
-0.0979489
-0.0931116
-0.0883926
-0.0838517
-0.0795451
-0.0755225
-0.0718255
-0.0684857
-0.0655244
-0.0629514
-0.060766
-0.0589578
-0.0575076
-0.0563891
-0.0555711
-0.0550188
-0.0546954
-0.0545644
-0.05459
-0.0547387
-0.0549796
-0.0552854
-0.0556319
-0.0559985
-0.0563681
-0.0567266
-0.0570627
-0.0573676
-0.0576345
-0.0578586
-0.0580365
-0.058166
-0.0582459
-0.0582756
-0.0582552
-0.0581852
-0.0580667
-0.0579003
-0.0576883
-0.0574315
-0.0571311
-0.0567887
-0.0564057
-0.0559834
-0.0555234
-0.0550269
-0.0544953
-0.0539299
-0.0533318
-0.0527024
-0.0520429
-0.0513542
-0.0506376
-0.0498942
-0.049125
-0.048331
-0.0475133
-0.0466728
-0.0458106
-0.0449277
-0.0440249
-0.0431033
-0.0421639
-0.0412075
-0.0402351
-0.0392477
-0.0382462
-0.0372316
-0.0362047
-0.0351666
-0.0341182
-0.0330604
-0.0319942
-0.0309205
-0.0298403
-0.0287546
-0.0276642
-0.0265701
-0.0254734
-0.0243748
-0.0232753
-0.0221759
-0.0210775
-0.0199809
-0.018887
-0.0177967
-0.0167108
-0.0156301
-0.0145553
-0.0134872
-0.0124265
-0.0113737
-0.0103295
-0.00929419
-0.00826828
-0.00725182
-0.00624529
-0.0052469
-0.00426158
-0.00326921
-0.0023362
-0.00123907
-0.000873219
-0.206689
-0.203419
-0.202697
-0.202428
-0.202252
-0.20216
-0.202115
-0.202087
-0.202062
-0.202038
-0.202014
-0.201984
-0.201949
-0.201907
-0.201856
-0.201796
-0.201726
-0.201645
-0.201553
-0.201449
-0.201333
-0.201204
-0.201062
-0.200907
-0.200738
-0.200555
-0.200358
-0.200147
-0.199921
-0.199681
-0.199426
-0.199155
-0.19887
-0.198569
-0.198252
-0.19792
-0.197572
-0.197208
-0.196828
-0.196432
-0.196019
-0.19559
-0.195144
-0.194681
-0.194201
-0.193703
-0.193188
-0.192655
-0.192104
-0.191535
-0.190946
-0.190339
-0.189711
-0.189064
-0.188395
-0.187705
-0.186993
-0.186258
-0.185499
-0.184715
-0.183904
-0.183067
-0.1822
-0.181302
-0.180372
-0.179407
-0.178404
-0.177361
-0.176275
-0.175143
-0.17396
-0.172722
-0.171424
-0.170062
-0.16863
-0.16712
-0.165527
-0.163841
-0.162054
-0.160154
-0.158131
-0.155972
-0.153664
-0.151191
-0.148541
-0.145699
-0.142653
-0.139396
-0.135921
-0.132229
-0.128327
-0.124228
-0.119954
-0.115534
-0.111005
-0.106411
-0.101803
-0.0972326
-0.0927563
-0.088429
-0.0843027
-0.0804248
-0.0768356
-0.0735667
-0.0706403
-0.0680685
-0.0658531
-0.063987
-0.0624543
-0.0612326
-0.0602939
-0.0596068
-0.0591378
-0.058853
-0.0587193
-0.0587052
-0.058782
-0.0589238
-0.059108
-0.0593154
-0.0595296
-0.0597377
-0.0599288
-0.0600949
-0.0602296
-0.0603285
-0.0603882
-0.0604067
-0.0603829
-0.0603161
-0.0602064
-0.0600541
-0.0598598
-0.0596244
-0.0593491
-0.0590351
-0.0586832
-0.0582944
-0.05787
-0.0574111
-0.0569187
-0.056394
-0.0558378
-0.0552512
-0.0546352
-0.0539908
-0.0533187
-0.0526199
-0.0518953
-0.0511457
-0.0503719
-0.0495749
-0.0487553
-0.0479141
-0.047052
-0.0461699
-0.0452685
-0.0443487
-0.0434112
-0.042457
-0.0414867
-0.0405014
-0.0395017
-0.0384886
-0.0374629
-0.0364255
-0.0353771
-0.0343189
-0.0332515
-0.0321759
-0.031093
-0.0300038
-0.0289092
-0.02781
-0.0267073
-0.0256019
-0.0244948
-0.023387
-0.0222793
-0.0211728
-0.0200682
-0.0189666
-0.0178688
-0.0167756
-0.015688
-0.0146067
-0.0135325
-0.0124661
-0.0114082
-0.0103594
-0.00932031
-0.00829127
-0.00727253
-0.00626452
-0.00526604
-0.00428057
-0.00329413
-0.00235182
-0.00130315
-0.00073476
-0.209436
-0.203287
-0.202301
-0.202256
-0.202101
-0.202002
-0.201978
-0.201972
-0.20196
-0.201946
-0.20193
-0.201908
-0.201879
-0.201842
-0.201796
-0.20174
-0.201673
-0.201595
-0.201505
-0.201403
-0.201289
-0.201161
-0.201021
-0.200866
-0.200698
-0.200516
-0.200319
-0.200108
-0.199882
-0.199641
-0.199385
-0.199113
-0.198826
-0.198524
-0.198205
-0.197871
-0.19752
-0.197154
-0.19677
-0.19637
-0.195953
-0.19552
-0.195068
-0.1946
-0.194113
-0.193609
-0.193086
-0.192544
-0.191983
-0.191403
-0.190803
-0.190182
-0.18954
-0.188876
-0.188191
-0.187481
-0.186748
-0.18599
-0.185205
-0.184393
-0.183553
-0.182681
-0.181778
-0.180841
-0.179867
-0.178854
-0.177801
-0.176702
-0.175556
-0.174359
-0.173106
-0.171793
-0.170416
-0.168968
-0.167445
-0.165841
-0.164147
-0.162356
-0.16046
-0.15845
-0.156314
-0.154044
-0.151626
-0.14905
-0.146305
-0.143381
-0.140272
-0.136971
-0.133481
-0.129805
-0.125954
-0.121947
-0.117807
-0.113567
-0.109264
-0.10494
-0.100644
-0.0964244
-0.0923304
-0.08841
-0.0847068
-0.081259
-0.0780969
-0.0752429
-0.07271
-0.0705019
-0.0686139
-0.0670332
-0.0657404
-0.0647109
-0.0639165
-0.0633268
-0.0629108
-0.062638
-0.0624795
-0.0624085
-0.0624012
-0.0624366
-0.0624968
-0.0625668
-0.0626344
-0.0626899
-0.0627257
-0.062736
-0.0627167
-0.0626649
-0.0625785
-0.0624565
-0.0622983
-0.0621038
-0.0618733
-0.0616071
-0.0613059
-0.0609705
-0.0606019
-0.0602008
-0.0597679
-0.059304
-0.0588099
-0.0582866
-0.0577347
-0.057155
-0.0565481
-0.0559149
-0.055256
-0.054572
-0.0538636
-0.0531315
-0.0523762
-0.0515985
-0.0507989
-0.0499781
-0.0491366
-0.0482753
-0.0473946
-0.0464953
-0.0455781
-0.0446435
-0.0436924
-0.0427254
-0.0417432
-0.0407465
-0.0397362
-0.0387129
-0.0376775
-0.0366307
-0.0355734
-0.0345063
-0.0334304
-0.0323465
-0.0312554
-0.030158
-0.0290553
-0.0279481
-0.0268374
-0.0257241
-0.0246092
-0.0234936
-0.0223782
-0.021264
-0.020152
-0.019043
-0.017938
-0.016838
-0.0157437
-0.0146561
-0.0135759
-0.0125041
-0.0114412
-0.0103881
-0.00934522
-0.00831317
-0.00729225
-0.00628289
-0.00528452
-0.00429909
-0.00331927
-0.00236733
-0.00137115
-0.000587514
)
;

boundaryField
{
    inlet
    {
        type            zeroGradient;
    }
    outlet
    {
        type            fixedValue;
        value           uniform 0;
    }
    walls
    {
        type            zeroGradient;
    }
    frontAndBack
    {
        type            empty;
    }
}


// ************************************************************************* //
