/*--------------------------------*- C++ -*----------------------------------*\
  =========                 |
  \\      /  F ield         | OpenFOAM: The Open Source CFD Toolbox
   \\    /   O peration     | Website:  https://openfoam.org
    \\  /    A nd           | Version:  11
     \\/     M anipulation  |
\*---------------------------------------------------------------------------*/
FoamFile
{
    format      ascii;
    class       volScalarField;
    location    "23";
    object      p;
}
// * * * * * * * * * * * * * * * * * * * * * * * * * * * * * * * * * * * * * //

dimensions      [0 2 -2 0 0 0 0];

internalField   nonuniform List<scalar> 
8400
(
-0.141721
-0.144675
-0.147957
-0.15096
-0.1539
-0.156899
-0.159955
-0.163051
-0.166188
-0.169374
-0.172618
-0.175927
-0.179312
-0.182788
-0.186371
-0.190085
-0.193965
-0.198063
-0.202452
-0.207596
-0.141532
-0.144665
-0.148038
-0.151
-0.153901
-0.1569
-0.159965
-0.163064
-0.166201
-0.169388
-0.172633
-0.175945
-0.179333
-0.18281
-0.186396
-0.190112
-0.193989
-0.198058
-0.202261
-0.206149
-0.141349
-0.144638
-0.148107
-0.151031
-0.153882
-0.156876
-0.15995
-0.163049
-0.166181
-0.169364
-0.172604
-0.17591
-0.179289
-0.182755
-0.186322
-0.190008
-0.193824
-0.19775
-0.201592
-0.20473
-0.141166
-0.144559
-0.148133
-0.151048
-0.15385
-0.156827
-0.159905
-0.163002
-0.166124
-0.169294
-0.172521
-0.17581
-0.179167
-0.182603
-0.186127
-0.189746
-0.193447
-0.19716
-0.200628
-0.20328
-0.140979
-0.144438
-0.148108
-0.151036
-0.153796
-0.156747
-0.159821
-0.162914
-0.16602
-0.169169
-0.172373
-0.175633
-0.178953
-0.182339
-0.185795
-0.189314
-0.192861
-0.196334
-0.199471
-0.201792
-0.140785
-0.144287
-0.148034
-0.150985
-0.153711
-0.156633
-0.159696
-0.162778
-0.165864
-0.168984
-0.172153
-0.175372
-0.17864
-0.181958
-0.185323
-0.188716
-0.192089
-0.195324
-0.198183
-0.200285
-0.140587
-0.144117
-0.14792
-0.150892
-0.153594
-0.156485
-0.159532
-0.162598
-0.165656
-0.16874
-0.171866
-0.175033
-0.178235
-0.181469
-0.184726
-0.18798
-0.191172
-0.194186
-0.196818
-0.198778
-0.140385
-0.143933
-0.147773
-0.150762
-0.153445
-0.156308
-0.159333
-0.162377
-0.165404
-0.168445
-0.171521
-0.174626
-0.177752
-0.180891
-0.184031
-0.187139
-0.190156
-0.192973
-0.195423
-0.197292
-0.140185
-0.143743
-0.147605
-0.150602
-0.15327
-0.156107
-0.159107
-0.162124
-0.165116
-0.168111
-0.17113
-0.174168
-0.177211
-0.180251
-0.18327
-0.186234
-0.189087
-0.191733
-0.19404
-0.195852
-0.139992
-0.143555
-0.147424
-0.150421
-0.153075
-0.155889
-0.158864
-0.161852
-0.164805
-0.167753
-0.170713
-0.173679
-0.176638
-0.179577
-0.182477
-0.185306
-0.188011
-0.190514
-0.192709
-0.194486
-0.139813
-0.143377
-0.147242
-0.150229
-0.152869
-0.155665
-0.158616
-0.161572
-0.164486
-0.167385
-0.170288
-0.173184
-0.17606
-0.178902
-0.18169
-0.184396
-0.186972
-0.189354
-0.191464
-0.193222
-0.139657
-0.143217
-0.147065
-0.150034
-0.152662
-0.155444
-0.158373
-0.161298
-0.164174
-0.167027
-0.169874
-0.172705
-0.175503
-0.178254
-0.180942
-0.183539
-0.186006
-0.188292
-0.190337
-0.192087
-0.139531
-0.143081
-0.1469
-0.149844
-0.152462
-0.155238
-0.158147
-0.161042
-0.163882
-0.166695
-0.169492
-0.172262
-0.17499
-0.177663
-0.180264
-0.182769
-0.185146
-0.187356
-0.189354
-0.191103
-0.139444
-0.142976
-0.146751
-0.149664
-0.15228
-0.155055
-0.157948
-0.160814
-0.163624
-0.166402
-0.169156
-0.171875
-0.174544
-0.17715
-0.179678
-0.182109
-0.184416
-0.186569
-0.188534
-0.190286
-0.1394
-0.142904
-0.146619
-0.1495
-0.152124
-0.154905
-0.157783
-0.160625
-0.16341
-0.16616
-0.16888
-0.171557
-0.174178
-0.176732
-0.179204
-0.181578
-0.183833
-0.185944
-0.187889
-0.189647
-0.139407
-0.142866
-0.146501
-0.149353
-0.151999
-0.154793
-0.157657
-0.160479
-0.163245
-0.165976
-0.16867
-0.171316
-0.173903
-0.176418
-0.17885
-0.181184
-0.183402
-0.185487
-0.187419
-0.189184
-0.139464
-0.142856
-0.146393
-0.149229
-0.151911
-0.15472
-0.157571
-0.160377
-0.163133
-0.165851
-0.168529
-0.171155
-0.173718
-0.176208
-0.178615
-0.180924
-0.18312
-0.185189
-0.187116
-0.18889
-0.139569
-0.142857
-0.146289
-0.149134
-0.151863
-0.154683
-0.157522
-0.160318
-0.16307
-0.165782
-0.168451
-0.171065
-0.173616
-0.176094
-0.178487
-0.180783
-0.182969
-0.185031
-0.186958
-0.188738
-0.139717
-0.142849
-0.146188
-0.149074
-0.151853
-0.154676
-0.157503
-0.160295
-0.163047
-0.165758
-0.168424
-0.171034
-0.173582
-0.176055
-0.178444
-0.180737
-0.182922
-0.184984
-0.186914
-0.1887
-0.139901
-0.142854
-0.146108
-0.149041
-0.15186
-0.154686
-0.157508
-0.1603
-0.163055
-0.165769
-0.168437
-0.17105
-0.1736
-0.176077
-0.178471
-0.180768
-0.182958
-0.185027
-0.186963
-0.188757
-0.206911
-0.202103
-0.200975
-0.201088
-0.200998
-0.200888
-0.200876
-0.200891
-0.2009
-0.200898
-0.20089
-0.200877
-0.200855
-0.200824
-0.200782
-0.20073
-0.200667
-0.200592
-0.200505
-0.200405
-0.200292
-0.200165
-0.200025
-0.199871
-0.199703
-0.19952
-0.199322
-0.199109
-0.198881
-0.198638
-0.198379
-0.198104
-0.197813
-0.197506
-0.197182
-0.196842
-0.196485
-0.196111
-0.195719
-0.195309
-0.194882
-0.194436
-0.193972
-0.193489
-0.192986
-0.192463
-0.19192
-0.191356
-0.190771
-0.190163
-0.189532
-0.188877
-0.188197
-0.187492
-0.186759
-0.185999
-0.185208
-0.184386
-0.183531
-0.182641
-0.181714
-0.180746
-0.179737
-0.178681
-0.177577
-0.176421
-0.175208
-0.173934
-0.172595
-0.171186
-0.169701
-0.168136
-0.166482
-0.164735
-0.162885
-0.160925
-0.158847
-0.156638
-0.15429
-0.151792
-0.149131
-0.146298
-0.143286
-0.140086
-0.136699
-0.133127
-0.129379
-0.125472
-0.121428
-0.117279
-0.113062
-0.108821
-0.104603
-0.100459
-0.0964421
-0.0926001
-0.0889788
-0.0856173
-0.0825469
-0.0797894
-0.0773568
-0.0752513
-0.0734655
-0.0719838
-0.0707837
-0.0698376
-0.0691147
-0.0685823
-0.068208
-0.0679604
-0.0678106
-0.0677324
-0.067703
-0.0677032
-0.0677169
-0.0677312
-0.0677361
-0.0677237
-0.0676885
-0.0676265
-0.067535
-0.0674122
-0.0672574
-0.0670703
-0.066851
-0.0665999
-0.0663175
-0.0660046
-0.0656617
-0.0652892
-0.064889
-0.0644616
-0.064007
-0.0635258
-0.0630189
-0.062487
-0.0619305
-0.0613499
-0.0607458
-0.0601185
-0.0594685
-0.0587963
-0.0581023
-0.0573867
-0.0566502
-0.0558929
-0.0551155
-0.0543182
-0.0535015
-0.0526657
-0.0518115
-0.050939
-0.050049
-0.0491417
-0.0482177
-0.0472774
-0.0463215
-0.0453503
-0.0443646
-0.0433648
-0.0423515
-0.0413254
-0.040287
-0.0392371
-0.0381763
-0.0371053
-0.0360248
-0.0349356
-0.0338384
-0.032734
-0.0316233
-0.030507
-0.029386
-0.0282612
-0.0271335
-0.0260037
-0.0248728
-0.0237417
-0.0226112
-0.0214824
-0.0203562
-0.0192334
-0.0181151
-0.017002
-0.0158952
-0.0147955
-0.0137038
-0.0126208
-0.0115474
-0.0104842
-0.00943196
-0.00839119
-0.00736235
-0.00634581
-0.00534165
-0.00435016
-0.00337105
-0.00240229
-0.00145519
-0.000435849
-0.205669
-0.202119
-0.200789
-0.200874
-0.200871
-0.200766
-0.200747
-0.200775
-0.200797
-0.200803
-0.200803
-0.200796
-0.200781
-0.200755
-0.200718
-0.20067
-0.20061
-0.200537
-0.200452
-0.200353
-0.200241
-0.200114
-0.199974
-0.199819
-0.199649
-0.199465
-0.199264
-0.199049
-0.198818
-0.19857
-0.198307
-0.198027
-0.19773
-0.197417
-0.197086
-0.196738
-0.196373
-0.195989
-0.195587
-0.195166
-0.194726
-0.194267
-0.193788
-0.193288
-0.192767
-0.192225
-0.191661
-0.191073
-0.190462
-0.189826
-0.189165
-0.188478
-0.187762
-0.187018
-0.186243
-0.185436
-0.184596
-0.183721
-0.182808
-0.181855
-0.18086
-0.17982
-0.178733
-0.177594
-0.176401
-0.17515
-0.173836
-0.172456
-0.171005
-0.169478
-0.167871
-0.166178
-0.164392
-0.16251
-0.160523
-0.158425
-0.156209
-0.153867
-0.151391
-0.148774
-0.146009
-0.143089
-0.140012
-0.136776
-0.133385
-0.129846
-0.126174
-0.122387
-0.118513
-0.114581
-0.11063
-0.106701
-0.102837
-0.099083
-0.0954826
-0.0920762
-0.088899
-0.0859797
-0.0833388
-0.0809883
-0.0789312
-0.0771622
-0.0756683
-0.0744302
-0.0734236
-0.0726211
-0.0719938
-0.0715122
-0.0711484
-0.070876
-0.0706715
-0.0705144
-0.0703871
-0.0702752
-0.0701672
-0.0700539
-0.0699284
-0.0697856
-0.069622
-0.069435
-0.0692232
-0.0689856
-0.068722
-0.0684322
-0.0681165
-0.0677752
-0.0674089
-0.067018
-0.0666027
-0.0661626
-0.0657005
-0.0652157
-0.064708
-0.0641779
-0.063626
-0.0630526
-0.0624579
-0.0618423
-0.061206
-0.0605492
-0.0598721
-0.059175
-0.0584582
-0.0577219
-0.0569663
-0.0561917
-0.0553983
-0.0545865
-0.0537566
-0.0529088
-0.0520434
-0.0511609
-0.0502617
-0.0493459
-0.0484142
-0.0474669
-0.0465044
-0.0455272
-0.0445358
-0.0435307
-0.0425124
-0.0414816
-0.0404387
-0.0393844
-0.0383193
-0.037244
-0.0361594
-0.035066
-0.0339646
-0.0328559
-0.0317409
-0.0306202
-0.0294947
-0.0283653
-0.0272329
-0.0260983
-0.0249624
-0.0238263
-0.0226908
-0.0215568
-0.0204254
-0.0192975
-0.018174
-0.0170559
-0.0159441
-0.0148396
-0.0137433
-0.012656
-0.0115785
-0.0105117
-0.00945629
-0.00841291
-0.00738212
-0.00636429
-0.00536012
-0.00436838
-0.00339524
-0.00241649
-0.00151937
-0.000294708
-0.204802
-0.202316
-0.200865
-0.200759
-0.200781
-0.200685
-0.200644
-0.20067
-0.200701
-0.200716
-0.200722
-0.200722
-0.200712
-0.200692
-0.200659
-0.200614
-0.200556
-0.200485
-0.200401
-0.200303
-0.20019
-0.200063
-0.19992
-0.199763
-0.199591
-0.199402
-0.199198
-0.198977
-0.198741
-0.198487
-0.198217
-0.197929
-0.197624
-0.197301
-0.19696
-0.196601
-0.196223
-0.195826
-0.19541
-0.194973
-0.194516
-0.194038
-0.193539
-0.193017
-0.192472
-0.191904
-0.191311
-0.190694
-0.190049
-0.189378
-0.188678
-0.187948
-0.187187
-0.186394
-0.185566
-0.184703
-0.183801
-0.18286
-0.181876
-0.180848
-0.179772
-0.178646
-0.177466
-0.17623
-0.174934
-0.173574
-0.172146
-0.170647
-0.169072
-0.167416
-0.165675
-0.163846
-0.161922
-0.1599
-0.157773
-0.155538
-0.15319
-0.150722
-0.148131
-0.145411
-0.142561
-0.139578
-0.136464
-0.133222
-0.12986
-0.12639
-0.122829
-0.119199
-0.115526
-0.111842
-0.108182
-0.104583
-0.101083
-0.0977208
-0.0945304
-0.0915433
-0.0887848
-0.0862737
-0.084021
-0.0820302
-0.0802972
-0.078811
-0.0775551
-0.0765082
-0.0756462
-0.0749435
-0.0743741
-0.0739129
-0.0735365
-0.0732239
-0.0729569
-0.0727197
-0.0724996
-0.0722863
-0.0720715
-0.0718492
-0.0716148
-0.0713651
-0.0710977
-0.0708112
-0.0705047
-0.0701776
-0.0698299
-0.0694615
-0.0690726
-0.0686632
-0.0682337
-0.0677844
-0.0673154
-0.0668249
-0.0663167
-0.0657894
-0.0652425
-0.0646763
-0.0640911
-0.0634871
-0.0628644
-0.0622229
-0.0615627
-0.0608841
-0.060187
-0.0594715
-0.0587378
-0.057986
-0.0572163
-0.0564287
-0.0556235
-0.0548009
-0.053961
-0.0531042
-0.0522306
-0.0513405
-0.0504343
-0.0495123
-0.0485748
-0.0476221
-0.0466546
-0.0456729
-0.0446772
-0.0436681
-0.0426461
-0.0416116
-0.0405652
-0.0395075
-0.0384391
-0.0373606
-0.0362726
-0.0351759
-0.0340712
-0.0329591
-0.0318406
-0.0307163
-0.0295871
-0.0284539
-0.0273175
-0.0261789
-0.0250389
-0.0238984
-0.0227586
-0.0216202
-0.0204843
-0.0193518
-0.0182238
-0.0171012
-0.0159851
-0.0148763
-0.0137758
-0.0126845
-0.0116035
-0.0105334
-0.00947511
-0.00842935
-0.0073968
-0.00637783
-0.00537367
-0.00438173
-0.00341389
-0.00242622
-0.00157313
-0.000169166
-0.20371
-0.20209
-0.200793
-0.200573
-0.200621
-0.200567
-0.200526
-0.200551
-0.200593
-0.20062
-0.200636
-0.200644
-0.200642
-0.200627
-0.2006
-0.200558
-0.200503
-0.200434
-0.20035
-0.200252
-0.200138
-0.200008
-0.199863
-0.199702
-0.199524
-0.19933
-0.19912
-0.198892
-0.198647
-0.198385
-0.198105
-0.197806
-0.19749
-0.197154
-0.1968
-0.196425
-0.196031
-0.195617
-0.195181
-0.194724
-0.194245
-0.193743
-0.193218
-0.192668
-0.192093
-0.191493
-0.190865
-0.190209
-0.189524
-0.188808
-0.188061
-0.18728
-0.186465
-0.185612
-0.184722
-0.18379
-0.182817
-0.181798
-0.180732
-0.179616
-0.178448
-0.177224
-0.175941
-0.174596
-0.173186
-0.171707
-0.170155
-0.168527
-0.16682
-0.165029
-0.163151
-0.161182
-0.15912
-0.15696
-0.1547
-0.152336
-0.149866
-0.147288
-0.1446
-0.141801
-0.138891
-0.135875
-0.132756
-0.129541
-0.126244
-0.122877
-0.11946
-0.116017
-0.112573
-0.109158
-0.105804
-0.102542
-0.0994056
-0.096424
-0.093624
-0.0910275
-0.0886508
-0.0865038
-0.0845895
-0.0829048
-0.0814402
-0.0801813
-0.0791098
-0.0782045
-0.0774429
-0.0768023
-0.0762605
-0.075797
-0.0753932
-0.0750331
-0.0747028
-0.0743911
-0.0740889
-0.0737889
-0.0734858
-0.0731753
-0.0728546
-0.0725214
-0.0721743
-0.0718124
-0.071435
-0.0710416
-0.0706321
-0.0702064
-0.0697643
-0.0693059
-0.0688311
-0.0683401
-0.0678327
-0.0673071
-0.066766
-0.0662084
-0.0656339
-0.0650423
-0.0644337
-0.0638082
-0.0631655
-0.0625058
-0.0618289
-0.0611348
-0.0604235
-0.059695
-0.0589493
-0.0581865
-0.0574067
-0.0566099
-0.0557963
-0.0549659
-0.054119
-0.0532556
-0.0523761
-0.0514807
-0.0505695
-0.0496429
-0.0487012
-0.0477446
-0.0467736
-0.0457885
-0.0447898
-0.0437778
-0.0427529
-0.0417158
-0.0406669
-0.0396067
-0.0385358
-0.0374548
-0.0363643
-0.0352651
-0.0341578
-0.0330431
-0.0319218
-0.0307947
-0.0296625
-0.0285262
-0.0273866
-0.0262447
-0.0251012
-0.0239572
-0.0228137
-0.0216716
-0.0205319
-0.0193956
-0.0182637
-0.0171372
-0.0160172
-0.0149047
-0.0138006
-0.0127059
-0.0116216
-0.0105486
-0.00948774
-0.00843986
-0.00740575
-0.00638575
-0.00538157
-0.00438945
-0.00342592
-0.0024308
-0.00161347
-6.51041e-05
-0.202456
-0.201533
-0.200545
-0.200301
-0.200366
-0.20037
-0.200355
-0.200391
-0.20045
-0.200497
-0.200529
-0.20055
-0.200559
-0.200554
-0.200533
-0.200498
-0.200447
-0.200379
-0.200296
-0.200197
-0.200081
-0.199948
-0.199799
-0.199632
-0.199448
-0.199247
-0.199028
-0.198791
-0.198536
-0.198262
-0.197969
-0.197657
-0.197326
-0.196974
-0.196602
-0.196209
-0.195795
-0.195359
-0.1949
-0.194418
-0.193912
-0.193381
-0.192824
-0.192241
-0.19163
-0.19099
-0.190321
-0.18962
-0.188887
-0.18812
-0.187317
-0.186478
-0.185599
-0.184679
-0.183716
-0.182709
-0.181654
-0.180549
-0.179391
-0.178179
-0.176909
-0.175578
-0.174183
-0.172722
-0.171191
-0.169586
-0.167906
-0.166146
-0.164304
-0.162378
-0.160364
-0.15826
-0.156065
-0.153777
-0.151395
-0.148917
-0.146344
-0.143677
-0.140916
-0.138064
-0.135126
-0.132107
-0.129016
-0.125863
-0.122662
-0.119429
-0.116186
-0.112953
-0.109756
-0.106622
-0.103577
-0.100649
-0.0978619
-0.0952389
-0.092798
-0.0905531
-0.0885122
-0.0866781
-0.0850476
-0.0836126
-0.0823606
-0.0812756
-0.0803392
-0.0795319
-0.0788338
-0.0782257
-0.0776897
-0.0772097
-0.0767716
-0.0763635
-0.0759755
-0.0755995
-0.0752292
-0.0748598
-0.0744876
-0.0741096
-0.073724
-0.0733292
-0.0729241
-0.0725078
-0.0720799
-0.0716398
-0.0711871
-0.0707216
-0.0702429
-0.0697509
-0.0692451
-0.0687255
-0.0681914
-0.0676434
-0.0670799
-0.0665018
-0.0659086
-0.0653
-0.0646757
-0.0640356
-0.0633797
-0.0627076
-0.0620194
-0.0613149
-0.060594
-0.0598567
-0.0591029
-0.0583327
-0.057546
-0.056743
-0.0559235
-0.0550879
-0.0542361
-0.0533683
-0.0524848
-0.0515856
-0.050671
-0.0497412
-0.0487966
-0.0478374
-0.046864
-0.0458766
-0.0448757
-0.0438616
-0.0428349
-0.0417959
-0.0407451
-0.0396831
-0.0386104
-0.0375277
-0.0364354
-0.0353343
-0.034225
-0.0331083
-0.0319849
-0.0308556
-0.0297211
-0.0285824
-0.0274403
-0.0262957
-0.0251494
-0.0240026
-0.0228561
-0.0217108
-0.020568
-0.0194284
-0.0182933
-0.0171636
-0.0160403
-0.0149245
-0.0138173
-0.0127196
-0.0116325
-0.010557
-0.00949391
-0.00844415
-0.00740865
-0.00638774
-0.00538348
-0.0043912
-0.00343084
-0.00243008
-0.00163889
1.36506e-05
-0.201126
-0.200747
-0.20011
-0.19992
-0.200012
-0.200084
-0.200119
-0.200183
-0.200268
-0.200342
-0.200397
-0.200436
-0.20046
-0.200468
-0.200458
-0.20043
-0.200384
-0.20032
-0.200238
-0.200137
-0.200019
-0.199883
-0.199728
-0.199555
-0.199363
-0.199153
-0.198923
-0.198675
-0.198407
-0.198119
-0.197811
-0.197483
-0.197134
-0.196763
-0.196371
-0.195956
-0.195518
-0.195057
-0.194571
-0.194059
-0.193522
-0.192957
-0.192365
-0.191743
-0.191091
-0.190407
-0.18969
-0.188939
-0.188152
-0.187327
-0.186463
-0.185558
-0.184609
-0.183616
-0.182574
-0.181484
-0.180341
-0.179143
-0.177888
-0.176574
-0.175196
-0.173754
-0.172244
-0.170662
-0.169008
-0.167277
-0.165468
-0.163578
-0.161606
-0.159549
-0.157406
-0.155178
-0.152863
-0.150461
-0.147974
-0.145402
-0.142749
-0.140018
-0.137212
-0.134337
-0.1314
-0.128411
-0.125379
-0.122317
-0.119242
-0.116169
-0.113118
-0.110111
-0.10717
-0.104317
-0.101574
-0.0989627
-0.0965006
-0.0942029
-0.0920806
-0.0901403
-0.0883836
-0.0868076
-0.0854049
-0.0841646
-0.0830729
-0.0821137
-0.0812702
-0.0805253
-0.0798624
-0.0792661
-0.0787225
-0.0782195
-0.0777467
-0.0772955
-0.0768588
-0.0764312
-0.0760082
-0.0755864
-0.0751631
-0.0747364
-0.0743046
-0.0738665
-0.0734213
-0.0729679
-0.0725059
-0.0720344
-0.0715531
-0.0710613
-0.0705586
-0.0700446
-0.0695188
-0.0689808
-0.06843
-0.067867
-0.0672888
-0.0666976
-0.0660927
-0.0654731
-0.0648387
-0.0641894
-0.0635249
-0.062845
-0.0621496
-0.0614384
-0.0607113
-0.0599683
-0.0592094
-0.0584343
-0.0576432
-0.056836
-0.0560129
-0.0551738
-0.0543188
-0.0534482
-0.0525619
-0.0516603
-0.0507435
-0.0498117
-0.0488652
-0.0479042
-0.0469291
-0.0459402
-0.0449379
-0.0439225
-0.0428944
-0.0418541
-0.0408021
-0.0397389
-0.038665
-0.037581
-0.0364874
-0.0353849
-0.0342743
-0.0331561
-0.0320311
-0.0309001
-0.0297639
-0.0286233
-0.0274792
-0.0263325
-0.0251841
-0.0240349
-0.022886
-0.0217383
-0.0205929
-0.0194507
-0.0183129
-0.0171804
-0.0160545
-0.014936
-0.0138261
-0.0127259
-0.0116364
-0.0105587
-0.00949366
-0.00844228
-0.00740554
-0.00638382
-0.00537941
-0.00438702
-0.00342871
-0.00242435
-0.00164937
6.5568e-05
-0.199759
-0.199797
-0.199501
-0.199429
-0.199573
-0.19972
-0.199824
-0.199932
-0.200051
-0.200158
-0.200242
-0.200305
-0.200349
-0.200372
-0.200375
-0.200356
-0.200316
-0.200256
-0.200175
-0.200075
-0.199954
-0.199813
-0.199652
-0.199472
-0.199271
-0.19905
-0.198809
-0.198547
-0.198264
-0.197961
-0.197636
-0.197289
-0.19692
-0.196528
-0.196112
-0.195673
-0.195208
-0.194718
-0.194202
-0.193658
-0.193086
-0.192485
-0.191853
-0.191189
-0.190492
-0.18976
-0.188992
-0.188186
-0.187341
-0.186455
-0.185525
-0.18455
-0.183528
-0.182456
-0.181333
-0.180155
-0.178921
-0.177628
-0.176273
-0.174855
-0.173369
-0.171815
-0.170189
-0.16849
-0.166715
-0.164862
-0.162929
-0.160916
-0.158822
-0.156646
-0.154388
-0.152049
-0.149631
-0.147135
-0.144565
-0.141923
-0.139216
-0.136447
-0.133625
-0.130756
-0.127851
-0.124919
-0.121974
-0.119029
-0.116099
-0.113203
-0.110357
-0.10758
-0.104891
-0.102309
-0.0998492
-0.0975275
-0.0953554
-0.0933415
-0.0914906
-0.0898034
-0.0882769
-0.0869044
-0.0856761
-0.0845801
-0.0836025
-0.0827289
-0.0819446
-0.0812354
-0.0805882
-0.0799911
-0.0794336
-0.0789067
-0.0784031
-0.0779165
-0.077442
-0.0769756
-0.076514
-0.0760549
-0.075596
-0.0751358
-0.0746729
-0.0742061
-0.0737344
-0.073257
-0.0727729
-0.0722815
-0.071782
-0.0712737
-0.0707561
-0.0702284
-0.0696902
-0.0691408
-0.0685799
-0.0680079
-0.0674207
-0.0668214
-0.0662092
-0.065583
-0.0649425
-0.0642876
-0.0636179
-0.0629332
-0.0622333
-0.0615181
-0.0607872
-0.0600408
-0.0592786
-0.0585006
-0.0577068
-0.0568971
-0.0560716
-0.0552304
-0.0543735
-0.053501
-0.0526131
-0.05171
-0.0507917
-0.0498587
-0.0489109
-0.0479489
-0.0469728
-0.0459829
-0.0449796
-0.0439634
-0.0429345
-0.0418934
-0.0408406
-0.0397765
-0.0387018
-0.0376169
-0.0365224
-0.035419
-0.0343073
-0.0331881
-0.0320619
-0.0309297
-0.0297922
-0.0286502
-0.0275046
-0.0263563
-0.0252062
-0.0240553
-0.0229045
-0.0217548
-0.0206073
-0.0194631
-0.0183231
-0.0171884
-0.0160602
-0.0149395
-0.0138275
-0.0127251
-0.0116336
-0.010554
-0.00948733
-0.00843454
-0.00739673
-0.00637429
-0.00536967
-0.00437727
-0.00341999
-0.0024142
-0.00164619
9.13385e-05
-0.19839
-0.198749
-0.198763
-0.198847
-0.199069
-0.199298
-0.19948
-0.199646
-0.199808
-0.199954
-0.200072
-0.200163
-0.20023
-0.200271
-0.200288
-0.20028
-0.200247
-0.200192
-0.200113
-0.200012
-0.199888
-0.199743
-0.199575
-0.199386
-0.199175
-0.198943
-0.198688
-0.198412
-0.198114
-0.197793
-0.197449
-0.197082
-0.196691
-0.196276
-0.195836
-0.19537
-0.194877
-0.194357
-0.193808
-0.19323
-0.192622
-0.191981
-0.191308
-0.1906
-0.189855
-0.189074
-0.188253
-0.18739
-0.186485
-0.185535
-0.184539
-0.183493
-0.182396
-0.181245
-0.180039
-0.178774
-0.177449
-0.176062
-0.174608
-0.173088
-0.171497
-0.169835
-0.168099
-0.166288
-0.164399
-0.162433
-0.160388
-0.158264
-0.156061
-0.153781
-0.151424
-0.148994
-0.146493
-0.143926
-0.141296
-0.13861
-0.135874
-0.133095
-0.130284
-0.127448
-0.124599
-0.12175
-0.118912
-0.1161
-0.11333
-0.110617
-0.107976
-0.105423
-0.102973
-0.10064
-0.0984346
-0.096367
-0.094443
-0.092666
-0.0910359
-0.0895495
-0.0882005
-0.0869804
-0.0858786
-0.0848833
-0.0839822
-0.0831626
-0.0824127
-0.081721
-0.0810774
-0.0804731
-0.0799002
-0.0793522
-0.0788238
-0.0783103
-0.0778081
-0.0773142
-0.0768261
-0.0763416
-0.0758592
-0.0753771
-0.0748942
-0.0744091
-0.0739208
-0.0734284
-0.0729308
-0.0724271
-0.0719166
-0.0713985
-0.0708719
-0.0703361
-0.0697905
-0.0692345
-0.0686674
-0.0680881
-0.0674982
-0.0668942
-0.0662774
-0.0656474
-0.0650034
-0.0643452
-0.0636725
-0.0629851
-0.0622827
-0.061565
-0.060832
-0.0600836
-0.0593195
-0.0585398
-0.0577444
-0.0569332
-0.0561064
-0.0552639
-0.0544059
-0.0535323
-0.0526435
-0.0517394
-0.0508204
-0.0498865
-0.0489381
-0.0479754
-0.0469986
-0.0460082
-0.0450043
-0.0439875
-0.0429581
-0.0419165
-0.0408631
-0.0397986
-0.0387233
-0.0376378
-0.0365427
-0.0354387
-0.0343263
-0.0332063
-0.0320793
-0.0309462
-0.0298078
-0.0286647
-0.027518
-0.0263685
-0.0252172
-0.0240648
-0.0229126
-0.0217614
-0.0206123
-0.0194664
-0.0183247
-0.0171883
-0.0160583
-0.0149358
-0.013822
-0.0127179
-0.0116247
-0.0105435
-0.00947546
-0.00842147
-0.00738273
-0.00635968
-0.0053548
-0.00436253
-0.00340549
-0.00240043
-0.00163152
9.35243e-05
-0.197048
-0.197661
-0.197946
-0.198202
-0.198522
-0.198839
-0.199105
-0.199337
-0.19955
-0.199739
-0.199895
-0.200017
-0.200108
-0.20017
-0.200202
-0.200206
-0.200182
-0.200131
-0.200054
-0.199952
-0.199826
-0.199675
-0.1995
-0.199302
-0.199081
-0.198836
-0.198568
-0.198277
-0.197962
-0.197623
-0.19726
-0.196872
-0.196458
-0.196019
-0.195553
-0.19506
-0.194538
-0.193987
-0.193406
-0.192793
-0.192147
-0.191467
-0.190752
-0.189999
-0.189208
-0.188376
-0.187502
-0.186583
-0.185619
-0.184606
-0.183543
-0.182428
-0.181258
-0.180031
-0.178744
-0.177396
-0.175984
-0.174506
-0.17296
-0.171343
-0.169655
-0.167893
-0.166056
-0.164143
-0.162152
-0.160085
-0.157942
-0.155722
-0.153429
-0.151063
-0.148628
-0.146127
-0.143566
-0.14095
-0.138286
-0.135579
-0.13284
-0.130076
-0.127299
-0.124518
-0.121746
-0.118995
-0.116278
-0.113609
-0.111
-0.108467
-0.106021
-0.103675
-0.101441
-0.0993265
-0.0973392
-0.0954837
-0.0937618
-0.0921728
-0.0907133
-0.0893777
-0.0881582
-0.0870457
-0.0860301
-0.0851007
-0.0842469
-0.0834585
-0.0827258
-0.0820402
-0.0813939
-0.0807802
-0.0801934
-0.0796284
-0.0790813
-0.0785486
-0.0780272
-0.0775147
-0.0770091
-0.0765083
-0.0760107
-0.0755149
-0.0750195
-0.0745232
-0.0740249
-0.0735234
-0.0730177
-0.0725068
-0.0719898
-0.0714659
-0.0709341
-0.0703936
-0.0698439
-0.069284
-0.0687134
-0.0681314
-0.0675378
-0.066932
-0.0663127
-0.0656805
-0.0650344
-0.0643744
-0.0637001
-0.0630111
-0.0623073
-0.0615883
-0.0608541
-0.0601046
-0.0593395
-0.0585588
-0.0577625
-0.0569505
-0.056123
-0.0552798
-0.0544211
-0.053547
-0.0526575
-0.051753
-0.0508334
-0.0498991
-0.0489503
-0.0479872
-0.0470101
-0.0460193
-0.0450151
-0.043998
-0.0429682
-0.0419263
-0.0408726
-0.0398077
-0.038732
-0.0376461
-0.0365507
-0.0354462
-0.0343333
-0.0332128
-0.0320852
-0.0309515
-0.0298124
-0.0286686
-0.0275211
-0.0263707
-0.0252184
-0.024065
-0.0229117
-0.0217594
-0.020609
-0.0194618
-0.0183188
-0.017181
-0.0160496
-0.0149257
-0.0138105
-0.012705
-0.0116105
-0.010528
-0.00945875
-0.00840377
-0.00736422
-0.00634065
-0.00533551
-0.00434351
-0.00338618
-0.00238388
-0.00160803
7.60573e-05
-0.195768
-0.196582
-0.197098
-0.197526
-0.197957
-0.198366
-0.198718
-0.199021
-0.19929
-0.199525
-0.199719
-0.199874
-0.199992
-0.200074
-0.200122
-0.200138
-0.200122
-0.200076
-0.200002
-0.199899
-0.199769
-0.199613
-0.199431
-0.199224
-0.198992
-0.198735
-0.198453
-0.198147
-0.197815
-0.197458
-0.197075
-0.196666
-0.196231
-0.195768
-0.195277
-0.194757
-0.194206
-0.193625
-0.193011
-0.192364
-0.191682
-0.190964
-0.190208
-0.189412
-0.188575
-0.187695
-0.18677
-0.185798
-0.184777
-0.183705
-0.18258
-0.181399
-0.18016
-0.178862
-0.177501
-0.176076
-0.174584
-0.173024
-0.171393
-0.169691
-0.167915
-0.166065
-0.164139
-0.162138
-0.160061
-0.15791
-0.155685
-0.153388
-0.151022
-0.148591
-0.146099
-0.14355
-0.140951
-0.13831
-0.135633
-0.132928
-0.130207
-0.127478
-0.124753
-0.122043
-0.11936
-0.116716
-0.114123
-0.111595
-0.109141
-0.106775
-0.104505
-0.102341
-0.10029
-0.0983582
-0.0965477
-0.0948599
-0.0932935
-0.0918452
-0.0905098
-0.0892806
-0.0881495
-0.0871079
-0.0861468
-0.0852569
-0.0844296
-0.0836567
-0.0829307
-0.0822447
-0.0815929
-0.0809701
-0.0803718
-0.0797941
-0.0792336
-0.0786875
-0.0781533
-0.0776287
-0.0771117
-0.0766005
-0.0760936
-0.0755893
-0.0750862
-0.0745831
-0.0740787
-0.0735717
-0.0730612
-0.0725461
-0.0720253
-0.0714979
-0.070963
-0.0704199
-0.0698677
-0.0693057
-0.0687331
-0.0681494
-0.067554
-0.0669463
-0.0663262
-0.0656931
-0.0650455
-0.0643845
-0.0637093
-0.0630194
-0.0623148
-0.0615952
-0.0608603
-0.0601101
-0.0593445
-0.0585633
-0.0577665
-0.0569541
-0.0561261
-0.0552825
-0.0544235
-0.053549
-0.0526593
-0.0517544
-0.0508346
-0.0499
-0.048951
-0.0479876
-0.0470103
-0.0460193
-0.0450149
-0.0439975
-0.0429676
-0.0419254
-0.0408715
-0.0398064
-0.0387305
-0.0376443
-0.0365486
-0.0354438
-0.0343306
-0.0332096
-0.0320817
-0.0309476
-0.0298079
-0.0286636
-0.0275155
-0.0263645
-0.0252114
-0.0240574
-0.0229032
-0.02175
-0.0205988
-0.0194506
-0.0183066
-0.0171677
-0.0160353
-0.0149103
-0.0137939
-0.0126873
-0.0115917
-0.0105082
-0.00943804
-0.00838222
-0.00734199
-0.00631799
-0.00531259
-0.00432104
-0.00336308
-0.00236531
-0.00157844
4.37032e-05
-0.194579
-0.195556
-0.196266
-0.196854
-0.197401
-0.197902
-0.198338
-0.198713
-0.199039
-0.199321
-0.199555
-0.199742
-0.199886
-0.199989
-0.200053
-0.20008
-0.200073
-0.200031
-0.199958
-0.199855
-0.199722
-0.199561
-0.199372
-0.199156
-0.198913
-0.198644
-0.198349
-0.198028
-0.19768
-0.197305
-0.196904
-0.196475
-0.196018
-0.195533
-0.195018
-0.194472
-0.193895
-0.193285
-0.192641
-0.191962
-0.191246
-0.190492
-0.189698
-0.188863
-0.187984
-0.18706
-0.186088
-0.185067
-0.183995
-0.182869
-0.181687
-0.180447
-0.179147
-0.177785
-0.176358
-0.174865
-0.173304
-0.171672
-0.169969
-0.168193
-0.166343
-0.164418
-0.162419
-0.160346
-0.1582
-0.155982
-0.153694
-0.151339
-0.148921
-0.146445
-0.143916
-0.14134
-0.138725
-0.136077
-0.133407
-0.130723
-0.128036
-0.125356
-0.122694
-0.120062
-0.117472
-0.114935
-0.112461
-0.110063
-0.107748
-0.105527
-0.103407
-0.101393
-0.0994903
-0.0977007
-0.0960248
-0.0944611
-0.0930067
-0.0916567
-0.0904053
-0.0892457
-0.0881703
-0.0871715
-0.0862414
-0.0853726
-0.0845579
-0.0837907
-0.0830651
-0.0823757
-0.0817177
-0.0810868
-0.0804795
-0.0798924
-0.0793226
-0.0787674
-0.0782246
-0.0776921
-0.0771678
-0.07665
-0.0761371
-0.0756275
-0.0751196
-0.0746122
-0.074104
-0.0735937
-0.0730802
-0.0725624
-0.0720392
-0.0715096
-0.0709729
-0.070428
-0.0698743
-0.0693109
-0.0687371
-0.0681523
-0.0675559
-0.0669473
-0.0663262
-0.0656916
-0.0650441
-0.0643826
-0.0637067
-0.0630163
-0.0623112
-0.0615911
-0.0608558
-0.0601053
-0.0593393
-0.0585578
-0.0577607
-0.056948
-0.0561197
-0.0552759
-0.0544167
-0.053542
-0.0526521
-0.051747
-0.050827
-0.0498923
-0.0489431
-0.0479796
-0.0470021
-0.0460109
-0.0450064
-0.0439889
-0.0429587
-0.0419164
-0.0408624
-0.039797
-0.0387209
-0.0376346
-0.0365386
-0.0354336
-0.0343202
-0.033199
-0.0320708
-0.0309363
-0.0297963
-0.0286516
-0.027503
-0.0263516
-0.025198
-0.0240434
-0.0228887
-0.0217349
-0.020583
-0.0194341
-0.0182893
-0.0171497
-0.0160164
-0.0148906
-0.0137734
-0.0126659
-0.0115695
-0.0104852
-0.00941421
-0.00835771
-0.00731692
-0.00629257
-0.00528692
-0.00429595
-0.00333721
-0.00234535
-0.00154522
1.58833e-06
-0.193508
-0.194617
-0.195488
-0.196221
-0.196878
-0.197469
-0.197985
-0.198429
-0.198811
-0.199137
-0.199409
-0.199627
-0.199796
-0.199918
-0.199997
-0.200036
-0.200035
-0.199999
-0.199927
-0.199823
-0.199687
-0.19952
-0.199325
-0.1991
-0.198848
-0.198567
-0.19826
-0.197924
-0.197562
-0.197171
-0.196753
-0.196306
-0.19583
-0.195323
-0.194786
-0.194218
-0.193616
-0.192981
-0.19231
-0.191602
-0.190856
-0.19007
-0.189243
-0.188373
-0.187457
-0.186494
-0.185481
-0.184418
-0.183301
-0.182128
-0.180898
-0.179608
-0.178256
-0.17684
-0.175358
-0.173808
-0.172188
-0.170498
-0.168735
-0.166899
-0.16499
-0.163007
-0.160952
-0.158824
-0.156625
-0.154358
-0.152026
-0.149632
-0.147181
-0.144679
-0.142132
-0.139546
-0.13693
-0.134293
-0.131644
-0.128992
-0.126349
-0.123724
-0.12113
-0.118577
-0.116075
-0.113636
-0.111268
-0.108982
-0.106784
-0.104681
-0.102679
-0.10078
-0.0989882
-0.0973023
-0.0957214
-0.0942429
-0.0928628
-0.0915759
-0.0903765
-0.0892581
-0.0882142
-0.0872381
-0.0863232
-0.0854633
-0.0846525
-0.0838853
-0.0831569
-0.0824627
-0.0817987
-0.0811612
-0.0805469
-0.0799529
-0.0793764
-0.0788149
-0.0782663
-0.0777284
-0.0771992
-0.0766771
-0.0761602
-0.075647
-0.0751359
-0.0746257
-0.0741149
-0.0736023
-0.0730867
-0.0725669
-0.072042
-0.071511
-0.0709728
-0.0704267
-0.0698718
-0.0693074
-0.0687327
-0.068147
-0.0675499
-0.0669406
-0.0663188
-0.0656838
-0.0650356
-0.0643734
-0.0636971
-0.0630064
-0.0623011
-0.0615805
-0.0608449
-0.060094
-0.0593277
-0.058546
-0.0577486
-0.0569357
-0.0561073
-0.0552633
-0.0544038
-0.053529
-0.0526389
-0.0517337
-0.0508135
-0.0498786
-0.0489292
-0.0479656
-0.046988
-0.0459966
-0.044992
-0.0439743
-0.042944
-0.0419016
-0.0408474
-0.0397819
-0.0387056
-0.0376191
-0.036523
-0.0354178
-0.0343041
-0.0331827
-0.0320543
-0.0309195
-0.0297793
-0.0286343
-0.0274855
-0.0263336
-0.0251798
-0.0240248
-0.0228696
-0.0217153
-0.020563
-0.0194136
-0.0182682
-0.017128
-0.0159942
-0.0148677
-0.0137499
-0.0126418
-0.0115447
-0.0104598
-0.00938824
-0.00833119
-0.00728993
-0.0062653
-0.00525942
-0.00426911
-0.00330953
-0.00232451
-0.00151036
-4.51636e-05
-0.192579
-0.193794
-0.194798
-0.195655
-0.196413
-0.197087
-0.197675
-0.198181
-0.198615
-0.198983
-0.199288
-0.199535
-0.199726
-0.199866
-0.199958
-0.200006
-0.200012
-0.199979
-0.199909
-0.199803
-0.199664
-0.199493
-0.199291
-0.199059
-0.198798
-0.198507
-0.198188
-0.197841
-0.197465
-0.197061
-0.196627
-0.196164
-0.195671
-0.195147
-0.194591
-0.194003
-0.193381
-0.192723
-0.192029
-0.191297
-0.190526
-0.189714
-0.188858
-0.187958
-0.187012
-0.186016
-0.18497
-0.183872
-0.182718
-0.181508
-0.180238
-0.178908
-0.177514
-0.176055
-0.174529
-0.172934
-0.171269
-0.169533
-0.167726
-0.165845
-0.163892
-0.161867
-0.15977
-0.157604
-0.155369
-0.153071
-0.150711
-0.148295
-0.145827
-0.143315
-0.140764
-0.138182
-0.135578
-0.132962
-0.130341
-0.127728
-0.125131
-0.122562
-0.120032
-0.117549
-0.115125
-0.112768
-0.110488
-0.10829
-0.106182
-0.104168
-0.102252
-0.100436
-0.0987194
-0.0971025
-0.0955829
-0.0941574
-0.0928217
-0.091571
-0.0903999
-0.0893028
-0.0882738
-0.0873072
-0.0863974
-0.0855391
-0.0847273
-0.0839572
-0.0832245
-0.0825253
-0.0818558
-0.0812127
-0.0805929
-0.0799936
-0.0794122
-0.0788461
-0.0782933
-0.0777516
-0.0772189
-0.0766936
-0.0761738
-0.0756581
-0.0751447
-0.0746323
-0.0741195
-0.0736051
-0.0730879
-0.0725667
-0.0720404
-0.0715081
-0.0709687
-0.0704216
-0.0698657
-0.0693003
-0.0687247
-0.0681383
-0.0675404
-0.0669305
-0.0663081
-0.0656727
-0.0650238
-0.0643612
-0.0636844
-0.0629932
-0.0622872
-0.0615666
-0.0608307
-0.0600796
-0.059313
-0.0585309
-0.0577333
-0.0569202
-0.0560915
-0.0552473
-0.0543876
-0.0535125
-0.0526223
-0.0517169
-0.0507965
-0.0498615
-0.0489119
-0.0479481
-0.0469703
-0.0459788
-0.044974
-0.0439561
-0.0429257
-0.0418831
-0.0408287
-0.039763
-0.0386866
-0.0376
-0.0365036
-0.0353982
-0.0342844
-0.0331628
-0.0320342
-0.0308993
-0.0297588
-0.0286136
-0.0274645
-0.0263124
-0.0251583
-0.024003
-0.0228475
-0.0216929
-0.0205402
-0.0193905
-0.0182447
-0.0171041
-0.0159698
-0.0148429
-0.0137246
-0.0126161
-0.0115185
-0.0104331
-0.0093611
-0.00830363
-0.00726198
-0.00623711
-0.005231
-0.00424137
-0.00328091
-0.00230317
-0.00147529
-9.16913e-05
-0.191808
-0.193109
-0.194217
-0.195178
-0.196023
-0.19677
-0.19742
-0.19798
-0.198459
-0.198863
-0.199198
-0.199468
-0.199679
-0.199834
-0.199937
-0.199993
-0.200004
-0.199974
-0.199904
-0.199797
-0.199655
-0.19948
-0.199273
-0.199034
-0.198765
-0.198466
-0.198137
-0.19778
-0.197393
-0.196977
-0.196531
-0.196055
-0.195548
-0.195009
-0.194439
-0.193834
-0.193195
-0.19252
-0.191807
-0.191056
-0.190265
-0.189431
-0.188554
-0.187631
-0.18666
-0.18564
-0.184568
-0.183443
-0.182261
-0.181022
-0.179723
-0.178361
-0.176936
-0.175446
-0.173887
-0.17226
-0.170563
-0.168795
-0.166956
-0.165044
-0.163061
-0.161008
-0.158885
-0.156695
-0.15444
-0.152124
-0.149751
-0.147325
-0.144853
-0.142341
-0.139797
-0.137228
-0.134643
-0.132051
-0.129462
-0.126887
-0.124334
-0.121814
-0.119337
-0.116913
-0.114551
-0.112258
-0.110042
-0.107909
-0.105864
-0.10391
-0.102051
-0.100287
-0.0986173
-0.0970415
-0.0955567
-0.0941599
-0.0928471
-0.0916138
-0.0904552
-0.0893662
-0.0883417
-0.0873768
-0.0864664
-0.0856057
-0.0847904
-0.084016
-0.0832786
-0.0825745
-0.0819001
-0.0812523
-0.0806281
-0.0800247
-0.0794394
-0.0788698
-0.0783138
-0.0777691
-0.0772338
-0.076706
-0.076184
-0.0756662
-0.0751509
-0.0746368
-0.0741224
-0.0736065
-0.0730879
-0.0725653
-0.0720378
-0.0715044
-0.070964
-0.0704158
-0.069859
-0.0692927
-0.0687164
-0.0681292
-0.0675306
-0.06692
-0.0662969
-0.0656609
-0.0650115
-0.0643484
-0.0636711
-0.0629795
-0.0622731
-0.061552
-0.0608157
-0.0600641
-0.0592973
-0.0585149
-0.0577171
-0.0569036
-0.0560747
-0.0552302
-0.0543702
-0.053495
-0.0526044
-0.0516988
-0.0507783
-0.049843
-0.0488932
-0.0479292
-0.0469511
-0.0459594
-0.0449544
-0.0439364
-0.0429057
-0.0418629
-0.0408083
-0.0397425
-0.0386659
-0.037579
-0.0364825
-0.0353769
-0.0342629
-0.0331411
-0.0320123
-0.0308771
-0.0297365
-0.0285911
-0.0274418
-0.0262895
-0.0251351
-0.0239796
-0.0228239
-0.0216691
-0.0205161
-0.0193661
-0.0182201
-0.0170792
-0.0159445
-0.0148173
-0.0136987
-0.0125898
-0.0114919
-0.0104061
-0.00933374
-0.00827593
-0.00723398
-0.0062089
-0.00520255
-0.00421353
-0.00325214
-0.00228158
-0.00144086
-0.000133606
-0.191207
-0.192573
-0.193763
-0.194805
-0.195722
-0.196528
-0.197229
-0.197833
-0.198348
-0.198781
-0.19914
-0.19943
-0.199655
-0.199821
-0.199933
-0.199995
-0.20001
-0.199981
-0.199912
-0.199804
-0.199659
-0.19948
-0.199268
-0.199024
-0.198749
-0.198443
-0.198107
-0.197742
-0.197346
-0.196921
-0.196466
-0.19598
-0.195462
-0.194913
-0.19433
-0.193714
-0.193062
-0.192374
-0.191648
-0.190883
-0.190077
-0.189228
-0.188334
-0.187395
-0.186407
-0.185369
-0.184279
-0.183134
-0.181933
-0.180674
-0.179354
-0.177972
-0.176525
-0.175013
-0.173434
-0.171785
-0.170067
-0.168279
-0.166419
-0.164489
-0.162489
-0.160419
-0.158282
-0.15608
-0.153816
-0.151493
-0.149117
-0.146691
-0.144223
-0.141719
-0.139186
-0.136633
-0.134069
-0.131501
-0.128941
-0.126398
-0.123881
-0.1214
-0.118965
-0.116584
-0.114265
-0.112016
-0.109843
-0.107751
-0.105746
-0.103829
-0.102002
-0.100267
-0.098622
-0.0970666
-0.0955981
-0.0942137
-0.0929096
-0.0916818
-0.090526
-0.0894376
-0.0884119
-0.0874443
-0.0865304
-0.0856655
-0.0848457
-0.0840666
-0.0833246
-0.082616
-0.0819374
-0.0812856
-0.0806577
-0.0800508
-0.0794625
-0.0788901
-0.0783314
-0.0777844
-0.0772469
-0.0767172
-0.0761934
-0.0756738
-0.075157
-0.0746414
-0.0741257
-0.0736085
-0.0730886
-0.0725649
-0.0720364
-0.0715019
-0.0709605
-0.0704114
-0.0698537
-0.0692866
-0.0687094
-0.0681215
-0.0675222
-0.0669109
-0.0662872
-0.0656506
-0.0650006
-0.064337
-0.0636592
-0.0629671
-0.0622603
-0.0615387
-0.060802
-0.06005
-0.0592827
-0.0585
-0.0577017
-0.056888
-0.0560587
-0.0552139
-0.0543537
-0.0534781
-0.0525873
-0.0516813
-0.0507605
-0.049825
-0.0488749
-0.0479106
-0.0469323
-0.0459404
-0.0449351
-0.0439168
-0.0428859
-0.0418428
-0.040788
-0.0397219
-0.0386451
-0.037558
-0.0364612
-0.0353554
-0.0342412
-0.0331192
-0.0319901
-0.0308548
-0.0297139
-0.0285683
-0.0274188
-0.0262663
-0.0251117
-0.023956
-0.0228001
-0.021645
-0.0204918
-0.0193416
-0.0181953
-0.0170542
-0.0159193
-0.0147919
-0.013673
-0.0125638
-0.0114656
-0.0103796
-0.00930693
-0.00824885
-0.00720663
-0.00618136
-0.00517475
-0.0041862
-0.00322378
-0.00225981
-0.00140734
-0.000167245
-0.190774
-0.192189
-0.193439
-0.194542
-0.195512
-0.196364
-0.197104
-0.19774
-0.198282
-0.198738
-0.199114
-0.199417
-0.199653
-0.199827
-0.199945
-0.200011
-0.200028
-0.2
-0.19993
-0.199821
-0.199675
-0.199493
-0.199277
-0.199029
-0.198749
-0.198439
-0.198097
-0.197726
-0.197325
-0.196893
-0.196431
-0.195938
-0.195413
-0.194856
-0.194266
-0.193641
-0.192981
-0.192285
-0.19155
-0.190775
-0.189959
-0.1891
-0.188196
-0.187246
-0.186247
-0.185198
-0.184096
-0.182939
-0.181726
-0.180455
-0.179122
-0.177728
-0.176269
-0.174744
-0.173152
-0.171492
-0.169762
-0.167963
-0.166093
-0.164154
-0.162145
-0.160069
-0.157927
-0.155721
-0.153455
-0.151133
-0.148758
-0.146338
-0.143878
-0.141384
-0.138864
-0.136326
-0.13378
-0.131233
-0.128695
-0.126176
-0.123685
-0.121231
-0.118823
-0.11647
-0.114178
-0.111955
-0.109807
-0.107739
-0.105753
-0.103854
-0.102043
-0.10032
-0.0986853
-0.097137
-0.0956732
-0.0942912
-0.0929876
-0.0917587
-0.0906006
-0.0895088
-0.0884791
-0.087507
-0.0865883
-0.0857187
-0.0848943
-0.0841107
-0.0833644
-0.0826518
-0.0819695
-0.0813144
-0.0806834
-0.0800737
-0.0794828
-0.0789082
-0.0783474
-0.0777985
-0.0772593
-0.0767279
-0.0762027
-0.0756817
-0.0751636
-0.0746468
-0.07413
-0.0736117
-0.0730909
-0.0725662
-0.0720367
-0.0715014
-0.0709591
-0.0704092
-0.0698507
-0.0692829
-0.068705
-0.0681164
-0.0675164
-0.0669045
-0.0662802
-0.065643
-0.0649925
-0.0643283
-0.06365
-0.0629574
-0.0622501
-0.061528
-0.0607908
-0.0600384
-0.0592707
-0.0584876
-0.057689
-0.0568748
-0.0560451
-0.0552
-0.0543394
-0.0534634
-0.0525723
-0.051666
-0.0507449
-0.049809
-0.0488586
-0.047894
-0.0469153
-0.0459231
-0.0449175
-0.0438989
-0.0428677
-0.0418243
-0.0407692
-0.0397028
-0.0386256
-0.0375382
-0.0364412
-0.0353351
-0.0342206
-0.0330984
-0.0319691
-0.0308334
-0.0296923
-0.0285465
-0.0273967
-0.026244
-0.0250892
-0.0239332
-0.0227771
-0.0216218
-0.0204684
-0.0193179
-0.0181714
-0.0170301
-0.015895
-0.0147673
-0.0136482
-0.0125388
-0.0114403
-0.0103541
-0.00928115
-0.00822283
-0.00718036
-0.0061549
-0.00514799
-0.00415972
-0.00319614
-0.00223766
-0.00137458
-0.000190161
-0.190501
-0.19195
-0.193241
-0.194385
-0.195392
-0.196275
-0.197041
-0.197699
-0.198259
-0.198728
-0.199116
-0.199427
-0.19967
-0.199849
-0.199971
-0.200038
-0.200057
-0.200029
-0.199959
-0.199849
-0.199701
-0.199517
-0.199299
-0.199048
-0.198765
-0.198451
-0.198106
-0.197731
-0.197326
-0.19689
-0.196424
-0.195927
-0.195398
-0.194836
-0.194242
-0.193612
-0.192947
-0.192245
-0.191505
-0.190725
-0.189904
-0.18904
-0.18813
-0.187174
-0.186169
-0.185114
-0.184006
-0.182843
-0.181624
-0.180346
-0.179007
-0.177606
-0.176142
-0.174611
-0.173014
-0.171349
-0.169614
-0.167811
-0.165938
-0.163996
-0.161985
-0.159908
-0.157766
-0.155561
-0.153298
-0.150979
-0.148611
-0.146197
-0.143745
-0.14126
-0.138751
-0.136226
-0.133693
-0.13116
-0.128637
-0.126134
-0.123658
-0.12122
-0.118828
-0.116489
-0.114211
-0.112
-0.109863
-0.107804
-0.105827
-0.103934
-0.102127
-0.100407
-0.0987726
-0.0972238
-0.0957583
-0.0943735
-0.0930664
-0.0918333
-0.0906705
-0.0895738
-0.0885392
-0.0875622
-0.0866387
-0.0857645
-0.0849357
-0.0841481
-0.0833981
-0.0826821
-0.0819967
-0.0813388
-0.0807053
-0.0800934
-0.0795005
-0.078924
-0.0783616
-0.0778112
-0.0772707
-0.0767381
-0.0762117
-0.0756897
-0.0751707
-0.074653
-0.0741353
-0.0736162
-0.0730946
-0.0725692
-0.072039
-0.0715029
-0.0709601
-0.0704095
-0.0698504
-0.0692819
-0.0687034
-0.0681142
-0.0675137
-0.0669013
-0.0662764
-0.0656387
-0.0649877
-0.064323
-0.0636442
-0.0629511
-0.0622434
-0.0615208
-0.0607832
-0.0600304
-0.0592622
-0.0584787
-0.0576796
-0.0568651
-0.056035
-0.0551894
-0.0543284
-0.0534521
-0.0525605
-0.0516539
-0.0507323
-0.0497961
-0.0488453
-0.0478803
-0.0469013
-0.0459087
-0.0449027
-0.0438837
-0.0428522
-0.0418084
-0.0407529
-0.0396862
-0.0386087
-0.0375209
-0.0364236
-0.0353171
-0.0342023
-0.0330797
-0.03195
-0.0308141
-0.0296727
-0.0285265
-0.0273765
-0.0262235
-0.0250683
-0.0239121
-0.0227557
-0.0216001
-0.0204464
-0.0192957
-0.0181489
-0.0170073
-0.015872
-0.014744
-0.0136246
-0.012515
-0.0114163
-0.0103298
-0.00925659
-0.00819802
-0.00715529
-0.00612958
-0.00512235
-0.00413414
-0.00316929
-0.00221477
-0.00134253
-0.000201744
-0.190365
-0.191835
-0.19315
-0.194318
-0.195347
-0.196247
-0.197028
-0.197699
-0.198268
-0.198745
-0.199139
-0.199455
-0.199701
-0.199883
-0.200005
-0.200074
-0.200093
-0.200065
-0.199994
-0.199883
-0.199734
-0.199549
-0.199329
-0.199076
-0.198792
-0.198476
-0.19813
-0.197753
-0.197345
-0.196908
-0.19644
-0.19594
-0.195409
-0.194845
-0.194248
-0.193617
-0.192949
-0.192245
-0.191503
-0.190721
-0.189897
-0.18903
-0.188119
-0.18716
-0.186153
-0.185095
-0.183985
-0.18282
-0.181599
-0.180319
-0.178979
-0.177576
-0.17611
-0.174578
-0.17298
-0.171314
-0.169579
-0.167776
-0.165904
-0.163962
-0.161954
-0.159878
-0.157739
-0.155538
-0.153278
-0.150965
-0.148601
-0.146193
-0.143747
-0.14127
-0.138769
-0.136251
-0.133726
-0.131202
-0.128687
-0.126192
-0.123724
-0.121293
-0.118906
-0.116573
-0.1143
-0.112093
-0.109958
-0.107901
-0.105924
-0.10403
-0.102222
-0.100499
-0.0988613
-0.0973085
-0.0958385
-0.0944489
-0.0931366
-0.0918984
-0.0907304
-0.0896287
-0.0885891
-0.0876075
-0.0866797
-0.0858015
-0.0849689
-0.084178
-0.0834249
-0.0827062
-0.0820184
-0.0813583
-0.0807229
-0.0801093
-0.0795148
-0.078937
-0.0783735
-0.077822
-0.0772806
-0.0767472
-0.07622
-0.0756974
-0.0751777
-0.0746594
-0.0741412
-0.0736216
-0.0730995
-0.0725736
-0.0720429
-0.0715064
-0.0709631
-0.0704121
-0.0698526
-0.0692837
-0.0687048
-0.0681152
-0.0675142
-0.0669014
-0.0662761
-0.065638
-0.0649865
-0.0643214
-0.0636422
-0.0629487
-0.0622405
-0.0615175
-0.0607795
-0.0600263
-0.0592577
-0.0584737
-0.0576742
-0.0568593
-0.0560288
-0.0551828
-0.0543214
-0.0534446
-0.0525526
-0.0516456
-0.0507236
-0.0497869
-0.0488357
-0.0478703
-0.0468909
-0.0458978
-0.0448914
-0.043872
-0.04284
-0.0417958
-0.0407399
-0.0396727
-0.0385948
-0.0375066
-0.0364088
-0.035302
-0.0341867
-0.0330637
-0.0319336
-0.0307973
-0.0296554
-0.0285088
-0.0273584
-0.026205
-0.0250495
-0.0238928
-0.022736
-0.0215801
-0.020426
-0.0192749
-0.0181278
-0.0169858
-0.0158501
-0.0147218
-0.013602
-0.0124921
-0.011393
-0.0103062
-0.00923265
-0.00817374
-0.00713067
-0.00610464
-0.005097
-0.00410864
-0.00314249
-0.00218999
-0.00131137
-0.000201861
-0.190336
-0.191817
-0.193145
-0.194324
-0.195364
-0.196272
-0.197059
-0.197734
-0.198308
-0.198788
-0.199183
-0.199501
-0.199748
-0.19993
-0.200053
-0.200121
-0.200139
-0.200111
-0.20004
-0.199928
-0.199778
-0.199592
-0.199371
-0.199118
-0.198832
-0.198515
-0.198168
-0.19779
-0.197382
-0.196944
-0.196474
-0.195974
-0.195442
-0.194878
-0.19428
-0.193648
-0.192981
-0.192276
-0.191534
-0.190751
-0.189927
-0.18906
-0.188148
-0.18719
-0.186183
-0.185126
-0.184016
-0.182851
-0.18163
-0.180351
-0.179012
-0.177611
-0.176146
-0.174615
-0.173019
-0.171355
-0.169622
-0.167821
-0.165951
-0.164013
-0.162007
-0.159935
-0.157799
-0.155602
-0.153346
-0.151036
-0.148677
-0.146274
-0.143832
-0.141359
-0.138862
-0.136348
-0.133827
-0.131306
-0.128794
-0.126301
-0.123835
-0.121405
-0.119019
-0.116685
-0.114411
-0.112202
-0.110065
-0.108005
-0.106024
-0.104126
-0.102312
-0.100584
-0.0989413
-0.097383
-0.0959073
-0.0945121
-0.0931944
-0.0919509
-0.0907779
-0.0896714
-0.0886274
-0.0876418
-0.0867102
-0.0858287
-0.0849931
-0.0841995
-0.0834441
-0.0827233
-0.0820337
-0.0813721
-0.0807354
-0.0801207
-0.0795254
-0.0789468
-0.0783827
-0.0778307
-0.0772888
-0.076755
-0.0762276
-0.0757047
-0.0751848
-0.0746663
-0.0741479
-0.0736282
-0.0731059
-0.0725799
-0.072049
-0.0715124
-0.0709689
-0.0704177
-0.0698579
-0.0692888
-0.0687097
-0.0681198
-0.0675186
-0.0669054
-0.0662799
-0.0656414
-0.0649897
-0.0643242
-0.0636447
-0.0629508
-0.0622422
-0.0615189
-0.0607804
-0.0600268
-0.0592578
-0.0584734
-0.0576735
-0.0568581
-0.0560271
-0.0551807
-0.0543188
-0.0534416
-0.0525491
-0.0516416
-0.0507191
-0.0497819
-0.0488302
-0.0478643
-0.0468843
-0.0458907
-0.0448838
-0.0438638
-0.0428313
-0.0417865
-0.04073
-0.0396623
-0.0385837
-0.037495
-0.0363966
-0.0352891
-0.0341733
-0.0330496
-0.031919
-0.030782
-0.0296396
-0.0284924
-0.0273413
-0.0261873
-0.0250312
-0.0238739
-0.0227165
-0.02156
-0.0204053
-0.0192536
-0.0181059
-0.0169633
-0.015827
-0.0146981
-0.0135777
-0.0124672
-0.0113675
-0.0102801
-0.00920598
-0.0081465
-0.00710285
-0.00607625
-0.00506799
-0.00407911
-0.00311163
-0.00215895
-0.00127795
-0.00018506
-0.190399
-0.191887
-0.193221
-0.194405
-0.195447
-0.196357
-0.197145
-0.197821
-0.198393
-0.198873
-0.199267
-0.199583
-0.199828
-0.200009
-0.20013
-0.200196
-0.200213
-0.200183
-0.20011
-0.199997
-0.199845
-0.199658
-0.199436
-0.199182
-0.198895
-0.198578
-0.19823
-0.197851
-0.197443
-0.197004
-0.196535
-0.196035
-0.195503
-0.194939
-0.194341
-0.19371
-0.193043
-0.192339
-0.191597
-0.190816
-0.189993
-0.189127
-0.188217
-0.18726
-0.186255
-0.185199
-0.184092
-0.182929
-0.181711
-0.180434
-0.179098
-0.177699
-0.176237
-0.17471
-0.173117
-0.171456
-0.169727
-0.16793
-0.166063
-0.164129
-0.162127
-0.160058
-0.157926
-0.155732
-0.15348
-0.151173
-0.148816
-0.146415
-0.143976
-0.141504
-0.139008
-0.136495
-0.133974
-0.131452
-0.128939
-0.126443
-0.123975
-0.121541
-0.119151
-0.116813
-0.114533
-0.112319
-0.110175
-0.108108
-0.106121
-0.104216
-0.102395
-0.10066
-0.0990106
-0.0974457
-0.0959637
-0.0945625
-0.0932391
-0.0919904
-0.0908125
-0.0897017
-0.0886538
-0.0876646
-0.08673
-0.0858458
-0.0850079
-0.0842123
-0.0834553
-0.0827332
-0.0820426
-0.0813802
-0.0807429
-0.0801278
-0.0795321
-0.0789534
-0.0783892
-0.0778373
-0.0772956
-0.076762
-0.0762348
-0.0757121
-0.0751925
-0.0746743
-0.0741561
-0.0736366
-0.0731145
-0.0725887
-0.0720581
-0.0715215
-0.0709782
-0.070427
-0.0698673
-0.0692982
-0.068719
-0.0681291
-0.0675277
-0.0669145
-0.0662887
-0.0656501
-0.0649981
-0.0643323
-0.0636525
-0.0629583
-0.0622494
-0.0615257
-0.0607869
-0.0600328
-0.0592634
-0.0584785
-0.0576781
-0.0568622
-0.0560307
-0.0551837
-0.0543212
-0.0534434
-0.0525504
-0.0516422
-0.0507191
-0.0497812
-0.0488289
-0.0478622
-0.0468816
-0.0458872
-0.0448795
-0.0438588
-0.0428255
-0.04178
-0.0407227
-0.0396541
-0.0385748
-0.0374852
-0.0363859
-0.0352776
-0.0341608
-0.0330363
-0.0319047
-0.0307668
-0.0296234
-0.0284753
-0.0273233
-0.0261683
-0.0250112
-0.023853
-0.0226946
-0.0215371
-0.0203814
-0.0192287
-0.01808
-0.0169364
-0.0157991
-0.0146692
-0.0135479
-0.0124363
-0.0113357
-0.0102473
-0.00917224
-0.00811179
-0.00706718
-0.00603962
-0.00503039
-0.00404059
-0.00307132
-0.00211836
-0.00123374
-0.000144292
-0.20048
-0.200536
-0.200581
-0.200619
-0.200651
-0.200678
-0.200701
-0.20072
-0.200734
-0.200742
-0.200743
-0.200735
-0.200718
-0.200692
-0.200655
-0.200607
-0.200548
-0.200477
-0.200394
-0.200299
-0.20019
-0.200068
-0.199933
-0.199784
-0.199622
-0.199445
-0.199254
-0.199048
-0.198828
-0.198593
-0.198343
-0.198079
-0.197799
-0.197503
-0.197193
-0.196867
-0.196525
-0.196168
-0.195795
-0.195406
-0.195002
-0.194581
-0.194144
-0.193691
-0.193222
-0.192736
-0.192234
-0.191715
-0.191179
-0.190625
-0.190055
-0.189467
-0.188861
-0.188236
-0.187593
-0.186931
-0.18625
-0.185548
-0.184826
-0.184081
-0.183315
-0.182524
-0.181709
-0.180867
-0.179998
-0.179099
-0.178168
-0.177202
-0.1762
-0.175158
-0.174072
-0.172938
-0.17175
-0.170502
-0.169186
-0.167792
-0.166309
-0.164722
-0.163013
-0.161161
-0.159143
-0.156931
-0.154492
-0.151794
-0.1488
-0.145475
-0.141783
-0.137694
-0.133182
-0.128229
-0.12283
-0.116989
-0.110728
-0.104082
-0.0971021
-0.0898554
-0.0824225
-0.0748951
-0.0673743
-0.0599659
-0.052777
-0.0459119
-0.0394684
-0.0335336
-0.0281813
-0.0234699
-0.0194394
-0.0161122
-0.0134933
-0.0115706
-0.0103165
-0.00968993
-0.00963959
-0.0101063
-0.0110257
-0.0123311
-0.0139554
-0.0158334
-0.0179032
-0.0201072
-0.0223933
-0.0247153
-0.0270329
-0.0293117
-0.0315232
-0.0336447
-0.0356589
-0.0375491
-0.0393069
-0.0409271
-0.0424053
-0.0437402
-0.0449325
-0.0459845
-0.0468996
-0.0476823
-0.0483376
-0.0488711
-0.0492887
-0.0495965
-0.0498006
-0.0499069
-0.0499214
-0.0498499
-0.0496979
-0.0494708
-0.0491735
-0.048811
-0.0483877
-0.047908
-0.0473759
-0.0467953
-0.0461696
-0.0455023
-0.0447965
-0.0440551
-0.0432809
-0.0424764
-0.0416441
-0.0407862
-0.039905
-0.0390023
-0.03808
-0.0371399
-0.0361838
-0.035213
-0.0342292
-0.0332336
-0.0322277
-0.0312126
-0.0301895
-0.0291595
-0.0281237
-0.0270831
-0.0260385
-0.024991
-0.0239412
-0.0228901
-0.0218383
-0.0207866
-0.0197356
-0.018686
-0.0176383
-0.0165932
-0.015551
-0.0145124
-0.0134778
-0.0124475
-0.011422
-0.0104017
-0.00938682
-0.00837773
-0.00737468
-0.00637797
-0.00538769
-0.00440453
-0.00342697
-0.00246145
-0.00148314
-0.000617121
-0.200473
-0.200523
-0.200558
-0.200593
-0.200623
-0.200649
-0.200672
-0.200691
-0.200706
-0.200713
-0.200714
-0.200706
-0.20069
-0.200663
-0.200627
-0.200579
-0.200521
-0.20045
-0.200367
-0.200272
-0.200164
-0.200042
-0.199907
-0.199759
-0.199596
-0.19942
-0.199229
-0.199024
-0.198804
-0.198569
-0.19832
-0.198055
-0.197775
-0.19748
-0.19717
-0.196844
-0.196503
-0.196146
-0.195773
-0.195384
-0.19498
-0.194559
-0.194122
-0.19367
-0.1932
-0.192714
-0.192212
-0.191693
-0.191156
-0.190603
-0.190032
-0.189444
-0.188837
-0.188213
-0.187569
-0.186907
-0.186224
-0.185522
-0.184799
-0.184053
-0.183286
-0.182494
-0.181677
-0.180834
-0.179963
-0.179062
-0.178129
-0.177162
-0.176157
-0.175112
-0.174023
-0.172885
-0.171693
-0.170441
-0.16912
-0.167721
-0.166233
-0.16464
-0.162926
-0.16107
-0.159048
-0.156834
-0.154396
-0.151701
-0.148714
-0.145398
-0.141721
-0.137651
-0.133161
-0.128234
-0.122864
-0.117054
-0.110827
-0.104214
-0.0972667
-0.0900516
-0.0826484
-0.0751483
-0.0676516
-0.060264
-0.0530923
-0.0462407
-0.0398069
-0.0338787
-0.0285299
-0.0238196
-0.019788
-0.016458
-0.0138345
-0.0119048
-0.0106411
-0.0100028
-0.00993845
-0.0103892
-0.0112911
-0.0125775
-0.0141818
-0.0160391
-0.0180877
-0.0202705
-0.0225356
-0.0248371
-0.0271349
-0.029395
-0.031589
-0.0336937
-0.0356904
-0.0375699
-0.0393131
-0.0409208
-0.0423887
-0.0437147
-0.044899
-0.0459441
-0.0468532
-0.0476307
-0.0482817
-0.0488117
-0.0492263
-0.0495318
-0.0497339
-0.0498388
-0.0498523
-0.0497801
-0.0496277
-0.0494003
-0.0491031
-0.0487408
-0.0483179
-0.0478387
-0.0473072
-0.0467273
-0.0461024
-0.0454359
-0.0447309
-0.0439904
-0.0432171
-0.0424136
-0.0415823
-0.0407254
-0.0398451
-0.0389434
-0.0380221
-0.0370831
-0.0361279
-0.0351581
-0.0341753
-0.0331807
-0.0321757
-0.0311616
-0.0301395
-0.0291105
-0.0280757
-0.027036
-0.0259924
-0.0249457
-0.0238969
-0.0228467
-0.0217959
-0.0207451
-0.019695
-0.0186463
-0.0175995
-0.0165552
-0.0155139
-0.0144762
-0.0134423
-0.0124129
-0.0113882
-0.0103687
-0.00935458
-0.00834625
-0.00734394
-0.00634797
-0.00535836
-0.00437601
-0.0033986
-0.00243546
-0.00144883
-0.0006009
-0.200457
-0.200509
-0.20054
-0.200572
-0.2006
-0.200626
-0.20065
-0.200669
-0.200683
-0.200692
-0.200693
-0.200685
-0.200669
-0.200643
-0.200607
-0.20056
-0.200501
-0.200431
-0.200349
-0.200254
-0.200146
-0.200025
-0.19989
-0.199742
-0.19958
-0.199403
-0.199213
-0.199008
-0.198788
-0.198554
-0.198304
-0.19804
-0.19776
-0.197466
-0.197156
-0.19683
-0.196489
-0.196132
-0.195759
-0.195371
-0.194966
-0.194546
-0.194109
-0.193656
-0.193187
-0.192701
-0.192199
-0.191679
-0.191143
-0.190589
-0.190018
-0.18943
-0.188823
-0.188198
-0.187554
-0.186891
-0.186209
-0.185506
-0.184782
-0.184036
-0.183268
-0.182475
-0.181658
-0.180814
-0.179942
-0.17904
-0.178106
-0.177137
-0.176132
-0.175085
-0.173994
-0.172855
-0.171662
-0.170408
-0.169086
-0.167686
-0.166197
-0.164606
-0.162894
-0.161043
-0.159029
-0.156825
-0.1544
-0.151722
-0.148754
-0.145462
-0.14181
-0.137766
-0.133303
-0.128404
-0.12306
-0.117275
-0.111066
-0.104471
-0.0975382
-0.0903344
-0.0829393
-0.0754446
-0.0679507
-0.0605641
-0.0533923
-0.0465397
-0.0401049
-0.0341758
-0.0288252
-0.0241124
-0.0200778
-0.0167442
-0.0141168
-0.0121831
-0.010915
-0.0102718
-0.0102019
-0.0106464
-0.0115409
-0.012819
-0.0144139
-0.0162607
-0.0182979
-0.0204684
-0.0227205
-0.0250084
-0.0272923
-0.0295382
-0.0317178
-0.0338083
-0.0357916
-0.037654
-0.0393918
-0.0409868
-0.0424423
-0.0437576
-0.0449323
-0.0459684
-0.0468694
-0.0476394
-0.0482837
-0.0488076
-0.0492169
-0.0495175
-0.0497154
-0.0498166
-0.0498268
-0.0497517
-0.0495968
-0.0493674
-0.0490684
-0.0487045
-0.0482803
-0.0478
-0.0472677
-0.046687
-0.0460615
-0.0453946
-0.0446893
-0.0439486
-0.0431751
-0.0423716
-0.0415402
-0.0406834
-0.0398033
-0.0389017
-0.0379806
-0.0370418
-0.0360869
-0.0351174
-0.0341349
-0.0331407
-0.0321361
-0.0311224
-0.0301006
-0.0290721
-0.0280377
-0.0269984
-0.0259553
-0.0249091
-0.0238608
-0.0228111
-0.0217608
-0.0207105
-0.0196609
-0.0186127
-0.0175665
-0.0165227
-0.015482
-0.0144448
-0.0134115
-0.0123826
-0.0113585
-0.0103394
-0.0093259
-0.0083181
-0.00731632
-0.00632089
-0.00533173
-0.00435015
-0.00337229
-0.00241308
-0.00141527
-0.000609042
-0.200437
-0.200497
-0.200526
-0.200555
-0.200583
-0.200608
-0.200632
-0.200652
-0.200667
-0.200676
-0.200677
-0.200671
-0.200655
-0.20063
-0.200594
-0.200547
-0.200489
-0.200419
-0.200337
-0.200242
-0.200135
-0.200014
-0.19988
-0.199732
-0.19957
-0.199394
-0.199204
-0.198999
-0.19878
-0.198545
-0.198296
-0.198032
-0.197753
-0.197458
-0.197148
-0.196823
-0.196481
-0.196125
-0.195752
-0.195364
-0.194959
-0.194539
-0.194102
-0.19365
-0.19318
-0.192694
-0.192192
-0.191672
-0.191136
-0.190582
-0.190011
-0.189422
-0.188816
-0.18819
-0.187546
-0.186883
-0.1862
-0.185497
-0.184773
-0.184027
-0.183258
-0.182465
-0.181647
-0.180803
-0.17993
-0.179028
-0.178093
-0.177124
-0.176118
-0.175071
-0.17398
-0.17284
-0.171647
-0.170394
-0.169073
-0.167677
-0.166193
-0.164608
-0.162906
-0.161069
-0.159072
-0.156888
-0.154489
-0.151839
-0.148904
-0.145646
-0.142027
-0.138017
-0.133586
-0.128716
-0.123395
-0.117629
-0.111436
-0.104851
-0.0979252
-0.0907239
-0.0833284
-0.0758313
-0.0683334
-0.0609424
-0.0537667
-0.0469106
-0.0404729
-0.0345415
-0.0291904
-0.0244783
-0.0204459
-0.0171157
-0.0144922
-0.0125624
-0.0112979
-0.0106574
-0.0105889
-0.0110329
-0.0119251
-0.0131985
-0.0147866
-0.0166242
-0.0186501
-0.0208073
-0.0230445
-0.025316
-0.0275824
-0.02981
-0.0319708
-0.0340424
-0.036007
-0.0378518
-0.039568
-0.0411491
-0.042587
-0.0438857
-0.0450453
-0.0460674
-0.0469553
-0.0477132
-0.0483464
-0.0488602
-0.0492602
-0.0495524
-0.0497428
-0.0498371
-0.0498412
-0.0497607
-0.0496009
-0.0493671
-0.0490642
-0.0486969
-0.0482696
-0.0477866
-0.0472519
-0.0466691
-0.0460418
-0.0453732
-0.0446665
-0.0439245
-0.0431499
-0.0423454
-0.0415132
-0.0406557
-0.0397749
-0.0388728
-0.0379512
-0.037012
-0.0360567
-0.035087
-0.0341042
-0.0331098
-0.032105
-0.0310912
-0.0300694
-0.0290407
-0.0280063
-0.0269671
-0.025924
-0.024878
-0.0238297
-0.0227801
-0.0217299
-0.0206798
-0.0196305
-0.0185825
-0.0175365
-0.016493
-0.0154525
-0.0144156
-0.0133827
-0.0123541
-0.0113303
-0.0103116
-0.00929846
-0.00829104
-0.00728963
-0.00629461
-0.00530574
-0.00432494
-0.00334624
-0.00239226
-0.00138135
-0.000639483
-0.200415
-0.200488
-0.200515
-0.200543
-0.20057
-0.200596
-0.20062
-0.200641
-0.200657
-0.200666
-0.200669
-0.200663
-0.200647
-0.200623
-0.200587
-0.200541
-0.200484
-0.200414
-0.200332
-0.200238
-0.200131
-0.20001
-0.199876
-0.199729
-0.199567
-0.199391
-0.199201
-0.198997
-0.198777
-0.198543
-0.198294
-0.19803
-0.197751
-0.197457
-0.197147
-0.196821
-0.19648
-0.196124
-0.195751
-0.195363
-0.194959
-0.194538
-0.194102
-0.193649
-0.193179
-0.192694
-0.192191
-0.191671
-0.191135
-0.190581
-0.19001
-0.189421
-0.188814
-0.188188
-0.187544
-0.186881
-0.186198
-0.185494
-0.184769
-0.184023
-0.183254
-0.182461
-0.181643
-0.180798
-0.179926
-0.179023
-0.178089
-0.17712
-0.176113
-0.175067
-0.173976
-0.172838
-0.171646
-0.170396
-0.16908
-0.167689
-0.166214
-0.164641
-0.162955
-0.161138
-0.159165
-0.157011
-0.154645
-0.152031
-0.149133
-0.145913
-0.14233
-0.138357
-0.133958
-0.129113
-0.123814
-0.118065
-0.111885
-0.105309
-0.0983884
-0.0911903
-0.0837967
-0.0763013
-0.0688053
-0.0614176
-0.0542464
-0.0473972
-0.0409688
-0.0350493
-0.0297124
-0.0250164
-0.0210013
-0.0176888
-0.0150825
-0.0131686
-0.0119178
-0.011288
-0.0112267
-0.011674
-0.0125652
-0.0138333
-0.0154117
-0.0172356
-0.0192439
-0.0213803
-0.0235938
-0.0258394
-0.028078
-0.0302766
-0.0324078
-0.0344494
-0.0363844
-0.0381999
-0.0398872
-0.0414394
-0.0428533
-0.0441264
-0.0452624
-0.0462624
-0.0471296
-0.0478684
-0.048484
-0.0489816
-0.0493668
-0.0496456
-0.0498237
-0.049907
-0.0499011
-0.0498115
-0.0496437
-0.0494026
-0.0490932
-0.04872
-0.0482876
-0.0477999
-0.047261
-0.0466745
-0.0460438
-0.0453722
-0.0446628
-0.0439184
-0.0431417
-0.0423352
-0.0415012
-0.0406421
-0.0397598
-0.0388564
-0.0379337
-0.0369933
-0.036037
-0.0350664
-0.0340827
-0.0330875
-0.0320821
-0.0310676
-0.0300452
-0.029016
-0.0279811
-0.0269414
-0.025898
-0.0248515
-0.023803
-0.0227531
-0.0217027
-0.0206524
-0.0196029
-0.0185548
-0.0175087
-0.0164652
-0.0154247
-0.0143878
-0.013355
-0.0123265
-0.0113028
-0.0102843
-0.00927134
-0.00826414
-0.00726296
-0.00626824
-0.00527951
-0.00429949
-0.0033196
-0.00237224
-0.0013454
-0.000690886
-0.200397
-0.200485
-0.20051
-0.200538
-0.200564
-0.200591
-0.200616
-0.200638
-0.200655
-0.200666
-0.200669
-0.200663
-0.200649
-0.200624
-0.20059
-0.200544
-0.200487
-0.200418
-0.200336
-0.200242
-0.200135
-0.200015
-0.199881
-0.199734
-0.199572
-0.199396
-0.199207
-0.199002
-0.198783
-0.198549
-0.1983
-0.198036
-0.197757
-0.197463
-0.197153
-0.196827
-0.196486
-0.19613
-0.195757
-0.195369
-0.194964
-0.194544
-0.194107
-0.193654
-0.193185
-0.192699
-0.192196
-0.191677
-0.19114
-0.190586
-0.190015
-0.189425
-0.188818
-0.188192
-0.187548
-0.186884
-0.186201
-0.185497
-0.184773
-0.184026
-0.183257
-0.182464
-0.181646
-0.180802
-0.179929
-0.179027
-0.178093
-0.177125
-0.17612
-0.175075
-0.173986
-0.17285
-0.171662
-0.170416
-0.169107
-0.167725
-0.166262
-0.164706
-0.16304
-0.161246
-0.159302
-0.15718
-0.154849
-0.152272
-0.14941
-0.146226
-0.14268
-0.138732
-0.134358
-0.129536
-0.124255
-0.118521
-0.112353
-0.105787
-0.0988754
-0.0916872
-0.0843049
-0.0768226
-0.069343
-0.0619752
-0.0548277
-0.0480064
-0.0416097
-0.0357253
-0.0304261
-0.0257694
-0.0217939
-0.0185201
-0.01595
-0.0140686
-0.0128455
-0.0122375
-0.0121914
-0.0126467
-0.0135386
-0.0148001
-0.016365
-0.0181688
-0.0201512
-0.0222566
-0.0244347
-0.0266415
-0.0288388
-0.0309943
-0.0330815
-0.0350788
-0.0369697
-0.0387419
-0.0403869
-0.0418986
-0.0432744
-0.0445108
-0.045612
-0.0465794
-0.0474164
-0.0481272
-0.0487169
-0.0491906
-0.0495541
-0.049813
-0.049973
-0.0500399
-0.0500191
-0.0499161
-0.0497361
-0.0494841
-0.0491649
-0.0487829
-0.0483425
-0.0478477
-0.0473024
-0.0467101
-0.0460743
-0.0453981
-0.0446844
-0.0439362
-0.043156
-0.0423464
-0.0415096
-0.0406478
-0.0397631
-0.0388574
-0.0379326
-0.0369904
-0.0360323
-0.0350599
-0.0340747
-0.033078
-0.0320712
-0.0310554
-0.0300317
-0.0290014
-0.0279654
-0.0269246
-0.0258802
-0.0248328
-0.0237834
-0.0227328
-0.0216816
-0.0206306
-0.0195805
-0.0185318
-0.0174852
-0.0164413
-0.0154004
-0.0143632
-0.0133301
-0.0123014
-0.0112776
-0.010259
-0.00924594
-0.00823874
-0.00723757
-0.00624296
-0.00525418
-0.00427488
-0.00329334
-0.00235378
-0.00130718
-0.000761943
-0.200388
-0.200491
-0.200515
-0.200543
-0.20057
-0.200598
-0.200624
-0.200647
-0.200665
-0.200676
-0.20068
-0.200675
-0.200661
-0.200637
-0.200602
-0.200557
-0.2005
-0.200431
-0.20035
-0.200256
-0.200149
-0.200028
-0.199895
-0.199747
-0.199586
-0.19941
-0.19922
-0.199016
-0.198797
-0.198563
-0.198314
-0.19805
-0.19777
-0.197476
-0.197166
-0.19684
-0.196499
-0.196143
-0.19577
-0.195382
-0.194977
-0.194557
-0.19412
-0.193667
-0.193197
-0.192711
-0.192208
-0.191688
-0.191151
-0.190597
-0.190026
-0.189436
-0.188829
-0.188203
-0.187558
-0.186894
-0.186211
-0.185507
-0.184782
-0.184036
-0.183267
-0.182475
-0.181657
-0.180814
-0.179942
-0.179041
-0.178109
-0.177142
-0.176139
-0.175096
-0.174011
-0.172879
-0.171696
-0.170457
-0.169157
-0.167786
-0.166337
-0.164798
-0.163153
-0.161384
-0.159467
-0.157375
-0.155075
-0.152529
-0.149699
-0.146541
-0.143019
-0.139095
-0.13474
-0.129934
-0.124668
-0.118948
-0.112794
-0.106243
-0.0993487
-0.0921816
-0.0848248
-0.0773735
-0.0699313
-0.0626071
-0.0555098
-0.0487448
-0.0424099
-0.0365914
-0.0313611
-0.0267741
-0.0228674
-0.0196594
-0.0171501
-0.0153225
-0.0141447
-0.0135724
-0.0135514
-0.0140207
-0.0149153
-0.0161688
-0.0177151
-0.019491
-0.0214369
-0.0234986
-0.025627
-0.0277794
-0.0299187
-0.0320138
-0.0340394
-0.0359748
-0.0378043
-0.0395162
-0.0411026
-0.0425577
-0.0438785
-0.0450665
-0.0461195
-0.0470417
-0.0478368
-0.0485089
-0.0490627
-0.0495036
-0.0498369
-0.0500683
-0.0502032
-0.0502473
-0.0502059
-0.0500842
-0.0498873
-0.0496201
-0.0492871
-0.0488928
-0.0484413
-0.0479365
-0.0473822
-0.0467819
-0.0461387
-0.0454559
-0.0447363
-0.0439826
-0.0431975
-0.0423834
-0.0415424
-0.0406769
-0.0397887
-0.0388797
-0.0379519
-0.0370068
-0.036046
-0.0350711
-0.0340835
-0.0330846
-0.0320756
-0.0310577
-0.030032
-0.0289998
-0.027962
-0.0269195
-0.0258734
-0.0248244
-0.0237735
-0.0227214
-0.0216689
-0.0206167
-0.0195653
-0.0185156
-0.017468
-0.016423
-0.0153814
-0.0143434
-0.0133095
-0.0122803
-0.011256
-0.010237
-0.00922356
-0.00821608
-0.00721468
-0.00621995
-0.00523085
-0.0042521
-0.00326837
-0.00233728
-0.00126677
-0.000848337
-0.200392
-0.200511
-0.200534
-0.200562
-0.20059
-0.200619
-0.200646
-0.200669
-0.200688
-0.2007
-0.200704
-0.200699
-0.200685
-0.200661
-0.200626
-0.200581
-0.200524
-0.200454
-0.200373
-0.200279
-0.200172
-0.200051
-0.199917
-0.19977
-0.199608
-0.199432
-0.199242
-0.199037
-0.198818
-0.198584
-0.198335
-0.19807
-0.197791
-0.197496
-0.197186
-0.19686
-0.196519
-0.196162
-0.195789
-0.195401
-0.194996
-0.194575
-0.194138
-0.193685
-0.193215
-0.192729
-0.192225
-0.191705
-0.191168
-0.190614
-0.190042
-0.189453
-0.188845
-0.188219
-0.187574
-0.186911
-0.186227
-0.185524
-0.184799
-0.184053
-0.183285
-0.182493
-0.181677
-0.180835
-0.179965
-0.179066
-0.178135
-0.177171
-0.176171
-0.175132
-0.174051
-0.172924
-0.171747
-0.170517
-0.169226
-0.167867
-0.166432
-0.164909
-0.163284
-0.161535
-0.159642
-0.157573
-0.155295
-0.152771
-0.149961
-0.146821
-0.143315
-0.139405
-0.135064
-0.13027
-0.125018
-0.119312
-0.113176
-0.106648
-0.0997825
-0.0926515
-0.0853395
-0.0779424
-0.0705643
-0.0633139
-0.0562998
-0.0496265
-0.0433902
-0.0376753
-0.0325513
-0.0280705
-0.0242671
-0.0211566
-0.0187363
-0.0169869
-0.0158744
-0.015353
-0.0153675
-0.0158565
-0.0167552
-0.0179977
-0.0195188
-0.0212568
-0.0231536
-0.0251564
-0.0272182
-0.0292977
-0.0313597
-0.0333747
-0.0353185
-0.037172
-0.0389204
-0.0405529
-0.042062
-0.0434431
-0.0446939
-0.0458147
-0.0468047
-0.0476678
-0.0484081
-0.0490294
-0.0495363
-0.049934
-0.0502277
-0.0504229
-0.0505249
-0.050539
-0.0504704
-0.0503241
-0.0501049
-0.0498176
-0.0494665
-0.0490559
-0.0485897
-0.0480717
-0.0475054
-0.0468943
-0.0462415
-0.0455499
-0.0448223
-0.0440615
-0.0432698
-0.0424496
-0.0416032
-0.0407325
-0.0398396
-0.0389263
-0.0379944
-0.0370455
-0.0360811
-0.0351028
-0.0341119
-0.0331098
-0.0320978
-0.031077
-0.0300486
-0.0290137
-0.0279732
-0.0269283
-0.0258798
-0.0248285
-0.0237754
-0.0227211
-0.0216666
-0.0206124
-0.0195592
-0.0185077
-0.0174585
-0.016412
-0.015369
-0.0143297
-0.0132947
-0.0122644
-0.0112392
-0.0102193
-0.00920524
-0.00819717
-0.00719524
-0.00620012
-0.00521042
-0.00423195
-0.00324542
-0.00232279
-0.00122491
-0.000943022
-0.200416
-0.200551
-0.200572
-0.2006
-0.200628
-0.200656
-0.200684
-0.200707
-0.200726
-0.200737
-0.200741
-0.200736
-0.200721
-0.200697
-0.200662
-0.200615
-0.200558
-0.200488
-0.200406
-0.200311
-0.200204
-0.200083
-0.199948
-0.1998
-0.199638
-0.199462
-0.199271
-0.199066
-0.198846
-0.198611
-0.198362
-0.198097
-0.197817
-0.197522
-0.197212
-0.196886
-0.196544
-0.196187
-0.195814
-0.195425
-0.19502
-0.194599
-0.194161
-0.193708
-0.193238
-0.192751
-0.192248
-0.191728
-0.19119
-0.190636
-0.190064
-0.189474
-0.188867
-0.188241
-0.187596
-0.186932
-0.186249
-0.185546
-0.184822
-0.184077
-0.18331
-0.182519
-0.181705
-0.180864
-0.179997
-0.1791
-0.178172
-0.177212
-0.176215
-0.175181
-0.174104
-0.172983
-0.171813
-0.17059
-0.169309
-0.16796
-0.166538
-0.165029
-0.163417
-0.161684
-0.159805
-0.157749
-0.155485
-0.152972
-0.150171
-0.147041
-0.143541
-0.139638
-0.135303
-0.130518
-0.125277
-0.119589
-0.113476
-0.106981
-0.100159
-0.0930836
-0.0858399
-0.0785249
-0.0712429
-0.0641021
-0.0572101
-0.0506696
-0.0445746
-0.0390063
-0.0340308
-0.029697
-0.026035
-0.0230565
-0.0207555
-0.0191097
-0.0180827
-0.0176271
-0.0176866
-0.0181998
-0.0191022
-0.0203286
-0.0218159
-0.0235036
-0.025336
-0.0272626
-0.0292385
-0.0312247
-0.0331881
-0.0351012
-0.0369415
-0.0386913
-0.0403374
-0.0418698
-0.0432821
-0.0445702
-0.0457324
-0.0467689
-0.0476804
-0.0484699
-0.0491414
-0.0496991
-0.0501473
-0.0504909
-0.050735
-0.0508849
-0.0509455
-0.050922
-0.0508192
-0.0506419
-0.0503948
-0.0500821
-0.0497082
-0.049277
-0.0487922
-0.0482575
-0.0476761
-0.0470514
-0.0463862
-0.0456835
-0.0449459
-0.0441759
-0.0433759
-0.0425481
-0.0416947
-0.0408176
-0.0399187
-0.0389999
-0.0380627
-0.0371089
-0.0361399
-0.0351571
-0.034162
-0.0331559
-0.03214
-0.0311155
-0.0300835
-0.029045
-0.0280012
-0.026953
-0.0259012
-0.0248468
-0.0237907
-0.0227336
-0.0216762
-0.0206193
-0.0195636
-0.0185097
-0.0174582
-0.0164096
-0.0153645
-0.0143234
-0.0132867
-0.0122548
-0.0112282
-0.0102071
-0.00919194
-0.00818292
-0.00718015
-0.00618432
-0.00519372
-0.00421516
-0.00322531
-0.00231036
-0.00118337
-0.00103739
-0.200468
-0.200615
-0.200632
-0.200658
-0.200685
-0.200713
-0.200739
-0.200762
-0.200778
-0.200789
-0.200791
-0.200784
-0.200769
-0.200743
-0.200707
-0.200659
-0.2006
-0.20053
-0.200447
-0.200351
-0.200242
-0.200121
-0.199985
-0.199837
-0.199674
-0.199497
-0.199305
-0.1991
-0.198879
-0.198644
-0.198394
-0.198129
-0.197848
-0.197553
-0.197242
-0.196915
-0.196573
-0.196215
-0.195842
-0.195452
-0.195047
-0.194626
-0.194188
-0.193734
-0.193264
-0.192777
-0.192273
-0.191753
-0.191216
-0.190661
-0.190089
-0.1895
-0.188892
-0.188266
-0.187622
-0.186959
-0.186276
-0.185574
-0.184851
-0.184107
-0.183341
-0.182552
-0.181739
-0.180901
-0.180036
-0.179142
-0.178218
-0.177261
-0.176268
-0.175238
-0.174167
-0.173051
-0.171887
-0.170671
-0.169397
-0.168057
-0.166641
-0.16514
-0.163536
-0.16181
-0.159936
-0.157886
-0.155623
-0.153111
-0.150308
-0.147175
-0.143672
-0.139767
-0.135432
-0.130653
-0.125424
-0.119756
-0.113677
-0.107227
-0.100466
-0.0934684
-0.0863207
-0.0791203
-0.0719714
-0.064981
-0.058255
-0.0518935
-0.0459867
-0.0406119
-0.0358307
-0.0316868
-0.0282058
-0.0253945
-0.0232429
-0.0217252
-0.0208025
-0.0204254
-0.0205372
-0.0210763
-0.021979
-0.0231819
-0.0246235
-0.0262462
-0.0279969
-0.0298277
-0.0316967
-0.0335676
-0.0354098
-0.0371981
-0.0389122
-0.0405362
-0.0420582
-0.0434697
-0.044765
-0.0459411
-0.0469966
-0.0479323
-0.0487492
-0.0494501
-0.0500392
-0.0505205
-0.0508981
-0.0511768
-0.0513614
-0.0514568
-0.0514677
-0.0513988
-0.0512549
-0.0510403
-0.0507594
-0.0504162
-0.0500147
-0.0495585
-0.0490512
-0.0484962
-0.0478966
-0.0472553
-0.0465752
-0.045859
-0.0451091
-0.044328
-0.0435178
-0.0426807
-0.0418188
-0.0409338
-0.0400277
-0.039102
-0.0381585
-0.0371987
-0.036224
-0.0352359
-0.0342356
-0.0332245
-0.0322038
-0.0311747
-0.0301382
-0.0290954
-0.0280473
-0.0269949
-0.0259391
-0.0248808
-0.0238209
-0.02276
-0.0216991
-0.0206388
-0.0195797
-0.0185226
-0.0174681
-0.0164167
-0.0153689
-0.0143253
-0.0132863
-0.0122524
-0.0112239
-0.0102011
-0.00918444
-0.0081741
-0.00717014
-0.0061733
-0.00518148
-0.00420243
-0.0032089
-0.0023002
-0.00114481
-0.00112241
-0.200556
-0.20071
-0.200719
-0.200741
-0.200764
-0.200788
-0.200811
-0.200831
-0.200845
-0.200852
-0.200852
-0.200843
-0.200825
-0.200797
-0.200759
-0.20071
-0.200649
-0.200577
-0.200493
-0.200396
-0.200286
-0.200163
-0.200027
-0.199877
-0.199713
-0.199535
-0.199343
-0.199136
-0.198915
-0.198679
-0.198428
-0.198162
-0.197881
-0.197585
-0.197273
-0.196946
-0.196604
-0.196245
-0.195871
-0.195482
-0.195076
-0.194654
-0.194216
-0.193762
-0.193291
-0.192804
-0.192301
-0.19178
-0.191243
-0.190688
-0.190117
-0.189527
-0.18892
-0.188295
-0.187651
-0.186988
-0.186307
-0.185605
-0.184883
-0.184141
-0.183376
-0.182589
-0.181778
-0.180942
-0.18008
-0.179189
-0.178267
-0.177313
-0.176325
-0.175298
-0.17423
-0.173119
-0.171959
-0.170746
-0.169475
-0.168139
-0.166726
-0.165226
-0.163623
-0.161894
-0.160016
-0.157958
-0.155686
-0.153161
-0.150345
-0.147197
-0.143682
-0.139767
-0.135428
-0.130651
-0.125436
-0.119795
-0.113758
-0.10737
-0.100691
-0.093798
-0.0867782
-0.0797294
-0.0727551
-0.0659605
-0.0594486
-0.0533155
-0.0476469
-0.0425146
-0.0379741
-0.0340633
-0.0308017
-0.028191
-0.0262162
-0.0248479
-0.0240445
-0.0237551
-0.0239224
-0.0244852
-0.0253815
-0.0265498
-0.0279315
-0.029472
-0.0311215
-0.0328357
-0.0345757
-0.0363087
-0.0380069
-0.0396478
-0.0412134
-0.0426898
-0.0440669
-0.0453374
-0.0464968
-0.0475427
-0.0484747
-0.049294
-0.0500011
-0.0505995
-0.0510935
-0.0514867
-0.0517828
-0.0519865
-0.0521023
-0.0521347
-0.0520881
-0.0519668
-0.0517753
-0.0515174
-0.0511973
-0.0508186
-0.050385
-0.0498998
-0.0493663
-0.0487876
-0.0481666
-0.047506
-0.0468085
-0.0460764
-0.0453122
-0.044518
-0.0436959
-0.042848
-0.041976
-0.0410818
-0.0401671
-0.0392334
-0.0382824
-0.0373155
-0.0363342
-0.0353397
-0.0343333
-0.0333164
-0.03229
-0.0312554
-0.0302135
-0.0291655
-0.0281123
-0.0270549
-0.0259943
-0.0249313
-0.0238667
-0.0228013
-0.021736
-0.0206715
-0.0196083
-0.0185473
-0.017489
-0.0164341
-0.015383
-0.0143362
-0.0132944
-0.0122578
-0.0112268
-0.0102019
-0.00918329
-0.00817125
-0.00716577
-0.00616761
-0.00517431
-0.00419435
-0.00319711
-0.00229268
-0.00111243
-0.00118979
-0.200692
-0.200842
-0.200836
-0.200848
-0.200863
-0.200881
-0.200898
-0.200912
-0.200921
-0.200924
-0.20092
-0.200908
-0.200886
-0.200856
-0.200815
-0.200764
-0.200701
-0.200627
-0.200541
-0.200442
-0.200331
-0.200206
-0.200069
-0.199917
-0.199752
-0.199573
-0.19938
-0.199172
-0.19895
-0.198713
-0.198462
-0.198195
-0.197913
-0.197616
-0.197304
-0.196977
-0.196633
-0.196275
-0.1959
-0.19551
-0.195104
-0.194682
-0.194243
-0.193789
-0.193318
-0.192831
-0.192328
-0.191807
-0.19127
-0.190715
-0.190144
-0.189555
-0.188948
-0.188323
-0.18768
-0.187018
-0.186337
-0.185637
-0.184916
-0.184175
-0.183411
-0.182626
-0.181817
-0.180982
-0.180122
-0.179233
-0.178313
-0.177361
-0.176374
-0.175349
-0.174283
-0.173172
-0.172013
-0.170801
-0.169529
-0.168189
-0.166772
-0.165266
-0.163652
-0.161911
-0.160016
-0.157938
-0.155643
-0.153094
-0.150252
-0.147079
-0.143541
-0.139609
-0.135261
-0.130487
-0.125289
-0.119683
-0.113702
-0.107394
-0.100822
-0.0940639
-0.0872084
-0.0803526
-0.0735984
-0.0670483
-0.0608012
-0.0549479
-0.0495679
-0.0447262
-0.0404713
-0.0368337
-0.0338263
-0.0314447
-0.029669
-0.028466
-0.0277915
-0.0275933
-0.0278142
-0.0283942
-0.0292732
-0.0303928
-0.0316977
-0.033137
-0.0346649
-0.0362409
-0.0378302
-0.0394033
-0.0409358
-0.0424081
-0.0438047
-0.0451139
-0.0463273
-0.0474391
-0.0484458
-0.0493459
-0.0501395
-0.0508293
-0.0514139
-0.0518979
-0.0522858
-0.0525806
-0.0527861
-0.0529062
-0.0529454
-0.0529075
-0.0527968
-0.0526171
-0.0523723
-0.0520661
-0.0517021
-0.0512837
-0.0508141
-0.0502964
-0.0497335
-0.0491283
-0.0484832
-0.0478009
-0.0470837
-0.0463338
-0.0455533
-0.0447444
-0.0439088
-0.0430485
-0.0421652
-0.0412605
-0.0403361
-0.0393934
-0.0384339
-0.0374589
-0.03647
-0.0354682
-0.0344549
-0.0334312
-0.0323984
-0.0313574
-0.0303094
-0.0292553
-0.0281963
-0.0271331
-0.0260668
-0.0249983
-0.0239283
-0.0228576
-0.0217872
-0.0207176
-0.0196497
-0.018584
-0.0175212
-0.016462
-0.0154069
-0.0143564
-0.013311
-0.0122712
-0.0112373
-0.0102098
-0.00918878
-0.00817467
-0.00716735
-0.00616759
-0.00517264
-0.0041914
-0.00319078
-0.0022883
-0.00108945
-0.0012329
-0.20089
-0.201015
-0.200985
-0.200978
-0.200979
-0.200986
-0.200993
-0.200999
-0.201002
-0.200999
-0.20099
-0.200973
-0.200948
-0.200914
-0.200871
-0.200816
-0.200751
-0.200675
-0.200587
-0.200486
-0.200373
-0.200247
-0.200108
-0.199955
-0.199789
-0.199609
-0.199414
-0.199206
-0.198982
-0.198745
-0.198492
-0.198225
-0.197942
-0.197645
-0.197332
-0.197003
-0.19666
-0.196301
-0.195926
-0.195535
-0.195129
-0.194706
-0.194268
-0.193813
-0.193342
-0.192855
-0.192351
-0.191831
-0.191294
-0.19074
-0.190168
-0.189579
-0.188973
-0.188348
-0.187706
-0.187044
-0.186364
-0.185664
-0.184944
-0.184204
-0.183442
-0.182657
-0.181848
-0.181014
-0.180154
-0.179265
-0.178346
-0.177393
-0.176405
-0.175378
-0.17431
-0.173196
-0.172032
-0.170814
-0.169533
-0.168183
-0.166753
-0.165229
-0.163594
-0.161828
-0.159904
-0.157793
-0.155461
-0.152874
-0.149993
-0.146784
-0.143215
-0.139259
-0.134899
-0.130128
-0.124952
-0.119393
-0.113485
-0.107281
-0.100845
-0.0942574
-0.0876065
-0.0809886
-0.074503
-0.0682479
-0.0623167
-0.0567935
-0.0517502
-0.0472437
-0.043314
-0.0399838
-0.0372585
-0.0351275
-0.0335658
-0.0325365
-0.0319934
-0.0318836
-0.0321507
-0.0327364
-0.0335837
-0.0346375
-0.0358469
-0.0371651
-0.038551
-0.0399684
-0.0413866
-0.04278
-0.0441278
-0.0454132
-0.0466236
-0.0477494
-0.0487839
-0.0497228
-0.0505638
-0.051306
-0.0519492
-0.0524987
-0.0529518
-0.0533132
-0.0535868
-0.0537758
-0.0538836
-0.0539139
-0.0538705
-0.0537571
-0.0535773
-0.0533347
-0.0530326
-0.0526743
-0.052263
-0.0518017
-0.0512932
-0.0507403
-0.0501455
-0.0495114
-0.0488403
-0.0481343
-0.0473957
-0.0466264
-0.0458283
-0.0450032
-0.044153
-0.0432792
-0.0423834
-0.0414673
-0.0405322
-0.0395795
-0.0386107
-0.0376269
-0.0366295
-0.0356198
-0.0345988
-0.0335677
-0.0325276
-0.0314796
-0.0304247
-0.029364
-0.0282983
-0.0272287
-0.026156
-0.0250812
-0.0240051
-0.0229285
-0.0218521
-0.0207769
-0.0197034
-0.0186323
-0.0175645
-0.0165003
-0.0154406
-0.0143857
-0.0133362
-0.0122926
-0.0112553
-0.0102246
-0.0092009
-0.00818437
-0.00717494
-0.00617334
-0.00517666
-0.00419389
-0.00319063
-0.00228763
-0.00107869
-0.00124725
-0.201171
-0.201234
-0.201161
-0.201125
-0.201105
-0.201096
-0.201091
-0.201087
-0.201081
-0.201071
-0.201056
-0.201034
-0.201005
-0.200967
-0.20092
-0.200863
-0.200795
-0.200716
-0.200626
-0.200523
-0.200409
-0.200281
-0.20014
-0.199986
-0.199819
-0.199637
-0.199442
-0.199232
-0.199008
-0.19877
-0.198516
-0.198248
-0.197965
-0.197667
-0.197353
-0.197025
-0.19668
-0.196321
-0.195945
-0.195555
-0.195148
-0.194725
-0.194286
-0.193832
-0.193361
-0.192873
-0.19237
-0.191849
-0.191312
-0.190758
-0.190186
-0.189597
-0.188991
-0.188367
-0.187724
-0.187063
-0.186382
-0.185682
-0.184962
-0.184221
-0.183458
-0.182672
-0.181862
-0.181027
-0.180164
-0.179273
-0.17835
-0.177393
-0.1764
-0.175367
-0.17429
-0.173166
-0.171991
-0.170757
-0.16946
-0.168089
-0.166633
-0.16508
-0.163411
-0.161605
-0.159638
-0.157479
-0.155096
-0.152457
-0.149525
-0.146269
-0.14266
-0.138676
-0.134303
-0.12954
-0.124397
-0.118899
-0.113086
-0.107013
-0.100748
-0.0943694
-0.0879669
-0.0816341
-0.0754662
-0.0695559
-0.0639894
-0.0588427
-0.0541787
-0.0500448
-0.0464721
-0.0434745
-0.04105
-0.0391816
-0.0378395
-0.0369839
-0.0365669
-0.036536
-0.036836
-0.0374118
-0.0382096
-0.0391789
-0.0402733
-0.0414512
-0.0426761
-0.0439167
-0.0451466
-0.0463442
-0.0474922
-0.0485771
-0.0495887
-0.0505197
-0.051365
-0.0521218
-0.0527887
-0.0533657
-0.0538545
-0.0542532
-0.0545692
-0.0548035
-0.0549585
-0.0550374
-0.0550436
-0.0549805
-0.0548514
-0.0546594
-0.0544078
-0.0540996
-0.0537378
-0.0533252
-0.0528645
-0.0523584
-0.0518094
-0.0512197
-0.0505916
-0.0499273
-0.0492288
-0.048498
-0.0477369
-0.0469471
-0.0461304
-0.0452884
-0.0444227
-0.0435347
-0.0426258
-0.0416975
-0.0407511
-0.0397879
-0.0388091
-0.037816
-0.0368097
-0.0357913
-0.0347621
-0.033723
-0.0326752
-0.0316197
-0.0305574
-0.0294894
-0.0284166
-0.0273399
-0.0262603
-0.0251787
-0.0240958
-0.0230126
-0.0219298
-0.0208482
-0.0197686
-0.0186916
-0.0176179
-0.0165483
-0.0154833
-0.0144235
-0.0133694
-0.0123215
-0.0112803
-0.0102461
-0.0092193
-0.00820006
-0.0071883
-0.00618471
-0.00518631
-0.00420189
-0.00319706
-0.00229113
-0.00108223
-0.00123061
-0.201566
-0.201497
-0.201358
-0.201278
-0.20123
-0.2012
-0.201179
-0.201163
-0.201148
-0.201131
-0.20111
-0.201083
-0.201049
-0.201008
-0.200958
-0.200898
-0.200828
-0.200747
-0.200654
-0.20055
-0.200434
-0.200305
-0.200163
-0.200008
-0.199839
-0.199657
-0.19946
-0.19925
-0.199025
-0.198786
-0.198532
-0.198263
-0.197979
-0.197681
-0.197367
-0.197038
-0.196693
-0.196333
-0.195957
-0.195566
-0.195159
-0.194736
-0.194297
-0.193842
-0.193371
-0.192883
-0.192379
-0.191858
-0.19132
-0.190766
-0.190194
-0.189604
-0.188997
-0.188372
-0.187728
-0.187066
-0.186384
-0.185682
-0.18496
-0.184216
-0.18345
-0.182661
-0.181846
-0.181006
-0.180137
-0.179238
-0.178307
-0.17734
-0.176335
-0.175288
-0.174196
-0.173054
-0.171856
-0.170598
-0.169271
-0.167866
-0.166372
-0.164775
-0.163057
-0.161196
-0.159169
-0.156946
-0.154498
-0.151792
-0.148798
-0.145486
-0.141831
-0.137817
-0.133435
-0.128688
-0.123591
-0.118176
-0.112485
-0.106576
-0.100518
-0.0943918
-0.0882832
-0.0822827
-0.0764799
-0.0709605
-0.0658021
-0.061071
-0.05682
-0.0530864
-0.0498916
-0.0472409
-0.0451246
-0.0435199
-0.0423931
-0.0417019
-0.041398
-0.0414299
-0.0417451
-0.0422917
-0.0430205
-0.043886
-0.0448471
-0.0458673
-0.0469153
-0.0479647
-0.0489936
-0.0499844
-0.0509232
-0.0517995
-0.0526056
-0.0533361
-0.0539877
-0.0545586
-0.0550484
-0.0554576
-0.0557875
-0.0560381
-0.0562158
-0.0563215
-0.0563568
-0.056325
-0.0562291
-0.0560721
-0.0558568
-0.0555858
-0.055262
-0.0548879
-0.054466
-0.0539987
-0.0534883
-0.0529371
-0.052347
-0.0517201
-0.0510583
-0.0503635
-0.0496373
-0.0488814
-0.0480974
-0.0472869
-0.0464513
-0.0455921
-0.0447105
-0.043808
-0.0428857
-0.041945
-0.040987
-0.040013
-0.039024
-0.0380212
-0.0370057
-0.0359786
-0.0349408
-0.0338935
-0.0328376
-0.0317742
-0.0307042
-0.0296286
-0.0285482
-0.0274642
-0.0263772
-0.0252883
-0.0241983
-0.023108
-0.0220183
-0.0209299
-0.0198436
-0.0187602
-0.0176804
-0.0166047
-0.015534
-0.0144688
-0.0134097
-0.0123571
-0.0113116
-0.0102736
-0.00924332
-0.00822112
-0.00720687
-0.0062012
-0.00520121
-0.00421516
-0.00321012
-0.00229901
-0.00110117
-0.00118278
-0.202125
-0.201797
-0.201557
-0.201418
-0.201335
-0.201282
-0.201245
-0.201218
-0.201194
-0.20117
-0.201143
-0.201112
-0.201075
-0.201031
-0.200978
-0.200916
-0.200844
-0.200762
-0.200668
-0.200563
-0.200445
-0.200315
-0.200173
-0.200017
-0.199847
-0.199664
-0.199467
-0.199256
-0.199031
-0.198791
-0.198537
-0.198268
-0.197984
-0.197685
-0.19737
-0.197041
-0.196696
-0.196335
-0.195959
-0.195567
-0.19516
-0.194736
-0.194297
-0.193841
-0.193369
-0.192881
-0.192376
-0.191854
-0.191315
-0.190759
-0.190185
-0.189594
-0.188985
-0.188357
-0.187711
-0.187045
-0.186359
-0.185653
-0.184925
-0.184176
-0.183403
-0.182606
-0.181783
-0.180932
-0.180051
-0.179139
-0.178192
-0.177207
-0.176181
-0.175111
-0.173993
-0.172821
-0.171589
-0.170293
-0.168922
-0.167469
-0.165921
-0.164263
-0.162478
-0.160545
-0.158441
-0.156139
-0.15361
-0.150826
-0.147759
-0.144384
-0.140682
-0.136641
-0.132257
-0.12754
-0.122511
-0.117204
-0.111667
-0.105958
-0.10015
-0.0943185
-0.0885487
-0.082925
-0.0775302
-0.072441
-0.0677252
-0.0634386
-0.0596229
-0.056305
-0.0534964
-0.051194
-0.0493813
-0.0480304
-0.0471044
-0.0465599
-0.0463491
-0.0464226
-0.0467312
-0.0472277
-0.0478678
-0.0486115
-0.0494231
-0.0502719
-0.0511317
-0.0519808
-0.0528018
-0.0535809
-0.0543074
-0.0549736
-0.055574
-0.056105
-0.0565647
-0.0569521
-0.0572677
-0.0575122
-0.0576874
-0.0577941
-0.0578365
-0.0578163
-0.0577352
-0.0575958
-0.0574008
-0.0571526
-0.0568535
-0.0565059
-0.0561119
-0.0556737
-0.0551933
-0.0546728
-0.0541141
-0.0535188
-0.0528888
-0.0522256
-0.0515309
-0.0508062
-0.0500529
-0.0492724
-0.048466
-0.0476352
-0.046781
-0.0459048
-0.0450076
-0.0440908
-0.0431553
-0.0422024
-0.041233
-0.0402482
-0.0392491
-0.0382367
-0.037212
-0.0361761
-0.0351298
-0.0340742
-0.0330102
-0.0319388
-0.030861
-0.0297776
-0.0286896
-0.027598
-0.0265035
-0.0254071
-0.0243097
-0.0232121
-0.0221152
-0.0210197
-0.0199265
-0.0188363
-0.0177498
-0.0166679
-0.0155911
-0.0145201
-0.0134556
-0.012398
-0.011348
-0.0103058
-0.00927192
-0.0082466
-0.00722978
-0.00622202
-0.00522065
-0.0042331
-0.00322936
-0.00231114
-0.00113553
-0.00110531
-0.202916
-0.20211
-0.201731
-0.201517
-0.201398
-0.201324
-0.201274
-0.201238
-0.201208
-0.20118
-0.20115
-0.201117
-0.201078
-0.201032
-0.200978
-0.200915
-0.200842
-0.200759
-0.200665
-0.200559
-0.200441
-0.200311
-0.200168
-0.200012
-0.199842
-0.199659
-0.199462
-0.19925
-0.199025
-0.198785
-0.19853
-0.198261
-0.197976
-0.197677
-0.197362
-0.197032
-0.196686
-0.196325
-0.195949
-0.195556
-0.195148
-0.194723
-0.194282
-0.193825
-0.193352
-0.192861
-0.192354
-0.19183
-0.191289
-0.19073
-0.190153
-0.189558
-0.188944
-0.188312
-0.187659
-0.186987
-0.186294
-0.18558
-0.184843
-0.184082
-0.183298
-0.182487
-0.181648
-0.180779
-0.179879
-0.178944
-0.177972
-0.176959
-0.175902
-0.174797
-0.173639
-0.172422
-0.171142
-0.169791
-0.168361
-0.166842
-0.165221
-0.163484
-0.161615
-0.159593
-0.157395
-0.154999
-0.152377
-0.149505
-0.146359
-0.14292
-0.139174
-0.135114
-0.130744
-0.126077
-0.121142
-0.115975
-0.110627
-0.105159
-0.0996402
-0.0941469
-0.0887573
-0.0835494
-0.0785974
-0.0739681
-0.0697182
-0.0658922
-0.0625207
-0.05962
-0.0571923
-0.0552267
-0.053701
-0.0525832
-0.0518346
-0.0514117
-0.0512686
-0.051359
-0.051638
-0.0520634
-0.0525966
-0.0532033
-0.0538536
-0.0545222
-0.0551881
-0.0558342
-0.056447
-0.0570163
-0.0575344
-0.0579958
-0.0583971
-0.0587361
-0.0590118
-0.0592244
-0.0593742
-0.0594627
-0.0594923
-0.0594627
-0.0593776
-0.0592392
-0.0590488
-0.0588085
-0.0585205
-0.0581867
-0.0578091
-0.0573895
-0.0569297
-0.0564314
-0.0558962
-0.0553257
-0.0547214
-0.0540847
-0.053417
-0.0527197
-0.051994
-0.051241
-0.0504621
-0.0496583
-0.0488308
-0.0479806
-0.0471089
-0.0462165
-0.0453046
-0.0443742
-0.0434261
-0.0424615
-0.0414812
-0.0404861
-0.0394774
-0.0384557
-0.0374222
-0.0363777
-0.0353232
-0.0342595
-0.0331877
-0.0321085
-0.031023
-0.029932
-0.0288364
-0.0277372
-0.0266352
-0.0255314
-0.0244266
-0.0233216
-0.0222173
-0.0211146
-0.0200143
-0.0189172
-0.017824
-0.0167356
-0.0156525
-0.0145756
-0.0135055
-0.0124427
-0.0113879
-0.0103415
-0.0093038
-0.00827527
-0.00725585
-0.00624606
-0.00524359
-0.00425476
-0.00325385
-0.00232695
-0.00118409
-0.00100139
-0.20403
-0.202375
-0.201838
-0.201546
-0.201393
-0.201306
-0.201252
-0.201214
-0.201183
-0.201155
-0.201125
-0.201092
-0.201054
-0.201008
-0.200955
-0.200893
-0.20082
-0.200738
-0.200644
-0.200539
-0.200421
-0.200291
-0.200148
-0.199992
-0.199823
-0.19964
-0.199443
-0.199232
-0.199006
-0.198766
-0.198511
-0.198241
-0.197956
-0.197656
-0.197341
-0.19701
-0.196664
-0.196302
-0.195923
-0.195529
-0.195119
-0.194693
-0.194249
-0.19379
-0.193313
-0.19282
-0.192309
-0.19178
-0.191234
-0.19067
-0.190086
-0.189484
-0.188863
-0.188222
-0.18756
-0.186876
-0.186171
-0.185443
-0.18469
-0.183913
-0.183108
-0.182275
-0.181412
-0.180517
-0.179586
-0.178618
-0.177609
-0.176555
-0.175452
-0.174297
-0.173084
-0.171808
-0.170461
-0.169038
-0.16753
-0.165925
-0.164213
-0.16238
-0.160408
-0.15828
-0.155976
-0.153473
-0.150749
-0.147784
-0.14456
-0.141061
-0.13728
-0.133218
-0.128882
-0.124294
-0.119483
-0.114492
-0.109372
-0.104184
-0.0989963
-0.093879
-0.0889047
-0.0841429
-0.0796581
-0.0755059
-0.0717317
-0.0683682
-0.0654353
-0.0629391
-0.0608736
-0.0592211
-0.0579549
-0.0570406
-0.0564388
-0.0561074
-0.0560035
-0.0560847
-0.0563114
-0.0566468
-0.0570584
-0.0575175
-0.058
-0.0584859
-0.0589587
-0.0594058
-0.0598172
-0.0601856
-0.0605059
-0.0607746
-0.0609896
-0.0611501
-0.0612559
-0.0613073
-0.0613052
-0.0612507
-0.0611474
-0.060994
-0.0607935
-0.0605479
-0.0602585
-0.0599268
-0.0595546
-0.0591435
-0.0586948
-0.0582101
-0.0576907
-0.057138
-0.0565531
-0.0559373
-0.0552917
-0.0546174
-0.0539156
-0.0531871
-0.0524331
-0.0516545
-0.0508522
-0.0500272
-0.0491803
-0.0483125
-0.0474246
-0.0465175
-0.0455921
-0.0446491
-0.0436895
-0.0427141
-0.0417238
-0.0407193
-0.0397015
-0.0386713
-0.0376296
-0.0365772
-0.0355149
-0.0344437
-0.0333644
-0.0322779
-0.031185
-0.0300867
-0.0289839
-0.0278774
-0.0267682
-0.0256571
-0.024545
-0.0234328
-0.0223214
-0.0212116
-0.0201043
-0.0190003
-0.0179004
-0.0168054
-0.0157161
-0.0146332
-0.0135574
-0.0124893
-0.0114297
-0.0103789
-0.00933741
-0.00830566
-0.00728369
-0.00627198
-0.00526871
-0.00427885
-0.00328217
-0.00234543
-0.00124438
-0.000875722
-0.205743
-0.202473
-0.201751
-0.201482
-0.201306
-0.201213
-0.201169
-0.20114
-0.201115
-0.201092
-0.201067
-0.201038
-0.201003
-0.200961
-0.20091
-0.20085
-0.20078
-0.200699
-0.200607
-0.200503
-0.200387
-0.200258
-0.200116
-0.199961
-0.199792
-0.199609
-0.199412
-0.199201
-0.198976
-0.198735
-0.19848
-0.198209
-0.197924
-0.197622
-0.197306
-0.196973
-0.196625
-0.196261
-0.19588
-0.195483
-0.19507
-0.19464
-0.194192
-0.193728
-0.193246
-0.192747
-0.19223
-0.191694
-0.191139
-0.190566
-0.189973
-0.189359
-0.188725
-0.18807
-0.187392
-0.186692
-0.185967
-0.185218
-0.184442
-0.183638
-0.182804
-0.18194
-0.181041
-0.180107
-0.179134
-0.178118
-0.177057
-0.175947
-0.174783
-0.173561
-0.172276
-0.170921
-0.16949
-0.167976
-0.16637
-0.164662
-0.162841
-0.160894
-0.158805
-0.156559
-0.154136
-0.15152
-0.148693
-0.145637
-0.14234
-0.138794
-0.134997
-0.130955
-0.126683
-0.122204
-0.117554
-0.112777
-0.107924
-0.103054
-0.0982321
-0.0935222
-0.088989
-0.0846926
-0.0806864
-0.0770148
-0.0737115
-0.070798
-0.0682837
-0.0661661
-0.0644318
-0.0630583
-0.0620156
-0.0612684
-0.0607784
-0.0605059
-0.060412
-0.0604593
-0.0606137
-0.0608443
-0.0611245
-0.0614313
-0.0617459
-0.062053
-0.0623406
-0.0625994
-0.0628227
-0.0630055
-0.0631448
-0.0632385
-0.0632858
-0.0632864
-0.0632406
-0.0631492
-0.0630132
-0.062834
-0.0626117
-0.06235
-0.0620491
-0.0617099
-0.061334
-0.0609226
-0.060477
-0.0599985
-0.0594879
-0.0589465
-0.0583752
-0.0577749
-0.0571467
-0.0564913
-0.0558096
-0.0551025
-0.0543707
-0.053615
-0.0528362
-0.052035
-0.0512122
-0.0503685
-0.0495046
-0.0486213
-0.0477192
-0.046799
-0.0458616
-0.0449076
-0.0439378
-0.0429528
-0.0419535
-0.0409406
-0.0399148
-0.038877
-0.0378279
-0.0367683
-0.0356991
-0.034621
-0.0335349
-0.0324416
-0.031342
-0.030237
-0.0291275
-0.0280142
-0.0268982
-0.0257802
-0.0246613
-0.0235422
-0.0224239
-0.0213073
-0.0201932
-0.0190825
-0.017976
-0.0168747
-0.0157792
-0.0146904
-0.0136091
-0.0125358
-0.0114714
-0.0104163
-0.00937107
-0.00833616
-0.00731175
-0.00629826
-0.00529447
-0.00430387
-0.00331251
-0.00236521
-0.00131276
-0.000734506
-0.20849
-0.202341
-0.201355
-0.20131
-0.201155
-0.201055
-0.201032
-0.201026
-0.201013
-0.201
-0.200983
-0.200962
-0.200933
-0.200896
-0.200849
-0.200793
-0.200726
-0.200648
-0.200558
-0.200457
-0.200342
-0.200214
-0.200074
-0.199919
-0.199751
-0.199568
-0.199372
-0.19916
-0.198934
-0.198692
-0.198436
-0.198164
-0.197876
-0.197573
-0.197254
-0.196919
-0.196567
-0.196199
-0.195814
-0.195412
-0.194993
-0.194557
-0.194103
-0.193631
-0.193141
-0.192633
-0.192105
-0.191558
-0.190991
-0.190403
-0.189794
-0.189164
-0.188511
-0.187835
-0.187134
-0.186408
-0.185656
-0.184876
-0.184066
-0.183225
-0.182351
-0.181442
-0.180496
-0.179508
-0.178478
-0.1774
-0.176271
-0.175088
-0.173845
-0.172539
-0.171162
-0.16971
-0.168176
-0.166553
-0.164832
-0.163005
-0.16106
-0.158986
-0.156769
-0.154397
-0.151853
-0.149125
-0.146198
-0.143061
-0.139707
-0.136135
-0.132347
-0.128355
-0.124178
-0.119846
-0.115394
-0.110868
-0.106318
-0.101799
-0.0973705
-0.0930897
-0.0890118
-0.0851868
-0.0816568
-0.0784549
-0.0756032
-0.0731131
-0.0709847
-0.0692081
-0.0677646
-0.066628
-0.0657671
-0.0651472
-0.0647324
-0.0644868
-0.064376
-0.0643683
-0.0644352
-0.0645518
-0.0646971
-0.0648534
-0.0650066
-0.0651457
-0.0652622
-0.0653497
-0.0654039
-0.0654219
-0.0654018
-0.0653427
-0.0652444
-0.0651072
-0.0649316
-0.0647184
-0.0644684
-0.0641824
-0.0638616
-0.0635085
-0.0631227
-0.0627049
-0.0622564
-0.0617782
-0.0612712
-0.0607361
-0.0601737
-0.0595847
-0.0589698
-0.0583297
-0.057665
-0.0569764
-0.0562643
-0.0555295
-0.0547725
-0.0539938
-0.0531941
-0.0523739
-0.0515337
-0.0506742
-0.0497959
-0.0488993
-0.0479852
-0.047054
-0.0461064
-0.0451429
-0.0441644
-0.0431713
-0.0421643
-0.0411441
-0.0401115
-0.0390671
-0.0380116
-0.0369458
-0.0358704
-0.0347863
-0.0336942
-0.032595
-0.0314894
-0.0303784
-0.0292627
-0.0281433
-0.0270211
-0.0258968
-0.0247716
-0.0236462
-0.0225215
-0.0213985
-0.020278
-0.019161
-0.0180484
-0.016941
-0.0158397
-0.0147452
-0.0136585
-0.0125803
-0.0115112
-0.0104519
-0.00940311
-0.00836518
-0.00733847
-0.00632337
-0.00531931
-0.00432818
-0.00334284
-0.00238472
-0.0013847
-0.00058517
)
;

boundaryField
{
    inlet
    {
        type            zeroGradient;
    }
    outlet
    {
        type            fixedValue;
        value           uniform 0;
    }
    walls
    {
        type            zeroGradient;
    }
    frontAndBack
    {
        type            empty;
    }
}


// ************************************************************************* //
