/*--------------------------------*- C++ -*----------------------------------*\
  =========                 |
  \\      /  F ield         | OpenFOAM: The Open Source CFD Toolbox
   \\    /   O peration     | Website:  https://openfoam.org
    \\  /    A nd           | Version:  11
     \\/     M anipulation  |
\*---------------------------------------------------------------------------*/
FoamFile
{
    format      ascii;
    class       volVectorField;
    location    "1";
    object      U;
}
// * * * * * * * * * * * * * * * * * * * * * * * * * * * * * * * * * * * * * //

dimensions      [0 1 -1 0 0 0 0];

internalField   nonuniform List<vector> 
4096
(
(0.0488651 -0.0491439 0)
(0.146116 -0.0486632 0)
(0.242064 -0.0477104 0)
(0.335739 -0.0462984 0)
(0.426209 -0.0444422 0)
(0.512592 -0.04216 0)
(0.594052 -0.0394741 0)
(0.669799 -0.0364103 0)
(0.739099 -0.032998 0)
(0.801285 -0.02927 0)
(0.855756 -0.025262 0)
(0.901988 -0.0210125 0)
(0.939537 -0.0165622 0)
(0.968042 -0.0119539 0)
(0.987231 -0.00723195 0)
(0.996926 -0.00244171 0)
(0.997035 0.00237099 0)
(0.987539 0.00716009 0)
(0.968517 0.0118795 0)
(0.940157 0.0164838 0)
(0.902738 0.0209287 0)
(0.856625 0.0251716 0)
(0.802258 0.0291716 0)
(0.740159 0.0328902 0)
(0.670925 0.0362913 0)
(0.595219 0.039342 0)
(0.513769 0.0420122 0)
(0.427354 0.0442751 0)
(0.336802 0.0461075 0)
(0.242982 0.0474907 0)
(0.146777 0.0484121 0)
(0.0491439 0.0488651 0)
(-0.0491439 0.0488651 0)
(-0.146777 0.0484121 0)
(-0.242982 0.0474907 0)
(-0.336802 0.0461075 0)
(-0.427354 0.0442751 0)
(-0.513769 0.0420122 0)
(-0.595219 0.039342 0)
(-0.670925 0.0362913 0)
(-0.740159 0.0328902 0)
(-0.802258 0.0291716 0)
(-0.856625 0.0251716 0)
(-0.902738 0.0209287 0)
(-0.940157 0.0164838 0)
(-0.968517 0.0118795 0)
(-0.987539 0.00716009 0)
(-0.997035 0.00237099 0)
(-0.996926 -0.00244171 0)
(-0.987231 -0.00723195 0)
(-0.968042 -0.0119539 0)
(-0.939537 -0.0165622 0)
(-0.901988 -0.0210125 0)
(-0.855756 -0.025262 0)
(-0.801285 -0.02927 0)
(-0.739099 -0.032998 0)
(-0.669799 -0.0364103 0)
(-0.594052 -0.0394741 0)
(-0.512592 -0.04216 0)
(-0.426209 -0.0444422 0)
(-0.335739 -0.0462984 0)
(-0.242064 -0.0477104 0)
(-0.146116 -0.0486632 0)
(-0.0488651 -0.0491439 0)
(0.0484121 -0.146777 0)
(0.144751 -0.145351 0)
(0.239784 -0.142518 0)
(0.332556 -0.138313 0)
(0.422148 -0.132778 0)
(0.507692 -0.125968 0)
(0.588359 -0.11795 0)
(0.663367 -0.1088 0)
(0.731991 -0.0986074 0)
(0.79357 -0.0874692 0)
(0.84751 -0.0754929 0)
(0.893292 -0.0627935 0)
(0.930475 -0.049493 0)
(0.958702 -0.0357195 0)
(0.977705 -0.0216052 0)
(0.987307 -0.00728589 0)
(0.987415 0.00710159 0)
(0.978012 0.0214191 0)
(0.959175 0.0355285 0)
(0.931088 0.0492936 0)
(0.89403 0.0625822 0)
(0.848361 0.0752663 0)
(0.794518 0.0872239 0)
(0.733017 0.0983394 0)
(0.664449 0.108505 0)
(0.589472 0.117623 0)
(0.508806 0.125604 0)
(0.423224 0.132368 0)
(0.333544 0.137847 0)
(0.240629 0.141987 0)
(0.145351 0.144751 0)
(0.0486632 0.146116 0)
(-0.0486632 0.146116 0)
(-0.145351 0.144751 0)
(-0.240629 0.141987 0)
(-0.333544 0.137847 0)
(-0.423224 0.132368 0)
(-0.508806 0.125604 0)
(-0.589472 0.117623 0)
(-0.664449 0.108505 0)
(-0.733017 0.0983394 0)
(-0.794518 0.0872239 0)
(-0.848361 0.0752663 0)
(-0.89403 0.0625822 0)
(-0.931088 0.0492936 0)
(-0.959175 0.0355285 0)
(-0.978012 0.0214191 0)
(-0.987415 0.00710159 0)
(-0.987307 -0.00728589 0)
(-0.977705 -0.0216052 0)
(-0.958702 -0.0357195 0)
(-0.930475 -0.049493 0)
(-0.893292 -0.0627935 0)
(-0.84751 -0.0754929 0)
(-0.79357 -0.0874692 0)
(-0.731991 -0.0986074 0)
(-0.663367 -0.1088 0)
(-0.588359 -0.11795 0)
(-0.507692 -0.125968 0)
(-0.422148 -0.132778 0)
(-0.332556 -0.138313 0)
(-0.239784 -0.142518 0)
(-0.144751 -0.145351 0)
(-0.0484121 -0.146777 0)
(0.0474907 -0.242982 0)
(0.141987 -0.240629 0)
(0.235188 -0.235951 0)
(0.32616 -0.229 0)
(0.414011 -0.219846 0)
(0.497891 -0.208579 0)
(0.576987 -0.195308 0)
(0.650534 -0.180162 0)
(0.717822 -0.163287 0)
(0.778202 -0.144846 0)
(0.831093 -0.125016 0)
(0.875984 -0.103988 0)
(0.912444 -0.0819639 0)
(0.940123 -0.059156 0)
(0.958758 -0.0357834 0)
(0.968175 -0.0120708 0)
(0.968284 0.0117549 0)
(0.959066 0.0354649 0)
(0.940595 0.0588306 0)
(0.913053 0.0816266 0)
(0.876713 0.103634 0)
(0.831928 0.124641 0)
(0.779127 0.144445 0)
(0.718816 0.162855 0)
(0.651574 0.179693 0)
(0.578047 0.194797 0)
(0.49894 0.208019 0)
(0.415013 0.219229 0)
(0.327068 0.228315 0)
(0.235951 0.235188 0)
(0.142518 0.239784 0)
(0.0477104 0.242064 0)
(-0.0477104 0.242064 0)
(-0.142518 0.239784 0)
(-0.235951 0.235188 0)
(-0.327068 0.228315 0)
(-0.415013 0.219229 0)
(-0.49894 0.208019 0)
(-0.578047 0.194797 0)
(-0.651574 0.179693 0)
(-0.718816 0.162855 0)
(-0.779127 0.144445 0)
(-0.831928 0.124641 0)
(-0.876713 0.103634 0)
(-0.913053 0.0816266 0)
(-0.940595 0.0588306 0)
(-0.959066 0.0354649 0)
(-0.968284 0.0117549 0)
(-0.968175 -0.0120708 0)
(-0.958758 -0.0357834 0)
(-0.940123 -0.059156 0)
(-0.912444 -0.0819639 0)
(-0.875984 -0.103988 0)
(-0.831093 -0.125016 0)
(-0.778202 -0.144846 0)
(-0.717822 -0.163287 0)
(-0.650534 -0.180162 0)
(-0.576987 -0.195308 0)
(-0.497891 -0.208579 0)
(-0.414011 -0.219846 0)
(-0.32616 -0.229 0)
(-0.235188 -0.235951 0)
(-0.141987 -0.240629 0)
(-0.0474907 -0.242982 0)
(0.0461075 -0.336802 0)
(0.137847 -0.333544 0)
(0.228315 -0.327068 0)
(0.316611 -0.317441 0)
(0.401875 -0.304759 0)
(0.483281 -0.289146 0)
(0.560045 -0.270754 0)
(0.631424 -0.24976 0)
(0.696728 -0.226369 0)
(0.755328 -0.200805 0)
(0.80666 -0.173315 0)
(0.850228 -0.144163 0)
(0.885615 -0.11363 0)
(0.912481 -0.082009 0)
(0.930569 -0.0496051 0)
(0.939712 -0.0167294 0)
(0.939821 0.0163034 0)
(0.930879 0.0491757 0)
(0.912954 0.0815709 0)
(0.886222 0.113177 0)
(0.850952 0.14369 0)
(0.807483 0.172817 0)
(0.756233 0.200278 0)
(0.697693 0.225807 0)
(0.632424 0.249158 0)
(0.561055 0.270105 0)
(0.484269 0.288445 0)
(0.402805 0.303998 0)
(0.317441 0.316611 0)
(0.229 0.32616 0)
(0.138313 0.332556 0)
(0.0462984 0.335739 0)
(-0.0462984 0.335739 0)
(-0.138313 0.332556 0)
(-0.229 0.32616 0)
(-0.317441 0.316611 0)
(-0.402805 0.303998 0)
(-0.484269 0.288445 0)
(-0.561055 0.270105 0)
(-0.632424 0.249158 0)
(-0.697693 0.225807 0)
(-0.756233 0.200278 0)
(-0.807483 0.172817 0)
(-0.850952 0.14369 0)
(-0.886222 0.113177 0)
(-0.912954 0.0815709 0)
(-0.930879 0.0491757 0)
(-0.939821 0.0163034 0)
(-0.939712 -0.0167294 0)
(-0.930569 -0.0496051 0)
(-0.912481 -0.082009 0)
(-0.885615 -0.11363 0)
(-0.850228 -0.144163 0)
(-0.80666 -0.173315 0)
(-0.755328 -0.200805 0)
(-0.696728 -0.226369 0)
(-0.631424 -0.24976 0)
(-0.560045 -0.270754 0)
(-0.483281 -0.289146 0)
(-0.401875 -0.304759 0)
(-0.316611 -0.317441 0)
(-0.228315 -0.327068 0)
(-0.137847 -0.333544 0)
(-0.0461075 -0.336802 0)
(0.0442751 -0.427354 0)
(0.132368 -0.423224 0)
(0.219229 -0.415013 0)
(0.303998 -0.402805 0)
(0.385853 -0.386719 0)
(0.464004 -0.366913 0)
(0.537698 -0.34358 0)
(0.606221 -0.316944 0)
(0.668913 -0.287264 0)
(0.725169 -0.254825 0)
(0.774449 -0.219941 0)
(0.816276 -0.182948 0)
(0.850249 -0.1442 0)
(0.876043 -0.104073 0)
(0.893412 -0.0629504 0)
(0.902193 -0.0212289 0)
(0.902305 0.0206925 0)
(0.893726 0.062411 0)
(0.87652 0.103525 0)
(0.850858 0.143638 0)
(0.816996 0.182364 0)
(0.775263 0.219332 0)
(0.726058 0.254186 0)
(0.669852 0.286589 0)
(0.607186 0.31623 0)
(0.538661 0.342821 0)
(0.464937 0.366104 0)
(0.386719 0.385853 0)
(0.304759 0.401875 0)
(0.219846 0.414011 0)
(0.132778 0.422148 0)
(0.0444422 0.426209 0)
(-0.0444422 0.426209 0)
(-0.132778 0.422148 0)
(-0.219846 0.414011 0)
(-0.304759 0.401875 0)
(-0.386719 0.385853 0)
(-0.464937 0.366104 0)
(-0.538661 0.342821 0)
(-0.607186 0.31623 0)
(-0.669852 0.286589 0)
(-0.726058 0.254186 0)
(-0.775263 0.219332 0)
(-0.816996 0.182364 0)
(-0.850858 0.143638 0)
(-0.87652 0.103525 0)
(-0.893726 0.062411 0)
(-0.902305 0.0206925 0)
(-0.902193 -0.0212289 0)
(-0.893412 -0.0629504 0)
(-0.876043 -0.104073 0)
(-0.850249 -0.1442 0)
(-0.816276 -0.182948 0)
(-0.774449 -0.219941 0)
(-0.725169 -0.254825 0)
(-0.668913 -0.287264 0)
(-0.606221 -0.316944 0)
(-0.537698 -0.34358 0)
(-0.464004 -0.366913 0)
(-0.385853 -0.386719 0)
(-0.303998 -0.402805 0)
(-0.219229 -0.415013 0)
(-0.132368 -0.423224 0)
(-0.0442751 -0.427354 0)
(0.0420122 -0.513769 0)
(0.125604 -0.508806 0)
(0.208019 -0.49894 0)
(0.288445 -0.484269 0)
(0.366104 -0.464937 0)
(0.440248 -0.44113 0)
(0.510162 -0.413081 0)
(0.57517 -0.381061 0)
(0.634647 -0.345379 0)
(0.688019 -0.30638 0)
(0.734772 -0.264439 0)
(0.774455 -0.219961 0)
(0.806689 -0.173374 0)
(0.831163 -0.125127 0)
(0.847645 -0.0756831 0)
(0.855983 -0.0255183 0)
(0.856096 0.0248874 0)
(0.847965 0.0750494 0)
(0.831646 0.124485 0)
(0.807301 0.172718 0)
(0.775175 0.219285 0)
(0.73558 0.263739 0)
(0.688894 0.305651 0)
(0.635565 0.344618 0)
(0.576104 0.380264 0)
(0.511084 0.412244 0)
(0.44113 0.440248 0)
(0.366913 0.464004 0)
(0.289146 0.483281 0)
(0.208579 0.497891 0)
(0.125968 0.507692 0)
(0.04216 0.512592 0)
(-0.04216 0.512592 0)
(-0.125968 0.507692 0)
(-0.208579 0.497891 0)
(-0.289146 0.483281 0)
(-0.366913 0.464004 0)
(-0.44113 0.440248 0)
(-0.511084 0.412244 0)
(-0.576104 0.380264 0)
(-0.635565 0.344618 0)
(-0.688894 0.305651 0)
(-0.73558 0.263739 0)
(-0.775175 0.219285 0)
(-0.807301 0.172718 0)
(-0.831646 0.124485 0)
(-0.847965 0.0750494 0)
(-0.856096 0.0248874 0)
(-0.855983 -0.0255183 0)
(-0.847645 -0.0756831 0)
(-0.831163 -0.125127 0)
(-0.806689 -0.173374 0)
(-0.774455 -0.219961 0)
(-0.734772 -0.264439 0)
(-0.688019 -0.30638 0)
(-0.634647 -0.345379 0)
(-0.57517 -0.381061 0)
(-0.510162 -0.413081 0)
(-0.440248 -0.44113 0)
(-0.366104 -0.464937 0)
(-0.288445 -0.484269 0)
(-0.208019 -0.49894 0)
(-0.125604 -0.508806 0)
(-0.0420122 -0.513769 0)
(0.039342 -0.595219 0)
(0.117623 -0.589472 0)
(0.194797 -0.578047 0)
(0.270105 -0.561055 0)
(0.342821 -0.538661 0)
(0.412244 -0.511084 0)
(0.477705 -0.478591 0)
(0.538574 -0.441496 0)
(0.594263 -0.400157 0)
(0.644236 -0.354974 0)
(0.688013 -0.306382 0)
(0.725171 -0.254849 0)
(0.755354 -0.200872 0)
(0.778274 -0.144971 0)
(0.793712 -0.0876826 0)
(0.801526 -0.0295587 0)
(0.801642 0.028845 0)
(0.794039 0.0869671 0)
(0.778766 0.144248 0)
(0.755974 0.200137 0)
(0.725894 0.254097 0)
(0.688819 0.30561 0)
(0.645102 0.354178 0)
(0.595162 0.399335 0)
(0.53948 0.440643 0)
(0.478591 0.477705 0)
(0.413081 0.510162 0)
(0.34358 0.537698 0)
(0.270754 0.560045 0)
(0.195308 0.576987 0)
(0.11795 0.588359 0)
(0.0394741 0.594052 0)
(-0.0394741 0.594052 0)
(-0.11795 0.588359 0)
(-0.195308 0.576987 0)
(-0.270754 0.560045 0)
(-0.34358 0.537698 0)
(-0.413081 0.510162 0)
(-0.478591 0.477705 0)
(-0.53948 0.440643 0)
(-0.595162 0.399335 0)
(-0.645102 0.354178 0)
(-0.688819 0.30561 0)
(-0.725894 0.254097 0)
(-0.755974 0.200137 0)
(-0.778766 0.144248 0)
(-0.794039 0.0869671 0)
(-0.801642 0.028845 0)
(-0.801526 -0.0295587 0)
(-0.793712 -0.0876826 0)
(-0.778274 -0.144971 0)
(-0.755354 -0.200872 0)
(-0.725171 -0.254849 0)
(-0.688013 -0.306382 0)
(-0.644236 -0.354974 0)
(-0.594263 -0.400157 0)
(-0.538574 -0.441496 0)
(-0.477705 -0.478591 0)
(-0.412244 -0.511084 0)
(-0.342821 -0.538661 0)
(-0.270105 -0.561055 0)
(-0.194797 -0.578047 0)
(-0.117623 -0.589472 0)
(-0.039342 -0.595219 0)
(0.0362913 -0.670925 0)
(0.108505 -0.664449 0)
(0.179693 -0.651574 0)
(0.249158 -0.632424 0)
(0.31623 -0.607186 0)
(0.380264 -0.576104 0)
(0.440643 -0.53948 0)
(0.496786 -0.497667 0)
(0.548152 -0.45107 0)
(0.594246 -0.400139 0)
(0.634624 -0.345364 0)
(0.668899 -0.287273 0)
(0.696742 -0.226427 0)
(0.717886 -0.163411 0)
(0.732133 -0.098831 0)
(0.739349 -0.0333087 0)
(0.73947 0.0325295 0)
(0.732471 0.0980512 0)
(0.718391 0.162626 0)
(0.697371 0.225633 0)
(0.669628 0.286466 0)
(0.63543 0.344542 0)
(0.595104 0.399299 0)
(0.549035 0.450211 0)
(0.497667 0.496786 0)
(0.441496 0.538574 0)
(0.381061 0.57517 0)
(0.316944 0.606221 0)
(0.24976 0.631424 0)
(0.180162 0.650534 0)
(0.1088 0.663367 0)
(0.0364103 0.669799 0)
(-0.0364103 0.669799 0)
(-0.1088 0.663367 0)
(-0.180162 0.650534 0)
(-0.24976 0.631424 0)
(-0.316944 0.606221 0)
(-0.381061 0.57517 0)
(-0.441496 0.538574 0)
(-0.497667 0.496786 0)
(-0.549035 0.450211 0)
(-0.595104 0.399299 0)
(-0.63543 0.344542 0)
(-0.669628 0.286466 0)
(-0.697371 0.225633 0)
(-0.718391 0.162626 0)
(-0.732471 0.0980512 0)
(-0.73947 0.0325295 0)
(-0.739349 -0.0333087 0)
(-0.732133 -0.098831 0)
(-0.717886 -0.163411 0)
(-0.696742 -0.226427 0)
(-0.668899 -0.287273 0)
(-0.634624 -0.345364 0)
(-0.594246 -0.400139 0)
(-0.548152 -0.45107 0)
(-0.496786 -0.497667 0)
(-0.440643 -0.53948 0)
(-0.380264 -0.576104 0)
(-0.31623 -0.607186 0)
(-0.249158 -0.632424 0)
(-0.179693 -0.651574 0)
(-0.108505 -0.664449 0)
(-0.0362913 -0.670925 0)
(0.0328902 -0.740159 0)
(0.0983394 -0.733017 0)
(0.162855 -0.718816 0)
(0.225807 -0.697693 0)
(0.286589 -0.669852 0)
(0.344618 -0.635565 0)
(0.399335 -0.595162 0)
(0.450211 -0.549035 0)
(0.496759 -0.497629 0)
(0.538529 -0.44144 0)
(0.575121 -0.38101 0)
(0.606183 -0.316922 0)
(0.631417 -0.249792 0)
(0.650583 -0.180269 0)
(0.663502 -0.10902 0)
(0.670053 -0.0367316 0)
(0.670179 0.0359058 0)
(0.663854 0.108195 0)
(0.651104 0.179441 0)
(0.632061 0.248958 0)
(0.606922 0.31608 0)
(0.575931 0.380161 0)
(0.539383 0.440581 0)
(0.497629 0.496759 0)
(0.45107 0.548152 0)
(0.400157 0.594263 0)
(0.345379 0.634647 0)
(0.287264 0.668913 0)
(0.226369 0.696728 0)
(0.163287 0.717822 0)
(0.0986074 0.731991 0)
(0.032998 0.739099 0)
(-0.032998 0.739099 0)
(-0.0986074 0.731991 0)
(-0.163287 0.717822 0)
(-0.226369 0.696728 0)
(-0.287264 0.668913 0)
(-0.345379 0.634647 0)
(-0.400157 0.594263 0)
(-0.45107 0.548152 0)
(-0.497629 0.496759 0)
(-0.539383 0.440581 0)
(-0.575931 0.380161 0)
(-0.606922 0.31608 0)
(-0.632061 0.248958 0)
(-0.651104 0.179441 0)
(-0.663854 0.108195 0)
(-0.670179 0.0359058 0)
(-0.670053 -0.0367316 0)
(-0.663502 -0.10902 0)
(-0.650583 -0.180269 0)
(-0.631417 -0.249792 0)
(-0.606183 -0.316922 0)
(-0.575121 -0.38101 0)
(-0.538529 -0.44144 0)
(-0.496759 -0.497629 0)
(-0.450211 -0.549035 0)
(-0.399335 -0.595162 0)
(-0.344618 -0.635565 0)
(-0.286589 -0.669852 0)
(-0.225807 -0.697693 0)
(-0.162855 -0.718816 0)
(-0.0983394 -0.733017 0)
(-0.0328902 -0.740159 0)
(0.0291716 -0.802258 0)
(0.0872239 -0.794518 0)
(0.144445 -0.779127 0)
(0.200278 -0.756233 0)
(0.254186 -0.726058 0)
(0.305651 -0.688894 0)
(0.354178 -0.645102 0)
(0.399299 -0.595104 0)
(0.440581 -0.539383 0)
(0.477626 -0.478478 0)
(0.510079 -0.412976 0)
(0.537629 -0.343507 0)
(0.560011 -0.270742 0)
(0.577014 -0.195381 0)
(0.588481 -0.11815 0)
(0.594305 -0.0397929 0)
(0.594439 0.0389428 0)
(0.588851 0.117302 0)
(0.577557 0.194532 0)
(0.560673 0.269891 0)
(0.538381 0.342655 0)
(0.510896 0.412124 0)
(0.478478 0.477626 0)
(0.44144 0.538529 0)
(0.400139 0.594246 0)
(0.354974 0.644236 0)
(0.30638 0.688019 0)
(0.254825 0.725169 0)
(0.200805 0.755328 0)
(0.144846 0.778202 0)
(0.0874692 0.79357 0)
(0.02927 0.801285 0)
(-0.02927 0.801285 0)
(-0.0874692 0.79357 0)
(-0.144846 0.778202 0)
(-0.200805 0.755328 0)
(-0.254825 0.725169 0)
(-0.30638 0.688019 0)
(-0.354974 0.644236 0)
(-0.400139 0.594246 0)
(-0.44144 0.538529 0)
(-0.478478 0.477626 0)
(-0.510896 0.412124 0)
(-0.538381 0.342655 0)
(-0.560673 0.269891 0)
(-0.577557 0.194532 0)
(-0.588851 0.117302 0)
(-0.594439 0.0389428 0)
(-0.594305 -0.0397929 0)
(-0.588481 -0.11815 0)
(-0.577014 -0.195381 0)
(-0.560011 -0.270742 0)
(-0.537629 -0.343507 0)
(-0.510079 -0.412976 0)
(-0.477626 -0.478478 0)
(-0.440581 -0.539383 0)
(-0.399299 -0.595104 0)
(-0.354178 -0.645102 0)
(-0.305651 -0.688894 0)
(-0.254186 -0.726058 0)
(-0.200278 -0.756233 0)
(-0.144445 -0.779127 0)
(-0.0872239 -0.794518 0)
(-0.0291716 -0.802258 0)
(0.0251716 -0.856625 0)
(0.0752663 -0.848361 0)
(0.124641 -0.831928 0)
(0.172817 -0.807483 0)
(0.219332 -0.775263 0)
(0.263739 -0.73558 0)
(0.30561 -0.688819 0)
(0.344542 -0.63543 0)
(0.380161 -0.575931 0)
(0.412124 -0.510896 0)
(0.440126 -0.440951 0)
(0.463898 -0.366772 0)
(0.483213 -0.289072 0)
(0.49789 -0.208601 0)
(0.507794 -0.126132 0)
(0.512837 -0.0424615 0)
(0.512981 0.0416124 0)
(0.508188 0.125286 0)
(0.498458 0.207755 0)
(0.483898 0.288229 0)
(0.464667 0.365937 0)
(0.440951 0.440126 0)
(0.412976 0.510079 0)
(0.38101 0.575121 0)
(0.345364 0.634624 0)
(0.306382 0.688013 0)
(0.264439 0.734772 0)
(0.219941 0.774449 0)
(0.173315 0.80666 0)
(0.125016 0.831093 0)
(0.0754929 0.84751 0)
(0.025262 0.855756 0)
(-0.025262 0.855756 0)
(-0.0754929 0.84751 0)
(-0.125016 0.831093 0)
(-0.173315 0.80666 0)
(-0.219941 0.774449 0)
(-0.264439 0.734772 0)
(-0.306382 0.688013 0)
(-0.345364 0.634624 0)
(-0.38101 0.575121 0)
(-0.412976 0.510079 0)
(-0.440951 0.440126 0)
(-0.464667 0.365937 0)
(-0.483898 0.288229 0)
(-0.498458 0.207755 0)
(-0.508188 0.125286 0)
(-0.512981 0.0416124 0)
(-0.512837 -0.0424615 0)
(-0.507794 -0.126132 0)
(-0.49789 -0.208601 0)
(-0.483213 -0.289072 0)
(-0.463898 -0.366772 0)
(-0.440126 -0.440951 0)
(-0.412124 -0.510896 0)
(-0.380161 -0.575931 0)
(-0.344542 -0.63543 0)
(-0.30561 -0.688819 0)
(-0.263739 -0.73558 0)
(-0.219332 -0.775263 0)
(-0.172817 -0.807483 0)
(-0.124641 -0.831928 0)
(-0.0752663 -0.848361 0)
(-0.0251716 -0.856625 0)
(0.0209287 -0.902738 0)
(0.0625822 -0.89403 0)
(0.103634 -0.876713 0)
(0.14369 -0.850952 0)
(0.182364 -0.816996 0)
(0.219285 -0.775175 0)
(0.254097 -0.725894 0)
(0.286466 -0.669628 0)
(0.31608 -0.606922 0)
(0.342655 -0.538381 0)
(0.365937 -0.464667 0)
(0.385702 -0.38649 0)
(0.401764 -0.304603 0)
(0.413973 -0.219797 0)
(0.422221 -0.132886 0)
(0.426436 -0.0447093 0)
(0.426592 0.0438913 0)
(0.422644 0.132071 0)
(0.414573 0.218984 0)
(0.402474 0.303799 0)
(0.38649 0.385702 0)
(0.366772 0.463898 0)
(0.343507 0.537629 0)
(0.316922 0.606183 0)
(0.287273 0.668899 0)
(0.254849 0.725171 0)
(0.219961 0.774455 0)
(0.182948 0.816276 0)
(0.144163 0.850228 0)
(0.103988 0.875984 0)
(0.0627935 0.893292 0)
(0.0210125 0.901988 0)
(-0.0210125 0.901988 0)
(-0.0627935 0.893292 0)
(-0.103988 0.875984 0)
(-0.144163 0.850228 0)
(-0.182948 0.816276 0)
(-0.219961 0.774455 0)
(-0.254849 0.725171 0)
(-0.287273 0.668899 0)
(-0.316922 0.606183 0)
(-0.343507 0.537629 0)
(-0.366772 0.463898 0)
(-0.38649 0.385702 0)
(-0.402474 0.303799 0)
(-0.414573 0.218984 0)
(-0.422644 0.132071 0)
(-0.426592 0.0438913 0)
(-0.426436 -0.0447093 0)
(-0.422221 -0.132886 0)
(-0.413973 -0.219797 0)
(-0.401764 -0.304603 0)
(-0.385702 -0.38649 0)
(-0.365937 -0.464667 0)
(-0.342655 -0.538381 0)
(-0.31608 -0.606922 0)
(-0.286466 -0.669628 0)
(-0.254097 -0.725894 0)
(-0.219285 -0.775175 0)
(-0.182364 -0.816996 0)
(-0.14369 -0.850952 0)
(-0.103634 -0.876713 0)
(-0.0625822 -0.89403 0)
(-0.0209287 -0.902738 0)
(0.0164838 -0.940157 0)
(0.0492936 -0.931088 0)
(0.0816266 -0.913053 0)
(0.113177 -0.886222 0)
(0.143638 -0.850858 0)
(0.172718 -0.807301 0)
(0.200137 -0.755974 0)
(0.225633 -0.697371 0)
(0.248958 -0.632061 0)
(0.269891 -0.560673 0)
(0.288229 -0.483898 0)
(0.303799 -0.402474 0)
(0.316453 -0.317188 0)
(0.326075 -0.228862 0)
(0.332585 -0.138343 0)
(0.335934 -0.0465107 0)
(0.336109 0.0457595 0)
(0.333047 0.137593 0)
(0.326709 0.228112 0)
(0.317188 0.316453 0)
(0.304603 0.401764 0)
(0.289072 0.483213 0)
(0.270742 0.560011 0)
(0.249792 0.631417 0)
(0.226427 0.696742 0)
(0.200872 0.755354 0)
(0.173374 0.806689 0)
(0.1442 0.850249 0)
(0.11363 0.885615 0)
(0.0819639 0.912444 0)
(0.049493 0.930475 0)
(0.0165622 0.939537 0)
(-0.0165622 0.939537 0)
(-0.049493 0.930475 0)
(-0.0819639 0.912444 0)
(-0.11363 0.885615 0)
(-0.1442 0.850249 0)
(-0.173374 0.806689 0)
(-0.200872 0.755354 0)
(-0.226427 0.696742 0)
(-0.249792 0.631417 0)
(-0.270742 0.560011 0)
(-0.289072 0.483213 0)
(-0.304603 0.401764 0)
(-0.317188 0.316453 0)
(-0.326709 0.228112 0)
(-0.333047 0.137593 0)
(-0.336109 0.0457595 0)
(-0.335934 -0.0465107 0)
(-0.332585 -0.138343 0)
(-0.326075 -0.228862 0)
(-0.316453 -0.317188 0)
(-0.303799 -0.402474 0)
(-0.288229 -0.483898 0)
(-0.269891 -0.560673 0)
(-0.248958 -0.632061 0)
(-0.225633 -0.697371 0)
(-0.200137 -0.755974 0)
(-0.172718 -0.807301 0)
(-0.143638 -0.850858 0)
(-0.113177 -0.886222 0)
(-0.0816266 -0.913053 0)
(-0.0492936 -0.931088 0)
(-0.0164838 -0.940157 0)
(0.0118795 -0.968517 0)
(0.0355285 -0.959175 0)
(0.0588306 -0.940595 0)
(0.0815709 -0.912954 0)
(0.103525 -0.87652 0)
(0.124485 -0.831646 0)
(0.144248 -0.778766 0)
(0.162626 -0.718391 0)
(0.179441 -0.651104 0)
(0.194532 -0.577557 0)
(0.207755 -0.498458 0)
(0.218984 -0.414573 0)
(0.228112 -0.326709 0)
(0.235056 -0.235713 0)
(0.23976 -0.142457 0)
(0.242204 -0.0478463 0)
(0.242404 0.0472066 0)
(0.240261 0.141805 0)
(0.235713 0.235056 0)
(0.228862 0.326075 0)
(0.219797 0.413973 0)
(0.208601 0.49789 0)
(0.195381 0.577014 0)
(0.180269 0.650583 0)
(0.163411 0.717886 0)
(0.144971 0.778274 0)
(0.125127 0.831163 0)
(0.104073 0.876043 0)
(0.082009 0.912481 0)
(0.059156 0.940123 0)
(0.0357195 0.958702 0)
(0.0119539 0.968042 0)
(-0.0119539 0.968042 0)
(-0.0357195 0.958702 0)
(-0.059156 0.940123 0)
(-0.082009 0.912481 0)
(-0.104073 0.876043 0)
(-0.125127 0.831163 0)
(-0.144971 0.778274 0)
(-0.163411 0.717886 0)
(-0.180269 0.650583 0)
(-0.195381 0.577014 0)
(-0.208601 0.49789 0)
(-0.219797 0.413973 0)
(-0.228862 0.326075 0)
(-0.235713 0.235056 0)
(-0.240261 0.141805 0)
(-0.242404 0.0472066 0)
(-0.242204 -0.0478463 0)
(-0.23976 -0.142457 0)
(-0.235056 -0.235713 0)
(-0.228112 -0.326709 0)
(-0.218984 -0.414573 0)
(-0.207755 -0.498458 0)
(-0.194532 -0.577557 0)
(-0.179441 -0.651104 0)
(-0.162626 -0.718391 0)
(-0.144248 -0.778766 0)
(-0.124485 -0.831646 0)
(-0.103525 -0.87652 0)
(-0.0815709 -0.912954 0)
(-0.0588306 -0.940595 0)
(-0.0355285 -0.959175 0)
(-0.0118795 -0.968517 0)
(0.00716009 -0.987539 0)
(0.0214191 -0.978012 0)
(0.0354649 -0.959066 0)
(0.0491757 -0.930879 0)
(0.062411 -0.893726 0)
(0.0750494 -0.847965 0)
(0.0869671 -0.794039 0)
(0.0980512 -0.732471 0)
(0.108195 -0.663854 0)
(0.117302 -0.588851 0)
(0.125286 -0.508188 0)
(0.132071 -0.422644 0)
(0.137593 -0.333047 0)
(0.141805 -0.240261 0)
(0.144663 -0.145172 0)
(0.146178 -0.0487066 0)
(0.146389 0.0482096 0)
(0.145172 0.144663 0)
(0.142457 0.23976 0)
(0.138343 0.332585 0)
(0.132886 0.422221 0)
(0.126132 0.507794 0)
(0.11815 0.588481 0)
(0.10902 0.663502 0)
(0.098831 0.732133 0)
(0.0876826 0.793712 0)
(0.0756831 0.847645 0)
(0.0629504 0.893412 0)
(0.0496051 0.930569 0)
(0.0357834 0.958758 0)
(0.0216052 0.977705 0)
(0.00723195 0.987231 0)
(-0.00723195 0.987231 0)
(-0.0216052 0.977705 0)
(-0.0357834 0.958758 0)
(-0.0496051 0.930569 0)
(-0.0629504 0.893412 0)
(-0.0756831 0.847645 0)
(-0.0876826 0.793712 0)
(-0.098831 0.732133 0)
(-0.10902 0.663502 0)
(-0.11815 0.588481 0)
(-0.126132 0.507794 0)
(-0.132886 0.422221 0)
(-0.138343 0.332585 0)
(-0.142457 0.23976 0)
(-0.145172 0.144663 0)
(-0.146389 0.0482096 0)
(-0.146178 -0.0487066 0)
(-0.144663 -0.145172 0)
(-0.141805 -0.240261 0)
(-0.137593 -0.333047 0)
(-0.132071 -0.422644 0)
(-0.125286 -0.508188 0)
(-0.117302 -0.588851 0)
(-0.108195 -0.663854 0)
(-0.0980512 -0.732471 0)
(-0.0869671 -0.794039 0)
(-0.0750494 -0.847965 0)
(-0.062411 -0.893726 0)
(-0.0491757 -0.930879 0)
(-0.0354649 -0.959066 0)
(-0.0214191 -0.978012 0)
(-0.00716009 -0.987539 0)
(0.00237099 -0.997035 0)
(0.00710159 -0.987415 0)
(0.0117549 -0.968284 0)
(0.0163034 -0.939821 0)
(0.0206925 -0.902305 0)
(0.0248874 -0.856096 0)
(0.028845 -0.801642 0)
(0.0325295 -0.73947 0)
(0.0359058 -0.670179 0)
(0.0389428 -0.594439 0)
(0.0416124 -0.512981 0)
(0.0438913 -0.426592 0)
(0.0457595 -0.336109 0)
(0.0472066 -0.242404 0)
(0.0482096 -0.146389 0)
(0.0488052 -0.0490138 0)
(0.0490138 0.0488052 0)
(0.0487066 0.146178 0)
(0.0478463 0.242204 0)
(0.0465107 0.335934 0)
(0.0447093 0.426436 0)
(0.0424615 0.512837 0)
(0.0397929 0.594305 0)
(0.0367316 0.670053 0)
(0.0333087 0.739349 0)
(0.0295587 0.801526 0)
(0.0255183 0.855983 0)
(0.0212289 0.902193 0)
(0.0167294 0.939712 0)
(0.0120708 0.968175 0)
(0.00728589 0.987307 0)
(0.00244171 0.996926 0)
(-0.00244171 0.996926 0)
(-0.00728589 0.987307 0)
(-0.0120708 0.968175 0)
(-0.0167294 0.939712 0)
(-0.0212289 0.902193 0)
(-0.0255183 0.855983 0)
(-0.0295587 0.801526 0)
(-0.0333087 0.739349 0)
(-0.0367316 0.670053 0)
(-0.0397929 0.594305 0)
(-0.0424615 0.512837 0)
(-0.0447093 0.426436 0)
(-0.0465107 0.335934 0)
(-0.0478463 0.242204 0)
(-0.0487066 0.146178 0)
(-0.0490138 0.0488052 0)
(-0.0488052 -0.0490138 0)
(-0.0482096 -0.146389 0)
(-0.0472066 -0.242404 0)
(-0.0457595 -0.336109 0)
(-0.0438913 -0.426592 0)
(-0.0416124 -0.512981 0)
(-0.0389428 -0.594439 0)
(-0.0359058 -0.670179 0)
(-0.0325295 -0.73947 0)
(-0.028845 -0.801642 0)
(-0.0248874 -0.856096 0)
(-0.0206925 -0.902305 0)
(-0.0163034 -0.939821 0)
(-0.0117549 -0.968284 0)
(-0.00710159 -0.987415 0)
(-0.00237099 -0.997035 0)
(-0.00244171 -0.996926 0)
(-0.00728589 -0.987307 0)
(-0.0120708 -0.968175 0)
(-0.0167294 -0.939712 0)
(-0.0212289 -0.902193 0)
(-0.0255183 -0.855983 0)
(-0.0295587 -0.801526 0)
(-0.0333087 -0.739349 0)
(-0.0367316 -0.670053 0)
(-0.0397929 -0.594305 0)
(-0.0424615 -0.512837 0)
(-0.0447093 -0.426436 0)
(-0.0465107 -0.335934 0)
(-0.0478463 -0.242204 0)
(-0.0487066 -0.146178 0)
(-0.0490138 -0.0488052 0)
(-0.0488052 0.0490138 0)
(-0.0482096 0.146389 0)
(-0.0472066 0.242404 0)
(-0.0457595 0.336109 0)
(-0.0438913 0.426592 0)
(-0.0416124 0.512981 0)
(-0.0389428 0.594439 0)
(-0.0359058 0.670179 0)
(-0.0325295 0.73947 0)
(-0.028845 0.801642 0)
(-0.0248874 0.856096 0)
(-0.0206925 0.902305 0)
(-0.0163034 0.939821 0)
(-0.0117549 0.968284 0)
(-0.00710159 0.987415 0)
(-0.00237099 0.997035 0)
(0.00237099 0.997035 0)
(0.00710159 0.987415 0)
(0.0117549 0.968284 0)
(0.0163034 0.939821 0)
(0.0206925 0.902305 0)
(0.0248874 0.856096 0)
(0.028845 0.801642 0)
(0.0325295 0.73947 0)
(0.0359058 0.670179 0)
(0.0389428 0.594439 0)
(0.0416124 0.512981 0)
(0.0438913 0.426592 0)
(0.0457595 0.336109 0)
(0.0472066 0.242404 0)
(0.0482096 0.146389 0)
(0.0488052 0.0490138 0)
(0.0490138 -0.0488052 0)
(0.0487066 -0.146178 0)
(0.0478463 -0.242204 0)
(0.0465107 -0.335934 0)
(0.0447093 -0.426436 0)
(0.0424615 -0.512837 0)
(0.0397929 -0.594305 0)
(0.0367316 -0.670053 0)
(0.0333087 -0.739349 0)
(0.0295587 -0.801526 0)
(0.0255183 -0.855983 0)
(0.0212289 -0.902193 0)
(0.0167294 -0.939712 0)
(0.0120708 -0.968175 0)
(0.00728589 -0.987307 0)
(0.00244171 -0.996926 0)
(-0.00723195 -0.987231 0)
(-0.0216052 -0.977705 0)
(-0.0357834 -0.958758 0)
(-0.0496051 -0.930569 0)
(-0.0629504 -0.893412 0)
(-0.0756831 -0.847645 0)
(-0.0876826 -0.793712 0)
(-0.098831 -0.732133 0)
(-0.10902 -0.663502 0)
(-0.11815 -0.588481 0)
(-0.126132 -0.507794 0)
(-0.132886 -0.422221 0)
(-0.138343 -0.332585 0)
(-0.142457 -0.23976 0)
(-0.145172 -0.144663 0)
(-0.146389 -0.0482096 0)
(-0.146178 0.0487066 0)
(-0.144663 0.145172 0)
(-0.141805 0.240261 0)
(-0.137593 0.333047 0)
(-0.132071 0.422644 0)
(-0.125286 0.508188 0)
(-0.117302 0.588851 0)
(-0.108195 0.663854 0)
(-0.0980512 0.732471 0)
(-0.0869671 0.794039 0)
(-0.0750494 0.847965 0)
(-0.062411 0.893726 0)
(-0.0491757 0.930879 0)
(-0.0354649 0.959066 0)
(-0.0214191 0.978012 0)
(-0.00716009 0.987539 0)
(0.00716009 0.987539 0)
(0.0214191 0.978012 0)
(0.0354649 0.959066 0)
(0.0491757 0.930879 0)
(0.062411 0.893726 0)
(0.0750494 0.847965 0)
(0.0869671 0.794039 0)
(0.0980512 0.732471 0)
(0.108195 0.663854 0)
(0.117302 0.588851 0)
(0.125286 0.508188 0)
(0.132071 0.422644 0)
(0.137593 0.333047 0)
(0.141805 0.240261 0)
(0.144663 0.145172 0)
(0.146178 0.0487066 0)
(0.146389 -0.0482096 0)
(0.145172 -0.144663 0)
(0.142457 -0.23976 0)
(0.138343 -0.332585 0)
(0.132886 -0.422221 0)
(0.126132 -0.507794 0)
(0.11815 -0.588481 0)
(0.10902 -0.663502 0)
(0.098831 -0.732133 0)
(0.0876826 -0.793712 0)
(0.0756831 -0.847645 0)
(0.0629504 -0.893412 0)
(0.0496051 -0.930569 0)
(0.0357834 -0.958758 0)
(0.0216052 -0.977705 0)
(0.00723195 -0.987231 0)
(-0.0119539 -0.968042 0)
(-0.0357195 -0.958702 0)
(-0.059156 -0.940123 0)
(-0.082009 -0.912481 0)
(-0.104073 -0.876043 0)
(-0.125127 -0.831163 0)
(-0.144971 -0.778274 0)
(-0.163411 -0.717886 0)
(-0.180269 -0.650583 0)
(-0.195381 -0.577014 0)
(-0.208601 -0.49789 0)
(-0.219797 -0.413973 0)
(-0.228862 -0.326075 0)
(-0.235713 -0.235056 0)
(-0.240261 -0.141805 0)
(-0.242404 -0.0472066 0)
(-0.242204 0.0478463 0)
(-0.23976 0.142457 0)
(-0.235056 0.235713 0)
(-0.228112 0.326709 0)
(-0.218984 0.414573 0)
(-0.207755 0.498458 0)
(-0.194532 0.577557 0)
(-0.179441 0.651104 0)
(-0.162626 0.718391 0)
(-0.144248 0.778766 0)
(-0.124485 0.831646 0)
(-0.103525 0.87652 0)
(-0.0815709 0.912954 0)
(-0.0588306 0.940595 0)
(-0.0355285 0.959175 0)
(-0.0118795 0.968517 0)
(0.0118795 0.968517 0)
(0.0355285 0.959175 0)
(0.0588306 0.940595 0)
(0.0815709 0.912954 0)
(0.103525 0.87652 0)
(0.124485 0.831646 0)
(0.144248 0.778766 0)
(0.162626 0.718391 0)
(0.179441 0.651104 0)
(0.194532 0.577557 0)
(0.207755 0.498458 0)
(0.218984 0.414573 0)
(0.228112 0.326709 0)
(0.235056 0.235713 0)
(0.23976 0.142457 0)
(0.242204 0.0478463 0)
(0.242404 -0.0472066 0)
(0.240261 -0.141805 0)
(0.235713 -0.235056 0)
(0.228862 -0.326075 0)
(0.219797 -0.413973 0)
(0.208601 -0.49789 0)
(0.195381 -0.577014 0)
(0.180269 -0.650583 0)
(0.163411 -0.717886 0)
(0.144971 -0.778274 0)
(0.125127 -0.831163 0)
(0.104073 -0.876043 0)
(0.082009 -0.912481 0)
(0.059156 -0.940123 0)
(0.0357195 -0.958702 0)
(0.0119539 -0.968042 0)
(-0.0165622 -0.939537 0)
(-0.049493 -0.930475 0)
(-0.0819639 -0.912444 0)
(-0.11363 -0.885615 0)
(-0.1442 -0.850249 0)
(-0.173374 -0.806689 0)
(-0.200872 -0.755354 0)
(-0.226427 -0.696742 0)
(-0.249792 -0.631417 0)
(-0.270742 -0.560011 0)
(-0.289072 -0.483213 0)
(-0.304603 -0.401764 0)
(-0.317188 -0.316453 0)
(-0.326709 -0.228112 0)
(-0.333047 -0.137593 0)
(-0.336109 -0.0457595 0)
(-0.335934 0.0465107 0)
(-0.332585 0.138343 0)
(-0.326075 0.228862 0)
(-0.316453 0.317188 0)
(-0.303799 0.402474 0)
(-0.288229 0.483898 0)
(-0.269891 0.560673 0)
(-0.248958 0.632061 0)
(-0.225633 0.697371 0)
(-0.200137 0.755974 0)
(-0.172718 0.807301 0)
(-0.143638 0.850858 0)
(-0.113177 0.886222 0)
(-0.0816266 0.913053 0)
(-0.0492936 0.931088 0)
(-0.0164838 0.940157 0)
(0.0164838 0.940157 0)
(0.0492936 0.931088 0)
(0.0816266 0.913053 0)
(0.113177 0.886222 0)
(0.143638 0.850858 0)
(0.172718 0.807301 0)
(0.200137 0.755974 0)
(0.225633 0.697371 0)
(0.248958 0.632061 0)
(0.269891 0.560673 0)
(0.288229 0.483898 0)
(0.303799 0.402474 0)
(0.316453 0.317188 0)
(0.326075 0.228862 0)
(0.332585 0.138343 0)
(0.335934 0.0465107 0)
(0.336109 -0.0457595 0)
(0.333047 -0.137593 0)
(0.326709 -0.228112 0)
(0.317188 -0.316453 0)
(0.304603 -0.401764 0)
(0.289072 -0.483213 0)
(0.270742 -0.560011 0)
(0.249792 -0.631417 0)
(0.226427 -0.696742 0)
(0.200872 -0.755354 0)
(0.173374 -0.806689 0)
(0.1442 -0.850249 0)
(0.11363 -0.885615 0)
(0.0819639 -0.912444 0)
(0.049493 -0.930475 0)
(0.0165622 -0.939537 0)
(-0.0210125 -0.901988 0)
(-0.0627935 -0.893292 0)
(-0.103988 -0.875984 0)
(-0.144163 -0.850228 0)
(-0.182948 -0.816276 0)
(-0.219961 -0.774455 0)
(-0.254849 -0.725171 0)
(-0.287273 -0.668899 0)
(-0.316922 -0.606183 0)
(-0.343507 -0.537629 0)
(-0.366772 -0.463898 0)
(-0.38649 -0.385702 0)
(-0.402474 -0.303799 0)
(-0.414573 -0.218984 0)
(-0.422644 -0.132071 0)
(-0.426592 -0.0438913 0)
(-0.426436 0.0447093 0)
(-0.422221 0.132886 0)
(-0.413973 0.219797 0)
(-0.401764 0.304603 0)
(-0.385702 0.38649 0)
(-0.365937 0.464667 0)
(-0.342655 0.538381 0)
(-0.31608 0.606922 0)
(-0.286466 0.669628 0)
(-0.254097 0.725894 0)
(-0.219285 0.775175 0)
(-0.182364 0.816996 0)
(-0.14369 0.850952 0)
(-0.103634 0.876713 0)
(-0.0625822 0.89403 0)
(-0.0209287 0.902738 0)
(0.0209287 0.902738 0)
(0.0625822 0.89403 0)
(0.103634 0.876713 0)
(0.14369 0.850952 0)
(0.182364 0.816996 0)
(0.219285 0.775175 0)
(0.254097 0.725894 0)
(0.286466 0.669628 0)
(0.31608 0.606922 0)
(0.342655 0.538381 0)
(0.365937 0.464667 0)
(0.385702 0.38649 0)
(0.401764 0.304603 0)
(0.413973 0.219797 0)
(0.422221 0.132886 0)
(0.426436 0.0447093 0)
(0.426592 -0.0438913 0)
(0.422644 -0.132071 0)
(0.414573 -0.218984 0)
(0.402474 -0.303799 0)
(0.38649 -0.385702 0)
(0.366772 -0.463898 0)
(0.343507 -0.537629 0)
(0.316922 -0.606183 0)
(0.287273 -0.668899 0)
(0.254849 -0.725171 0)
(0.219961 -0.774455 0)
(0.182948 -0.816276 0)
(0.144163 -0.850228 0)
(0.103988 -0.875984 0)
(0.0627935 -0.893292 0)
(0.0210125 -0.901988 0)
(-0.025262 -0.855756 0)
(-0.0754929 -0.84751 0)
(-0.125016 -0.831093 0)
(-0.173315 -0.80666 0)
(-0.219941 -0.774449 0)
(-0.264439 -0.734772 0)
(-0.306382 -0.688013 0)
(-0.345364 -0.634624 0)
(-0.38101 -0.575121 0)
(-0.412976 -0.510079 0)
(-0.440951 -0.440126 0)
(-0.464667 -0.365937 0)
(-0.483898 -0.288229 0)
(-0.498458 -0.207755 0)
(-0.508188 -0.125286 0)
(-0.512981 -0.0416124 0)
(-0.512837 0.0424615 0)
(-0.507794 0.126132 0)
(-0.49789 0.208601 0)
(-0.483213 0.289072 0)
(-0.463898 0.366772 0)
(-0.440126 0.440951 0)
(-0.412124 0.510896 0)
(-0.380161 0.575931 0)
(-0.344542 0.63543 0)
(-0.30561 0.688819 0)
(-0.263739 0.73558 0)
(-0.219332 0.775263 0)
(-0.172817 0.807483 0)
(-0.124641 0.831928 0)
(-0.0752663 0.848361 0)
(-0.0251716 0.856625 0)
(0.0251716 0.856625 0)
(0.0752663 0.848361 0)
(0.124641 0.831928 0)
(0.172817 0.807483 0)
(0.219332 0.775263 0)
(0.263739 0.73558 0)
(0.30561 0.688819 0)
(0.344542 0.63543 0)
(0.380161 0.575931 0)
(0.412124 0.510896 0)
(0.440126 0.440951 0)
(0.463898 0.366772 0)
(0.483213 0.289072 0)
(0.49789 0.208601 0)
(0.507794 0.126132 0)
(0.512837 0.0424615 0)
(0.512981 -0.0416124 0)
(0.508188 -0.125286 0)
(0.498458 -0.207755 0)
(0.483898 -0.288229 0)
(0.464667 -0.365937 0)
(0.440951 -0.440126 0)
(0.412976 -0.510079 0)
(0.38101 -0.575121 0)
(0.345364 -0.634624 0)
(0.306382 -0.688013 0)
(0.264439 -0.734772 0)
(0.219941 -0.774449 0)
(0.173315 -0.80666 0)
(0.125016 -0.831093 0)
(0.0754929 -0.84751 0)
(0.025262 -0.855756 0)
(-0.02927 -0.801285 0)
(-0.0874692 -0.79357 0)
(-0.144846 -0.778202 0)
(-0.200805 -0.755328 0)
(-0.254825 -0.725169 0)
(-0.30638 -0.688019 0)
(-0.354974 -0.644236 0)
(-0.400139 -0.594246 0)
(-0.44144 -0.538529 0)
(-0.478478 -0.477626 0)
(-0.510896 -0.412124 0)
(-0.538381 -0.342655 0)
(-0.560673 -0.269891 0)
(-0.577557 -0.194532 0)
(-0.588851 -0.117302 0)
(-0.594439 -0.0389428 0)
(-0.594305 0.0397929 0)
(-0.588481 0.11815 0)
(-0.577014 0.195381 0)
(-0.560011 0.270742 0)
(-0.537629 0.343507 0)
(-0.510079 0.412976 0)
(-0.477626 0.478478 0)
(-0.440581 0.539383 0)
(-0.399299 0.595104 0)
(-0.354178 0.645102 0)
(-0.305651 0.688894 0)
(-0.254186 0.726058 0)
(-0.200278 0.756233 0)
(-0.144445 0.779127 0)
(-0.0872239 0.794518 0)
(-0.0291716 0.802258 0)
(0.0291716 0.802258 0)
(0.0872239 0.794518 0)
(0.144445 0.779127 0)
(0.200278 0.756233 0)
(0.254186 0.726058 0)
(0.305651 0.688894 0)
(0.354178 0.645102 0)
(0.399299 0.595104 0)
(0.440581 0.539383 0)
(0.477626 0.478478 0)
(0.510079 0.412976 0)
(0.537629 0.343507 0)
(0.560011 0.270742 0)
(0.577014 0.195381 0)
(0.588481 0.11815 0)
(0.594305 0.0397929 0)
(0.594439 -0.0389428 0)
(0.588851 -0.117302 0)
(0.577557 -0.194532 0)
(0.560673 -0.269891 0)
(0.538381 -0.342655 0)
(0.510896 -0.412124 0)
(0.478478 -0.477626 0)
(0.44144 -0.538529 0)
(0.400139 -0.594246 0)
(0.354974 -0.644236 0)
(0.30638 -0.688019 0)
(0.254825 -0.725169 0)
(0.200805 -0.755328 0)
(0.144846 -0.778202 0)
(0.0874692 -0.79357 0)
(0.02927 -0.801285 0)
(-0.032998 -0.739099 0)
(-0.0986074 -0.731991 0)
(-0.163287 -0.717822 0)
(-0.226369 -0.696728 0)
(-0.287264 -0.668913 0)
(-0.345379 -0.634647 0)
(-0.400157 -0.594263 0)
(-0.45107 -0.548152 0)
(-0.497629 -0.496759 0)
(-0.539383 -0.440581 0)
(-0.575931 -0.380161 0)
(-0.606922 -0.31608 0)
(-0.632061 -0.248958 0)
(-0.651104 -0.179441 0)
(-0.663854 -0.108195 0)
(-0.670179 -0.0359058 0)
(-0.670053 0.0367316 0)
(-0.663502 0.10902 0)
(-0.650583 0.180269 0)
(-0.631417 0.249792 0)
(-0.606183 0.316922 0)
(-0.575121 0.38101 0)
(-0.538529 0.44144 0)
(-0.496759 0.497629 0)
(-0.450211 0.549035 0)
(-0.399335 0.595162 0)
(-0.344618 0.635565 0)
(-0.286589 0.669852 0)
(-0.225807 0.697693 0)
(-0.162855 0.718816 0)
(-0.0983394 0.733017 0)
(-0.0328902 0.740159 0)
(0.0328902 0.740159 0)
(0.0983394 0.733017 0)
(0.162855 0.718816 0)
(0.225807 0.697693 0)
(0.286589 0.669852 0)
(0.344618 0.635565 0)
(0.399335 0.595162 0)
(0.450211 0.549035 0)
(0.496759 0.497629 0)
(0.538529 0.44144 0)
(0.575121 0.38101 0)
(0.606183 0.316922 0)
(0.631417 0.249792 0)
(0.650583 0.180269 0)
(0.663502 0.10902 0)
(0.670053 0.0367316 0)
(0.670179 -0.0359058 0)
(0.663854 -0.108195 0)
(0.651104 -0.179441 0)
(0.632061 -0.248958 0)
(0.606922 -0.31608 0)
(0.575931 -0.380161 0)
(0.539383 -0.440581 0)
(0.497629 -0.496759 0)
(0.45107 -0.548152 0)
(0.400157 -0.594263 0)
(0.345379 -0.634647 0)
(0.287264 -0.668913 0)
(0.226369 -0.696728 0)
(0.163287 -0.717822 0)
(0.0986074 -0.731991 0)
(0.032998 -0.739099 0)
(-0.0364103 -0.669799 0)
(-0.1088 -0.663367 0)
(-0.180162 -0.650534 0)
(-0.24976 -0.631424 0)
(-0.316944 -0.606221 0)
(-0.381061 -0.57517 0)
(-0.441496 -0.538574 0)
(-0.497667 -0.496786 0)
(-0.549035 -0.450211 0)
(-0.595104 -0.399299 0)
(-0.63543 -0.344542 0)
(-0.669628 -0.286466 0)
(-0.697371 -0.225633 0)
(-0.718391 -0.162626 0)
(-0.732471 -0.0980512 0)
(-0.73947 -0.0325295 0)
(-0.739349 0.0333087 0)
(-0.732133 0.098831 0)
(-0.717886 0.163411 0)
(-0.696742 0.226427 0)
(-0.668899 0.287273 0)
(-0.634624 0.345364 0)
(-0.594246 0.400139 0)
(-0.548152 0.45107 0)
(-0.496786 0.497667 0)
(-0.440643 0.53948 0)
(-0.380264 0.576104 0)
(-0.31623 0.607186 0)
(-0.249158 0.632424 0)
(-0.179693 0.651574 0)
(-0.108505 0.664449 0)
(-0.0362913 0.670925 0)
(0.0362913 0.670925 0)
(0.108505 0.664449 0)
(0.179693 0.651574 0)
(0.249158 0.632424 0)
(0.31623 0.607186 0)
(0.380264 0.576104 0)
(0.440643 0.53948 0)
(0.496786 0.497667 0)
(0.548152 0.45107 0)
(0.594246 0.400139 0)
(0.634624 0.345364 0)
(0.668899 0.287273 0)
(0.696742 0.226427 0)
(0.717886 0.163411 0)
(0.732133 0.098831 0)
(0.739349 0.0333087 0)
(0.73947 -0.0325295 0)
(0.732471 -0.0980512 0)
(0.718391 -0.162626 0)
(0.697371 -0.225633 0)
(0.669628 -0.286466 0)
(0.63543 -0.344542 0)
(0.595104 -0.399299 0)
(0.549035 -0.450211 0)
(0.497667 -0.496786 0)
(0.441496 -0.538574 0)
(0.381061 -0.57517 0)
(0.316944 -0.606221 0)
(0.24976 -0.631424 0)
(0.180162 -0.650534 0)
(0.1088 -0.663367 0)
(0.0364103 -0.669799 0)
(-0.0394741 -0.594052 0)
(-0.11795 -0.588359 0)
(-0.195308 -0.576987 0)
(-0.270754 -0.560045 0)
(-0.34358 -0.537698 0)
(-0.413081 -0.510162 0)
(-0.478591 -0.477705 0)
(-0.53948 -0.440643 0)
(-0.595162 -0.399335 0)
(-0.645102 -0.354178 0)
(-0.688819 -0.30561 0)
(-0.725894 -0.254097 0)
(-0.755974 -0.200137 0)
(-0.778766 -0.144248 0)
(-0.794039 -0.0869671 0)
(-0.801642 -0.028845 0)
(-0.801526 0.0295587 0)
(-0.793712 0.0876826 0)
(-0.778274 0.144971 0)
(-0.755354 0.200872 0)
(-0.725171 0.254849 0)
(-0.688013 0.306382 0)
(-0.644236 0.354974 0)
(-0.594263 0.400157 0)
(-0.538574 0.441496 0)
(-0.477705 0.478591 0)
(-0.412244 0.511084 0)
(-0.342821 0.538661 0)
(-0.270105 0.561055 0)
(-0.194797 0.578047 0)
(-0.117623 0.589472 0)
(-0.039342 0.595219 0)
(0.039342 0.595219 0)
(0.117623 0.589472 0)
(0.194797 0.578047 0)
(0.270105 0.561055 0)
(0.342821 0.538661 0)
(0.412244 0.511084 0)
(0.477705 0.478591 0)
(0.538574 0.441496 0)
(0.594263 0.400157 0)
(0.644236 0.354974 0)
(0.688013 0.306382 0)
(0.725171 0.254849 0)
(0.755354 0.200872 0)
(0.778274 0.144971 0)
(0.793712 0.0876826 0)
(0.801526 0.0295587 0)
(0.801642 -0.028845 0)
(0.794039 -0.0869671 0)
(0.778766 -0.144248 0)
(0.755974 -0.200137 0)
(0.725894 -0.254097 0)
(0.688819 -0.30561 0)
(0.645102 -0.354178 0)
(0.595162 -0.399335 0)
(0.53948 -0.440643 0)
(0.478591 -0.477705 0)
(0.413081 -0.510162 0)
(0.34358 -0.537698 0)
(0.270754 -0.560045 0)
(0.195308 -0.576987 0)
(0.11795 -0.588359 0)
(0.0394741 -0.594052 0)
(-0.04216 -0.512592 0)
(-0.125968 -0.507692 0)
(-0.208579 -0.497891 0)
(-0.289146 -0.483281 0)
(-0.366913 -0.464004 0)
(-0.44113 -0.440248 0)
(-0.511084 -0.412244 0)
(-0.576104 -0.380264 0)
(-0.635565 -0.344618 0)
(-0.688894 -0.305651 0)
(-0.73558 -0.263739 0)
(-0.775175 -0.219285 0)
(-0.807301 -0.172718 0)
(-0.831646 -0.124485 0)
(-0.847965 -0.0750494 0)
(-0.856096 -0.0248874 0)
(-0.855983 0.0255183 0)
(-0.847645 0.0756831 0)
(-0.831163 0.125127 0)
(-0.806689 0.173374 0)
(-0.774455 0.219961 0)
(-0.734772 0.264439 0)
(-0.688019 0.30638 0)
(-0.634647 0.345379 0)
(-0.57517 0.381061 0)
(-0.510162 0.413081 0)
(-0.440248 0.44113 0)
(-0.366104 0.464937 0)
(-0.288445 0.484269 0)
(-0.208019 0.49894 0)
(-0.125604 0.508806 0)
(-0.0420122 0.513769 0)
(0.0420122 0.513769 0)
(0.125604 0.508806 0)
(0.208019 0.49894 0)
(0.288445 0.484269 0)
(0.366104 0.464937 0)
(0.440248 0.44113 0)
(0.510162 0.413081 0)
(0.57517 0.381061 0)
(0.634647 0.345379 0)
(0.688019 0.30638 0)
(0.734772 0.264439 0)
(0.774455 0.219961 0)
(0.806689 0.173374 0)
(0.831163 0.125127 0)
(0.847645 0.0756831 0)
(0.855983 0.0255183 0)
(0.856096 -0.0248874 0)
(0.847965 -0.0750494 0)
(0.831646 -0.124485 0)
(0.807301 -0.172718 0)
(0.775175 -0.219285 0)
(0.73558 -0.263739 0)
(0.688894 -0.305651 0)
(0.635565 -0.344618 0)
(0.576104 -0.380264 0)
(0.511084 -0.412244 0)
(0.44113 -0.440248 0)
(0.366913 -0.464004 0)
(0.289146 -0.483281 0)
(0.208579 -0.497891 0)
(0.125968 -0.507692 0)
(0.04216 -0.512592 0)
(-0.0444422 -0.426209 0)
(-0.132778 -0.422148 0)
(-0.219846 -0.414011 0)
(-0.304759 -0.401875 0)
(-0.386719 -0.385853 0)
(-0.464937 -0.366104 0)
(-0.538661 -0.342821 0)
(-0.607186 -0.31623 0)
(-0.669852 -0.286589 0)
(-0.726058 -0.254186 0)
(-0.775263 -0.219332 0)
(-0.816996 -0.182364 0)
(-0.850858 -0.143638 0)
(-0.87652 -0.103525 0)
(-0.893726 -0.062411 0)
(-0.902305 -0.0206925 0)
(-0.902193 0.0212289 0)
(-0.893412 0.0629504 0)
(-0.876043 0.104073 0)
(-0.850249 0.1442 0)
(-0.816276 0.182948 0)
(-0.774449 0.219941 0)
(-0.725169 0.254825 0)
(-0.668913 0.287264 0)
(-0.606221 0.316944 0)
(-0.537698 0.34358 0)
(-0.464004 0.366913 0)
(-0.385853 0.386719 0)
(-0.303998 0.402805 0)
(-0.219229 0.415013 0)
(-0.132368 0.423224 0)
(-0.0442751 0.427354 0)
(0.0442751 0.427354 0)
(0.132368 0.423224 0)
(0.219229 0.415013 0)
(0.303998 0.402805 0)
(0.385853 0.386719 0)
(0.464004 0.366913 0)
(0.537698 0.34358 0)
(0.606221 0.316944 0)
(0.668913 0.287264 0)
(0.725169 0.254825 0)
(0.774449 0.219941 0)
(0.816276 0.182948 0)
(0.850249 0.1442 0)
(0.876043 0.104073 0)
(0.893412 0.0629504 0)
(0.902193 0.0212289 0)
(0.902305 -0.0206925 0)
(0.893726 -0.062411 0)
(0.87652 -0.103525 0)
(0.850858 -0.143638 0)
(0.816996 -0.182364 0)
(0.775263 -0.219332 0)
(0.726058 -0.254186 0)
(0.669852 -0.286589 0)
(0.607186 -0.31623 0)
(0.538661 -0.342821 0)
(0.464937 -0.366104 0)
(0.386719 -0.385853 0)
(0.304759 -0.401875 0)
(0.219846 -0.414011 0)
(0.132778 -0.422148 0)
(0.0444422 -0.426209 0)
(-0.0462984 -0.335739 0)
(-0.138313 -0.332556 0)
(-0.229 -0.32616 0)
(-0.317441 -0.316611 0)
(-0.402805 -0.303998 0)
(-0.484269 -0.288445 0)
(-0.561055 -0.270105 0)
(-0.632424 -0.249158 0)
(-0.697693 -0.225807 0)
(-0.756233 -0.200278 0)
(-0.807483 -0.172817 0)
(-0.850952 -0.14369 0)
(-0.886222 -0.113177 0)
(-0.912954 -0.0815709 0)
(-0.930879 -0.0491757 0)
(-0.939821 -0.0163034 0)
(-0.939712 0.0167294 0)
(-0.930569 0.0496051 0)
(-0.912481 0.082009 0)
(-0.885615 0.11363 0)
(-0.850228 0.144163 0)
(-0.80666 0.173315 0)
(-0.755328 0.200805 0)
(-0.696728 0.226369 0)
(-0.631424 0.24976 0)
(-0.560045 0.270754 0)
(-0.483281 0.289146 0)
(-0.401875 0.304759 0)
(-0.316611 0.317441 0)
(-0.228315 0.327068 0)
(-0.137847 0.333544 0)
(-0.0461075 0.336802 0)
(0.0461075 0.336802 0)
(0.137847 0.333544 0)
(0.228315 0.327068 0)
(0.316611 0.317441 0)
(0.401875 0.304759 0)
(0.483281 0.289146 0)
(0.560045 0.270754 0)
(0.631424 0.24976 0)
(0.696728 0.226369 0)
(0.755328 0.200805 0)
(0.80666 0.173315 0)
(0.850228 0.144163 0)
(0.885615 0.11363 0)
(0.912481 0.082009 0)
(0.930569 0.0496051 0)
(0.939712 0.0167294 0)
(0.939821 -0.0163034 0)
(0.930879 -0.0491757 0)
(0.912954 -0.0815709 0)
(0.886222 -0.113177 0)
(0.850952 -0.14369 0)
(0.807483 -0.172817 0)
(0.756233 -0.200278 0)
(0.697693 -0.225807 0)
(0.632424 -0.249158 0)
(0.561055 -0.270105 0)
(0.484269 -0.288445 0)
(0.402805 -0.303998 0)
(0.317441 -0.316611 0)
(0.229 -0.32616 0)
(0.138313 -0.332556 0)
(0.0462984 -0.335739 0)
(-0.0477104 -0.242064 0)
(-0.142518 -0.239784 0)
(-0.235951 -0.235188 0)
(-0.327068 -0.228315 0)
(-0.415013 -0.219229 0)
(-0.49894 -0.208019 0)
(-0.578047 -0.194797 0)
(-0.651574 -0.179693 0)
(-0.718816 -0.162855 0)
(-0.779127 -0.144445 0)
(-0.831928 -0.124641 0)
(-0.876713 -0.103634 0)
(-0.913053 -0.0816266 0)
(-0.940595 -0.0588306 0)
(-0.959066 -0.0354649 0)
(-0.968284 -0.0117549 0)
(-0.968175 0.0120708 0)
(-0.958758 0.0357834 0)
(-0.940123 0.059156 0)
(-0.912444 0.0819639 0)
(-0.875984 0.103988 0)
(-0.831093 0.125016 0)
(-0.778202 0.144846 0)
(-0.717822 0.163287 0)
(-0.650534 0.180162 0)
(-0.576987 0.195308 0)
(-0.497891 0.208579 0)
(-0.414011 0.219846 0)
(-0.32616 0.229 0)
(-0.235188 0.235951 0)
(-0.141987 0.240629 0)
(-0.0474907 0.242982 0)
(0.0474907 0.242982 0)
(0.141987 0.240629 0)
(0.235188 0.235951 0)
(0.32616 0.229 0)
(0.414011 0.219846 0)
(0.497891 0.208579 0)
(0.576987 0.195308 0)
(0.650534 0.180162 0)
(0.717822 0.163287 0)
(0.778202 0.144846 0)
(0.831093 0.125016 0)
(0.875984 0.103988 0)
(0.912444 0.0819639 0)
(0.940123 0.059156 0)
(0.958758 0.0357834 0)
(0.968175 0.0120708 0)
(0.968284 -0.0117549 0)
(0.959066 -0.0354649 0)
(0.940595 -0.0588306 0)
(0.913053 -0.0816266 0)
(0.876713 -0.103634 0)
(0.831928 -0.124641 0)
(0.779127 -0.144445 0)
(0.718816 -0.162855 0)
(0.651574 -0.179693 0)
(0.578047 -0.194797 0)
(0.49894 -0.208019 0)
(0.415013 -0.219229 0)
(0.327068 -0.228315 0)
(0.235951 -0.235188 0)
(0.142518 -0.239784 0)
(0.0477104 -0.242064 0)
(-0.0486632 -0.146116 0)
(-0.145351 -0.144751 0)
(-0.240629 -0.141987 0)
(-0.333544 -0.137847 0)
(-0.423224 -0.132368 0)
(-0.508806 -0.125604 0)
(-0.589472 -0.117623 0)
(-0.664449 -0.108505 0)
(-0.733017 -0.0983394 0)
(-0.794518 -0.0872239 0)
(-0.848361 -0.0752663 0)
(-0.89403 -0.0625822 0)
(-0.931088 -0.0492936 0)
(-0.959175 -0.0355285 0)
(-0.978012 -0.0214191 0)
(-0.987415 -0.00710159 0)
(-0.987307 0.00728589 0)
(-0.977705 0.0216052 0)
(-0.958702 0.0357195 0)
(-0.930475 0.049493 0)
(-0.893292 0.0627935 0)
(-0.84751 0.0754929 0)
(-0.79357 0.0874692 0)
(-0.731991 0.0986074 0)
(-0.663367 0.1088 0)
(-0.588359 0.11795 0)
(-0.507692 0.125968 0)
(-0.422148 0.132778 0)
(-0.332556 0.138313 0)
(-0.239784 0.142518 0)
(-0.144751 0.145351 0)
(-0.0484121 0.146777 0)
(0.0484121 0.146777 0)
(0.144751 0.145351 0)
(0.239784 0.142518 0)
(0.332556 0.138313 0)
(0.422148 0.132778 0)
(0.507692 0.125968 0)
(0.588359 0.11795 0)
(0.663367 0.1088 0)
(0.731991 0.0986074 0)
(0.79357 0.0874692 0)
(0.84751 0.0754929 0)
(0.893292 0.0627935 0)
(0.930475 0.049493 0)
(0.958702 0.0357195 0)
(0.977705 0.0216052 0)
(0.987307 0.00728589 0)
(0.987415 -0.00710159 0)
(0.978012 -0.0214191 0)
(0.959175 -0.0355285 0)
(0.931088 -0.0492936 0)
(0.89403 -0.0625822 0)
(0.848361 -0.0752663 0)
(0.794518 -0.0872239 0)
(0.733017 -0.0983394 0)
(0.664449 -0.108505 0)
(0.589472 -0.117623 0)
(0.508806 -0.125604 0)
(0.423224 -0.132368 0)
(0.333544 -0.137847 0)
(0.240629 -0.141987 0)
(0.145351 -0.144751 0)
(0.0486632 -0.146116 0)
(-0.0491439 -0.0488651 0)
(-0.146777 -0.0484121 0)
(-0.242982 -0.0474907 0)
(-0.336802 -0.0461075 0)
(-0.427354 -0.0442751 0)
(-0.513769 -0.0420122 0)
(-0.595219 -0.039342 0)
(-0.670925 -0.0362913 0)
(-0.740159 -0.0328902 0)
(-0.802258 -0.0291716 0)
(-0.856625 -0.0251716 0)
(-0.902738 -0.0209287 0)
(-0.940157 -0.0164838 0)
(-0.968517 -0.0118795 0)
(-0.987539 -0.00716009 0)
(-0.997035 -0.00237099 0)
(-0.996926 0.00244171 0)
(-0.987231 0.00723195 0)
(-0.968042 0.0119539 0)
(-0.939537 0.0165622 0)
(-0.901988 0.0210125 0)
(-0.855756 0.025262 0)
(-0.801285 0.02927 0)
(-0.739099 0.032998 0)
(-0.669799 0.0364103 0)
(-0.594052 0.0394741 0)
(-0.512592 0.04216 0)
(-0.426209 0.0444422 0)
(-0.335739 0.0462984 0)
(-0.242064 0.0477104 0)
(-0.146116 0.0486632 0)
(-0.0488651 0.0491439 0)
(0.0488651 0.0491439 0)
(0.146116 0.0486632 0)
(0.242064 0.0477104 0)
(0.335739 0.0462984 0)
(0.426209 0.0444422 0)
(0.512592 0.04216 0)
(0.594052 0.0394741 0)
(0.669799 0.0364103 0)
(0.739099 0.032998 0)
(0.801285 0.02927 0)
(0.855756 0.025262 0)
(0.901988 0.0210125 0)
(0.939537 0.0165622 0)
(0.968042 0.0119539 0)
(0.987231 0.00723195 0)
(0.996926 0.00244171 0)
(0.997035 -0.00237099 0)
(0.987539 -0.00716009 0)
(0.968517 -0.0118795 0)
(0.940157 -0.0164838 0)
(0.902738 -0.0209287 0)
(0.856625 -0.0251716 0)
(0.802258 -0.0291716 0)
(0.740159 -0.0328902 0)
(0.670925 -0.0362913 0)
(0.595219 -0.039342 0)
(0.513769 -0.0420122 0)
(0.427354 -0.0442751 0)
(0.336802 -0.0461075 0)
(0.242982 -0.0474907 0)
(0.146777 -0.0484121 0)
(0.0491439 -0.0488651 0)
(-0.0491439 0.0488651 0)
(-0.146777 0.0484121 0)
(-0.242982 0.0474907 0)
(-0.336802 0.0461075 0)
(-0.427354 0.0442751 0)
(-0.513769 0.0420122 0)
(-0.595219 0.039342 0)
(-0.670925 0.0362913 0)
(-0.740159 0.0328902 0)
(-0.802258 0.0291716 0)
(-0.856625 0.0251716 0)
(-0.902738 0.0209287 0)
(-0.940157 0.0164838 0)
(-0.968517 0.0118795 0)
(-0.987539 0.00716009 0)
(-0.997035 0.00237099 0)
(-0.996926 -0.00244171 0)
(-0.987231 -0.00723195 0)
(-0.968042 -0.0119539 0)
(-0.939537 -0.0165622 0)
(-0.901988 -0.0210125 0)
(-0.855756 -0.025262 0)
(-0.801285 -0.02927 0)
(-0.739099 -0.032998 0)
(-0.669799 -0.0364103 0)
(-0.594052 -0.0394741 0)
(-0.512592 -0.04216 0)
(-0.426209 -0.0444422 0)
(-0.335739 -0.0462984 0)
(-0.242064 -0.0477104 0)
(-0.146116 -0.0486632 0)
(-0.0488651 -0.0491439 0)
(0.0488651 -0.0491439 0)
(0.146116 -0.0486632 0)
(0.242064 -0.0477104 0)
(0.335739 -0.0462984 0)
(0.426209 -0.0444422 0)
(0.512592 -0.04216 0)
(0.594052 -0.0394741 0)
(0.669799 -0.0364103 0)
(0.739099 -0.032998 0)
(0.801285 -0.02927 0)
(0.855756 -0.025262 0)
(0.901988 -0.0210125 0)
(0.939537 -0.0165622 0)
(0.968042 -0.0119539 0)
(0.987231 -0.00723195 0)
(0.996926 -0.00244171 0)
(0.997035 0.00237099 0)
(0.987539 0.00716009 0)
(0.968517 0.0118795 0)
(0.940157 0.0164838 0)
(0.902738 0.0209287 0)
(0.856625 0.0251716 0)
(0.802258 0.0291716 0)
(0.740159 0.0328902 0)
(0.670925 0.0362913 0)
(0.595219 0.039342 0)
(0.513769 0.0420122 0)
(0.427354 0.0442751 0)
(0.336802 0.0461075 0)
(0.242982 0.0474907 0)
(0.146777 0.0484121 0)
(0.0491439 0.0488651 0)
(-0.0486632 0.146116 0)
(-0.145351 0.144751 0)
(-0.240629 0.141987 0)
(-0.333544 0.137847 0)
(-0.423224 0.132368 0)
(-0.508806 0.125604 0)
(-0.589472 0.117623 0)
(-0.664449 0.108505 0)
(-0.733017 0.0983394 0)
(-0.794518 0.0872239 0)
(-0.848361 0.0752663 0)
(-0.89403 0.0625822 0)
(-0.931088 0.0492936 0)
(-0.959175 0.0355285 0)
(-0.978012 0.0214191 0)
(-0.987415 0.00710159 0)
(-0.987307 -0.00728589 0)
(-0.977705 -0.0216052 0)
(-0.958702 -0.0357195 0)
(-0.930475 -0.049493 0)
(-0.893292 -0.0627935 0)
(-0.84751 -0.0754929 0)
(-0.79357 -0.0874692 0)
(-0.731991 -0.0986074 0)
(-0.663367 -0.1088 0)
(-0.588359 -0.11795 0)
(-0.507692 -0.125968 0)
(-0.422148 -0.132778 0)
(-0.332556 -0.138313 0)
(-0.239784 -0.142518 0)
(-0.144751 -0.145351 0)
(-0.0484121 -0.146777 0)
(0.0484121 -0.146777 0)
(0.144751 -0.145351 0)
(0.239784 -0.142518 0)
(0.332556 -0.138313 0)
(0.422148 -0.132778 0)
(0.507692 -0.125968 0)
(0.588359 -0.11795 0)
(0.663367 -0.1088 0)
(0.731991 -0.0986074 0)
(0.79357 -0.0874692 0)
(0.84751 -0.0754929 0)
(0.893292 -0.0627935 0)
(0.930475 -0.049493 0)
(0.958702 -0.0357195 0)
(0.977705 -0.0216052 0)
(0.987307 -0.00728589 0)
(0.987415 0.00710159 0)
(0.978012 0.0214191 0)
(0.959175 0.0355285 0)
(0.931088 0.0492936 0)
(0.89403 0.0625822 0)
(0.848361 0.0752663 0)
(0.794518 0.0872239 0)
(0.733017 0.0983394 0)
(0.664449 0.108505 0)
(0.589472 0.117623 0)
(0.508806 0.125604 0)
(0.423224 0.132368 0)
(0.333544 0.137847 0)
(0.240629 0.141987 0)
(0.145351 0.144751 0)
(0.0486632 0.146116 0)
(-0.0477104 0.242064 0)
(-0.142518 0.239784 0)
(-0.235951 0.235188 0)
(-0.327068 0.228315 0)
(-0.415013 0.219229 0)
(-0.49894 0.208019 0)
(-0.578047 0.194797 0)
(-0.651574 0.179693 0)
(-0.718816 0.162855 0)
(-0.779127 0.144445 0)
(-0.831928 0.124641 0)
(-0.876713 0.103634 0)
(-0.913053 0.0816266 0)
(-0.940595 0.0588306 0)
(-0.959066 0.0354649 0)
(-0.968284 0.0117549 0)
(-0.968175 -0.0120708 0)
(-0.958758 -0.0357834 0)
(-0.940123 -0.059156 0)
(-0.912444 -0.0819639 0)
(-0.875984 -0.103988 0)
(-0.831093 -0.125016 0)
(-0.778202 -0.144846 0)
(-0.717822 -0.163287 0)
(-0.650534 -0.180162 0)
(-0.576987 -0.195308 0)
(-0.497891 -0.208579 0)
(-0.414011 -0.219846 0)
(-0.32616 -0.229 0)
(-0.235188 -0.235951 0)
(-0.141987 -0.240629 0)
(-0.0474907 -0.242982 0)
(0.0474907 -0.242982 0)
(0.141987 -0.240629 0)
(0.235188 -0.235951 0)
(0.32616 -0.229 0)
(0.414011 -0.219846 0)
(0.497891 -0.208579 0)
(0.576987 -0.195308 0)
(0.650534 -0.180162 0)
(0.717822 -0.163287 0)
(0.778202 -0.144846 0)
(0.831093 -0.125016 0)
(0.875984 -0.103988 0)
(0.912444 -0.0819639 0)
(0.940123 -0.059156 0)
(0.958758 -0.0357834 0)
(0.968175 -0.0120708 0)
(0.968284 0.0117549 0)
(0.959066 0.0354649 0)
(0.940595 0.0588306 0)
(0.913053 0.0816266 0)
(0.876713 0.103634 0)
(0.831928 0.124641 0)
(0.779127 0.144445 0)
(0.718816 0.162855 0)
(0.651574 0.179693 0)
(0.578047 0.194797 0)
(0.49894 0.208019 0)
(0.415013 0.219229 0)
(0.327068 0.228315 0)
(0.235951 0.235188 0)
(0.142518 0.239784 0)
(0.0477104 0.242064 0)
(-0.0462984 0.335739 0)
(-0.138313 0.332556 0)
(-0.229 0.32616 0)
(-0.317441 0.316611 0)
(-0.402805 0.303998 0)
(-0.484269 0.288445 0)
(-0.561055 0.270105 0)
(-0.632424 0.249158 0)
(-0.697693 0.225807 0)
(-0.756233 0.200278 0)
(-0.807483 0.172817 0)
(-0.850952 0.14369 0)
(-0.886222 0.113177 0)
(-0.912954 0.0815709 0)
(-0.930879 0.0491757 0)
(-0.939821 0.0163034 0)
(-0.939712 -0.0167294 0)
(-0.930569 -0.0496051 0)
(-0.912481 -0.082009 0)
(-0.885615 -0.11363 0)
(-0.850228 -0.144163 0)
(-0.80666 -0.173315 0)
(-0.755328 -0.200805 0)
(-0.696728 -0.226369 0)
(-0.631424 -0.24976 0)
(-0.560045 -0.270754 0)
(-0.483281 -0.289146 0)
(-0.401875 -0.304759 0)
(-0.316611 -0.317441 0)
(-0.228315 -0.327068 0)
(-0.137847 -0.333544 0)
(-0.0461075 -0.336802 0)
(0.0461075 -0.336802 0)
(0.137847 -0.333544 0)
(0.228315 -0.327068 0)
(0.316611 -0.317441 0)
(0.401875 -0.304759 0)
(0.483281 -0.289146 0)
(0.560045 -0.270754 0)
(0.631424 -0.24976 0)
(0.696728 -0.226369 0)
(0.755328 -0.200805 0)
(0.80666 -0.173315 0)
(0.850228 -0.144163 0)
(0.885615 -0.11363 0)
(0.912481 -0.082009 0)
(0.930569 -0.0496051 0)
(0.939712 -0.0167294 0)
(0.939821 0.0163034 0)
(0.930879 0.0491757 0)
(0.912954 0.0815709 0)
(0.886222 0.113177 0)
(0.850952 0.14369 0)
(0.807483 0.172817 0)
(0.756233 0.200278 0)
(0.697693 0.225807 0)
(0.632424 0.249158 0)
(0.561055 0.270105 0)
(0.484269 0.288445 0)
(0.402805 0.303998 0)
(0.317441 0.316611 0)
(0.229 0.32616 0)
(0.138313 0.332556 0)
(0.0462984 0.335739 0)
(-0.0444422 0.426209 0)
(-0.132778 0.422148 0)
(-0.219846 0.414011 0)
(-0.304759 0.401875 0)
(-0.386719 0.385853 0)
(-0.464937 0.366104 0)
(-0.538661 0.342821 0)
(-0.607186 0.31623 0)
(-0.669852 0.286589 0)
(-0.726058 0.254186 0)
(-0.775263 0.219332 0)
(-0.816996 0.182364 0)
(-0.850858 0.143638 0)
(-0.87652 0.103525 0)
(-0.893726 0.062411 0)
(-0.902305 0.0206925 0)
(-0.902193 -0.0212289 0)
(-0.893412 -0.0629504 0)
(-0.876043 -0.104073 0)
(-0.850249 -0.1442 0)
(-0.816276 -0.182948 0)
(-0.774449 -0.219941 0)
(-0.725169 -0.254825 0)
(-0.668913 -0.287264 0)
(-0.606221 -0.316944 0)
(-0.537698 -0.34358 0)
(-0.464004 -0.366913 0)
(-0.385853 -0.386719 0)
(-0.303998 -0.402805 0)
(-0.219229 -0.415013 0)
(-0.132368 -0.423224 0)
(-0.0442751 -0.427354 0)
(0.0442751 -0.427354 0)
(0.132368 -0.423224 0)
(0.219229 -0.415013 0)
(0.303998 -0.402805 0)
(0.385853 -0.386719 0)
(0.464004 -0.366913 0)
(0.537698 -0.34358 0)
(0.606221 -0.316944 0)
(0.668913 -0.287264 0)
(0.725169 -0.254825 0)
(0.774449 -0.219941 0)
(0.816276 -0.182948 0)
(0.850249 -0.1442 0)
(0.876043 -0.104073 0)
(0.893412 -0.0629504 0)
(0.902193 -0.0212289 0)
(0.902305 0.0206925 0)
(0.893726 0.062411 0)
(0.87652 0.103525 0)
(0.850858 0.143638 0)
(0.816996 0.182364 0)
(0.775263 0.219332 0)
(0.726058 0.254186 0)
(0.669852 0.286589 0)
(0.607186 0.31623 0)
(0.538661 0.342821 0)
(0.464937 0.366104 0)
(0.386719 0.385853 0)
(0.304759 0.401875 0)
(0.219846 0.414011 0)
(0.132778 0.422148 0)
(0.0444422 0.426209 0)
(-0.04216 0.512592 0)
(-0.125968 0.507692 0)
(-0.208579 0.497891 0)
(-0.289146 0.483281 0)
(-0.366913 0.464004 0)
(-0.44113 0.440248 0)
(-0.511084 0.412244 0)
(-0.576104 0.380264 0)
(-0.635565 0.344618 0)
(-0.688894 0.305651 0)
(-0.73558 0.263739 0)
(-0.775175 0.219285 0)
(-0.807301 0.172718 0)
(-0.831646 0.124485 0)
(-0.847965 0.0750494 0)
(-0.856096 0.0248874 0)
(-0.855983 -0.0255183 0)
(-0.847645 -0.0756831 0)
(-0.831163 -0.125127 0)
(-0.806689 -0.173374 0)
(-0.774455 -0.219961 0)
(-0.734772 -0.264439 0)
(-0.688019 -0.30638 0)
(-0.634647 -0.345379 0)
(-0.57517 -0.381061 0)
(-0.510162 -0.413081 0)
(-0.440248 -0.44113 0)
(-0.366104 -0.464937 0)
(-0.288445 -0.484269 0)
(-0.208019 -0.49894 0)
(-0.125604 -0.508806 0)
(-0.0420122 -0.513769 0)
(0.0420122 -0.513769 0)
(0.125604 -0.508806 0)
(0.208019 -0.49894 0)
(0.288445 -0.484269 0)
(0.366104 -0.464937 0)
(0.440248 -0.44113 0)
(0.510162 -0.413081 0)
(0.57517 -0.381061 0)
(0.634647 -0.345379 0)
(0.688019 -0.30638 0)
(0.734772 -0.264439 0)
(0.774455 -0.219961 0)
(0.806689 -0.173374 0)
(0.831163 -0.125127 0)
(0.847645 -0.0756831 0)
(0.855983 -0.0255183 0)
(0.856096 0.0248874 0)
(0.847965 0.0750494 0)
(0.831646 0.124485 0)
(0.807301 0.172718 0)
(0.775175 0.219285 0)
(0.73558 0.263739 0)
(0.688894 0.305651 0)
(0.635565 0.344618 0)
(0.576104 0.380264 0)
(0.511084 0.412244 0)
(0.44113 0.440248 0)
(0.366913 0.464004 0)
(0.289146 0.483281 0)
(0.208579 0.497891 0)
(0.125968 0.507692 0)
(0.04216 0.512592 0)
(-0.0394741 0.594052 0)
(-0.11795 0.588359 0)
(-0.195308 0.576987 0)
(-0.270754 0.560045 0)
(-0.34358 0.537698 0)
(-0.413081 0.510162 0)
(-0.478591 0.477705 0)
(-0.53948 0.440643 0)
(-0.595162 0.399335 0)
(-0.645102 0.354178 0)
(-0.688819 0.30561 0)
(-0.725894 0.254097 0)
(-0.755974 0.200137 0)
(-0.778766 0.144248 0)
(-0.794039 0.0869671 0)
(-0.801642 0.028845 0)
(-0.801526 -0.0295587 0)
(-0.793712 -0.0876826 0)
(-0.778274 -0.144971 0)
(-0.755354 -0.200872 0)
(-0.725171 -0.254849 0)
(-0.688013 -0.306382 0)
(-0.644236 -0.354974 0)
(-0.594263 -0.400157 0)
(-0.538574 -0.441496 0)
(-0.477705 -0.478591 0)
(-0.412244 -0.511084 0)
(-0.342821 -0.538661 0)
(-0.270105 -0.561055 0)
(-0.194797 -0.578047 0)
(-0.117623 -0.589472 0)
(-0.039342 -0.595219 0)
(0.039342 -0.595219 0)
(0.117623 -0.589472 0)
(0.194797 -0.578047 0)
(0.270105 -0.561055 0)
(0.342821 -0.538661 0)
(0.412244 -0.511084 0)
(0.477705 -0.478591 0)
(0.538574 -0.441496 0)
(0.594263 -0.400157 0)
(0.644236 -0.354974 0)
(0.688013 -0.306382 0)
(0.725171 -0.254849 0)
(0.755354 -0.200872 0)
(0.778274 -0.144971 0)
(0.793712 -0.0876826 0)
(0.801526 -0.0295587 0)
(0.801642 0.028845 0)
(0.794039 0.0869671 0)
(0.778766 0.144248 0)
(0.755974 0.200137 0)
(0.725894 0.254097 0)
(0.688819 0.30561 0)
(0.645102 0.354178 0)
(0.595162 0.399335 0)
(0.53948 0.440643 0)
(0.478591 0.477705 0)
(0.413081 0.510162 0)
(0.34358 0.537698 0)
(0.270754 0.560045 0)
(0.195308 0.576987 0)
(0.11795 0.588359 0)
(0.0394741 0.594052 0)
(-0.0364103 0.669799 0)
(-0.1088 0.663367 0)
(-0.180162 0.650534 0)
(-0.24976 0.631424 0)
(-0.316944 0.606221 0)
(-0.381061 0.57517 0)
(-0.441496 0.538574 0)
(-0.497667 0.496786 0)
(-0.549035 0.450211 0)
(-0.595104 0.399299 0)
(-0.63543 0.344542 0)
(-0.669628 0.286466 0)
(-0.697371 0.225633 0)
(-0.718391 0.162626 0)
(-0.732471 0.0980512 0)
(-0.73947 0.0325295 0)
(-0.739349 -0.0333087 0)
(-0.732133 -0.098831 0)
(-0.717886 -0.163411 0)
(-0.696742 -0.226427 0)
(-0.668899 -0.287273 0)
(-0.634624 -0.345364 0)
(-0.594246 -0.400139 0)
(-0.548152 -0.45107 0)
(-0.496786 -0.497667 0)
(-0.440643 -0.53948 0)
(-0.380264 -0.576104 0)
(-0.31623 -0.607186 0)
(-0.249158 -0.632424 0)
(-0.179693 -0.651574 0)
(-0.108505 -0.664449 0)
(-0.0362913 -0.670925 0)
(0.0362913 -0.670925 0)
(0.108505 -0.664449 0)
(0.179693 -0.651574 0)
(0.249158 -0.632424 0)
(0.31623 -0.607186 0)
(0.380264 -0.576104 0)
(0.440643 -0.53948 0)
(0.496786 -0.497667 0)
(0.548152 -0.45107 0)
(0.594246 -0.400139 0)
(0.634624 -0.345364 0)
(0.668899 -0.287273 0)
(0.696742 -0.226427 0)
(0.717886 -0.163411 0)
(0.732133 -0.098831 0)
(0.739349 -0.0333087 0)
(0.73947 0.0325295 0)
(0.732471 0.0980512 0)
(0.718391 0.162626 0)
(0.697371 0.225633 0)
(0.669628 0.286466 0)
(0.63543 0.344542 0)
(0.595104 0.399299 0)
(0.549035 0.450211 0)
(0.497667 0.496786 0)
(0.441496 0.538574 0)
(0.381061 0.57517 0)
(0.316944 0.606221 0)
(0.24976 0.631424 0)
(0.180162 0.650534 0)
(0.1088 0.663367 0)
(0.0364103 0.669799 0)
(-0.032998 0.739099 0)
(-0.0986074 0.731991 0)
(-0.163287 0.717822 0)
(-0.226369 0.696728 0)
(-0.287264 0.668913 0)
(-0.345379 0.634647 0)
(-0.400157 0.594263 0)
(-0.45107 0.548152 0)
(-0.497629 0.496759 0)
(-0.539383 0.440581 0)
(-0.575931 0.380161 0)
(-0.606922 0.31608 0)
(-0.632061 0.248958 0)
(-0.651104 0.179441 0)
(-0.663854 0.108195 0)
(-0.670179 0.0359058 0)
(-0.670053 -0.0367316 0)
(-0.663502 -0.10902 0)
(-0.650583 -0.180269 0)
(-0.631417 -0.249792 0)
(-0.606183 -0.316922 0)
(-0.575121 -0.38101 0)
(-0.538529 -0.44144 0)
(-0.496759 -0.497629 0)
(-0.450211 -0.549035 0)
(-0.399335 -0.595162 0)
(-0.344618 -0.635565 0)
(-0.286589 -0.669852 0)
(-0.225807 -0.697693 0)
(-0.162855 -0.718816 0)
(-0.0983394 -0.733017 0)
(-0.0328902 -0.740159 0)
(0.0328902 -0.740159 0)
(0.0983394 -0.733017 0)
(0.162855 -0.718816 0)
(0.225807 -0.697693 0)
(0.286589 -0.669852 0)
(0.344618 -0.635565 0)
(0.399335 -0.595162 0)
(0.450211 -0.549035 0)
(0.496759 -0.497629 0)
(0.538529 -0.44144 0)
(0.575121 -0.38101 0)
(0.606183 -0.316922 0)
(0.631417 -0.249792 0)
(0.650583 -0.180269 0)
(0.663502 -0.10902 0)
(0.670053 -0.0367316 0)
(0.670179 0.0359058 0)
(0.663854 0.108195 0)
(0.651104 0.179441 0)
(0.632061 0.248958 0)
(0.606922 0.31608 0)
(0.575931 0.380161 0)
(0.539383 0.440581 0)
(0.497629 0.496759 0)
(0.45107 0.548152 0)
(0.400157 0.594263 0)
(0.345379 0.634647 0)
(0.287264 0.668913 0)
(0.226369 0.696728 0)
(0.163287 0.717822 0)
(0.0986074 0.731991 0)
(0.032998 0.739099 0)
(-0.02927 0.801285 0)
(-0.0874692 0.79357 0)
(-0.144846 0.778202 0)
(-0.200805 0.755328 0)
(-0.254825 0.725169 0)
(-0.30638 0.688019 0)
(-0.354974 0.644236 0)
(-0.400139 0.594246 0)
(-0.44144 0.538529 0)
(-0.478478 0.477626 0)
(-0.510896 0.412124 0)
(-0.538381 0.342655 0)
(-0.560673 0.269891 0)
(-0.577557 0.194532 0)
(-0.588851 0.117302 0)
(-0.594439 0.0389428 0)
(-0.594305 -0.0397929 0)
(-0.588481 -0.11815 0)
(-0.577014 -0.195381 0)
(-0.560011 -0.270742 0)
(-0.537629 -0.343507 0)
(-0.510079 -0.412976 0)
(-0.477626 -0.478478 0)
(-0.440581 -0.539383 0)
(-0.399299 -0.595104 0)
(-0.354178 -0.645102 0)
(-0.305651 -0.688894 0)
(-0.254186 -0.726058 0)
(-0.200278 -0.756233 0)
(-0.144445 -0.779127 0)
(-0.0872239 -0.794518 0)
(-0.0291716 -0.802258 0)
(0.0291716 -0.802258 0)
(0.0872239 -0.794518 0)
(0.144445 -0.779127 0)
(0.200278 -0.756233 0)
(0.254186 -0.726058 0)
(0.305651 -0.688894 0)
(0.354178 -0.645102 0)
(0.399299 -0.595104 0)
(0.440581 -0.539383 0)
(0.477626 -0.478478 0)
(0.510079 -0.412976 0)
(0.537629 -0.343507 0)
(0.560011 -0.270742 0)
(0.577014 -0.195381 0)
(0.588481 -0.11815 0)
(0.594305 -0.0397929 0)
(0.594439 0.0389428 0)
(0.588851 0.117302 0)
(0.577557 0.194532 0)
(0.560673 0.269891 0)
(0.538381 0.342655 0)
(0.510896 0.412124 0)
(0.478478 0.477626 0)
(0.44144 0.538529 0)
(0.400139 0.594246 0)
(0.354974 0.644236 0)
(0.30638 0.688019 0)
(0.254825 0.725169 0)
(0.200805 0.755328 0)
(0.144846 0.778202 0)
(0.0874692 0.79357 0)
(0.02927 0.801285 0)
(-0.025262 0.855756 0)
(-0.0754929 0.84751 0)
(-0.125016 0.831093 0)
(-0.173315 0.80666 0)
(-0.219941 0.774449 0)
(-0.264439 0.734772 0)
(-0.306382 0.688013 0)
(-0.345364 0.634624 0)
(-0.38101 0.575121 0)
(-0.412976 0.510079 0)
(-0.440951 0.440126 0)
(-0.464667 0.365937 0)
(-0.483898 0.288229 0)
(-0.498458 0.207755 0)
(-0.508188 0.125286 0)
(-0.512981 0.0416124 0)
(-0.512837 -0.0424615 0)
(-0.507794 -0.126132 0)
(-0.49789 -0.208601 0)
(-0.483213 -0.289072 0)
(-0.463898 -0.366772 0)
(-0.440126 -0.440951 0)
(-0.412124 -0.510896 0)
(-0.380161 -0.575931 0)
(-0.344542 -0.63543 0)
(-0.30561 -0.688819 0)
(-0.263739 -0.73558 0)
(-0.219332 -0.775263 0)
(-0.172817 -0.807483 0)
(-0.124641 -0.831928 0)
(-0.0752663 -0.848361 0)
(-0.0251716 -0.856625 0)
(0.0251716 -0.856625 0)
(0.0752663 -0.848361 0)
(0.124641 -0.831928 0)
(0.172817 -0.807483 0)
(0.219332 -0.775263 0)
(0.263739 -0.73558 0)
(0.30561 -0.688819 0)
(0.344542 -0.63543 0)
(0.380161 -0.575931 0)
(0.412124 -0.510896 0)
(0.440126 -0.440951 0)
(0.463898 -0.366772 0)
(0.483213 -0.289072 0)
(0.49789 -0.208601 0)
(0.507794 -0.126132 0)
(0.512837 -0.0424615 0)
(0.512981 0.0416124 0)
(0.508188 0.125286 0)
(0.498458 0.207755 0)
(0.483898 0.288229 0)
(0.464667 0.365937 0)
(0.440951 0.440126 0)
(0.412976 0.510079 0)
(0.38101 0.575121 0)
(0.345364 0.634624 0)
(0.306382 0.688013 0)
(0.264439 0.734772 0)
(0.219941 0.774449 0)
(0.173315 0.80666 0)
(0.125016 0.831093 0)
(0.0754929 0.84751 0)
(0.025262 0.855756 0)
(-0.0210125 0.901988 0)
(-0.0627935 0.893292 0)
(-0.103988 0.875984 0)
(-0.144163 0.850228 0)
(-0.182948 0.816276 0)
(-0.219961 0.774455 0)
(-0.254849 0.725171 0)
(-0.287273 0.668899 0)
(-0.316922 0.606183 0)
(-0.343507 0.537629 0)
(-0.366772 0.463898 0)
(-0.38649 0.385702 0)
(-0.402474 0.303799 0)
(-0.414573 0.218984 0)
(-0.422644 0.132071 0)
(-0.426592 0.0438913 0)
(-0.426436 -0.0447093 0)
(-0.422221 -0.132886 0)
(-0.413973 -0.219797 0)
(-0.401764 -0.304603 0)
(-0.385702 -0.38649 0)
(-0.365937 -0.464667 0)
(-0.342655 -0.538381 0)
(-0.31608 -0.606922 0)
(-0.286466 -0.669628 0)
(-0.254097 -0.725894 0)
(-0.219285 -0.775175 0)
(-0.182364 -0.816996 0)
(-0.14369 -0.850952 0)
(-0.103634 -0.876713 0)
(-0.0625822 -0.89403 0)
(-0.0209287 -0.902738 0)
(0.0209287 -0.902738 0)
(0.0625822 -0.89403 0)
(0.103634 -0.876713 0)
(0.14369 -0.850952 0)
(0.182364 -0.816996 0)
(0.219285 -0.775175 0)
(0.254097 -0.725894 0)
(0.286466 -0.669628 0)
(0.31608 -0.606922 0)
(0.342655 -0.538381 0)
(0.365937 -0.464667 0)
(0.385702 -0.38649 0)
(0.401764 -0.304603 0)
(0.413973 -0.219797 0)
(0.422221 -0.132886 0)
(0.426436 -0.0447093 0)
(0.426592 0.0438913 0)
(0.422644 0.132071 0)
(0.414573 0.218984 0)
(0.402474 0.303799 0)
(0.38649 0.385702 0)
(0.366772 0.463898 0)
(0.343507 0.537629 0)
(0.316922 0.606183 0)
(0.287273 0.668899 0)
(0.254849 0.725171 0)
(0.219961 0.774455 0)
(0.182948 0.816276 0)
(0.144163 0.850228 0)
(0.103988 0.875984 0)
(0.0627935 0.893292 0)
(0.0210125 0.901988 0)
(-0.0165622 0.939537 0)
(-0.049493 0.930475 0)
(-0.0819639 0.912444 0)
(-0.11363 0.885615 0)
(-0.1442 0.850249 0)
(-0.173374 0.806689 0)
(-0.200872 0.755354 0)
(-0.226427 0.696742 0)
(-0.249792 0.631417 0)
(-0.270742 0.560011 0)
(-0.289072 0.483213 0)
(-0.304603 0.401764 0)
(-0.317188 0.316453 0)
(-0.326709 0.228112 0)
(-0.333047 0.137593 0)
(-0.336109 0.0457595 0)
(-0.335934 -0.0465107 0)
(-0.332585 -0.138343 0)
(-0.326075 -0.228862 0)
(-0.316453 -0.317188 0)
(-0.303799 -0.402474 0)
(-0.288229 -0.483898 0)
(-0.269891 -0.560673 0)
(-0.248958 -0.632061 0)
(-0.225633 -0.697371 0)
(-0.200137 -0.755974 0)
(-0.172718 -0.807301 0)
(-0.143638 -0.850858 0)
(-0.113177 -0.886222 0)
(-0.0816266 -0.913053 0)
(-0.0492936 -0.931088 0)
(-0.0164838 -0.940157 0)
(0.0164838 -0.940157 0)
(0.0492936 -0.931088 0)
(0.0816266 -0.913053 0)
(0.113177 -0.886222 0)
(0.143638 -0.850858 0)
(0.172718 -0.807301 0)
(0.200137 -0.755974 0)
(0.225633 -0.697371 0)
(0.248958 -0.632061 0)
(0.269891 -0.560673 0)
(0.288229 -0.483898 0)
(0.303799 -0.402474 0)
(0.316453 -0.317188 0)
(0.326075 -0.228862 0)
(0.332585 -0.138343 0)
(0.335934 -0.0465107 0)
(0.336109 0.0457595 0)
(0.333047 0.137593 0)
(0.326709 0.228112 0)
(0.317188 0.316453 0)
(0.304603 0.401764 0)
(0.289072 0.483213 0)
(0.270742 0.560011 0)
(0.249792 0.631417 0)
(0.226427 0.696742 0)
(0.200872 0.755354 0)
(0.173374 0.806689 0)
(0.1442 0.850249 0)
(0.11363 0.885615 0)
(0.0819639 0.912444 0)
(0.049493 0.930475 0)
(0.0165622 0.939537 0)
(-0.0119539 0.968042 0)
(-0.0357195 0.958702 0)
(-0.059156 0.940123 0)
(-0.082009 0.912481 0)
(-0.104073 0.876043 0)
(-0.125127 0.831163 0)
(-0.144971 0.778274 0)
(-0.163411 0.717886 0)
(-0.180269 0.650583 0)
(-0.195381 0.577014 0)
(-0.208601 0.49789 0)
(-0.219797 0.413973 0)
(-0.228862 0.326075 0)
(-0.235713 0.235056 0)
(-0.240261 0.141805 0)
(-0.242404 0.0472066 0)
(-0.242204 -0.0478463 0)
(-0.23976 -0.142457 0)
(-0.235056 -0.235713 0)
(-0.228112 -0.326709 0)
(-0.218984 -0.414573 0)
(-0.207755 -0.498458 0)
(-0.194532 -0.577557 0)
(-0.179441 -0.651104 0)
(-0.162626 -0.718391 0)
(-0.144248 -0.778766 0)
(-0.124485 -0.831646 0)
(-0.103525 -0.87652 0)
(-0.0815709 -0.912954 0)
(-0.0588306 -0.940595 0)
(-0.0355285 -0.959175 0)
(-0.0118795 -0.968517 0)
(0.0118795 -0.968517 0)
(0.0355285 -0.959175 0)
(0.0588306 -0.940595 0)
(0.0815709 -0.912954 0)
(0.103525 -0.87652 0)
(0.124485 -0.831646 0)
(0.144248 -0.778766 0)
(0.162626 -0.718391 0)
(0.179441 -0.651104 0)
(0.194532 -0.577557 0)
(0.207755 -0.498458 0)
(0.218984 -0.414573 0)
(0.228112 -0.326709 0)
(0.235056 -0.235713 0)
(0.23976 -0.142457 0)
(0.242204 -0.0478463 0)
(0.242404 0.0472066 0)
(0.240261 0.141805 0)
(0.235713 0.235056 0)
(0.228862 0.326075 0)
(0.219797 0.413973 0)
(0.208601 0.49789 0)
(0.195381 0.577014 0)
(0.180269 0.650583 0)
(0.163411 0.717886 0)
(0.144971 0.778274 0)
(0.125127 0.831163 0)
(0.104073 0.876043 0)
(0.082009 0.912481 0)
(0.059156 0.940123 0)
(0.0357195 0.958702 0)
(0.0119539 0.968042 0)
(-0.00723195 0.987231 0)
(-0.0216052 0.977705 0)
(-0.0357834 0.958758 0)
(-0.0496051 0.930569 0)
(-0.0629504 0.893412 0)
(-0.0756831 0.847645 0)
(-0.0876826 0.793712 0)
(-0.098831 0.732133 0)
(-0.10902 0.663502 0)
(-0.11815 0.588481 0)
(-0.126132 0.507794 0)
(-0.132886 0.422221 0)
(-0.138343 0.332585 0)
(-0.142457 0.23976 0)
(-0.145172 0.144663 0)
(-0.146389 0.0482096 0)
(-0.146178 -0.0487066 0)
(-0.144663 -0.145172 0)
(-0.141805 -0.240261 0)
(-0.137593 -0.333047 0)
(-0.132071 -0.422644 0)
(-0.125286 -0.508188 0)
(-0.117302 -0.588851 0)
(-0.108195 -0.663854 0)
(-0.0980512 -0.732471 0)
(-0.0869671 -0.794039 0)
(-0.0750494 -0.847965 0)
(-0.062411 -0.893726 0)
(-0.0491757 -0.930879 0)
(-0.0354649 -0.959066 0)
(-0.0214191 -0.978012 0)
(-0.00716009 -0.987539 0)
(0.00716009 -0.987539 0)
(0.0214191 -0.978012 0)
(0.0354649 -0.959066 0)
(0.0491757 -0.930879 0)
(0.062411 -0.893726 0)
(0.0750494 -0.847965 0)
(0.0869671 -0.794039 0)
(0.0980512 -0.732471 0)
(0.108195 -0.663854 0)
(0.117302 -0.588851 0)
(0.125286 -0.508188 0)
(0.132071 -0.422644 0)
(0.137593 -0.333047 0)
(0.141805 -0.240261 0)
(0.144663 -0.145172 0)
(0.146178 -0.0487066 0)
(0.146389 0.0482096 0)
(0.145172 0.144663 0)
(0.142457 0.23976 0)
(0.138343 0.332585 0)
(0.132886 0.422221 0)
(0.126132 0.507794 0)
(0.11815 0.588481 0)
(0.10902 0.663502 0)
(0.098831 0.732133 0)
(0.0876826 0.793712 0)
(0.0756831 0.847645 0)
(0.0629504 0.893412 0)
(0.0496051 0.930569 0)
(0.0357834 0.958758 0)
(0.0216052 0.977705 0)
(0.00723195 0.987231 0)
(-0.00244171 0.996926 0)
(-0.00728589 0.987307 0)
(-0.0120708 0.968175 0)
(-0.0167294 0.939712 0)
(-0.0212289 0.902193 0)
(-0.0255183 0.855983 0)
(-0.0295587 0.801526 0)
(-0.0333087 0.739349 0)
(-0.0367316 0.670053 0)
(-0.0397929 0.594305 0)
(-0.0424615 0.512837 0)
(-0.0447093 0.426436 0)
(-0.0465107 0.335934 0)
(-0.0478463 0.242204 0)
(-0.0487066 0.146178 0)
(-0.0490138 0.0488052 0)
(-0.0488052 -0.0490138 0)
(-0.0482096 -0.146389 0)
(-0.0472066 -0.242404 0)
(-0.0457595 -0.336109 0)
(-0.0438913 -0.426592 0)
(-0.0416124 -0.512981 0)
(-0.0389428 -0.594439 0)
(-0.0359058 -0.670179 0)
(-0.0325295 -0.73947 0)
(-0.028845 -0.801642 0)
(-0.0248874 -0.856096 0)
(-0.0206925 -0.902305 0)
(-0.0163034 -0.939821 0)
(-0.0117549 -0.968284 0)
(-0.00710159 -0.987415 0)
(-0.00237099 -0.997035 0)
(0.00237099 -0.997035 0)
(0.00710159 -0.987415 0)
(0.0117549 -0.968284 0)
(0.0163034 -0.939821 0)
(0.0206925 -0.902305 0)
(0.0248874 -0.856096 0)
(0.028845 -0.801642 0)
(0.0325295 -0.73947 0)
(0.0359058 -0.670179 0)
(0.0389428 -0.594439 0)
(0.0416124 -0.512981 0)
(0.0438913 -0.426592 0)
(0.0457595 -0.336109 0)
(0.0472066 -0.242404 0)
(0.0482096 -0.146389 0)
(0.0488052 -0.0490138 0)
(0.0490138 0.0488052 0)
(0.0487066 0.146178 0)
(0.0478463 0.242204 0)
(0.0465107 0.335934 0)
(0.0447093 0.426436 0)
(0.0424615 0.512837 0)
(0.0397929 0.594305 0)
(0.0367316 0.670053 0)
(0.0333087 0.739349 0)
(0.0295587 0.801526 0)
(0.0255183 0.855983 0)
(0.0212289 0.902193 0)
(0.0167294 0.939712 0)
(0.0120708 0.968175 0)
(0.00728589 0.987307 0)
(0.00244171 0.996926 0)
(0.00237099 0.997035 0)
(0.00710159 0.987415 0)
(0.0117549 0.968284 0)
(0.0163034 0.939821 0)
(0.0206925 0.902305 0)
(0.0248874 0.856096 0)
(0.028845 0.801642 0)
(0.0325295 0.73947 0)
(0.0359058 0.670179 0)
(0.0389428 0.594439 0)
(0.0416124 0.512981 0)
(0.0438913 0.426592 0)
(0.0457595 0.336109 0)
(0.0472066 0.242404 0)
(0.0482096 0.146389 0)
(0.0488052 0.0490138 0)
(0.0490138 -0.0488052 0)
(0.0487066 -0.146178 0)
(0.0478463 -0.242204 0)
(0.0465107 -0.335934 0)
(0.0447093 -0.426436 0)
(0.0424615 -0.512837 0)
(0.0397929 -0.594305 0)
(0.0367316 -0.670053 0)
(0.0333087 -0.739349 0)
(0.0295587 -0.801526 0)
(0.0255183 -0.855983 0)
(0.0212289 -0.902193 0)
(0.0167294 -0.939712 0)
(0.0120708 -0.968175 0)
(0.00728589 -0.987307 0)
(0.00244171 -0.996926 0)
(-0.00244171 -0.996926 0)
(-0.00728589 -0.987307 0)
(-0.0120708 -0.968175 0)
(-0.0167294 -0.939712 0)
(-0.0212289 -0.902193 0)
(-0.0255183 -0.855983 0)
(-0.0295587 -0.801526 0)
(-0.0333087 -0.739349 0)
(-0.0367316 -0.670053 0)
(-0.0397929 -0.594305 0)
(-0.0424615 -0.512837 0)
(-0.0447093 -0.426436 0)
(-0.0465107 -0.335934 0)
(-0.0478463 -0.242204 0)
(-0.0487066 -0.146178 0)
(-0.0490138 -0.0488052 0)
(-0.0488052 0.0490138 0)
(-0.0482096 0.146389 0)
(-0.0472066 0.242404 0)
(-0.0457595 0.336109 0)
(-0.0438913 0.426592 0)
(-0.0416124 0.512981 0)
(-0.0389428 0.594439 0)
(-0.0359058 0.670179 0)
(-0.0325295 0.73947 0)
(-0.028845 0.801642 0)
(-0.0248874 0.856096 0)
(-0.0206925 0.902305 0)
(-0.0163034 0.939821 0)
(-0.0117549 0.968284 0)
(-0.00710159 0.987415 0)
(-0.00237099 0.997035 0)
(0.00716009 0.987539 0)
(0.0214191 0.978012 0)
(0.0354649 0.959066 0)
(0.0491757 0.930879 0)
(0.062411 0.893726 0)
(0.0750494 0.847965 0)
(0.0869671 0.794039 0)
(0.0980512 0.732471 0)
(0.108195 0.663854 0)
(0.117302 0.588851 0)
(0.125286 0.508188 0)
(0.132071 0.422644 0)
(0.137593 0.333047 0)
(0.141805 0.240261 0)
(0.144663 0.145172 0)
(0.146178 0.0487066 0)
(0.146389 -0.0482096 0)
(0.145172 -0.144663 0)
(0.142457 -0.23976 0)
(0.138343 -0.332585 0)
(0.132886 -0.422221 0)
(0.126132 -0.507794 0)
(0.11815 -0.588481 0)
(0.10902 -0.663502 0)
(0.098831 -0.732133 0)
(0.0876826 -0.793712 0)
(0.0756831 -0.847645 0)
(0.0629504 -0.893412 0)
(0.0496051 -0.930569 0)
(0.0357834 -0.958758 0)
(0.0216052 -0.977705 0)
(0.00723195 -0.987231 0)
(-0.00723195 -0.987231 0)
(-0.0216052 -0.977705 0)
(-0.0357834 -0.958758 0)
(-0.0496051 -0.930569 0)
(-0.0629504 -0.893412 0)
(-0.0756831 -0.847645 0)
(-0.0876826 -0.793712 0)
(-0.098831 -0.732133 0)
(-0.10902 -0.663502 0)
(-0.11815 -0.588481 0)
(-0.126132 -0.507794 0)
(-0.132886 -0.422221 0)
(-0.138343 -0.332585 0)
(-0.142457 -0.23976 0)
(-0.145172 -0.144663 0)
(-0.146389 -0.0482096 0)
(-0.146178 0.0487066 0)
(-0.144663 0.145172 0)
(-0.141805 0.240261 0)
(-0.137593 0.333047 0)
(-0.132071 0.422644 0)
(-0.125286 0.508188 0)
(-0.117302 0.588851 0)
(-0.108195 0.663854 0)
(-0.0980512 0.732471 0)
(-0.0869671 0.794039 0)
(-0.0750494 0.847965 0)
(-0.062411 0.893726 0)
(-0.0491757 0.930879 0)
(-0.0354649 0.959066 0)
(-0.0214191 0.978012 0)
(-0.00716009 0.987539 0)
(0.0118795 0.968517 0)
(0.0355285 0.959175 0)
(0.0588306 0.940595 0)
(0.0815709 0.912954 0)
(0.103525 0.87652 0)
(0.124485 0.831646 0)
(0.144248 0.778766 0)
(0.162626 0.718391 0)
(0.179441 0.651104 0)
(0.194532 0.577557 0)
(0.207755 0.498458 0)
(0.218984 0.414573 0)
(0.228112 0.326709 0)
(0.235056 0.235713 0)
(0.23976 0.142457 0)
(0.242204 0.0478463 0)
(0.242404 -0.0472066 0)
(0.240261 -0.141805 0)
(0.235713 -0.235056 0)
(0.228862 -0.326075 0)
(0.219797 -0.413973 0)
(0.208601 -0.49789 0)
(0.195381 -0.577014 0)
(0.180269 -0.650583 0)
(0.163411 -0.717886 0)
(0.144971 -0.778274 0)
(0.125127 -0.831163 0)
(0.104073 -0.876043 0)
(0.082009 -0.912481 0)
(0.059156 -0.940123 0)
(0.0357195 -0.958702 0)
(0.0119539 -0.968042 0)
(-0.0119539 -0.968042 0)
(-0.0357195 -0.958702 0)
(-0.059156 -0.940123 0)
(-0.082009 -0.912481 0)
(-0.104073 -0.876043 0)
(-0.125127 -0.831163 0)
(-0.144971 -0.778274 0)
(-0.163411 -0.717886 0)
(-0.180269 -0.650583 0)
(-0.195381 -0.577014 0)
(-0.208601 -0.49789 0)
(-0.219797 -0.413973 0)
(-0.228862 -0.326075 0)
(-0.235713 -0.235056 0)
(-0.240261 -0.141805 0)
(-0.242404 -0.0472066 0)
(-0.242204 0.0478463 0)
(-0.23976 0.142457 0)
(-0.235056 0.235713 0)
(-0.228112 0.326709 0)
(-0.218984 0.414573 0)
(-0.207755 0.498458 0)
(-0.194532 0.577557 0)
(-0.179441 0.651104 0)
(-0.162626 0.718391 0)
(-0.144248 0.778766 0)
(-0.124485 0.831646 0)
(-0.103525 0.87652 0)
(-0.0815709 0.912954 0)
(-0.0588306 0.940595 0)
(-0.0355285 0.959175 0)
(-0.0118795 0.968517 0)
(0.0164838 0.940157 0)
(0.0492936 0.931088 0)
(0.0816266 0.913053 0)
(0.113177 0.886222 0)
(0.143638 0.850858 0)
(0.172718 0.807301 0)
(0.200137 0.755974 0)
(0.225633 0.697371 0)
(0.248958 0.632061 0)
(0.269891 0.560673 0)
(0.288229 0.483898 0)
(0.303799 0.402474 0)
(0.316453 0.317188 0)
(0.326075 0.228862 0)
(0.332585 0.138343 0)
(0.335934 0.0465107 0)
(0.336109 -0.0457595 0)
(0.333047 -0.137593 0)
(0.326709 -0.228112 0)
(0.317188 -0.316453 0)
(0.304603 -0.401764 0)
(0.289072 -0.483213 0)
(0.270742 -0.560011 0)
(0.249792 -0.631417 0)
(0.226427 -0.696742 0)
(0.200872 -0.755354 0)
(0.173374 -0.806689 0)
(0.1442 -0.850249 0)
(0.11363 -0.885615 0)
(0.0819639 -0.912444 0)
(0.049493 -0.930475 0)
(0.0165622 -0.939537 0)
(-0.0165622 -0.939537 0)
(-0.049493 -0.930475 0)
(-0.0819639 -0.912444 0)
(-0.11363 -0.885615 0)
(-0.1442 -0.850249 0)
(-0.173374 -0.806689 0)
(-0.200872 -0.755354 0)
(-0.226427 -0.696742 0)
(-0.249792 -0.631417 0)
(-0.270742 -0.560011 0)
(-0.289072 -0.483213 0)
(-0.304603 -0.401764 0)
(-0.317188 -0.316453 0)
(-0.326709 -0.228112 0)
(-0.333047 -0.137593 0)
(-0.336109 -0.0457595 0)
(-0.335934 0.0465107 0)
(-0.332585 0.138343 0)
(-0.326075 0.228862 0)
(-0.316453 0.317188 0)
(-0.303799 0.402474 0)
(-0.288229 0.483898 0)
(-0.269891 0.560673 0)
(-0.248958 0.632061 0)
(-0.225633 0.697371 0)
(-0.200137 0.755974 0)
(-0.172718 0.807301 0)
(-0.143638 0.850858 0)
(-0.113177 0.886222 0)
(-0.0816266 0.913053 0)
(-0.0492936 0.931088 0)
(-0.0164838 0.940157 0)
(0.0209287 0.902738 0)
(0.0625822 0.89403 0)
(0.103634 0.876713 0)
(0.14369 0.850952 0)
(0.182364 0.816996 0)
(0.219285 0.775175 0)
(0.254097 0.725894 0)
(0.286466 0.669628 0)
(0.31608 0.606922 0)
(0.342655 0.538381 0)
(0.365937 0.464667 0)
(0.385702 0.38649 0)
(0.401764 0.304603 0)
(0.413973 0.219797 0)
(0.422221 0.132886 0)
(0.426436 0.0447093 0)
(0.426592 -0.0438913 0)
(0.422644 -0.132071 0)
(0.414573 -0.218984 0)
(0.402474 -0.303799 0)
(0.38649 -0.385702 0)
(0.366772 -0.463898 0)
(0.343507 -0.537629 0)
(0.316922 -0.606183 0)
(0.287273 -0.668899 0)
(0.254849 -0.725171 0)
(0.219961 -0.774455 0)
(0.182948 -0.816276 0)
(0.144163 -0.850228 0)
(0.103988 -0.875984 0)
(0.0627935 -0.893292 0)
(0.0210125 -0.901988 0)
(-0.0210125 -0.901988 0)
(-0.0627935 -0.893292 0)
(-0.103988 -0.875984 0)
(-0.144163 -0.850228 0)
(-0.182948 -0.816276 0)
(-0.219961 -0.774455 0)
(-0.254849 -0.725171 0)
(-0.287273 -0.668899 0)
(-0.316922 -0.606183 0)
(-0.343507 -0.537629 0)
(-0.366772 -0.463898 0)
(-0.38649 -0.385702 0)
(-0.402474 -0.303799 0)
(-0.414573 -0.218984 0)
(-0.422644 -0.132071 0)
(-0.426592 -0.0438913 0)
(-0.426436 0.0447093 0)
(-0.422221 0.132886 0)
(-0.413973 0.219797 0)
(-0.401764 0.304603 0)
(-0.385702 0.38649 0)
(-0.365937 0.464667 0)
(-0.342655 0.538381 0)
(-0.31608 0.606922 0)
(-0.286466 0.669628 0)
(-0.254097 0.725894 0)
(-0.219285 0.775175 0)
(-0.182364 0.816996 0)
(-0.14369 0.850952 0)
(-0.103634 0.876713 0)
(-0.0625822 0.89403 0)
(-0.0209287 0.902738 0)
(0.0251716 0.856625 0)
(0.0752663 0.848361 0)
(0.124641 0.831928 0)
(0.172817 0.807483 0)
(0.219332 0.775263 0)
(0.263739 0.73558 0)
(0.30561 0.688819 0)
(0.344542 0.63543 0)
(0.380161 0.575931 0)
(0.412124 0.510896 0)
(0.440126 0.440951 0)
(0.463898 0.366772 0)
(0.483213 0.289072 0)
(0.49789 0.208601 0)
(0.507794 0.126132 0)
(0.512837 0.0424615 0)
(0.512981 -0.0416124 0)
(0.508188 -0.125286 0)
(0.498458 -0.207755 0)
(0.483898 -0.288229 0)
(0.464667 -0.365937 0)
(0.440951 -0.440126 0)
(0.412976 -0.510079 0)
(0.38101 -0.575121 0)
(0.345364 -0.634624 0)
(0.306382 -0.688013 0)
(0.264439 -0.734772 0)
(0.219941 -0.774449 0)
(0.173315 -0.80666 0)
(0.125016 -0.831093 0)
(0.0754929 -0.84751 0)
(0.025262 -0.855756 0)
(-0.025262 -0.855756 0)
(-0.0754929 -0.84751 0)
(-0.125016 -0.831093 0)
(-0.173315 -0.80666 0)
(-0.219941 -0.774449 0)
(-0.264439 -0.734772 0)
(-0.306382 -0.688013 0)
(-0.345364 -0.634624 0)
(-0.38101 -0.575121 0)
(-0.412976 -0.510079 0)
(-0.440951 -0.440126 0)
(-0.464667 -0.365937 0)
(-0.483898 -0.288229 0)
(-0.498458 -0.207755 0)
(-0.508188 -0.125286 0)
(-0.512981 -0.0416124 0)
(-0.512837 0.0424615 0)
(-0.507794 0.126132 0)
(-0.49789 0.208601 0)
(-0.483213 0.289072 0)
(-0.463898 0.366772 0)
(-0.440126 0.440951 0)
(-0.412124 0.510896 0)
(-0.380161 0.575931 0)
(-0.344542 0.63543 0)
(-0.30561 0.688819 0)
(-0.263739 0.73558 0)
(-0.219332 0.775263 0)
(-0.172817 0.807483 0)
(-0.124641 0.831928 0)
(-0.0752663 0.848361 0)
(-0.0251716 0.856625 0)
(0.0291716 0.802258 0)
(0.0872239 0.794518 0)
(0.144445 0.779127 0)
(0.200278 0.756233 0)
(0.254186 0.726058 0)
(0.305651 0.688894 0)
(0.354178 0.645102 0)
(0.399299 0.595104 0)
(0.440581 0.539383 0)
(0.477626 0.478478 0)
(0.510079 0.412976 0)
(0.537629 0.343507 0)
(0.560011 0.270742 0)
(0.577014 0.195381 0)
(0.588481 0.11815 0)
(0.594305 0.0397929 0)
(0.594439 -0.0389428 0)
(0.588851 -0.117302 0)
(0.577557 -0.194532 0)
(0.560673 -0.269891 0)
(0.538381 -0.342655 0)
(0.510896 -0.412124 0)
(0.478478 -0.477626 0)
(0.44144 -0.538529 0)
(0.400139 -0.594246 0)
(0.354974 -0.644236 0)
(0.30638 -0.688019 0)
(0.254825 -0.725169 0)
(0.200805 -0.755328 0)
(0.144846 -0.778202 0)
(0.0874692 -0.79357 0)
(0.02927 -0.801285 0)
(-0.02927 -0.801285 0)
(-0.0874692 -0.79357 0)
(-0.144846 -0.778202 0)
(-0.200805 -0.755328 0)
(-0.254825 -0.725169 0)
(-0.30638 -0.688019 0)
(-0.354974 -0.644236 0)
(-0.400139 -0.594246 0)
(-0.44144 -0.538529 0)
(-0.478478 -0.477626 0)
(-0.510896 -0.412124 0)
(-0.538381 -0.342655 0)
(-0.560673 -0.269891 0)
(-0.577557 -0.194532 0)
(-0.588851 -0.117302 0)
(-0.594439 -0.0389428 0)
(-0.594305 0.0397929 0)
(-0.588481 0.11815 0)
(-0.577014 0.195381 0)
(-0.560011 0.270742 0)
(-0.537629 0.343507 0)
(-0.510079 0.412976 0)
(-0.477626 0.478478 0)
(-0.440581 0.539383 0)
(-0.399299 0.595104 0)
(-0.354178 0.645102 0)
(-0.305651 0.688894 0)
(-0.254186 0.726058 0)
(-0.200278 0.756233 0)
(-0.144445 0.779127 0)
(-0.0872239 0.794518 0)
(-0.0291716 0.802258 0)
(0.0328902 0.740159 0)
(0.0983394 0.733017 0)
(0.162855 0.718816 0)
(0.225807 0.697693 0)
(0.286589 0.669852 0)
(0.344618 0.635565 0)
(0.399335 0.595162 0)
(0.450211 0.549035 0)
(0.496759 0.497629 0)
(0.538529 0.44144 0)
(0.575121 0.38101 0)
(0.606183 0.316922 0)
(0.631417 0.249792 0)
(0.650583 0.180269 0)
(0.663502 0.10902 0)
(0.670053 0.0367316 0)
(0.670179 -0.0359058 0)
(0.663854 -0.108195 0)
(0.651104 -0.179441 0)
(0.632061 -0.248958 0)
(0.606922 -0.31608 0)
(0.575931 -0.380161 0)
(0.539383 -0.440581 0)
(0.497629 -0.496759 0)
(0.45107 -0.548152 0)
(0.400157 -0.594263 0)
(0.345379 -0.634647 0)
(0.287264 -0.668913 0)
(0.226369 -0.696728 0)
(0.163287 -0.717822 0)
(0.0986074 -0.731991 0)
(0.032998 -0.739099 0)
(-0.032998 -0.739099 0)
(-0.0986074 -0.731991 0)
(-0.163287 -0.717822 0)
(-0.226369 -0.696728 0)
(-0.287264 -0.668913 0)
(-0.345379 -0.634647 0)
(-0.400157 -0.594263 0)
(-0.45107 -0.548152 0)
(-0.497629 -0.496759 0)
(-0.539383 -0.440581 0)
(-0.575931 -0.380161 0)
(-0.606922 -0.31608 0)
(-0.632061 -0.248958 0)
(-0.651104 -0.179441 0)
(-0.663854 -0.108195 0)
(-0.670179 -0.0359058 0)
(-0.670053 0.0367316 0)
(-0.663502 0.10902 0)
(-0.650583 0.180269 0)
(-0.631417 0.249792 0)
(-0.606183 0.316922 0)
(-0.575121 0.38101 0)
(-0.538529 0.44144 0)
(-0.496759 0.497629 0)
(-0.450211 0.549035 0)
(-0.399335 0.595162 0)
(-0.344618 0.635565 0)
(-0.286589 0.669852 0)
(-0.225807 0.697693 0)
(-0.162855 0.718816 0)
(-0.0983394 0.733017 0)
(-0.0328902 0.740159 0)
(0.0362913 0.670925 0)
(0.108505 0.664449 0)
(0.179693 0.651574 0)
(0.249158 0.632424 0)
(0.31623 0.607186 0)
(0.380264 0.576104 0)
(0.440643 0.53948 0)
(0.496786 0.497667 0)
(0.548152 0.45107 0)
(0.594246 0.400139 0)
(0.634624 0.345364 0)
(0.668899 0.287273 0)
(0.696742 0.226427 0)
(0.717886 0.163411 0)
(0.732133 0.098831 0)
(0.739349 0.0333087 0)
(0.73947 -0.0325295 0)
(0.732471 -0.0980512 0)
(0.718391 -0.162626 0)
(0.697371 -0.225633 0)
(0.669628 -0.286466 0)
(0.63543 -0.344542 0)
(0.595104 -0.399299 0)
(0.549035 -0.450211 0)
(0.497667 -0.496786 0)
(0.441496 -0.538574 0)
(0.381061 -0.57517 0)
(0.316944 -0.606221 0)
(0.24976 -0.631424 0)
(0.180162 -0.650534 0)
(0.1088 -0.663367 0)
(0.0364103 -0.669799 0)
(-0.0364103 -0.669799 0)
(-0.1088 -0.663367 0)
(-0.180162 -0.650534 0)
(-0.24976 -0.631424 0)
(-0.316944 -0.606221 0)
(-0.381061 -0.57517 0)
(-0.441496 -0.538574 0)
(-0.497667 -0.496786 0)
(-0.549035 -0.450211 0)
(-0.595104 -0.399299 0)
(-0.63543 -0.344542 0)
(-0.669628 -0.286466 0)
(-0.697371 -0.225633 0)
(-0.718391 -0.162626 0)
(-0.732471 -0.0980512 0)
(-0.73947 -0.0325295 0)
(-0.739349 0.0333087 0)
(-0.732133 0.098831 0)
(-0.717886 0.163411 0)
(-0.696742 0.226427 0)
(-0.668899 0.287273 0)
(-0.634624 0.345364 0)
(-0.594246 0.400139 0)
(-0.548152 0.45107 0)
(-0.496786 0.497667 0)
(-0.440643 0.53948 0)
(-0.380264 0.576104 0)
(-0.31623 0.607186 0)
(-0.249158 0.632424 0)
(-0.179693 0.651574 0)
(-0.108505 0.664449 0)
(-0.0362913 0.670925 0)
(0.039342 0.595219 0)
(0.117623 0.589472 0)
(0.194797 0.578047 0)
(0.270105 0.561055 0)
(0.342821 0.538661 0)
(0.412244 0.511084 0)
(0.477705 0.478591 0)
(0.538574 0.441496 0)
(0.594263 0.400157 0)
(0.644236 0.354974 0)
(0.688013 0.306382 0)
(0.725171 0.254849 0)
(0.755354 0.200872 0)
(0.778274 0.144971 0)
(0.793712 0.0876826 0)
(0.801526 0.0295587 0)
(0.801642 -0.028845 0)
(0.794039 -0.0869671 0)
(0.778766 -0.144248 0)
(0.755974 -0.200137 0)
(0.725894 -0.254097 0)
(0.688819 -0.30561 0)
(0.645102 -0.354178 0)
(0.595162 -0.399335 0)
(0.53948 -0.440643 0)
(0.478591 -0.477705 0)
(0.413081 -0.510162 0)
(0.34358 -0.537698 0)
(0.270754 -0.560045 0)
(0.195308 -0.576987 0)
(0.11795 -0.588359 0)
(0.0394741 -0.594052 0)
(-0.0394741 -0.594052 0)
(-0.11795 -0.588359 0)
(-0.195308 -0.576987 0)
(-0.270754 -0.560045 0)
(-0.34358 -0.537698 0)
(-0.413081 -0.510162 0)
(-0.478591 -0.477705 0)
(-0.53948 -0.440643 0)
(-0.595162 -0.399335 0)
(-0.645102 -0.354178 0)
(-0.688819 -0.30561 0)
(-0.725894 -0.254097 0)
(-0.755974 -0.200137 0)
(-0.778766 -0.144248 0)
(-0.794039 -0.0869671 0)
(-0.801642 -0.028845 0)
(-0.801526 0.0295587 0)
(-0.793712 0.0876826 0)
(-0.778274 0.144971 0)
(-0.755354 0.200872 0)
(-0.725171 0.254849 0)
(-0.688013 0.306382 0)
(-0.644236 0.354974 0)
(-0.594263 0.400157 0)
(-0.538574 0.441496 0)
(-0.477705 0.478591 0)
(-0.412244 0.511084 0)
(-0.342821 0.538661 0)
(-0.270105 0.561055 0)
(-0.194797 0.578047 0)
(-0.117623 0.589472 0)
(-0.039342 0.595219 0)
(0.0420122 0.513769 0)
(0.125604 0.508806 0)
(0.208019 0.49894 0)
(0.288445 0.484269 0)
(0.366104 0.464937 0)
(0.440248 0.44113 0)
(0.510162 0.413081 0)
(0.57517 0.381061 0)
(0.634647 0.345379 0)
(0.688019 0.30638 0)
(0.734772 0.264439 0)
(0.774455 0.219961 0)
(0.806689 0.173374 0)
(0.831163 0.125127 0)
(0.847645 0.0756831 0)
(0.855983 0.0255183 0)
(0.856096 -0.0248874 0)
(0.847965 -0.0750494 0)
(0.831646 -0.124485 0)
(0.807301 -0.172718 0)
(0.775175 -0.219285 0)
(0.73558 -0.263739 0)
(0.688894 -0.305651 0)
(0.635565 -0.344618 0)
(0.576104 -0.380264 0)
(0.511084 -0.412244 0)
(0.44113 -0.440248 0)
(0.366913 -0.464004 0)
(0.289146 -0.483281 0)
(0.208579 -0.497891 0)
(0.125968 -0.507692 0)
(0.04216 -0.512592 0)
(-0.04216 -0.512592 0)
(-0.125968 -0.507692 0)
(-0.208579 -0.497891 0)
(-0.289146 -0.483281 0)
(-0.366913 -0.464004 0)
(-0.44113 -0.440248 0)
(-0.511084 -0.412244 0)
(-0.576104 -0.380264 0)
(-0.635565 -0.344618 0)
(-0.688894 -0.305651 0)
(-0.73558 -0.263739 0)
(-0.775175 -0.219285 0)
(-0.807301 -0.172718 0)
(-0.831646 -0.124485 0)
(-0.847965 -0.0750494 0)
(-0.856096 -0.0248874 0)
(-0.855983 0.0255183 0)
(-0.847645 0.0756831 0)
(-0.831163 0.125127 0)
(-0.806689 0.173374 0)
(-0.774455 0.219961 0)
(-0.734772 0.264439 0)
(-0.688019 0.30638 0)
(-0.634647 0.345379 0)
(-0.57517 0.381061 0)
(-0.510162 0.413081 0)
(-0.440248 0.44113 0)
(-0.366104 0.464937 0)
(-0.288445 0.484269 0)
(-0.208019 0.49894 0)
(-0.125604 0.508806 0)
(-0.0420122 0.513769 0)
(0.0442751 0.427354 0)
(0.132368 0.423224 0)
(0.219229 0.415013 0)
(0.303998 0.402805 0)
(0.385853 0.386719 0)
(0.464004 0.366913 0)
(0.537698 0.34358 0)
(0.606221 0.316944 0)
(0.668913 0.287264 0)
(0.725169 0.254825 0)
(0.774449 0.219941 0)
(0.816276 0.182948 0)
(0.850249 0.1442 0)
(0.876043 0.104073 0)
(0.893412 0.0629504 0)
(0.902193 0.0212289 0)
(0.902305 -0.0206925 0)
(0.893726 -0.062411 0)
(0.87652 -0.103525 0)
(0.850858 -0.143638 0)
(0.816996 -0.182364 0)
(0.775263 -0.219332 0)
(0.726058 -0.254186 0)
(0.669852 -0.286589 0)
(0.607186 -0.31623 0)
(0.538661 -0.342821 0)
(0.464937 -0.366104 0)
(0.386719 -0.385853 0)
(0.304759 -0.401875 0)
(0.219846 -0.414011 0)
(0.132778 -0.422148 0)
(0.0444422 -0.426209 0)
(-0.0444422 -0.426209 0)
(-0.132778 -0.422148 0)
(-0.219846 -0.414011 0)
(-0.304759 -0.401875 0)
(-0.386719 -0.385853 0)
(-0.464937 -0.366104 0)
(-0.538661 -0.342821 0)
(-0.607186 -0.31623 0)
(-0.669852 -0.286589 0)
(-0.726058 -0.254186 0)
(-0.775263 -0.219332 0)
(-0.816996 -0.182364 0)
(-0.850858 -0.143638 0)
(-0.87652 -0.103525 0)
(-0.893726 -0.062411 0)
(-0.902305 -0.0206925 0)
(-0.902193 0.0212289 0)
(-0.893412 0.0629504 0)
(-0.876043 0.104073 0)
(-0.850249 0.1442 0)
(-0.816276 0.182948 0)
(-0.774449 0.219941 0)
(-0.725169 0.254825 0)
(-0.668913 0.287264 0)
(-0.606221 0.316944 0)
(-0.537698 0.34358 0)
(-0.464004 0.366913 0)
(-0.385853 0.386719 0)
(-0.303998 0.402805 0)
(-0.219229 0.415013 0)
(-0.132368 0.423224 0)
(-0.0442751 0.427354 0)
(0.0461075 0.336802 0)
(0.137847 0.333544 0)
(0.228315 0.327068 0)
(0.316611 0.317441 0)
(0.401875 0.304759 0)
(0.483281 0.289146 0)
(0.560045 0.270754 0)
(0.631424 0.24976 0)
(0.696728 0.226369 0)
(0.755328 0.200805 0)
(0.80666 0.173315 0)
(0.850228 0.144163 0)
(0.885615 0.11363 0)
(0.912481 0.082009 0)
(0.930569 0.0496051 0)
(0.939712 0.0167294 0)
(0.939821 -0.0163034 0)
(0.930879 -0.0491757 0)
(0.912954 -0.0815709 0)
(0.886222 -0.113177 0)
(0.850952 -0.14369 0)
(0.807483 -0.172817 0)
(0.756233 -0.200278 0)
(0.697693 -0.225807 0)
(0.632424 -0.249158 0)
(0.561055 -0.270105 0)
(0.484269 -0.288445 0)
(0.402805 -0.303998 0)
(0.317441 -0.316611 0)
(0.229 -0.32616 0)
(0.138313 -0.332556 0)
(0.0462984 -0.335739 0)
(-0.0462984 -0.335739 0)
(-0.138313 -0.332556 0)
(-0.229 -0.32616 0)
(-0.317441 -0.316611 0)
(-0.402805 -0.303998 0)
(-0.484269 -0.288445 0)
(-0.561055 -0.270105 0)
(-0.632424 -0.249158 0)
(-0.697693 -0.225807 0)
(-0.756233 -0.200278 0)
(-0.807483 -0.172817 0)
(-0.850952 -0.14369 0)
(-0.886222 -0.113177 0)
(-0.912954 -0.0815709 0)
(-0.930879 -0.0491757 0)
(-0.939821 -0.0163034 0)
(-0.939712 0.0167294 0)
(-0.930569 0.0496051 0)
(-0.912481 0.082009 0)
(-0.885615 0.11363 0)
(-0.850228 0.144163 0)
(-0.80666 0.173315 0)
(-0.755328 0.200805 0)
(-0.696728 0.226369 0)
(-0.631424 0.24976 0)
(-0.560045 0.270754 0)
(-0.483281 0.289146 0)
(-0.401875 0.304759 0)
(-0.316611 0.317441 0)
(-0.228315 0.327068 0)
(-0.137847 0.333544 0)
(-0.0461075 0.336802 0)
(0.0474907 0.242982 0)
(0.141987 0.240629 0)
(0.235188 0.235951 0)
(0.32616 0.229 0)
(0.414011 0.219846 0)
(0.497891 0.208579 0)
(0.576987 0.195308 0)
(0.650534 0.180162 0)
(0.717822 0.163287 0)
(0.778202 0.144846 0)
(0.831093 0.125016 0)
(0.875984 0.103988 0)
(0.912444 0.0819639 0)
(0.940123 0.059156 0)
(0.958758 0.0357834 0)
(0.968175 0.0120708 0)
(0.968284 -0.0117549 0)
(0.959066 -0.0354649 0)
(0.940595 -0.0588306 0)
(0.913053 -0.0816266 0)
(0.876713 -0.103634 0)
(0.831928 -0.124641 0)
(0.779127 -0.144445 0)
(0.718816 -0.162855 0)
(0.651574 -0.179693 0)
(0.578047 -0.194797 0)
(0.49894 -0.208019 0)
(0.415013 -0.219229 0)
(0.327068 -0.228315 0)
(0.235951 -0.235188 0)
(0.142518 -0.239784 0)
(0.0477104 -0.242064 0)
(-0.0477104 -0.242064 0)
(-0.142518 -0.239784 0)
(-0.235951 -0.235188 0)
(-0.327068 -0.228315 0)
(-0.415013 -0.219229 0)
(-0.49894 -0.208019 0)
(-0.578047 -0.194797 0)
(-0.651574 -0.179693 0)
(-0.718816 -0.162855 0)
(-0.779127 -0.144445 0)
(-0.831928 -0.124641 0)
(-0.876713 -0.103634 0)
(-0.913053 -0.0816266 0)
(-0.940595 -0.0588306 0)
(-0.959066 -0.0354649 0)
(-0.968284 -0.0117549 0)
(-0.968175 0.0120708 0)
(-0.958758 0.0357834 0)
(-0.940123 0.059156 0)
(-0.912444 0.0819639 0)
(-0.875984 0.103988 0)
(-0.831093 0.125016 0)
(-0.778202 0.144846 0)
(-0.717822 0.163287 0)
(-0.650534 0.180162 0)
(-0.576987 0.195308 0)
(-0.497891 0.208579 0)
(-0.414011 0.219846 0)
(-0.32616 0.229 0)
(-0.235188 0.235951 0)
(-0.141987 0.240629 0)
(-0.0474907 0.242982 0)
(0.0484121 0.146777 0)
(0.144751 0.145351 0)
(0.239784 0.142518 0)
(0.332556 0.138313 0)
(0.422148 0.132778 0)
(0.507692 0.125968 0)
(0.588359 0.11795 0)
(0.663367 0.1088 0)
(0.731991 0.0986074 0)
(0.79357 0.0874692 0)
(0.84751 0.0754929 0)
(0.893292 0.0627935 0)
(0.930475 0.049493 0)
(0.958702 0.0357195 0)
(0.977705 0.0216052 0)
(0.987307 0.00728589 0)
(0.987415 -0.00710159 0)
(0.978012 -0.0214191 0)
(0.959175 -0.0355285 0)
(0.931088 -0.0492936 0)
(0.89403 -0.0625822 0)
(0.848361 -0.0752663 0)
(0.794518 -0.0872239 0)
(0.733017 -0.0983394 0)
(0.664449 -0.108505 0)
(0.589472 -0.117623 0)
(0.508806 -0.125604 0)
(0.423224 -0.132368 0)
(0.333544 -0.137847 0)
(0.240629 -0.141987 0)
(0.145351 -0.144751 0)
(0.0486632 -0.146116 0)
(-0.0486632 -0.146116 0)
(-0.145351 -0.144751 0)
(-0.240629 -0.141987 0)
(-0.333544 -0.137847 0)
(-0.423224 -0.132368 0)
(-0.508806 -0.125604 0)
(-0.589472 -0.117623 0)
(-0.664449 -0.108505 0)
(-0.733017 -0.0983394 0)
(-0.794518 -0.0872239 0)
(-0.848361 -0.0752663 0)
(-0.89403 -0.0625822 0)
(-0.931088 -0.0492936 0)
(-0.959175 -0.0355285 0)
(-0.978012 -0.0214191 0)
(-0.987415 -0.00710159 0)
(-0.987307 0.00728589 0)
(-0.977705 0.0216052 0)
(-0.958702 0.0357195 0)
(-0.930475 0.049493 0)
(-0.893292 0.0627935 0)
(-0.84751 0.0754929 0)
(-0.79357 0.0874692 0)
(-0.731991 0.0986074 0)
(-0.663367 0.1088 0)
(-0.588359 0.11795 0)
(-0.507692 0.125968 0)
(-0.422148 0.132778 0)
(-0.332556 0.138313 0)
(-0.239784 0.142518 0)
(-0.144751 0.145351 0)
(-0.0484121 0.146777 0)
(0.0488651 0.0491439 0)
(0.146116 0.0486632 0)
(0.242064 0.0477104 0)
(0.335739 0.0462984 0)
(0.426209 0.0444422 0)
(0.512592 0.04216 0)
(0.594052 0.0394741 0)
(0.669799 0.0364103 0)
(0.739099 0.032998 0)
(0.801285 0.02927 0)
(0.855756 0.025262 0)
(0.901988 0.0210125 0)
(0.939537 0.0165622 0)
(0.968042 0.0119539 0)
(0.987231 0.00723195 0)
(0.996926 0.00244171 0)
(0.997035 -0.00237099 0)
(0.987539 -0.00716009 0)
(0.968517 -0.0118795 0)
(0.940157 -0.0164838 0)
(0.902738 -0.0209287 0)
(0.856625 -0.0251716 0)
(0.802258 -0.0291716 0)
(0.740159 -0.0328902 0)
(0.670925 -0.0362913 0)
(0.595219 -0.039342 0)
(0.513769 -0.0420122 0)
(0.427354 -0.0442751 0)
(0.336802 -0.0461075 0)
(0.242982 -0.0474907 0)
(0.146777 -0.0484121 0)
(0.0491439 -0.0488651 0)
(-0.0491439 -0.0488651 0)
(-0.146777 -0.0484121 0)
(-0.242982 -0.0474907 0)
(-0.336802 -0.0461075 0)
(-0.427354 -0.0442751 0)
(-0.513769 -0.0420122 0)
(-0.595219 -0.039342 0)
(-0.670925 -0.0362913 0)
(-0.740159 -0.0328902 0)
(-0.802258 -0.0291716 0)
(-0.856625 -0.0251716 0)
(-0.902738 -0.0209287 0)
(-0.940157 -0.0164838 0)
(-0.968517 -0.0118795 0)
(-0.987539 -0.00716009 0)
(-0.997035 -0.00237099 0)
(-0.996926 0.00244171 0)
(-0.987231 0.00723195 0)
(-0.968042 0.0119539 0)
(-0.939537 0.0165622 0)
(-0.901988 0.0210125 0)
(-0.855756 0.025262 0)
(-0.801285 0.02927 0)
(-0.739099 0.032998 0)
(-0.669799 0.0364103 0)
(-0.594052 0.0394741 0)
(-0.512592 0.04216 0)
(-0.426209 0.0444422 0)
(-0.335739 0.0462984 0)
(-0.242064 0.0477104 0)
(-0.146116 0.0486632 0)
(-0.0488651 0.0491439 0)
)
;

boundaryField
{
    top
    {
        type            cyclic;
    }
    bottom
    {
        type            cyclic;
    }
    left
    {
        type            cyclic;
    }
    right
    {
        type            cyclic;
    }
    frontAndBack
    {
        type            empty;
    }
}


// ************************************************************************* //
