/*--------------------------------*- C++ -*----------------------------------*\
  =========                 |
  \\      /  F ield         | OpenFOAM: The Open Source CFD Toolbox
   \\    /   O peration     | Website:  https://openfoam.org
    \\  /    A nd           | Version:  11
     \\/     M anipulation  |
\*---------------------------------------------------------------------------*/
FoamFile
{
    format      ascii;
    class       volScalarField;
    location    "10";
    object      p;
}
// * * * * * * * * * * * * * * * * * * * * * * * * * * * * * * * * * * * * * //

dimensions      [0 2 -2 0 0 0 0];

internalField   nonuniform List<scalar> 
4096
(
8.25627e-10
-0.00943353
-0.0279953
-0.0549725
-0.0893243
-0.12973
-0.174634
-0.222305
-0.270908
-0.318573
-0.363469
-0.403874
-0.438238
-0.465248
-0.483871
-0.493401
-0.49348
-0.48409
-0.465568
-0.43863
-0.404321
-0.363958
-0.319087
-0.271427
-0.222811
-0.175108
-0.130153
-0.089678
-0.0552436
-0.0281766
-0.0095251
6.03373e-09
6.04804e-09
-0.0095251
-0.0281766
-0.0552436
-0.089678
-0.130153
-0.175108
-0.222811
-0.271427
-0.319087
-0.363958
-0.404321
-0.43863
-0.465568
-0.48409
-0.49348
-0.493401
-0.483871
-0.465248
-0.438238
-0.403874
-0.363469
-0.318573
-0.270908
-0.222305
-0.174634
-0.12973
-0.0893243
-0.0549725
-0.0279953
-0.00943353
9.98718e-10
-0.00952511
-0.0189621
-0.0375262
-0.0645042
-0.0988556
-0.13926
-0.18416
-0.231827
-0.280424
-0.328082
-0.372971
-0.413369
-0.447726
-0.474729
-0.493347
-0.502873
-0.50295
-0.493559
-0.475037
-0.4481
-0.413792
-0.373429
-0.328558
-0.280898
-0.23228
-0.184573
-0.139614
-0.099133
-0.0646922
-0.0376188
-0.0189621
-0.00943352
-0.00943352
-0.0189621
-0.0376188
-0.0646922
-0.099133
-0.139614
-0.184573
-0.23228
-0.280898
-0.328558
-0.373429
-0.413792
-0.4481
-0.475037
-0.493559
-0.50295
-0.502873
-0.493347
-0.474729
-0.447726
-0.413369
-0.372971
-0.328082
-0.280424
-0.231827
-0.18416
-0.13926
-0.0988556
-0.0645042
-0.0375262
-0.0189621
-0.00952511
-0.0281766
-0.0376188
-0.056187
-0.083167
-0.117519
-0.157921
-0.202818
-0.250478
-0.299066
-0.346714
-0.391591
-0.431976
-0.466322
-0.493315
-0.511924
-0.521444
-0.521518
-0.512128
-0.493608
-0.466673
-0.432369
-0.39201
-0.347143
-0.299485
-0.250868
-0.20316
-0.158198
-0.117712
-0.083266
-0.056187
-0.0375262
-0.0279953
-0.0279953
-0.0375262
-0.056187
-0.083266
-0.117712
-0.158198
-0.20316
-0.250868
-0.299485
-0.347143
-0.39201
-0.432369
-0.466673
-0.493608
-0.512128
-0.521518
-0.521444
-0.511924
-0.493315
-0.466322
-0.431976
-0.391591
-0.346714
-0.299066
-0.250478
-0.202818
-0.157921
-0.117519
-0.083167
-0.056187
-0.0376188
-0.0281766
-0.0552436
-0.0646922
-0.083266
-0.11025
-0.144603
-0.185004
-0.229895
-0.277545
-0.326121
-0.373754
-0.418614
-0.458982
-0.493311
-0.520288
-0.538886
-0.548397
-0.548468
-0.539077
-0.520559
-0.49363
-0.459333
-0.418982
-0.374122
-0.32647
-0.277857
-0.230151
-0.185188
-0.1447
-0.11025
-0.083167
-0.0645042
-0.0549725
-0.0549725
-0.0645042
-0.083167
-0.11025
-0.1447
-0.185188
-0.230151
-0.277857
-0.32647
-0.374122
-0.418982
-0.459333
-0.49363
-0.520559
-0.539077
-0.548468
-0.548397
-0.538886
-0.520288
-0.493311
-0.458982
-0.418614
-0.373754
-0.326121
-0.277545
-0.229895
-0.185004
-0.144603
-0.11025
-0.083266
-0.0646922
-0.0552436
-0.089678
-0.099133
-0.117712
-0.1447
-0.179054
-0.219451
-0.264334
-0.311972
-0.360531
-0.408144
-0.452983
-0.493328
-0.527635
-0.554593
-0.573174
-0.582675
-0.582741
-0.573352
-0.55484
-0.527919
-0.493632
-0.453294
-0.408446
-0.360805
-0.312201
-0.264501
-0.219541
-0.179054
-0.144603
-0.117519
-0.0988556
-0.0893243
-0.0893243
-0.0988556
-0.117519
-0.144603
-0.179054
-0.219541
-0.264501
-0.312201
-0.360805
-0.408446
-0.453294
-0.493632
-0.527919
-0.55484
-0.573352
-0.582741
-0.582675
-0.573174
-0.554593
-0.527635
-0.493328
-0.452983
-0.408144
-0.360531
-0.311972
-0.264334
-0.219451
-0.179054
-0.1447
-0.117712
-0.099133
-0.089678
-0.130153
-0.139614
-0.158198
-0.185188
-0.219541
-0.259933
-0.304805
-0.352427
-0.400965
-0.448554
-0.493367
-0.533685
-0.567965
-0.5949
-0.613462
-0.622951
-0.623013
-0.613626
-0.59512
-0.568211
-0.53394
-0.493619
-0.448788
-0.401163
-0.352573
-0.304884
-0.259933
-0.219451
-0.185004
-0.157921
-0.13926
-0.12973
-0.12973
-0.13926
-0.157921
-0.185004
-0.219451
-0.259933
-0.304884
-0.352573
-0.401163
-0.448788
-0.493619
-0.53394
-0.568211
-0.59512
-0.613626
-0.623013
-0.622951
-0.613462
-0.5949
-0.567965
-0.533685
-0.493367
-0.448554
-0.400965
-0.352427
-0.304805
-0.259933
-0.219541
-0.185188
-0.158198
-0.139614
-0.130153
-0.175108
-0.184573
-0.20316
-0.230151
-0.264501
-0.304884
-0.349742
-0.397344
-0.445859
-0.49342
-0.538202
-0.578489
-0.612739
-0.639646
-0.658186
-0.66766
-0.667717
-0.658334
-0.639839
-0.612945
-0.578694
-0.538396
-0.493587
-0.445984
-0.397413
-0.349742
-0.304805
-0.264334
-0.229895
-0.202818
-0.18416
-0.174634
-0.174634
-0.18416
-0.202818
-0.229895
-0.264334
-0.304805
-0.349742
-0.397413
-0.445984
-0.493587
-0.538396
-0.578694
-0.612945
-0.639839
-0.658334
-0.667717
-0.66766
-0.658186
-0.639646
-0.612739
-0.578489
-0.538202
-0.49342
-0.445859
-0.397344
-0.349742
-0.304884
-0.264501
-0.230151
-0.20316
-0.184573
-0.175108
-0.222811
-0.23228
-0.250868
-0.277857
-0.312201
-0.352573
-0.397413
-0.444993
-0.493481
-0.54101
-0.585758
-0.626009
-0.660225
-0.6871
-0.705615
-0.715073
-0.715125
-0.705747
-0.687265
-0.660392
-0.626166
-0.585895
-0.541115
-0.493539
-0.444993
-0.397344
-0.352427
-0.311972
-0.277545
-0.250478
-0.231827
-0.222305
-0.222305
-0.231827
-0.250478
-0.277545
-0.311972
-0.352427
-0.397344
-0.444993
-0.493539
-0.541115
-0.585895
-0.626166
-0.660392
-0.687265
-0.705747
-0.715125
-0.715073
-0.705615
-0.6871
-0.660225
-0.626009
-0.585758
-0.54101
-0.493481
-0.444993
-0.397413
-0.352573
-0.312201
-0.277857
-0.250868
-0.23228
-0.222811
-0.271427
-0.280898
-0.299485
-0.32647
-0.360805
-0.401163
-0.445984
-0.493539
-0.541996
-0.589491
-0.634201
-0.674413
-0.708589
-0.735429
-0.753915
-0.763355
-0.763402
-0.754031
-0.735567
-0.708719
-0.674524
-0.634286
-0.58954
-0.541996
-0.493481
-0.445859
-0.400965
-0.360531
-0.326121
-0.299066
-0.280424
-0.270908
-0.270908
-0.280424
-0.299066
-0.326121
-0.360531
-0.400965
-0.445859
-0.493481
-0.541996
-0.58954
-0.634286
-0.674524
-0.708719
-0.735567
-0.754031
-0.763402
-0.763355
-0.753915
-0.735429
-0.708589
-0.674413
-0.634201
-0.589491
-0.541996
-0.493539
-0.445984
-0.401163
-0.360805
-0.32647
-0.299485
-0.280898
-0.271427
-0.319087
-0.328558
-0.347143
-0.374122
-0.408446
-0.448788
-0.493587
-0.541115
-0.58954
-0.636998
-0.681667
-0.721836
-0.755969
-0.782768
-0.801221
-0.81064
-0.810682
-0.801322
-0.782879
-0.756062
-0.721904
-0.681706
-0.636998
-0.589491
-0.54101
-0.49342
-0.448554
-0.408144
-0.373754
-0.346714
-0.328082
-0.318573
-0.318573
-0.328082
-0.346714
-0.373754
-0.408144
-0.448554
-0.49342
-0.54101
-0.589491
-0.636998
-0.681706
-0.721904
-0.756062
-0.782879
-0.801322
-0.810682
-0.81064
-0.801221
-0.782768
-0.755969
-0.721836
-0.681667
-0.636998
-0.58954
-0.541115
-0.493587
-0.448788
-0.408446
-0.374122
-0.347143
-0.328558
-0.319087
-0.363958
-0.373429
-0.39201
-0.418982
-0.453294
-0.493619
-0.538396
-0.585895
-0.634286
-0.681706
-0.726332
-0.766455
-0.800541
-0.827296
-0.845712
-0.855107
-0.855143
-0.845796
-0.82738
-0.800601
-0.766486
-0.726332
-0.681667
-0.634201
-0.585758
-0.538202
-0.493367
-0.452983
-0.418614
-0.391591
-0.372971
-0.363469
-0.363469
-0.372971
-0.391591
-0.418614
-0.452983
-0.493367
-0.538202
-0.585758
-0.634201
-0.681667
-0.726332
-0.766486
-0.800601
-0.82738
-0.845796
-0.855143
-0.855107
-0.845712
-0.827296
-0.800541
-0.766455
-0.726332
-0.681706
-0.634286
-0.585895
-0.538396
-0.493619
-0.453294
-0.418982
-0.39201
-0.373429
-0.363958
-0.404321
-0.413792
-0.432369
-0.459333
-0.493632
-0.53394
-0.578694
-0.626166
-0.674524
-0.721904
-0.766486
-0.80656
-0.840596
-0.867303
-0.885677
-0.895045
-0.895075
-0.885744
-0.867361
-0.840626
-0.80656
-0.766455
-0.721836
-0.674413
-0.626009
-0.578489
-0.533685
-0.493328
-0.458982
-0.431976
-0.413369
-0.403874
-0.403874
-0.413369
-0.431976
-0.458982
-0.493328
-0.533685
-0.578489
-0.626009
-0.674413
-0.721836
-0.766455
-0.80656
-0.840626
-0.867361
-0.885744
-0.895075
-0.895045
-0.885677
-0.867303
-0.840596
-0.80656
-0.766486
-0.721904
-0.674524
-0.626166
-0.578694
-0.53394
-0.493632
-0.459333
-0.432369
-0.413792
-0.404321
-0.43863
-0.4481
-0.466673
-0.49363
-0.527919
-0.568211
-0.612945
-0.660392
-0.708719
-0.756062
-0.800601
-0.840626
-0.874608
-0.901261
-0.919589
-0.928925
-0.928949
-0.919639
-0.901294
-0.874608
-0.840596
-0.800541
-0.755969
-0.708589
-0.660225
-0.612739
-0.567965
-0.527635
-0.493311
-0.466322
-0.447726
-0.438238
-0.438238
-0.447726
-0.466322
-0.493311
-0.527635
-0.567965
-0.612739
-0.660225
-0.708589
-0.755969
-0.800541
-0.840596
-0.874608
-0.901294
-0.919639
-0.928949
-0.928925
-0.919589
-0.901261
-0.874608
-0.840626
-0.800601
-0.756062
-0.708719
-0.660392
-0.612945
-0.568211
-0.527919
-0.49363
-0.466673
-0.4481
-0.43863
-0.465568
-0.475037
-0.493608
-0.520559
-0.55484
-0.59512
-0.639839
-0.687265
-0.735567
-0.782879
-0.82738
-0.867361
-0.901294
-0.927893
-0.946167
-0.955465
-0.955481
-0.946194
-0.927893
-0.901261
-0.867303
-0.827296
-0.782768
-0.735429
-0.6871
-0.639646
-0.5949
-0.554593
-0.520288
-0.493315
-0.474729
-0.465248
-0.465248
-0.474729
-0.493315
-0.520288
-0.554593
-0.5949
-0.639646
-0.6871
-0.735429
-0.782768
-0.827296
-0.867303
-0.901261
-0.927893
-0.946194
-0.955481
-0.955465
-0.946167
-0.927893
-0.901294
-0.867361
-0.82738
-0.782879
-0.735567
-0.687265
-0.639839
-0.59512
-0.55484
-0.520559
-0.493608
-0.475037
-0.465568
-0.48409
-0.493559
-0.512128
-0.539077
-0.573352
-0.613626
-0.658334
-0.705747
-0.754031
-0.801322
-0.845796
-0.885744
-0.919639
-0.946194
-0.964425
-0.973686
-0.97369
-0.964425
-0.946167
-0.919589
-0.885677
-0.845712
-0.801221
-0.753915
-0.705615
-0.658186
-0.613462
-0.573174
-0.538886
-0.511924
-0.493347
-0.483871
-0.483871
-0.493347
-0.511924
-0.538886
-0.573174
-0.613462
-0.658186
-0.705615
-0.753915
-0.801221
-0.845712
-0.885677
-0.919589
-0.946167
-0.964425
-0.97369
-0.973686
-0.964425
-0.946194
-0.919639
-0.885744
-0.845796
-0.801322
-0.754031
-0.705747
-0.658334
-0.613626
-0.573352
-0.539077
-0.512128
-0.493559
-0.48409
-0.49348
-0.50295
-0.521518
-0.548468
-0.582742
-0.623013
-0.667717
-0.715125
-0.763402
-0.810682
-0.855143
-0.895075
-0.928949
-0.955481
-0.97369
-0.982935
-0.982935
-0.973686
-0.955465
-0.928925
-0.895045
-0.855107
-0.81064
-0.763355
-0.715073
-0.66766
-0.622951
-0.582675
-0.548397
-0.521444
-0.502873
-0.493401
-0.493401
-0.502873
-0.521444
-0.548397
-0.582675
-0.622951
-0.66766
-0.715073
-0.763355
-0.81064
-0.855107
-0.895045
-0.928925
-0.955465
-0.973686
-0.982935
-0.982935
-0.97369
-0.955481
-0.928949
-0.895075
-0.855143
-0.810682
-0.763402
-0.715125
-0.667717
-0.623013
-0.582741
-0.548468
-0.521518
-0.50295
-0.49348
-0.493401
-0.502873
-0.521444
-0.548397
-0.582675
-0.622951
-0.66766
-0.715073
-0.763355
-0.81064
-0.855107
-0.895045
-0.928925
-0.955465
-0.973686
-0.982935
-0.982935
-0.97369
-0.955481
-0.928949
-0.895075
-0.855143
-0.810682
-0.763402
-0.715125
-0.667717
-0.623013
-0.582741
-0.548468
-0.521518
-0.50295
-0.49348
-0.49348
-0.50295
-0.521518
-0.548468
-0.582741
-0.623013
-0.667717
-0.715125
-0.763402
-0.810682
-0.855143
-0.895075
-0.928949
-0.955481
-0.97369
-0.982935
-0.982935
-0.973686
-0.955465
-0.928925
-0.895045
-0.855107
-0.81064
-0.763355
-0.715073
-0.66766
-0.622951
-0.582675
-0.548397
-0.521444
-0.502873
-0.493401
-0.483871
-0.493347
-0.511924
-0.538886
-0.573174
-0.613462
-0.658186
-0.705615
-0.753915
-0.801221
-0.845712
-0.885677
-0.919589
-0.946167
-0.964425
-0.97369
-0.973686
-0.964425
-0.946194
-0.919639
-0.885744
-0.845796
-0.801322
-0.754031
-0.705747
-0.658334
-0.613626
-0.573352
-0.539077
-0.512128
-0.493559
-0.48409
-0.48409
-0.493559
-0.512128
-0.539077
-0.573352
-0.613626
-0.658334
-0.705747
-0.754031
-0.801322
-0.845796
-0.885744
-0.919639
-0.946194
-0.964425
-0.973686
-0.97369
-0.964425
-0.946167
-0.919589
-0.885677
-0.845712
-0.801221
-0.753915
-0.705615
-0.658186
-0.613462
-0.573174
-0.538886
-0.511924
-0.493347
-0.483871
-0.465248
-0.474729
-0.493315
-0.520288
-0.554593
-0.5949
-0.639646
-0.6871
-0.735429
-0.782768
-0.827296
-0.867303
-0.901261
-0.927893
-0.946194
-0.955481
-0.955465
-0.946167
-0.927893
-0.901294
-0.867361
-0.82738
-0.782879
-0.735567
-0.687265
-0.639839
-0.59512
-0.55484
-0.520559
-0.493608
-0.475037
-0.465568
-0.465568
-0.475037
-0.493608
-0.520559
-0.55484
-0.59512
-0.639839
-0.687265
-0.735567
-0.782879
-0.82738
-0.867361
-0.901294
-0.927893
-0.946167
-0.955465
-0.955481
-0.946194
-0.927893
-0.901261
-0.867303
-0.827296
-0.782768
-0.735429
-0.6871
-0.639646
-0.5949
-0.554593
-0.520288
-0.493315
-0.474729
-0.465248
-0.438238
-0.447726
-0.466322
-0.493311
-0.527635
-0.567965
-0.612739
-0.660225
-0.708589
-0.755969
-0.800541
-0.840596
-0.874608
-0.901294
-0.919639
-0.928949
-0.928925
-0.919589
-0.901261
-0.874608
-0.840626
-0.800601
-0.756062
-0.708719
-0.660392
-0.612945
-0.568211
-0.527919
-0.49363
-0.466673
-0.4481
-0.43863
-0.43863
-0.4481
-0.466673
-0.49363
-0.527919
-0.568211
-0.612945
-0.660392
-0.708719
-0.756062
-0.800601
-0.840626
-0.874608
-0.901261
-0.919589
-0.928925
-0.928949
-0.919639
-0.901294
-0.874608
-0.840596
-0.800541
-0.755969
-0.708589
-0.660225
-0.612739
-0.567965
-0.527635
-0.493311
-0.466322
-0.447726
-0.438238
-0.403874
-0.413369
-0.431976
-0.458982
-0.493328
-0.533685
-0.578489
-0.626009
-0.674413
-0.721836
-0.766455
-0.80656
-0.840626
-0.867361
-0.885744
-0.895075
-0.895045
-0.885677
-0.867303
-0.840596
-0.80656
-0.766486
-0.721904
-0.674524
-0.626166
-0.578694
-0.53394
-0.493632
-0.459333
-0.432369
-0.413792
-0.404321
-0.404321
-0.413792
-0.432369
-0.459333
-0.493632
-0.53394
-0.578694
-0.626166
-0.674524
-0.721904
-0.766486
-0.80656
-0.840596
-0.867303
-0.885677
-0.895045
-0.895075
-0.885744
-0.867361
-0.840626
-0.80656
-0.766455
-0.721836
-0.674413
-0.626009
-0.578489
-0.533685
-0.493328
-0.458982
-0.431976
-0.413369
-0.403874
-0.363469
-0.372971
-0.391591
-0.418614
-0.452983
-0.493367
-0.538202
-0.585758
-0.634201
-0.681667
-0.726332
-0.766486
-0.800601
-0.82738
-0.845796
-0.855143
-0.855107
-0.845712
-0.827296
-0.800541
-0.766455
-0.726332
-0.681706
-0.634286
-0.585895
-0.538396
-0.493619
-0.453294
-0.418982
-0.39201
-0.373429
-0.363958
-0.363958
-0.373429
-0.39201
-0.418982
-0.453294
-0.493619
-0.538396
-0.585895
-0.634286
-0.681706
-0.726332
-0.766455
-0.800541
-0.827296
-0.845712
-0.855107
-0.855143
-0.845796
-0.82738
-0.800601
-0.766486
-0.726332
-0.681667
-0.634201
-0.585758
-0.538202
-0.493367
-0.452983
-0.418614
-0.391591
-0.372971
-0.363469
-0.318573
-0.328082
-0.346714
-0.373754
-0.408144
-0.448554
-0.49342
-0.54101
-0.589491
-0.636998
-0.681706
-0.721904
-0.756062
-0.782879
-0.801322
-0.810682
-0.81064
-0.801221
-0.782768
-0.755969
-0.721836
-0.681667
-0.636998
-0.58954
-0.541115
-0.493587
-0.448788
-0.408446
-0.374122
-0.347143
-0.328558
-0.319087
-0.319087
-0.328558
-0.347143
-0.374122
-0.408446
-0.448788
-0.493587
-0.541115
-0.58954
-0.636998
-0.681667
-0.721836
-0.755969
-0.782768
-0.801221
-0.81064
-0.810682
-0.801322
-0.782879
-0.756062
-0.721904
-0.681706
-0.636998
-0.589491
-0.54101
-0.49342
-0.448554
-0.408144
-0.373754
-0.346714
-0.328082
-0.318573
-0.270908
-0.280424
-0.299066
-0.326121
-0.360531
-0.400965
-0.445859
-0.493481
-0.541996
-0.58954
-0.634286
-0.674524
-0.708719
-0.735567
-0.754031
-0.763402
-0.763355
-0.753915
-0.735429
-0.708589
-0.674413
-0.634201
-0.589491
-0.541996
-0.493539
-0.445984
-0.401163
-0.360805
-0.32647
-0.299485
-0.280898
-0.271427
-0.271427
-0.280898
-0.299485
-0.32647
-0.360805
-0.401163
-0.445984
-0.493539
-0.541996
-0.589491
-0.634201
-0.674413
-0.708589
-0.735429
-0.753915
-0.763355
-0.763402
-0.754031
-0.735567
-0.708719
-0.674524
-0.634286
-0.58954
-0.541996
-0.493481
-0.445859
-0.400965
-0.360531
-0.326121
-0.299066
-0.280424
-0.270908
-0.222305
-0.231827
-0.250478
-0.277545
-0.311972
-0.352427
-0.397344
-0.444993
-0.493539
-0.541115
-0.585895
-0.626166
-0.660392
-0.687265
-0.705747
-0.715125
-0.715073
-0.705615
-0.6871
-0.660225
-0.626009
-0.585758
-0.54101
-0.493481
-0.444993
-0.397413
-0.352573
-0.312201
-0.277857
-0.250868
-0.23228
-0.222811
-0.222811
-0.23228
-0.250868
-0.277857
-0.312201
-0.352573
-0.397413
-0.444993
-0.493481
-0.54101
-0.585758
-0.626009
-0.660225
-0.6871
-0.705615
-0.715073
-0.715125
-0.705747
-0.687265
-0.660392
-0.626166
-0.585895
-0.541115
-0.493539
-0.444993
-0.397344
-0.352427
-0.311972
-0.277545
-0.250478
-0.231827
-0.222305
-0.174634
-0.18416
-0.202818
-0.229895
-0.264334
-0.304805
-0.349742
-0.397413
-0.445984
-0.493587
-0.538396
-0.578694
-0.612945
-0.639839
-0.658334
-0.667717
-0.66766
-0.658186
-0.639646
-0.612739
-0.578489
-0.538202
-0.49342
-0.445859
-0.397344
-0.349742
-0.304884
-0.264501
-0.230151
-0.20316
-0.184573
-0.175108
-0.175108
-0.184573
-0.20316
-0.230151
-0.264501
-0.304884
-0.349742
-0.397344
-0.445859
-0.49342
-0.538202
-0.578489
-0.612739
-0.639646
-0.658186
-0.66766
-0.667717
-0.658334
-0.639839
-0.612945
-0.578694
-0.538396
-0.493587
-0.445984
-0.397413
-0.349742
-0.304805
-0.264334
-0.229895
-0.202818
-0.18416
-0.174634
-0.12973
-0.13926
-0.157921
-0.185004
-0.219451
-0.259933
-0.304884
-0.352573
-0.401163
-0.448788
-0.493619
-0.53394
-0.568211
-0.59512
-0.613626
-0.623013
-0.622951
-0.613462
-0.5949
-0.567965
-0.533685
-0.493367
-0.448554
-0.400965
-0.352427
-0.304805
-0.259933
-0.219541
-0.185188
-0.158198
-0.139614
-0.130153
-0.130153
-0.139614
-0.158198
-0.185188
-0.219541
-0.259933
-0.304805
-0.352427
-0.400965
-0.448554
-0.493367
-0.533685
-0.567965
-0.5949
-0.613462
-0.622951
-0.623013
-0.613626
-0.59512
-0.568211
-0.53394
-0.493619
-0.448788
-0.401163
-0.352573
-0.304884
-0.259933
-0.219451
-0.185004
-0.157921
-0.13926
-0.12973
-0.0893243
-0.0988556
-0.117519
-0.144603
-0.179054
-0.219541
-0.264501
-0.312201
-0.360805
-0.408446
-0.453294
-0.493632
-0.527919
-0.55484
-0.573352
-0.582742
-0.582675
-0.573174
-0.554593
-0.527635
-0.493328
-0.452983
-0.408144
-0.360531
-0.311972
-0.264334
-0.219451
-0.179054
-0.1447
-0.117712
-0.099133
-0.089678
-0.089678
-0.099133
-0.117712
-0.1447
-0.179054
-0.219451
-0.264334
-0.311972
-0.360531
-0.408144
-0.452983
-0.493328
-0.527635
-0.554593
-0.573174
-0.582675
-0.582742
-0.573352
-0.55484
-0.527919
-0.493632
-0.453294
-0.408446
-0.360805
-0.312201
-0.264501
-0.219541
-0.179054
-0.144603
-0.117519
-0.0988556
-0.0893243
-0.0549725
-0.0645042
-0.083167
-0.11025
-0.1447
-0.185188
-0.230151
-0.277857
-0.32647
-0.374122
-0.418982
-0.459333
-0.49363
-0.520559
-0.539077
-0.548468
-0.548397
-0.538886
-0.520288
-0.493311
-0.458982
-0.418614
-0.373754
-0.326121
-0.277545
-0.229895
-0.185004
-0.144603
-0.11025
-0.083266
-0.0646922
-0.0552436
-0.0552436
-0.0646922
-0.083266
-0.11025
-0.144603
-0.185004
-0.229895
-0.277545
-0.326121
-0.373754
-0.418614
-0.458982
-0.493311
-0.520288
-0.538886
-0.548397
-0.548468
-0.539077
-0.520559
-0.49363
-0.459333
-0.418982
-0.374122
-0.32647
-0.277857
-0.230151
-0.185188
-0.1447
-0.11025
-0.083167
-0.0645042
-0.0549725
-0.0279953
-0.0375262
-0.056187
-0.083266
-0.117712
-0.158198
-0.20316
-0.250868
-0.299485
-0.347143
-0.39201
-0.432369
-0.466673
-0.493608
-0.512128
-0.521518
-0.521444
-0.511924
-0.493315
-0.466322
-0.431976
-0.391591
-0.346714
-0.299066
-0.250478
-0.202818
-0.157921
-0.117519
-0.083167
-0.056187
-0.0376188
-0.0281766
-0.0281766
-0.0376188
-0.056187
-0.083167
-0.117519
-0.157921
-0.202818
-0.250478
-0.299066
-0.346714
-0.391591
-0.431976
-0.466322
-0.493315
-0.511924
-0.521444
-0.521518
-0.512128
-0.493608
-0.466673
-0.432369
-0.39201
-0.347143
-0.299485
-0.250868
-0.20316
-0.158198
-0.117712
-0.083266
-0.056187
-0.0375262
-0.0279953
-0.00943353
-0.0189621
-0.0376188
-0.0646922
-0.099133
-0.139614
-0.184573
-0.23228
-0.280898
-0.328558
-0.373429
-0.413792
-0.4481
-0.475037
-0.493559
-0.50295
-0.502873
-0.493347
-0.474729
-0.447726
-0.413369
-0.372971
-0.328082
-0.280424
-0.231827
-0.18416
-0.13926
-0.0988556
-0.0645042
-0.0375262
-0.0189621
-0.00952511
-0.00952511
-0.0189621
-0.0375262
-0.0645042
-0.0988556
-0.13926
-0.18416
-0.231827
-0.280424
-0.328082
-0.372971
-0.413369
-0.447726
-0.474729
-0.493347
-0.502873
-0.50295
-0.493559
-0.475037
-0.4481
-0.413792
-0.373429
-0.328558
-0.280898
-0.23228
-0.184573
-0.139614
-0.099133
-0.0646922
-0.0376188
-0.0189621
-0.00943353
-4.20323e-09
-0.00952511
-0.0281766
-0.0552436
-0.089678
-0.130153
-0.175108
-0.222811
-0.271427
-0.319087
-0.363958
-0.404321
-0.43863
-0.465568
-0.48409
-0.49348
-0.493401
-0.483871
-0.465248
-0.438238
-0.403874
-0.363469
-0.318573
-0.270908
-0.222305
-0.174634
-0.12973
-0.0893243
-0.0549725
-0.0279953
-0.00943353
9.34632e-10
9.27106e-10
-0.00943353
-0.0279953
-0.0549725
-0.0893243
-0.12973
-0.174634
-0.222305
-0.270908
-0.318573
-0.363469
-0.403874
-0.438238
-0.465248
-0.483871
-0.493401
-0.49348
-0.48409
-0.465568
-0.43863
-0.404321
-0.363958
-0.319087
-0.271427
-0.222811
-0.175108
-0.130153
-0.089678
-0.0552436
-0.0281766
-0.00952511
-4.67906e-09
-4.28871e-09
-0.00952511
-0.0281766
-0.0552436
-0.089678
-0.130153
-0.175108
-0.222811
-0.271427
-0.319087
-0.363958
-0.404321
-0.43863
-0.465568
-0.48409
-0.49348
-0.493401
-0.483871
-0.465248
-0.438238
-0.403874
-0.363469
-0.318573
-0.270908
-0.222305
-0.174634
-0.12973
-0.0893243
-0.0549725
-0.0279953
-0.00943353
9.13845e-10
9.01515e-10
-0.00943353
-0.0279953
-0.0549725
-0.0893243
-0.12973
-0.174634
-0.222305
-0.270908
-0.318573
-0.363469
-0.403874
-0.438238
-0.465248
-0.483871
-0.493401
-0.49348
-0.48409
-0.465568
-0.43863
-0.404321
-0.363958
-0.319087
-0.271427
-0.222811
-0.175108
-0.130153
-0.089678
-0.0552436
-0.0281766
-0.00952511
-4.60082e-09
-0.00943353
-0.0189621
-0.0376188
-0.0646922
-0.099133
-0.139614
-0.184573
-0.23228
-0.280898
-0.328558
-0.373429
-0.413792
-0.4481
-0.475037
-0.493559
-0.50295
-0.502873
-0.493347
-0.474729
-0.447726
-0.413369
-0.372971
-0.328082
-0.280424
-0.231827
-0.18416
-0.13926
-0.0988556
-0.0645042
-0.0375262
-0.0189621
-0.00952511
-0.00952511
-0.0189621
-0.0375262
-0.0645042
-0.0988556
-0.13926
-0.18416
-0.231827
-0.280424
-0.328082
-0.372971
-0.413369
-0.447726
-0.474729
-0.493347
-0.502873
-0.50295
-0.493559
-0.475037
-0.4481
-0.413792
-0.373429
-0.328558
-0.280898
-0.23228
-0.184573
-0.139614
-0.099133
-0.0646922
-0.0376188
-0.0189621
-0.00943353
-0.0279953
-0.0375262
-0.056187
-0.083266
-0.117712
-0.158198
-0.20316
-0.250868
-0.299485
-0.347143
-0.39201
-0.432369
-0.466673
-0.493608
-0.512128
-0.521518
-0.521444
-0.511924
-0.493315
-0.466322
-0.431976
-0.391591
-0.346714
-0.299066
-0.250478
-0.202818
-0.157921
-0.117519
-0.083167
-0.056187
-0.0376188
-0.0281766
-0.0281766
-0.0376188
-0.056187
-0.083167
-0.117519
-0.157921
-0.202818
-0.250478
-0.299066
-0.346714
-0.391591
-0.431976
-0.466322
-0.493315
-0.511924
-0.521444
-0.521518
-0.512128
-0.493608
-0.466673
-0.432369
-0.39201
-0.347143
-0.299485
-0.250868
-0.20316
-0.158198
-0.117712
-0.083266
-0.056187
-0.0375262
-0.0279953
-0.0549725
-0.0645042
-0.083167
-0.11025
-0.1447
-0.185188
-0.230151
-0.277857
-0.32647
-0.374122
-0.418982
-0.459333
-0.49363
-0.520559
-0.539077
-0.548468
-0.548397
-0.538886
-0.520288
-0.493311
-0.458982
-0.418614
-0.373754
-0.326121
-0.277545
-0.229895
-0.185004
-0.144603
-0.11025
-0.083266
-0.0646922
-0.0552436
-0.0552436
-0.0646922
-0.083266
-0.11025
-0.144603
-0.185004
-0.229895
-0.277545
-0.326121
-0.373754
-0.418614
-0.458982
-0.493311
-0.520288
-0.538886
-0.548397
-0.548468
-0.539077
-0.520559
-0.49363
-0.459333
-0.418982
-0.374122
-0.32647
-0.277857
-0.230151
-0.185188
-0.1447
-0.11025
-0.083167
-0.0645042
-0.0549725
-0.0893243
-0.0988556
-0.117519
-0.144603
-0.179054
-0.219541
-0.264501
-0.312201
-0.360805
-0.408446
-0.453294
-0.493632
-0.527919
-0.55484
-0.573352
-0.582742
-0.582675
-0.573174
-0.554593
-0.527635
-0.493328
-0.452983
-0.408144
-0.360531
-0.311972
-0.264334
-0.219451
-0.179054
-0.1447
-0.117712
-0.099133
-0.089678
-0.089678
-0.099133
-0.117712
-0.1447
-0.179054
-0.219451
-0.264334
-0.311972
-0.360531
-0.408144
-0.452983
-0.493328
-0.527635
-0.554593
-0.573174
-0.582675
-0.582742
-0.573352
-0.55484
-0.527919
-0.493632
-0.453294
-0.408446
-0.360805
-0.312201
-0.264501
-0.219541
-0.179054
-0.144603
-0.117519
-0.0988556
-0.0893243
-0.12973
-0.13926
-0.157921
-0.185004
-0.219451
-0.259933
-0.304884
-0.352573
-0.401163
-0.448788
-0.493619
-0.53394
-0.568211
-0.59512
-0.613626
-0.623013
-0.622951
-0.613462
-0.5949
-0.567965
-0.533685
-0.493367
-0.448554
-0.400965
-0.352427
-0.304805
-0.259933
-0.219541
-0.185188
-0.158198
-0.139614
-0.130153
-0.130153
-0.139614
-0.158198
-0.185188
-0.219541
-0.259933
-0.304805
-0.352427
-0.400965
-0.448554
-0.493367
-0.533685
-0.567965
-0.5949
-0.613462
-0.622951
-0.623013
-0.613626
-0.59512
-0.568211
-0.53394
-0.493619
-0.448788
-0.401163
-0.352573
-0.304884
-0.259933
-0.219451
-0.185004
-0.157921
-0.13926
-0.12973
-0.174634
-0.18416
-0.202818
-0.229895
-0.264334
-0.304805
-0.349742
-0.397413
-0.445984
-0.493587
-0.538396
-0.578694
-0.612945
-0.639839
-0.658334
-0.667717
-0.66766
-0.658186
-0.639646
-0.612739
-0.578489
-0.538202
-0.49342
-0.445859
-0.397344
-0.349742
-0.304884
-0.264501
-0.230151
-0.20316
-0.184573
-0.175108
-0.175108
-0.184573
-0.20316
-0.230151
-0.264501
-0.304884
-0.349742
-0.397344
-0.445859
-0.49342
-0.538202
-0.578489
-0.612739
-0.639646
-0.658186
-0.66766
-0.667717
-0.658334
-0.639839
-0.612945
-0.578694
-0.538396
-0.493587
-0.445984
-0.397413
-0.349742
-0.304805
-0.264334
-0.229895
-0.202818
-0.18416
-0.174634
-0.222305
-0.231827
-0.250478
-0.277545
-0.311972
-0.352427
-0.397344
-0.444993
-0.493539
-0.541115
-0.585895
-0.626166
-0.660392
-0.687265
-0.705747
-0.715125
-0.715073
-0.705615
-0.6871
-0.660225
-0.626009
-0.585758
-0.54101
-0.493481
-0.444993
-0.397413
-0.352573
-0.312201
-0.277857
-0.250868
-0.23228
-0.222811
-0.222811
-0.23228
-0.250868
-0.277857
-0.312201
-0.352573
-0.397413
-0.444993
-0.493481
-0.54101
-0.585758
-0.626009
-0.660225
-0.6871
-0.705615
-0.715073
-0.715125
-0.705747
-0.687265
-0.660392
-0.626166
-0.585895
-0.541115
-0.493539
-0.444993
-0.397344
-0.352427
-0.311972
-0.277545
-0.250478
-0.231827
-0.222305
-0.270908
-0.280424
-0.299066
-0.326121
-0.360531
-0.400965
-0.445859
-0.493481
-0.541996
-0.58954
-0.634286
-0.674524
-0.708719
-0.735567
-0.754031
-0.763402
-0.763355
-0.753915
-0.735429
-0.708589
-0.674413
-0.634201
-0.589491
-0.541996
-0.493539
-0.445984
-0.401163
-0.360805
-0.32647
-0.299485
-0.280898
-0.271427
-0.271427
-0.280898
-0.299485
-0.32647
-0.360805
-0.401163
-0.445984
-0.493539
-0.541996
-0.589491
-0.634201
-0.674413
-0.708589
-0.735429
-0.753915
-0.763355
-0.763402
-0.754031
-0.735567
-0.708719
-0.674524
-0.634286
-0.58954
-0.541996
-0.493481
-0.445859
-0.400965
-0.360531
-0.326121
-0.299066
-0.280424
-0.270908
-0.318573
-0.328082
-0.346714
-0.373754
-0.408144
-0.448554
-0.49342
-0.54101
-0.589491
-0.636998
-0.681706
-0.721904
-0.756062
-0.782879
-0.801322
-0.810682
-0.81064
-0.801221
-0.782768
-0.755969
-0.721836
-0.681667
-0.636998
-0.58954
-0.541115
-0.493587
-0.448788
-0.408446
-0.374122
-0.347143
-0.328558
-0.319087
-0.319087
-0.328558
-0.347143
-0.374122
-0.408446
-0.448788
-0.493587
-0.541115
-0.58954
-0.636998
-0.681667
-0.721836
-0.755969
-0.782768
-0.801221
-0.81064
-0.810682
-0.801322
-0.782879
-0.756062
-0.721904
-0.681706
-0.636998
-0.589491
-0.54101
-0.49342
-0.448554
-0.408144
-0.373754
-0.346714
-0.328082
-0.318573
-0.363469
-0.372971
-0.391591
-0.418614
-0.452983
-0.493367
-0.538202
-0.585758
-0.634201
-0.681667
-0.726332
-0.766486
-0.800601
-0.82738
-0.845796
-0.855143
-0.855107
-0.845712
-0.827296
-0.800541
-0.766455
-0.726332
-0.681706
-0.634286
-0.585895
-0.538396
-0.493619
-0.453294
-0.418982
-0.39201
-0.373429
-0.363958
-0.363958
-0.373429
-0.39201
-0.418982
-0.453294
-0.493619
-0.538396
-0.585895
-0.634286
-0.681706
-0.726332
-0.766455
-0.800541
-0.827296
-0.845712
-0.855107
-0.855143
-0.845796
-0.82738
-0.800601
-0.766486
-0.726332
-0.681667
-0.634201
-0.585758
-0.538202
-0.493367
-0.452983
-0.418614
-0.391591
-0.372971
-0.363469
-0.403874
-0.413369
-0.431976
-0.458982
-0.493328
-0.533685
-0.578489
-0.626009
-0.674413
-0.721836
-0.766455
-0.80656
-0.840626
-0.867361
-0.885744
-0.895075
-0.895045
-0.885677
-0.867303
-0.840596
-0.80656
-0.766486
-0.721904
-0.674524
-0.626166
-0.578694
-0.53394
-0.493632
-0.459333
-0.432369
-0.413792
-0.404321
-0.404321
-0.413792
-0.432369
-0.459333
-0.493632
-0.53394
-0.578694
-0.626166
-0.674524
-0.721904
-0.766486
-0.80656
-0.840596
-0.867303
-0.885677
-0.895045
-0.895075
-0.885744
-0.867361
-0.840626
-0.80656
-0.766455
-0.721836
-0.674413
-0.626009
-0.578489
-0.533685
-0.493328
-0.458982
-0.431976
-0.413369
-0.403874
-0.438238
-0.447726
-0.466322
-0.493311
-0.527635
-0.567965
-0.612739
-0.660225
-0.708589
-0.755969
-0.800541
-0.840596
-0.874608
-0.901294
-0.919639
-0.928949
-0.928925
-0.919589
-0.901261
-0.874608
-0.840626
-0.800601
-0.756062
-0.708719
-0.660392
-0.612945
-0.568211
-0.527919
-0.49363
-0.466673
-0.4481
-0.43863
-0.43863
-0.4481
-0.466673
-0.49363
-0.527919
-0.568211
-0.612945
-0.660392
-0.708719
-0.756062
-0.800601
-0.840626
-0.874608
-0.901261
-0.919589
-0.928925
-0.928949
-0.919639
-0.901294
-0.874608
-0.840596
-0.800541
-0.755969
-0.708589
-0.660225
-0.612739
-0.567965
-0.527635
-0.493311
-0.466322
-0.447726
-0.438238
-0.465248
-0.474729
-0.493315
-0.520288
-0.554593
-0.5949
-0.639646
-0.6871
-0.735429
-0.782768
-0.827296
-0.867303
-0.901261
-0.927893
-0.946194
-0.955481
-0.955465
-0.946167
-0.927893
-0.901294
-0.867361
-0.82738
-0.782879
-0.735567
-0.687265
-0.639839
-0.59512
-0.55484
-0.520559
-0.493608
-0.475037
-0.465568
-0.465568
-0.475037
-0.493608
-0.520559
-0.55484
-0.59512
-0.639839
-0.687265
-0.735567
-0.782879
-0.82738
-0.867361
-0.901294
-0.927893
-0.946167
-0.955465
-0.955481
-0.946194
-0.927893
-0.901261
-0.867303
-0.827296
-0.782768
-0.735429
-0.6871
-0.639646
-0.5949
-0.554593
-0.520288
-0.493315
-0.474729
-0.465248
-0.483871
-0.493347
-0.511924
-0.538886
-0.573174
-0.613462
-0.658186
-0.705615
-0.753915
-0.801221
-0.845712
-0.885677
-0.919589
-0.946167
-0.964425
-0.97369
-0.973686
-0.964425
-0.946194
-0.919639
-0.885744
-0.845796
-0.801322
-0.754031
-0.705747
-0.658334
-0.613626
-0.573352
-0.539077
-0.512128
-0.493559
-0.48409
-0.48409
-0.493559
-0.512128
-0.539077
-0.573352
-0.613626
-0.658334
-0.705747
-0.754031
-0.801322
-0.845796
-0.885744
-0.919639
-0.946194
-0.964425
-0.973686
-0.97369
-0.964425
-0.946167
-0.919589
-0.885677
-0.845712
-0.801221
-0.753915
-0.705615
-0.658186
-0.613462
-0.573174
-0.538886
-0.511924
-0.493347
-0.483871
-0.493401
-0.502873
-0.521444
-0.548397
-0.582675
-0.622951
-0.66766
-0.715073
-0.763355
-0.81064
-0.855107
-0.895045
-0.928925
-0.955465
-0.973686
-0.982935
-0.982935
-0.97369
-0.955481
-0.928949
-0.895075
-0.855143
-0.810682
-0.763402
-0.715125
-0.667717
-0.623013
-0.582741
-0.548468
-0.521518
-0.50295
-0.49348
-0.49348
-0.50295
-0.521518
-0.548468
-0.582741
-0.623013
-0.667717
-0.715125
-0.763402
-0.810682
-0.855143
-0.895075
-0.928949
-0.955481
-0.97369
-0.982935
-0.982935
-0.973686
-0.955465
-0.928925
-0.895045
-0.855107
-0.81064
-0.763355
-0.715073
-0.66766
-0.622951
-0.582675
-0.548397
-0.521444
-0.502873
-0.493401
-0.49348
-0.50295
-0.521518
-0.548468
-0.582742
-0.623013
-0.667717
-0.715125
-0.763402
-0.810682
-0.855143
-0.895075
-0.928949
-0.955481
-0.97369
-0.982935
-0.982935
-0.973686
-0.955465
-0.928925
-0.895045
-0.855107
-0.81064
-0.763355
-0.715073
-0.66766
-0.622951
-0.582675
-0.548397
-0.521444
-0.502873
-0.493401
-0.493401
-0.502873
-0.521444
-0.548397
-0.582675
-0.622951
-0.66766
-0.715073
-0.763355
-0.81064
-0.855107
-0.895045
-0.928925
-0.955465
-0.973686
-0.982935
-0.982935
-0.97369
-0.955481
-0.928949
-0.895075
-0.855143
-0.810682
-0.763402
-0.715125
-0.667717
-0.623013
-0.582741
-0.548468
-0.521518
-0.50295
-0.49348
-0.48409
-0.493559
-0.512128
-0.539077
-0.573352
-0.613626
-0.658334
-0.705747
-0.754031
-0.801322
-0.845796
-0.885744
-0.919639
-0.946194
-0.964425
-0.973686
-0.97369
-0.964425
-0.946167
-0.919589
-0.885677
-0.845712
-0.801221
-0.753915
-0.705615
-0.658186
-0.613462
-0.573174
-0.538886
-0.511924
-0.493347
-0.483871
-0.483871
-0.493347
-0.511924
-0.538886
-0.573174
-0.613462
-0.658186
-0.705615
-0.753915
-0.801221
-0.845712
-0.885677
-0.919589
-0.946167
-0.964425
-0.97369
-0.973686
-0.964425
-0.946194
-0.919639
-0.885744
-0.845796
-0.801322
-0.754031
-0.705747
-0.658334
-0.613626
-0.573352
-0.539077
-0.512128
-0.493559
-0.48409
-0.465568
-0.475037
-0.493608
-0.520559
-0.55484
-0.59512
-0.639839
-0.687265
-0.735567
-0.782879
-0.82738
-0.867361
-0.901294
-0.927893
-0.946167
-0.955465
-0.955481
-0.946194
-0.927893
-0.901261
-0.867303
-0.827296
-0.782768
-0.735429
-0.6871
-0.639646
-0.5949
-0.554593
-0.520288
-0.493315
-0.474729
-0.465248
-0.465248
-0.474729
-0.493315
-0.520288
-0.554593
-0.5949
-0.639646
-0.6871
-0.735429
-0.782768
-0.827296
-0.867303
-0.901261
-0.927893
-0.946194
-0.955481
-0.955465
-0.946167
-0.927893
-0.901294
-0.867361
-0.82738
-0.782879
-0.735567
-0.687265
-0.639839
-0.59512
-0.55484
-0.520559
-0.493608
-0.475037
-0.465568
-0.43863
-0.4481
-0.466673
-0.49363
-0.527919
-0.568211
-0.612945
-0.660392
-0.708719
-0.756062
-0.800601
-0.840626
-0.874608
-0.901261
-0.919589
-0.928925
-0.928949
-0.919639
-0.901294
-0.874608
-0.840596
-0.800541
-0.755969
-0.708589
-0.660225
-0.612739
-0.567965
-0.527635
-0.493311
-0.466322
-0.447726
-0.438238
-0.438238
-0.447726
-0.466322
-0.493311
-0.527635
-0.567965
-0.612739
-0.660225
-0.708589
-0.755969
-0.800541
-0.840596
-0.874608
-0.901294
-0.919639
-0.928949
-0.928925
-0.919589
-0.901261
-0.874608
-0.840626
-0.800601
-0.756062
-0.708719
-0.660392
-0.612945
-0.568211
-0.527919
-0.49363
-0.466673
-0.4481
-0.43863
-0.404321
-0.413792
-0.432369
-0.459333
-0.493632
-0.53394
-0.578694
-0.626166
-0.674524
-0.721904
-0.766486
-0.80656
-0.840596
-0.867303
-0.885677
-0.895045
-0.895075
-0.885744
-0.867361
-0.840626
-0.80656
-0.766455
-0.721836
-0.674413
-0.626009
-0.578489
-0.533685
-0.493328
-0.458982
-0.431976
-0.413369
-0.403874
-0.403874
-0.413369
-0.431976
-0.458982
-0.493328
-0.533685
-0.578489
-0.626009
-0.674413
-0.721836
-0.766455
-0.80656
-0.840626
-0.867361
-0.885744
-0.895075
-0.895045
-0.885677
-0.867303
-0.840596
-0.80656
-0.766486
-0.721904
-0.674524
-0.626166
-0.578694
-0.53394
-0.493632
-0.459333
-0.432369
-0.413792
-0.404321
-0.363958
-0.373429
-0.39201
-0.418982
-0.453294
-0.493619
-0.538396
-0.585895
-0.634286
-0.681706
-0.726332
-0.766455
-0.800541
-0.827296
-0.845712
-0.855107
-0.855143
-0.845796
-0.82738
-0.800601
-0.766486
-0.726332
-0.681667
-0.634201
-0.585758
-0.538202
-0.493367
-0.452983
-0.418614
-0.391591
-0.372971
-0.363469
-0.363469
-0.372971
-0.391591
-0.418614
-0.452983
-0.493367
-0.538202
-0.585758
-0.634201
-0.681667
-0.726332
-0.766486
-0.800601
-0.82738
-0.845796
-0.855143
-0.855107
-0.845712
-0.827296
-0.800541
-0.766455
-0.726332
-0.681706
-0.634286
-0.585895
-0.538396
-0.493619
-0.453294
-0.418982
-0.39201
-0.373429
-0.363958
-0.319087
-0.328558
-0.347143
-0.374122
-0.408446
-0.448788
-0.493587
-0.541115
-0.58954
-0.636998
-0.681667
-0.721836
-0.755969
-0.782768
-0.801221
-0.81064
-0.810682
-0.801322
-0.782879
-0.756062
-0.721904
-0.681706
-0.636998
-0.589491
-0.54101
-0.49342
-0.448554
-0.408144
-0.373754
-0.346714
-0.328082
-0.318573
-0.318573
-0.328082
-0.346714
-0.373754
-0.408144
-0.448554
-0.49342
-0.54101
-0.589491
-0.636998
-0.681706
-0.721904
-0.756062
-0.782879
-0.801322
-0.810682
-0.81064
-0.801221
-0.782768
-0.755969
-0.721836
-0.681667
-0.636998
-0.58954
-0.541115
-0.493587
-0.448788
-0.408446
-0.374122
-0.347143
-0.328558
-0.319087
-0.271427
-0.280898
-0.299485
-0.32647
-0.360805
-0.401163
-0.445984
-0.493539
-0.541996
-0.589491
-0.634201
-0.674413
-0.708589
-0.735429
-0.753915
-0.763355
-0.763402
-0.754031
-0.735567
-0.708719
-0.674524
-0.634286
-0.58954
-0.541996
-0.493481
-0.445859
-0.400965
-0.360531
-0.326121
-0.299066
-0.280424
-0.270908
-0.270908
-0.280424
-0.299066
-0.326121
-0.360531
-0.400965
-0.445859
-0.493481
-0.541996
-0.58954
-0.634286
-0.674524
-0.708719
-0.735567
-0.754031
-0.763402
-0.763355
-0.753915
-0.735429
-0.708589
-0.674413
-0.634201
-0.589491
-0.541996
-0.493539
-0.445984
-0.401163
-0.360805
-0.32647
-0.299485
-0.280898
-0.271427
-0.222811
-0.23228
-0.250868
-0.277857
-0.312201
-0.352573
-0.397413
-0.444993
-0.493481
-0.54101
-0.585758
-0.626009
-0.660225
-0.6871
-0.705615
-0.715073
-0.715125
-0.705747
-0.687265
-0.660392
-0.626166
-0.585895
-0.541115
-0.493539
-0.444993
-0.397344
-0.352427
-0.311972
-0.277545
-0.250478
-0.231827
-0.222305
-0.222305
-0.231827
-0.250478
-0.277545
-0.311972
-0.352427
-0.397344
-0.444993
-0.493539
-0.541115
-0.585895
-0.626166
-0.660392
-0.687265
-0.705747
-0.715125
-0.715073
-0.705615
-0.6871
-0.660225
-0.626009
-0.585758
-0.54101
-0.493481
-0.444993
-0.397413
-0.352573
-0.312201
-0.277857
-0.250868
-0.23228
-0.222811
-0.175108
-0.184573
-0.20316
-0.230151
-0.264501
-0.304884
-0.349742
-0.397344
-0.445859
-0.49342
-0.538202
-0.578489
-0.612739
-0.639646
-0.658186
-0.66766
-0.667717
-0.658334
-0.639839
-0.612945
-0.578694
-0.538396
-0.493587
-0.445984
-0.397413
-0.349742
-0.304805
-0.264334
-0.229895
-0.202818
-0.18416
-0.174634
-0.174634
-0.18416
-0.202818
-0.229895
-0.264334
-0.304805
-0.349742
-0.397413
-0.445984
-0.493587
-0.538396
-0.578694
-0.612945
-0.639839
-0.658334
-0.667717
-0.66766
-0.658186
-0.639646
-0.612739
-0.578489
-0.538202
-0.49342
-0.445859
-0.397344
-0.349742
-0.304884
-0.264501
-0.230151
-0.20316
-0.184573
-0.175108
-0.130153
-0.139614
-0.158198
-0.185188
-0.219541
-0.259933
-0.304805
-0.352427
-0.400965
-0.448554
-0.493367
-0.533685
-0.567965
-0.5949
-0.613462
-0.622951
-0.623013
-0.613626
-0.59512
-0.568211
-0.53394
-0.493619
-0.448788
-0.401163
-0.352573
-0.304884
-0.259933
-0.219451
-0.185004
-0.157921
-0.13926
-0.12973
-0.12973
-0.13926
-0.157921
-0.185004
-0.219451
-0.259933
-0.304884
-0.352573
-0.401163
-0.448788
-0.493619
-0.53394
-0.568211
-0.59512
-0.613626
-0.623013
-0.622951
-0.613462
-0.5949
-0.567965
-0.533685
-0.493367
-0.448554
-0.400965
-0.352427
-0.304805
-0.259933
-0.219541
-0.185188
-0.158198
-0.139614
-0.130153
-0.089678
-0.099133
-0.117712
-0.1447
-0.179054
-0.219451
-0.264334
-0.311972
-0.360531
-0.408144
-0.452983
-0.493328
-0.527635
-0.554593
-0.573174
-0.582675
-0.582741
-0.573352
-0.55484
-0.527919
-0.493632
-0.453294
-0.408446
-0.360805
-0.312201
-0.264501
-0.219541
-0.179054
-0.144603
-0.117519
-0.0988556
-0.0893243
-0.0893243
-0.0988556
-0.117519
-0.144603
-0.179054
-0.219541
-0.264501
-0.312201
-0.360805
-0.408446
-0.453294
-0.493632
-0.527919
-0.55484
-0.573352
-0.582741
-0.582675
-0.573174
-0.554593
-0.527635
-0.493328
-0.452983
-0.408144
-0.360531
-0.311972
-0.264334
-0.219451
-0.179054
-0.1447
-0.117712
-0.099133
-0.089678
-0.0552436
-0.0646922
-0.083266
-0.11025
-0.144603
-0.185004
-0.229895
-0.277545
-0.326121
-0.373754
-0.418614
-0.458982
-0.493311
-0.520288
-0.538886
-0.548397
-0.548468
-0.539077
-0.520559
-0.49363
-0.459333
-0.418982
-0.374122
-0.32647
-0.277857
-0.230151
-0.185188
-0.1447
-0.11025
-0.083167
-0.0645042
-0.0549725
-0.0549725
-0.0645042
-0.083167
-0.11025
-0.1447
-0.185188
-0.230151
-0.277857
-0.32647
-0.374122
-0.418982
-0.459333
-0.49363
-0.520559
-0.539077
-0.548468
-0.548397
-0.538886
-0.520288
-0.493311
-0.458982
-0.418614
-0.373754
-0.326121
-0.277545
-0.229895
-0.185004
-0.144603
-0.11025
-0.083266
-0.0646922
-0.0552436
-0.0281766
-0.0376188
-0.056187
-0.083167
-0.117519
-0.157921
-0.202818
-0.250478
-0.299066
-0.346714
-0.391591
-0.431976
-0.466322
-0.493315
-0.511924
-0.521444
-0.521518
-0.512128
-0.493608
-0.466673
-0.432369
-0.39201
-0.347143
-0.299485
-0.250868
-0.20316
-0.158198
-0.117712
-0.083266
-0.056187
-0.0375262
-0.0279953
-0.0279953
-0.0375262
-0.056187
-0.083266
-0.117712
-0.158198
-0.20316
-0.250868
-0.299485
-0.347143
-0.39201
-0.432369
-0.466673
-0.493608
-0.512128
-0.521518
-0.521444
-0.511924
-0.493315
-0.466322
-0.431976
-0.391591
-0.346714
-0.299066
-0.250478
-0.202818
-0.157921
-0.117519
-0.083167
-0.056187
-0.0376188
-0.0281766
-0.00952511
-0.0189621
-0.0375262
-0.0645042
-0.0988556
-0.13926
-0.18416
-0.231827
-0.280424
-0.328082
-0.372971
-0.413369
-0.447726
-0.474729
-0.493347
-0.502873
-0.50295
-0.493559
-0.475037
-0.4481
-0.413792
-0.373429
-0.328558
-0.280898
-0.23228
-0.184573
-0.139614
-0.099133
-0.0646922
-0.0376188
-0.0189621
-0.00943352
-0.00943352
-0.0189621
-0.0376188
-0.0646922
-0.099133
-0.139614
-0.184573
-0.23228
-0.280898
-0.328558
-0.373429
-0.413792
-0.4481
-0.475037
-0.493559
-0.50295
-0.502873
-0.493347
-0.474729
-0.447726
-0.413369
-0.372971
-0.328082
-0.280424
-0.231827
-0.18416
-0.13926
-0.0988556
-0.0645042
-0.0375262
-0.0189621
-0.00952511
8.55858e-10
-0.00943353
-0.0279953
-0.0549725
-0.0893243
-0.12973
-0.174634
-0.222305
-0.270908
-0.318573
-0.363469
-0.403874
-0.438238
-0.465248
-0.483871
-0.493401
-0.49348
-0.48409
-0.465568
-0.43863
-0.404321
-0.363958
-0.319087
-0.271427
-0.222811
-0.175108
-0.130153
-0.089678
-0.0552436
-0.0281766
-0.0095251
6.50581e-09
6.42183e-09
-0.0095251
-0.0281766
-0.0552436
-0.089678
-0.130153
-0.175108
-0.222811
-0.271427
-0.319087
-0.363958
-0.404321
-0.43863
-0.465568
-0.48409
-0.49348
-0.493401
-0.483871
-0.465248
-0.438238
-0.403874
-0.363469
-0.318573
-0.270908
-0.222305
-0.174634
-0.12973
-0.0893243
-0.0549725
-0.0279953
-0.00943353
9.3669e-10
)
;

boundaryField
{
    top
    {
        type            cyclic;
    }
    bottom
    {
        type            cyclic;
    }
    left
    {
        type            cyclic;
    }
    right
    {
        type            cyclic;
    }
    frontAndBack
    {
        type            empty;
    }
}


// ************************************************************************* //
