/*--------------------------------*- C++ -*----------------------------------*\
  =========                 |
  \\      /  F ield         | OpenFOAM: The Open Source CFD Toolbox
   \\    /   O peration     | Website:  https://openfoam.org
    \\  /    A nd           | Version:  11
     \\/     M anipulation  |
\*---------------------------------------------------------------------------*/
FoamFile
{
    format      ascii;
    class       surfaceScalarField;
    location    "10";
    object      phi;
}
// * * * * * * * * * * * * * * * * * * * * * * * * * * * * * * * * * * * * * //

dimensions      [0 3 -1 0 0 0 0];

internalField   nonuniform List<scalar> 
8064
(
0.0599273
-0.0599273
0.119293
-0.0593653
0.177516
-0.0582237
0.234032
-0.0565159
0.288291
-0.0542592
0.339768
-0.0514763
0.387963
-0.0481955
0.432413
-0.0444501
0.47269
-0.0402773
0.508409
-0.0357184
0.539227
-0.030818
0.564851
-0.025624
0.585037
-0.0201865
0.599596
-0.0145582
0.608389
-0.00879377
0.611342
-0.00295255
0.608415
0.00292683
0.599626
0.00878885
0.585065
0.014561
0.564872
0.0201928
0.539241
0.0256316
0.508415
0.0308258
0.47269
0.0357254
0.432406
0.0402831
0.387952
0.0444543
0.339754
0.048198
0.288277
0.0514768
0.23402
0.0542578
0.177507
0.0565128
0.119288
0.058219
0.0599273
0.0593604
-2.91076e-10
0.0599273
-0.0599273
0.0599273
-0.119288
0.0593604
-0.177507
0.058219
-0.23402
0.0565128
-0.288277
0.0542578
-0.339754
0.0514768
-0.387952
0.048198
-0.432406
0.0444543
-0.47269
0.0402831
-0.508415
0.0357254
-0.539241
0.0308258
-0.564872
0.0256316
-0.585065
0.0201928
-0.599626
0.014561
-0.608415
0.00878885
-0.611342
0.00292683
-0.608389
-0.00295255
-0.599596
-0.00879377
-0.585037
-0.0145582
-0.564851
-0.0201865
-0.539227
-0.025624
-0.508409
-0.030818
-0.47269
-0.0357184
-0.432413
-0.0402773
-0.387963
-0.0444501
-0.339768
-0.0481955
-0.288291
-0.0514763
-0.234032
-0.0542592
-0.177516
-0.0565159
-0.119293
-0.0582237
-0.0599273
-0.0593653
-0.0599273
0.0593604
-0.119288
0.11816
-0.118165
0.175827
-0.115891
0.231801
-0.11249
0.285539
-0.107997
0.336519
-0.102456
0.384248
-0.0959246
0.428266
-0.0884684
0.468151
-0.080162
0.50352
-0.0710876
0.534036
-0.0613339
0.559408
-0.050996
0.579395
-0.0401739
0.593809
-0.0289722
0.602515
-0.0174999
0.605437
-0.00587453
0.602538
0.00582605
0.593835
0.0174916
0.579418
0.0289787
0.559424
0.0401866
0.534045
0.0510107
0.503522
0.0613483
0.468148
0.0711
0.428259
0.0801716
0.384239
0.0884743
0.336511
0.0959265
0.285533
0.102454
0.231799
0.107992
0.175829
0.112483
0.118165
0.115883
0.0593653
0.11816
-2.98274e-10
0.119293
-0.0593653
0.119293
-0.118165
0.11816
-0.175829
0.115883
-0.231799
0.112483
-0.285533
0.107992
-0.336511
0.102454
-0.384239
0.0959265
-0.428259
0.0884743
-0.468148
0.0801716
-0.503522
0.0711
-0.534045
0.0613483
-0.559424
0.0510107
-0.579418
0.0401866
-0.593835
0.0289787
-0.602538
0.0174916
-0.605437
0.00582605
-0.602515
-0.00587453
-0.593809
-0.0174999
-0.579395
-0.0289722
-0.559408
-0.0401739
-0.534036
-0.050996
-0.50352
-0.0613339
-0.468151
-0.0710876
-0.428266
-0.080162
-0.384248
-0.0884684
-0.336519
-0.0959246
-0.285539
-0.102456
-0.231801
-0.107997
-0.175827
-0.11249
-0.11816
-0.115891
-0.0593604
-0.118165
-0.119288
0.058219
-0.177507
0.115883
-0.175829
0.172434
-0.172442
0.227322
-0.167378
0.280014
-0.160688
0.329999
-0.152441
0.376794
-0.142719
0.419948
-0.131623
0.459049
-0.119262
0.49372
-0.105759
0.523634
-0.091247
0.548503
-0.0758659
0.568095
-0.0597651
0.582222
-0.0430999
0.590755
-0.0260326
0.593619
-0.00873812
0.590777
0.00866787
0.582247
0.0260213
0.568116
0.0431094
0.54852
0.0597829
0.523645
0.0758861
0.493727
0.0912662
0.459051
0.105776
0.419949
0.119274
0.376794
0.131629
0.33
0.14272
0.280017
0.152437
0.227328
0.160681
0.172442
0.167369
0.115891
0.172434
0.0582237
0.175827
-2.99723e-10
0.177516
-0.0582237
0.177516
-0.115891
0.175827
-0.172442
0.172434
-0.227328
0.167369
-0.280017
0.160681
-0.33
0.152437
-0.376794
0.14272
-0.419949
0.131629
-0.459051
0.119274
-0.493727
0.105776
-0.523645
0.0912662
-0.54852
0.0758861
-0.568116
0.0597829
-0.582247
0.0431094
-0.590777
0.0260213
-0.593619
0.00866787
-0.590755
-0.00873812
-0.582222
-0.0260326
-0.568095
-0.0430999
-0.548503
-0.0597651
-0.523634
-0.0758659
-0.49372
-0.091247
-0.459049
-0.105759
-0.419948
-0.119262
-0.376794
-0.131623
-0.329999
-0.142719
-0.280014
-0.152441
-0.227322
-0.160688
-0.172434
-0.167378
-0.115883
-0.172442
-0.058219
-0.175829
-0.177507
0.0565128
-0.23402
0.112483
-0.231799
0.167369
-0.227328
0.220637
-0.220646
0.27177
-0.211821
0.320272
-0.200943
0.365676
-0.188123
0.407545
-0.173492
0.445479
-0.157196
0.479114
-0.139395
0.508132
-0.120265
0.532256
-0.0999902
0.551259
-0.0787681
0.564962
-0.056803
0.573238
-0.0343084
0.576014
-0.0115146
0.573257
0.0114249
0.564984
0.0342944
0.551279
0.0568148
0.532272
0.0787897
0.508144
0.100014
0.479123
0.120287
0.445485
0.139413
0.407551
0.157209
0.365682
0.173499
0.320279
0.188123
0.271778
0.200938
0.220646
0.211812
0.167378
0.220637
0.11249
0.227322
0.0565159
0.231801
-2.9483e-10
0.234032
-0.0565159
0.234032
-0.11249
0.231801
-0.167378
0.227322
-0.220646
0.220637
-0.271778
0.211812
-0.320279
0.200938
-0.365682
0.188123
-0.407551
0.173499
-0.445485
0.157209
-0.479123
0.139413
-0.508144
0.120287
-0.532272
0.100014
-0.551279
0.0787897
-0.564984
0.0568148
-0.573257
0.0342944
-0.576014
0.0114249
-0.573238
-0.0115146
-0.564962
-0.0343084
-0.551259
-0.056803
-0.532256
-0.0787681
-0.508132
-0.0999902
-0.479114
-0.120265
-0.445479
-0.139395
-0.407545
-0.157196
-0.365676
-0.173492
-0.320272
-0.188123
-0.27177
-0.200943
-0.220637
-0.211821
-0.167369
-0.220646
-0.112483
-0.227328
-0.0565128
-0.231799
-0.23402
0.0542578
-0.288277
0.107992
-0.285533
0.160681
-0.280017
0.211812
-0.271778
0.26089
-0.260899
0.307439
-0.247492
0.351011
-0.231696
0.391189
-0.21367
0.427588
-0.193594
0.459861
-0.171668
0.487701
-0.148105
0.510845
-0.123134
0.529075
-0.0969978
0.542219
-0.0699475
0.550157
-0.0422461
0.552819
-0.0141773
0.550174
0.01407
0.542238
0.0422303
0.529092
0.0699616
0.510859
0.0970225
0.487712
0.123161
0.45987
0.148129
0.427596
0.171687
0.391197
0.193608
0.351019
0.213676
0.307447
0.231695
0.260899
0.247486
0.211821
0.26089
0.160688
0.27177
0.107997
0.280014
0.0542592
0.285539
-2.83787e-10
0.288291
-0.0542592
0.288291
-0.107997
0.285539
-0.160688
0.280014
-0.211821
0.27177
-0.260899
0.26089
-0.307447
0.247486
-0.351019
0.231695
-0.391197
0.213676
-0.427596
0.193608
-0.45987
0.171687
-0.487712
0.148129
-0.510859
0.123161
-0.529092
0.0970225
-0.542238
0.0699616
-0.550174
0.0422303
-0.552819
0.01407
-0.550157
-0.0141773
-0.542219
-0.0422461
-0.529075
-0.0699475
-0.510845
-0.0969978
-0.487701
-0.123134
-0.459861
-0.148105
-0.427588
-0.171668
-0.391189
-0.193594
-0.351011
-0.21367
-0.307439
-0.231696
-0.26089
-0.247492
-0.211812
-0.260899
-0.160681
-0.271778
-0.107992
-0.280017
-0.0542578
-0.285533
-0.288277
0.0514768
-0.339754
0.102454
-0.336511
0.152437
-0.33
0.200938
-0.320279
0.247486
-0.307447
0.291633
-0.291639
0.332954
-0.273016
0.371053
-0.251768
0.405566
-0.228107
0.436164
-0.202266
0.462558
-0.174498
0.484497
-0.145074
0.501776
-0.114277
0.514234
-0.0824055
0.521757
-0.0497686
0.524279
-0.0166997
0.521771
0.0165778
0.51425
0.0497521
0.501789
0.0824223
0.484507
0.114305
0.462565
0.145103
0.43617
0.174524
0.405571
0.202286
0.371058
0.228121
0.33296
0.251775
0.291639
0.273016
0.247492
0.291633
0.200943
0.307439
0.152441
0.320272
0.102456
0.329999
0.0514763
0.336519
-2.66882e-10
0.339768
-0.0514763
0.339768
-0.102456
0.336519
-0.152441
0.329999
-0.200943
0.320272
-0.247492
0.307439
-0.291639
0.291633
-0.33296
0.273016
-0.371058
0.251775
-0.405571
0.228121
-0.43617
0.202286
-0.462565
0.174524
-0.484507
0.145103
-0.501789
0.114305
-0.51425
0.0824223
-0.521771
0.0497521
-0.524279
0.0165778
-0.521757
-0.0166997
-0.514234
-0.0497686
-0.501776
-0.0824055
-0.484497
-0.114277
-0.462558
-0.145074
-0.436164
-0.174498
-0.405566
-0.202266
-0.371053
-0.228107
-0.332954
-0.251768
-0.291633
-0.273016
-0.247486
-0.291639
-0.200938
-0.307447
-0.152437
-0.320279
-0.102454
-0.33
-0.0514768
-0.336511
-0.339754
0.048198
-0.387952
0.0959265
-0.384239
0.14272
-0.376794
0.188123
-0.365682
0.231695
-0.351019
0.273016
-0.33296
0.311688
-0.311689
0.347342
-0.287423
0.379638
-0.260402
0.408267
-0.230895
0.432959
-0.19919
0.453481
-0.165596
0.469642
-0.130438
0.481291
-0.0940553
0.488325
-0.0568018
0.490682
-0.019057
0.488336
0.0189237
0.481302
0.056786
0.469649
0.0940753
0.453485
0.130468
0.432961
0.165627
0.408268
0.199217
0.379638
0.230916
0.347343
0.260416
0.311689
0.287429
0.273016
0.311688
0.231696
0.332954
0.188123
0.351011
0.142719
0.365676
0.0959246
0.376794
0.0481955
0.384248
-2.46605e-10
0.387963
-0.0481955
0.387963
-0.0959246
0.384248
-0.142719
0.376794
-0.188123
0.365676
-0.231696
0.351011
-0.273016
0.332954
-0.311689
0.311688
-0.347343
0.287429
-0.379638
0.260416
-0.408268
0.230916
-0.432961
0.199217
-0.453485
0.165627
-0.469649
0.130468
-0.481302
0.0940753
-0.488336
0.056786
-0.490682
0.0189237
-0.488325
-0.019057
-0.481291
-0.0568018
-0.469642
-0.0940553
-0.453481
-0.130438
-0.432959
-0.165596
-0.408267
-0.19919
-0.379638
-0.230895
-0.347342
-0.260402
-0.311688
-0.287423
-0.273016
-0.311689
-0.231695
-0.33296
-0.188123
-0.351019
-0.14272
-0.365682
-0.0959265
-0.376794
-0.048198
-0.384239
-0.387952
0.0444543
-0.432406
0.0884743
-0.428259
0.131629
-0.419949
0.173499
-0.407551
0.213676
-0.391197
0.251775
-0.371058
0.287429
-0.347343
0.320297
-0.32029
0.350064
-0.29017
0.376449
-0.25728
0.399201
-0.221942
0.418107
-0.184502
0.432992
-0.145322
0.443719
-0.104782
0.450193
-0.0632763
0.452362
-0.0212256
0.450201
0.021085
0.443724
0.063263
0.432993
0.104807
0.418105
0.145356
0.399197
0.184535
0.376444
0.22197
0.350058
0.257301
0.32029
0.290184
0.287423
0.320297
0.251768
0.347342
0.21367
0.371053
0.173492
0.391189
0.131623
0.407545
0.0884684
0.419948
0.0444501
0.428266
-2.24245e-10
0.432413
-0.0444501
0.432413
-0.0884684
0.428266
-0.131623
0.419948
-0.173492
0.407545
-0.21367
0.391189
-0.251768
0.371053
-0.287423
0.347342
-0.32029
0.320297
-0.350058
0.290184
-0.376444
0.257301
-0.399197
0.22197
-0.418105
0.184535
-0.432993
0.145356
-0.443724
0.104807
-0.450201
0.063263
-0.452362
0.021085
-0.450193
-0.0212256
-0.443719
-0.0632763
-0.432992
-0.104782
-0.418107
-0.145322
-0.399201
-0.184502
-0.376449
-0.221942
-0.350064
-0.25728
-0.320297
-0.29017
-0.287429
-0.32029
-0.251775
-0.347343
-0.213676
-0.371058
-0.173499
-0.391197
-0.131629
-0.407551
-0.0884743
-0.419949
-0.0444543
-0.428259
-0.432406
0.0402831
-0.47269
0.0801716
-0.468148
0.119274
-0.459051
0.157209
-0.445485
0.193608
-0.427596
0.228121
-0.405571
0.260416
-0.379638
0.290184
-0.350058
0.31714
-0.317126
0.341027
-0.281168
0.361621
-0.242535
0.378727
-0.201608
0.39219
-0.158785
0.401888
-0.114481
0.40774
-0.0691277
0.409698
-0.0231836
0.407743
0.0230402
0.401887
0.069119
0.392183
0.11451
0.378717
0.158822
0.361608
0.201643
0.341014
0.242565
0.317126
0.281189
0.29017
0.31714
0.260402
0.350064
0.228107
0.379638
0.193594
0.405566
0.157196
0.427588
0.119262
0.445479
0.080162
0.459049
0.0402773
0.468151
-1.99582e-10
0.47269
-0.0402773
0.47269
-0.080162
0.468151
-0.119262
0.459049
-0.157196
0.445479
-0.193594
0.427588
-0.228107
0.405566
-0.260402
0.379638
-0.29017
0.350064
-0.317126
0.31714
-0.341014
0.281189
-0.361608
0.242565
-0.378717
0.201643
-0.392183
0.158822
-0.401887
0.11451
-0.407743
0.069119
-0.409698
0.0230402
-0.40774
-0.0231836
-0.401888
-0.0691277
-0.39219
-0.114481
-0.378727
-0.158785
-0.361621
-0.201608
-0.341027
-0.242535
-0.31714
-0.281168
-0.290184
-0.317126
-0.260416
-0.350058
-0.228121
-0.379638
-0.193608
-0.405571
-0.157209
-0.427596
-0.119274
-0.445485
-0.0801716
-0.459051
-0.0402831
-0.468148
-0.47269
0.0357254
-0.508415
0.0711
-0.503522
0.105776
-0.493727
0.139413
-0.479123
0.171687
-0.45987
0.202286
-0.43617
0.230916
-0.408268
0.257301
-0.376444
0.281189
-0.341014
0.302352
-0.30233
0.320588
-0.260772
0.33573
-0.21675
0.34764
-0.170694
0.356214
-0.123055
0.361383
-0.0742969
0.36311
-0.0249108
0.36138
0.0247699
0.356204
0.0742951
0.347624
0.12309
0.335711
0.170735
0.320568
0.216787
0.30233
0.260802
0.281168
0.302352
0.25728
0.341027
0.230895
0.376449
0.202266
0.408267
0.171668
0.436164
0.139395
0.459861
0.105759
0.479114
0.0710876
0.49372
0.0357184
0.50352
-1.73506e-10
0.508409
-0.0357184
0.508409
-0.0710876
0.50352
-0.105759
0.49372
-0.139395
0.479114
-0.171668
0.459861
-0.202266
0.436164
-0.230895
0.408267
-0.25728
0.376449
-0.281168
0.341027
-0.30233
0.302352
-0.320568
0.260802
-0.335711
0.216787
-0.347624
0.170735
-0.356204
0.12309
-0.36138
0.0742951
-0.36311
0.0247699
-0.361383
-0.0249108
-0.356214
-0.0742969
-0.34764
-0.123055
-0.33573
-0.170694
-0.320588
-0.21675
-0.302352
-0.260772
-0.281189
-0.30233
-0.257301
-0.341014
-0.230916
-0.376444
-0.202286
-0.408268
-0.171687
-0.43617
-0.139413
-0.45987
-0.105776
-0.479123
-0.0711
-0.493727
-0.0357254
-0.503522
-0.508415
0.0308258
-0.539241
0.0613483
-0.534045
0.0912662
-0.523645
0.120287
-0.508144
0.148129
-0.487712
0.174524
-0.462565
0.199217
-0.432961
0.22197
-0.399197
0.242565
-0.361608
0.260802
-0.320568
0.27651
-0.27648
0.289543
-0.229782
0.299783
-0.180935
0.307148
-0.13042
0.311582
-0.078731
0.31306
-0.0263887
0.311573
0.0262567
0.307129
0.0787389
0.299758
0.130461
0.289514
0.18098
0.27648
0.229821
0.260772
0.27651
0.242535
0.320588
0.221942
0.361621
0.19919
0.399201
0.174498
0.432959
0.148105
0.462558
0.120265
0.487701
0.091247
0.508132
0.0613339
0.523634
0.030818
0.534036
-1.46995e-10
0.539227
-0.030818
0.539227
-0.0613339
0.534036
-0.091247
0.523634
-0.120265
0.508132
-0.148105
0.487701
-0.174498
0.462558
-0.19919
0.432959
-0.221942
0.399201
-0.242535
0.361621
-0.260772
0.320588
-0.27648
0.27651
-0.289514
0.229821
-0.299758
0.18098
-0.307129
0.130461
-0.311573
0.0787389
-0.31306
0.0262567
-0.311582
-0.0263887
-0.307148
-0.078731
-0.299783
-0.13042
-0.289543
-0.180935
-0.27651
-0.229782
-0.260802
-0.27648
-0.242565
-0.320568
-0.22197
-0.361608
-0.199217
-0.399197
-0.174524
-0.432961
-0.148129
-0.462565
-0.120287
-0.487712
-0.0912662
-0.508144
-0.0613483
-0.523645
-0.0308258
-0.534045
-0.539241
0.0256316
-0.564872
0.0510107
-0.559424
0.0758861
-0.54852
0.100014
-0.532272
0.123161
-0.510859
0.145103
-0.484507
0.165627
-0.453485
0.184535
-0.418105
0.201643
-0.378717
0.216787
-0.335711
0.229821
-0.289514
0.240623
-0.240585
0.249099
-0.189411
0.255182
-0.136503
0.258835
-0.0823847
0.260048
-0.0276009
0.258819
0.0274857
0.255152
0.082405
0.249063
0.136551
0.240585
0.189458
0.229782
0.240623
0.21675
0.289543
0.201608
0.33573
0.184502
0.378727
0.165596
0.418107
0.145074
0.453481
0.123134
0.484497
0.0999902
0.510845
0.0758659
0.532256
0.050996
0.548503
0.025624
0.559408
-1.20048e-10
0.564851
-0.025624
0.564851
-0.050996
0.559408
-0.0758659
0.548503
-0.0999902
0.532256
-0.123134
0.510845
-0.145074
0.484497
-0.165596
0.453481
-0.184502
0.418107
-0.201608
0.378727
-0.21675
0.33573
-0.229782
0.289543
-0.240585
0.240623
-0.249063
0.189458
-0.255152
0.136551
-0.258819
0.082405
-0.260048
0.0274857
-0.258835
-0.0276009
-0.255182
-0.0823847
-0.249099
-0.136503
-0.240623
-0.189411
-0.229821
-0.240585
-0.216787
-0.289514
-0.201643
-0.335711
-0.184535
-0.378717
-0.165627
-0.418105
-0.145103
-0.453485
-0.123161
-0.484507
-0.100014
-0.510859
-0.0758861
-0.532272
-0.0510107
-0.54852
-0.0256316
-0.559424
-0.564872
0.0201928
-0.585065
0.0401866
-0.579418
0.0597829
-0.568116
0.0787897
-0.551279
0.0970225
-0.529092
0.114305
-0.501789
0.130468
-0.469649
0.145356
-0.432993
0.158822
-0.392183
0.170735
-0.347624
0.18098
-0.299758
0.189458
-0.249063
0.196094
-0.196047
0.200841
-0.141249
0.203678
-0.0852225
0.204611
-0.0285339
0.203652
0.0284454
0.200799
0.0852576
0.196047
0.141303
0.189411
0.196094
0.180935
0.249099
0.170694
0.299783
0.158785
0.34764
0.145322
0.39219
0.130438
0.432992
0.114277
0.469642
0.0969978
0.501776
0.0787681
0.529075
0.0597651
0.551259
0.0401739
0.568095
0.0201865
0.579395
-9.2748e-11
0.585037
-0.0201865
0.585037
-0.0401739
0.579395
-0.0597651
0.568095
-0.0787681
0.551259
-0.0969978
0.529075
-0.114277
0.501776
-0.130438
0.469642
-0.145322
0.432992
-0.158785
0.39219
-0.170694
0.34764
-0.180935
0.299783
-0.189411
0.249099
-0.196047
0.196094
-0.200799
0.141303
-0.203652
0.0852576
-0.204611
0.0284454
-0.203678
-0.0285339
-0.200841
-0.0852225
-0.196094
-0.141249
-0.189458
-0.196047
-0.18098
-0.249063
-0.170735
-0.299758
-0.158822
-0.347624
-0.145356
-0.392183
-0.130468
-0.432993
-0.114305
-0.469649
-0.0970225
-0.501789
-0.0787897
-0.529092
-0.0597829
-0.551279
-0.0401866
-0.568116
-0.0201928
-0.579418
-0.585065
0.014561
-0.599626
0.0289787
-0.593835
0.0431094
-0.582247
0.0568148
-0.564984
0.0699616
-0.542238
0.0824223
-0.51425
0.0940753
-0.481302
0.104807
-0.443724
0.11451
-0.401887
0.12309
-0.356204
0.130461
-0.307129
0.136551
-0.255152
0.141303
-0.200799
0.144681
-0.144628
0.146681
-0.0872226
0.147326
-0.0291789
0.146643
0.0291285
0.144628
0.087273
0.141249
0.144681
0.136503
0.200841
0.13042
0.255182
0.123055
0.307148
0.114481
0.356214
0.104782
0.401888
0.0940553
0.443719
0.0824055
0.481291
0.0699475
0.514234
0.056803
0.542219
0.0430999
0.564962
0.0289722
0.582222
0.0145582
0.593809
-6.59297e-11
0.599596
-0.0145582
0.599596
-0.0289722
0.593809
-0.0430999
0.582222
-0.056803
0.564962
-0.0699475
0.542219
-0.0824055
0.514234
-0.0940553
0.481291
-0.104782
0.443719
-0.114481
0.401888
-0.123055
0.356214
-0.13042
0.307148
-0.136503
0.255182
-0.141249
0.200841
-0.144628
0.144681
-0.146643
0.087273
-0.147326
0.0291284
-0.146681
-0.0291789
-0.144681
-0.0872226
-0.141303
-0.144628
-0.136551
-0.200799
-0.130461
-0.255152
-0.12309
-0.307129
-0.11451
-0.356204
-0.104807
-0.401887
-0.0940753
-0.443724
-0.0824223
-0.481302
-0.0699616
-0.51425
-0.0568148
-0.542238
-0.0431094
-0.564984
-0.0289787
-0.582247
-0.014561
-0.593835
-0.599626
0.00878885
-0.608415
0.0174916
-0.602538
0.0260213
-0.590777
0.0342944
-0.573257
0.0422303
-0.550174
0.0497521
-0.521771
0.056786
-0.488336
0.063263
-0.450201
0.069119
-0.407743
0.0742951
-0.36138
0.0787389
-0.311573
0.082405
-0.258819
0.0852576
-0.203652
0.087273
-0.146643
0.0884476
-0.0883971
0.0888045
-0.0295358
0.0883971
0.0295358
0.0872226
0.0884476
0.0852225
0.146681
0.0823847
0.203678
0.078731
0.258835
0.0742969
0.311582
0.0691277
0.361383
0.0632763
0.40774
0.0568018
0.450193
0.0497686
0.488325
0.0422461
0.521757
0.0343084
0.550157
0.0260326
0.573238
0.0174999
0.590755
0.00879377
0.602515
-4.01763e-11
0.608389
-0.00879377
0.608389
-0.0174999
0.602515
-0.0260326
0.590755
-0.0343084
0.573238
-0.0422461
0.550157
-0.0497686
0.521757
-0.0568018
0.488325
-0.0632763
0.450193
-0.0691277
0.40774
-0.0742969
0.361383
-0.078731
0.311582
-0.0823847
0.258835
-0.0852225
0.203678
-0.0872226
0.146681
-0.0883971
0.0884476
-0.0888045
0.0295358
-0.0884476
-0.0295358
-0.087273
-0.0883971
-0.0852576
-0.146643
-0.082405
-0.203652
-0.0787389
-0.258819
-0.0742951
-0.311573
-0.069119
-0.36138
-0.063263
-0.407743
-0.056786
-0.450201
-0.0497521
-0.488336
-0.0422303
-0.521771
-0.0342944
-0.550174
-0.0260213
-0.573257
-0.0174916
-0.590777
-0.00878885
-0.602538
-0.608415
0.00292683
-0.611342
0.00582605
-0.605437
0.00866787
-0.593619
0.0114249
-0.576014
0.01407
-0.552819
0.0165778
-0.524279
0.0189237
-0.490682
0.021085
-0.452362
0.0230402
-0.409698
0.0247699
-0.36311
0.0262567
-0.31306
0.0274857
-0.260048
0.0284454
-0.204611
0.0291284
-0.147326
0.0295358
-0.0888045
0.0296597
-0.0296597
0.0295358
0.0296598
0.0291789
0.0888045
0.0285339
0.147326
0.0276009
0.204611
0.0263887
0.260048
0.0249108
0.31306
0.0231836
0.36311
0.0212256
0.409698
0.019057
0.452362
0.0166997
0.490682
0.0141773
0.524279
0.0115146
0.552819
0.00873812
0.576014
0.00587453
0.593619
0.00295255
0.605437
-1.51557e-11
0.611342
-0.00295255
0.611342
-0.00587453
0.605437
-0.00873812
0.593619
-0.0115146
0.576014
-0.0141773
0.552819
-0.0166997
0.524279
-0.019057
0.490682
-0.0212256
0.452362
-0.0231836
0.409698
-0.0249108
0.36311
-0.0263887
0.31306
-0.0276009
0.260048
-0.0285339
0.204611
-0.0291789
0.147326
-0.0295358
0.0888045
-0.0296597
0.0296597
-0.0295358
-0.0296598
-0.0291284
-0.0888045
-0.0284454
-0.147326
-0.0274857
-0.204611
-0.0262567
-0.260048
-0.0247699
-0.31306
-0.0230402
-0.36311
-0.021085
-0.409698
-0.0189237
-0.452362
-0.0165778
-0.490682
-0.01407
-0.524279
-0.0114249
-0.552819
-0.00866787
-0.576014
-0.00582605
-0.593619
-0.00292683
-0.605437
-0.611342
-0.00295255
-0.608389
-0.00587453
-0.602515
-0.00873812
-0.590755
-0.0115146
-0.573238
-0.0141773
-0.550157
-0.0166997
-0.521757
-0.019057
-0.488325
-0.0212256
-0.450193
-0.0231836
-0.40774
-0.0249108
-0.361383
-0.0263887
-0.311582
-0.0276009
-0.258835
-0.0285339
-0.203678
-0.0291789
-0.146681
-0.0295358
-0.0884476
-0.0296598
-0.0295358
-0.0295358
0.0295358
-0.0291285
0.0883971
-0.0284454
0.146643
-0.0274857
0.203652
-0.0262567
0.258819
-0.0247699
0.311573
-0.0230402
0.36138
-0.021085
0.407743
-0.0189237
0.450201
-0.0165778
0.488336
-0.01407
0.521771
-0.0114249
0.550174
-0.00866787
0.573257
-0.00582605
0.590777
-0.00292683
0.602538
9.30712e-12
0.608415
0.00292683
0.608415
0.00582605
0.602538
0.00866787
0.590777
0.0114249
0.573257
0.01407
0.550174
0.0165778
0.521771
0.0189237
0.488336
0.021085
0.450201
0.0230402
0.407743
0.0247699
0.36138
0.0262567
0.311573
0.0274857
0.258819
0.0284454
0.203652
0.0291285
0.146643
0.0295358
0.0883971
0.0296598
0.0295358
0.0295358
-0.0295358
0.0291789
-0.0884476
0.0285339
-0.146681
0.0276009
-0.203678
0.0263887
-0.258835
0.0249108
-0.311582
0.0231836
-0.361383
0.0212256
-0.40774
0.019057
-0.450193
0.0166997
-0.488325
0.0141773
-0.521757
0.0115146
-0.550157
0.00873812
-0.573238
0.00587453
-0.590755
0.00295255
-0.602515
-0.608389
-0.00879377
-0.599596
-0.0174999
-0.593809
-0.0260326
-0.582222
-0.0343084
-0.564962
-0.0422461
-0.542219
-0.0497686
-0.514234
-0.0568018
-0.481291
-0.0632763
-0.443719
-0.0691277
-0.401888
-0.0742969
-0.356214
-0.078731
-0.307148
-0.0823847
-0.255182
-0.0852225
-0.200841
-0.0872226
-0.144681
-0.0883971
-0.087273
-0.0888045
-0.0291284
-0.0884476
0.0291789
-0.087273
0.0872226
-0.0852576
0.144628
-0.082405
0.200799
-0.0787389
0.255152
-0.0742951
0.307129
-0.069119
0.356204
-0.063263
0.401887
-0.056786
0.443724
-0.0497521
0.481302
-0.0422303
0.51425
-0.0342944
0.542238
-0.0260213
0.564984
-0.0174916
0.582247
-0.00878885
0.593835
3.22662e-11
0.599626
0.00878885
0.599626
0.0174916
0.593835
0.0260213
0.582247
0.0342944
0.564984
0.0422303
0.542238
0.0497521
0.51425
0.056786
0.481302
0.063263
0.443724
0.069119
0.401887
0.0742951
0.356204
0.0787389
0.307129
0.082405
0.255152
0.0852576
0.200799
0.087273
0.144628
0.0884476
0.0872226
0.0888045
0.0291789
0.0883971
-0.0291285
0.0872226
-0.087273
0.0852225
-0.144681
0.0823847
-0.200841
0.078731
-0.255182
0.0742969
-0.307148
0.0691277
-0.356214
0.0632763
-0.401888
0.0568018
-0.443719
0.0497686
-0.481291
0.0422461
-0.514234
0.0343084
-0.542219
0.0260326
-0.564962
0.0174999
-0.582222
0.00879377
-0.593809
-0.599596
-0.0145582
-0.585037
-0.0289722
-0.579395
-0.0430999
-0.568095
-0.056803
-0.551259
-0.0699475
-0.529075
-0.0824055
-0.501776
-0.0940553
-0.469642
-0.104782
-0.432992
-0.114481
-0.39219
-0.123055
-0.34764
-0.13042
-0.299783
-0.136503
-0.249099
-0.141249
-0.196094
-0.144628
-0.141303
-0.146643
-0.0852576
-0.147326
-0.0284454
-0.146681
0.0285339
-0.144681
0.0852225
-0.141303
0.141249
-0.136551
0.196047
-0.130461
0.249063
-0.12309
0.299758
-0.11451
0.347624
-0.104807
0.392183
-0.0940753
0.432993
-0.0824223
0.469649
-0.0699616
0.501789
-0.0568148
0.529092
-0.0431094
0.551279
-0.0289787
0.568116
-0.014561
0.579418
5.2567e-11
0.585065
0.014561
0.585065
0.0289787
0.579418
0.0431094
0.568116
0.0568148
0.551279
0.0699616
0.529092
0.0824223
0.501789
0.0940753
0.469649
0.104807
0.432993
0.11451
0.392183
0.12309
0.347624
0.130461
0.299758
0.136551
0.249063
0.141303
0.196047
0.144681
0.141249
0.146681
0.0852225
0.147326
0.0285339
0.146643
-0.0284454
0.144628
-0.0852576
0.141249
-0.141303
0.136503
-0.196094
0.13042
-0.249099
0.123055
-0.299783
0.114481
-0.34764
0.104782
-0.39219
0.0940553
-0.432992
0.0824055
-0.469642
0.0699475
-0.501776
0.056803
-0.529075
0.0430999
-0.551259
0.0289722
-0.568095
0.0145582
-0.579395
-0.585037
-0.0201865
-0.564851
-0.0401739
-0.559408
-0.0597651
-0.548503
-0.0787681
-0.532256
-0.0969978
-0.510845
-0.114277
-0.484497
-0.130438
-0.453481
-0.145322
-0.418107
-0.158785
-0.378727
-0.170694
-0.33573
-0.180935
-0.289543
-0.189411
-0.240623
-0.196047
-0.189458
-0.200799
-0.136551
-0.203652
-0.082405
-0.204611
-0.0274857
-0.203678
0.0276009
-0.200841
0.0823847
-0.196094
0.136503
-0.189458
0.189411
-0.18098
0.240585
-0.170735
0.289514
-0.158822
0.335711
-0.145356
0.378717
-0.130468
0.418105
-0.114305
0.453485
-0.0970225
0.484507
-0.0787897
0.510859
-0.0597829
0.532272
-0.0401866
0.54852
-0.0201928
0.559424
7.04364e-11
0.564872
0.0201928
0.564872
0.0401866
0.559424
0.0597829
0.54852
0.0787897
0.532272
0.0970225
0.510859
0.114305
0.484507
0.130468
0.453485
0.145356
0.418105
0.158822
0.378717
0.170735
0.335711
0.18098
0.289514
0.189458
0.240585
0.196094
0.189411
0.200841
0.136503
0.203678
0.0823847
0.204611
0.0276009
0.203652
-0.0274857
0.200799
-0.082405
0.196047
-0.136551
0.189411
-0.189458
0.180935
-0.240623
0.170694
-0.289543
0.158785
-0.33573
0.145322
-0.378727
0.130438
-0.418107
0.114277
-0.453481
0.0969978
-0.484497
0.0787681
-0.510845
0.0597651
-0.532256
0.0401739
-0.548503
0.0201865
-0.559408
-0.564851
-0.025624
-0.539227
-0.050996
-0.534036
-0.0758659
-0.523634
-0.0999902
-0.508132
-0.123134
-0.487701
-0.145074
-0.462558
-0.165596
-0.432959
-0.184502
-0.399201
-0.201608
-0.361621
-0.21675
-0.320588
-0.229782
-0.27651
-0.240585
-0.229821
-0.249063
-0.18098
-0.255152
-0.130461
-0.258819
-0.0787389
-0.260048
-0.0262567
-0.258835
0.0263887
-0.255182
0.078731
-0.249099
0.13042
-0.240623
0.180935
-0.229821
0.229782
-0.216787
0.27648
-0.201643
0.320568
-0.184535
0.361608
-0.165627
0.399197
-0.145103
0.432961
-0.123161
0.462565
-0.100014
0.487712
-0.0758861
0.508144
-0.0510107
0.523645
-0.0256316
0.534045
8.66519e-11
0.539241
0.0256316
0.539241
0.0510107
0.534045
0.0758861
0.523645
0.100014
0.508144
0.123161
0.487712
0.145103
0.462565
0.165627
0.432961
0.184535
0.399197
0.201643
0.361608
0.216787
0.320568
0.229821
0.27648
0.240623
0.229782
0.249099
0.180935
0.255182
0.13042
0.258835
0.078731
0.260048
0.0263887
0.258819
-0.0262567
0.255152
-0.0787389
0.249063
-0.130461
0.240585
-0.18098
0.229782
-0.229821
0.21675
-0.27651
0.201608
-0.320588
0.184502
-0.361621
0.165596
-0.399201
0.145074
-0.432959
0.123134
-0.462558
0.0999902
-0.487701
0.0758659
-0.508132
0.050996
-0.523634
0.025624
-0.534036
-0.539227
-0.030818
-0.508409
-0.0613339
-0.50352
-0.091247
-0.49372
-0.120265
-0.479114
-0.148105
-0.459861
-0.174498
-0.436164
-0.19919
-0.408267
-0.221942
-0.376449
-0.242535
-0.341027
-0.260772
-0.302352
-0.27648
-0.260802
-0.289514
-0.216787
-0.299758
-0.170735
-0.307129
-0.12309
-0.311573
-0.0742951
-0.31306
-0.0247699
-0.311582
0.0249108
-0.307148
0.0742969
-0.299783
0.123055
-0.289543
0.170694
-0.27651
0.21675
-0.260802
0.260772
-0.242565
0.30233
-0.22197
0.341014
-0.199217
0.376444
-0.174524
0.408268
-0.148129
0.43617
-0.120287
0.45987
-0.0912662
0.479123
-0.0613483
0.493727
-0.0308258
0.503522
1.00792e-10
0.508415
0.0308258
0.508415
0.0613483
0.503522
0.0912662
0.493727
0.120287
0.479123
0.148129
0.45987
0.174524
0.43617
0.199217
0.408268
0.22197
0.376444
0.242565
0.341014
0.260802
0.30233
0.27651
0.260772
0.289543
0.21675
0.299783
0.170694
0.307148
0.123055
0.311582
0.0742969
0.31306
0.0249108
0.311573
-0.0247699
0.307129
-0.0742951
0.299758
-0.12309
0.289514
-0.170735
0.27648
-0.216787
0.260772
-0.260802
0.242535
-0.302352
0.221942
-0.341027
0.19919
-0.376449
0.174498
-0.408267
0.148105
-0.436164
0.120265
-0.459861
0.091247
-0.479114
0.0613339
-0.49372
0.030818
-0.50352
-0.508409
-0.0357184
-0.47269
-0.0710876
-0.468151
-0.105759
-0.459049
-0.139395
-0.445479
-0.171668
-0.427588
-0.202266
-0.405566
-0.230895
-0.379638
-0.25728
-0.350064
-0.281168
-0.31714
-0.30233
-0.281189
-0.320568
-0.242565
-0.335711
-0.201643
-0.347624
-0.158822
-0.356204
-0.11451
-0.36138
-0.069119
-0.36311
-0.0230402
-0.361383
0.0231836
-0.356214
0.0691277
-0.34764
0.114481
-0.33573
0.158785
-0.320588
0.201608
-0.302352
0.242535
-0.281189
0.281168
-0.257301
0.317126
-0.230916
0.350058
-0.202286
0.379638
-0.171687
0.405571
-0.139413
0.427596
-0.105776
0.445485
-0.0711
0.459051
-0.0357254
0.468148
1.11645e-10
0.47269
0.0357254
0.47269
0.0711
0.468148
0.105776
0.459051
0.139413
0.445485
0.171687
0.427596
0.202286
0.405571
0.230916
0.379638
0.257301
0.350058
0.281189
0.317126
0.302352
0.281168
0.320588
0.242535
0.33573
0.201608
0.34764
0.158785
0.356214
0.114481
0.361383
0.0691277
0.36311
0.0231836
0.36138
-0.0230402
0.356204
-0.069119
0.347624
-0.11451
0.335711
-0.158822
0.320568
-0.201643
0.30233
-0.242565
0.281168
-0.281189
0.25728
-0.31714
0.230895
-0.350064
0.202266
-0.379638
0.171668
-0.405566
0.139395
-0.427588
0.105759
-0.445479
0.0710876
-0.459049
0.0357184
-0.468151
-0.47269
-0.0402773
-0.432413
-0.080162
-0.428266
-0.119262
-0.419948
-0.157196
-0.407545
-0.193594
-0.391189
-0.228107
-0.371053
-0.260402
-0.347342
-0.29017
-0.320297
-0.317126
-0.290184
-0.341014
-0.257301
-0.361608
-0.22197
-0.378717
-0.184535
-0.392183
-0.145356
-0.401887
-0.104807
-0.407743
-0.063263
-0.409698
-0.021085
-0.40774
0.0212256
-0.401888
0.0632763
-0.39219
0.104782
-0.378727
0.145322
-0.361621
0.184502
-0.341027
0.221942
-0.31714
0.25728
-0.290184
0.29017
-0.260416
0.32029
-0.228121
0.347343
-0.193608
0.371058
-0.157209
0.391197
-0.119274
0.407551
-0.0801716
0.419949
-0.0402831
0.428259
1.18614e-10
0.432406
0.0402831
0.432406
0.0801716
0.428259
0.119274
0.419949
0.157209
0.407551
0.193608
0.391197
0.228121
0.371058
0.260416
0.347343
0.290184
0.32029
0.31714
0.29017
0.341027
0.25728
0.361621
0.221942
0.378727
0.184502
0.39219
0.145322
0.401888
0.104782
0.40774
0.0632763
0.409698
0.0212256
0.407743
-0.021085
0.401887
-0.063263
0.392183
-0.104807
0.378717
-0.145356
0.361608
-0.184535
0.341014
-0.22197
0.317126
-0.257301
0.29017
-0.290184
0.260402
-0.320297
0.228107
-0.347342
0.193594
-0.371053
0.157196
-0.391189
0.119262
-0.407545
0.080162
-0.419948
0.0402773
-0.428266
-0.432413
-0.0444501
-0.387963
-0.0884684
-0.384248
-0.131623
-0.376794
-0.173492
-0.365676
-0.21367
-0.351011
-0.251768
-0.332954
-0.287423
-0.311688
-0.32029
-0.287429
-0.350058
-0.260416
-0.376444
-0.230916
-0.399197
-0.199217
-0.418105
-0.165627
-0.432993
-0.130468
-0.443724
-0.0940753
-0.450201
-0.056786
-0.452362
-0.0189237
-0.450193
0.019057
-0.443719
0.0568018
-0.432992
0.0940553
-0.418107
0.130438
-0.399201
0.165596
-0.376449
0.19919
-0.350064
0.230895
-0.320297
0.260402
-0.287429
0.287423
-0.251775
0.311689
-0.213676
0.33296
-0.173499
0.351019
-0.131629
0.365682
-0.0884743
0.376794
-0.0444543
0.384239
1.22044e-10
0.387952
0.0444543
0.387952
0.0884743
0.384239
0.131629
0.376794
0.173499
0.365682
0.213676
0.351019
0.251775
0.33296
0.287429
0.311689
0.320297
0.287423
0.350064
0.260402
0.376449
0.230895
0.399201
0.19919
0.418107
0.165596
0.432992
0.130438
0.443719
0.0940553
0.450193
0.0568018
0.452362
0.019057
0.450201
-0.0189237
0.443724
-0.056786
0.432993
-0.0940753
0.418105
-0.130468
0.399197
-0.165627
0.376444
-0.199217
0.350058
-0.230916
0.32029
-0.260416
0.287423
-0.287429
0.251768
-0.311688
0.21367
-0.332954
0.173492
-0.351011
0.131623
-0.365676
0.0884684
-0.376794
0.0444501
-0.384248
-0.387963
-0.0481955
-0.339768
-0.0959246
-0.336519
-0.142719
-0.329999
-0.188123
-0.320272
-0.231696
-0.307439
-0.273016
-0.291633
-0.311689
-0.273016
-0.347343
-0.251775
-0.379638
-0.228121
-0.408268
-0.202286
-0.432961
-0.174524
-0.453485
-0.145103
-0.469649
-0.114305
-0.481302
-0.0824223
-0.488336
-0.0497521
-0.490682
-0.0165778
-0.488325
0.0166997
-0.481291
0.0497686
-0.469642
0.0824055
-0.453481
0.114277
-0.432959
0.145074
-0.408267
0.174498
-0.379638
0.202266
-0.347342
0.228107
-0.311688
0.251768
-0.273016
0.273016
-0.231695
0.291639
-0.188123
0.307447
-0.14272
0.320279
-0.0959265
0.33
-0.048198
0.336511
1.22387e-10
0.339754
0.048198
0.339754
0.0959265
0.336511
0.14272
0.33
0.188123
0.320279
0.231695
0.307447
0.273016
0.291639
0.311688
0.273016
0.347342
0.251768
0.379638
0.228107
0.408267
0.202266
0.432959
0.174498
0.453481
0.145074
0.469642
0.114277
0.481291
0.0824055
0.488325
0.0497686
0.490682
0.0166997
0.488336
-0.0165778
0.481302
-0.0497521
0.469649
-0.0824223
0.453485
-0.114305
0.432961
-0.145103
0.408268
-0.174524
0.379638
-0.202286
0.347343
-0.228121
0.311689
-0.251775
0.273016
-0.273016
0.231696
-0.291633
0.188123
-0.307439
0.142719
-0.320272
0.0959246
-0.329999
0.0481955
-0.336519
-0.339768
-0.0514763
-0.288291
-0.102456
-0.285539
-0.152441
-0.280014
-0.200943
-0.27177
-0.247492
-0.26089
-0.291639
-0.247486
-0.33296
-0.231695
-0.371058
-0.213676
-0.405571
-0.193608
-0.43617
-0.171687
-0.462565
-0.148129
-0.484507
-0.123161
-0.501789
-0.0970225
-0.51425
-0.0699616
-0.521771
-0.0422303
-0.524279
-0.01407
-0.521757
0.0141773
-0.514234
0.0422461
-0.501776
0.0699475
-0.484497
0.0969978
-0.462558
0.123134
-0.436164
0.148105
-0.405566
0.171668
-0.371053
0.193594
-0.332954
0.21367
-0.291633
0.231696
-0.247486
0.247492
-0.200938
0.260899
-0.152437
0.271778
-0.102454
0.280017
-0.0514768
0.285533
1.19625e-10
0.288277
0.0514768
0.288277
0.102454
0.285533
0.152437
0.280017
0.200938
0.271778
0.247486
0.260899
0.291633
0.247492
0.332954
0.231696
0.371053
0.21367
0.405566
0.193594
0.436164
0.171668
0.462558
0.148105
0.484497
0.123134
0.501776
0.0969978
0.514234
0.0699475
0.521757
0.0422461
0.524279
0.0141773
0.521771
-0.01407
0.51425
-0.0422303
0.501789
-0.0699616
0.484507
-0.0970225
0.462565
-0.123161
0.43617
-0.148129
0.405571
-0.171687
0.371058
-0.193608
0.33296
-0.213676
0.291639
-0.231695
0.247492
-0.247486
0.200943
-0.26089
0.152441
-0.27177
0.102456
-0.280014
0.0514763
-0.285539
-0.288291
-0.0542592
-0.234032
-0.107997
-0.231801
-0.160688
-0.227322
-0.211821
-0.220637
-0.260899
-0.211812
-0.307447
-0.200938
-0.351019
-0.188123
-0.391197
-0.173499
-0.427596
-0.157209
-0.45987
-0.139413
-0.487712
-0.120287
-0.510859
-0.100014
-0.529092
-0.0787897
-0.542238
-0.0568148
-0.550174
-0.0342944
-0.552819
-0.0114249
-0.550157
0.0115146
-0.542219
0.0343084
-0.529075
0.056803
-0.510845
0.0787681
-0.487701
0.0999902
-0.459861
0.120265
-0.427588
0.139395
-0.391189
0.157196
-0.351011
0.173492
-0.307439
0.188123
-0.26089
0.200943
-0.211812
0.211821
-0.160681
0.220646
-0.107992
0.227328
-0.0542578
0.231799
1.13409e-10
0.23402
0.0542578
0.23402
0.107992
0.231799
0.160681
0.227328
0.211812
0.220646
0.26089
0.211821
0.307439
0.200943
0.351011
0.188123
0.391189
0.173492
0.427588
0.157196
0.459861
0.139395
0.487701
0.120265
0.510845
0.0999902
0.529075
0.0787681
0.542219
0.056803
0.550157
0.0343084
0.552819
0.0115146
0.550174
-0.0114249
0.542238
-0.0342944
0.529092
-0.0568148
0.510859
-0.0787897
0.487712
-0.100014
0.45987
-0.120287
0.427596
-0.139413
0.391197
-0.157209
0.351019
-0.173499
0.307447
-0.188123
0.260899
-0.200938
0.211821
-0.211812
0.160688
-0.220637
0.107997
-0.227322
0.0542592
-0.231801
-0.234032
-0.0565159
-0.177516
-0.11249
-0.175827
-0.167378
-0.172434
-0.220646
-0.167369
-0.271778
-0.160681
-0.320279
-0.152437
-0.365682
-0.14272
-0.407551
-0.131629
-0.445485
-0.119274
-0.479123
-0.105776
-0.508144
-0.0912662
-0.532272
-0.0758861
-0.551279
-0.0597829
-0.564984
-0.0431094
-0.573257
-0.0260213
-0.576014
-0.00866787
-0.573238
0.00873812
-0.564962
0.0260326
-0.551259
0.0430999
-0.532256
0.0597651
-0.508132
0.0758659
-0.479114
0.091247
-0.445479
0.105759
-0.407545
0.119262
-0.365676
0.131623
-0.320272
0.142719
-0.27177
0.152441
-0.220637
0.160688
-0.167369
0.167378
-0.112483
0.172442
-0.0565128
0.175829
1.03858e-10
0.177507
0.0565128
0.177507
0.112483
0.175829
0.167369
0.172442
0.220637
0.167378
0.27177
0.160688
0.320272
0.152441
0.365676
0.142719
0.407545
0.131623
0.445479
0.119262
0.479114
0.105759
0.508132
0.091247
0.532256
0.0758659
0.551259
0.0597651
0.564962
0.0430999
0.573238
0.0260326
0.576014
0.00873812
0.573257
-0.00866787
0.564984
-0.0260213
0.551279
-0.0431094
0.532272
-0.0597829
0.508144
-0.0758861
0.479123
-0.0912662
0.445485
-0.105776
0.407551
-0.119274
0.365682
-0.131629
0.320279
-0.14272
0.271778
-0.152437
0.220646
-0.160681
0.167378
-0.167369
0.11249
-0.172434
0.0565159
-0.175827
-0.177516
-0.0582237
-0.119293
-0.115891
-0.11816
-0.172442
-0.115883
-0.227328
-0.112483
-0.280017
-0.107992
-0.33
-0.102454
-0.376794
-0.0959265
-0.419949
-0.0884743
-0.459051
-0.0801716
-0.493727
-0.0711
-0.523645
-0.0613483
-0.54852
-0.0510107
-0.568116
-0.0401866
-0.582247
-0.0289787
-0.590777
-0.0174916
-0.593619
-0.00582605
-0.590755
0.00587453
-0.582222
0.0174999
-0.568095
0.0289722
-0.548503
0.0401739
-0.523634
0.050996
-0.49372
0.0613339
-0.459049
0.0710876
-0.419948
0.080162
-0.376794
0.0884684
-0.329999
0.0959246
-0.280014
0.102456
-0.227322
0.107997
-0.172434
0.11249
-0.115883
0.115891
-0.058219
0.118165
9.3263e-11
0.119288
0.058219
0.119288
0.115883
0.118165
0.172434
0.115891
0.227322
0.11249
0.280014
0.107997
0.329999
0.102456
0.376794
0.0959246
0.419948
0.0884684
0.459049
0.080162
0.49372
0.0710876
0.523634
0.0613339
0.548503
0.050996
0.568095
0.0401739
0.582222
0.0289722
0.590755
0.0174999
0.593619
0.00587453
0.590777
-0.00582605
0.582247
-0.0174916
0.568116
-0.0289787
0.54852
-0.0401866
0.523645
-0.0510107
0.493727
-0.0613483
0.459051
-0.0711
0.419949
-0.0801716
0.376794
-0.0884743
0.33
-0.0959265
0.280017
-0.102454
0.227328
-0.107992
0.172442
-0.112483
0.115891
-0.115883
0.0582237
-0.11816
-0.119293
-0.0593653
-0.0599273
-0.118165
-0.0593604
-0.175829
-0.058219
-0.231799
-0.0565128
-0.285533
-0.0542578
-0.336511
-0.0514768
-0.384239
-0.048198
-0.428259
-0.0444543
-0.468148
-0.0402831
-0.503522
-0.0357254
-0.534045
-0.0308258
-0.559424
-0.0256316
-0.579418
-0.0201928
-0.593835
-0.014561
-0.602538
-0.00878885
-0.605437
-0.00292683
-0.602515
0.00295255
-0.593809
0.00879377
-0.579395
0.0145582
-0.559408
0.0201865
-0.534036
0.025624
-0.50352
0.030818
-0.468151
0.0357184
-0.428266
0.0402773
-0.384248
0.0444501
-0.336519
0.0481955
-0.285539
0.0514763
-0.231801
0.0542592
-0.175827
0.0565159
-0.11816
0.0582237
-0.0593604
0.0593653
8.69247e-11
0.0599273
0.0593604
0.0599273
0.11816
0.0593653
0.175827
0.0582237
0.231801
0.0565159
0.285539
0.0542592
0.336519
0.0514763
0.384248
0.0481955
0.428266
0.0444501
0.468151
0.0402773
0.50352
0.0357184
0.534036
0.030818
0.559408
0.025624
0.579395
0.0201865
0.593809
0.0145582
0.602515
0.00879377
0.605437
0.00295255
0.602538
-0.00292683
0.593835
-0.00878885
0.579418
-0.014561
0.559424
-0.0201928
0.534045
-0.0256316
0.503522
-0.0308258
0.468148
-0.0357254
0.428259
-0.0402831
0.384239
-0.0444543
0.336511
-0.048198
0.285533
-0.0514768
0.231799
-0.0542578
0.175829
-0.0565128
0.118165
-0.058219
0.0593653
-0.0593604
-0.0599273
-0.0599273
5.35158e-11
-0.119288
3.56043e-11
-0.177507
2.8253e-11
-0.23402
3.07866e-11
-0.288277
3.96237e-11
-0.339754
5.2033e-11
-0.387952
6.46435e-11
-0.432406
7.60467e-11
-0.47269
8.60225e-11
-0.508415
9.33977e-11
-0.539241
9.74676e-11
-0.564872
9.84327e-11
-0.585065
9.65131e-11
-0.599626
9.15545e-11
-0.608415
8.40274e-11
-0.611342
7.49355e-11
-0.608389
6.42253e-11
-0.599596
5.14693e-11
-0.585037
3.66306e-11
-0.564851
2.10741e-11
-0.539227
5.53617e-12
-0.508409
-1.06998e-11
-0.47269
-2.79185e-11
-0.432413
-4.58913e-11
-0.387963
-6.43347e-11
-0.339768
-8.32631e-11
-0.288291
-1.0275e-10
-0.234032
-1.22626e-10
-0.177516
-1.4219e-10
-0.119293
-1.59917e-10
-0.0599273
-1.73676e-10
9.31461e-11
-1.81368e-10
0.0599273
-1.81918e-10
0.119293
-1.76066e-10
0.177516
-1.64895e-10
0.234032
-1.49777e-10
0.288291
-1.31756e-10
0.339768
-1.11625e-10
0.387963
-9.02864e-11
0.432413
-6.87443e-11
0.47269
-4.77171e-11
0.508409
-2.76461e-11
0.539227
-8.85215e-12
0.564851
8.55002e-12
0.585037
2.42679e-11
0.599596
3.76898e-11
0.608389
4.85056e-11
0.611342
5.70892e-11
0.608415
6.38929e-11
0.599626
6.81917e-11
0.585065
6.97134e-11
0.564872
6.87192e-11
0.539241
6.55408e-11
0.508415
6.02112e-11
0.47269
5.28813e-11
0.432406
4.40715e-11
0.387952
3.42381e-11
0.339754
2.37625e-11
0.288277
1.42441e-11
0.23402
7.08566e-12
0.177507
2.77992e-12
0.119288
3.44629e-12
0.0599273
1.22895e-11
3.87166e-11
-0.0599273
0.0599273
-0.119288
0.0593604
-0.177507
0.058219
-0.23402
0.0565128
-0.288277
0.0542578
-0.339754
0.0514768
-0.387952
0.048198
-0.432406
0.0444543
-0.47269
0.0402831
-0.508415
0.0357254
-0.539241
0.0308258
-0.564872
0.0256316
-0.585065
0.0201928
-0.599626
0.014561
-0.608415
0.00878885
-0.611342
0.00292683
-0.608389
-0.00295255
-0.599596
-0.00879377
-0.585037
-0.0145582
-0.564851
-0.0201865
-0.539227
-0.025624
-0.508409
-0.030818
-0.47269
-0.0357184
-0.432413
-0.0402773
-0.387963
-0.0444501
-0.339768
-0.0481955
-0.288291
-0.0514763
-0.234032
-0.0542592
-0.177516
-0.0565159
-0.119293
-0.0582237
-0.0599273
-0.0593653
9.19186e-11
-0.0599273
0.0599273
-0.0599273
0.119293
-0.0593653
0.177516
-0.0582237
0.234032
-0.0565159
0.288291
-0.0542592
0.339768
-0.0514763
0.387963
-0.0481955
0.432413
-0.0444501
0.47269
-0.0402773
0.508409
-0.0357184
0.539227
-0.030818
0.564851
-0.025624
0.585037
-0.0201865
0.599596
-0.0145582
0.608389
-0.00879377
0.611342
-0.00295255
0.608415
0.00292683
0.599626
0.00878885
0.585065
0.014561
0.564872
0.0201928
0.539241
0.0256316
0.508415
0.0308258
0.47269
0.0357254
0.432406
0.0402831
0.387952
0.0444543
0.339754
0.048198
0.288277
0.0514768
0.23402
0.0542578
0.177507
0.0565128
0.119288
0.058219
0.0599273
0.0593604
0.0599273
-0.0593653
0.119293
-0.118165
0.11816
-0.175829
0.115883
-0.231799
0.112483
-0.285533
0.107992
-0.336511
0.102454
-0.384239
0.0959265
-0.428259
0.0884743
-0.468148
0.0801716
-0.503522
0.0711
-0.534045
0.0613483
-0.559424
0.0510107
-0.579418
0.0401866
-0.593835
0.0289787
-0.602538
0.0174916
-0.605437
0.00582605
-0.602515
-0.00587453
-0.593809
-0.0174999
-0.579395
-0.0289722
-0.559408
-0.0401739
-0.534036
-0.050996
-0.50352
-0.0613339
-0.468151
-0.0710876
-0.428266
-0.080162
-0.384248
-0.0884684
-0.336519
-0.0959246
-0.285539
-0.102456
-0.231801
-0.107997
-0.175827
-0.11249
-0.11816
-0.115891
-0.0593604
-0.118165
7.99577e-11
-0.119288
0.0593604
-0.119288
0.11816
-0.118165
0.175827
-0.115891
0.231801
-0.11249
0.285539
-0.107997
0.336519
-0.102456
0.384248
-0.0959246
0.428266
-0.0884684
0.468151
-0.080162
0.50352
-0.0710876
0.534036
-0.0613339
0.559408
-0.050996
0.579395
-0.0401739
0.593809
-0.0289722
0.602515
-0.0174999
0.605437
-0.00587453
0.602538
0.00582605
0.593835
0.0174916
0.579418
0.0289787
0.559424
0.0401866
0.534045
0.0510107
0.503522
0.0613483
0.468148
0.0711
0.428259
0.0801716
0.384239
0.0884743
0.336511
0.0959265
0.285533
0.102454
0.231799
0.107992
0.175829
0.112483
0.118165
0.115883
0.0593653
0.11816
0.119293
-0.0582237
0.177516
-0.115891
0.175827
-0.172442
0.172434
-0.227328
0.167369
-0.280017
0.160681
-0.33
0.152437
-0.376794
0.14272
-0.419949
0.131629
-0.459051
0.119274
-0.493727
0.105776
-0.523645
0.0912662
-0.54852
0.0758861
-0.568116
0.0597829
-0.582247
0.0431094
-0.590777
0.0260213
-0.593619
0.00866787
-0.590755
-0.00873812
-0.582222
-0.0260326
-0.568095
-0.0430999
-0.548503
-0.0597651
-0.523634
-0.0758659
-0.49372
-0.091247
-0.459049
-0.105759
-0.419948
-0.119262
-0.376794
-0.131623
-0.329999
-0.142719
-0.280014
-0.152441
-0.227322
-0.160688
-0.172434
-0.167378
-0.115883
-0.172442
-0.058219
-0.175829
7.52588e-11
-0.177507
0.058219
-0.177507
0.115883
-0.175829
0.172434
-0.172442
0.227322
-0.167378
0.280014
-0.160688
0.329999
-0.152441
0.376794
-0.142719
0.419948
-0.131623
0.459049
-0.119262
0.49372
-0.105759
0.523634
-0.091247
0.548503
-0.0758659
0.568095
-0.0597651
0.582222
-0.0430999
0.590755
-0.0260326
0.593619
-0.00873812
0.590777
0.00866787
0.582247
0.0260213
0.568116
0.0431094
0.54852
0.0597829
0.523645
0.0758861
0.493727
0.0912662
0.459051
0.105776
0.419949
0.119274
0.376794
0.131629
0.33
0.14272
0.280017
0.152437
0.227328
0.160681
0.172442
0.167369
0.115891
0.172434
0.0582237
0.175827
0.177516
-0.0565159
0.234032
-0.11249
0.231801
-0.167378
0.227322
-0.220646
0.220637
-0.271778
0.211812
-0.320279
0.200938
-0.365682
0.188123
-0.407551
0.173499
-0.445485
0.157209
-0.479123
0.139413
-0.508144
0.120287
-0.532272
0.100014
-0.551279
0.0787897
-0.564984
0.0568148
-0.573257
0.0342944
-0.576014
0.0114249
-0.573238
-0.0115146
-0.564962
-0.0343084
-0.551259
-0.056803
-0.532256
-0.0787681
-0.508132
-0.0999902
-0.479114
-0.120265
-0.445479
-0.139395
-0.407545
-0.157196
-0.365676
-0.173492
-0.320272
-0.188123
-0.27177
-0.200943
-0.220637
-0.211821
-0.167369
-0.220646
-0.112483
-0.227328
-0.0565128
-0.231799
7.52283e-11
-0.23402
0.0565128
-0.23402
0.112483
-0.231799
0.167369
-0.227328
0.220637
-0.220646
0.27177
-0.211821
0.320272
-0.200943
0.365676
-0.188123
0.407545
-0.173492
0.445479
-0.157196
0.479114
-0.139395
0.508132
-0.120265
0.532256
-0.0999902
0.551259
-0.0787681
0.564962
-0.056803
0.573238
-0.0343084
0.576014
-0.0115146
0.573257
0.0114249
0.564984
0.0342944
0.551279
0.0568148
0.532272
0.0787897
0.508144
0.100014
0.479123
0.120287
0.445485
0.139413
0.407551
0.157209
0.365682
0.173499
0.320279
0.188123
0.271778
0.200938
0.220646
0.211812
0.167378
0.220637
0.11249
0.227322
0.0565159
0.231801
0.234032
-0.0542592
0.288291
-0.107997
0.285539
-0.160688
0.280014
-0.211821
0.27177
-0.260899
0.26089
-0.307447
0.247486
-0.351019
0.231695
-0.391197
0.213676
-0.427596
0.193608
-0.45987
0.171687
-0.487712
0.148129
-0.510859
0.123161
-0.529092
0.0970225
-0.542238
0.0699616
-0.550174
0.0422303
-0.552819
0.01407
-0.550157
-0.0141773
-0.542219
-0.0422461
-0.529075
-0.0699475
-0.510845
-0.0969978
-0.487701
-0.123134
-0.459861
-0.148105
-0.427588
-0.171668
-0.391189
-0.193594
-0.351011
-0.21367
-0.307439
-0.231696
-0.26089
-0.247492
-0.211812
-0.260899
-0.160681
-0.271778
-0.107992
-0.280017
-0.0542578
-0.285533
8.17977e-11
-0.288277
0.0542578
-0.288277
0.107992
-0.285533
0.160681
-0.280017
0.211812
-0.271778
0.26089
-0.260899
0.307439
-0.247492
0.351011
-0.231696
0.391189
-0.21367
0.427588
-0.193594
0.459861
-0.171668
0.487701
-0.148105
0.510845
-0.123134
0.529075
-0.0969978
0.542219
-0.0699475
0.550157
-0.0422461
0.552819
-0.0141773
0.550174
0.01407
0.542238
0.0422303
0.529092
0.0699616
0.510859
0.0970225
0.487712
0.123161
0.45987
0.148129
0.427596
0.171687
0.391197
0.193608
0.351019
0.213676
0.307447
0.231695
0.260899
0.247486
0.211821
0.26089
0.160688
0.27177
0.107997
0.280014
0.0542592
0.285539
0.288291
-0.0514763
0.339768
-0.102456
0.336519
-0.152441
0.329999
-0.200943
0.320272
-0.247492
0.307439
-0.291639
0.291633
-0.33296
0.273016
-0.371058
0.251775
-0.405571
0.228121
-0.43617
0.202286
-0.462565
0.174524
-0.484507
0.145103
-0.501789
0.114305
-0.51425
0.0824223
-0.521771
0.0497521
-0.524279
0.0165778
-0.521757
-0.0166997
-0.514234
-0.0497686
-0.501776
-0.0824055
-0.484497
-0.114277
-0.462558
-0.145074
-0.436164
-0.174498
-0.405566
-0.202266
-0.371053
-0.228107
-0.332954
-0.251768
-0.291633
-0.273016
-0.247486
-0.291639
-0.200938
-0.307447
-0.152437
-0.320279
-0.102454
-0.33
-0.0514768
-0.336511
9.40434e-11
-0.339754
0.0514768
-0.339754
0.102454
-0.336511
0.152437
-0.33
0.200938
-0.320279
0.247486
-0.307447
0.291633
-0.291639
0.332954
-0.273016
0.371053
-0.251768
0.405566
-0.228107
0.436164
-0.202266
0.462558
-0.174498
0.484497
-0.145074
0.501776
-0.114277
0.514234
-0.0824055
0.521757
-0.0497686
0.524279
-0.0166997
0.521771
0.0165778
0.51425
0.0497521
0.501789
0.0824223
0.484507
0.114305
0.462565
0.145103
0.43617
0.174524
0.405571
0.202286
0.371058
0.228121
0.33296
0.251775
0.291639
0.273016
0.247492
0.291633
0.200943
0.307439
0.152441
0.320272
0.102456
0.329999
0.0514763
0.336519
0.339768
-0.0481955
0.387963
-0.0959246
0.384248
-0.142719
0.376794
-0.188123
0.365676
-0.231696
0.351011
-0.273016
0.332954
-0.311689
0.311688
-0.347343
0.287429
-0.379638
0.260416
-0.408268
0.230916
-0.432961
0.199217
-0.453485
0.165627
-0.469649
0.130468
-0.481302
0.0940753
-0.488336
0.056786
-0.490682
0.0189237
-0.488325
-0.019057
-0.481291
-0.0568018
-0.469642
-0.0940553
-0.453481
-0.130438
-0.432959
-0.165596
-0.408267
-0.19919
-0.379638
-0.230895
-0.347342
-0.260402
-0.311688
-0.287423
-0.273016
-0.311689
-0.231695
-0.33296
-0.188123
-0.351019
-0.14272
-0.365682
-0.0959265
-0.376794
-0.048198
-0.384239
1.09392e-10
-0.387952
0.048198
-0.387952
0.0959265
-0.384239
0.14272
-0.376794
0.188123
-0.365682
0.231695
-0.351019
0.273016
-0.33296
0.311688
-0.311689
0.347342
-0.287423
0.379638
-0.260402
0.408267
-0.230895
0.432959
-0.19919
0.453481
-0.165596
0.469642
-0.130438
0.481291
-0.0940553
0.488325
-0.0568018
0.490682
-0.019057
0.488336
0.0189237
0.481302
0.056786
0.469649
0.0940753
0.453485
0.130468
0.432961
0.165627
0.408268
0.199217
0.379638
0.230916
0.347343
0.260416
0.311689
0.287429
0.273016
0.311688
0.231696
0.332954
0.188123
0.351011
0.142719
0.365676
0.0959246
0.376794
0.0481955
0.384248
0.387963
-0.0444501
0.432413
-0.0884684
0.428266
-0.131623
0.419948
-0.173492
0.407545
-0.21367
0.391189
-0.251768
0.371053
-0.287423
0.347342
-0.32029
0.320297
-0.350058
0.290184
-0.376444
0.257301
-0.399197
0.22197
-0.418105
0.184535
-0.432993
0.145356
-0.443724
0.104807
-0.450201
0.063263
-0.452362
0.021085
-0.450193
-0.0212256
-0.443719
-0.0632763
-0.432992
-0.104782
-0.418107
-0.145322
-0.399201
-0.184502
-0.376449
-0.221942
-0.350064
-0.25728
-0.320297
-0.29017
-0.287429
-0.32029
-0.251775
-0.347343
-0.213676
-0.371058
-0.173499
-0.391197
-0.131629
-0.407551
-0.0884743
-0.419949
-0.0444543
-0.428259
1.25385e-10
-0.432406
0.0444543
-0.432406
0.0884743
-0.428259
0.131629
-0.419949
0.173499
-0.407551
0.213676
-0.391197
0.251775
-0.371058
0.287429
-0.347343
0.320297
-0.32029
0.350064
-0.29017
0.376449
-0.25728
0.399201
-0.221942
0.418107
-0.184502
0.432992
-0.145322
0.443719
-0.104782
0.450193
-0.0632763
0.452362
-0.0212256
0.450201
0.021085
0.443724
0.063263
0.432993
0.104807
0.418105
0.145356
0.399197
0.184535
0.376444
0.22197
0.350058
0.257301
0.32029
0.290184
0.287423
0.320297
0.251768
0.347342
0.21367
0.371053
0.173492
0.391189
0.131623
0.407545
0.0884684
0.419948
0.0444501
0.428266
0.432413
-0.0402773
0.47269
-0.080162
0.468151
-0.119262
0.459049
-0.157196
0.445479
-0.193594
0.427588
-0.228107
0.405566
-0.260402
0.379638
-0.29017
0.350064
-0.317126
0.31714
-0.341014
0.281189
-0.361608
0.242565
-0.378717
0.201643
-0.392183
0.158822
-0.401887
0.11451
-0.407743
0.069119
-0.409698
0.0230402
-0.40774
-0.0231836
-0.401888
-0.0691277
-0.39219
-0.114481
-0.378727
-0.158785
-0.361621
-0.201608
-0.341027
-0.242535
-0.31714
-0.281168
-0.290184
-0.317126
-0.260416
-0.350058
-0.228121
-0.379638
-0.193608
-0.405571
-0.157209
-0.427596
-0.119274
-0.445485
-0.0801716
-0.459051
-0.0402831
-0.468148
1.40229e-10
-0.47269
0.0402831
-0.47269
0.0801716
-0.468148
0.119274
-0.459051
0.157209
-0.445485
0.193608
-0.427596
0.228121
-0.405571
0.260416
-0.379638
0.290184
-0.350058
0.31714
-0.317126
0.341027
-0.281168
0.361621
-0.242535
0.378727
-0.201608
0.39219
-0.158785
0.401888
-0.114481
0.40774
-0.0691277
0.409698
-0.0231836
0.407743
0.0230402
0.401887
0.069119
0.392183
0.11451
0.378717
0.158822
0.361608
0.201643
0.341014
0.242565
0.317126
0.281189
0.29017
0.31714
0.260402
0.350064
0.228107
0.379638
0.193594
0.405566
0.157196
0.427588
0.119262
0.445479
0.080162
0.459049
0.0402773
0.468151
0.47269
-0.0357184
0.508409
-0.0710876
0.50352
-0.105759
0.49372
-0.139395
0.479114
-0.171668
0.459861
-0.202266
0.436164
-0.230895
0.408267
-0.25728
0.376449
-0.281168
0.341027
-0.30233
0.302352
-0.320568
0.260802
-0.335711
0.216787
-0.347624
0.170735
-0.356204
0.12309
-0.36138
0.0742951
-0.36311
0.0247699
-0.361383
-0.0249108
-0.356214
-0.0742969
-0.34764
-0.123055
-0.33573
-0.170694
-0.320588
-0.21675
-0.302352
-0.260772
-0.281189
-0.30233
-0.257301
-0.341014
-0.230916
-0.376444
-0.202286
-0.408268
-0.171687
-0.43617
-0.139413
-0.45987
-0.105776
-0.479123
-0.0711
-0.493727
-0.0357254
-0.503522
1.52986e-10
-0.508415
0.0357254
-0.508415
0.0711
-0.503522
0.105776
-0.493727
0.139413
-0.479123
0.171687
-0.45987
0.202286
-0.43617
0.230916
-0.408268
0.257301
-0.376444
0.281189
-0.341014
0.302352
-0.30233
0.320588
-0.260772
0.33573
-0.21675
0.34764
-0.170694
0.356214
-0.123055
0.361383
-0.0742969
0.36311
-0.0249108
0.36138
0.0247699
0.356204
0.0742951
0.347624
0.12309
0.335711
0.170735
0.320568
0.216787
0.30233
0.260802
0.281168
0.302352
0.25728
0.341027
0.230895
0.376449
0.202266
0.408267
0.171668
0.436164
0.139395
0.459861
0.105759
0.479114
0.0710876
0.49372
0.0357184
0.50352
0.508409
-0.030818
0.539227
-0.0613339
0.534036
-0.091247
0.523634
-0.120265
0.508132
-0.148105
0.487701
-0.174498
0.462558
-0.19919
0.432959
-0.221942
0.399201
-0.242535
0.361621
-0.260772
0.320588
-0.27648
0.27651
-0.289514
0.229821
-0.299758
0.18098
-0.307129
0.130461
-0.311573
0.0787389
-0.31306
0.0262567
-0.311582
-0.0263887
-0.307148
-0.078731
-0.299783
-0.13042
-0.289543
-0.180935
-0.27651
-0.229782
-0.260802
-0.27648
-0.242565
-0.320568
-0.22197
-0.361608
-0.199217
-0.399197
-0.174524
-0.432961
-0.148129
-0.462565
-0.120287
-0.487712
-0.0912662
-0.508144
-0.0613483
-0.523645
-0.0308258
-0.534045
1.63206e-10
-0.539241
0.0308258
-0.539241
0.0613483
-0.534045
0.0912662
-0.523645
0.120287
-0.508144
0.148129
-0.487712
0.174524
-0.462565
0.199217
-0.432961
0.22197
-0.399197
0.242565
-0.361608
0.260802
-0.320568
0.27651
-0.27648
0.289543
-0.229782
0.299783
-0.180935
0.307148
-0.13042
0.311582
-0.078731
0.31306
-0.0263887
0.311573
0.0262567
0.307129
0.0787389
0.299758
0.130461
0.289514
0.18098
0.27648
0.229821
0.260772
0.27651
0.242535
0.320588
0.221942
0.361621
0.19919
0.399201
0.174498
0.432959
0.148105
0.462558
0.120265
0.487701
0.091247
0.508132
0.0613339
0.523634
0.030818
0.534036
0.539227
-0.025624
0.564851
-0.050996
0.559408
-0.0758659
0.548503
-0.0999902
0.532256
-0.123134
0.510845
-0.145074
0.484497
-0.165596
0.453481
-0.184502
0.418107
-0.201608
0.378727
-0.21675
0.33573
-0.229782
0.289543
-0.240585
0.240623
-0.249063
0.189458
-0.255152
0.136551
-0.258819
0.082405
-0.260048
0.0274857
-0.258835
-0.0276009
-0.255182
-0.0823847
-0.249099
-0.136503
-0.240623
-0.189411
-0.229821
-0.240585
-0.216787
-0.289514
-0.201643
-0.335711
-0.184535
-0.378717
-0.165627
-0.418105
-0.145103
-0.453485
-0.123161
-0.484507
-0.100014
-0.510859
-0.0758861
-0.532272
-0.0510107
-0.54852
-0.0256316
-0.559424
1.70291e-10
-0.564872
0.0256316
-0.564872
0.0510107
-0.559424
0.0758861
-0.54852
0.100014
-0.532272
0.123161
-0.510859
0.145103
-0.484507
0.165627
-0.453485
0.184535
-0.418105
0.201643
-0.378717
0.216787
-0.335711
0.229821
-0.289514
0.240623
-0.240585
0.249099
-0.189411
0.255182
-0.136503
0.258835
-0.0823847
0.260048
-0.0276009
0.258819
0.0274857
0.255152
0.082405
0.249063
0.136551
0.240585
0.189458
0.229782
0.240623
0.21675
0.289543
0.201608
0.33573
0.184502
0.378727
0.165596
0.418107
0.145074
0.453481
0.123134
0.484497
0.0999902
0.510845
0.0758659
0.532256
0.050996
0.548503
0.025624
0.559408
0.564851
-0.0201865
0.585037
-0.0401739
0.579395
-0.0597651
0.568095
-0.0787681
0.551259
-0.0969978
0.529075
-0.114277
0.501776
-0.130438
0.469642
-0.145322
0.432992
-0.158785
0.39219
-0.170694
0.34764
-0.180935
0.299783
-0.189411
0.249099
-0.196047
0.196094
-0.200799
0.141303
-0.203652
0.0852576
-0.204611
0.0284454
-0.203678
-0.0285339
-0.200841
-0.0852225
-0.196094
-0.141249
-0.189458
-0.196047
-0.18098
-0.249063
-0.170735
-0.299758
-0.158822
-0.347624
-0.145356
-0.392183
-0.130468
-0.432993
-0.114305
-0.469649
-0.0970225
-0.501789
-0.0787897
-0.529092
-0.0597829
-0.551279
-0.0401866
-0.568116
-0.0201928
-0.579418
1.73682e-10
-0.585065
0.0201928
-0.585065
0.0401866
-0.579418
0.0597829
-0.568116
0.0787897
-0.551279
0.0970225
-0.529092
0.114305
-0.501789
0.130468
-0.469649
0.145356
-0.432993
0.158822
-0.392183
0.170735
-0.347624
0.18098
-0.299758
0.189458
-0.249063
0.196094
-0.196047
0.200841
-0.141249
0.203678
-0.0852225
0.204611
-0.0285339
0.203652
0.0284454
0.200799
0.0852576
0.196047
0.141303
0.189411
0.196094
0.180935
0.249099
0.170694
0.299783
0.158785
0.34764
0.145322
0.39219
0.130438
0.432992
0.114277
0.469642
0.0969978
0.501776
0.0787681
0.529075
0.0597651
0.551259
0.0401739
0.568095
0.0201865
0.579395
0.585037
-0.0145582
0.599596
-0.0289722
0.593809
-0.0430999
0.582222
-0.056803
0.564962
-0.0699475
0.542219
-0.0824055
0.514234
-0.0940553
0.481291
-0.104782
0.443719
-0.114481
0.401888
-0.123055
0.356214
-0.13042
0.307148
-0.136503
0.255182
-0.141249
0.200841
-0.144628
0.144681
-0.146643
0.087273
-0.147326
0.0291284
-0.146681
-0.0291789
-0.144681
-0.0872226
-0.141303
-0.144628
-0.136551
-0.200799
-0.130461
-0.255152
-0.12309
-0.307129
-0.11451
-0.356204
-0.104807
-0.401887
-0.0940753
-0.443724
-0.0824223
-0.481302
-0.0699616
-0.51425
-0.0568148
-0.542238
-0.0431094
-0.564984
-0.0289787
-0.582247
-0.014561
-0.593835
1.73623e-10
-0.599626
0.014561
-0.599626
0.0289787
-0.593835
0.0431094
-0.582247
0.0568148
-0.564984
0.0699616
-0.542238
0.0824223
-0.51425
0.0940753
-0.481302
0.104807
-0.443724
0.11451
-0.401887
0.12309
-0.356204
0.130461
-0.307129
0.136551
-0.255152
0.141303
-0.200799
0.144681
-0.144628
0.146681
-0.0872226
0.147326
-0.0291789
0.146643
0.0291285
0.144628
0.087273
0.141249
0.144681
0.136503
0.200841
0.13042
0.255182
0.123055
0.307148
0.114481
0.356214
0.104782
0.401888
0.0940553
0.443719
0.0824055
0.481291
0.0699475
0.514234
0.056803
0.542219
0.0430999
0.564962
0.0289722
0.582222
0.0145582
0.593809
0.599596
-0.00879377
0.608389
-0.0174999
0.602515
-0.0260326
0.590755
-0.0343084
0.573238
-0.0422461
0.550157
-0.0497686
0.521757
-0.0568018
0.488325
-0.0632763
0.450193
-0.0691277
0.40774
-0.0742969
0.361383
-0.078731
0.311582
-0.0823847
0.258835
-0.0852225
0.203678
-0.0872226
0.146681
-0.0883971
0.0884476
-0.0888045
0.0295358
-0.0884476
-0.0295358
-0.087273
-0.0883971
-0.0852576
-0.146643
-0.082405
-0.203652
-0.0787389
-0.258819
-0.0742951
-0.311573
-0.069119
-0.36138
-0.063263
-0.407743
-0.056786
-0.450201
-0.0497521
-0.488336
-0.0422303
-0.521771
-0.0342944
-0.550174
-0.0260213
-0.573257
-0.0174916
-0.590777
-0.00878885
-0.602538
1.70714e-10
-0.608415
0.00878885
-0.608415
0.0174916
-0.602538
0.0260213
-0.590777
0.0342944
-0.573257
0.0422303
-0.550174
0.0497521
-0.521771
0.056786
-0.488336
0.063263
-0.450201
0.069119
-0.407743
0.0742951
-0.36138
0.0787389
-0.311573
0.082405
-0.258819
0.0852576
-0.203652
0.087273
-0.146643
0.0884476
-0.0883971
0.0888045
-0.0295358
0.0883971
0.0295358
0.0872226
0.0884476
0.0852225
0.146681
0.0823847
0.203678
0.078731
0.258835
0.0742969
0.311582
0.0691277
0.361383
0.0632763
0.40774
0.0568018
0.450193
0.0497686
0.488325
0.0422461
0.521757
0.0343084
0.550157
0.0260326
0.573238
0.0174999
0.590755
0.00879377
0.602515
0.608389
-0.00295255
0.611342
-0.00587453
0.605437
-0.00873812
0.593619
-0.0115146
0.576014
-0.0141773
0.552819
-0.0166997
0.524279
-0.019057
0.490682
-0.0212256
0.452362
-0.0231836
0.409698
-0.0249108
0.36311
-0.0263887
0.31306
-0.0276009
0.260048
-0.0285339
0.204611
-0.0291789
0.147326
-0.0295358
0.0888045
-0.0296597
0.0296597
-0.0295358
-0.0296598
-0.0291284
-0.0888045
-0.0284454
-0.147326
-0.0274857
-0.204611
-0.0262567
-0.260048
-0.0247699
-0.31306
-0.0230402
-0.36311
-0.021085
-0.409698
-0.0189237
-0.452362
-0.0165778
-0.490682
-0.01407
-0.524279
-0.0114249
-0.552819
-0.00866787
-0.576014
-0.00582605
-0.593619
-0.00292683
-0.605437
1.64653e-10
-0.611342
0.00292683
-0.611342
0.00582605
-0.605437
0.00866787
-0.593619
0.0114249
-0.576014
0.01407
-0.552819
0.0165778
-0.524279
0.0189237
-0.490682
0.021085
-0.452362
0.0230402
-0.409698
0.0247699
-0.36311
0.0262567
-0.31306
0.0274857
-0.260048
0.0284454
-0.204611
0.0291284
-0.147326
0.0295358
-0.0888045
0.0296597
-0.0296597
0.0295358
0.0296598
0.0291789
0.0888045
0.0285339
0.147326
0.0276009
0.204611
0.0263887
0.260048
0.0249108
0.31306
0.0231836
0.36311
0.0212256
0.409698
0.019057
0.452362
0.0166997
0.490682
0.0141773
0.524279
0.0115146
0.552819
0.00873812
0.576014
0.00587453
0.593619
0.00295255
0.605437
0.611342
0.00292683
0.608415
0.00582605
0.602538
0.00866787
0.590777
0.0114249
0.573257
0.01407
0.550174
0.0165778
0.521771
0.0189237
0.488336
0.021085
0.450201
0.0230402
0.407743
0.0247699
0.36138
0.0262567
0.311573
0.0274857
0.258819
0.0284454
0.203652
0.0291284
0.146643
0.0295358
0.0883971
0.0296598
0.0295358
0.0295358
-0.0295358
0.0291789
-0.0884476
0.0285339
-0.146681
0.0276009
-0.203678
0.0263887
-0.258835
0.0249108
-0.311582
0.0231836
-0.361383
0.0212256
-0.40774
0.019057
-0.450193
0.0166997
-0.488325
0.0141773
-0.521757
0.0115146
-0.550157
0.00873812
-0.573238
0.00587453
-0.590755
0.00295255
-0.602515
1.54509e-10
-0.608389
-0.00295255
-0.608389
-0.00587453
-0.602515
-0.00873812
-0.590755
-0.0115146
-0.573238
-0.0141773
-0.550157
-0.0166997
-0.521757
-0.019057
-0.488325
-0.0212256
-0.450193
-0.0231836
-0.40774
-0.0249108
-0.361383
-0.0263887
-0.311582
-0.0276009
-0.258835
-0.0285339
-0.203678
-0.0291789
-0.146681
-0.0295358
-0.0884476
-0.0296597
-0.0295358
-0.0295358
0.0295358
-0.0291284
0.0883971
-0.0284454
0.146643
-0.0274857
0.203652
-0.0262567
0.258819
-0.0247699
0.311573
-0.0230402
0.36138
-0.021085
0.407743
-0.0189237
0.450201
-0.0165778
0.488336
-0.01407
0.521771
-0.0114249
0.550174
-0.00866787
0.573257
-0.00582605
0.590777
-0.00292683
0.602538
0.608415
0.00878885
0.599626
0.0174916
0.593835
0.0260213
0.582247
0.0342944
0.564984
0.0422303
0.542238
0.0497521
0.51425
0.056786
0.481302
0.063263
0.443724
0.069119
0.401887
0.0742951
0.356204
0.0787389
0.307129
0.082405
0.255152
0.0852576
0.200799
0.087273
0.144628
0.0884476
0.0872226
0.0888045
0.0291789
0.0883971
-0.0291285
0.0872226
-0.087273
0.0852225
-0.144681
0.0823847
-0.200841
0.078731
-0.255182
0.0742969
-0.307148
0.0691277
-0.356214
0.0632763
-0.401888
0.0568018
-0.443719
0.0497686
-0.481291
0.0422461
-0.514234
0.0343084
-0.542219
0.0260326
-0.564962
0.0174999
-0.582222
0.00879377
-0.593809
1.41436e-10
-0.599596
-0.00879377
-0.599596
-0.0174999
-0.593809
-0.0260326
-0.582222
-0.0343084
-0.564962
-0.0422461
-0.542219
-0.0497686
-0.514234
-0.0568018
-0.481291
-0.0632763
-0.443719
-0.0691277
-0.401888
-0.0742969
-0.356214
-0.078731
-0.307148
-0.0823847
-0.255182
-0.0852225
-0.200841
-0.0872226
-0.144681
-0.0883971
-0.087273
-0.0888045
-0.0291284
-0.0884476
0.0291789
-0.087273
0.0872226
-0.0852576
0.144628
-0.082405
0.200799
-0.0787389
0.255152
-0.0742951
0.307129
-0.069119
0.356204
-0.063263
0.401887
-0.056786
0.443724
-0.0497521
0.481302
-0.0422303
0.51425
-0.0342944
0.542238
-0.0260213
0.564984
-0.0174916
0.582247
-0.00878885
0.593835
0.599626
0.014561
0.585065
0.0289787
0.579418
0.0431094
0.568116
0.0568148
0.551279
0.0699616
0.529092
0.0824223
0.501789
0.0940753
0.469649
0.104807
0.432993
0.11451
0.392183
0.12309
0.347624
0.130461
0.299758
0.136551
0.249063
0.141303
0.196047
0.144681
0.141249
0.146681
0.0852225
0.147326
0.0285339
0.146643
-0.0284454
0.144628
-0.0852576
0.141249
-0.141303
0.136503
-0.196094
0.13042
-0.249099
0.123055
-0.299783
0.114481
-0.34764
0.104782
-0.39219
0.0940553
-0.432992
0.0824055
-0.469642
0.0699475
-0.501776
0.056803
-0.529075
0.0430999
-0.551259
0.0289722
-0.568095
0.0145582
-0.579395
1.25434e-10
-0.585037
-0.0145582
-0.585037
-0.0289722
-0.579395
-0.0430999
-0.568095
-0.056803
-0.551259
-0.0699475
-0.529075
-0.0824055
-0.501776
-0.0940553
-0.469642
-0.104782
-0.432992
-0.114481
-0.39219
-0.123055
-0.34764
-0.13042
-0.299783
-0.136503
-0.249099
-0.141249
-0.196094
-0.144628
-0.141303
-0.146643
-0.0852576
-0.147326
-0.0284454
-0.146681
0.0285339
-0.144681
0.0852225
-0.141303
0.141249
-0.136551
0.196047
-0.130461
0.249063
-0.12309
0.299758
-0.11451
0.347624
-0.104807
0.392183
-0.0940753
0.432993
-0.0824223
0.469649
-0.0699616
0.501789
-0.0568148
0.529092
-0.0431094
0.551279
-0.0289787
0.568116
-0.014561
0.579418
0.585065
0.0201928
0.564872
0.0401866
0.559424
0.0597829
0.54852
0.0787897
0.532272
0.0970225
0.510859
0.114305
0.484507
0.130468
0.453485
0.145356
0.418105
0.158822
0.378717
0.170735
0.335711
0.18098
0.289514
0.189458
0.240585
0.196094
0.189411
0.200841
0.136503
0.203678
0.0823847
0.204611
0.0276009
0.203652
-0.0274857
0.200799
-0.082405
0.196047
-0.136551
0.189411
-0.189458
0.180935
-0.240623
0.170694
-0.289543
0.158785
-0.33573
0.145322
-0.378727
0.130438
-0.418107
0.114277
-0.453481
0.0969978
-0.484497
0.0787681
-0.510845
0.0597651
-0.532256
0.0401739
-0.548503
0.0201865
-0.559408
1.06607e-10
-0.564851
-0.0201865
-0.564851
-0.0401739
-0.559408
-0.0597651
-0.548503
-0.0787681
-0.532256
-0.0969978
-0.510845
-0.114277
-0.484497
-0.130438
-0.453481
-0.145322
-0.418107
-0.158785
-0.378727
-0.170694
-0.33573
-0.180935
-0.289543
-0.189411
-0.240623
-0.196047
-0.189458
-0.200799
-0.136551
-0.203652
-0.082405
-0.204611
-0.0274857
-0.203678
0.0276009
-0.200841
0.0823847
-0.196094
0.136503
-0.189458
0.189411
-0.18098
0.240585
-0.170735
0.289514
-0.158822
0.335711
-0.145356
0.378717
-0.130468
0.418105
-0.114305
0.453485
-0.0970225
0.484507
-0.0787897
0.510859
-0.0597829
0.532272
-0.0401866
0.54852
-0.0201928
0.559424
0.564872
0.0256316
0.539241
0.0510107
0.534045
0.0758861
0.523645
0.100014
0.508144
0.123161
0.487712
0.145103
0.462565
0.165627
0.432961
0.184535
0.399197
0.201643
0.361608
0.216787
0.320568
0.229821
0.27648
0.240623
0.229782
0.249099
0.180935
0.255182
0.13042
0.258835
0.078731
0.260048
0.0263887
0.258819
-0.0262567
0.255152
-0.0787389
0.249063
-0.130461
0.240585
-0.18098
0.229782
-0.229821
0.21675
-0.27651
0.201608
-0.320588
0.184502
-0.361621
0.165596
-0.399201
0.145074
-0.432959
0.123134
-0.462558
0.0999902
-0.487701
0.0758659
-0.508132
0.050996
-0.523634
0.025624
-0.534036
8.46645e-11
-0.539227
-0.025624
-0.539227
-0.050996
-0.534036
-0.0758659
-0.523634
-0.0999902
-0.508132
-0.123134
-0.487701
-0.145074
-0.462558
-0.165596
-0.432959
-0.184502
-0.399201
-0.201608
-0.361621
-0.21675
-0.320588
-0.229782
-0.27651
-0.240585
-0.229821
-0.249063
-0.18098
-0.255152
-0.130461
-0.258819
-0.0787389
-0.260048
-0.0262567
-0.258835
0.0263887
-0.255182
0.078731
-0.249099
0.13042
-0.240623
0.180935
-0.229821
0.229782
-0.216787
0.27648
-0.201643
0.320568
-0.184535
0.361608
-0.165627
0.399197
-0.145103
0.432961
-0.123161
0.462565
-0.100014
0.487712
-0.0758861
0.508144
-0.0510107
0.523645
-0.0256316
0.534045
0.539241
0.0308258
0.508415
0.0613483
0.503522
0.0912662
0.493727
0.120287
0.479123
0.148129
0.45987
0.174524
0.43617
0.199217
0.408268
0.22197
0.376444
0.242565
0.341014
0.260802
0.30233
0.27651
0.260772
0.289543
0.21675
0.299783
0.170694
0.307148
0.123055
0.311582
0.0742969
0.31306
0.0249108
0.311573
-0.0247699
0.307129
-0.0742951
0.299758
-0.12309
0.289514
-0.170735
0.27648
-0.216787
0.260772
-0.260802
0.242535
-0.302352
0.221942
-0.341027
0.19919
-0.376449
0.174498
-0.408267
0.148105
-0.436164
0.120265
-0.459861
0.091247
-0.479114
0.0613339
-0.49372
0.030818
-0.50352
5.94854e-11
-0.508409
-0.030818
-0.508409
-0.0613339
-0.50352
-0.091247
-0.49372
-0.120265
-0.479114
-0.148105
-0.459861
-0.174498
-0.436164
-0.19919
-0.408267
-0.221942
-0.376449
-0.242535
-0.341027
-0.260772
-0.302352
-0.27648
-0.260802
-0.289514
-0.216787
-0.299758
-0.170735
-0.307129
-0.12309
-0.311573
-0.0742951
-0.31306
-0.0247699
-0.311582
0.0249108
-0.307148
0.0742969
-0.299783
0.123055
-0.289543
0.170694
-0.27651
0.21675
-0.260802
0.260772
-0.242565
0.30233
-0.22197
0.341014
-0.199217
0.376444
-0.174524
0.408268
-0.148129
0.43617
-0.120287
0.45987
-0.0912662
0.479123
-0.0613483
0.493727
-0.0308258
0.503522
0.508415
0.0357254
0.47269
0.0711
0.468148
0.105776
0.459051
0.139413
0.445485
0.171687
0.427596
0.202286
0.405571
0.230916
0.379638
0.257301
0.350058
0.281189
0.317126
0.302352
0.281168
0.320588
0.242535
0.33573
0.201608
0.34764
0.158785
0.356214
0.114481
0.361383
0.0691277
0.36311
0.0231836
0.36138
-0.0230402
0.356204
-0.069119
0.347624
-0.11451
0.335711
-0.158822
0.320568
-0.201643
0.30233
-0.242565
0.281168
-0.281189
0.25728
-0.31714
0.230895
-0.350064
0.202266
-0.379638
0.171668
-0.405566
0.139395
-0.427588
0.105759
-0.445479
0.0710876
-0.459049
0.0357184
-0.468151
3.13756e-11
-0.47269
-0.0357184
-0.47269
-0.0710876
-0.468151
-0.105759
-0.459049
-0.139395
-0.445479
-0.171668
-0.427588
-0.202266
-0.405566
-0.230895
-0.379638
-0.25728
-0.350064
-0.281168
-0.31714
-0.30233
-0.281189
-0.320568
-0.242565
-0.335711
-0.201643
-0.347624
-0.158822
-0.356204
-0.11451
-0.36138
-0.069119
-0.36311
-0.0230402
-0.361383
0.0231836
-0.356214
0.0691277
-0.34764
0.114481
-0.33573
0.158785
-0.320588
0.201608
-0.302352
0.242535
-0.281189
0.281168
-0.257301
0.317126
-0.230916
0.350058
-0.202286
0.379638
-0.171687
0.405571
-0.139413
0.427596
-0.105776
0.445485
-0.0711
0.459051
-0.0357254
0.468148
0.47269
0.0402831
0.432406
0.0801716
0.428259
0.119274
0.419949
0.157209
0.407551
0.193608
0.391197
0.228121
0.371058
0.260416
0.347343
0.290184
0.32029
0.31714
0.29017
0.341027
0.25728
0.361621
0.221942
0.378727
0.184502
0.39219
0.145322
0.401888
0.104782
0.40774
0.0632763
0.409698
0.0212256
0.407743
-0.021085
0.401887
-0.063263
0.392183
-0.104807
0.378717
-0.145356
0.361608
-0.184535
0.341014
-0.22197
0.317126
-0.257301
0.29017
-0.290184
0.260402
-0.320297
0.228107
-0.347342
0.193594
-0.371053
0.157196
-0.391189
0.119262
-0.407545
0.080162
-0.419948
0.0402773
-0.428266
5.71403e-13
-0.432413
-0.0402773
-0.432413
-0.080162
-0.428266
-0.119262
-0.419948
-0.157196
-0.407545
-0.193594
-0.391189
-0.228107
-0.371053
-0.260402
-0.347342
-0.29017
-0.320297
-0.317126
-0.290184
-0.341014
-0.257301
-0.361608
-0.22197
-0.378717
-0.184535
-0.392183
-0.145356
-0.401887
-0.104807
-0.407743
-0.063263
-0.409698
-0.021085
-0.40774
0.0212256
-0.401888
0.0632763
-0.39219
0.104782
-0.378727
0.145322
-0.361621
0.184502
-0.341027
0.221942
-0.31714
0.25728
-0.290184
0.29017
-0.260416
0.32029
-0.228121
0.347343
-0.193608
0.371058
-0.157209
0.391197
-0.119274
0.407551
-0.0801716
0.419949
-0.0402831
0.428259
0.432406
0.0444543
0.387952
0.0884743
0.384239
0.131629
0.376794
0.173499
0.365682
0.213676
0.351019
0.251775
0.33296
0.287429
0.311689
0.320297
0.287423
0.350064
0.260402
0.376449
0.230895
0.399201
0.19919
0.418107
0.165596
0.432992
0.130438
0.443719
0.0940553
0.450193
0.0568018
0.452362
0.019057
0.450201
-0.0189237
0.443724
-0.056786
0.432993
-0.0940753
0.418105
-0.130468
0.399197
-0.165627
0.376444
-0.199217
0.350058
-0.230916
0.32029
-0.260416
0.287423
-0.287429
0.251768
-0.311688
0.21367
-0.332954
0.173492
-0.351011
0.131623
-0.365676
0.0884684
-0.376794
0.0444501
-0.384248
-3.29742e-11
-0.387963
-0.0444501
-0.387963
-0.0884684
-0.384248
-0.131623
-0.376794
-0.173492
-0.365676
-0.21367
-0.351011
-0.251768
-0.332954
-0.287423
-0.311688
-0.32029
-0.287429
-0.350058
-0.260416
-0.376444
-0.230916
-0.399197
-0.199217
-0.418105
-0.165627
-0.432993
-0.130468
-0.443724
-0.0940753
-0.450201
-0.056786
-0.452362
-0.0189237
-0.450193
0.019057
-0.443719
0.0568018
-0.432992
0.0940553
-0.418107
0.130438
-0.399201
0.165596
-0.376449
0.19919
-0.350064
0.230895
-0.320297
0.260402
-0.287429
0.287423
-0.251775
0.311689
-0.213676
0.33296
-0.173499
0.351019
-0.131629
0.365682
-0.0884743
0.376794
-0.0444543
0.384239
0.387952
0.048198
0.339754
0.0959265
0.336511
0.14272
0.33
0.188123
0.320279
0.231695
0.307447
0.273016
0.291639
0.311688
0.273016
0.347342
0.251768
0.379638
0.228107
0.408267
0.202266
0.432959
0.174498
0.453481
0.145074
0.469642
0.114277
0.481291
0.0824055
0.488325
0.0497686
0.490682
0.0166997
0.488336
-0.0165778
0.481302
-0.0497521
0.469649
-0.0824223
0.453485
-0.114305
0.432961
-0.145103
0.408268
-0.174524
0.379638
-0.202286
0.347343
-0.228121
0.311689
-0.251775
0.273016
-0.273016
0.231696
-0.291633
0.188123
-0.307439
0.142719
-0.320272
0.0959246
-0.329999
0.0481955
-0.336519
-6.92901e-11
-0.339768
-0.0481955
-0.339768
-0.0959246
-0.336519
-0.142719
-0.329999
-0.188123
-0.320272
-0.231696
-0.307439
-0.273016
-0.291633
-0.311689
-0.273016
-0.347343
-0.251775
-0.379638
-0.228121
-0.408268
-0.202286
-0.432961
-0.174524
-0.453485
-0.145103
-0.469649
-0.114305
-0.481302
-0.0824223
-0.488336
-0.0497521
-0.490682
-0.0165778
-0.488325
0.0166997
-0.481291
0.0497686
-0.469642
0.0824055
-0.453481
0.114277
-0.432959
0.145074
-0.408267
0.174498
-0.379638
0.202266
-0.347342
0.228107
-0.311688
0.251768
-0.273016
0.273016
-0.231695
0.291639
-0.188123
0.307447
-0.14272
0.320279
-0.0959265
0.33
-0.048198
0.336511
0.339754
0.0514768
0.288277
0.102454
0.285533
0.152437
0.280017
0.200938
0.271778
0.247486
0.260899
0.291633
0.247492
0.332954
0.231696
0.371053
0.21367
0.405566
0.193594
0.436164
0.171668
0.462558
0.148105
0.484497
0.123134
0.501776
0.0969978
0.514234
0.0699475
0.521757
0.0422461
0.524279
0.0141773
0.521771
-0.01407
0.51425
-0.0422303
0.501789
-0.0699616
0.484507
-0.0970225
0.462565
-0.123161
0.43617
-0.148129
0.405571
-0.171687
0.371058
-0.193608
0.33296
-0.213676
0.291639
-0.231695
0.247492
-0.247486
0.200943
-0.26089
0.152441
-0.27177
0.102456
-0.280014
0.0514763
-0.285539
-1.07184e-10
-0.288291
-0.0514763
-0.288291
-0.102456
-0.285539
-0.152441
-0.280014
-0.200943
-0.27177
-0.247492
-0.26089
-0.291639
-0.247486
-0.33296
-0.231695
-0.371058
-0.213676
-0.405571
-0.193608
-0.43617
-0.171687
-0.462565
-0.148129
-0.484507
-0.123161
-0.501789
-0.0970225
-0.51425
-0.0699616
-0.521771
-0.0422303
-0.524279
-0.01407
-0.521757
0.0141773
-0.514234
0.0422461
-0.501776
0.0699475
-0.484497
0.0969978
-0.462558
0.123134
-0.436164
0.148105
-0.405566
0.171668
-0.371053
0.193594
-0.332954
0.21367
-0.291633
0.231696
-0.247486
0.247492
-0.200938
0.260899
-0.152437
0.271778
-0.102454
0.280017
-0.0514768
0.285533
0.288277
0.0542578
0.23402
0.107992
0.231799
0.160681
0.227328
0.211812
0.220646
0.26089
0.211821
0.307439
0.200943
0.351011
0.188123
0.391189
0.173492
0.427588
0.157196
0.459861
0.139395
0.487701
0.120265
0.510845
0.0999902
0.529075
0.0787681
0.542219
0.056803
0.550157
0.0343084
0.552819
0.0115146
0.550174
-0.0114249
0.542238
-0.0342944
0.529092
-0.0568148
0.510859
-0.0787897
0.487712
-0.100014
0.45987
-0.120287
0.427596
-0.139413
0.391197
-0.157209
0.351019
-0.173499
0.307447
-0.188123
0.260899
-0.200938
0.211821
-0.211812
0.160688
-0.220637
0.107997
-0.227322
0.0542592
-0.231801
-1.46381e-10
-0.234032
-0.0542592
-0.234032
-0.107997
-0.231801
-0.160688
-0.227322
-0.211821
-0.220637
-0.260899
-0.211812
-0.307447
-0.200938
-0.351019
-0.188123
-0.391197
-0.173499
-0.427596
-0.157209
-0.45987
-0.139413
-0.487712
-0.120287
-0.510859
-0.100014
-0.529092
-0.0787897
-0.542238
-0.0568148
-0.550174
-0.0342944
-0.552819
-0.0114249
-0.550157
0.0115146
-0.542219
0.0343084
-0.529075
0.056803
-0.510845
0.0787681
-0.487701
0.0999902
-0.459861
0.120265
-0.427588
0.139395
-0.391189
0.157196
-0.351011
0.173492
-0.307439
0.188123
-0.26089
0.200943
-0.211812
0.211821
-0.160681
0.220646
-0.107992
0.227328
-0.0542578
0.231799
0.23402
0.0565128
0.177507
0.112483
0.175829
0.167369
0.172442
0.220637
0.167378
0.27177
0.160688
0.320272
0.152441
0.365676
0.142719
0.407545
0.131623
0.445479
0.119262
0.479114
0.105759
0.508132
0.091247
0.532256
0.0758659
0.551259
0.0597651
0.564962
0.0430999
0.573238
0.0260326
0.576014
0.00873812
0.573257
-0.00866787
0.564984
-0.0260213
0.551279
-0.0431094
0.532272
-0.0597829
0.508144
-0.0758861
0.479123
-0.0912662
0.445485
-0.105776
0.407551
-0.119274
0.365682
-0.131629
0.320279
-0.14272
0.271778
-0.152437
0.220646
-0.160681
0.167378
-0.167369
0.11249
-0.172434
0.0565159
-0.175827
-1.8679e-10
-0.177516
-0.0565159
-0.177516
-0.11249
-0.175827
-0.167378
-0.172434
-0.220646
-0.167369
-0.271778
-0.160681
-0.320279
-0.152437
-0.365682
-0.14272
-0.407551
-0.131629
-0.445485
-0.119274
-0.479123
-0.105776
-0.508144
-0.0912662
-0.532272
-0.0758861
-0.551279
-0.0597829
-0.564984
-0.0431094
-0.573257
-0.0260213
-0.576014
-0.00866787
-0.573238
0.00873812
-0.564962
0.0260326
-0.551259
0.0430999
-0.532256
0.0597651
-0.508132
0.0758659
-0.479114
0.091247
-0.445479
0.105759
-0.407545
0.119262
-0.365676
0.131623
-0.320272
0.142719
-0.27177
0.152441
-0.220637
0.160688
-0.167369
0.167378
-0.112483
0.172442
-0.0565128
0.175829
0.177507
0.058219
0.119288
0.115883
0.118165
0.172434
0.115891
0.227322
0.11249
0.280014
0.107997
0.329999
0.102456
0.376794
0.0959246
0.419948
0.0884684
0.459049
0.080162
0.49372
0.0710876
0.523634
0.0613339
0.548503
0.050996
0.568095
0.0401739
0.582222
0.0289722
0.590755
0.0174999
0.593619
0.00587453
0.590777
-0.00582605
0.582247
-0.0174916
0.568116
-0.0289787
0.54852
-0.0401866
0.523645
-0.0510107
0.493727
-0.0613483
0.459051
-0.0711
0.419949
-0.0801716
0.376794
-0.0884743
0.33
-0.0959265
0.280017
-0.102454
0.227328
-0.107992
0.172442
-0.112483
0.115891
-0.115883
0.0582237
-0.11816
-2.25377e-10
-0.119293
-0.0582237
-0.119293
-0.115891
-0.11816
-0.172442
-0.115883
-0.227328
-0.112483
-0.280017
-0.107992
-0.33
-0.102454
-0.376794
-0.0959265
-0.419949
-0.0884743
-0.459051
-0.0801716
-0.493727
-0.0711
-0.523645
-0.0613483
-0.54852
-0.0510107
-0.568116
-0.0401866
-0.582247
-0.0289787
-0.590777
-0.0174916
-0.593619
-0.00582605
-0.590755
0.00587453
-0.582222
0.0174999
-0.568095
0.0289722
-0.548503
0.0401739
-0.523634
0.050996
-0.49372
0.0613339
-0.459049
0.0710876
-0.419948
0.080162
-0.376794
0.0884684
-0.329999
0.0959246
-0.280014
0.102456
-0.227322
0.107997
-0.172434
0.11249
-0.115883
0.115891
-0.058219
0.118165
0.119288
0.0593604
0.0599273
0.11816
0.0593653
0.175827
0.0582237
0.231801
0.0565159
0.285539
0.0542592
0.336519
0.0514763
0.384248
0.0481955
0.428266
0.0444501
0.468151
0.0402773
0.50352
0.0357184
0.534036
0.030818
0.559408
0.025624
0.579395
0.0201865
0.593809
0.0145582
0.602515
0.00879377
0.605437
0.00295255
0.602538
-0.00292683
0.593835
-0.00878885
0.579418
-0.014561
0.559424
-0.0201928
0.534045
-0.0256316
0.503522
-0.0308258
0.468148
-0.0357254
0.428259
-0.0402831
0.384239
-0.0444543
0.336511
-0.048198
0.285533
-0.0514768
0.231799
-0.0542578
0.175829
-0.0565128
0.118165
-0.058219
0.0593653
-0.0593604
-2.58635e-10
-0.0599273
-0.0593653
-0.0599273
-0.118165
-0.0593604
-0.175829
-0.058219
-0.231799
-0.0565128
-0.285533
-0.0542578
-0.336511
-0.0514768
-0.384239
-0.048198
-0.428259
-0.0444543
-0.468148
-0.0402831
-0.503522
-0.0357254
-0.534045
-0.0308258
-0.559424
-0.0256316
-0.579418
-0.0201928
-0.593835
-0.014561
-0.602538
-0.00878885
-0.605437
-0.00292683
-0.602515
0.00295255
-0.593809
0.00879377
-0.579395
0.0145582
-0.559408
0.0201865
-0.534036
0.025624
-0.50352
0.030818
-0.468151
0.0357184
-0.428266
0.0402773
-0.384248
0.0444501
-0.336519
0.0481955
-0.285539
0.0514763
-0.231801
0.0542592
-0.175827
0.0565159
-0.11816
0.0582237
-0.0593604
0.0593653
0.0599273
0.0599273
0.119293
0.177516
0.234032
0.288291
0.339768
0.387963
0.432413
0.47269
0.508409
0.539227
0.564851
0.585037
0.599596
0.608389
0.611342
0.608415
0.599626
0.585065
0.564872
0.539241
0.508415
0.47269
0.432406
0.387952
0.339754
0.288277
0.23402
0.177507
0.119288
0.0599273
-2.82815e-10
-0.0599273
-0.119288
-0.177507
-0.23402
-0.288277
-0.339754
-0.387952
-0.432406
-0.47269
-0.508415
-0.539241
-0.564872
-0.585065
-0.599626
-0.608415
-0.611342
-0.608389
-0.599596
-0.585037
-0.564851
-0.539227
-0.508409
-0.47269
-0.432413
-0.387963
-0.339768
-0.288291
-0.234032
-0.177516
-0.119293
-0.0599273
)
;

boundaryField
{
    top
    {
        type            cyclic;
        value           nonuniform List<scalar> 
64
(
-6.76828e-11
-4.57114e-11
-2.35943e-11
-7.8136e-12
8.69972e-12
-8.63518e-11
-1.06431e-10
-1.21486e-10
-1.33467e-10
-1.44738e-10
-1.52952e-10
-1.58435e-10
-1.59761e-10
-1.57758e-10
-1.56185e-10
-1.53146e-10
-1.45443e-10
-1.3336e-10
-1.20738e-10
-1.07746e-10
-9.19707e-11
-7.33918e-11
-5.37738e-11
-3.266e-11
-8.67964e-12
1.70039e-11
4.38935e-11
7.2739e-11
1.0043e-10
1.23493e-10
1.4276e-10
1.61628e-10
1.58177e-10
1.31376e-10
1.15914e-10
1.12671e-10
1.10127e-10
1.05516e-10
1.00607e-10
9.48025e-11
8.72311e-11
7.98317e-11
7.31237e-11
6.53822e-11
5.64872e-11
4.86136e-11
4.13296e-11
3.257e-11
2.36044e-11
1.68006e-11
1.14524e-11
6.53602e-12
2.33916e-12
4.43424e-14
-2.18211e-12
-3.73593e-12
-2.82181e-12
-2.52412e-13
2.84992e-12
7.58138e-12
1.23418e-11
1.84693e-11
2.43738e-11
2.3111e-11
)
;
    }
    bottom
    {
        type            cyclic;
        value           nonuniform List<scalar> 
64
(
6.76828e-11
4.57114e-11
2.35943e-11
7.8136e-12
-8.69972e-12
8.63518e-11
1.06431e-10
1.21486e-10
1.33467e-10
1.44738e-10
1.52952e-10
1.58435e-10
1.59761e-10
1.57758e-10
1.56185e-10
1.53146e-10
1.45443e-10
1.3336e-10
1.20738e-10
1.07746e-10
9.19707e-11
7.33918e-11
5.37738e-11
3.266e-11
8.67963e-12
-1.70039e-11
-4.38935e-11
-7.2739e-11
-1.00431e-10
-1.23493e-10
-1.4276e-10
-1.61628e-10
-1.58177e-10
-1.31376e-10
-1.15914e-10
-1.12671e-10
-1.10127e-10
-1.05516e-10
-1.00607e-10
-9.48025e-11
-8.72311e-11
-7.98317e-11
-7.31237e-11
-6.53822e-11
-5.64872e-11
-4.86136e-11
-4.13296e-11
-3.257e-11
-2.36044e-11
-1.68006e-11
-1.14524e-11
-6.53602e-12
-2.33916e-12
-4.43369e-14
2.18211e-12
3.73593e-12
2.82181e-12
2.52412e-13
-2.84992e-12
-7.58138e-12
-1.23418e-11
-1.84692e-11
-2.43738e-11
-2.3111e-11
)
;
    }
    left
    {
        type            cyclic;
        value           nonuniform List<scalar> 
64
(
1.24789e-10
1.1859e-10
1.12649e-10
1.0509e-10
9.42408e-11
8.2172e-11
7.03038e-11
5.65558e-11
4.01177e-11
2.15082e-11
1.26066e-12
-2.06125e-11
-4.3175e-11
-6.72402e-11
-9.3176e-11
-1.20084e-10
-1.44184e-10
-1.68182e-10
-1.96133e-10
-2.17519e-10
-2.37822e-10
-2.60053e-10
-2.71746e-10
-2.80461e-10
1.29128e-10
1.30104e-10
1.29776e-10
1.29303e-10
1.27792e-10
1.26514e-10
1.27952e-10
1.31906e-10
1.37405e-10
1.47983e-10
1.61477e-10
1.73172e-10
1.80747e-10
1.85088e-10
1.85501e-10
1.8052e-10
1.72104e-10
1.62719e-10
1.51121e-10
1.3632e-10
1.20472e-10
1.04417e-10
8.62077e-11
6.58855e-11
4.56929e-11
2.48829e-11
1.0652e-12
-2.29915e-11
-4.48797e-11
-6.76129e-11
-9.25116e-11
-1.16554e-10
-1.40081e-10
-1.63201e-10
-1.84614e-10
-2.05483e-10
-2.18053e-10
-2.27791e-10
-2.39311e-10
-2.51768e-10
)
;
    }
    right
    {
        type            cyclic;
        value           nonuniform List<scalar> 
64
(
-1.24789e-10
-1.1859e-10
-1.12649e-10
-1.0509e-10
-9.42408e-11
-8.2172e-11
-7.03038e-11
-5.65558e-11
-4.01177e-11
-2.15082e-11
-1.26066e-12
2.06125e-11
4.3175e-11
6.72402e-11
9.3176e-11
1.20084e-10
1.44184e-10
1.68182e-10
1.96133e-10
2.17519e-10
2.37822e-10
2.60053e-10
2.71746e-10
2.80461e-10
-1.29128e-10
-1.30104e-10
-1.29776e-10
-1.29303e-10
-1.27792e-10
-1.26514e-10
-1.27952e-10
-1.31906e-10
-1.37405e-10
-1.47983e-10
-1.61477e-10
-1.73172e-10
-1.80747e-10
-1.85088e-10
-1.85501e-10
-1.8052e-10
-1.72104e-10
-1.62719e-10
-1.51121e-10
-1.3632e-10
-1.20472e-10
-1.04417e-10
-8.62077e-11
-6.58855e-11
-4.56929e-11
-2.48829e-11
-1.0652e-12
2.29915e-11
4.48797e-11
6.76129e-11
9.25116e-11
1.16554e-10
1.40081e-10
1.63201e-10
1.84613e-10
2.05483e-10
2.18053e-10
2.27791e-10
2.39311e-10
2.51768e-10
)
;
    }
    frontAndBack
    {
        type            empty;
    }
}


// ************************************************************************* //
