/*--------------------------------*- C++ -*----------------------------------*\
  =========                 |
  \\      /  F ield         | OpenFOAM: The Open Source CFD Toolbox
   \\    /   O peration     | Website:  https://openfoam.org
    \\  /    A nd           | Version:  11
     \\/     M anipulation  |
\*---------------------------------------------------------------------------*/
FoamFile
{
    format      ascii;
    class       volVectorField;
    location    "11";
    object      U;
}
// * * * * * * * * * * * * * * * * * * * * * * * * * * * * * * * * * * * * * //

dimensions      [0 1 -1 0 0 0 0];

internalField   nonuniform List<vector> 
4096
(
(0.0435164 -0.0433856 0)
(0.0432139 -0.129915 0)
(0.0424593 -0.215291 0)
(0.0412831 -0.298701 0)
(0.039696 -0.379334 0)
(0.0377133 -0.4564 0)
(0.0353558 -0.529146 0)
(0.0326472 -0.596856 0)
(0.0296147 -0.658863 0)
(0.0262885 -0.714555 0)
(0.0227015 -0.763381 0)
(0.0188895 -0.804855 0)
(0.0148895 -0.838561 0)
(0.0107431 -0.864154 0)
(0.00648771 -0.881368 0)
(0.00217144 -0.890021 0)
(-0.00217143 -0.890021 0)
(-0.0064877 -0.881368 0)
(-0.0107431 -0.864154 0)
(-0.0148895 -0.838561 0)
(-0.0188895 -0.804855 0)
(-0.0227014 -0.763381 0)
(-0.0262885 -0.714555 0)
(-0.0296147 -0.658863 0)
(-0.0326472 -0.596856 0)
(-0.0353558 -0.529146 0)
(-0.0377133 -0.4564 0)
(-0.039696 -0.379334 0)
(-0.0412831 -0.298701 0)
(-0.0424593 -0.215291 0)
(-0.0432139 -0.129915 0)
(-0.0435164 -0.0433856 0)
(-0.0433856 0.0435164 0)
(-0.0428834 0.130038 0)
(-0.0420086 0.215406 0)
(-0.0407433 0.298807 0)
(-0.0390976 0.379432 0)
(-0.0370833 0.456493 0)
(-0.0347174 0.529235 0)
(-0.032021 0.596942 0)
(-0.0290191 0.658947 0)
(-0.0257396 0.714637 0)
(-0.0222136 0.763462 0)
(-0.0184741 0.804936 0)
(-0.0145576 0.838641 0)
(-0.0104994 0.864233 0)
(-0.00634153 0.881447 0)
(-0.00211951 0.8901 0)
(0.00211952 0.8901 0)
(0.00634154 0.881447 0)
(0.0104994 0.864233 0)
(0.0145576 0.838641 0)
(0.0184742 0.804936 0)
(0.0222136 0.763462 0)
(0.0257396 0.714637 0)
(0.0290191 0.658947 0)
(0.032021 0.596942 0)
(0.0347174 0.529235 0)
(0.0370833 0.456493 0)
(0.0390976 0.379432 0)
(0.0407433 0.298807 0)
(0.0420086 0.215406 0)
(0.0428834 0.130038 0)
(0.0433856 0.0435164 0)
(0.130038 -0.0428834 0)
(0.128924 -0.128604 0)
(0.126543 -0.213169 0)
(0.122931 -0.29578 0)
(0.118122 -0.375638 0)
(0.112159 -0.451963 0)
(0.105099 -0.524007 0)
(0.0970105 -0.591063 0)
(0.0879717 -0.652471 0)
(0.0780709 -0.707625 0)
(0.0674046 -0.755979 0)
(0.0560769 -0.797052 0)
(0.044198 -0.830431 0)
(0.0318857 -0.855776 0)
(0.0192568 -0.872823 0)
(0.00644253 -0.881392 0)
(-0.00644252 -0.881392 0)
(-0.0192568 -0.872823 0)
(-0.0318857 -0.855776 0)
(-0.044198 -0.830431 0)
(-0.0560769 -0.797052 0)
(-0.0674045 -0.755979 0)
(-0.0780709 -0.707625 0)
(-0.0879717 -0.652471 0)
(-0.0970105 -0.591063 0)
(-0.105099 -0.524007 0)
(-0.112159 -0.451963 0)
(-0.118122 -0.375638 0)
(-0.122931 -0.29578 0)
(-0.126543 -0.213169 0)
(-0.128924 -0.128604 0)
(-0.130038 -0.0428834 0)
(-0.129915 0.0432139 0)
(-0.128604 0.128924 0)
(-0.126099 0.213476 0)
(-0.122398 0.296069 0)
(-0.11753 0.375911 0)
(-0.111533 0.452223 0)
(-0.104463 0.524257 0)
(-0.0963854 0.591305 0)
(-0.0873758 0.652707 0)
(-0.0775206 0.707857 0)
(-0.0669145 0.756208 0)
(-0.055659 0.797279 0)
(-0.0438633 0.830656 0)
(-0.0316396 0.856 0)
(-0.0191089 0.873046 0)
(-0.00638963 0.881615 0)
(0.00638964 0.881615 0)
(0.0191089 0.873046 0)
(0.0316397 0.856 0)
(0.0438633 0.830656 0)
(0.0556591 0.797279 0)
(0.0669145 0.756208 0)
(0.0775206 0.707857 0)
(0.0873758 0.652707 0)
(0.0963854 0.591305 0)
(0.104463 0.524257 0)
(0.111533 0.452223 0)
(0.11753 0.375911 0)
(0.122398 0.296069 0)
(0.126099 0.213476 0)
(0.128604 0.128924 0)
(0.129915 0.0432139 0)
(0.215406 -0.0420086 0)
(0.213476 -0.126099 0)
(0.209475 -0.209041 0)
(0.203449 -0.290058 0)
(0.195455 -0.368371 0)
(0.185561 -0.443216 0)
(0.17386 -0.513861 0)
(0.160464 -0.579615 0)
(0.145502 -0.639829 0)
(0.129119 -0.69391 0)
(0.111473 -0.741324 0)
(0.0927359 -0.781598 0)
(0.0730899 -0.814328 0)
(0.0527279 -0.839179 0)
(0.0318445 -0.855893 0)
(0.0106532 -0.864293 0)
(-0.0106532 -0.864293 0)
(-0.0318445 -0.855893 0)
(-0.0527279 -0.839179 0)
(-0.0730899 -0.814328 0)
(-0.0927359 -0.781598 0)
(-0.111473 -0.741324 0)
(-0.129119 -0.69391 0)
(-0.145502 -0.639829 0)
(-0.160464 -0.579615 0)
(-0.17386 -0.513861 0)
(-0.185561 -0.443216 0)
(-0.195455 -0.368371 0)
(-0.203449 -0.290058 0)
(-0.209475 -0.209041 0)
(-0.213476 -0.126099 0)
(-0.215406 -0.0420086 0)
(-0.215291 0.0424593 0)
(-0.213169 0.126543 0)
(-0.209041 0.209475 0)
(-0.202927 0.290477 0)
(-0.194871 0.368772 0)
(-0.184941 0.443602 0)
(-0.173227 0.514236 0)
(-0.159839 0.57998 0)
(-0.144904 0.640187 0)
(-0.128564 0.694264 0)
(-0.110977 0.741674 0)
(-0.0923121 0.781945 0)
(-0.0727491 0.814673 0)
(-0.0524764 0.839522 0)
(-0.0316927 0.856236 0)
(-0.0105983 0.864639 0)
(0.0105983 0.864639 0)
(0.0316927 0.856236 0)
(0.0524764 0.839522 0)
(0.0727491 0.814673 0)
(0.0923121 0.781945 0)
(0.110977 0.741674 0)
(0.128565 0.694264 0)
(0.144904 0.640187 0)
(0.159839 0.57998 0)
(0.173227 0.514236 0)
(0.184941 0.443602 0)
(0.194871 0.368772 0)
(0.202927 0.290477 0)
(0.209041 0.209475 0)
(0.213169 0.126543 0)
(0.215291 0.0424593 0)
(0.298807 -0.0407433 0)
(0.296069 -0.122398 0)
(0.290477 -0.202927 0)
(0.282083 -0.281575 0)
(0.270967 -0.357589 0)
(0.257227 -0.430233 0)
(0.24099 -0.498798 0)
(0.222408 -0.562613 0)
(0.201661 -0.621052 0)
(0.178947 -0.673538 0)
(0.154487 -0.719552 0)
(0.128518 -0.758637 0)
(0.10129 -0.790399 0)
(0.0730711 -0.814516 0)
(0.0441309 -0.830734 0)
(0.0147632 -0.838885 0)
(-0.0147632 -0.838885 0)
(-0.0441309 -0.830734 0)
(-0.0730711 -0.814516 0)
(-0.10129 -0.790399 0)
(-0.128518 -0.758637 0)
(-0.154487 -0.719552 0)
(-0.178947 -0.673538 0)
(-0.201661 -0.621052 0)
(-0.222408 -0.562613 0)
(-0.24099 -0.498798 0)
(-0.257227 -0.430233 0)
(-0.270967 -0.357589 0)
(-0.282083 -0.281575 0)
(-0.290477 -0.202927 0)
(-0.296069 -0.122398 0)
(-0.298807 -0.0407433 0)
(-0.298701 0.0412831 0)
(-0.29578 0.122931 0)
(-0.290058 0.203449 0)
(-0.281575 0.282083 0)
(-0.270395 0.358082 0)
(-0.256615 0.430712 0)
(-0.24036 0.499266 0)
(-0.221783 0.563073 0)
(-0.201059 0.621506 0)
(-0.178387 0.673988 0)
(-0.153984 0.72 0)
(-0.128085 0.759083 0)
(-0.10094 0.790845 0)
(-0.0728112 0.81496 0)
(-0.043973 0.83118 0)
(-0.0147055 0.839336 0)
(0.0147056 0.839336 0)
(0.043973 0.83118 0)
(0.0728112 0.81496 0)
(0.10094 0.790845 0)
(0.128085 0.759083 0)
(0.153984 0.72 0)
(0.178387 0.673988 0)
(0.201059 0.621506 0)
(0.221783 0.563073 0)
(0.24036 0.499266 0)
(0.256615 0.430712 0)
(0.270395 0.358082 0)
(0.281575 0.282083 0)
(0.290058 0.203449 0)
(0.29578 0.122931 0)
(0.298701 0.0412831 0)
(0.379432 -0.0390976 0)
(0.375911 -0.11753 0)
(0.368772 -0.194871 0)
(0.358082 -0.270395 0)
(0.343942 -0.343381 0)
(0.326477 -0.413126 0)
(0.30585 -0.47895 0)
(0.282253 -0.540213 0)
(0.255913 -0.596312 0)
(0.227082 -0.646696 0)
(0.196038 -0.690866 0)
(0.163081 -0.728384 0)
(0.12853 -0.758872 0)
(0.092721 -0.78202 0)
(0.0559986 -0.797585 0)
(0.0187333 -0.805406 0)
(-0.0187333 -0.805406 0)
(-0.0559986 -0.797585 0)
(-0.092721 -0.78202 0)
(-0.12853 -0.758872 0)
(-0.163081 -0.728384 0)
(-0.196038 -0.690866 0)
(-0.227082 -0.646696 0)
(-0.255913 -0.596312 0)
(-0.282253 -0.540213 0)
(-0.30585 -0.47895 0)
(-0.326477 -0.413126 0)
(-0.343942 -0.343381 0)
(-0.358082 -0.270395 0)
(-0.368772 -0.194871 0)
(-0.375911 -0.11753 0)
(-0.379432 -0.0390976 0)
(-0.379334 0.039696 0)
(-0.375638 0.118122 0)
(-0.368371 0.195455 0)
(-0.357589 0.270967 0)
(-0.343381 0.343942 0)
(-0.325872 0.413675 0)
(-0.305223 0.479492 0)
(-0.281627 0.540748 0)
(-0.255306 0.596843 0)
(-0.226513 0.647226 0)
(-0.195523 0.691396 0)
(-0.162635 0.728915 0)
(-0.128167 0.759404 0)
(-0.0924498 0.782554 0)
(-0.0558325 0.798124 0)
(-0.0186721 0.805953 0)
(0.0186721 0.805953 0)
(0.0558326 0.798124 0)
(0.0924498 0.782554 0)
(0.128167 0.759404 0)
(0.162635 0.728915 0)
(0.195523 0.691396 0)
(0.226513 0.647226 0)
(0.255306 0.596843 0)
(0.281627 0.540748 0)
(0.305223 0.479492 0)
(0.325872 0.413675 0)
(0.343381 0.343942 0)
(0.357589 0.270967 0)
(0.368371 0.195455 0)
(0.375638 0.118122 0)
(0.379334 0.039696 0)
(0.456493 -0.0370833 0)
(0.452223 -0.111533 0)
(0.443602 -0.184941 0)
(0.430712 -0.256615 0)
(0.413675 -0.325872 0)
(0.392646 -0.392048 0)
(0.367819 -0.4545 0)
(0.339426 -0.51262 0)
(0.30774 -0.56584 0)
(0.273063 -0.613637 0)
(0.235728 -0.655537 0)
(0.196095 -0.691126 0)
(0.154548 -0.720045 0)
(0.111489 -0.742 0)
(0.067334 -0.756762 0)
(0.0225256 -0.764177 0)
(-0.0225256 -0.764177 0)
(-0.067334 -0.756762 0)
(-0.111489 -0.742 0)
(-0.154548 -0.720045 0)
(-0.196095 -0.691126 0)
(-0.235728 -0.655537 0)
(-0.273063 -0.613637 0)
(-0.30774 -0.56584 0)
(-0.339426 -0.51262 0)
(-0.367819 -0.4545 0)
(-0.392646 -0.392048 0)
(-0.413675 -0.325872 0)
(-0.430712 -0.256615 0)
(-0.443602 -0.184941 0)
(-0.452223 -0.111533 0)
(-0.456493 -0.0370833 0)
(-0.4564 0.0377133 0)
(-0.451963 0.112159 0)
(-0.443216 0.185561 0)
(-0.430233 0.257227 0)
(-0.413126 0.326477 0)
(-0.392048 0.392646 0)
(-0.367194 0.455094 0)
(-0.338797 0.513212 0)
(-0.307126 0.566432 0)
(-0.272482 0.61423 0)
(-0.235199 0.656134 0)
(-0.195634 0.691727 0)
(-0.154169 0.720651 0)
(-0.111204 0.742611 0)
(-0.0671577 0.757381 0)
(-0.0224601 0.764809 0)
(0.0224601 0.764809 0)
(0.0671578 0.757381 0)
(0.111204 0.742611 0)
(0.154169 0.720651 0)
(0.195634 0.691727 0)
(0.235199 0.656134 0)
(0.272482 0.61423 0)
(0.307126 0.566432 0)
(0.338797 0.513212 0)
(0.367194 0.455094 0)
(0.392048 0.392646 0)
(0.413126 0.326477 0)
(0.430233 0.257227 0)
(0.443216 0.185561 0)
(0.451963 0.112159 0)
(0.4564 0.0377133 0)
(0.529235 -0.0347174 0)
(0.524257 -0.104463 0)
(0.514236 -0.173227 0)
(0.499266 -0.24036 0)
(0.479492 -0.305223 0)
(0.455094 -0.367194 0)
(0.426298 -0.425674 0)
(0.393377 -0.480094 0)
(0.356643 -0.529923 0)
(0.316447 -0.574672 0)
(0.273175 -0.6139 0)
(0.227243 -0.647217 0)
(0.179094 -0.674288 0)
(0.129196 -0.694839 0)
(0.078028 -0.708654 0)
(0.0261034 -0.715592 0)
(-0.0261034 -0.715592 0)
(-0.078028 -0.708654 0)
(-0.129196 -0.694839 0)
(-0.179094 -0.674288 0)
(-0.227243 -0.647217 0)
(-0.273175 -0.6139 0)
(-0.316447 -0.574672 0)
(-0.356643 -0.529923 0)
(-0.393377 -0.480094 0)
(-0.426298 -0.425674 0)
(-0.455094 -0.367194 0)
(-0.479492 -0.305223 0)
(-0.499266 -0.24036 0)
(-0.514236 -0.173227 0)
(-0.524257 -0.104463 0)
(-0.529235 -0.0347174 0)
(-0.529146 0.0353558 0)
(-0.524007 0.105099 0)
(-0.513861 0.17386 0)
(-0.498798 0.24099 0)
(-0.47895 0.30585 0)
(-0.4545 0.367819 0)
(-0.425674 0.426298 0)
(-0.392742 0.480721 0)
(-0.356019 0.530555 0)
(-0.315852 0.575311 0)
(-0.272628 0.614547 0)
(-0.226762 0.647872 0)
(-0.178696 0.674952 0)
(-0.128894 0.695512 0)
(-0.0778396 0.709341 0)
(-0.026033 0.716296 0)
(0.026033 0.716296 0)
(0.0778396 0.709341 0)
(0.128894 0.695512 0)
(0.178696 0.674952 0)
(0.226762 0.647872 0)
(0.272628 0.614547 0)
(0.315852 0.575311 0)
(0.356019 0.530555 0)
(0.392742 0.480721 0)
(0.425674 0.426298 0)
(0.4545 0.367819 0)
(0.47895 0.30585 0)
(0.498798 0.24099 0)
(0.513861 0.17386 0)
(0.524007 0.105099 0)
(0.529146 0.0353558 0)
(0.596942 -0.032021 0)
(0.591305 -0.0963854 0)
(0.57998 -0.159839 0)
(0.563073 -0.221783 0)
(0.540748 -0.281627 0)
(0.513212 -0.338797 0)
(0.480721 -0.392742 0)
(0.443582 -0.44294 0)
(0.402148 -0.4889 0)
(0.356815 -0.530172 0)
(0.308017 -0.56635 0)
(0.256223 -0.597075 0)
(0.201932 -0.622038 0)
(0.14567 -0.640986 0)
(0.0879778 -0.653722 0)
(0.0294325 -0.660114 0)
(-0.0294325 -0.660114 0)
(-0.0879778 -0.653722 0)
(-0.14567 -0.640986 0)
(-0.201932 -0.622038 0)
(-0.256223 -0.597075 0)
(-0.308017 -0.56635 0)
(-0.356815 -0.530172 0)
(-0.402148 -0.4889 0)
(-0.443582 -0.44294 0)
(-0.480721 -0.392742 0)
(-0.513212 -0.338797 0)
(-0.540748 -0.281627 0)
(-0.563073 -0.221783 0)
(-0.57998 -0.159839 0)
(-0.591305 -0.0963854 0)
(-0.596942 -0.032021 0)
(-0.596856 0.0326472 0)
(-0.591063 0.0970105 0)
(-0.579615 0.160464 0)
(-0.562613 0.222408 0)
(-0.540213 0.282253 0)
(-0.51262 0.339426 0)
(-0.480094 0.393377 0)
(-0.44294 0.443582 0)
(-0.401511 0.489552 0)
(-0.356204 0.530836 0)
(-0.30745 0.567028 0)
(-0.25572 0.597766 0)
(-0.201512 0.622743 0)
(-0.145348 0.641706 0)
(-0.087775 0.654461 0)
(-0.0293563 0.660876 0)
(0.0293563 0.660876 0)
(0.087775 0.654461 0)
(0.145348 0.641706 0)
(0.201512 0.622743 0)
(0.25572 0.597766 0)
(0.30745 0.567028 0)
(0.356204 0.530836 0)
(0.401511 0.489552 0)
(0.44294 0.443582 0)
(0.480094 0.393377 0)
(0.51262 0.339426 0)
(0.540213 0.282253 0)
(0.562613 0.222408 0)
(0.579615 0.160464 0)
(0.591063 0.0970105 0)
(0.596856 0.0326472 0)
(0.658947 -0.0290191 0)
(0.652707 -0.0873758 0)
(0.640187 -0.144904 0)
(0.621506 -0.201059 0)
(0.596843 -0.255306 0)
(0.566432 -0.307126 0)
(0.530555 -0.356019 0)
(0.489552 -0.401511 0)
(0.443813 -0.443161 0)
(0.393775 -0.480561 0)
(0.339917 -0.513342 0)
(0.282755 -0.541179 0)
(0.22284 -0.563794 0)
(0.160752 -0.580957 0)
(0.0970868 -0.592491 0)
(0.0324805 -0.598277 0)
(-0.0324805 -0.598277 0)
(-0.0970868 -0.592491 0)
(-0.160752 -0.580957 0)
(-0.22284 -0.563794 0)
(-0.282755 -0.541179 0)
(-0.339917 -0.513342 0)
(-0.393775 -0.480561 0)
(-0.443813 -0.443161 0)
(-0.489552 -0.401511 0)
(-0.530555 -0.356019 0)
(-0.566432 -0.307126 0)
(-0.596843 -0.255306 0)
(-0.621506 -0.201059 0)
(-0.640187 -0.144904 0)
(-0.652707 -0.0873758 0)
(-0.658947 -0.0290191 0)
(-0.658863 0.0296147 0)
(-0.652471 0.0879717 0)
(-0.639829 0.145502 0)
(-0.621052 0.201661 0)
(-0.596312 0.255913 0)
(-0.56584 0.30774 0)
(-0.529923 0.356643 0)
(-0.4889 0.402148 0)
(-0.443161 0.443813 0)
(-0.393144 0.48123 0)
(-0.339326 0.514029 0)
(-0.282226 0.541886 0)
(-0.222394 0.564521 0)
(-0.160407 0.581706 0)
(-0.0968673 0.593265 0)
(-0.0323977 0.599079 0)
(0.0323977 0.599079 0)
(0.0968673 0.593265 0)
(0.160407 0.581706 0)
(0.222394 0.564521 0)
(0.282226 0.541886 0)
(0.339326 0.514029 0)
(0.393144 0.48123 0)
(0.443161 0.443813 0)
(0.4889 0.402148 0)
(0.529923 0.356643 0)
(0.56584 0.30774 0)
(0.596312 0.255913 0)
(0.621052 0.201661 0)
(0.639829 0.145502 0)
(0.652471 0.0879717 0)
(0.658863 0.0296147 0)
(0.714637 -0.0257396 0)
(0.707857 -0.0775206 0)
(0.694264 -0.128564 0)
(0.673988 -0.178387 0)
(0.647226 -0.226513 0)
(0.61423 -0.272482 0)
(0.575311 -0.315852 0)
(0.530836 -0.356204 0)
(0.48123 -0.393144 0)
(0.426965 -0.426312 0)
(0.368561 -0.455381 0)
(0.306579 -0.480064 0)
(0.241614 -0.500115 0)
(0.174295 -0.51533 0)
(0.105267 -0.52555 0)
(0.0352178 -0.530674 0)
(-0.0352178 -0.530674 0)
(-0.105267 -0.52555 0)
(-0.174295 -0.51533 0)
(-0.241614 -0.500115 0)
(-0.306579 -0.480064 0)
(-0.368561 -0.455381 0)
(-0.426965 -0.426312 0)
(-0.48123 -0.393144 0)
(-0.530836 -0.356204 0)
(-0.575311 -0.315852 0)
(-0.61423 -0.272482 0)
(-0.647226 -0.226513 0)
(-0.673988 -0.178387 0)
(-0.694264 -0.128564 0)
(-0.707857 -0.0775206 0)
(-0.714637 -0.0257395 0)
(-0.714555 0.0262885 0)
(-0.707625 0.0780709 0)
(-0.69391 0.129119 0)
(-0.673538 0.178947 0)
(-0.646696 0.227082 0)
(-0.613637 0.273063 0)
(-0.574672 0.316447 0)
(-0.530172 0.356815 0)
(-0.480561 0.393775 0)
(-0.426312 0.426965 0)
(-0.367945 0.456058 0)
(-0.306022 0.480767 0)
(-0.241139 0.500843 0)
(-0.173924 0.516085 0)
(-0.105028 0.526339 0)
(-0.0351274 0.531496 0)
(0.0351275 0.531496 0)
(0.105028 0.526339 0)
(0.173924 0.516085 0)
(0.241139 0.500843 0)
(0.306022 0.480767 0)
(0.367945 0.456058 0)
(0.426312 0.426965 0)
(0.480561 0.393775 0)
(0.530172 0.356815 0)
(0.574672 0.316447 0)
(0.613637 0.273063 0)
(0.646696 0.227082 0)
(0.673538 0.178947 0)
(0.69391 0.129119 0)
(0.707625 0.0780709 0)
(0.714555 0.0262885 0)
(0.763462 -0.0222136 0)
(0.756208 -0.0669145 0)
(0.741674 -0.110977 0)
(0.72 -0.153984 0)
(0.691396 -0.195523 0)
(0.656134 -0.235199 0)
(0.614547 -0.272628 0)
(0.567028 -0.30745 0)
(0.514029 -0.339326 0)
(0.456058 -0.367945 0)
(0.39367 -0.393025 0)
(0.327461 -0.414319 0)
(0.25807 -0.431613 0)
(0.186166 -0.444734 0)
(0.112437 -0.453545 0)
(0.0376178 -0.457957 0)
(-0.0376178 -0.457957 0)
(-0.112437 -0.453545 0)
(-0.186166 -0.444734 0)
(-0.25807 -0.431613 0)
(-0.327461 -0.414319 0)
(-0.39367 -0.393025 0)
(-0.456058 -0.367945 0)
(-0.514029 -0.339326 0)
(-0.567028 -0.30745 0)
(-0.614547 -0.272628 0)
(-0.656134 -0.235199 0)
(-0.691396 -0.195523 0)
(-0.72 -0.153984 0)
(-0.741674 -0.110977 0)
(-0.756208 -0.0669145 0)
(-0.763462 -0.0222136 0)
(-0.763381 0.0227014 0)
(-0.755979 0.0674046 0)
(-0.741324 0.111473 0)
(-0.719552 0.154487 0)
(-0.690866 0.196038 0)
(-0.655537 0.235728 0)
(-0.6139 0.273175 0)
(-0.56635 0.308017 0)
(-0.513342 0.339917 0)
(-0.455381 0.368561 0)
(-0.393025 0.39367 0)
(-0.326873 0.414993 0)
(-0.257564 0.432319 0)
(-0.185765 0.445474 0)
(-0.112176 0.454323 0)
(-0.0375185 0.458775 0)
(0.0375186 0.458775 0)
(0.112176 0.454323 0)
(0.185765 0.445474 0)
(0.257564 0.432319 0)
(0.326873 0.414993 0)
(0.393025 0.39367 0)
(0.455381 0.368561 0)
(0.513342 0.339917 0)
(0.56635 0.308017 0)
(0.6139 0.273175 0)
(0.655537 0.235728 0)
(0.690866 0.196038 0)
(0.719552 0.154487 0)
(0.741324 0.111473 0)
(0.755979 0.0674045 0)
(0.763381 0.0227014 0)
(0.804936 -0.0184742 0)
(0.797279 -0.0556591 0)
(0.781945 -0.0923121 0)
(0.759083 -0.128085 0)
(0.728915 -0.162635 0)
(0.691727 -0.195634 0)
(0.647872 -0.226762 0)
(0.597766 -0.25572 0)
(0.541886 -0.282226 0)
(0.480767 -0.306022 0)
(0.414993 -0.326873 0)
(0.345196 -0.344574 0)
(0.272046 -0.358949 0)
(0.196248 -0.369851 0)
(0.118528 -0.377168 0)
(0.0396568 -0.380829 0)
(-0.0396568 -0.380829 0)
(-0.118528 -0.377168 0)
(-0.196248 -0.369851 0)
(-0.272046 -0.358949 0)
(-0.345196 -0.344574 0)
(-0.414993 -0.326873 0)
(-0.480767 -0.306022 0)
(-0.541886 -0.282226 0)
(-0.597766 -0.25572 0)
(-0.647872 -0.226762 0)
(-0.691727 -0.195634 0)
(-0.728915 -0.162635 0)
(-0.759083 -0.128085 0)
(-0.781945 -0.0923121 0)
(-0.797279 -0.055659 0)
(-0.804936 -0.0184741 0)
(-0.804855 0.0188895 0)
(-0.797052 0.0560769 0)
(-0.781598 0.0927359 0)
(-0.758637 0.128518 0)
(-0.728384 0.163081 0)
(-0.691126 0.196095 0)
(-0.647217 0.227243 0)
(-0.597075 0.256223 0)
(-0.541179 0.282755 0)
(-0.480064 0.306579 0)
(-0.414319 0.327461 0)
(-0.344574 0.345196 0)
(-0.271505 0.359606 0)
(-0.195815 0.370547 0)
(-0.118241 0.377909 0)
(-0.0395472 0.381611 0)
(0.0395472 0.381611 0)
(0.118241 0.377909 0)
(0.195815 0.370547 0)
(0.271505 0.359606 0)
(0.344574 0.345196 0)
(0.414319 0.327461 0)
(0.480064 0.306579 0)
(0.541179 0.282755 0)
(0.597075 0.256223 0)
(0.647217 0.227243 0)
(0.691126 0.196095 0)
(0.728384 0.163081 0)
(0.758637 0.128518 0)
(0.781598 0.0927359 0)
(0.797052 0.0560769 0)
(0.804855 0.0188895 0)
(0.838641 -0.0145576 0)
(0.830656 -0.0438633 0)
(0.814673 -0.0727491 0)
(0.790845 -0.10094 0)
(0.759404 -0.128167 0)
(0.720651 -0.154169 0)
(0.674952 -0.178696 0)
(0.622743 -0.201512 0)
(0.564521 -0.222394 0)
(0.500843 -0.241139 0)
(0.432319 -0.257564 0)
(0.359606 -0.271505 0)
(0.283402 -0.282823 0)
(0.204441 -0.291404 0)
(0.123478 -0.29716 0)
(0.0413146 -0.300035 0)
(-0.0413146 -0.300035 0)
(-0.123478 -0.29716 0)
(-0.204441 -0.291404 0)
(-0.283402 -0.282823 0)
(-0.359606 -0.271505 0)
(-0.432319 -0.257564 0)
(-0.500843 -0.241139 0)
(-0.564521 -0.222394 0)
(-0.622743 -0.201512 0)
(-0.674952 -0.178696 0)
(-0.720651 -0.154169 0)
(-0.759404 -0.128167 0)
(-0.790845 -0.10094 0)
(-0.814673 -0.0727491 0)
(-0.830656 -0.0438633 0)
(-0.838641 -0.0145576 0)
(-0.838561 0.0148895 0)
(-0.830431 0.044198 0)
(-0.814328 0.0730899 0)
(-0.790399 0.10129 0)
(-0.758872 0.12853 0)
(-0.720045 0.154548 0)
(-0.674288 0.179094 0)
(-0.622038 0.201932 0)
(-0.563794 0.22284 0)
(-0.500115 0.241614 0)
(-0.431613 0.25807 0)
(-0.358949 0.272046 0)
(-0.282823 0.283402 0)
(-0.203972 0.292026 0)
(-0.123163 0.297828 0)
(-0.0411928 0.300747 0)
(0.0411929 0.300747 0)
(0.123163 0.297828 0)
(0.203972 0.292026 0)
(0.282823 0.283402 0)
(0.358949 0.272046 0)
(0.431613 0.25807 0)
(0.500115 0.241614 0)
(0.563794 0.22284 0)
(0.622038 0.201932 0)
(0.674288 0.179094 0)
(0.720045 0.154548 0)
(0.758872 0.12853 0)
(0.790399 0.10129 0)
(0.814328 0.0730899 0)
(0.830431 0.044198 0)
(0.838561 0.0148895 0)
(0.864233 -0.0104994 0)
(0.856 -0.0316397 0)
(0.839522 -0.0524764 0)
(0.81496 -0.0728112 0)
(0.782554 -0.0924498 0)
(0.742611 -0.111204 0)
(0.695512 -0.128894 0)
(0.641706 -0.145348 0)
(0.581706 -0.160407 0)
(0.516085 -0.173924 0)
(0.445474 -0.185765 0)
(0.370547 -0.195815 0)
(0.292026 -0.203972 0)
(0.210663 -0.210153 0)
(0.127239 -0.214295 0)
(0.0425747 -0.21636 0)
(-0.0425747 -0.21636 0)
(-0.127239 -0.214295 0)
(-0.210663 -0.210153 0)
(-0.292026 -0.203972 0)
(-0.370547 -0.195815 0)
(-0.445474 -0.185765 0)
(-0.516085 -0.173924 0)
(-0.581706 -0.160407 0)
(-0.641706 -0.145348 0)
(-0.695512 -0.128894 0)
(-0.742611 -0.111204 0)
(-0.782554 -0.0924498 0)
(-0.81496 -0.0728112 0)
(-0.839522 -0.0524764 0)
(-0.856 -0.0316397 0)
(-0.864233 -0.0104994 0)
(-0.864154 0.0107431 0)
(-0.855776 0.0318857 0)
(-0.839179 0.0527279 0)
(-0.814516 0.0730711 0)
(-0.78202 0.092721 0)
(-0.742 0.111489 0)
(-0.694839 0.129196 0)
(-0.640986 0.14567 0)
(-0.580957 0.160752 0)
(-0.51533 0.174295 0)
(-0.444734 0.186166 0)
(-0.369851 0.196248 0)
(-0.291404 0.204441 0)
(-0.210153 0.210663 0)
(-0.12689 0.214851 0)
(-0.0424386 0.216958 0)
(0.0424386 0.216958 0)
(0.12689 0.214851 0)
(0.210153 0.210663 0)
(0.291404 0.204441 0)
(0.369851 0.196248 0)
(0.444734 0.186166 0)
(0.51533 0.174295 0)
(0.580957 0.160752 0)
(0.640986 0.14567 0)
(0.694839 0.129196 0)
(0.742 0.111489 0)
(0.78202 0.092721 0)
(0.814516 0.0730711 0)
(0.839179 0.0527279 0)
(0.855776 0.0318857 0)
(0.864154 0.0107431 0)
(0.881447 -0.00634153 0)
(0.873046 -0.0191089 0)
(0.856236 -0.0316927 0)
(0.83118 -0.043973 0)
(0.798124 -0.0558325 0)
(0.757381 -0.0671578 0)
(0.709341 -0.0778396 0)
(0.654461 -0.087775 0)
(0.593265 -0.0968673 0)
(0.526339 -0.105028 0)
(0.454323 -0.112176 0)
(0.377908 -0.118241 0)
(0.297828 -0.123163 0)
(0.214851 -0.12689 0)
(0.129772 -0.129385 0)
(0.043424 -0.130626 0)
(-0.043424 -0.130626 0)
(-0.129772 -0.129385 0)
(-0.214851 -0.12689 0)
(-0.297828 -0.123163 0)
(-0.377909 -0.118241 0)
(-0.454323 -0.112176 0)
(-0.526339 -0.105028 0)
(-0.593265 -0.0968673 0)
(-0.654461 -0.087775 0)
(-0.709341 -0.0778396 0)
(-0.757382 -0.0671577 0)
(-0.798124 -0.0558325 0)
(-0.83118 -0.043973 0)
(-0.856236 -0.0316927 0)
(-0.873046 -0.0191089 0)
(-0.881447 -0.00634153 0)
(-0.881368 0.0064877 0)
(-0.872823 0.0192568 0)
(-0.855893 0.0318445 0)
(-0.830734 0.0441309 0)
(-0.797585 0.0559986 0)
(-0.756762 0.067334 0)
(-0.708654 0.078028 0)
(-0.653722 0.0879778 0)
(-0.592491 0.0970868 0)
(-0.52555 0.105267 0)
(-0.453545 0.112437 0)
(-0.377168 0.118528 0)
(-0.29716 0.123478 0)
(-0.214295 0.127239 0)
(-0.129385 0.129772 0)
(-0.0432717 0.131047 0)
(0.0432717 0.131047 0)
(0.129385 0.129772 0)
(0.214295 0.127239 0)
(0.29716 0.123478 0)
(0.377168 0.118528 0)
(0.453545 0.112437 0)
(0.52555 0.105267 0)
(0.592491 0.0970868 0)
(0.653722 0.0879778 0)
(0.708654 0.078028 0)
(0.756762 0.067334 0)
(0.797585 0.0559986 0)
(0.830734 0.0441309 0)
(0.855893 0.0318445 0)
(0.872823 0.0192568 0)
(0.881368 0.0064877 0)
(0.8901 -0.00211952 0)
(0.881615 -0.00638964 0)
(0.864639 -0.0105983 0)
(0.839336 -0.0147056 0)
(0.805953 -0.0186721 0)
(0.764809 -0.0224601 0)
(0.716296 -0.026033 0)
(0.660876 -0.0293563 0)
(0.599079 -0.0323977 0)
(0.531496 -0.0351274 0)
(0.458775 -0.0375186 0)
(0.381611 -0.0395472 0)
(0.300747 -0.0411929 0)
(0.216958 -0.0424386 0)
(0.131047 -0.0432717 0)
(0.043852 -0.0436852 0)
(-0.043852 -0.0436852 0)
(-0.131047 -0.0432717 0)
(-0.216958 -0.0424386 0)
(-0.300747 -0.0411928 0)
(-0.381611 -0.0395472 0)
(-0.458775 -0.0375185 0)
(-0.531496 -0.0351274 0)
(-0.599079 -0.0323977 0)
(-0.660876 -0.0293563 0)
(-0.716296 -0.026033 0)
(-0.764809 -0.0224601 0)
(-0.805953 -0.0186721 0)
(-0.839336 -0.0147055 0)
(-0.864639 -0.0105983 0)
(-0.881615 -0.00638963 0)
(-0.8901 -0.00211951 0)
(-0.890021 0.00217144 0)
(-0.881392 0.00644253 0)
(-0.864293 0.0106532 0)
(-0.838885 0.0147632 0)
(-0.805406 0.0187333 0)
(-0.764177 0.0225256 0)
(-0.715592 0.0261034 0)
(-0.660114 0.0294325 0)
(-0.598277 0.0324805 0)
(-0.530674 0.0352178 0)
(-0.457957 0.0376178 0)
(-0.380829 0.0396568 0)
(-0.300035 0.0413146 0)
(-0.21636 0.0425747 0)
(-0.130626 0.043424 0)
(-0.0436851 0.043852 0)
(0.0436852 0.043852 0)
(0.130626 0.043424 0)
(0.21636 0.0425747 0)
(0.300035 0.0413146 0)
(0.380829 0.0396568 0)
(0.457957 0.0376178 0)
(0.530674 0.0352178 0)
(0.598277 0.0324805 0)
(0.660114 0.0294325 0)
(0.715592 0.0261034 0)
(0.764177 0.0225256 0)
(0.805406 0.0187333 0)
(0.838885 0.0147632 0)
(0.864293 0.0106532 0)
(0.881392 0.00644253 0)
(0.890021 0.00217144 0)
(0.8901 0.00211951 0)
(0.881615 0.00638964 0)
(0.864639 0.0105983 0)
(0.839336 0.0147056 0)
(0.805953 0.0186721 0)
(0.764809 0.0224601 0)
(0.716296 0.026033 0)
(0.660876 0.0293563 0)
(0.599079 0.0323977 0)
(0.531496 0.0351274 0)
(0.458774 0.0375186 0)
(0.381611 0.0395472 0)
(0.300747 0.0411929 0)
(0.216958 0.0424386 0)
(0.131047 0.0432717 0)
(0.043852 0.0436852 0)
(-0.043852 0.0436852 0)
(-0.131047 0.0432717 0)
(-0.216958 0.0424386 0)
(-0.300747 0.0411929 0)
(-0.381611 0.0395472 0)
(-0.458775 0.0375186 0)
(-0.531496 0.0351275 0)
(-0.599079 0.0323977 0)
(-0.660876 0.0293563 0)
(-0.716296 0.026033 0)
(-0.764809 0.0224601 0)
(-0.805953 0.0186721 0)
(-0.839336 0.0147056 0)
(-0.864639 0.0105983 0)
(-0.881615 0.00638964 0)
(-0.8901 0.00211952 0)
(-0.890021 -0.00217144 0)
(-0.881392 -0.00644253 0)
(-0.864293 -0.0106532 0)
(-0.838885 -0.0147632 0)
(-0.805406 -0.0187333 0)
(-0.764177 -0.0225256 0)
(-0.715592 -0.0261034 0)
(-0.660114 -0.0294325 0)
(-0.598277 -0.0324805 0)
(-0.530674 -0.0352178 0)
(-0.457957 -0.0376178 0)
(-0.380829 -0.0396568 0)
(-0.300035 -0.0413146 0)
(-0.21636 -0.0425747 0)
(-0.130626 -0.043424 0)
(-0.0436851 -0.043852 0)
(0.0436852 -0.043852 0)
(0.130626 -0.043424 0)
(0.21636 -0.0425747 0)
(0.300035 -0.0413146 0)
(0.380829 -0.0396568 0)
(0.457957 -0.0376178 0)
(0.530674 -0.0352178 0)
(0.598277 -0.0324805 0)
(0.660114 -0.0294325 0)
(0.715592 -0.0261034 0)
(0.764177 -0.0225256 0)
(0.805406 -0.0187333 0)
(0.838885 -0.0147632 0)
(0.864293 -0.0106532 0)
(0.881392 -0.00644253 0)
(0.890021 -0.00217144 0)
(0.881447 0.00634153 0)
(0.873046 0.0191089 0)
(0.856236 0.0316927 0)
(0.83118 0.043973 0)
(0.798124 0.0558325 0)
(0.757381 0.0671577 0)
(0.709341 0.0778396 0)
(0.654461 0.087775 0)
(0.593265 0.0968673 0)
(0.526339 0.105028 0)
(0.454323 0.112176 0)
(0.377908 0.118241 0)
(0.297828 0.123163 0)
(0.214851 0.12689 0)
(0.129772 0.129385 0)
(0.043424 0.130626 0)
(-0.043424 0.130626 0)
(-0.129772 0.129385 0)
(-0.214851 0.12689 0)
(-0.297828 0.123163 0)
(-0.377909 0.118241 0)
(-0.454323 0.112176 0)
(-0.526339 0.105028 0)
(-0.593265 0.0968673 0)
(-0.654461 0.087775 0)
(-0.709341 0.0778396 0)
(-0.757382 0.0671577 0)
(-0.798124 0.0558325 0)
(-0.83118 0.043973 0)
(-0.856236 0.0316927 0)
(-0.873046 0.0191089 0)
(-0.881447 0.00634153 0)
(-0.881368 -0.0064877 0)
(-0.872823 -0.0192568 0)
(-0.855893 -0.0318445 0)
(-0.830734 -0.0441309 0)
(-0.797585 -0.0559986 0)
(-0.756762 -0.067334 0)
(-0.708654 -0.078028 0)
(-0.653722 -0.0879778 0)
(-0.592491 -0.0970868 0)
(-0.52555 -0.105267 0)
(-0.453545 -0.112437 0)
(-0.377168 -0.118528 0)
(-0.29716 -0.123478 0)
(-0.214295 -0.127239 0)
(-0.129385 -0.129772 0)
(-0.0432717 -0.131047 0)
(0.0432717 -0.131047 0)
(0.129385 -0.129772 0)
(0.214295 -0.127239 0)
(0.29716 -0.123478 0)
(0.377168 -0.118528 0)
(0.453545 -0.112437 0)
(0.52555 -0.105267 0)
(0.592491 -0.0970868 0)
(0.653722 -0.0879778 0)
(0.708654 -0.078028 0)
(0.756762 -0.067334 0)
(0.797585 -0.0559986 0)
(0.830734 -0.0441309 0)
(0.855893 -0.0318445 0)
(0.872823 -0.0192568 0)
(0.881368 -0.0064877 0)
(0.864233 0.0104994 0)
(0.856 0.0316397 0)
(0.839522 0.0524764 0)
(0.81496 0.0728112 0)
(0.782554 0.0924498 0)
(0.742611 0.111204 0)
(0.695512 0.128894 0)
(0.641706 0.145348 0)
(0.581706 0.160407 0)
(0.516085 0.173924 0)
(0.445474 0.185765 0)
(0.370547 0.195815 0)
(0.292026 0.203972 0)
(0.210663 0.210153 0)
(0.127239 0.214295 0)
(0.0425747 0.21636 0)
(-0.0425747 0.21636 0)
(-0.127239 0.214295 0)
(-0.210663 0.210153 0)
(-0.292026 0.203972 0)
(-0.370547 0.195815 0)
(-0.445474 0.185765 0)
(-0.516085 0.173924 0)
(-0.581706 0.160407 0)
(-0.641706 0.145348 0)
(-0.695512 0.128894 0)
(-0.742611 0.111204 0)
(-0.782554 0.0924498 0)
(-0.81496 0.0728112 0)
(-0.839522 0.0524764 0)
(-0.856 0.0316397 0)
(-0.864233 0.0104994 0)
(-0.864154 -0.0107431 0)
(-0.855776 -0.0318857 0)
(-0.839179 -0.0527279 0)
(-0.814516 -0.0730711 0)
(-0.78202 -0.092721 0)
(-0.742 -0.111489 0)
(-0.694839 -0.129196 0)
(-0.640986 -0.14567 0)
(-0.580957 -0.160752 0)
(-0.51533 -0.174295 0)
(-0.444734 -0.186166 0)
(-0.369851 -0.196248 0)
(-0.291404 -0.204441 0)
(-0.210153 -0.210663 0)
(-0.12689 -0.214851 0)
(-0.0424386 -0.216958 0)
(0.0424386 -0.216958 0)
(0.12689 -0.214851 0)
(0.210153 -0.210663 0)
(0.291404 -0.204441 0)
(0.369851 -0.196248 0)
(0.444734 -0.186166 0)
(0.51533 -0.174295 0)
(0.580957 -0.160752 0)
(0.640986 -0.14567 0)
(0.694839 -0.129196 0)
(0.742 -0.111489 0)
(0.78202 -0.092721 0)
(0.814516 -0.0730711 0)
(0.839179 -0.0527279 0)
(0.855776 -0.0318857 0)
(0.864154 -0.0107431 0)
(0.838641 0.0145576 0)
(0.830656 0.0438633 0)
(0.814673 0.0727491 0)
(0.790845 0.10094 0)
(0.759404 0.128167 0)
(0.720651 0.154169 0)
(0.674952 0.178696 0)
(0.622743 0.201512 0)
(0.564521 0.222394 0)
(0.500843 0.241139 0)
(0.432319 0.257564 0)
(0.359606 0.271505 0)
(0.283402 0.282823 0)
(0.204441 0.291404 0)
(0.123478 0.29716 0)
(0.0413146 0.300035 0)
(-0.0413146 0.300035 0)
(-0.123478 0.29716 0)
(-0.204441 0.291404 0)
(-0.283402 0.282823 0)
(-0.359606 0.271505 0)
(-0.432319 0.257564 0)
(-0.500843 0.241139 0)
(-0.564521 0.222394 0)
(-0.622743 0.201512 0)
(-0.674952 0.178696 0)
(-0.720651 0.154169 0)
(-0.759404 0.128167 0)
(-0.790845 0.10094 0)
(-0.814673 0.0727491 0)
(-0.830656 0.0438633 0)
(-0.838641 0.0145576 0)
(-0.838561 -0.0148895 0)
(-0.830431 -0.044198 0)
(-0.814328 -0.0730899 0)
(-0.790399 -0.10129 0)
(-0.758872 -0.12853 0)
(-0.720045 -0.154548 0)
(-0.674288 -0.179094 0)
(-0.622038 -0.201932 0)
(-0.563794 -0.22284 0)
(-0.500115 -0.241614 0)
(-0.431613 -0.25807 0)
(-0.358949 -0.272046 0)
(-0.282823 -0.283402 0)
(-0.203972 -0.292026 0)
(-0.123163 -0.297828 0)
(-0.0411928 -0.300747 0)
(0.0411929 -0.300747 0)
(0.123163 -0.297828 0)
(0.203972 -0.292026 0)
(0.282823 -0.283402 0)
(0.358949 -0.272046 0)
(0.431613 -0.25807 0)
(0.500115 -0.241614 0)
(0.563794 -0.22284 0)
(0.622038 -0.201932 0)
(0.674288 -0.179094 0)
(0.720045 -0.154548 0)
(0.758872 -0.12853 0)
(0.790399 -0.10129 0)
(0.814328 -0.0730899 0)
(0.830431 -0.044198 0)
(0.838561 -0.0148895 0)
(0.804936 0.0184742 0)
(0.797279 0.0556591 0)
(0.781945 0.0923121 0)
(0.759083 0.128085 0)
(0.728915 0.162635 0)
(0.691727 0.195634 0)
(0.647872 0.226762 0)
(0.597766 0.25572 0)
(0.541886 0.282226 0)
(0.480767 0.306022 0)
(0.414993 0.326873 0)
(0.345196 0.344574 0)
(0.272046 0.358949 0)
(0.196248 0.369851 0)
(0.118528 0.377168 0)
(0.0396568 0.380829 0)
(-0.0396568 0.380829 0)
(-0.118528 0.377168 0)
(-0.196248 0.369851 0)
(-0.272046 0.358949 0)
(-0.345196 0.344574 0)
(-0.414993 0.326873 0)
(-0.480767 0.306022 0)
(-0.541886 0.282226 0)
(-0.597766 0.25572 0)
(-0.647872 0.226762 0)
(-0.691727 0.195634 0)
(-0.728915 0.162635 0)
(-0.759083 0.128085 0)
(-0.781945 0.0923121 0)
(-0.797279 0.055659 0)
(-0.804936 0.0184741 0)
(-0.804855 -0.0188895 0)
(-0.797052 -0.0560769 0)
(-0.781598 -0.0927359 0)
(-0.758637 -0.128518 0)
(-0.728384 -0.163081 0)
(-0.691126 -0.196095 0)
(-0.647217 -0.227243 0)
(-0.597075 -0.256223 0)
(-0.541179 -0.282755 0)
(-0.480064 -0.306579 0)
(-0.414319 -0.327461 0)
(-0.344574 -0.345196 0)
(-0.271505 -0.359606 0)
(-0.195815 -0.370547 0)
(-0.118241 -0.377909 0)
(-0.0395472 -0.381611 0)
(0.0395472 -0.381611 0)
(0.118241 -0.377909 0)
(0.195815 -0.370547 0)
(0.271505 -0.359606 0)
(0.344574 -0.345196 0)
(0.414319 -0.327461 0)
(0.480064 -0.306579 0)
(0.541179 -0.282755 0)
(0.597075 -0.256223 0)
(0.647217 -0.227243 0)
(0.691126 -0.196095 0)
(0.728384 -0.163081 0)
(0.758637 -0.128518 0)
(0.781598 -0.0927359 0)
(0.797052 -0.0560769 0)
(0.804855 -0.0188895 0)
(0.763462 0.0222136 0)
(0.756208 0.0669145 0)
(0.741674 0.110977 0)
(0.72 0.153984 0)
(0.691396 0.195523 0)
(0.656134 0.235199 0)
(0.614547 0.272628 0)
(0.567027 0.30745 0)
(0.514029 0.339326 0)
(0.456058 0.367945 0)
(0.39367 0.393025 0)
(0.327461 0.414319 0)
(0.25807 0.431613 0)
(0.186166 0.444734 0)
(0.112437 0.453545 0)
(0.0376178 0.457957 0)
(-0.0376178 0.457957 0)
(-0.112437 0.453545 0)
(-0.186166 0.444734 0)
(-0.25807 0.431613 0)
(-0.327461 0.414319 0)
(-0.39367 0.393025 0)
(-0.456058 0.367945 0)
(-0.514029 0.339326 0)
(-0.567028 0.30745 0)
(-0.614547 0.272628 0)
(-0.656134 0.235199 0)
(-0.691396 0.195523 0)
(-0.72 0.153984 0)
(-0.741674 0.110977 0)
(-0.756208 0.0669145 0)
(-0.763462 0.0222136 0)
(-0.763381 -0.0227014 0)
(-0.755979 -0.0674046 0)
(-0.741324 -0.111473 0)
(-0.719552 -0.154487 0)
(-0.690866 -0.196038 0)
(-0.655537 -0.235728 0)
(-0.6139 -0.273175 0)
(-0.56635 -0.308017 0)
(-0.513342 -0.339917 0)
(-0.455381 -0.368561 0)
(-0.393025 -0.39367 0)
(-0.326873 -0.414993 0)
(-0.257564 -0.432319 0)
(-0.185765 -0.445474 0)
(-0.112176 -0.454323 0)
(-0.0375185 -0.458775 0)
(0.0375186 -0.458775 0)
(0.112176 -0.454323 0)
(0.185765 -0.445474 0)
(0.257564 -0.432319 0)
(0.326873 -0.414993 0)
(0.393025 -0.39367 0)
(0.455381 -0.368561 0)
(0.513342 -0.339917 0)
(0.56635 -0.308017 0)
(0.6139 -0.273175 0)
(0.655537 -0.235728 0)
(0.690866 -0.196038 0)
(0.719552 -0.154487 0)
(0.741324 -0.111473 0)
(0.755979 -0.0674045 0)
(0.763381 -0.0227014 0)
(0.714637 0.0257396 0)
(0.707857 0.0775206 0)
(0.694264 0.128564 0)
(0.673988 0.178387 0)
(0.647226 0.226513 0)
(0.61423 0.272482 0)
(0.575311 0.315852 0)
(0.530836 0.356204 0)
(0.48123 0.393144 0)
(0.426965 0.426312 0)
(0.368561 0.455381 0)
(0.306579 0.480064 0)
(0.241614 0.500115 0)
(0.174295 0.51533 0)
(0.105267 0.52555 0)
(0.0352178 0.530674 0)
(-0.0352178 0.530674 0)
(-0.105267 0.52555 0)
(-0.174295 0.51533 0)
(-0.241614 0.500115 0)
(-0.306579 0.480064 0)
(-0.368561 0.455381 0)
(-0.426965 0.426312 0)
(-0.48123 0.393144 0)
(-0.530836 0.356204 0)
(-0.575311 0.315852 0)
(-0.61423 0.272482 0)
(-0.647226 0.226513 0)
(-0.673988 0.178387 0)
(-0.694264 0.128564 0)
(-0.707857 0.0775206 0)
(-0.714637 0.0257396 0)
(-0.714555 -0.0262885 0)
(-0.707625 -0.0780709 0)
(-0.69391 -0.129119 0)
(-0.673538 -0.178947 0)
(-0.646696 -0.227082 0)
(-0.613637 -0.273063 0)
(-0.574672 -0.316447 0)
(-0.530172 -0.356815 0)
(-0.480561 -0.393775 0)
(-0.426312 -0.426965 0)
(-0.367945 -0.456058 0)
(-0.306022 -0.480767 0)
(-0.241139 -0.500843 0)
(-0.173924 -0.516085 0)
(-0.105028 -0.526339 0)
(-0.0351274 -0.531496 0)
(0.0351275 -0.531496 0)
(0.105028 -0.526339 0)
(0.173924 -0.516085 0)
(0.241139 -0.500843 0)
(0.306022 -0.480767 0)
(0.367945 -0.456058 0)
(0.426312 -0.426965 0)
(0.480561 -0.393775 0)
(0.530172 -0.356815 0)
(0.574672 -0.316447 0)
(0.613637 -0.273063 0)
(0.646696 -0.227082 0)
(0.673538 -0.178947 0)
(0.69391 -0.129119 0)
(0.707625 -0.0780709 0)
(0.714555 -0.0262885 0)
(0.658947 0.0290191 0)
(0.652707 0.0873758 0)
(0.640187 0.144904 0)
(0.621506 0.201059 0)
(0.596843 0.255306 0)
(0.566432 0.307126 0)
(0.530555 0.356019 0)
(0.489552 0.401511 0)
(0.443813 0.443161 0)
(0.393775 0.480561 0)
(0.339917 0.513342 0)
(0.282755 0.541179 0)
(0.22284 0.563794 0)
(0.160752 0.580957 0)
(0.0970868 0.592491 0)
(0.0324805 0.598277 0)
(-0.0324805 0.598277 0)
(-0.0970868 0.592491 0)
(-0.160752 0.580957 0)
(-0.22284 0.563794 0)
(-0.282755 0.541179 0)
(-0.339917 0.513342 0)
(-0.393775 0.480561 0)
(-0.443813 0.443161 0)
(-0.489552 0.401511 0)
(-0.530555 0.356019 0)
(-0.566432 0.307126 0)
(-0.596843 0.255306 0)
(-0.621506 0.201059 0)
(-0.640187 0.144904 0)
(-0.652707 0.0873758 0)
(-0.658947 0.0290191 0)
(-0.658863 -0.0296147 0)
(-0.652471 -0.0879717 0)
(-0.639829 -0.145502 0)
(-0.621052 -0.201661 0)
(-0.596312 -0.255913 0)
(-0.56584 -0.30774 0)
(-0.529923 -0.356643 0)
(-0.4889 -0.402148 0)
(-0.443161 -0.443813 0)
(-0.393144 -0.48123 0)
(-0.339326 -0.514029 0)
(-0.282226 -0.541886 0)
(-0.222394 -0.564521 0)
(-0.160407 -0.581706 0)
(-0.0968673 -0.593265 0)
(-0.0323977 -0.599079 0)
(0.0323977 -0.599079 0)
(0.0968673 -0.593265 0)
(0.160407 -0.581706 0)
(0.222394 -0.564521 0)
(0.282226 -0.541886 0)
(0.339326 -0.514029 0)
(0.393144 -0.48123 0)
(0.443161 -0.443813 0)
(0.4889 -0.402148 0)
(0.529923 -0.356643 0)
(0.56584 -0.30774 0)
(0.596312 -0.255913 0)
(0.621052 -0.201661 0)
(0.639829 -0.145502 0)
(0.652471 -0.0879717 0)
(0.658863 -0.0296147 0)
(0.596942 0.032021 0)
(0.591305 0.0963854 0)
(0.57998 0.159839 0)
(0.563073 0.221783 0)
(0.540748 0.281627 0)
(0.513212 0.338797 0)
(0.480721 0.392742 0)
(0.443582 0.44294 0)
(0.402148 0.4889 0)
(0.356815 0.530172 0)
(0.308017 0.56635 0)
(0.256223 0.597075 0)
(0.201932 0.622038 0)
(0.14567 0.640986 0)
(0.0879778 0.653722 0)
(0.0294325 0.660114 0)
(-0.0294325 0.660114 0)
(-0.0879778 0.653722 0)
(-0.14567 0.640986 0)
(-0.201932 0.622038 0)
(-0.256223 0.597075 0)
(-0.308017 0.56635 0)
(-0.356815 0.530172 0)
(-0.402148 0.4889 0)
(-0.443582 0.44294 0)
(-0.480721 0.392742 0)
(-0.513212 0.338797 0)
(-0.540748 0.281627 0)
(-0.563073 0.221783 0)
(-0.57998 0.159839 0)
(-0.591305 0.0963854 0)
(-0.596942 0.032021 0)
(-0.596856 -0.0326472 0)
(-0.591063 -0.0970105 0)
(-0.579615 -0.160464 0)
(-0.562613 -0.222408 0)
(-0.540213 -0.282253 0)
(-0.51262 -0.339426 0)
(-0.480094 -0.393377 0)
(-0.44294 -0.443582 0)
(-0.401511 -0.489552 0)
(-0.356204 -0.530836 0)
(-0.30745 -0.567028 0)
(-0.25572 -0.597766 0)
(-0.201512 -0.622743 0)
(-0.145348 -0.641706 0)
(-0.087775 -0.654461 0)
(-0.0293563 -0.660876 0)
(0.0293563 -0.660876 0)
(0.087775 -0.654461 0)
(0.145348 -0.641706 0)
(0.201512 -0.622743 0)
(0.25572 -0.597766 0)
(0.30745 -0.567028 0)
(0.356204 -0.530836 0)
(0.401511 -0.489552 0)
(0.44294 -0.443582 0)
(0.480094 -0.393377 0)
(0.51262 -0.339426 0)
(0.540213 -0.282253 0)
(0.562613 -0.222408 0)
(0.579615 -0.160464 0)
(0.591063 -0.0970105 0)
(0.596856 -0.0326472 0)
(0.529235 0.0347174 0)
(0.524257 0.104463 0)
(0.514236 0.173227 0)
(0.499266 0.24036 0)
(0.479492 0.305223 0)
(0.455094 0.367194 0)
(0.426298 0.425674 0)
(0.393377 0.480094 0)
(0.356643 0.529923 0)
(0.316447 0.574672 0)
(0.273175 0.6139 0)
(0.227243 0.647217 0)
(0.179094 0.674288 0)
(0.129196 0.694839 0)
(0.078028 0.708654 0)
(0.0261034 0.715592 0)
(-0.0261034 0.715592 0)
(-0.0780281 0.708654 0)
(-0.129196 0.694839 0)
(-0.179094 0.674288 0)
(-0.227243 0.647217 0)
(-0.273175 0.6139 0)
(-0.316447 0.574672 0)
(-0.356643 0.529923 0)
(-0.393377 0.480094 0)
(-0.426298 0.425674 0)
(-0.455094 0.367194 0)
(-0.479492 0.305223 0)
(-0.499266 0.24036 0)
(-0.514236 0.173227 0)
(-0.524257 0.104463 0)
(-0.529235 0.0347174 0)
(-0.529146 -0.0353558 0)
(-0.524007 -0.105099 0)
(-0.513861 -0.17386 0)
(-0.498798 -0.24099 0)
(-0.47895 -0.30585 0)
(-0.4545 -0.367819 0)
(-0.425674 -0.426298 0)
(-0.392742 -0.480721 0)
(-0.356019 -0.530555 0)
(-0.315852 -0.575311 0)
(-0.272628 -0.614547 0)
(-0.226762 -0.647872 0)
(-0.178696 -0.674952 0)
(-0.128894 -0.695512 0)
(-0.0778396 -0.709341 0)
(-0.026033 -0.716296 0)
(0.026033 -0.716296 0)
(0.0778396 -0.709341 0)
(0.128894 -0.695512 0)
(0.178696 -0.674952 0)
(0.226762 -0.647872 0)
(0.272628 -0.614547 0)
(0.315852 -0.575311 0)
(0.356019 -0.530555 0)
(0.392742 -0.480721 0)
(0.425674 -0.426298 0)
(0.4545 -0.367819 0)
(0.47895 -0.30585 0)
(0.498798 -0.24099 0)
(0.513861 -0.17386 0)
(0.524007 -0.105099 0)
(0.529146 -0.0353558 0)
(0.456493 0.0370833 0)
(0.452223 0.111533 0)
(0.443602 0.184941 0)
(0.430712 0.256615 0)
(0.413675 0.325872 0)
(0.392646 0.392048 0)
(0.367819 0.4545 0)
(0.339426 0.51262 0)
(0.30774 0.56584 0)
(0.273063 0.613637 0)
(0.235728 0.655537 0)
(0.196095 0.691126 0)
(0.154548 0.720045 0)
(0.111489 0.742 0)
(0.0673339 0.756762 0)
(0.0225255 0.764177 0)
(-0.0225256 0.764177 0)
(-0.067334 0.756762 0)
(-0.111489 0.742 0)
(-0.154548 0.720045 0)
(-0.196095 0.691126 0)
(-0.235728 0.655537 0)
(-0.273063 0.613637 0)
(-0.30774 0.56584 0)
(-0.339426 0.51262 0)
(-0.367819 0.4545 0)
(-0.392646 0.392048 0)
(-0.413675 0.325872 0)
(-0.430712 0.256615 0)
(-0.443602 0.184941 0)
(-0.452223 0.111533 0)
(-0.456493 0.0370833 0)
(-0.4564 -0.0377133 0)
(-0.451963 -0.112159 0)
(-0.443216 -0.185561 0)
(-0.430233 -0.257227 0)
(-0.413126 -0.326477 0)
(-0.392048 -0.392646 0)
(-0.367194 -0.455094 0)
(-0.338797 -0.513212 0)
(-0.307126 -0.566432 0)
(-0.272482 -0.61423 0)
(-0.235199 -0.656134 0)
(-0.195634 -0.691727 0)
(-0.154169 -0.720651 0)
(-0.111204 -0.742611 0)
(-0.0671577 -0.757382 0)
(-0.0224601 -0.764809 0)
(0.0224601 -0.764809 0)
(0.0671578 -0.757381 0)
(0.111204 -0.742611 0)
(0.154169 -0.720651 0)
(0.195634 -0.691727 0)
(0.235199 -0.656134 0)
(0.272482 -0.61423 0)
(0.307126 -0.566432 0)
(0.338797 -0.513212 0)
(0.367194 -0.455094 0)
(0.392048 -0.392646 0)
(0.413126 -0.326477 0)
(0.430233 -0.257227 0)
(0.443216 -0.185561 0)
(0.451963 -0.112159 0)
(0.4564 -0.0377133 0)
(0.379432 0.0390976 0)
(0.375911 0.11753 0)
(0.368772 0.194871 0)
(0.358082 0.270395 0)
(0.343942 0.343381 0)
(0.326477 0.413126 0)
(0.30585 0.47895 0)
(0.282253 0.540213 0)
(0.255913 0.596312 0)
(0.227082 0.646696 0)
(0.196038 0.690866 0)
(0.163081 0.728384 0)
(0.12853 0.758872 0)
(0.092721 0.78202 0)
(0.0559986 0.797585 0)
(0.0187333 0.805406 0)
(-0.0187333 0.805406 0)
(-0.0559986 0.797585 0)
(-0.092721 0.78202 0)
(-0.12853 0.758872 0)
(-0.163081 0.728384 0)
(-0.196038 0.690866 0)
(-0.227082 0.646696 0)
(-0.255913 0.596312 0)
(-0.282253 0.540213 0)
(-0.30585 0.47895 0)
(-0.326477 0.413126 0)
(-0.343942 0.343381 0)
(-0.358082 0.270395 0)
(-0.368772 0.194871 0)
(-0.375911 0.11753 0)
(-0.379432 0.0390976 0)
(-0.379334 -0.039696 0)
(-0.375638 -0.118122 0)
(-0.368371 -0.195455 0)
(-0.357589 -0.270967 0)
(-0.343381 -0.343942 0)
(-0.325872 -0.413675 0)
(-0.305223 -0.479492 0)
(-0.281627 -0.540748 0)
(-0.255306 -0.596843 0)
(-0.226513 -0.647226 0)
(-0.195523 -0.691396 0)
(-0.162635 -0.728915 0)
(-0.128167 -0.759404 0)
(-0.0924498 -0.782554 0)
(-0.0558325 -0.798124 0)
(-0.0186721 -0.805953 0)
(0.0186721 -0.805953 0)
(0.0558326 -0.798124 0)
(0.0924498 -0.782554 0)
(0.128167 -0.759404 0)
(0.162635 -0.728915 0)
(0.195523 -0.691396 0)
(0.226513 -0.647226 0)
(0.255306 -0.596843 0)
(0.281627 -0.540748 0)
(0.305223 -0.479492 0)
(0.325872 -0.413675 0)
(0.343381 -0.343942 0)
(0.357589 -0.270967 0)
(0.368371 -0.195455 0)
(0.375638 -0.118122 0)
(0.379334 -0.039696 0)
(0.298807 0.0407433 0)
(0.296069 0.122398 0)
(0.290477 0.202927 0)
(0.282083 0.281575 0)
(0.270967 0.357589 0)
(0.257227 0.430233 0)
(0.24099 0.498798 0)
(0.222408 0.562613 0)
(0.201661 0.621052 0)
(0.178947 0.673538 0)
(0.154487 0.719552 0)
(0.128518 0.758637 0)
(0.10129 0.790399 0)
(0.0730711 0.814516 0)
(0.0441309 0.830734 0)
(0.0147632 0.838885 0)
(-0.0147632 0.838885 0)
(-0.0441309 0.830734 0)
(-0.0730711 0.814516 0)
(-0.10129 0.790399 0)
(-0.128518 0.758637 0)
(-0.154487 0.719552 0)
(-0.178947 0.673538 0)
(-0.201661 0.621052 0)
(-0.222408 0.562613 0)
(-0.24099 0.498798 0)
(-0.257227 0.430233 0)
(-0.270967 0.357589 0)
(-0.282083 0.281575 0)
(-0.290477 0.202927 0)
(-0.296069 0.122398 0)
(-0.298807 0.0407433 0)
(-0.298701 -0.0412831 0)
(-0.29578 -0.122931 0)
(-0.290058 -0.203449 0)
(-0.281575 -0.282083 0)
(-0.270395 -0.358082 0)
(-0.256615 -0.430712 0)
(-0.24036 -0.499266 0)
(-0.221783 -0.563073 0)
(-0.201059 -0.621506 0)
(-0.178387 -0.673988 0)
(-0.153984 -0.72 0)
(-0.128085 -0.759083 0)
(-0.10094 -0.790845 0)
(-0.0728112 -0.81496 0)
(-0.043973 -0.83118 0)
(-0.0147055 -0.839336 0)
(0.0147056 -0.839336 0)
(0.043973 -0.83118 0)
(0.0728112 -0.81496 0)
(0.10094 -0.790845 0)
(0.128085 -0.759083 0)
(0.153984 -0.72 0)
(0.178387 -0.673988 0)
(0.201059 -0.621506 0)
(0.221783 -0.563073 0)
(0.24036 -0.499266 0)
(0.256615 -0.430712 0)
(0.270395 -0.358082 0)
(0.281575 -0.282083 0)
(0.290058 -0.203449 0)
(0.29578 -0.122931 0)
(0.298701 -0.0412831 0)
(0.215406 0.0420086 0)
(0.213476 0.126099 0)
(0.209475 0.209041 0)
(0.203449 0.290058 0)
(0.195455 0.368371 0)
(0.185561 0.443216 0)
(0.17386 0.513861 0)
(0.160464 0.579615 0)
(0.145502 0.639829 0)
(0.129119 0.69391 0)
(0.111473 0.741324 0)
(0.0927359 0.781598 0)
(0.0730899 0.814328 0)
(0.0527279 0.839179 0)
(0.0318445 0.855893 0)
(0.0106532 0.864293 0)
(-0.0106532 0.864293 0)
(-0.0318445 0.855893 0)
(-0.0527279 0.839179 0)
(-0.0730899 0.814328 0)
(-0.0927359 0.781598 0)
(-0.111473 0.741324 0)
(-0.129119 0.69391 0)
(-0.145502 0.639829 0)
(-0.160464 0.579615 0)
(-0.17386 0.513861 0)
(-0.185561 0.443216 0)
(-0.195455 0.368371 0)
(-0.203449 0.290058 0)
(-0.209475 0.209041 0)
(-0.213476 0.126099 0)
(-0.215406 0.0420086 0)
(-0.215291 -0.0424593 0)
(-0.213169 -0.126543 0)
(-0.209041 -0.209475 0)
(-0.202927 -0.290477 0)
(-0.194871 -0.368772 0)
(-0.184941 -0.443602 0)
(-0.173227 -0.514236 0)
(-0.159839 -0.57998 0)
(-0.144904 -0.640187 0)
(-0.128564 -0.694264 0)
(-0.110977 -0.741674 0)
(-0.0923121 -0.781945 0)
(-0.0727491 -0.814673 0)
(-0.0524764 -0.839522 0)
(-0.0316927 -0.856236 0)
(-0.0105983 -0.864639 0)
(0.0105983 -0.864639 0)
(0.0316927 -0.856236 0)
(0.0524764 -0.839522 0)
(0.0727491 -0.814673 0)
(0.0923121 -0.781945 0)
(0.110977 -0.741674 0)
(0.128564 -0.694264 0)
(0.144904 -0.640187 0)
(0.159839 -0.57998 0)
(0.173227 -0.514236 0)
(0.184941 -0.443602 0)
(0.194871 -0.368772 0)
(0.202927 -0.290477 0)
(0.209041 -0.209475 0)
(0.213169 -0.126543 0)
(0.215291 -0.0424593 0)
(0.130038 0.0428834 0)
(0.128924 0.128604 0)
(0.126543 0.213169 0)
(0.122931 0.29578 0)
(0.118122 0.375638 0)
(0.112159 0.451963 0)
(0.105099 0.524007 0)
(0.0970105 0.591063 0)
(0.0879717 0.652471 0)
(0.0780709 0.707625 0)
(0.0674045 0.755979 0)
(0.0560769 0.797052 0)
(0.044198 0.830431 0)
(0.0318857 0.855776 0)
(0.0192568 0.872823 0)
(0.00644252 0.881392 0)
(-0.00644253 0.881392 0)
(-0.0192568 0.872823 0)
(-0.0318857 0.855776 0)
(-0.044198 0.830431 0)
(-0.0560769 0.797052 0)
(-0.0674046 0.755979 0)
(-0.0780709 0.707625 0)
(-0.0879717 0.652471 0)
(-0.0970105 0.591063 0)
(-0.105099 0.524007 0)
(-0.112159 0.451963 0)
(-0.118122 0.375638 0)
(-0.122931 0.29578 0)
(-0.126543 0.213169 0)
(-0.128924 0.128604 0)
(-0.130038 0.0428834 0)
(-0.129915 -0.0432139 0)
(-0.128604 -0.128924 0)
(-0.126099 -0.213476 0)
(-0.122398 -0.296069 0)
(-0.11753 -0.375911 0)
(-0.111533 -0.452223 0)
(-0.104463 -0.524257 0)
(-0.0963854 -0.591305 0)
(-0.0873758 -0.652707 0)
(-0.0775206 -0.707857 0)
(-0.0669145 -0.756208 0)
(-0.055659 -0.797279 0)
(-0.0438633 -0.830656 0)
(-0.0316397 -0.856 0)
(-0.0191089 -0.873046 0)
(-0.00638963 -0.881615 0)
(0.00638964 -0.881615 0)
(0.0191089 -0.873046 0)
(0.0316397 -0.856 0)
(0.0438633 -0.830656 0)
(0.0556591 -0.797279 0)
(0.0669145 -0.756208 0)
(0.0775206 -0.707857 0)
(0.0873758 -0.652707 0)
(0.0963854 -0.591305 0)
(0.104463 -0.524257 0)
(0.111533 -0.452223 0)
(0.11753 -0.375911 0)
(0.122398 -0.296069 0)
(0.126099 -0.213476 0)
(0.128604 -0.128924 0)
(0.129915 -0.0432139 0)
(0.0435164 0.0433856 0)
(0.0432139 0.129915 0)
(0.0424593 0.215291 0)
(0.0412831 0.298701 0)
(0.039696 0.379334 0)
(0.0377133 0.4564 0)
(0.0353558 0.529146 0)
(0.0326472 0.596856 0)
(0.0296147 0.658863 0)
(0.0262885 0.714555 0)
(0.0227014 0.763381 0)
(0.0188895 0.804855 0)
(0.0148895 0.838561 0)
(0.0107431 0.864154 0)
(0.0064877 0.881368 0)
(0.00217143 0.890021 0)
(-0.00217144 0.890021 0)
(-0.0064877 0.881368 0)
(-0.0107431 0.864154 0)
(-0.0148895 0.838561 0)
(-0.0188895 0.804855 0)
(-0.0227014 0.763381 0)
(-0.0262885 0.714555 0)
(-0.0296147 0.658863 0)
(-0.0326472 0.596856 0)
(-0.0353558 0.529146 0)
(-0.0377133 0.4564 0)
(-0.039696 0.379334 0)
(-0.0412831 0.298701 0)
(-0.0424593 0.215291 0)
(-0.0432139 0.129915 0)
(-0.0435164 0.0433856 0)
(-0.0433856 -0.0435164 0)
(-0.0428834 -0.130038 0)
(-0.0420086 -0.215406 0)
(-0.0407433 -0.298807 0)
(-0.0390976 -0.379432 0)
(-0.0370833 -0.456493 0)
(-0.0347174 -0.529235 0)
(-0.032021 -0.596942 0)
(-0.0290191 -0.658947 0)
(-0.0257396 -0.714637 0)
(-0.0222136 -0.763462 0)
(-0.0184741 -0.804936 0)
(-0.0145576 -0.838641 0)
(-0.0104994 -0.864233 0)
(-0.00634153 -0.881447 0)
(-0.00211951 -0.8901 0)
(0.00211952 -0.8901 0)
(0.00634153 -0.881447 0)
(0.0104994 -0.864233 0)
(0.0145576 -0.838641 0)
(0.0184742 -0.804936 0)
(0.0222136 -0.763462 0)
(0.0257396 -0.714637 0)
(0.0290191 -0.658947 0)
(0.032021 -0.596942 0)
(0.0347174 -0.529235 0)
(0.0370833 -0.456493 0)
(0.0390976 -0.379432 0)
(0.0407433 -0.298807 0)
(0.0420086 -0.215406 0)
(0.0428834 -0.130038 0)
(0.0433856 -0.0435164 0)
(-0.0433856 0.0435164 0)
(-0.0428834 0.130038 0)
(-0.0420086 0.215406 0)
(-0.0407433 0.298807 0)
(-0.0390976 0.379432 0)
(-0.0370833 0.456493 0)
(-0.0347174 0.529235 0)
(-0.032021 0.596942 0)
(-0.0290191 0.658947 0)
(-0.0257396 0.714637 0)
(-0.0222136 0.763462 0)
(-0.0184742 0.804936 0)
(-0.0145576 0.838641 0)
(-0.0104994 0.864233 0)
(-0.00634154 0.881447 0)
(-0.00211952 0.8901 0)
(0.00211951 0.8901 0)
(0.00634153 0.881447 0)
(0.0104994 0.864233 0)
(0.0145576 0.838641 0)
(0.0184742 0.804936 0)
(0.0222136 0.763462 0)
(0.0257396 0.714637 0)
(0.0290191 0.658947 0)
(0.032021 0.596942 0)
(0.0347174 0.529235 0)
(0.0370833 0.456493 0)
(0.0390976 0.379432 0)
(0.0407433 0.298807 0)
(0.0420086 0.215406 0)
(0.0428834 0.130038 0)
(0.0433856 0.0435164 0)
(0.0435164 -0.0433856 0)
(0.0432139 -0.129915 0)
(0.0424593 -0.215291 0)
(0.0412831 -0.298701 0)
(0.039696 -0.379334 0)
(0.0377133 -0.4564 0)
(0.0353558 -0.529146 0)
(0.0326472 -0.596856 0)
(0.0296147 -0.658863 0)
(0.0262885 -0.714555 0)
(0.0227014 -0.763381 0)
(0.0188895 -0.804855 0)
(0.0148895 -0.838561 0)
(0.0107431 -0.864154 0)
(0.0064877 -0.881368 0)
(0.00217144 -0.890021 0)
(-0.00217144 -0.890021 0)
(-0.0064877 -0.881368 0)
(-0.0107431 -0.864154 0)
(-0.0148895 -0.838561 0)
(-0.0188895 -0.804855 0)
(-0.0227014 -0.763381 0)
(-0.0262885 -0.714555 0)
(-0.0296147 -0.658863 0)
(-0.0326472 -0.596856 0)
(-0.0353558 -0.529146 0)
(-0.0377133 -0.4564 0)
(-0.039696 -0.379334 0)
(-0.0412831 -0.298701 0)
(-0.0424593 -0.215291 0)
(-0.0432139 -0.129915 0)
(-0.0435164 -0.0433856 0)
(-0.129915 0.0432139 0)
(-0.128604 0.128924 0)
(-0.126099 0.213476 0)
(-0.122398 0.296069 0)
(-0.11753 0.375911 0)
(-0.111533 0.452223 0)
(-0.104463 0.524257 0)
(-0.0963854 0.591305 0)
(-0.0873758 0.652707 0)
(-0.0775206 0.707857 0)
(-0.0669145 0.756208 0)
(-0.0556591 0.797279 0)
(-0.0438633 0.830656 0)
(-0.0316397 0.856 0)
(-0.0191089 0.873046 0)
(-0.00638964 0.881615 0)
(0.00638963 0.881615 0)
(0.0191089 0.873046 0)
(0.0316397 0.856 0)
(0.0438633 0.830656 0)
(0.0556591 0.797279 0)
(0.0669145 0.756208 0)
(0.0775206 0.707857 0)
(0.0873758 0.652707 0)
(0.0963854 0.591305 0)
(0.104463 0.524257 0)
(0.111533 0.452223 0)
(0.11753 0.375911 0)
(0.122398 0.296069 0)
(0.126099 0.213476 0)
(0.128604 0.128924 0)
(0.129915 0.0432139 0)
(0.130038 -0.0428834 0)
(0.128924 -0.128604 0)
(0.126543 -0.213169 0)
(0.122931 -0.29578 0)
(0.118122 -0.375638 0)
(0.112159 -0.451963 0)
(0.105099 -0.524007 0)
(0.0970105 -0.591063 0)
(0.0879717 -0.652471 0)
(0.0780709 -0.707625 0)
(0.0674046 -0.755979 0)
(0.0560769 -0.797052 0)
(0.044198 -0.830431 0)
(0.0318857 -0.855776 0)
(0.0192568 -0.872823 0)
(0.00644253 -0.881392 0)
(-0.00644253 -0.881392 0)
(-0.0192568 -0.872823 0)
(-0.0318857 -0.855776 0)
(-0.044198 -0.830431 0)
(-0.0560769 -0.797052 0)
(-0.0674046 -0.755979 0)
(-0.0780709 -0.707625 0)
(-0.0879717 -0.652471 0)
(-0.0970105 -0.591063 0)
(-0.105099 -0.524007 0)
(-0.112159 -0.451963 0)
(-0.118122 -0.375638 0)
(-0.122931 -0.29578 0)
(-0.126543 -0.213169 0)
(-0.128924 -0.128604 0)
(-0.130038 -0.0428834 0)
(-0.215291 0.0424593 0)
(-0.213169 0.126543 0)
(-0.209041 0.209475 0)
(-0.202927 0.290477 0)
(-0.194871 0.368772 0)
(-0.184941 0.443602 0)
(-0.173227 0.514236 0)
(-0.159839 0.57998 0)
(-0.144904 0.640187 0)
(-0.128564 0.694264 0)
(-0.110977 0.741674 0)
(-0.0923121 0.781945 0)
(-0.0727491 0.814673 0)
(-0.0524764 0.839522 0)
(-0.0316927 0.856236 0)
(-0.0105983 0.864639 0)
(0.0105983 0.864639 0)
(0.0316927 0.856236 0)
(0.0524764 0.839522 0)
(0.0727491 0.814673 0)
(0.0923121 0.781945 0)
(0.110977 0.741674 0)
(0.128564 0.694264 0)
(0.144904 0.640187 0)
(0.159839 0.57998 0)
(0.173227 0.514236 0)
(0.184941 0.443602 0)
(0.194871 0.368772 0)
(0.202927 0.290477 0)
(0.209041 0.209475 0)
(0.213169 0.126543 0)
(0.215291 0.0424593 0)
(0.215406 -0.0420086 0)
(0.213476 -0.126099 0)
(0.209475 -0.209041 0)
(0.203449 -0.290058 0)
(0.195455 -0.368371 0)
(0.185561 -0.443216 0)
(0.17386 -0.513861 0)
(0.160464 -0.579615 0)
(0.145502 -0.639829 0)
(0.129119 -0.69391 0)
(0.111473 -0.741324 0)
(0.0927359 -0.781598 0)
(0.0730899 -0.814328 0)
(0.0527279 -0.839179 0)
(0.0318445 -0.855893 0)
(0.0106532 -0.864293 0)
(-0.0106532 -0.864293 0)
(-0.0318445 -0.855893 0)
(-0.0527279 -0.839179 0)
(-0.0730899 -0.814328 0)
(-0.0927359 -0.781598 0)
(-0.111473 -0.741324 0)
(-0.129119 -0.69391 0)
(-0.145502 -0.639829 0)
(-0.160464 -0.579615 0)
(-0.17386 -0.513861 0)
(-0.185561 -0.443216 0)
(-0.195455 -0.368371 0)
(-0.203449 -0.290058 0)
(-0.209475 -0.209041 0)
(-0.213476 -0.126099 0)
(-0.215406 -0.0420086 0)
(-0.298701 0.0412831 0)
(-0.29578 0.122931 0)
(-0.290058 0.203449 0)
(-0.281575 0.282083 0)
(-0.270395 0.358082 0)
(-0.256615 0.430712 0)
(-0.24036 0.499266 0)
(-0.221783 0.563073 0)
(-0.201059 0.621506 0)
(-0.178387 0.673988 0)
(-0.153984 0.72 0)
(-0.128085 0.759083 0)
(-0.10094 0.790845 0)
(-0.0728112 0.81496 0)
(-0.043973 0.83118 0)
(-0.0147056 0.839336 0)
(0.0147056 0.839336 0)
(0.043973 0.83118 0)
(0.0728112 0.81496 0)
(0.10094 0.790845 0)
(0.128085 0.759083 0)
(0.153984 0.72 0)
(0.178387 0.673988 0)
(0.201059 0.621506 0)
(0.221783 0.563073 0)
(0.24036 0.499266 0)
(0.256615 0.430712 0)
(0.270395 0.358082 0)
(0.281575 0.282083 0)
(0.290058 0.203449 0)
(0.29578 0.122931 0)
(0.298701 0.0412831 0)
(0.298807 -0.0407433 0)
(0.296069 -0.122398 0)
(0.290477 -0.202927 0)
(0.282083 -0.281575 0)
(0.270967 -0.357589 0)
(0.257227 -0.430233 0)
(0.24099 -0.498798 0)
(0.222408 -0.562613 0)
(0.201661 -0.621052 0)
(0.178947 -0.673538 0)
(0.154487 -0.719552 0)
(0.128518 -0.758637 0)
(0.10129 -0.790399 0)
(0.0730711 -0.814516 0)
(0.0441309 -0.830734 0)
(0.0147632 -0.838885 0)
(-0.0147632 -0.838885 0)
(-0.0441309 -0.830734 0)
(-0.0730711 -0.814516 0)
(-0.10129 -0.790399 0)
(-0.128518 -0.758637 0)
(-0.154487 -0.719552 0)
(-0.178947 -0.673538 0)
(-0.201661 -0.621052 0)
(-0.222408 -0.562613 0)
(-0.24099 -0.498798 0)
(-0.257227 -0.430233 0)
(-0.270967 -0.357589 0)
(-0.282083 -0.281575 0)
(-0.290477 -0.202927 0)
(-0.296069 -0.122398 0)
(-0.298807 -0.0407433 0)
(-0.379334 0.039696 0)
(-0.375638 0.118122 0)
(-0.368371 0.195455 0)
(-0.357589 0.270967 0)
(-0.343381 0.343942 0)
(-0.325872 0.413675 0)
(-0.305223 0.479492 0)
(-0.281627 0.540748 0)
(-0.255306 0.596843 0)
(-0.226513 0.647226 0)
(-0.195523 0.691396 0)
(-0.162635 0.728915 0)
(-0.128167 0.759404 0)
(-0.0924498 0.782554 0)
(-0.0558325 0.798124 0)
(-0.0186721 0.805953 0)
(0.0186721 0.805953 0)
(0.0558325 0.798124 0)
(0.0924498 0.782554 0)
(0.128167 0.759404 0)
(0.162635 0.728915 0)
(0.195523 0.691396 0)
(0.226513 0.647226 0)
(0.255306 0.596843 0)
(0.281627 0.540748 0)
(0.305223 0.479492 0)
(0.325872 0.413675 0)
(0.343381 0.343942 0)
(0.357589 0.270967 0)
(0.368371 0.195455 0)
(0.375638 0.118122 0)
(0.379334 0.039696 0)
(0.379432 -0.0390976 0)
(0.375911 -0.11753 0)
(0.368772 -0.194871 0)
(0.358082 -0.270395 0)
(0.343942 -0.343381 0)
(0.326477 -0.413126 0)
(0.30585 -0.47895 0)
(0.282253 -0.540213 0)
(0.255913 -0.596312 0)
(0.227082 -0.646696 0)
(0.196038 -0.690866 0)
(0.163081 -0.728384 0)
(0.12853 -0.758872 0)
(0.092721 -0.78202 0)
(0.0559986 -0.797585 0)
(0.0187333 -0.805406 0)
(-0.0187333 -0.805406 0)
(-0.0559986 -0.797585 0)
(-0.092721 -0.78202 0)
(-0.12853 -0.758872 0)
(-0.163081 -0.728384 0)
(-0.196038 -0.690866 0)
(-0.227082 -0.646696 0)
(-0.255913 -0.596312 0)
(-0.282253 -0.540213 0)
(-0.30585 -0.47895 0)
(-0.326477 -0.413126 0)
(-0.343942 -0.343381 0)
(-0.358082 -0.270395 0)
(-0.368772 -0.194871 0)
(-0.375911 -0.11753 0)
(-0.379432 -0.0390976 0)
(-0.4564 0.0377133 0)
(-0.451963 0.112159 0)
(-0.443216 0.185561 0)
(-0.430233 0.257227 0)
(-0.413126 0.326477 0)
(-0.392048 0.392646 0)
(-0.367194 0.455094 0)
(-0.338797 0.513212 0)
(-0.307126 0.566432 0)
(-0.272482 0.61423 0)
(-0.235199 0.656134 0)
(-0.195634 0.691727 0)
(-0.154169 0.720651 0)
(-0.111204 0.742611 0)
(-0.0671577 0.757381 0)
(-0.0224601 0.764809 0)
(0.0224601 0.764809 0)
(0.0671578 0.757381 0)
(0.111204 0.742611 0)
(0.154169 0.720651 0)
(0.195634 0.691727 0)
(0.235199 0.656134 0)
(0.272482 0.61423 0)
(0.307126 0.566432 0)
(0.338797 0.513212 0)
(0.367194 0.455093 0)
(0.392048 0.392646 0)
(0.413126 0.326477 0)
(0.430233 0.257227 0)
(0.443216 0.185561 0)
(0.451963 0.112159 0)
(0.4564 0.0377133 0)
(0.456493 -0.0370833 0)
(0.452223 -0.111533 0)
(0.443602 -0.184941 0)
(0.430712 -0.256615 0)
(0.413675 -0.325872 0)
(0.392646 -0.392048 0)
(0.367819 -0.4545 0)
(0.339426 -0.51262 0)
(0.30774 -0.56584 0)
(0.273063 -0.613637 0)
(0.235728 -0.655537 0)
(0.196095 -0.691126 0)
(0.154548 -0.720045 0)
(0.111489 -0.742 0)
(0.0673339 -0.756762 0)
(0.0225255 -0.764177 0)
(-0.0225256 -0.764177 0)
(-0.067334 -0.756762 0)
(-0.111489 -0.742 0)
(-0.154548 -0.720045 0)
(-0.196095 -0.691126 0)
(-0.235728 -0.655537 0)
(-0.273063 -0.613637 0)
(-0.30774 -0.56584 0)
(-0.339426 -0.51262 0)
(-0.367819 -0.4545 0)
(-0.392646 -0.392048 0)
(-0.413675 -0.325872 0)
(-0.430712 -0.256615 0)
(-0.443602 -0.184941 0)
(-0.452223 -0.111533 0)
(-0.456493 -0.0370833 0)
(-0.529146 0.0353558 0)
(-0.524007 0.105099 0)
(-0.513861 0.17386 0)
(-0.498798 0.24099 0)
(-0.47895 0.30585 0)
(-0.4545 0.367819 0)
(-0.425674 0.426298 0)
(-0.392742 0.480721 0)
(-0.356019 0.530555 0)
(-0.315852 0.575311 0)
(-0.272628 0.614547 0)
(-0.226762 0.647872 0)
(-0.178696 0.674952 0)
(-0.128894 0.695512 0)
(-0.0778396 0.709341 0)
(-0.026033 0.716296 0)
(0.026033 0.716296 0)
(0.0778396 0.709341 0)
(0.128894 0.695512 0)
(0.178696 0.674952 0)
(0.226762 0.647872 0)
(0.272628 0.614547 0)
(0.315852 0.575311 0)
(0.356019 0.530555 0)
(0.392742 0.480721 0)
(0.425674 0.426298 0)
(0.4545 0.367818 0)
(0.47895 0.30585 0)
(0.498798 0.24099 0)
(0.513861 0.17386 0)
(0.524007 0.105099 0)
(0.529146 0.0353558 0)
(0.529235 -0.0347174 0)
(0.524257 -0.104463 0)
(0.514236 -0.173227 0)
(0.499266 -0.24036 0)
(0.479492 -0.305223 0)
(0.455094 -0.367194 0)
(0.426298 -0.425674 0)
(0.393377 -0.480094 0)
(0.356643 -0.529923 0)
(0.316447 -0.574672 0)
(0.273175 -0.6139 0)
(0.227243 -0.647217 0)
(0.179094 -0.674288 0)
(0.129196 -0.694839 0)
(0.078028 -0.708654 0)
(0.0261034 -0.715592 0)
(-0.0261034 -0.715592 0)
(-0.0780281 -0.708654 0)
(-0.129196 -0.694839 0)
(-0.179094 -0.674288 0)
(-0.227243 -0.647217 0)
(-0.273175 -0.6139 0)
(-0.316447 -0.574672 0)
(-0.356643 -0.529923 0)
(-0.393377 -0.480094 0)
(-0.426298 -0.425674 0)
(-0.455094 -0.367194 0)
(-0.479492 -0.305223 0)
(-0.499266 -0.24036 0)
(-0.514236 -0.173227 0)
(-0.524257 -0.104463 0)
(-0.529235 -0.0347174 0)
(-0.596856 0.0326472 0)
(-0.591063 0.0970105 0)
(-0.579615 0.160464 0)
(-0.562613 0.222408 0)
(-0.540213 0.282253 0)
(-0.51262 0.339426 0)
(-0.480094 0.393377 0)
(-0.44294 0.443582 0)
(-0.401511 0.489552 0)
(-0.356204 0.530836 0)
(-0.30745 0.567028 0)
(-0.25572 0.597766 0)
(-0.201512 0.622743 0)
(-0.145348 0.641706 0)
(-0.087775 0.654461 0)
(-0.0293563 0.660876 0)
(0.0293563 0.660876 0)
(0.087775 0.654461 0)
(0.145348 0.641706 0)
(0.201512 0.622743 0)
(0.25572 0.597766 0)
(0.30745 0.567027 0)
(0.356204 0.530836 0)
(0.401511 0.489552 0)
(0.44294 0.443582 0)
(0.480094 0.393377 0)
(0.51262 0.339426 0)
(0.540213 0.282253 0)
(0.562613 0.222408 0)
(0.579615 0.160464 0)
(0.591063 0.0970105 0)
(0.596856 0.0326472 0)
(0.596942 -0.032021 0)
(0.591305 -0.0963854 0)
(0.57998 -0.159839 0)
(0.563073 -0.221783 0)
(0.540748 -0.281627 0)
(0.513212 -0.338797 0)
(0.480721 -0.392742 0)
(0.443582 -0.44294 0)
(0.402148 -0.4889 0)
(0.356815 -0.530172 0)
(0.308017 -0.56635 0)
(0.256223 -0.597075 0)
(0.201932 -0.622038 0)
(0.14567 -0.640986 0)
(0.0879778 -0.653722 0)
(0.0294325 -0.660114 0)
(-0.0294325 -0.660114 0)
(-0.0879778 -0.653722 0)
(-0.14567 -0.640986 0)
(-0.201932 -0.622038 0)
(-0.256223 -0.597075 0)
(-0.308017 -0.56635 0)
(-0.356815 -0.530172 0)
(-0.402148 -0.4889 0)
(-0.443582 -0.44294 0)
(-0.480721 -0.392742 0)
(-0.513212 -0.338797 0)
(-0.540748 -0.281627 0)
(-0.563073 -0.221783 0)
(-0.57998 -0.159839 0)
(-0.591305 -0.0963854 0)
(-0.596942 -0.032021 0)
(-0.658863 0.0296147 0)
(-0.652471 0.0879717 0)
(-0.639829 0.145502 0)
(-0.621052 0.201661 0)
(-0.596312 0.255913 0)
(-0.56584 0.30774 0)
(-0.529923 0.356643 0)
(-0.4889 0.402148 0)
(-0.443161 0.443813 0)
(-0.393144 0.48123 0)
(-0.339326 0.514029 0)
(-0.282226 0.541886 0)
(-0.222394 0.564521 0)
(-0.160407 0.581706 0)
(-0.0968673 0.593265 0)
(-0.0323977 0.599079 0)
(0.0323977 0.599079 0)
(0.0968673 0.593265 0)
(0.160407 0.581706 0)
(0.222394 0.564521 0)
(0.282226 0.541886 0)
(0.339326 0.514029 0)
(0.393144 0.48123 0)
(0.443161 0.443813 0)
(0.4889 0.402148 0)
(0.529923 0.356643 0)
(0.56584 0.30774 0)
(0.596312 0.255913 0)
(0.621052 0.201661 0)
(0.639829 0.145502 0)
(0.652471 0.0879717 0)
(0.658863 0.0296147 0)
(0.658947 -0.0290191 0)
(0.652707 -0.0873758 0)
(0.640187 -0.144904 0)
(0.621506 -0.201059 0)
(0.596843 -0.255306 0)
(0.566432 -0.307126 0)
(0.530555 -0.356019 0)
(0.489552 -0.401511 0)
(0.443813 -0.443161 0)
(0.393775 -0.480561 0)
(0.339917 -0.513342 0)
(0.282755 -0.541179 0)
(0.22284 -0.563794 0)
(0.160752 -0.580957 0)
(0.0970868 -0.592491 0)
(0.0324805 -0.598277 0)
(-0.0324805 -0.598277 0)
(-0.0970868 -0.592491 0)
(-0.160752 -0.580957 0)
(-0.22284 -0.563794 0)
(-0.282755 -0.541179 0)
(-0.339917 -0.513342 0)
(-0.393775 -0.480561 0)
(-0.443813 -0.443161 0)
(-0.489552 -0.401511 0)
(-0.530555 -0.356019 0)
(-0.566432 -0.307126 0)
(-0.596843 -0.255306 0)
(-0.621506 -0.201059 0)
(-0.640187 -0.144904 0)
(-0.652707 -0.0873758 0)
(-0.658947 -0.0290191 0)
(-0.714555 0.0262885 0)
(-0.707625 0.0780709 0)
(-0.69391 0.129119 0)
(-0.673538 0.178947 0)
(-0.646696 0.227082 0)
(-0.613637 0.273063 0)
(-0.574672 0.316447 0)
(-0.530172 0.356815 0)
(-0.480561 0.393775 0)
(-0.426312 0.426965 0)
(-0.367945 0.456058 0)
(-0.306022 0.480767 0)
(-0.241139 0.500843 0)
(-0.173924 0.516085 0)
(-0.105028 0.526339 0)
(-0.0351274 0.531496 0)
(0.0351275 0.531496 0)
(0.105028 0.526339 0)
(0.173924 0.516085 0)
(0.241139 0.500843 0)
(0.306022 0.480767 0)
(0.367945 0.456058 0)
(0.426312 0.426965 0)
(0.480561 0.393775 0)
(0.530172 0.356815 0)
(0.574672 0.316447 0)
(0.613637 0.273063 0)
(0.646696 0.227082 0)
(0.673538 0.178947 0)
(0.69391 0.129119 0)
(0.707625 0.0780709 0)
(0.714555 0.0262885 0)
(0.714637 -0.0257396 0)
(0.707857 -0.0775206 0)
(0.694264 -0.128564 0)
(0.673988 -0.178387 0)
(0.647226 -0.226513 0)
(0.61423 -0.272482 0)
(0.575311 -0.315852 0)
(0.530836 -0.356204 0)
(0.48123 -0.393144 0)
(0.426965 -0.426312 0)
(0.368561 -0.455381 0)
(0.306579 -0.480064 0)
(0.241614 -0.500115 0)
(0.174295 -0.51533 0)
(0.105267 -0.52555 0)
(0.0352178 -0.530674 0)
(-0.0352178 -0.530674 0)
(-0.105267 -0.52555 0)
(-0.174295 -0.51533 0)
(-0.241614 -0.500115 0)
(-0.306579 -0.480064 0)
(-0.368561 -0.455381 0)
(-0.426965 -0.426312 0)
(-0.48123 -0.393144 0)
(-0.530836 -0.356204 0)
(-0.575311 -0.315852 0)
(-0.61423 -0.272482 0)
(-0.647226 -0.226513 0)
(-0.673988 -0.178387 0)
(-0.694264 -0.128564 0)
(-0.707857 -0.0775206 0)
(-0.714637 -0.0257395 0)
(-0.763381 0.0227015 0)
(-0.755979 0.0674046 0)
(-0.741324 0.111473 0)
(-0.719552 0.154487 0)
(-0.690866 0.196038 0)
(-0.655537 0.235728 0)
(-0.6139 0.273175 0)
(-0.56635 0.308017 0)
(-0.513342 0.339917 0)
(-0.455381 0.368561 0)
(-0.393025 0.39367 0)
(-0.326873 0.414993 0)
(-0.257564 0.432319 0)
(-0.185765 0.445474 0)
(-0.112176 0.454323 0)
(-0.0375185 0.458774 0)
(0.0375186 0.458774 0)
(0.112176 0.454323 0)
(0.185765 0.445474 0)
(0.257564 0.432319 0)
(0.326873 0.414993 0)
(0.393025 0.39367 0)
(0.455381 0.368561 0)
(0.513342 0.339917 0)
(0.56635 0.308017 0)
(0.6139 0.273175 0)
(0.655537 0.235728 0)
(0.690866 0.196038 0)
(0.719552 0.154487 0)
(0.741324 0.111473 0)
(0.755979 0.0674045 0)
(0.763381 0.0227014 0)
(0.763462 -0.0222136 0)
(0.756208 -0.0669145 0)
(0.741674 -0.110977 0)
(0.72 -0.153984 0)
(0.691396 -0.195523 0)
(0.656134 -0.235199 0)
(0.614547 -0.272628 0)
(0.567027 -0.30745 0)
(0.514029 -0.339326 0)
(0.456058 -0.367945 0)
(0.39367 -0.393025 0)
(0.327461 -0.414319 0)
(0.25807 -0.431613 0)
(0.186165 -0.444734 0)
(0.112437 -0.453545 0)
(0.0376178 -0.457957 0)
(-0.0376178 -0.457957 0)
(-0.112437 -0.453545 0)
(-0.186166 -0.444734 0)
(-0.25807 -0.431613 0)
(-0.327461 -0.414319 0)
(-0.39367 -0.393025 0)
(-0.456058 -0.367945 0)
(-0.514029 -0.339326 0)
(-0.567028 -0.30745 0)
(-0.614547 -0.272628 0)
(-0.656134 -0.235199 0)
(-0.691396 -0.195523 0)
(-0.72 -0.153984 0)
(-0.741674 -0.110977 0)
(-0.756208 -0.0669145 0)
(-0.763462 -0.0222136 0)
(-0.804855 0.0188895 0)
(-0.797052 0.0560769 0)
(-0.781598 0.0927359 0)
(-0.758637 0.128518 0)
(-0.728384 0.163081 0)
(-0.691126 0.196095 0)
(-0.647217 0.227243 0)
(-0.597075 0.256223 0)
(-0.541179 0.282755 0)
(-0.480064 0.306579 0)
(-0.414319 0.327461 0)
(-0.344574 0.345196 0)
(-0.271505 0.359606 0)
(-0.195815 0.370547 0)
(-0.118241 0.377908 0)
(-0.0395472 0.381611 0)
(0.0395472 0.381611 0)
(0.118241 0.377908 0)
(0.195815 0.370547 0)
(0.271505 0.359606 0)
(0.344574 0.345196 0)
(0.414319 0.327461 0)
(0.480064 0.306579 0)
(0.541179 0.282755 0)
(0.597075 0.256223 0)
(0.647217 0.227243 0)
(0.691126 0.196095 0)
(0.728384 0.163081 0)
(0.758637 0.128518 0)
(0.781598 0.0927359 0)
(0.797052 0.0560769 0)
(0.804855 0.0188895 0)
(0.804936 -0.0184742 0)
(0.797279 -0.0556591 0)
(0.781945 -0.0923121 0)
(0.759083 -0.128085 0)
(0.728915 -0.162635 0)
(0.691727 -0.195634 0)
(0.647872 -0.226762 0)
(0.597766 -0.25572 0)
(0.541886 -0.282226 0)
(0.480767 -0.306022 0)
(0.414993 -0.326873 0)
(0.345196 -0.344574 0)
(0.272046 -0.358949 0)
(0.196248 -0.369851 0)
(0.118528 -0.377168 0)
(0.0396568 -0.380829 0)
(-0.0396568 -0.380829 0)
(-0.118528 -0.377168 0)
(-0.196248 -0.369851 0)
(-0.272046 -0.358949 0)
(-0.345196 -0.344574 0)
(-0.414993 -0.326873 0)
(-0.480767 -0.306022 0)
(-0.541886 -0.282226 0)
(-0.597766 -0.25572 0)
(-0.647872 -0.226762 0)
(-0.691727 -0.195634 0)
(-0.728915 -0.162635 0)
(-0.759083 -0.128085 0)
(-0.781945 -0.0923121 0)
(-0.797279 -0.055659 0)
(-0.804936 -0.0184741 0)
(-0.838561 0.0148895 0)
(-0.830431 0.044198 0)
(-0.814328 0.0730899 0)
(-0.790399 0.10129 0)
(-0.758872 0.12853 0)
(-0.720045 0.154548 0)
(-0.674288 0.179094 0)
(-0.622038 0.201932 0)
(-0.563794 0.22284 0)
(-0.500115 0.241614 0)
(-0.431613 0.25807 0)
(-0.358949 0.272046 0)
(-0.282823 0.283402 0)
(-0.203972 0.292026 0)
(-0.123163 0.297828 0)
(-0.0411928 0.300747 0)
(0.0411929 0.300747 0)
(0.123163 0.297828 0)
(0.203972 0.292026 0)
(0.282823 0.283402 0)
(0.358949 0.272046 0)
(0.431613 0.25807 0)
(0.500115 0.241614 0)
(0.563794 0.22284 0)
(0.622038 0.201932 0)
(0.674288 0.179094 0)
(0.720045 0.154548 0)
(0.758872 0.12853 0)
(0.790399 0.10129 0)
(0.814328 0.0730899 0)
(0.830431 0.044198 0)
(0.838561 0.0148895 0)
(0.838641 -0.0145576 0)
(0.830656 -0.0438633 0)
(0.814673 -0.0727491 0)
(0.790845 -0.10094 0)
(0.759404 -0.128167 0)
(0.720651 -0.154169 0)
(0.674952 -0.178696 0)
(0.622743 -0.201512 0)
(0.564521 -0.222394 0)
(0.500843 -0.241139 0)
(0.432319 -0.257564 0)
(0.359606 -0.271505 0)
(0.283402 -0.282823 0)
(0.204441 -0.291404 0)
(0.123478 -0.29716 0)
(0.0413146 -0.300035 0)
(-0.0413146 -0.300035 0)
(-0.123478 -0.29716 0)
(-0.204441 -0.291404 0)
(-0.283402 -0.282823 0)
(-0.359606 -0.271505 0)
(-0.432319 -0.257564 0)
(-0.500843 -0.241139 0)
(-0.564521 -0.222394 0)
(-0.622743 -0.201512 0)
(-0.674952 -0.178696 0)
(-0.720651 -0.154169 0)
(-0.759404 -0.128167 0)
(-0.790845 -0.10094 0)
(-0.814673 -0.0727491 0)
(-0.830656 -0.0438633 0)
(-0.838641 -0.0145576 0)
(-0.864154 0.0107431 0)
(-0.855776 0.0318857 0)
(-0.839179 0.0527279 0)
(-0.814516 0.0730711 0)
(-0.78202 0.092721 0)
(-0.742 0.111489 0)
(-0.694839 0.129196 0)
(-0.640986 0.14567 0)
(-0.580957 0.160752 0)
(-0.51533 0.174295 0)
(-0.444734 0.186166 0)
(-0.369851 0.196248 0)
(-0.291404 0.204441 0)
(-0.210153 0.210663 0)
(-0.12689 0.214851 0)
(-0.0424386 0.216958 0)
(0.0424386 0.216958 0)
(0.12689 0.214851 0)
(0.210153 0.210663 0)
(0.291404 0.204441 0)
(0.369851 0.196248 0)
(0.444734 0.186166 0)
(0.51533 0.174295 0)
(0.580957 0.160752 0)
(0.640986 0.14567 0)
(0.694839 0.129196 0)
(0.742 0.111489 0)
(0.78202 0.092721 0)
(0.814516 0.0730711 0)
(0.839179 0.0527279 0)
(0.855776 0.0318857 0)
(0.864154 0.0107431 0)
(0.864233 -0.0104994 0)
(0.856 -0.0316397 0)
(0.839522 -0.0524764 0)
(0.81496 -0.0728112 0)
(0.782554 -0.0924498 0)
(0.742611 -0.111204 0)
(0.695512 -0.128894 0)
(0.641706 -0.145348 0)
(0.581706 -0.160407 0)
(0.516085 -0.173924 0)
(0.445474 -0.185765 0)
(0.370547 -0.195815 0)
(0.292026 -0.203972 0)
(0.210663 -0.210153 0)
(0.127239 -0.214295 0)
(0.0425747 -0.21636 0)
(-0.0425747 -0.21636 0)
(-0.127239 -0.214295 0)
(-0.210663 -0.210153 0)
(-0.292026 -0.203972 0)
(-0.370547 -0.195815 0)
(-0.445474 -0.185765 0)
(-0.516085 -0.173924 0)
(-0.581706 -0.160407 0)
(-0.641706 -0.145348 0)
(-0.695512 -0.128894 0)
(-0.742611 -0.111204 0)
(-0.782554 -0.0924498 0)
(-0.81496 -0.0728111 0)
(-0.839522 -0.0524764 0)
(-0.856 -0.0316396 0)
(-0.864233 -0.0104994 0)
(-0.881368 0.00648771 0)
(-0.872823 0.0192568 0)
(-0.855893 0.0318445 0)
(-0.830734 0.0441309 0)
(-0.797585 0.0559986 0)
(-0.756762 0.067334 0)
(-0.708654 0.078028 0)
(-0.653722 0.0879778 0)
(-0.592491 0.0970868 0)
(-0.52555 0.105267 0)
(-0.453545 0.112437 0)
(-0.377168 0.118528 0)
(-0.29716 0.123478 0)
(-0.214295 0.127239 0)
(-0.129385 0.129772 0)
(-0.0432717 0.131047 0)
(0.0432717 0.131047 0)
(0.129385 0.129772 0)
(0.214295 0.127239 0)
(0.29716 0.123478 0)
(0.377168 0.118528 0)
(0.453545 0.112437 0)
(0.52555 0.105267 0)
(0.592491 0.0970868 0)
(0.653722 0.0879778 0)
(0.708654 0.078028 0)
(0.756762 0.0673339 0)
(0.797585 0.0559986 0)
(0.830734 0.0441309 0)
(0.855893 0.0318445 0)
(0.872823 0.0192568 0)
(0.881368 0.0064877 0)
(0.881447 -0.00634153 0)
(0.873046 -0.0191089 0)
(0.856236 -0.0316927 0)
(0.83118 -0.043973 0)
(0.798124 -0.0558325 0)
(0.757381 -0.0671577 0)
(0.709341 -0.0778396 0)
(0.654461 -0.087775 0)
(0.593265 -0.0968673 0)
(0.526339 -0.105028 0)
(0.454323 -0.112176 0)
(0.377908 -0.118241 0)
(0.297828 -0.123163 0)
(0.214851 -0.12689 0)
(0.129772 -0.129385 0)
(0.043424 -0.130626 0)
(-0.043424 -0.130626 0)
(-0.129772 -0.129385 0)
(-0.214851 -0.12689 0)
(-0.297828 -0.123163 0)
(-0.377909 -0.118241 0)
(-0.454323 -0.112176 0)
(-0.526339 -0.105028 0)
(-0.593265 -0.0968673 0)
(-0.654461 -0.087775 0)
(-0.709341 -0.0778396 0)
(-0.757382 -0.0671577 0)
(-0.798124 -0.0558325 0)
(-0.83118 -0.043973 0)
(-0.856236 -0.0316927 0)
(-0.873046 -0.0191089 0)
(-0.881447 -0.00634153 0)
(-0.890021 0.00217144 0)
(-0.881392 0.00644253 0)
(-0.864293 0.0106532 0)
(-0.838885 0.0147632 0)
(-0.805406 0.0187333 0)
(-0.764177 0.0225256 0)
(-0.715592 0.0261034 0)
(-0.660114 0.0294325 0)
(-0.598277 0.0324805 0)
(-0.530674 0.0352178 0)
(-0.457957 0.0376178 0)
(-0.380829 0.0396568 0)
(-0.300035 0.0413146 0)
(-0.21636 0.0425747 0)
(-0.130626 0.043424 0)
(-0.0436851 0.043852 0)
(0.0436852 0.043852 0)
(0.130626 0.043424 0)
(0.21636 0.0425747 0)
(0.300035 0.0413146 0)
(0.380829 0.0396568 0)
(0.457957 0.0376178 0)
(0.530674 0.0352178 0)
(0.598277 0.0324805 0)
(0.660114 0.0294325 0)
(0.715592 0.0261034 0)
(0.764177 0.0225256 0)
(0.805406 0.0187333 0)
(0.838885 0.0147632 0)
(0.864293 0.0106532 0)
(0.881392 0.00644253 0)
(0.890021 0.00217144 0)
(0.8901 -0.00211951 0)
(0.881615 -0.00638963 0)
(0.864639 -0.0105983 0)
(0.839336 -0.0147055 0)
(0.805953 -0.0186721 0)
(0.764809 -0.0224601 0)
(0.716296 -0.026033 0)
(0.660876 -0.0293563 0)
(0.599079 -0.0323977 0)
(0.531496 -0.0351274 0)
(0.458774 -0.0375185 0)
(0.381611 -0.0395472 0)
(0.300747 -0.0411928 0)
(0.216958 -0.0424386 0)
(0.131047 -0.0432717 0)
(0.043852 -0.0436851 0)
(-0.043852 -0.0436851 0)
(-0.131047 -0.0432717 0)
(-0.216958 -0.0424386 0)
(-0.300747 -0.0411928 0)
(-0.381611 -0.0395472 0)
(-0.458775 -0.0375185 0)
(-0.531496 -0.0351274 0)
(-0.599079 -0.0323977 0)
(-0.660876 -0.0293563 0)
(-0.716296 -0.026033 0)
(-0.764809 -0.0224601 0)
(-0.805953 -0.0186721 0)
(-0.839336 -0.0147055 0)
(-0.864639 -0.0105983 0)
(-0.881615 -0.00638963 0)
(-0.8901 -0.00211951 0)
(-0.890021 -0.00217144 0)
(-0.881392 -0.00644253 0)
(-0.864293 -0.0106532 0)
(-0.838885 -0.0147632 0)
(-0.805406 -0.0187333 0)
(-0.764177 -0.0225256 0)
(-0.715592 -0.0261034 0)
(-0.660114 -0.0294325 0)
(-0.598277 -0.0324805 0)
(-0.530674 -0.0352178 0)
(-0.457957 -0.0376178 0)
(-0.380829 -0.0396568 0)
(-0.300035 -0.0413146 0)
(-0.21636 -0.0425747 0)
(-0.130626 -0.043424 0)
(-0.0436851 -0.043852 0)
(0.0436852 -0.043852 0)
(0.130626 -0.043424 0)
(0.21636 -0.0425747 0)
(0.300035 -0.0413146 0)
(0.380829 -0.0396568 0)
(0.457957 -0.0376178 0)
(0.530674 -0.0352178 0)
(0.598277 -0.0324805 0)
(0.660114 -0.0294325 0)
(0.715592 -0.0261034 0)
(0.764177 -0.0225256 0)
(0.805406 -0.0187333 0)
(0.838885 -0.0147632 0)
(0.864293 -0.0106532 0)
(0.881392 -0.00644253 0)
(0.890021 -0.00217144 0)
(0.8901 0.00211952 0)
(0.881615 0.00638964 0)
(0.864639 0.0105983 0)
(0.839336 0.0147056 0)
(0.805953 0.0186721 0)
(0.764809 0.0224601 0)
(0.716296 0.026033 0)
(0.660876 0.0293563 0)
(0.599079 0.0323977 0)
(0.531496 0.0351275 0)
(0.458774 0.0375186 0)
(0.381611 0.0395472 0)
(0.300747 0.0411929 0)
(0.216958 0.0424386 0)
(0.131047 0.0432717 0)
(0.043852 0.0436852 0)
(-0.043852 0.0436852 0)
(-0.131047 0.0432717 0)
(-0.216958 0.0424386 0)
(-0.300747 0.0411929 0)
(-0.381611 0.0395472 0)
(-0.458775 0.0375186 0)
(-0.531496 0.0351275 0)
(-0.599079 0.0323977 0)
(-0.660876 0.0293563 0)
(-0.716296 0.026033 0)
(-0.764809 0.0224601 0)
(-0.805953 0.0186721 0)
(-0.839336 0.0147056 0)
(-0.864639 0.0105983 0)
(-0.881615 0.00638964 0)
(-0.8901 0.00211952 0)
(-0.881368 -0.0064877 0)
(-0.872823 -0.0192568 0)
(-0.855893 -0.0318445 0)
(-0.830734 -0.0441309 0)
(-0.797585 -0.0559986 0)
(-0.756762 -0.067334 0)
(-0.708654 -0.0780281 0)
(-0.653722 -0.0879778 0)
(-0.592491 -0.0970868 0)
(-0.52555 -0.105267 0)
(-0.453545 -0.112437 0)
(-0.377168 -0.118528 0)
(-0.29716 -0.123478 0)
(-0.214295 -0.127239 0)
(-0.129385 -0.129772 0)
(-0.0432717 -0.131047 0)
(0.0432717 -0.131047 0)
(0.129385 -0.129772 0)
(0.214295 -0.127239 0)
(0.29716 -0.123478 0)
(0.377168 -0.118528 0)
(0.453545 -0.112437 0)
(0.52555 -0.105267 0)
(0.592491 -0.0970868 0)
(0.653722 -0.0879778 0)
(0.708654 -0.0780281 0)
(0.756762 -0.067334 0)
(0.797585 -0.0559986 0)
(0.830734 -0.0441309 0)
(0.855893 -0.0318445 0)
(0.872823 -0.0192568 0)
(0.881368 -0.0064877 0)
(0.881447 0.00634154 0)
(0.873046 0.0191089 0)
(0.856236 0.0316927 0)
(0.83118 0.043973 0)
(0.798124 0.0558326 0)
(0.757381 0.0671578 0)
(0.709341 0.0778396 0)
(0.654461 0.087775 0)
(0.593265 0.0968673 0)
(0.526339 0.105028 0)
(0.454323 0.112176 0)
(0.377908 0.118241 0)
(0.297828 0.123163 0)
(0.214851 0.12689 0)
(0.129772 0.129385 0)
(0.043424 0.130626 0)
(-0.043424 0.130626 0)
(-0.129772 0.129385 0)
(-0.214851 0.12689 0)
(-0.297828 0.123163 0)
(-0.377909 0.118241 0)
(-0.454323 0.112176 0)
(-0.526339 0.105028 0)
(-0.593265 0.0968673 0)
(-0.654461 0.087775 0)
(-0.709341 0.0778396 0)
(-0.757382 0.0671578 0)
(-0.798124 0.0558326 0)
(-0.83118 0.043973 0)
(-0.856236 0.0316927 0)
(-0.873046 0.0191089 0)
(-0.881447 0.00634153 0)
(-0.864154 -0.0107431 0)
(-0.855776 -0.0318857 0)
(-0.839179 -0.0527279 0)
(-0.814516 -0.0730711 0)
(-0.78202 -0.092721 0)
(-0.742 -0.111489 0)
(-0.694839 -0.129196 0)
(-0.640986 -0.14567 0)
(-0.580957 -0.160752 0)
(-0.51533 -0.174295 0)
(-0.444734 -0.186166 0)
(-0.369851 -0.196248 0)
(-0.291404 -0.204441 0)
(-0.210153 -0.210663 0)
(-0.12689 -0.214851 0)
(-0.0424386 -0.216958 0)
(0.0424386 -0.216958 0)
(0.12689 -0.214851 0)
(0.210153 -0.210663 0)
(0.291404 -0.204441 0)
(0.369851 -0.196248 0)
(0.444734 -0.186166 0)
(0.51533 -0.174295 0)
(0.580957 -0.160752 0)
(0.640986 -0.14567 0)
(0.694839 -0.129196 0)
(0.742 -0.111489 0)
(0.78202 -0.092721 0)
(0.814516 -0.0730711 0)
(0.839179 -0.0527279 0)
(0.855776 -0.0318857 0)
(0.864154 -0.0107431 0)
(0.864233 0.0104994 0)
(0.856 0.0316397 0)
(0.839522 0.0524764 0)
(0.81496 0.0728112 0)
(0.782554 0.0924498 0)
(0.742611 0.111204 0)
(0.695512 0.128894 0)
(0.641706 0.145348 0)
(0.581706 0.160407 0)
(0.516085 0.173924 0)
(0.445474 0.185765 0)
(0.370547 0.195815 0)
(0.292026 0.203972 0)
(0.210663 0.210153 0)
(0.127239 0.214295 0)
(0.0425747 0.21636 0)
(-0.0425747 0.21636 0)
(-0.127239 0.214295 0)
(-0.210663 0.210153 0)
(-0.292026 0.203972 0)
(-0.370547 0.195815 0)
(-0.445474 0.185765 0)
(-0.516085 0.173924 0)
(-0.581706 0.160407 0)
(-0.641706 0.145348 0)
(-0.695512 0.128894 0)
(-0.742611 0.111204 0)
(-0.782554 0.0924498 0)
(-0.81496 0.0728112 0)
(-0.839522 0.0524764 0)
(-0.856 0.0316397 0)
(-0.864233 0.0104994 0)
(-0.838561 -0.0148895 0)
(-0.830431 -0.044198 0)
(-0.814328 -0.0730899 0)
(-0.790399 -0.10129 0)
(-0.758872 -0.12853 0)
(-0.720045 -0.154548 0)
(-0.674288 -0.179094 0)
(-0.622038 -0.201932 0)
(-0.563794 -0.22284 0)
(-0.500115 -0.241614 0)
(-0.431613 -0.25807 0)
(-0.358949 -0.272046 0)
(-0.282823 -0.283402 0)
(-0.203972 -0.292026 0)
(-0.123163 -0.297828 0)
(-0.0411928 -0.300747 0)
(0.0411929 -0.300747 0)
(0.123163 -0.297828 0)
(0.203972 -0.292026 0)
(0.282823 -0.283402 0)
(0.358949 -0.272046 0)
(0.431613 -0.25807 0)
(0.500115 -0.241614 0)
(0.563794 -0.22284 0)
(0.622038 -0.201932 0)
(0.674288 -0.179094 0)
(0.720045 -0.154548 0)
(0.758872 -0.12853 0)
(0.790399 -0.10129 0)
(0.814328 -0.0730899 0)
(0.830431 -0.044198 0)
(0.838561 -0.0148895 0)
(0.838641 0.0145576 0)
(0.830656 0.0438633 0)
(0.814673 0.0727491 0)
(0.790845 0.10094 0)
(0.759404 0.128167 0)
(0.720651 0.154169 0)
(0.674952 0.178696 0)
(0.622743 0.201512 0)
(0.564521 0.222394 0)
(0.500843 0.241139 0)
(0.432319 0.257564 0)
(0.359606 0.271505 0)
(0.283402 0.282823 0)
(0.204441 0.291404 0)
(0.123478 0.29716 0)
(0.0413146 0.300035 0)
(-0.0413146 0.300035 0)
(-0.123478 0.29716 0)
(-0.204441 0.291404 0)
(-0.283402 0.282823 0)
(-0.359606 0.271505 0)
(-0.432319 0.257564 0)
(-0.500843 0.241139 0)
(-0.564521 0.222394 0)
(-0.622743 0.201512 0)
(-0.674952 0.178696 0)
(-0.720651 0.154169 0)
(-0.759404 0.128167 0)
(-0.790845 0.10094 0)
(-0.814673 0.0727491 0)
(-0.830656 0.0438633 0)
(-0.838641 0.0145576 0)
(-0.804855 -0.0188895 0)
(-0.797052 -0.0560769 0)
(-0.781598 -0.0927359 0)
(-0.758637 -0.128518 0)
(-0.728384 -0.163081 0)
(-0.691126 -0.196095 0)
(-0.647217 -0.227243 0)
(-0.597075 -0.256223 0)
(-0.541179 -0.282755 0)
(-0.480064 -0.306579 0)
(-0.414319 -0.327461 0)
(-0.344574 -0.345196 0)
(-0.271505 -0.359606 0)
(-0.195815 -0.370547 0)
(-0.118241 -0.377909 0)
(-0.0395472 -0.381611 0)
(0.0395472 -0.381611 0)
(0.118241 -0.377909 0)
(0.195815 -0.370547 0)
(0.271505 -0.359606 0)
(0.344574 -0.345196 0)
(0.414319 -0.327461 0)
(0.480064 -0.306579 0)
(0.541179 -0.282755 0)
(0.597075 -0.256223 0)
(0.647217 -0.227243 0)
(0.691126 -0.196095 0)
(0.728384 -0.163081 0)
(0.758637 -0.128518 0)
(0.781598 -0.0927359 0)
(0.797052 -0.0560769 0)
(0.804855 -0.0188895 0)
(0.804936 0.0184742 0)
(0.797279 0.0556591 0)
(0.781945 0.0923121 0)
(0.759083 0.128085 0)
(0.728915 0.162635 0)
(0.691727 0.195634 0)
(0.647872 0.226762 0)
(0.597766 0.25572 0)
(0.541886 0.282226 0)
(0.480767 0.306022 0)
(0.414993 0.326873 0)
(0.345196 0.344574 0)
(0.272046 0.358949 0)
(0.196248 0.369851 0)
(0.118528 0.377168 0)
(0.0396568 0.380829 0)
(-0.0396568 0.380829 0)
(-0.118528 0.377168 0)
(-0.196248 0.369851 0)
(-0.272046 0.358949 0)
(-0.345196 0.344574 0)
(-0.414993 0.326873 0)
(-0.480767 0.306022 0)
(-0.541886 0.282226 0)
(-0.597766 0.25572 0)
(-0.647872 0.226762 0)
(-0.691727 0.195634 0)
(-0.728915 0.162635 0)
(-0.759083 0.128085 0)
(-0.781945 0.0923121 0)
(-0.797279 0.0556591 0)
(-0.804936 0.0184742 0)
(-0.763381 -0.0227014 0)
(-0.755979 -0.0674046 0)
(-0.741324 -0.111473 0)
(-0.719552 -0.154487 0)
(-0.690866 -0.196038 0)
(-0.655537 -0.235728 0)
(-0.6139 -0.273175 0)
(-0.56635 -0.308017 0)
(-0.513342 -0.339917 0)
(-0.455381 -0.368561 0)
(-0.393025 -0.39367 0)
(-0.326873 -0.414993 0)
(-0.257564 -0.432319 0)
(-0.185765 -0.445474 0)
(-0.112176 -0.454323 0)
(-0.0375185 -0.458775 0)
(0.0375186 -0.458775 0)
(0.112176 -0.454323 0)
(0.185765 -0.445474 0)
(0.257564 -0.432319 0)
(0.326873 -0.414993 0)
(0.393025 -0.39367 0)
(0.455381 -0.368561 0)
(0.513342 -0.339917 0)
(0.56635 -0.308017 0)
(0.6139 -0.273175 0)
(0.655537 -0.235728 0)
(0.690866 -0.196038 0)
(0.719552 -0.154487 0)
(0.741324 -0.111473 0)
(0.755979 -0.0674045 0)
(0.763381 -0.0227014 0)
(0.763462 0.0222136 0)
(0.756208 0.0669145 0)
(0.741674 0.110977 0)
(0.72 0.153984 0)
(0.691396 0.195523 0)
(0.656134 0.235199 0)
(0.614547 0.272628 0)
(0.567027 0.30745 0)
(0.514029 0.339326 0)
(0.456058 0.367945 0)
(0.39367 0.393025 0)
(0.327461 0.414319 0)
(0.25807 0.431613 0)
(0.186166 0.444734 0)
(0.112437 0.453545 0)
(0.0376178 0.457957 0)
(-0.0376178 0.457957 0)
(-0.112437 0.453545 0)
(-0.186166 0.444734 0)
(-0.25807 0.431613 0)
(-0.327461 0.414319 0)
(-0.39367 0.393025 0)
(-0.456058 0.367945 0)
(-0.514029 0.339326 0)
(-0.567028 0.30745 0)
(-0.614547 0.272628 0)
(-0.656134 0.235199 0)
(-0.691396 0.195523 0)
(-0.72 0.153984 0)
(-0.741674 0.110977 0)
(-0.756208 0.0669145 0)
(-0.763462 0.0222136 0)
(-0.714555 -0.0262885 0)
(-0.707625 -0.0780709 0)
(-0.69391 -0.129119 0)
(-0.673538 -0.178947 0)
(-0.646696 -0.227082 0)
(-0.613637 -0.273063 0)
(-0.574672 -0.316447 0)
(-0.530172 -0.356815 0)
(-0.480561 -0.393775 0)
(-0.426312 -0.426965 0)
(-0.367945 -0.456058 0)
(-0.306022 -0.480767 0)
(-0.241139 -0.500843 0)
(-0.173924 -0.516085 0)
(-0.105028 -0.526339 0)
(-0.0351274 -0.531496 0)
(0.0351275 -0.531496 0)
(0.105028 -0.526339 0)
(0.173924 -0.516085 0)
(0.241139 -0.500843 0)
(0.306022 -0.480767 0)
(0.367945 -0.456058 0)
(0.426312 -0.426965 0)
(0.480561 -0.393775 0)
(0.530172 -0.356815 0)
(0.574672 -0.316447 0)
(0.613637 -0.273063 0)
(0.646696 -0.227082 0)
(0.673538 -0.178947 0)
(0.69391 -0.129119 0)
(0.707625 -0.0780709 0)
(0.714555 -0.0262885 0)
(0.714637 0.0257396 0)
(0.707857 0.0775206 0)
(0.694264 0.128565 0)
(0.673988 0.178387 0)
(0.647226 0.226513 0)
(0.61423 0.272482 0)
(0.575311 0.315852 0)
(0.530836 0.356204 0)
(0.48123 0.393144 0)
(0.426965 0.426312 0)
(0.368561 0.455381 0)
(0.306579 0.480064 0)
(0.241614 0.500115 0)
(0.174295 0.51533 0)
(0.105267 0.52555 0)
(0.0352178 0.530674 0)
(-0.0352178 0.530674 0)
(-0.105267 0.52555 0)
(-0.174295 0.51533 0)
(-0.241614 0.500115 0)
(-0.306579 0.480064 0)
(-0.368561 0.455381 0)
(-0.426965 0.426312 0)
(-0.48123 0.393144 0)
(-0.530836 0.356204 0)
(-0.575311 0.315852 0)
(-0.61423 0.272482 0)
(-0.647226 0.226513 0)
(-0.673988 0.178387 0)
(-0.694264 0.128564 0)
(-0.707857 0.0775206 0)
(-0.714637 0.0257396 0)
(-0.658863 -0.0296147 0)
(-0.652471 -0.0879717 0)
(-0.639829 -0.145502 0)
(-0.621052 -0.201661 0)
(-0.596312 -0.255913 0)
(-0.56584 -0.30774 0)
(-0.529923 -0.356643 0)
(-0.4889 -0.402148 0)
(-0.443161 -0.443813 0)
(-0.393144 -0.48123 0)
(-0.339326 -0.514029 0)
(-0.282226 -0.541886 0)
(-0.222394 -0.564521 0)
(-0.160407 -0.581706 0)
(-0.0968673 -0.593265 0)
(-0.0323977 -0.599079 0)
(0.0323977 -0.599079 0)
(0.0968673 -0.593265 0)
(0.160407 -0.581706 0)
(0.222394 -0.564521 0)
(0.282226 -0.541886 0)
(0.339326 -0.514029 0)
(0.393144 -0.48123 0)
(0.443161 -0.443813 0)
(0.4889 -0.402148 0)
(0.529923 -0.356643 0)
(0.56584 -0.30774 0)
(0.596312 -0.255913 0)
(0.621052 -0.201661 0)
(0.639829 -0.145502 0)
(0.652471 -0.0879717 0)
(0.658863 -0.0296147 0)
(0.658947 0.0290191 0)
(0.652707 0.0873758 0)
(0.640187 0.144904 0)
(0.621506 0.201059 0)
(0.596843 0.255306 0)
(0.566432 0.307126 0)
(0.530555 0.356019 0)
(0.489552 0.401511 0)
(0.443813 0.443161 0)
(0.393775 0.480561 0)
(0.339917 0.513342 0)
(0.282755 0.541179 0)
(0.22284 0.563794 0)
(0.160752 0.580957 0)
(0.0970868 0.592491 0)
(0.0324805 0.598277 0)
(-0.0324805 0.598277 0)
(-0.0970868 0.592491 0)
(-0.160752 0.580957 0)
(-0.22284 0.563794 0)
(-0.282755 0.541179 0)
(-0.339917 0.513342 0)
(-0.393775 0.480561 0)
(-0.443813 0.443161 0)
(-0.489552 0.401511 0)
(-0.530555 0.356019 0)
(-0.566432 0.307126 0)
(-0.596843 0.255306 0)
(-0.621506 0.201059 0)
(-0.640187 0.144904 0)
(-0.652707 0.0873758 0)
(-0.658947 0.0290191 0)
(-0.596856 -0.0326472 0)
(-0.591063 -0.0970105 0)
(-0.579615 -0.160464 0)
(-0.562613 -0.222408 0)
(-0.540213 -0.282253 0)
(-0.51262 -0.339426 0)
(-0.480094 -0.393377 0)
(-0.44294 -0.443582 0)
(-0.401511 -0.489552 0)
(-0.356204 -0.530836 0)
(-0.30745 -0.567028 0)
(-0.25572 -0.597766 0)
(-0.201512 -0.622743 0)
(-0.145348 -0.641706 0)
(-0.087775 -0.654461 0)
(-0.0293563 -0.660876 0)
(0.0293563 -0.660876 0)
(0.087775 -0.654461 0)
(0.145348 -0.641706 0)
(0.201512 -0.622743 0)
(0.25572 -0.597766 0)
(0.30745 -0.567028 0)
(0.356204 -0.530836 0)
(0.401511 -0.489552 0)
(0.44294 -0.443582 0)
(0.480094 -0.393377 0)
(0.51262 -0.339426 0)
(0.540213 -0.282253 0)
(0.562613 -0.222408 0)
(0.579615 -0.160464 0)
(0.591063 -0.0970105 0)
(0.596856 -0.0326472 0)
(0.596942 0.032021 0)
(0.591305 0.0963854 0)
(0.57998 0.159839 0)
(0.563073 0.221783 0)
(0.540748 0.281627 0)
(0.513212 0.338797 0)
(0.480721 0.392742 0)
(0.443582 0.44294 0)
(0.402148 0.4889 0)
(0.356815 0.530172 0)
(0.308017 0.56635 0)
(0.256223 0.597075 0)
(0.201932 0.622038 0)
(0.14567 0.640986 0)
(0.0879778 0.653722 0)
(0.0294325 0.660114 0)
(-0.0294325 0.660114 0)
(-0.0879778 0.653722 0)
(-0.14567 0.640986 0)
(-0.201932 0.622038 0)
(-0.256223 0.597075 0)
(-0.308017 0.56635 0)
(-0.356815 0.530172 0)
(-0.402148 0.4889 0)
(-0.443582 0.44294 0)
(-0.480721 0.392742 0)
(-0.513212 0.338797 0)
(-0.540748 0.281627 0)
(-0.563073 0.221783 0)
(-0.57998 0.159839 0)
(-0.591305 0.0963854 0)
(-0.596942 0.032021 0)
(-0.529146 -0.0353558 0)
(-0.524007 -0.105099 0)
(-0.513861 -0.17386 0)
(-0.498798 -0.24099 0)
(-0.47895 -0.30585 0)
(-0.4545 -0.367819 0)
(-0.425674 -0.426298 0)
(-0.392742 -0.480721 0)
(-0.356019 -0.530555 0)
(-0.315852 -0.575311 0)
(-0.272628 -0.614547 0)
(-0.226762 -0.647872 0)
(-0.178696 -0.674952 0)
(-0.128894 -0.695512 0)
(-0.0778396 -0.709341 0)
(-0.026033 -0.716296 0)
(0.026033 -0.716296 0)
(0.0778396 -0.709341 0)
(0.128894 -0.695512 0)
(0.178696 -0.674952 0)
(0.226762 -0.647872 0)
(0.272628 -0.614547 0)
(0.315852 -0.575311 0)
(0.356019 -0.530555 0)
(0.392742 -0.480721 0)
(0.425674 -0.426298 0)
(0.4545 -0.367819 0)
(0.47895 -0.30585 0)
(0.498798 -0.24099 0)
(0.513861 -0.17386 0)
(0.524007 -0.105099 0)
(0.529146 -0.0353558 0)
(0.529235 0.0347174 0)
(0.524257 0.104463 0)
(0.514236 0.173227 0)
(0.499266 0.24036 0)
(0.479492 0.305223 0)
(0.455094 0.367194 0)
(0.426298 0.425674 0)
(0.393377 0.480094 0)
(0.356643 0.529923 0)
(0.316447 0.574672 0)
(0.273175 0.6139 0)
(0.227243 0.647217 0)
(0.179094 0.674288 0)
(0.129196 0.694839 0)
(0.078028 0.708654 0)
(0.0261034 0.715592 0)
(-0.0261034 0.715592 0)
(-0.0780281 0.708654 0)
(-0.129196 0.694839 0)
(-0.179094 0.674288 0)
(-0.227243 0.647217 0)
(-0.273175 0.6139 0)
(-0.316447 0.574672 0)
(-0.356643 0.529923 0)
(-0.393377 0.480094 0)
(-0.426298 0.425674 0)
(-0.455094 0.367194 0)
(-0.479492 0.305223 0)
(-0.499266 0.24036 0)
(-0.514236 0.173227 0)
(-0.524257 0.104463 0)
(-0.529235 0.0347174 0)
(-0.4564 -0.0377133 0)
(-0.451963 -0.112159 0)
(-0.443216 -0.185561 0)
(-0.430233 -0.257227 0)
(-0.413126 -0.326477 0)
(-0.392048 -0.392646 0)
(-0.367194 -0.455094 0)
(-0.338797 -0.513212 0)
(-0.307126 -0.566432 0)
(-0.272482 -0.61423 0)
(-0.235199 -0.656134 0)
(-0.195634 -0.691727 0)
(-0.154169 -0.720651 0)
(-0.111204 -0.742611 0)
(-0.0671577 -0.757382 0)
(-0.0224601 -0.764809 0)
(0.0224601 -0.764809 0)
(0.0671578 -0.757382 0)
(0.111204 -0.742611 0)
(0.154169 -0.720651 0)
(0.195634 -0.691727 0)
(0.235199 -0.656134 0)
(0.272482 -0.61423 0)
(0.307126 -0.566432 0)
(0.338797 -0.513212 0)
(0.367194 -0.455094 0)
(0.392048 -0.392646 0)
(0.413126 -0.326477 0)
(0.430233 -0.257227 0)
(0.443216 -0.185561 0)
(0.451963 -0.112159 0)
(0.4564 -0.0377133 0)
(0.456493 0.0370833 0)
(0.452223 0.111533 0)
(0.443602 0.184941 0)
(0.430712 0.256615 0)
(0.413675 0.325872 0)
(0.392646 0.392048 0)
(0.367819 0.4545 0)
(0.339426 0.51262 0)
(0.30774 0.56584 0)
(0.273063 0.613637 0)
(0.235728 0.655537 0)
(0.196095 0.691126 0)
(0.154548 0.720045 0)
(0.111489 0.742 0)
(0.067334 0.756762 0)
(0.0225256 0.764177 0)
(-0.0225256 0.764177 0)
(-0.067334 0.756762 0)
(-0.111489 0.742 0)
(-0.154548 0.720045 0)
(-0.196095 0.691126 0)
(-0.235728 0.655537 0)
(-0.273063 0.613637 0)
(-0.30774 0.56584 0)
(-0.339426 0.51262 0)
(-0.367819 0.4545 0)
(-0.392646 0.392048 0)
(-0.413675 0.325872 0)
(-0.430712 0.256615 0)
(-0.443602 0.184941 0)
(-0.452223 0.111533 0)
(-0.456493 0.0370833 0)
(-0.379334 -0.039696 0)
(-0.375638 -0.118122 0)
(-0.368371 -0.195455 0)
(-0.357589 -0.270967 0)
(-0.343381 -0.343942 0)
(-0.325872 -0.413675 0)
(-0.305223 -0.479492 0)
(-0.281627 -0.540748 0)
(-0.255306 -0.596843 0)
(-0.226513 -0.647226 0)
(-0.195523 -0.691396 0)
(-0.162635 -0.728915 0)
(-0.128167 -0.759404 0)
(-0.0924498 -0.782554 0)
(-0.0558325 -0.798124 0)
(-0.0186721 -0.805953 0)
(0.0186721 -0.805953 0)
(0.0558326 -0.798124 0)
(0.0924498 -0.782554 0)
(0.128167 -0.759404 0)
(0.162635 -0.728915 0)
(0.195523 -0.691396 0)
(0.226513 -0.647226 0)
(0.255306 -0.596843 0)
(0.281627 -0.540748 0)
(0.305223 -0.479492 0)
(0.325872 -0.413675 0)
(0.343381 -0.343942 0)
(0.357589 -0.270967 0)
(0.368371 -0.195455 0)
(0.375638 -0.118122 0)
(0.379334 -0.039696 0)
(0.379432 0.0390976 0)
(0.375911 0.11753 0)
(0.368772 0.194871 0)
(0.358082 0.270395 0)
(0.343942 0.343381 0)
(0.326477 0.413126 0)
(0.30585 0.47895 0)
(0.282253 0.540213 0)
(0.255913 0.596312 0)
(0.227082 0.646696 0)
(0.196038 0.690866 0)
(0.163081 0.728384 0)
(0.12853 0.758872 0)
(0.092721 0.78202 0)
(0.0559986 0.797585 0)
(0.0187333 0.805406 0)
(-0.0187333 0.805406 0)
(-0.0559986 0.797585 0)
(-0.092721 0.78202 0)
(-0.12853 0.758872 0)
(-0.163081 0.728384 0)
(-0.196038 0.690866 0)
(-0.227082 0.646696 0)
(-0.255913 0.596312 0)
(-0.282253 0.540213 0)
(-0.30585 0.47895 0)
(-0.326477 0.413126 0)
(-0.343942 0.343381 0)
(-0.358082 0.270395 0)
(-0.368772 0.194871 0)
(-0.375911 0.11753 0)
(-0.379432 0.0390976 0)
(-0.298701 -0.0412831 0)
(-0.29578 -0.122931 0)
(-0.290058 -0.203449 0)
(-0.281575 -0.282083 0)
(-0.270395 -0.358082 0)
(-0.256615 -0.430712 0)
(-0.24036 -0.499266 0)
(-0.221783 -0.563073 0)
(-0.201059 -0.621506 0)
(-0.178387 -0.673988 0)
(-0.153984 -0.72 0)
(-0.128085 -0.759083 0)
(-0.10094 -0.790845 0)
(-0.0728112 -0.81496 0)
(-0.043973 -0.83118 0)
(-0.0147055 -0.839336 0)
(0.0147056 -0.839336 0)
(0.043973 -0.83118 0)
(0.0728112 -0.81496 0)
(0.10094 -0.790845 0)
(0.128085 -0.759083 0)
(0.153984 -0.72 0)
(0.178387 -0.673988 0)
(0.201059 -0.621506 0)
(0.221783 -0.563073 0)
(0.24036 -0.499266 0)
(0.256615 -0.430712 0)
(0.270395 -0.358082 0)
(0.281575 -0.282083 0)
(0.290058 -0.203449 0)
(0.29578 -0.122931 0)
(0.298701 -0.0412831 0)
(0.298807 0.0407433 0)
(0.296069 0.122398 0)
(0.290477 0.202927 0)
(0.282083 0.281575 0)
(0.270967 0.357589 0)
(0.257227 0.430233 0)
(0.24099 0.498798 0)
(0.222408 0.562613 0)
(0.201661 0.621052 0)
(0.178947 0.673538 0)
(0.154487 0.719552 0)
(0.128518 0.758637 0)
(0.10129 0.790399 0)
(0.0730711 0.814516 0)
(0.0441309 0.830734 0)
(0.0147632 0.838885 0)
(-0.0147632 0.838885 0)
(-0.0441309 0.830734 0)
(-0.0730711 0.814516 0)
(-0.10129 0.790399 0)
(-0.128518 0.758637 0)
(-0.154487 0.719552 0)
(-0.178947 0.673538 0)
(-0.201661 0.621052 0)
(-0.222408 0.562613 0)
(-0.24099 0.498798 0)
(-0.257227 0.430233 0)
(-0.270967 0.357589 0)
(-0.282083 0.281575 0)
(-0.290477 0.202927 0)
(-0.296069 0.122398 0)
(-0.298807 0.0407433 0)
(-0.215291 -0.0424593 0)
(-0.213169 -0.126543 0)
(-0.209041 -0.209475 0)
(-0.202927 -0.290477 0)
(-0.194871 -0.368772 0)
(-0.184941 -0.443602 0)
(-0.173227 -0.514236 0)
(-0.159839 -0.57998 0)
(-0.144904 -0.640187 0)
(-0.128564 -0.694264 0)
(-0.110977 -0.741674 0)
(-0.0923121 -0.781945 0)
(-0.0727491 -0.814673 0)
(-0.0524764 -0.839522 0)
(-0.0316927 -0.856236 0)
(-0.0105983 -0.864639 0)
(0.0105983 -0.864639 0)
(0.0316927 -0.856236 0)
(0.0524764 -0.839522 0)
(0.0727491 -0.814673 0)
(0.0923121 -0.781945 0)
(0.110977 -0.741674 0)
(0.128564 -0.694264 0)
(0.144904 -0.640187 0)
(0.159839 -0.57998 0)
(0.173227 -0.514236 0)
(0.184941 -0.443602 0)
(0.194871 -0.368772 0)
(0.202927 -0.290477 0)
(0.209041 -0.209475 0)
(0.213169 -0.126543 0)
(0.215291 -0.0424593 0)
(0.215406 0.0420086 0)
(0.213476 0.126099 0)
(0.209475 0.209041 0)
(0.203449 0.290058 0)
(0.195455 0.368371 0)
(0.185561 0.443216 0)
(0.17386 0.513861 0)
(0.160464 0.579615 0)
(0.145502 0.639829 0)
(0.129119 0.69391 0)
(0.111473 0.741324 0)
(0.0927359 0.781598 0)
(0.0730899 0.814328 0)
(0.0527279 0.839179 0)
(0.0318445 0.855893 0)
(0.0106532 0.864293 0)
(-0.0106532 0.864293 0)
(-0.0318445 0.855893 0)
(-0.0527279 0.839179 0)
(-0.0730899 0.814328 0)
(-0.0927359 0.781598 0)
(-0.111473 0.741324 0)
(-0.129119 0.69391 0)
(-0.145502 0.639829 0)
(-0.160464 0.579615 0)
(-0.17386 0.513861 0)
(-0.185561 0.443216 0)
(-0.195455 0.368371 0)
(-0.203449 0.290058 0)
(-0.209475 0.209041 0)
(-0.213476 0.126099 0)
(-0.215406 0.0420086 0)
(-0.129915 -0.0432139 0)
(-0.128604 -0.128924 0)
(-0.126099 -0.213476 0)
(-0.122398 -0.296069 0)
(-0.11753 -0.375911 0)
(-0.111533 -0.452223 0)
(-0.104463 -0.524257 0)
(-0.0963854 -0.591305 0)
(-0.0873758 -0.652707 0)
(-0.0775206 -0.707857 0)
(-0.0669145 -0.756208 0)
(-0.055659 -0.797279 0)
(-0.0438633 -0.830656 0)
(-0.0316396 -0.856 0)
(-0.0191089 -0.873046 0)
(-0.00638963 -0.881615 0)
(0.00638964 -0.881615 0)
(0.0191089 -0.873046 0)
(0.0316397 -0.856 0)
(0.0438633 -0.830656 0)
(0.0556591 -0.797279 0)
(0.0669145 -0.756208 0)
(0.0775206 -0.707857 0)
(0.0873758 -0.652707 0)
(0.0963854 -0.591305 0)
(0.104463 -0.524257 0)
(0.111533 -0.452223 0)
(0.11753 -0.375911 0)
(0.122398 -0.296069 0)
(0.126099 -0.213476 0)
(0.128604 -0.128924 0)
(0.129915 -0.0432139 0)
(0.130038 0.0428834 0)
(0.128924 0.128604 0)
(0.126543 0.213169 0)
(0.122931 0.29578 0)
(0.118122 0.375638 0)
(0.112159 0.451963 0)
(0.105099 0.524007 0)
(0.0970105 0.591063 0)
(0.0879717 0.652471 0)
(0.0780709 0.707625 0)
(0.0674046 0.755979 0)
(0.0560769 0.797052 0)
(0.044198 0.830431 0)
(0.0318857 0.855776 0)
(0.0192568 0.872823 0)
(0.00644253 0.881392 0)
(-0.00644253 0.881392 0)
(-0.0192568 0.872823 0)
(-0.0318857 0.855776 0)
(-0.044198 0.830431 0)
(-0.0560769 0.797052 0)
(-0.0674045 0.755979 0)
(-0.0780709 0.707625 0)
(-0.0879717 0.652471 0)
(-0.0970105 0.591063 0)
(-0.105099 0.524007 0)
(-0.112159 0.451963 0)
(-0.118122 0.375638 0)
(-0.122931 0.29578 0)
(-0.126543 0.213169 0)
(-0.128924 0.128604 0)
(-0.130038 0.0428834 0)
(-0.0433856 -0.0435164 0)
(-0.0428834 -0.130038 0)
(-0.0420086 -0.215406 0)
(-0.0407433 -0.298807 0)
(-0.0390976 -0.379432 0)
(-0.0370833 -0.456493 0)
(-0.0347174 -0.529235 0)
(-0.032021 -0.596942 0)
(-0.0290191 -0.658947 0)
(-0.0257395 -0.714637 0)
(-0.0222136 -0.763462 0)
(-0.0184741 -0.804936 0)
(-0.0145576 -0.838641 0)
(-0.0104994 -0.864233 0)
(-0.00634152 -0.881447 0)
(-0.00211951 -0.8901 0)
(0.00211952 -0.8901 0)
(0.00634154 -0.881447 0)
(0.0104994 -0.864233 0)
(0.0145576 -0.838641 0)
(0.0184742 -0.804936 0)
(0.0222136 -0.763462 0)
(0.0257396 -0.714637 0)
(0.0290191 -0.658947 0)
(0.032021 -0.596942 0)
(0.0347174 -0.529235 0)
(0.0370833 -0.456493 0)
(0.0390976 -0.379432 0)
(0.0407433 -0.298807 0)
(0.0420086 -0.215406 0)
(0.0428834 -0.130038 0)
(0.0433856 -0.0435164 0)
(0.0435164 0.0433856 0)
(0.0432139 0.129915 0)
(0.0424593 0.215291 0)
(0.0412831 0.298701 0)
(0.039696 0.379334 0)
(0.0377133 0.4564 0)
(0.0353558 0.529146 0)
(0.0326472 0.596856 0)
(0.0296147 0.658863 0)
(0.0262885 0.714555 0)
(0.0227014 0.763381 0)
(0.0188895 0.804855 0)
(0.0148895 0.838561 0)
(0.0107431 0.864154 0)
(0.0064877 0.881368 0)
(0.00217144 0.890021 0)
(-0.00217143 0.890021 0)
(-0.0064877 0.881368 0)
(-0.0107431 0.864154 0)
(-0.0148895 0.838561 0)
(-0.0188895 0.804855 0)
(-0.0227014 0.763381 0)
(-0.0262885 0.714555 0)
(-0.0296147 0.658863 0)
(-0.0326472 0.596856 0)
(-0.0353558 0.529146 0)
(-0.0377133 0.4564 0)
(-0.039696 0.379334 0)
(-0.0412831 0.298701 0)
(-0.0424593 0.215291 0)
(-0.0432139 0.129915 0)
(-0.0435164 0.0433856 0)
)
;

boundaryField
{
    top
    {
        type            cyclic;
    }
    bottom
    {
        type            cyclic;
    }
    left
    {
        type            cyclic;
    }
    right
    {
        type            cyclic;
    }
    frontAndBack
    {
        type            empty;
    }
}


// ************************************************************************* //
