/*--------------------------------*- C++ -*----------------------------------*\
  =========                 |
  \\      /  F ield         | OpenFOAM: The Open Source CFD Toolbox
   \\    /   O peration     | Website:  https://openfoam.org
    \\  /    A nd           | Version:  11
     \\/     M anipulation  |
\*---------------------------------------------------------------------------*/
FoamFile
{
    format      ascii;
    class       volScalarField;
    location    "19";
    object      p;
}
// * * * * * * * * * * * * * * * * * * * * * * * * * * * * * * * * * * * * * //

dimensions      [0 2 -2 0 0 0 0];

internalField   nonuniform List<scalar> 
4096
(
-2.16366e-08
0.00637486
0.0188995
0.0371016
0.060297
0.0876074
0.117992
0.15029
0.183261
0.215635
0.246164
0.273665
0.297073
0.315478
0.328162
0.334632
0.334632
0.328162
0.315478
0.297073
0.273665
0.246164
0.215635
0.183261
0.15029
0.117992
0.0876074
0.060297
0.0371016
0.0188995
0.00637487
-1.449e-08
-1.33067e-08
0.00637328
0.0188936
0.0370918
0.0602842
0.0875915
0.117973
0.150268
0.183235
0.215606
0.246132
0.27363
0.297035
0.315438
0.32812
0.334588
0.334588
0.32812
0.315438
0.297035
0.27363
0.246132
0.215606
0.183235
0.150268
0.117973
0.0875915
0.0602842
0.0370918
0.0188935
0.00637327
-2.28542e-08
0.00637327
0.012752
0.0252859
0.0434998
0.0667069
0.0940292
0.124426
0.156735
0.189716
0.2221
0.252638
0.280148
0.303563
0.321973
0.334661
0.341132
0.341132
0.334661
0.321973
0.303563
0.280148
0.252638
0.2221
0.189716
0.156735
0.124426
0.0940291
0.0667069
0.0434998
0.0252859
0.012752
0.00637328
0.00637487
0.012752
0.0252762
0.0434803
0.0666789
0.0939925
0.12438
0.15668
0.189652
0.222026
0.252554
0.280054
0.30346
0.321863
0.334545
0.341013
0.341013
0.334545
0.321863
0.30346
0.280054
0.252554
0.222026
0.189652
0.15668
0.12438
0.0939924
0.0666789
0.0434802
0.0252761
0.012752
0.00637486
0.0188935
0.0252761
0.0378217
0.0560524
0.0792778
0.106619
0.137035
0.169362
0.202361
0.234761
0.265313
0.292835
0.316261
0.334679
0.347373
0.353847
0.353847
0.347373
0.334679
0.31626
0.292835
0.265313
0.234761
0.202361
0.169362
0.137035
0.106619
0.0792778
0.0560524
0.0378217
0.0252762
0.0188935
0.0188995
0.0252859
0.0378217
0.0560396
0.0792529
0.106581
0.136983
0.169296
0.202279
0.234663
0.265198
0.292704
0.316114
0.33452
0.347204
0.353672
0.353672
0.347204
0.33452
0.316114
0.292704
0.265198
0.234663
0.202279
0.169296
0.136983
0.106581
0.0792529
0.0560396
0.0378217
0.0252859
0.0188995
0.0370918
0.0434803
0.0560396
0.0742904
0.0975389
0.124904
0.155345
0.187696
0.220717
0.253138
0.283708
0.311246
0.334685
0.353113
0.365814
0.372293
0.372293
0.365814
0.353113
0.334685
0.311246
0.283708
0.253138
0.220717
0.187696
0.155345
0.124904
0.0975389
0.0742904
0.0560396
0.0434803
0.0370918
0.0371016
0.0434998
0.0560524
0.0742904
0.0975255
0.124876
0.155299
0.187631
0.220631
0.25303
0.283577
0.311093
0.334511
0.352921
0.365608
0.372076
0.372076
0.365608
0.352921
0.334511
0.311093
0.283577
0.25303
0.220631
0.187631
0.155299
0.124876
0.0975255
0.0742904
0.0560524
0.0434998
0.0371016
0.0602842
0.0666789
0.0792529
0.0975255
0.1208
0.148192
0.178661
0.211039
0.244086
0.276531
0.307122
0.334679
0.358132
0.376573
0.389281
0.395765
0.395765
0.389281
0.376573
0.358132
0.334679
0.307122
0.276531
0.244086
0.211039
0.178661
0.148192
0.1208
0.0975255
0.0792529
0.0666789
0.0602842
0.060297
0.0667069
0.0792779
0.0975389
0.1208
0.148176
0.178625
0.210981
0.244003
0.276421
0.306984
0.334512
0.357939
0.376355
0.389046
0.395516
0.395516
0.389046
0.376355
0.357939
0.334512
0.306984
0.276421
0.244003
0.210981
0.178625
0.148176
0.1208
0.0975389
0.0792778
0.0667069
0.060297
0.0875915
0.0939925
0.106581
0.124876
0.148176
0.175598
0.206095
0.238503
0.271577
0.304047
0.334661
0.362237
0.385707
0.40416
0.416877
0.423366
0.423366
0.416877
0.40416
0.385707
0.362237
0.334661
0.304047
0.271577
0.238503
0.206095
0.175598
0.148176
0.124876
0.106581
0.0939925
0.0875915
0.0876074
0.0940292
0.106619
0.124904
0.148192
0.175598
0.206075
0.238458
0.271504
0.303942
0.334523
0.362065
0.385502
0.403926
0.416621
0.423092
0.423092
0.416621
0.403926
0.385502
0.362065
0.334523
0.303942
0.271504
0.238458
0.206075
0.175598
0.148192
0.124904
0.106619
0.0940291
0.0876074
0.117973
0.12438
0.136983
0.155299
0.178625
0.206075
0.236602
0.269038
0.30214
0.334636
0.365272
0.392867
0.416353
0.434818
0.447544
0.454038
0.454038
0.447544
0.434818
0.416353
0.392867
0.365272
0.334636
0.30214
0.269038
0.236602
0.206075
0.178625
0.155299
0.136983
0.12438
0.117973
0.117992
0.124426
0.137035
0.155345
0.178661
0.206095
0.236602
0.269012
0.302083
0.334544
0.365143
0.3927
0.416148
0.434579
0.447278
0.45375
0.45375
0.447278
0.434579
0.416148
0.3927
0.365143
0.334544
0.302083
0.269012
0.236602
0.206095
0.17866
0.155345
0.137035
0.124426
0.117992
0.150268
0.15668
0.169296
0.187631
0.210981
0.238458
0.269012
0.301476
0.334605
0.367124
0.397782
0.425395
0.448896
0.467373
0.480107
0.486606
0.486606
0.480107
0.467373
0.448896
0.425395
0.397782
0.367124
0.334605
0.301476
0.269012
0.238458
0.210981
0.187631
0.169296
0.15668
0.150268
0.15029
0.156735
0.169362
0.187696
0.211039
0.238503
0.269038
0.301476
0.334573
0.367055
0.397672
0.425243
0.448701
0.467139
0.479842
0.486315
0.486315
0.479842
0.467139
0.448701
0.425243
0.397672
0.367055
0.334573
0.301476
0.269038
0.238503
0.211039
0.187696
0.169362
0.156735
0.15029
0.183235
0.189652
0.202279
0.220631
0.244003
0.271504
0.302083
0.334573
0.367725
0.400266
0.430943
0.458573
0.482087
0.500574
0.513316
0.519819
0.519819
0.513316
0.500574
0.482087
0.458573
0.430943
0.400266
0.367725
0.334573
0.302083
0.271504
0.244003
0.220631
0.202279
0.189652
0.183235
0.183261
0.189716
0.202361
0.220717
0.244086
0.271577
0.30214
0.334605
0.367725
0.400227
0.430862
0.458445
0.481913
0.500357
0.513063
0.519537
0.519537
0.513063
0.500357
0.481913
0.458445
0.430862
0.400227
0.367725
0.334605
0.30214
0.271577
0.244086
0.220717
0.202361
0.189716
0.183261
0.215606
0.222026
0.234663
0.25303
0.276421
0.303942
0.334544
0.367055
0.400227
0.432787
0.463481
0.491125
0.51465
0.533146
0.545895
0.552401
0.552401
0.545895
0.533146
0.51465
0.491125
0.463481
0.432787
0.400227
0.367055
0.334544
0.303942
0.276421
0.25303
0.234663
0.222026
0.215606
0.215635
0.2221
0.234761
0.253138
0.276531
0.304047
0.334636
0.367124
0.400266
0.432787
0.463437
0.491032
0.514508
0.532957
0.545665
0.552139
0.552139
0.545665
0.532957
0.514508
0.491032
0.463437
0.432787
0.400266
0.367124
0.334636
0.304047
0.276531
0.253138
0.234761
0.2221
0.215635
0.246132
0.252554
0.265198
0.283577
0.306984
0.334523
0.365143
0.397672
0.430862
0.463437
0.494144
0.521798
0.545333
0.563836
0.576589
0.583098
0.583098
0.576589
0.563836
0.545333
0.521798
0.494144
0.463437
0.430862
0.397672
0.365143
0.334523
0.306984
0.283577
0.265198
0.252554
0.246132
0.246164
0.252638
0.265313
0.283708
0.307122
0.334661
0.365272
0.397782
0.430943
0.463481
0.494144
0.521749
0.545231
0.563684
0.576393
0.582866
0.582866
0.576393
0.563684
0.545231
0.521749
0.494143
0.463481
0.430943
0.397782
0.365272
0.334661
0.307122
0.283708
0.265313
0.252638
0.246164
0.27363
0.280054
0.292704
0.311093
0.334512
0.362065
0.3927
0.425243
0.458445
0.491032
0.521749
0.549411
0.572952
0.59146
0.604216
0.610728
0.610728
0.604216
0.59146
0.572952
0.549411
0.521749
0.491032
0.458445
0.425243
0.3927
0.362065
0.334512
0.311093
0.292704
0.280054
0.27363
0.273665
0.280148
0.292835
0.311246
0.334679
0.362237
0.392867
0.425395
0.458573
0.491125
0.521798
0.549411
0.572899
0.591354
0.604064
0.610536
0.610536
0.604064
0.591354
0.572899
0.549411
0.521798
0.491125
0.458573
0.425395
0.392867
0.362237
0.334679
0.311246
0.292835
0.280148
0.273665
0.297035
0.30346
0.316114
0.334511
0.357939
0.385502
0.416148
0.448701
0.481913
0.514508
0.545231
0.572899
0.596443
0.614954
0.627713
0.634226
0.634226
0.627713
0.614954
0.596443
0.572899
0.545231
0.514508
0.481913
0.448701
0.416148
0.385502
0.357939
0.334511
0.316114
0.30346
0.297035
0.297073
0.303563
0.316261
0.334685
0.358132
0.385707
0.416353
0.448896
0.482087
0.51465
0.545333
0.572952
0.596443
0.614901
0.62761
0.63408
0.63408
0.62761
0.614901
0.596443
0.572952
0.545333
0.51465
0.482087
0.448896
0.416353
0.385707
0.358132
0.334685
0.31626
0.303563
0.297073
0.315438
0.321863
0.33452
0.352921
0.376355
0.403926
0.434579
0.467139
0.500357
0.532957
0.563684
0.591354
0.614901
0.633412
0.646172
0.652686
0.652686
0.646172
0.633412
0.614901
0.591354
0.563684
0.532957
0.500357
0.467139
0.434579
0.403926
0.376355
0.352921
0.33452
0.321863
0.315438
0.315478
0.321973
0.334679
0.353113
0.376573
0.40416
0.434818
0.467373
0.500574
0.533146
0.563836
0.59146
0.614954
0.633412
0.646121
0.652589
0.652589
0.646121
0.633412
0.614954
0.59146
0.563836
0.533146
0.500574
0.467373
0.434818
0.40416
0.376573
0.353113
0.334679
0.321973
0.315478
0.32812
0.334545
0.347204
0.365608
0.389046
0.416621
0.447278
0.479842
0.513063
0.545665
0.576393
0.604064
0.62761
0.646121
0.65888
0.665393
0.665393
0.65888
0.646121
0.62761
0.604064
0.576393
0.545665
0.513063
0.479842
0.447278
0.416621
0.389046
0.365608
0.347204
0.334545
0.32812
0.328162
0.334661
0.347373
0.365814
0.389281
0.416877
0.447544
0.480107
0.513316
0.545895
0.576589
0.604216
0.627713
0.646172
0.65888
0.665347
0.665347
0.65888
0.646172
0.627713
0.604216
0.576589
0.545895
0.513316
0.480107
0.447544
0.416877
0.389281
0.365814
0.347373
0.334661
0.328162
0.334588
0.341013
0.353672
0.372076
0.395516
0.423092
0.45375
0.486315
0.519537
0.552139
0.582866
0.610536
0.63408
0.652589
0.665347
0.671858
0.671858
0.665347
0.652589
0.63408
0.610536
0.582866
0.552139
0.519537
0.486315
0.45375
0.423092
0.395516
0.372076
0.353672
0.341013
0.334588
0.334632
0.341132
0.353847
0.372293
0.395765
0.423366
0.454038
0.486606
0.519819
0.552401
0.583098
0.610728
0.634226
0.652686
0.665393
0.671858
0.671858
0.665393
0.652686
0.634226
0.610728
0.583098
0.552401
0.519819
0.486606
0.454038
0.423366
0.395765
0.372293
0.353847
0.341132
0.334632
0.334588
0.341013
0.353672
0.372076
0.395516
0.423092
0.45375
0.486315
0.519537
0.552139
0.582866
0.610536
0.63408
0.652589
0.665347
0.671858
0.671858
0.665347
0.652589
0.63408
0.610536
0.582866
0.552139
0.519537
0.486315
0.45375
0.423092
0.395516
0.372076
0.353672
0.341013
0.334588
0.334632
0.341132
0.353847
0.372293
0.395765
0.423366
0.454038
0.486606
0.519819
0.552401
0.583098
0.610728
0.634226
0.652686
0.665393
0.671858
0.671858
0.665393
0.652686
0.634226
0.610728
0.583098
0.552401
0.519819
0.486606
0.454038
0.423366
0.395765
0.372293
0.353847
0.341132
0.334632
0.32812
0.334545
0.347204
0.365608
0.389046
0.416621
0.447278
0.479842
0.513063
0.545665
0.576393
0.604064
0.62761
0.646121
0.65888
0.665393
0.665393
0.65888
0.646121
0.62761
0.604064
0.576393
0.545665
0.513063
0.479842
0.447278
0.416621
0.389046
0.365608
0.347204
0.334545
0.32812
0.328162
0.334661
0.347373
0.365814
0.389281
0.416877
0.447544
0.480107
0.513316
0.545895
0.576589
0.604216
0.627713
0.646172
0.65888
0.665347
0.665347
0.65888
0.646172
0.627713
0.604216
0.576589
0.545895
0.513316
0.480107
0.447544
0.416877
0.389281
0.365814
0.347373
0.334661
0.328162
0.315438
0.321863
0.33452
0.352921
0.376355
0.403926
0.434579
0.467139
0.500357
0.532957
0.563684
0.591354
0.614901
0.633412
0.646172
0.652686
0.652686
0.646172
0.633412
0.614901
0.591354
0.563684
0.532957
0.500357
0.467139
0.434579
0.403926
0.376355
0.352921
0.33452
0.321863
0.315438
0.315478
0.321973
0.334679
0.353113
0.376573
0.40416
0.434818
0.467373
0.500574
0.533146
0.563836
0.59146
0.614954
0.633412
0.646121
0.652589
0.652589
0.646121
0.633412
0.614954
0.59146
0.563836
0.533146
0.500574
0.467373
0.434818
0.40416
0.376573
0.353113
0.334679
0.321973
0.315478
0.297035
0.30346
0.316114
0.334511
0.357939
0.385502
0.416148
0.448701
0.481913
0.514508
0.545231
0.572899
0.596443
0.614954
0.627713
0.634226
0.634226
0.627713
0.614954
0.596443
0.572899
0.545231
0.514508
0.481913
0.448701
0.416148
0.385502
0.357939
0.334511
0.316114
0.30346
0.297035
0.297073
0.303563
0.316261
0.334685
0.358132
0.385707
0.416353
0.448896
0.482087
0.51465
0.545333
0.572952
0.596443
0.614901
0.62761
0.63408
0.63408
0.62761
0.614901
0.596443
0.572952
0.545333
0.51465
0.482087
0.448896
0.416353
0.385707
0.358132
0.334685
0.31626
0.303563
0.297073
0.27363
0.280054
0.292704
0.311093
0.334512
0.362065
0.3927
0.425243
0.458445
0.491032
0.521749
0.549411
0.572952
0.59146
0.604216
0.610728
0.610728
0.604216
0.59146
0.572952
0.549411
0.521749
0.491032
0.458445
0.425243
0.3927
0.362065
0.334512
0.311093
0.292704
0.280054
0.27363
0.273665
0.280148
0.292835
0.311246
0.334679
0.362237
0.392867
0.425395
0.458573
0.491125
0.521798
0.549411
0.572899
0.591354
0.604064
0.610536
0.610536
0.604064
0.591354
0.572899
0.549411
0.521798
0.491125
0.458573
0.425395
0.392867
0.362237
0.334679
0.311246
0.292835
0.280148
0.273665
0.246132
0.252554
0.265198
0.283577
0.306984
0.334523
0.365143
0.397672
0.430862
0.463437
0.494144
0.521798
0.545333
0.563836
0.576589
0.583098
0.583098
0.576589
0.563836
0.545333
0.521798
0.494144
0.463437
0.430862
0.397672
0.365143
0.334523
0.306984
0.283577
0.265198
0.252554
0.246132
0.246164
0.252638
0.265313
0.283708
0.307122
0.334661
0.365272
0.397782
0.430943
0.463481
0.494144
0.521749
0.545231
0.563684
0.576393
0.582866
0.582866
0.576393
0.563684
0.545231
0.521749
0.494143
0.463481
0.430943
0.397782
0.365272
0.334661
0.307122
0.283708
0.265313
0.252638
0.246164
0.215606
0.222026
0.234663
0.25303
0.276421
0.303942
0.334544
0.367055
0.400227
0.432787
0.463481
0.491125
0.51465
0.533146
0.545895
0.552401
0.552401
0.545895
0.533146
0.51465
0.491125
0.463481
0.432787
0.400227
0.367055
0.334544
0.303942
0.276421
0.25303
0.234663
0.222026
0.215606
0.215635
0.2221
0.234761
0.253138
0.276531
0.304047
0.334636
0.367124
0.400266
0.432787
0.463437
0.491032
0.514508
0.532957
0.545665
0.552139
0.552139
0.545665
0.532957
0.514508
0.491032
0.463437
0.432787
0.400266
0.367124
0.334636
0.304047
0.276531
0.253138
0.234761
0.2221
0.215635
0.183235
0.189652
0.202279
0.220631
0.244003
0.271504
0.302083
0.334573
0.367725
0.400266
0.430943
0.458573
0.482087
0.500574
0.513316
0.519819
0.519819
0.513316
0.500574
0.482087
0.458573
0.430943
0.400266
0.367725
0.334573
0.302083
0.271504
0.244003
0.220631
0.202279
0.189652
0.183235
0.183261
0.189716
0.202361
0.220717
0.244086
0.271577
0.30214
0.334605
0.367725
0.400227
0.430862
0.458445
0.481913
0.500357
0.513063
0.519537
0.519537
0.513063
0.500357
0.481913
0.458445
0.430862
0.400227
0.367725
0.334605
0.30214
0.271577
0.244086
0.220717
0.202361
0.189716
0.183261
0.150268
0.15668
0.169296
0.187631
0.210981
0.238458
0.269012
0.301476
0.334605
0.367124
0.397782
0.425395
0.448896
0.467373
0.480107
0.486606
0.486606
0.480107
0.467373
0.448896
0.425395
0.397782
0.367124
0.334605
0.301476
0.269012
0.238458
0.210981
0.187631
0.169296
0.15668
0.150268
0.15029
0.156735
0.169362
0.187696
0.211039
0.238503
0.269038
0.301476
0.334573
0.367055
0.397672
0.425243
0.448701
0.467139
0.479842
0.486315
0.486315
0.479842
0.467139
0.448701
0.425243
0.397672
0.367055
0.334573
0.301476
0.269038
0.238503
0.211039
0.187696
0.169362
0.156735
0.15029
0.117973
0.12438
0.136983
0.155299
0.178625
0.206075
0.236602
0.269038
0.30214
0.334636
0.365272
0.392867
0.416353
0.434818
0.447544
0.454038
0.454038
0.447544
0.434818
0.416353
0.392867
0.365272
0.334636
0.30214
0.269038
0.236602
0.206075
0.178625
0.155299
0.136983
0.12438
0.117973
0.117992
0.124426
0.137035
0.155345
0.178661
0.206095
0.236602
0.269012
0.302083
0.334544
0.365143
0.3927
0.416148
0.434579
0.447278
0.45375
0.45375
0.447278
0.434579
0.416148
0.3927
0.365143
0.334544
0.302083
0.269012
0.236602
0.206095
0.178661
0.155345
0.137035
0.124426
0.117992
0.0875915
0.0939925
0.106581
0.124876
0.148176
0.175598
0.206095
0.238503
0.271577
0.304047
0.334661
0.362237
0.385707
0.40416
0.416877
0.423366
0.423366
0.416877
0.40416
0.385707
0.362237
0.334661
0.304047
0.271577
0.238503
0.206095
0.175598
0.148176
0.124876
0.106581
0.0939925
0.0875915
0.0876074
0.0940292
0.106619
0.124904
0.148192
0.175598
0.206075
0.238458
0.271504
0.303942
0.334523
0.362065
0.385502
0.403926
0.416621
0.423092
0.423092
0.416621
0.403926
0.385502
0.362065
0.334523
0.303942
0.271504
0.238458
0.206075
0.175598
0.148192
0.124904
0.106619
0.0940292
0.0876074
0.0602842
0.0666789
0.0792529
0.0975255
0.1208
0.148192
0.178661
0.211039
0.244086
0.276531
0.307122
0.334679
0.358132
0.376573
0.389281
0.395765
0.395765
0.389281
0.376573
0.358132
0.334679
0.307122
0.276531
0.244086
0.211039
0.178661
0.148192
0.1208
0.0975255
0.0792529
0.0666789
0.0602842
0.060297
0.0667069
0.0792779
0.0975389
0.1208
0.148176
0.178625
0.210981
0.244003
0.276421
0.306984
0.334512
0.357939
0.376355
0.389046
0.395516
0.395516
0.389046
0.376355
0.357939
0.334512
0.306984
0.276421
0.244003
0.210981
0.178625
0.148176
0.1208
0.0975389
0.0792778
0.0667069
0.060297
0.0370918
0.0434803
0.0560396
0.0742904
0.0975389
0.124904
0.155345
0.187696
0.220717
0.253138
0.283708
0.311246
0.334685
0.353113
0.365814
0.372293
0.372293
0.365814
0.353113
0.334685
0.311246
0.283708
0.253138
0.220717
0.187696
0.155345
0.124904
0.0975389
0.0742904
0.0560396
0.0434803
0.0370918
0.0371016
0.0434998
0.0560524
0.0742904
0.0975255
0.124876
0.155299
0.187631
0.220631
0.25303
0.283577
0.311093
0.334511
0.352921
0.365608
0.372076
0.372076
0.365608
0.352921
0.334511
0.311093
0.283577
0.25303
0.220631
0.187631
0.155299
0.124876
0.0975255
0.0742904
0.0560524
0.0434998
0.0371016
0.0188935
0.0252762
0.0378217
0.0560524
0.0792779
0.106619
0.137035
0.169362
0.202361
0.234761
0.265313
0.292835
0.316261
0.334679
0.347373
0.353847
0.353847
0.347373
0.334679
0.316261
0.292835
0.265313
0.234761
0.202361
0.169362
0.137035
0.106619
0.0792779
0.0560524
0.0378217
0.0252762
0.0188936
0.0188995
0.0252859
0.0378217
0.0560396
0.079253
0.106581
0.136983
0.169296
0.202279
0.234663
0.265198
0.292704
0.316114
0.33452
0.347204
0.353672
0.353672
0.347204
0.33452
0.316114
0.292704
0.265198
0.234663
0.202279
0.169296
0.136983
0.106581
0.0792529
0.0560396
0.0378217
0.0252859
0.0188995
0.00637328
0.012752
0.0252859
0.0434998
0.0667069
0.0940292
0.124426
0.156735
0.189716
0.2221
0.252638
0.280148
0.303563
0.321973
0.334661
0.341132
0.341132
0.334661
0.321973
0.303563
0.280148
0.252638
0.2221
0.189716
0.156735
0.124426
0.0940292
0.0667069
0.0434998
0.0252859
0.012752
0.00637328
0.00637488
0.012752
0.0252762
0.0434803
0.0666789
0.0939925
0.12438
0.15668
0.189652
0.222026
0.252554
0.280054
0.30346
0.321863
0.334545
0.341013
0.341013
0.334545
0.321863
0.30346
0.280054
0.252554
0.222026
0.189652
0.15668
0.12438
0.0939925
0.0666789
0.0434803
0.0252762
0.012752
0.00637487
-1.31237e-08
0.00637487
0.0188995
0.0371016
0.060297
0.0876074
0.117992
0.15029
0.183261
0.215635
0.246164
0.273665
0.297073
0.315478
0.328162
0.334632
0.334632
0.328162
0.315478
0.297073
0.273665
0.246164
0.215635
0.183261
0.15029
0.117992
0.0876074
0.060297
0.0371016
0.0188995
0.00637488
-5.92717e-09
-5.26252e-09
0.00637329
0.0188936
0.0370918
0.0602842
0.0875915
0.117973
0.150268
0.183235
0.215606
0.246132
0.27363
0.297035
0.315438
0.32812
0.334588
0.334588
0.32812
0.315438
0.297035
0.27363
0.246132
0.215606
0.183235
0.150268
0.117973
0.0875915
0.0602842
0.0370918
0.0188935
0.00637327
-1.38878e-08
-1.26951e-08
0.00637328
0.0188936
0.0370918
0.0602842
0.0875915
0.117973
0.150268
0.183235
0.215606
0.246132
0.27363
0.297035
0.315438
0.32812
0.334588
0.334588
0.32812
0.315438
0.297035
0.27363
0.246132
0.215606
0.183235
0.150268
0.117973
0.0875915
0.0602842
0.0370918
0.0188936
0.00637328
-5.26817e-09
-4.60372e-09
0.00637488
0.0188995
0.0371016
0.060297
0.0876074
0.117992
0.15029
0.183261
0.215635
0.246164
0.273665
0.297073
0.315478
0.328162
0.334632
0.334632
0.328162
0.315478
0.297073
0.273665
0.246164
0.215635
0.183261
0.15029
0.117992
0.0876074
0.060297
0.0371016
0.0188995
0.00637487
-1.36694e-08
0.00637487
0.012752
0.0252762
0.0434803
0.0666789
0.0939925
0.12438
0.15668
0.189652
0.222026
0.252554
0.280054
0.30346
0.321863
0.334545
0.341013
0.341013
0.334545
0.321863
0.30346
0.280054
0.252554
0.222026
0.189652
0.15668
0.12438
0.0939925
0.0666789
0.0434803
0.0252762
0.012752
0.00637488
0.00637329
0.012752
0.0252859
0.0434998
0.0667069
0.0940292
0.124426
0.156735
0.189716
0.2221
0.252638
0.280148
0.303563
0.321973
0.334661
0.341132
0.341132
0.334661
0.321973
0.303563
0.280148
0.252638
0.2221
0.189716
0.156735
0.124426
0.0940292
0.0667069
0.0434998
0.0252859
0.012752
0.00637328
0.0188995
0.0252859
0.0378217
0.0560396
0.0792529
0.106581
0.136983
0.169296
0.202279
0.234663
0.265198
0.292704
0.316114
0.33452
0.347204
0.353672
0.353672
0.347204
0.33452
0.316114
0.292704
0.265198
0.234663
0.202279
0.169296
0.136983
0.106581
0.0792529
0.0560396
0.0378217
0.0252859
0.0188995
0.0188936
0.0252762
0.0378217
0.0560524
0.0792779
0.106619
0.137035
0.169362
0.202361
0.234761
0.265313
0.292835
0.316261
0.334679
0.347373
0.353847
0.353847
0.347373
0.334679
0.316261
0.292835
0.265313
0.234761
0.202361
0.169362
0.137035
0.106619
0.0792778
0.0560524
0.0378217
0.0252762
0.0188935
0.0371016
0.0434998
0.0560524
0.0742904
0.0975255
0.124876
0.155299
0.187631
0.220631
0.25303
0.283577
0.311093
0.334511
0.352921
0.365608
0.372076
0.372076
0.365608
0.352921
0.334511
0.311093
0.283577
0.25303
0.220631
0.187631
0.155299
0.124876
0.0975255
0.0742904
0.0560524
0.0434998
0.0371016
0.0370918
0.0434803
0.0560396
0.0742904
0.0975389
0.124904
0.155345
0.187696
0.220717
0.253138
0.283708
0.311246
0.334685
0.353113
0.365814
0.372293
0.372293
0.365814
0.353113
0.334685
0.311246
0.283708
0.253138
0.220717
0.187696
0.155345
0.124904
0.0975389
0.0742904
0.0560396
0.0434803
0.0370918
0.060297
0.0667069
0.0792779
0.0975389
0.1208
0.148176
0.178625
0.210981
0.244003
0.276421
0.306984
0.334512
0.357939
0.376355
0.389046
0.395516
0.395516
0.389046
0.376355
0.357939
0.334512
0.306984
0.276421
0.244003
0.210981
0.178625
0.148176
0.1208
0.0975389
0.0792779
0.0667069
0.060297
0.0602842
0.0666789
0.079253
0.0975255
0.1208
0.148192
0.178661
0.211039
0.244086
0.276531
0.307122
0.334679
0.358132
0.376573
0.389281
0.395765
0.395765
0.389281
0.376573
0.358132
0.334679
0.307122
0.276531
0.244086
0.211039
0.178661
0.148192
0.1208
0.0975255
0.0792529
0.0666789
0.0602842
0.0876074
0.0940292
0.106619
0.124904
0.148192
0.175598
0.206075
0.238458
0.271504
0.303942
0.334523
0.362065
0.385502
0.403926
0.416621
0.423092
0.423092
0.416621
0.403926
0.385502
0.362065
0.334523
0.303942
0.271504
0.238458
0.206075
0.175598
0.148192
0.124904
0.106619
0.0940292
0.0876074
0.0875915
0.0939925
0.106581
0.124876
0.148176
0.175598
0.206095
0.238503
0.271577
0.304047
0.334662
0.362237
0.385707
0.40416
0.416877
0.423366
0.423366
0.416877
0.40416
0.385707
0.362237
0.334661
0.304047
0.271577
0.238503
0.206095
0.175598
0.148176
0.124876
0.106581
0.0939925
0.0875915
0.117992
0.124426
0.137035
0.155345
0.178661
0.206095
0.236602
0.269012
0.302083
0.334544
0.365143
0.3927
0.416148
0.434579
0.447278
0.45375
0.45375
0.447278
0.434579
0.416148
0.3927
0.365143
0.334544
0.302083
0.269012
0.236602
0.206095
0.178661
0.155345
0.137035
0.124426
0.117992
0.117973
0.12438
0.136983
0.155299
0.178625
0.206075
0.236602
0.269038
0.30214
0.334636
0.365272
0.392867
0.416353
0.434818
0.447544
0.454038
0.454038
0.447544
0.434818
0.416353
0.392867
0.365272
0.334636
0.30214
0.269038
0.236602
0.206075
0.178625
0.155299
0.136983
0.12438
0.117973
0.15029
0.156735
0.169362
0.187696
0.211039
0.238503
0.269038
0.301476
0.334573
0.367055
0.397672
0.425243
0.448701
0.467139
0.479842
0.486315
0.486315
0.479842
0.467139
0.448701
0.425243
0.397672
0.367055
0.334573
0.301476
0.269038
0.238503
0.211039
0.187696
0.169362
0.156735
0.15029
0.150268
0.15668
0.169296
0.187631
0.210981
0.238458
0.269012
0.301476
0.334605
0.367124
0.397782
0.425395
0.448896
0.467373
0.480107
0.486606
0.486606
0.480107
0.467373
0.448896
0.425395
0.397782
0.367124
0.334605
0.301476
0.269012
0.238458
0.210981
0.187631
0.169296
0.15668
0.150268
0.183261
0.189716
0.202361
0.220717
0.244086
0.271577
0.30214
0.334605
0.367725
0.400227
0.430862
0.458445
0.481913
0.500357
0.513063
0.519537
0.519537
0.513063
0.500357
0.481913
0.458445
0.430862
0.400227
0.367725
0.334605
0.30214
0.271577
0.244086
0.220717
0.202361
0.189716
0.183261
0.183235
0.189652
0.202279
0.220631
0.244003
0.271504
0.302083
0.334573
0.367725
0.400266
0.430943
0.458573
0.482087
0.500574
0.513316
0.519819
0.519819
0.513316
0.500574
0.482087
0.458573
0.430943
0.400266
0.367725
0.334573
0.302083
0.271504
0.244003
0.220631
0.202279
0.189652
0.183235
0.215635
0.2221
0.234761
0.253138
0.276531
0.304047
0.334636
0.367124
0.400266
0.432787
0.463437
0.491032
0.514508
0.532957
0.545665
0.552139
0.552139
0.545665
0.532957
0.514508
0.491032
0.463437
0.432787
0.400266
0.367124
0.334636
0.304047
0.276531
0.253138
0.234761
0.2221
0.215635
0.215606
0.222026
0.234663
0.25303
0.276421
0.303942
0.334544
0.367055
0.400227
0.432787
0.463481
0.491125
0.51465
0.533146
0.545895
0.552401
0.552401
0.545895
0.533146
0.51465
0.491125
0.463481
0.432787
0.400227
0.367055
0.334544
0.303942
0.276421
0.25303
0.234663
0.222026
0.215606
0.246164
0.252638
0.265313
0.283708
0.307122
0.334661
0.365272
0.397782
0.430943
0.463481
0.494144
0.521749
0.545231
0.563684
0.576393
0.582866
0.582866
0.576393
0.563684
0.545231
0.521749
0.494144
0.463481
0.430943
0.397782
0.365272
0.334661
0.307122
0.283708
0.265313
0.252638
0.246164
0.246132
0.252554
0.265198
0.283577
0.306984
0.334523
0.365143
0.397672
0.430862
0.463437
0.494144
0.521798
0.545333
0.563836
0.576589
0.583098
0.583098
0.576589
0.563836
0.545333
0.521798
0.494144
0.463437
0.430862
0.397672
0.365143
0.334523
0.306984
0.283577
0.265198
0.252554
0.246132
0.273665
0.280148
0.292835
0.311246
0.334679
0.362237
0.392867
0.425395
0.458573
0.491125
0.521798
0.549411
0.572899
0.591354
0.604064
0.610536
0.610536
0.604064
0.591354
0.572899
0.549411
0.521798
0.491125
0.458573
0.425395
0.392867
0.362237
0.334679
0.311246
0.292835
0.280148
0.273665
0.27363
0.280054
0.292704
0.311093
0.334512
0.362065
0.3927
0.425243
0.458445
0.491032
0.521749
0.549411
0.572952
0.59146
0.604216
0.610728
0.610728
0.604216
0.59146
0.572952
0.549411
0.521749
0.491032
0.458445
0.425243
0.3927
0.362065
0.334512
0.311093
0.292704
0.280054
0.27363
0.297073
0.303563
0.316261
0.334685
0.358132
0.385707
0.416353
0.448896
0.482087
0.51465
0.545333
0.572952
0.596443
0.614901
0.62761
0.63408
0.63408
0.62761
0.614901
0.596443
0.572952
0.545333
0.51465
0.482087
0.448896
0.416353
0.385707
0.358132
0.334685
0.316261
0.303563
0.297073
0.297035
0.30346
0.316114
0.334511
0.357939
0.385502
0.416148
0.448701
0.481913
0.514508
0.545231
0.572899
0.596443
0.614954
0.627713
0.634226
0.634226
0.627713
0.614954
0.596443
0.572899
0.545231
0.514508
0.481913
0.448701
0.416148
0.385502
0.357939
0.334511
0.316114
0.30346
0.297035
0.315478
0.321973
0.334679
0.353113
0.376573
0.40416
0.434818
0.467373
0.500574
0.533146
0.563836
0.59146
0.614954
0.633412
0.646121
0.652589
0.652589
0.646121
0.633412
0.614954
0.59146
0.563836
0.533146
0.500574
0.467373
0.434818
0.40416
0.376573
0.353113
0.334679
0.321973
0.315478
0.315438
0.321863
0.33452
0.352921
0.376355
0.403926
0.434579
0.467139
0.500357
0.532957
0.563684
0.591354
0.614901
0.633412
0.646172
0.652686
0.652686
0.646172
0.633412
0.614901
0.591354
0.563684
0.532957
0.500357
0.467139
0.434579
0.403926
0.376355
0.352921
0.33452
0.321863
0.315438
0.328162
0.334661
0.347373
0.365814
0.389281
0.416877
0.447544
0.480107
0.513316
0.545895
0.576589
0.604216
0.627713
0.646172
0.65888
0.665347
0.665347
0.65888
0.646172
0.627713
0.604216
0.576589
0.545895
0.513316
0.480107
0.447544
0.416877
0.389281
0.365814
0.347373
0.334661
0.328162
0.32812
0.334545
0.347204
0.365608
0.389046
0.416621
0.447278
0.479842
0.513063
0.545665
0.576393
0.604064
0.62761
0.646121
0.65888
0.665393
0.665393
0.65888
0.646121
0.62761
0.604064
0.576393
0.545665
0.513063
0.479842
0.447278
0.416621
0.389046
0.365608
0.347204
0.334545
0.32812
0.334632
0.341132
0.353847
0.372293
0.395765
0.423366
0.454038
0.486606
0.519819
0.552401
0.583098
0.610728
0.634226
0.652686
0.665393
0.671858
0.671858
0.665393
0.652686
0.634226
0.610728
0.583098
0.552401
0.519819
0.486606
0.454038
0.423366
0.395765
0.372293
0.353847
0.341132
0.334632
0.334588
0.341013
0.353672
0.372076
0.395516
0.423092
0.45375
0.486315
0.519537
0.552139
0.582866
0.610536
0.63408
0.652589
0.665347
0.671858
0.671858
0.665347
0.652589
0.63408
0.610536
0.582866
0.552139
0.519537
0.486315
0.45375
0.423092
0.395516
0.372076
0.353672
0.341013
0.334588
0.334632
0.341132
0.353847
0.372293
0.395765
0.423366
0.454038
0.486606
0.519819
0.552401
0.583098
0.610728
0.634226
0.652686
0.665393
0.671858
0.671858
0.665393
0.652686
0.634226
0.610728
0.583098
0.552401
0.519819
0.486606
0.454038
0.423366
0.395765
0.372293
0.353847
0.341132
0.334632
0.334588
0.341013
0.353672
0.372076
0.395516
0.423092
0.45375
0.486315
0.519537
0.552139
0.582866
0.610536
0.63408
0.652589
0.665347
0.671858
0.671858
0.665347
0.652589
0.63408
0.610536
0.582866
0.552139
0.519537
0.486315
0.45375
0.423092
0.395516
0.372076
0.353672
0.341013
0.334588
0.328162
0.334661
0.347373
0.365814
0.389281
0.416877
0.447544
0.480107
0.513316
0.545895
0.576589
0.604216
0.627713
0.646172
0.65888
0.665347
0.665347
0.65888
0.646172
0.627713
0.604216
0.576589
0.545895
0.513316
0.480107
0.447544
0.416877
0.389281
0.365814
0.347373
0.334661
0.328162
0.32812
0.334545
0.347204
0.365608
0.389046
0.416621
0.447278
0.479842
0.513063
0.545665
0.576393
0.604064
0.62761
0.646121
0.65888
0.665393
0.665393
0.65888
0.646121
0.62761
0.604064
0.576393
0.545665
0.513063
0.479842
0.447278
0.416621
0.389046
0.365608
0.347204
0.334545
0.32812
0.315478
0.321973
0.334679
0.353113
0.376573
0.40416
0.434818
0.467373
0.500574
0.533146
0.563836
0.59146
0.614954
0.633412
0.646121
0.652589
0.652589
0.646121
0.633412
0.614954
0.59146
0.563836
0.533146
0.500574
0.467373
0.434818
0.40416
0.376573
0.353113
0.334679
0.321973
0.315478
0.315438
0.321863
0.33452
0.352921
0.376355
0.403926
0.434579
0.467139
0.500357
0.532957
0.563684
0.591354
0.614901
0.633412
0.646172
0.652686
0.652686
0.646172
0.633412
0.614901
0.591354
0.563684
0.532957
0.500357
0.467139
0.434579
0.403926
0.376355
0.352921
0.33452
0.321863
0.315438
0.297073
0.303563
0.31626
0.334685
0.358132
0.385707
0.416353
0.448896
0.482087
0.51465
0.545333
0.572952
0.596443
0.614901
0.62761
0.63408
0.63408
0.62761
0.614901
0.596443
0.572952
0.545333
0.51465
0.482087
0.448896
0.416353
0.385707
0.358132
0.334685
0.31626
0.303563
0.297073
0.297035
0.30346
0.316114
0.334511
0.357939
0.385502
0.416148
0.448701
0.481913
0.514508
0.545231
0.572899
0.596443
0.614954
0.627713
0.634226
0.634226
0.627713
0.614954
0.596443
0.572899
0.545231
0.514508
0.481913
0.448701
0.416148
0.385502
0.357939
0.334511
0.316114
0.30346
0.297035
0.273665
0.280148
0.292835
0.311246
0.334679
0.362237
0.392867
0.425395
0.458573
0.491125
0.521798
0.549411
0.572899
0.591354
0.604064
0.610536
0.610536
0.604064
0.591354
0.572899
0.549411
0.521798
0.491125
0.458573
0.425395
0.392867
0.362237
0.334679
0.311246
0.292835
0.280148
0.273665
0.27363
0.280054
0.292704
0.311093
0.334512
0.362065
0.3927
0.425243
0.458445
0.491032
0.521749
0.549411
0.572952
0.59146
0.604216
0.610728
0.610728
0.604216
0.59146
0.572952
0.549411
0.521749
0.491032
0.458445
0.425243
0.3927
0.362065
0.334512
0.311093
0.292704
0.280054
0.27363
0.246164
0.252638
0.265313
0.283708
0.307122
0.334661
0.365272
0.397782
0.430943
0.463481
0.494144
0.521749
0.545231
0.563684
0.576393
0.582866
0.582866
0.576393
0.563684
0.545231
0.521749
0.494143
0.463481
0.430943
0.397782
0.365272
0.334661
0.307122
0.283708
0.265313
0.252638
0.246164
0.246132
0.252554
0.265198
0.283577
0.306984
0.334523
0.365143
0.397672
0.430862
0.463437
0.494144
0.521798
0.545333
0.563836
0.576589
0.583098
0.583098
0.576589
0.563836
0.545333
0.521798
0.494143
0.463437
0.430862
0.397672
0.365143
0.334523
0.306984
0.283577
0.265198
0.252554
0.246132
0.215635
0.2221
0.234761
0.253138
0.276531
0.304047
0.334636
0.367124
0.400266
0.432787
0.463437
0.491032
0.514508
0.532957
0.545665
0.552139
0.552139
0.545665
0.532957
0.514508
0.491032
0.463437
0.432787
0.400266
0.367124
0.334636
0.304047
0.276531
0.253138
0.234761
0.2221
0.215635
0.215606
0.222026
0.234663
0.25303
0.276421
0.303942
0.334544
0.367055
0.400227
0.432787
0.463481
0.491125
0.51465
0.533146
0.545895
0.552401
0.552401
0.545895
0.533146
0.51465
0.491125
0.463481
0.432787
0.400227
0.367055
0.334544
0.303942
0.276421
0.25303
0.234663
0.222026
0.215606
0.183261
0.189716
0.202361
0.220717
0.244086
0.271577
0.30214
0.334605
0.367725
0.400227
0.430862
0.458445
0.481913
0.500357
0.513063
0.519537
0.519537
0.513063
0.500357
0.481913
0.458445
0.430862
0.400227
0.367725
0.334605
0.30214
0.271577
0.244086
0.220717
0.202361
0.189716
0.183261
0.183235
0.189652
0.202279
0.220631
0.244003
0.271504
0.302083
0.334573
0.367725
0.400266
0.430943
0.458573
0.482087
0.500574
0.513316
0.519819
0.519819
0.513316
0.500574
0.482087
0.458573
0.430943
0.400266
0.367725
0.334573
0.302083
0.271504
0.244003
0.220631
0.202279
0.189652
0.183235
0.15029
0.156735
0.169362
0.187696
0.211039
0.238503
0.269038
0.301476
0.334573
0.367055
0.397672
0.425243
0.448701
0.467139
0.479842
0.486315
0.486315
0.479842
0.467139
0.448701
0.425243
0.397672
0.367055
0.334573
0.301476
0.269038
0.238503
0.211039
0.187696
0.169362
0.156735
0.15029
0.150268
0.15668
0.169296
0.187631
0.210981
0.238458
0.269012
0.301476
0.334605
0.367124
0.397782
0.425395
0.448896
0.467373
0.480107
0.486606
0.486606
0.480107
0.467373
0.448896
0.425395
0.397782
0.367124
0.334605
0.301476
0.269012
0.238458
0.210981
0.187631
0.169296
0.15668
0.150268
0.117992
0.124426
0.137035
0.155345
0.178661
0.206095
0.236602
0.269012
0.302083
0.334544
0.365143
0.3927
0.416148
0.434579
0.447278
0.45375
0.45375
0.447278
0.434579
0.416148
0.3927
0.365143
0.334544
0.302083
0.269012
0.236602
0.206095
0.178661
0.155345
0.137035
0.124426
0.117992
0.117973
0.12438
0.136983
0.155299
0.178625
0.206075
0.236602
0.269038
0.30214
0.334636
0.365272
0.392867
0.416353
0.434818
0.447544
0.454038
0.454038
0.447544
0.434818
0.416353
0.392867
0.365272
0.334636
0.30214
0.269038
0.236602
0.206075
0.178625
0.155299
0.136983
0.12438
0.117973
0.0876074
0.0940291
0.106619
0.124904
0.148192
0.175598
0.206075
0.238458
0.271504
0.303942
0.334523
0.362065
0.385502
0.403926
0.416621
0.423092
0.423092
0.416621
0.403926
0.385502
0.362065
0.334523
0.303942
0.271504
0.238458
0.206075
0.175598
0.148192
0.124904
0.106619
0.0940291
0.0876074
0.0875915
0.0939925
0.106581
0.124876
0.148176
0.175598
0.206095
0.238503
0.271577
0.304047
0.334661
0.362237
0.385707
0.40416
0.416877
0.423366
0.423366
0.416877
0.40416
0.385707
0.362237
0.334661
0.304047
0.271577
0.238503
0.206095
0.175598
0.148176
0.124876
0.106581
0.0939924
0.0875915
0.060297
0.0667069
0.0792778
0.0975389
0.1208
0.148176
0.178625
0.210981
0.244003
0.276421
0.306984
0.334512
0.357939
0.376355
0.389046
0.395516
0.395516
0.389046
0.376355
0.357939
0.334512
0.306984
0.276421
0.244003
0.210981
0.178625
0.148176
0.1208
0.0975389
0.0792778
0.0667069
0.060297
0.0602842
0.0666789
0.0792529
0.0975255
0.1208
0.148192
0.178661
0.211039
0.244086
0.276531
0.307122
0.334679
0.358132
0.376573
0.389281
0.395765
0.395765
0.389281
0.376573
0.358132
0.334679
0.307122
0.276531
0.244086
0.211039
0.17866
0.148192
0.1208
0.0975255
0.0792529
0.0666789
0.0602842
0.0371016
0.0434998
0.0560524
0.0742904
0.0975255
0.124876
0.155299
0.187631
0.220631
0.25303
0.283577
0.311093
0.334511
0.352921
0.365608
0.372076
0.372076
0.365608
0.352921
0.334511
0.311093
0.283577
0.25303
0.220631
0.187631
0.155299
0.124876
0.0975255
0.0742904
0.0560524
0.0434998
0.0371016
0.0370918
0.0434803
0.0560396
0.0742904
0.0975389
0.124904
0.155345
0.187696
0.220717
0.253138
0.283708
0.311246
0.334685
0.353113
0.365814
0.372293
0.372293
0.365814
0.353113
0.334685
0.311246
0.283708
0.253138
0.220717
0.187696
0.155345
0.124904
0.0975389
0.0742904
0.0560396
0.0434802
0.0370918
0.0188995
0.0252859
0.0378217
0.0560396
0.0792529
0.106581
0.136983
0.169296
0.202279
0.234663
0.265198
0.292704
0.316114
0.33452
0.347204
0.353672
0.353672
0.347204
0.33452
0.316114
0.292704
0.265198
0.234663
0.202279
0.169296
0.136983
0.106581
0.0792529
0.0560396
0.0378217
0.0252859
0.0188995
0.0188935
0.0252762
0.0378217
0.0560524
0.0792779
0.106619
0.137035
0.169362
0.202361
0.234761
0.265313
0.292835
0.316261
0.334679
0.347373
0.353847
0.353847
0.347373
0.334679
0.31626
0.292835
0.265313
0.234761
0.202361
0.169362
0.137035
0.106619
0.0792778
0.0560524
0.0378217
0.0252761
0.0188935
0.00637486
0.012752
0.0252761
0.0434803
0.0666789
0.0939925
0.12438
0.15668
0.189652
0.222026
0.252554
0.280054
0.30346
0.321863
0.334545
0.341013
0.341013
0.334545
0.321863
0.30346
0.280054
0.252554
0.222026
0.189652
0.15668
0.12438
0.0939925
0.0666789
0.0434803
0.0252761
0.012752
0.00637487
0.00637328
0.012752
0.0252859
0.0434998
0.0667069
0.0940292
0.124426
0.156735
0.189716
0.2221
0.252638
0.280148
0.303563
0.321973
0.334661
0.341132
0.341132
0.334661
0.321973
0.303563
0.280148
0.252638
0.2221
0.189716
0.156735
0.124426
0.0940291
0.0667069
0.0434998
0.0252859
0.012752
0.00637327
-2.22652e-08
0.00637327
0.0188935
0.0370918
0.0602842
0.0875915
0.117973
0.150268
0.183235
0.215606
0.246132
0.27363
0.297035
0.315438
0.32812
0.334588
0.334588
0.32812
0.315438
0.297035
0.27363
0.246132
0.215606
0.183235
0.150268
0.117973
0.0875915
0.0602842
0.0370918
0.0188935
0.00637327
-1.50734e-08
-1.36803e-08
0.00637487
0.0188995
0.0371016
0.060297
0.0876074
0.117992
0.15029
0.183261
0.215635
0.246164
0.273665
0.297073
0.315478
0.328162
0.334632
0.334632
0.328162
0.315478
0.297073
0.273665
0.246164
0.215635
0.183261
0.15029
0.117992
0.0876074
0.060297
0.0371016
0.0188995
0.00637486
-2.34439e-08
)
;

boundaryField
{
    top
    {
        type            cyclic;
    }
    bottom
    {
        type            cyclic;
    }
    left
    {
        type            cyclic;
    }
    right
    {
        type            cyclic;
    }
    frontAndBack
    {
        type            empty;
    }
}


// ************************************************************************* //
