/*--------------------------------*- C++ -*----------------------------------*\
  =========                 |
  \\      /  F ield         | OpenFOAM: The Open Source CFD Toolbox
   \\    /   O peration     | Website:  https://openfoam.org
    \\  /    A nd           | Version:  11
     \\/     M anipulation  |
\*---------------------------------------------------------------------------*/
FoamFile
{
    format      ascii;
    class       volScalarField;
    location    "5";
    object      p;
}
// * * * * * * * * * * * * * * * * * * * * * * * * * * * * * * * * * * * * * //

dimensions      [0 2 -2 0 0 0 0];

internalField   nonuniform List<scalar> 
8400
(
-0.0893809
-0.0956116
-0.102291
-0.108366
-0.114304
-0.120344
-0.126487
-0.132704
-0.139
-0.145392
-0.151901
-0.158547
-0.165359
-0.172373
-0.179637
-0.187218
-0.195213
-0.203786
-0.213276
-0.225304
-0.0890394
-0.0956323
-0.102452
-0.108421
-0.1143
-0.120355
-0.126514
-0.132735
-0.139033
-0.14543
-0.151946
-0.158601
-0.165423
-0.172449
-0.179728
-0.187326
-0.195334
-0.203884
-0.212985
-0.222128
-0.0887245
-0.0956096
-0.102583
-0.108462
-0.114267
-0.120327
-0.126502
-0.132722
-0.139012
-0.145404
-0.151913
-0.158559
-0.165368
-0.172375
-0.179624
-0.187168
-0.195065
-0.203337
-0.211697
-0.219021
-0.0884385
-0.0955054
-0.102659
-0.108497
-0.114211
-0.120254
-0.12644
-0.132654
-0.138926
-0.145296
-0.151782
-0.158397
-0.165165
-0.172114
-0.179279
-0.186689
-0.194352
-0.202177
-0.209714
-0.215826
-0.0881609
-0.0953319
-0.102659
-0.108499
-0.114127
-0.120133
-0.12632
-0.132521
-0.138762
-0.145095
-0.151537
-0.158097
-0.164792
-0.171642
-0.178668
-0.185872
-0.193212
-0.200518
-0.207295
-0.212538
-0.0878833
-0.0951138
-0.102582
-0.108447
-0.114003
-0.119961
-0.126135
-0.132315
-0.138514
-0.144793
-0.151171
-0.15765
-0.164239
-0.17095
-0.177788
-0.184729
-0.191694
-0.198473
-0.204589
-0.209222
-0.087603
-0.0948674
-0.102439
-0.108334
-0.113834
-0.11974
-0.125887
-0.132037
-0.138182
-0.144391
-0.150685
-0.15706
-0.163516
-0.170055
-0.176667
-0.18331
-0.18988
-0.196156
-0.201717
-0.205928
-0.0873208
-0.0946045
-0.102245
-0.108164
-0.113621
-0.119473
-0.125585
-0.131693
-0.137776
-0.143903
-0.150097
-0.156348
-0.162649
-0.168992
-0.175355
-0.181683
-0.187862
-0.193681
-0.198787
-0.2027
-0.0870419
-0.094336
-0.102015
-0.107947
-0.113368
-0.119172
-0.12524
-0.131298
-0.137311
-0.143347
-0.14943
-0.155545
-0.161677
-0.16781
-0.173915
-0.17993
-0.18574
-0.191156
-0.195893
-0.199595
-0.0867742
-0.094073
-0.101766
-0.107696
-0.113087
-0.118847
-0.124869
-0.130871
-0.136809
-0.14275
-0.148717
-0.154689
-0.160646
-0.166567
-0.172418
-0.178134
-0.183608
-0.188678
-0.193117
-0.19667
-0.0865279
-0.0938268
-0.101511
-0.107423
-0.112788
-0.118514
-0.12449
-0.130431
-0.136294
-0.14214
-0.14799
-0.153821
-0.159606
-0.165323
-0.170933
-0.176375
-0.181554
-0.186332
-0.190538
-0.193985
-0.0863142
-0.0936086
-0.101262
-0.107143
-0.112488
-0.118189
-0.12412
-0.130001
-0.13579
-0.141547
-0.147287
-0.152983
-0.158607
-0.164135
-0.169528
-0.174728
-0.179654
-0.184195
-0.188219
-0.191593
-0.0861447
-0.0934286
-0.101028
-0.106865
-0.1122
-0.117888
-0.123779
-0.129601
-0.135322
-0.140999
-0.146638
-0.152213
-0.157694
-0.163054
-0.168259
-0.173256
-0.177974
-0.182326
-0.186213
-0.18954
-0.0860306
-0.0932948
-0.100813
-0.106599
-0.111939
-0.117625
-0.123479
-0.129247
-0.134911
-0.14052
-0.146073
-0.151544
-0.156903
-0.162125
-0.167175
-0.172006
-0.176561
-0.18077
-0.184558
-0.187858
-0.0859817
-0.0932112
-0.100617
-0.106353
-0.111719
-0.117413
-0.123233
-0.128955
-0.134574
-0.140128
-0.145613
-0.151
-0.156263
-0.161375
-0.166306
-0.171012
-0.175446
-0.179553
-0.183274
-0.186561
-0.0860065
-0.0931755
-0.100434
-0.106133
-0.111549
-0.11726
-0.123048
-0.128733
-0.134319
-0.139836
-0.14527
-0.150595
-0.155788
-0.160822
-0.165667
-0.170287
-0.174639
-0.178678
-0.18236
-0.185645
-0.0861104
-0.093174
-0.100257
-0.105948
-0.111439
-0.117165
-0.122924
-0.128583
-0.134151
-0.139643
-0.145044
-0.15033
-0.155478
-0.160463
-0.165255
-0.169821
-0.174125
-0.178127
-0.18179
-0.185083
-0.0862957
-0.0931768
-0.100081
-0.105813
-0.111389
-0.117122
-0.122855
-0.1285
-0.134061
-0.139542
-0.144925
-0.150191
-0.155316
-0.160276
-0.165043
-0.169584
-0.173866
-0.177854
-0.181515
-0.184819
-0.0865681
-0.0931592
-0.099915
-0.105739
-0.111392
-0.117118
-0.122833
-0.128475
-0.134038
-0.139517
-0.144896
-0.150158
-0.155278
-0.160234
-0.164997
-0.169536
-0.173819
-0.177812
-0.181481
-0.184801
-0.0869067
-0.0931384
-0.0997623
-0.105708
-0.111422
-0.117141
-0.122848
-0.128495
-0.134066
-0.139551
-0.144937
-0.150207
-0.155337
-0.160305
-0.165081
-0.169636
-0.173936
-0.177948
-0.18164
-0.184981
-0.225501
-0.21415
-0.210782
-0.210562
-0.210127
-0.209733
-0.209565
-0.20945
-0.209297
-0.209104
-0.20887
-0.208589
-0.208254
-0.207863
-0.207412
-0.206898
-0.20632
-0.205673
-0.204956
-0.204166
-0.2033
-0.202353
-0.201324
-0.200208
-0.199
-0.197696
-0.196291
-0.194779
-0.193153
-0.191407
-0.189533
-0.187522
-0.185365
-0.183051
-0.180569
-0.177905
-0.175045
-0.171972
-0.16867
-0.16512
-0.161306
-0.15721
-0.15282
-0.148124
-0.14312
-0.137812
-0.132216
-0.126359
-0.120278
-0.114025
-0.107665
-0.101269
-0.0949184
-0.0886975
-0.0826898
-0.0769744
-0.0716212
-0.066688
-0.0622171
-0.0582341
-0.0547473
-0.0517487
-0.0492155
-0.0471134
-0.0453987
-0.0440227
-0.0429337
-0.0420806
-0.0414146
-0.0408908
-0.0404693
-0.0401159
-0.0398018
-0.0395034
-0.0392021
-0.0388835
-0.0385367
-0.0381539
-0.0377299
-0.037261
-0.0367454
-0.0361823
-0.0355716
-0.0349146
-0.0342122
-0.0334655
-0.0326763
-0.0318467
-0.0309787
-0.0300745
-0.0291363
-0.0281661
-0.0271663
-0.0261391
-0.0250869
-0.0240117
-0.0229161
-0.0218022
-0.0206723
-0.0195287
-0.0183738
-0.0172097
-0.0160388
-0.0148634
-0.0136855
-0.0125075
-0.0113315
-0.0101597
-0.00899419
-0.00783711
-0.00669049
-0.00555634
-0.00443663
-0.00333328
-0.00224816
-0.00118307
-0.000139772
0.000880058
0.0018748
0.00284292
0.00378295
0.00469351
0.00557331
0.00642117
0.00723597
0.00801673
0.00876255
0.00947266
0.0101464
0.0107832
0.0113827
0.0119445
0.0124685
0.0129546
0.0134029
0.0138136
0.014187
0.0145235
0.0148236
0.015088
0.0153175
0.0155129
0.0156752
0.0158053
0.0159043
0.0159734
0.0160138
0.0160267
0.0160134
0.0159751
0.0159131
0.0158287
0.0157231
0.0155976
0.0154534
0.0152916
0.0151134
0.0149198
0.0147119
0.0144906
0.0142568
0.0140113
0.0137551
0.0134887
0.0132129
0.0129283
0.0126356
0.0123353
0.0120279
0.0117138
0.0113934
0.0110673
0.0107359
0.0103993
0.0100578
0.00971192
0.00936176
0.00900758
0.00864959
0.00828795
0.00792281
0.00755428
0.00718242
0.00680728
0.00642885
0.00604708
0.00566187
0.00527307
0.00488049
0.00448385
0.00408287
0.00367716
0.0032664
0.00285005
0.00242821
0.00199893
0.001568
0.00111437
0.000711028
7.72323e-05
-0.222324
-0.214151
-0.210507
-0.210167
-0.209847
-0.20943
-0.209228
-0.209117
-0.208974
-0.208782
-0.208546
-0.20826
-0.207917
-0.207512
-0.207043
-0.206507
-0.205901
-0.205222
-0.204467
-0.203633
-0.202716
-0.201713
-0.20062
-0.199433
-0.198146
-0.196756
-0.195255
-0.193639
-0.1919
-0.190032
-0.188026
-0.185873
-0.183566
-0.181094
-0.178445
-0.175608
-0.17257
-0.169319
-0.16584
-0.162119
-0.158145
-0.153907
-0.149398
-0.144616
-0.139566
-0.134259
-0.128719
-0.122978
-0.11708
-0.111078
-0.105035
-0.0990207
-0.0931098
-0.0873769
-0.0818936
-0.076725
-0.071926
-0.0675384
-0.0635894
-0.0600909
-0.0570396
-0.0544186
-0.0521992
-0.0503444
-0.0488108
-0.0475523
-0.0465224
-0.045676
-0.0449718
-0.0443723
-0.0438455
-0.043364
-0.0429055
-0.0424522
-0.04199
-0.0415085
-0.041
-0.040459
-0.0398818
-0.0392662
-0.038611
-0.0379158
-0.0371809
-0.0364077
-0.0355963
-0.0347478
-0.0338638
-0.032946
-0.031996
-0.0310156
-0.0300064
-0.0289703
-0.0279091
-0.0268248
-0.0257191
-0.0245942
-0.023452
-0.0222944
-0.0211236
-0.0199415
-0.0187502
-0.0175517
-0.0163482
-0.0151416
-0.0139341
-0.0127276
-0.0115243
-0.0103262
-0.00913521
-0.00795335
-0.00678258
-0.00562481
-0.00448193
-0.00335578
-0.00224818
-0.00116088
-9.55764e-05
0.000946067
0.00196246
0.00295208
0.00391348
0.00484526
0.00574612
0.00661486
0.00745034
0.00825154
0.00901752
0.00974747
0.0104407
0.0110965
0.0117145
0.0122943
0.0128356
0.0133384
0.0138026
0.0142284
0.014616
0.0149658
0.0152783
0.0155541
0.0157938
0.0159985
0.0161688
0.0163059
0.0164108
0.0164847
0.0165288
0.0165443
0.0165326
0.0164949
0.0164325
0.0163469
0.0162393
0.016111
0.0159633
0.0157975
0.0156147
0.0154161
0.0152028
0.0149758
0.0147361
0.0144847
0.0142223
0.0139498
0.013668
0.0133775
0.0130789
0.0127729
0.0124599
0.0121404
0.0118148
0.0114836
0.0111473
0.0108059
0.0104597
0.010109
0.00975406
0.00939499
0.00903193
0.00866497
0.00829418
0.00791958
0.00754114
0.00715881
0.00677248
0.006382
0.00598718
0.00558776
0.00518342
0.0047738
0.00435846
0.00393689
0.00350858
0.00307271
0.00262933
0.00217508
0.00171872
0.00122476
0.00081342
-8.04426e-07
-0.219894
-0.214194
-0.210501
-0.209821
-0.209547
-0.20913
-0.208871
-0.208738
-0.208591
-0.208391
-0.208143
-0.207843
-0.207482
-0.207054
-0.206557
-0.205987
-0.205342
-0.204617
-0.20381
-0.202916
-0.201933
-0.200857
-0.199683
-0.198406
-0.197021
-0.195524
-0.193908
-0.192167
-0.190295
-0.188284
-0.186126
-0.183814
-0.181339
-0.178693
-0.175865
-0.172846
-0.169626
-0.166195
-0.162542
-0.15866
-0.154541
-0.150182
-0.145582
-0.140747
-0.135688
-0.130425
-0.124985
-0.119407
-0.113735
-0.108024
-0.102334
-0.0967294
-0.0912764
-0.086039
-0.0810761
-0.0764385
-0.0721661
-0.0682864
-0.064813
-0.0617462
-0.0590736
-0.0567722
-0.0548102
-0.0531499
-0.0517504
-0.0505698
-0.0495674
-0.0487052
-0.0479486
-0.0472679
-0.0466375
-0.0460364
-0.0454476
-0.0448579
-0.0442569
-0.0436371
-0.0429931
-0.0423208
-0.0416179
-0.0408828
-0.0401148
-0.0393135
-0.0384792
-0.037613
-0.0367149
-0.0357856
-0.0348265
-0.0338389
-0.0328239
-0.0317829
-0.0307174
-0.0296288
-0.0285187
-0.0273886
-0.0262401
-0.0250751
-0.0238951
-0.022702
-0.0214977
-0.0202839
-0.0190625
-0.0178354
-0.0166045
-0.0153718
-0.0141391
-0.0129085
-0.0116817
-0.0104608
-0.00924763
-0.00804409
-0.00685206
-0.00567338
-0.00450986
-0.00336331
-0.00223546
-0.00112806
-4.27501e-05
0.00101883
0.0020551
0.00306455
0.00404574
0.00499725
0.0059178
0.00680613
0.00766109
0.00848163
0.00926677
0.0100156
0.0107275
0.0114016
0.0120375
0.0126347
0.013193
0.0137121
0.014192
0.0146327
0.0150345
0.0153977
0.0157227
0.01601
0.0162603
0.0164745
0.0166533
0.0167979
0.0169092
0.0169884
0.0170368
0.0170555
0.017046
0.0170095
0.0169475
0.0168613
0.0167523
0.0166218
0.0164713
0.016302
0.0161152
0.0159121
0.0156939
0.0154618
0.0152167
0.0149597
0.0146917
0.0144135
0.014126
0.0138298
0.0135257
0.0132142
0.0128959
0.0125713
0.0122407
0.0119044
0.0115634
0.0112173
0.0108664
0.010511
0.0101512
0.0097872
0.00941897
0.00904655
0.00866991
0.00828899
0.00790368
0.00751383
0.00711923
0.00671965
0.00631478
0.00590426
0.00548769
0.00506459
0.00463441
0.00419649
0.0037502
0.00329441
0.00282912
0.00234966
0.00186752
0.0013337
0.000912437
-7.39032e-05
-0.217179
-0.213473
-0.210242
-0.20935
-0.209095
-0.208718
-0.208424
-0.208259
-0.208102
-0.207892
-0.207628
-0.207306
-0.20692
-0.206461
-0.205927
-0.205313
-0.204616
-0.203833
-0.20296
-0.201994
-0.20093
-0.199764
-0.198492
-0.197109
-0.195609
-0.193988
-0.192239
-0.190357
-0.188335
-0.186165
-0.183842
-0.181359
-0.178706
-0.175879
-0.172868
-0.169666
-0.166267
-0.162665
-0.158853
-0.154828
-0.15059
-0.14614
-0.141484
-0.136635
-0.13161
-0.126434
-0.121139
-0.115765
-0.110359
-0.104972
-0.0996594
-0.0944799
-0.0894892
-0.08474
-0.0802781
-0.0761405
-0.0723535
-0.0689316
-0.0658774
-0.0631821
-0.060827
-0.0587854
-0.0570249
-0.0555095
-0.054202
-0.0530658
-0.0520665
-0.0511728
-0.050357
-0.0495957
-0.0488692
-0.0481615
-0.0474601
-0.046755
-0.0460388
-0.0453059
-0.0445524
-0.0437754
-0.042973
-0.0421441
-0.041288
-0.0404044
-0.0394931
-0.0385553
-0.0375905
-0.0365993
-0.0355826
-0.0345414
-0.0334766
-0.0323892
-0.0312804
-0.0301513
-0.0290032
-0.0278376
-0.0266557
-0.0254592
-0.0242495
-0.0230283
-0.0217973
-0.020558
-0.0193123
-0.018062
-0.0168088
-0.0155545
-0.0143009
-0.01305
-0.0118035
-0.0105633
-0.00933124
-0.00810908
-0.00689867
-0.00570179
-0.00452022
-0.0033557
-0.00220995
-0.00108466
1.85266e-05
0.001098
0.00215221
0.00317963
0.00417882
0.00514838
0.00608697
0.00699334
0.00786632
0.0087048
0.00950778
0.0102743
0.0110037
0.0116951
0.0123479
0.0129617
0.0135361
0.0140709
0.0145659
0.0150211
0.0154367
0.0158129
0.0161501
0.0164489
0.0167097
0.0169335
0.017121
0.0172732
0.0173912
0.017476
0.017529
0.0175514
0.0175446
0.0175098
0.0174486
0.0173623
0.0172525
0.0171204
0.0169676
0.0167954
0.0166052
0.0163982
0.0161757
0.0159389
0.0156889
0.0154268
0.0151536
0.0148701
0.0145773
0.0142759
0.0139665
0.0136499
0.0133266
0.012997
0.0126617
0.0123211
0.0119749
0.0116241
0.0112686
0.0109085
0.0105439
0.0101749
0.0098014
0.0094234
0.00904077
0.00865336
0.00826098
0.00786338
0.00746026
0.0070513
0.00663609
0.0062142
0.00578513
0.00534829
0.00490306
0.00444865
0.00398428
0.00350862
0.00302155
0.00251729
0.00200964
0.00143755
0.0010048
-0.000140756
-0.2142
-0.212045
-0.209551
-0.208634
-0.2084
-0.208102
-0.207817
-0.207635
-0.207471
-0.207254
-0.206974
-0.20663
-0.206214
-0.205719
-0.20514
-0.204473
-0.203716
-0.202865
-0.201915
-0.200863
-0.199705
-0.198436
-0.197053
-0.19555
-0.193922
-0.192164
-0.19027
-0.188234
-0.186051
-0.183715
-0.18122
-0.178559
-0.175727
-0.172719
-0.16953
-0.166155
-0.162591
-0.158835
-0.154886
-0.150746
-0.14642
-0.141915
-0.137243
-0.132422
-0.127474
-0.122427
-0.117317
-0.112184
-0.107073
-0.102031
-0.0971089
-0.0923554
-0.0878164
-0.0835329
-0.0795382
-0.0758565
-0.0725023
-0.0694794
-0.0667818
-0.0643944
-0.0622949
-0.0604555
-0.0588449
-0.0574305
-0.0561799
-0.055062
-0.0540488
-0.0531151
-0.0522393
-0.0514032
-0.0505921
-0.0497938
-0.048999
-0.0482002
-0.047392
-0.0465702
-0.0457315
-0.0448738
-0.0439955
-0.0430954
-0.0421729
-0.0412276
-0.0402591
-0.0392679
-0.0382535
-0.0372163
-0.036157
-0.0350761
-0.0339743
-0.0328524
-0.0317113
-0.0305519
-0.0293755
-0.028183
-0.0269759
-0.0257554
-0.0245229
-0.02328
-0.0220282
-0.020769
-0.0195042
-0.0182353
-0.0169642
-0.0156924
-0.0144219
-0.0131544
-0.0118916
-0.0106353
-0.00938733
-0.00814944
-0.00692339
-0.00571094
-0.00451381
-0.00333374
-0.0021724
-0.00103146
8.74553e-05
0.00118275
0.00225286
0.0032963
0.00431159
0.00529734
0.0062522
0.00717489
0.00806422
0.00891905
0.00973833
0.0105211
0.0112666
0.0119739
0.0126424
0.0132716
0.0138611
0.0144106
0.0149198
0.0153887
0.0158174
0.016206
0.016555
0.0168647
0.0171358
0.0173689
0.0175649
0.0177247
0.0178494
0.01794
0.0179978
0.018024
0.0180201
0.0179874
0.0179274
0.0178415
0.0177312
0.0175981
0.0174434
0.0172688
0.0170756
0.0168652
0.0166389
0.016398
0.0161436
0.0158768
0.0155988
0.0153105
0.0150128
0.0147064
0.0143922
0.0140708
0.0137427
0.0134084
0.0130684
0.0127231
0.0123725
0.0120172
0.0116571
0.0112924
0.010923
0.010549
0.0101702
0.00978656
0.00939786
0.00900385
0.00860427
0.00819879
0.00778702
0.00736854
0.00694289
0.00650954
0.00606791
0.00561735
0.00515714
0.00468641
0.00420428
0.00370919
0.003201
0.00267292
0.00214071
0.00153302
0.00108758
-0.00019993
-0.211116
-0.210127
-0.208422
-0.20764
-0.207454
-0.207258
-0.207026
-0.206852
-0.20669
-0.206473
-0.206181
-0.205815
-0.205368
-0.204833
-0.204204
-0.203479
-0.202655
-0.201726
-0.200691
-0.199544
-0.198283
-0.196902
-0.195398
-0.193766
-0.192
-0.190097
-0.188051
-0.185857
-0.183509
-0.181004
-0.178337
-0.175502
-0.172497
-0.169319
-0.165964
-0.162432
-0.158723
-0.154839
-0.150783
-0.146561
-0.142183
-0.137662
-0.133015
-0.128262
-0.12343
-0.118551
-0.113658
-0.108792
-0.103993
-0.0993054
-0.094771
-0.0904297
-0.0863172
-0.0824632
-0.0788894
-0.0756093
-0.0726275
-0.0699397
-0.0675339
-0.0653915
-0.0634889
-0.0617991
-0.0602937
-0.0589441
-0.0577231
-0.0566053
-0.0555681
-0.0545919
-0.0536601
-0.0527587
-0.0518765
-0.0510045
-0.0501353
-0.0492634
-0.0483845
-0.047495
-0.0465925
-0.0456748
-0.0447405
-0.0437884
-0.0428176
-0.0418272
-0.0408178
-0.0397881
-0.0387381
-0.037668
-0.0365782
-0.0354688
-0.0343405
-0.0331937
-0.0320292
-0.0308479
-0.0296507
-0.0284386
-0.0272128
-0.0259745
-0.024725
-0.0234657
-0.0221981
-0.0209237
-0.0196441
-0.0183608
-0.0170756
-0.01579
-0.0145059
-0.013225
-0.0119489
-0.0106794
-0.00941833
-0.00816734
-0.00692819
-0.0057026
-0.00449228
-0.00329893
-0.00212421
-0.00096978
0.000162751
0.0012718
0.00235581
0.00341327
0.00444273
0.00544278
0.00641205
0.00734924
0.00825314
0.00912259
0.0099565
0.0107539
0.0115139
0.0122356
0.0129184
0.0135617
0.0141649
0.0147278
0.0152501
0.0157316
0.0161725
0.0165727
0.0169327
0.0172527
0.0175334
0.0177754
0.0179795
0.0181466
0.0182777
0.0183739
0.0184364
0.0184666
0.0184657
0.0184352
0.0183766
0.0182914
0.018181
0.0180471
0.017891
0.0177144
0.0175187
0.0173053
0.0170756
0.016831
0.0165726
0.0163016
0.0160193
0.0157265
0.0154242
0.0151133
0.0147945
0.0144685
0.0141359
0.0137972
0.0134528
0.0131031
0.0127481
0.0123884
0.0120238
0.0116544
0.0112803
0.0109013
0.0105172
0.0101279
0.00973304
0.0093324
0.00892559
0.00851219
0.00809176
0.00766379
0.00722775
0.00678304
0.00632903
0.005865
0.00539018
0.00490362
0.00440437
0.00389074
0.00336253
0.00281221
0.00225696
0.00161734
0.00115829
-0.000249695
-0.208005
-0.207882
-0.206915
-0.206383
-0.206292
-0.206214
-0.206068
-0.205927
-0.205779
-0.205568
-0.20527
-0.204884
-0.204406
-0.203829
-0.203149
-0.202362
-0.201465
-0.200454
-0.199328
-0.198081
-0.19671
-0.195212
-0.193582
-0.191817
-0.189911
-0.18786
-0.185661
-0.183309
-0.1808
-0.178131
-0.175299
-0.172301
-0.169136
-0.165803
-0.162303
-0.158638
-0.154812
-0.150829
-0.146699
-0.142431
-0.138039
-0.13354
-0.128955
-0.124308
-0.119626
-0.114941
-0.110288
-0.105702
-0.101221
-0.0968816
-0.092718
-0.0887612
-0.085037
-0.0815646
-0.0783564
-0.0754168
-0.0727431
-0.0703255
-0.0681487
-0.0661925
-0.0644341
-0.0628489
-0.0614119
-0.0600992
-0.0588884
-0.0577592
-0.0566939
-0.0556772
-0.0546963
-0.0537406
-0.0528014
-0.0518715
-0.0509454
-0.0500184
-0.0490869
-0.0481479
-0.047199
-0.0462383
-0.045264
-0.044275
-0.0432702
-0.0422484
-0.0412101
-0.0401536
-0.0390789
-0.037986
-0.0368749
-0.0357457
-0.0345988
-0.0334347
-0.0322539
-0.0310571
-0.0298452
-0.0286191
-0.0273799
-0.0261287
-0.0248667
-0.0235954
-0.0223161
-0.0210302
-0.0197393
-0.018445
-0.0171489
-0.0158525
-0.0145577
-0.0132661
-0.0119794
-0.0106992
-0.00942744
-0.00816569
-0.0069157
-0.00567917
-0.00445781
-0.00325328
-0.00206725
-0.000901351
0.000242804
0.00136364
0.00245959
0.00352917
0.0045709
0.00558335
0.00656517
0.00751503
0.00843169
0.00931397
0.0101608
0.010971
0.0117439
0.0124784
0.0131739
0.0138297
0.0144452
0.0150202
0.0155542
0.0160471
0.0164989
0.0169097
0.0172796
0.0176091
0.0178986
0.0181488
0.0183604
0.0185342
0.0186713
0.0187728
0.0188399
0.0188738
0.0188759
0.0188476
0.0187905
0.018706
0.0185957
0.0184612
0.018304
0.0181257
0.0179279
0.0177118
0.0174791
0.0172311
0.0169692
0.0166944
0.016408
0.0161111
0.0158046
0.0154895
0.0151664
0.0148362
0.0144993
0.0141563
0.0138077
0.0134537
0.0130945
0.0127304
0.0123614
0.0119875
0.0116086
0.0112246
0.0108353
0.0104403
0.0100394
0.00963212
0.00921812
0.00879689
0.0083679
0.0079306
0.00748438
0.00702861
0.0065626
0.00608559
0.00559677
0.00509517
0.0045798
0.00404887
0.00350216
0.00293166
0.00235542
0.00168839
0.00121498
-0.000287971
-0.204928
-0.205452
-0.205134
-0.204918
-0.204967
-0.20502
-0.204979
-0.204895
-0.204773
-0.204575
-0.204277
-0.203875
-0.203367
-0.202748
-0.202015
-0.201164
-0.200193
-0.199099
-0.197879
-0.196531
-0.19505
-0.193433
-0.191678
-0.18978
-0.187736
-0.185542
-0.183195
-0.180693
-0.178032
-0.17521
-0.172228
-0.169083
-0.165777
-0.162313
-0.158693
-0.154922
-0.151009
-0.146961
-0.142791
-0.138512
-0.134142
-0.1297
-0.12521
-0.120696
-0.116188
-0.111716
-0.107311
-0.103007
-0.0988343
-0.0948232
-0.0910004
-0.0873881
-0.0840034
-0.0808569
-0.0779533
-0.0752905
-0.0728608
-0.0706515
-0.0686457
-0.066824
-0.0651652
-0.0636479
-0.0622512
-0.0609551
-0.0597419
-0.0585955
-0.0575019
-0.0564492
-0.0554276
-0.0544285
-0.053445
-0.0524715
-0.0515031
-0.0505359
-0.0495665
-0.0485922
-0.0476106
-0.0466197
-0.0456178
-0.0446034
-0.0435752
-0.0425321
-0.0414739
-0.0403993
-0.0393079
-0.0381996
-0.0370741
-0.0359315
-0.0347721
-0.0335962
-0.0324042
-0.0311967
-0.0299747
-0.0287388
-0.0274901
-0.0262298
-0.0249589
-0.0236789
-0.0223909
-0.0210966
-0.0197974
-0.0184947
-0.0171903
-0.0158856
-0.0145825
-0.0132825
-0.0119873
-0.0106986
-0.00941822
-0.00814774
-0.0068889
-0.00564339
-0.00441289
-0.00319908
-0.0020036
-0.000828091
0.000325845
0.00145663
0.00256271
0.00364257
0.00469475
0.0057178
0.00671036
0.00767109
0.00859872
0.00949205
0.01035
0.0111714
0.0119553
0.012701
0.0134075
0.0140742
0.0147006
0.0152861
0.0158304
0.0163333
0.0167948
0.0172149
0.0175936
0.0179315
0.0182289
0.0184863
0.0187046
0.0188845
0.0190271
0.0191333
0.0192045
0.0192418
0.0192466
0.0192204
0.0191647
0.019081
0.0189709
0.0188359
0.0186778
0.018498
0.0182982
0.0180798
0.0178444
0.0175934
0.0173281
0.0170499
0.0167598
0.0164591
0.0161487
0.0158296
0.0155025
0.0151682
0.0148273
0.0144803
0.0141275
0.0137694
0.013406
0.0130377
0.0126644
0.012286
0.0119024
0.0115135
0.0111189
0.0107183
0.0103113
0.00989759
0.00947652
0.00904762
0.0086103
0.00816395
0.00770793
0.00724156
0.00676411
0.00627483
0.00577289
0.0052573
0.00472706
0.0041804
0.00361706
0.00302882
0.00243407
0.00174481
0.00125634
-0.000312459
-0.201949
-0.202964
-0.203195
-0.203317
-0.203542
-0.203735
-0.203811
-0.2038
-0.203717
-0.203539
-0.203244
-0.20283
-0.202295
-0.201637
-0.200852
-0.199939
-0.198895
-0.197719
-0.196408
-0.194959
-0.193371
-0.191641
-0.189765
-0.187741
-0.185567
-0.183239
-0.180756
-0.178115
-0.175317
-0.172361
-0.169247
-0.165978
-0.162556
-0.158986
-0.155274
-0.151429
-0.14746
-0.14338
-0.139203
-0.134946
-0.130628
-0.126272
-0.1219
-0.11754
-0.113218
-0.108963
-0.104804
-0.100768
-0.0968805
-0.0931656
-0.0896423
-0.0863254
-0.0832246
-0.0803441
-0.0776828
-0.0752346
-0.0729889
-0.0709318
-0.0690469
-0.0673162
-0.0657212
-0.0642439
-0.0628668
-0.0615739
-0.060351
-0.0591853
-0.0580656
-0.0569827
-0.0559284
-0.0548957
-0.053879
-0.0528733
-0.0518742
-0.0508783
-0.0498822
-0.0488832
-0.047879
-0.0468675
-0.0458467
-0.0448151
-0.0437712
-0.0427138
-0.0416424
-0.0405557
-0.0394533
-0.0383346
-0.0371996
-0.0360482
-0.0348804
-0.0336965
-0.032497
-0.0312824
-0.0300534
-0.0288109
-0.0275557
-0.026289
-0.0250118
-0.0237255
-0.0224314
-0.0211309
-0.0198255
-0.0185166
-0.0172059
-0.015895
-0.0145854
-0.0132789
-0.0119771
-0.0106817
-0.00939437
-0.00811688
-0.00685089
-0.00559807
-0.00436012
-0.00313868
-0.00193542
-0.000751965
0.000410087
0.00154915
0.00266368
0.00375215
0.00481308
0.00584503
0.00684662
0.0078165
0.00875339
0.00965607
0.0105234
0.0113542
0.0121477
0.0129027
0.0136187
0.0142947
0.0149302
0.0155247
0.0160779
0.0165894
0.0170592
0.0174872
0.0178736
0.0182187
0.0185228
0.0187866
0.0190106
0.0191958
0.0193431
0.0194535
0.0195282
0.0195685
0.0195757
0.0195513
0.0194967
0.0194137
0.0193037
0.0191683
0.0190093
0.0188281
0.0186265
0.018406
0.0181681
0.0179143
0.017646
0.0173645
0.0170711
0.0167668
0.0164527
0.0161298
0.015799
0.0154608
0.015116
0.0147651
0.0144084
0.0140463
0.013679
0.0133064
0.0129287
0.0125459
0.0121577
0.0117639
0.0113641
0.010958
0.0105451
0.010125
0.00969709
0.00926077
0.00881544
0.00836046
0.00789514
0.00741879
0.00693067
0.00643001
0.005916
0.00538769
0.0048441
0.0042835
0.00370564
0.00310241
0.00249188
0.00178604
0.0012818
-0.000320996
-0.199133
-0.200527
-0.201213
-0.201663
-0.202083
-0.202423
-0.202622
-0.202694
-0.202659
-0.202506
-0.20222
-0.201797
-0.201239
-0.200544
-0.199711
-0.198739
-0.197626
-0.196372
-0.194976
-0.193434
-0.191746
-0.18991
-0.187924
-0.185785
-0.183493
-0.181046
-0.178442
-0.175683
-0.172767
-0.169698
-0.166476
-0.163107
-0.159596
-0.155949
-0.152175
-0.148285
-0.144291
-0.140209
-0.136054
-0.131845
-0.127603
-0.123351
-0.119113
-0.114914
-0.110779
-0.106734
-0.102803
-0.0990099
-0.0953744
-0.0919138
-0.0886411
-0.0855652
-0.0826903
-0.0800159
-0.0775374
-0.0752465
-0.0731315
-0.0711789
-0.0693735
-0.0676995
-0.0661412
-0.0646834
-0.0633121
-0.0620141
-0.0607779
-0.0595932
-0.0584509
-0.0573432
-0.0562633
-0.0552052
-0.0541639
-0.0531347
-0.0521137
-0.0510973
-0.0500825
-0.0490665
-0.0480468
-0.0470211
-0.0459875
-0.0449443
-0.0438899
-0.042823
-0.0417427
-0.040648
-0.0395382
-0.0384128
-0.0372715
-0.0361141
-0.0349408
-0.0337517
-0.0325472
-0.0313278
-0.0300941
-0.028847
-0.0275873
-0.0263162
-0.0250346
-0.0237439
-0.0224454
-0.0211404
-0.0198304
-0.018517
-0.0172016
-0.0158858
-0.0145713
-0.0132598
-0.0119528
-0.0106521
-0.00935942
-0.00807636
-0.00680465
-0.00554596
-0.00430199
-0.00307438
-0.00186479
-0.000674843
0.000493849
0.0016397
0.00276117
0.00385671
0.00492486
0.00596416
0.00697321
0.00795066
0.0088952
0.00980562
0.0106807
0.0115194
0.0123207
0.0130836
0.0138073
0.014491
0.0151342
0.0157362
0.0162967
0.0168154
0.017292
0.0177267
0.0181194
0.0184705
0.0187803
0.0190493
0.0192782
0.0194678
0.0196189
0.0197327
0.0198104
0.0198531
0.0198622
0.0198392
0.0197856
0.019703
0.0195929
0.019457
0.0192971
0.0191146
0.0189113
0.0186888
0.0184486
0.0181922
0.017921
0.0176365
0.0173398
0.0170322
0.0167146
0.0163882
0.0160537
0.0157119
0.0153633
0.0150086
0.0146481
0.0142821
0.0139107
0.0135341
0.0131522
0.012765
0.0123722
0.0119736
0.0115688
0.0111573
0.0107386
0.0103124
0.00987784
0.00943445
0.00898154
0.00851845
0.00804447
0.0075589
0.007061
0.00655003
0.0060252
0.0054856
0.00493033
0.00435777
0.00376767
0.00315231
0.00252893
0.00181224
0.00129164
-0.000312086
-0.196542
-0.198231
-0.19929
-0.200041
-0.200662
-0.201149
-0.201469
-0.201629
-0.201648
-0.201524
-0.201249
-0.200822
-0.200245
-0.199518
-0.198642
-0.197616
-0.196442
-0.195118
-0.193644
-0.192019
-0.190243
-0.188313
-0.18623
-0.183993
-0.181599
-0.179051
-0.176347
-0.173489
-0.170479
-0.16732
-0.164017
-0.160575
-0.157002
-0.153306
-0.149498
-0.145591
-0.141599
-0.137539
-0.133428
-0.129286
-0.125135
-0.120997
-0.116895
-0.112852
-0.108893
-0.105038
-0.101309
-0.0977239
-0.0942982
-0.091044
-0.0879696
-0.0850795
-0.082374
-0.07985
-0.077501
-0.0753178
-0.0732892
-0.0714025
-0.0696445
-0.0680015
-0.0664603
-0.0650084
-0.0636339
-0.0623262
-0.0610755
-0.0598733
-0.0587118
-0.0575842
-0.0564844
-0.0554071
-0.0543475
-0.0533011
-0.0522643
-0.0512335
-0.0502054
-0.0491774
-0.0481468
-0.0471113
-0.0460689
-0.0450177
-0.043956
-0.0428827
-0.0417963
-0.0406961
-0.0395813
-0.0384513
-0.0373057
-0.0361444
-0.0349673
-0.0337747
-0.0325668
-0.031344
-0.0301072
-0.0288569
-0.0275942
-0.0263199
-0.0250352
-0.0237414
-0.0224397
-0.0211315
-0.0198182
-0.0185013
-0.0171823
-0.0158629
-0.0145447
-0.0132293
-0.0119184
-0.0106136
-0.00931661
-0.00802916
-0.00675292
-0.00548957
-0.00424079
-0.00300823
-0.00179356
-0.000598397
0.000575646
0.00172698
0.00285405
0.00395532
0.00502931
0.00607455
0.00708964
0.00807321
0.00902396
0.00994063
0.010822
0.0116671
0.0124747
0.0132439
0.0139739
0.0146639
0.0153132
0.0159212
0.0164876
0.017012
0.0174943
0.0179343
0.0183321
0.0186879
0.0190022
0.0192754
0.0195081
0.0197011
0.0198554
0.0199718
0.0200517
0.0200962
0.0201068
0.0200847
0.0200317
0.0199492
0.0198389
0.0197024
0.0195414
0.0193576
0.0191526
0.0189281
0.0186857
0.0184268
0.0181529
0.0178655
0.0175658
0.0172549
0.0169341
0.0166043
0.0162663
0.0159209
0.0155688
0.0152104
0.0148461
0.0144762
0.014101
0.0137203
0.0133343
0.0129428
0.0125455
0.0121422
0.0117324
0.0113156
0.0108915
0.0104593
0.0100185
0.00956851
0.00910854
0.00863797
0.00815608
0.00766218
0.00715554
0.00663545
0.00610117
0.00555185
0.00498668
0.00440419
0.00380419
0.00317957
0.00254625
0.0018243
0.00128698
-0.000285479
-0.194232
-0.196154
-0.197514
-0.19853
-0.199342
-0.199973
-0.200408
-0.200653
-0.200727
-0.200635
-0.200375
-0.199946
-0.199354
-0.198601
-0.197688
-0.196617
-0.195389
-0.194005
-0.192466
-0.19077
-0.188919
-0.186912
-0.184749
-0.18243
-0.179955
-0.177326
-0.174543
-0.17161
-0.16853
-0.165308
-0.161948
-0.158459
-0.154849
-0.15113
-0.147312
-0.14341
-0.139441
-0.13542
-0.131367
-0.127302
-0.123246
-0.11922
-0.115247
-0.111347
-0.107541
-0.103848
-0.100286
-0.0968679
-0.0936064
-0.0905094
-0.087582
-0.0848257
-0.0822387
-0.0798164
-0.077552
-0.0754364
-0.0734592
-0.0716093
-0.0698751
-0.068245
-0.0667078
-0.0652529
-0.0638701
-0.0625505
-0.0612856
-0.0600677
-0.0588901
-0.0577464
-0.0566311
-0.0555391
-0.0544656
-0.0534066
-0.052358
-0.0513165
-0.0502789
-0.0492421
-0.0482036
-0.0471611
-0.0461122
-0.0450552
-0.0439883
-0.0429103
-0.0418196
-0.0407154
-0.039597
-0.0384637
-0.0373151
-0.0361509
-0.0349711
-0.0337759
-0.0325655
-0.0313405
-0.0301013
-0.0288488
-0.0275838
-0.0263073
-0.0250204
-0.0237242
-0.0224202
-0.0211095
-0.0197937
-0.0184743
-0.0171527
-0.0158306
-0.0145095
-0.0131911
-0.0118771
-0.0105691
-0.00926879
-0.0079779
-0.00669811
-0.00543108
-0.0041785
-0.00294203
-0.00172333
-0.00052402
0.000654274
0.00180997
0.00294149
0.00404731
0.00512593
0.00617589
0.00719576
0.00818419
0.00913983
0.0100614
0.0109478
0.0117978
0.0126104
0.0133846
0.0141195
0.0148144
0.0154684
0.0160812
0.0166522
0.017181
0.0176675
0.0181116
0.0185133
0.0188728
0.0191905
0.0194668
0.0197023
0.0198979
0.0200543
0.0201727
0.0202541
0.0202999
0.0203113
0.0202897
0.0202369
0.0201542
0.0200434
0.019906
0.0197439
0.0195587
0.019352
0.0191255
0.0188808
0.0186195
0.0183431
0.0180529
0.0177502
0.0174363
0.0171123
0.0167792
0.0164379
0.0160891
0.0157334
0.0153714
0.0150035
0.0146298
0.0142507
0.0138661
0.0134761
0.0130803
0.0126787
0.0122707
0.0118561
0.0114344
0.011005
0.0105673
0.0101207
0.00966449
0.00919809
0.00872077
0.00823183
0.00773058
0.00721634
0.00668842
0.00614613
0.00558872
0.00501546
0.00442508
0.00381743
0.00318624
0.00254577
0.00182359
0.0012697
-0.000242612
-0.19225
-0.194355
-0.195956
-0.197197
-0.198183
-0.198946
-0.199485
-0.19981
-0.199937
-0.199877
-0.199631
-0.199205
-0.198602
-0.197828
-0.196886
-0.195778
-0.194507
-0.193075
-0.191482
-0.189731
-0.18782
-0.185752
-0.183527
-0.181146
-0.178611
-0.175922
-0.173084
-0.170099
-0.166971
-0.163708
-0.160315
-0.156802
-0.153178
-0.149454
-0.145645
-0.141765
-0.137831
-0.133859
-0.129869
-0.125881
-0.121915
-0.117991
-0.114129
-0.110349
-0.106668
-0.103103
-0.0996691
-0.0963763
-0.093234
-0.090248
-0.0874211
-0.0847533
-0.0822419
-0.079882
-0.0776668
-0.0755882
-0.0736369
-0.071803
-0.0700765
-0.0684474
-0.0669059
-0.0654428
-0.0640492
-0.062717
-0.0614386
-0.0602069
-0.0590157
-0.057859
-0.0567313
-0.0556276
-0.0545435
-0.0534746
-0.0524171
-0.0513675
-0.0503225
-0.0492791
-0.0482345
-0.0471865
-0.0461327
-0.0450713
-0.0440003
-0.0429186
-0.0418245
-0.0407173
-0.039596
-0.0384601
-0.037309
-0.0361426
-0.0349607
-0.0337635
-0.0325512
-0.0313243
-0.0300833
-0.0288291
-0.0275623
-0.0262841
-0.0249954
-0.0236975
-0.0223917
-0.0210792
-0.0197615
-0.01844
-0.0171164
-0.0157921
-0.0144688
-0.0131482
-0.0118317
-0.0105212
-0.00921835
-0.00792478
-0.00664219
-0.00537227
-0.00411671
-0.00287717
-0.0016553
-0.000452746
0.00072888
0.00188798
0.00302299
0.00413236
0.00521459
0.00626821
0.00729179
0.00828396
0.00924338
0.0101688
0.011059
0.0119128
0.0127291
0.0135071
0.0142457
0.0149442
0.0156018
0.0162181
0.0167924
0.0173245
0.0178141
0.0182611
0.0186656
0.0190277
0.0193477
0.0196262
0.0198637
0.0200609
0.0202188
0.0203383
0.0204206
0.020467
0.0204787
0.0204572
0.0204041
0.0203209
0.0202093
0.0200709
0.0199075
0.0197207
0.0195122
0.0192838
0.0190369
0.0187732
0.0184942
0.0182013
0.0178958
0.017579
0.0172519
0.0169157
0.0165711
0.0162189
0.0158598
0.0154943
0.0151227
0.0147455
0.0143626
0.0139742
0.0135801
0.0131803
0.0127743
0.012362
0.0119429
0.0115164
0.011082
0.0106392
0.0101872
0.00972553
0.00925339
0.00877013
0.00827507
0.00776754
0.00724689
0.00671247
0.00616365
0.00559976
0.00502016
0.0044238
0.00381058
0.0031752
0.00253007
0.00181186
0.00124217
-0.000186769
-0.190629
-0.192878
-0.194668
-0.196093
-0.197228
-0.198105
-0.198735
-0.19913
-0.199306
-0.199275
-0.199045
-0.198622
-0.198013
-0.197224
-0.19626
-0.195125
-0.193822
-0.192353
-0.190721
-0.188928
-0.186975
-0.184863
-0.182595
-0.180171
-0.177594
-0.174866
-0.171992
-0.168975
-0.165821
-0.162537
-0.15913
-0.15561
-0.151987
-0.148274
-0.144486
-0.140636
-0.136741
-0.13282
-0.12889
-0.124971
-0.121081
-0.117241
-0.113468
-0.10978
-0.106193
-0.102722
-0.0993777
-0.0961704
-0.0931069
-0.0901917
-0.0874265
-0.0848107
-0.0823415
-0.0800142
-0.0778226
-0.0757594
-0.0738164
-0.0719848
-0.0702558
-0.0686204
-0.06707
-0.0655961
-0.0641906
-0.0628461
-0.0615553
-0.0603116
-0.0591089
-0.0579412
-0.0568034
-0.0556904
-0.0545977
-0.053521
-0.0524563
-0.0514002
-0.0503493
-0.0493005
-0.0482511
-0.0471986
-0.0461408
-0.0450756
-0.0440013
-0.0429167
-0.0418195
-0.0407096
-0.0395859
-0.0384478
-0.0372946
-0.0361262
-0.0349425
-0.0337435
-0.0325296
-0.0313011
-0.0300586
-0.0288028
-0.0275346
-0.0262549
-0.0249648
-0.0236655
-0.0223581
-0.0210441
-0.0197248
-0.0184018
-0.0170765
-0.0157505
-0.0144255
-0.0131029
-0.0117846
-0.0104721
-0.00916716
-0.00787144
-0.00658665
-0.00531446
-0.00405655
-0.00281459
-0.00159025
-0.000385159
0.000799058
0.0019608
0.0030985
0.0042106
0.00529559
0.006352
0.0073784
0.00837339
0.00933564
0.0102639
0.0111569
0.0120135
0.0128326
0.0136132
0.0143545
0.0150556
0.0157158
0.0163344
0.0169111
0.0174454
0.0179371
0.018386
0.0187923
0.019156
0.0194776
0.0197573
0.0199959
0.020194
0.0203526
0.0204726
0.0205552
0.0206016
0.0206131
0.0205912
0.0205375
0.0204535
0.0203408
0.0202011
0.0200362
0.0198478
0.0196374
0.0194069
0.0191579
0.0188918
0.0186103
0.0183148
0.0180065
0.0176868
0.0173568
0.0170174
0.0166697
0.0163142
0.0159518
0.0155829
0.0152078
0.014827
0.0144405
0.0140483
0.0136504
0.0132466
0.0128366
0.0124201
0.0119967
0.0115658
0.0111269
0.0106794
0.0102227
0.00975613
0.009279
0.00879066
0.00829045
0.00777773
0.00725187
0.00671227
0.00615834
0.00558948
0.00500517
0.00440452
0.00378752
0.00314989
0.00250211
0.00179097
0.00120686
-0.000122899
-0.189384
-0.191744
-0.193679
-0.195248
-0.196503
-0.197476
-0.198181
-0.198633
-0.198849
-0.198844
-0.198628
-0.19821
-0.197598
-0.1968
-0.195821
-0.194668
-0.193343
-0.19185
-0.190192
-0.188371
-0.18639
-0.184251
-0.181955
-0.179505
-0.176904
-0.174155
-0.171261
-0.16823
-0.165065
-0.161774
-0.158367
-0.154851
-0.15124
-0.147546
-0.143781
-0.139963
-0.136107
-0.13223
-0.12835
-0.124487
-0.120657
-0.116879
-0.11317
-0.109547
-0.106023
-0.102612
-0.0993247
-0.096169
-0.0931512
-0.090275
-0.0875418
-0.084951
-0.0825
-0.0801846
-0.0779992
-0.0759373
-0.0739915
-0.072154
-0.0704166
-0.0687712
-0.0672096
-0.0657241
-0.0643069
-0.0629508
-0.0616488
-0.0603946
-0.059182
-0.0580052
-0.0568589
-0.0557382
-0.0546384
-0.0535552
-0.0524847
-0.0514232
-0.0503674
-0.0493141
-0.0482606
-0.0472043
-0.046143
-0.0450746
-0.0439973
-0.0429093
-0.0418102
-0.0406981
-0.0395722
-0.0384319
-0.0372768
-0.0361066
-0.0349211
-0.0337205
-0.032505
-0.031275
-0.0300311
-0.0287739
-0.0275043
-0.0262233
-0.0249318
-0.0236312
-0.0223225
-0.0210071
-0.0196865
-0.018362
-0.0170353
-0.0157078
-0.0143813
-0.0130572
-0.0117372
-0.0104231
-0.00911645
-0.00781899
-0.0065324
-0.00525837
-0.00399858
-0.00275469
-0.00152838
-0.000321289
0.00086496
0.00202876
0.00316853
0.00428273
0.00536983
0.00642835
0.00745685
0.00845394
0.00941827
0.0103485
0.0112436
0.0121021
0.0129232
0.0137057
0.0144488
0.0151516
0.0158134
0.0164337
0.0170118
0.0175474
0.0180403
0.0184904
0.0188977
0.0192622
0.0195844
0.0198647
0.0201037
0.0203021
0.0204607
0.0205806
0.0206629
0.0207088
0.0207197
0.020697
0.0206422
0.0205571
0.020443
0.0203019
0.0201353
0.0199451
0.0197328
0.0195002
0.0192488
0.0189804
0.0186964
0.0183983
0.0180873
0.0177648
0.0174319
0.0170895
0.0167387
0.0163801
0.0160144
0.0156422
0.0152638
0.0148794
0.0144894
0.0140936
0.0136921
0.0132845
0.0128707
0.0124503
0.0120229
0.011588
0.0111451
0.0106935
0.0102326
0.00976179
0.00928045
0.0087879
0.0082835
0.00776663
0.0072367
0.00669313
0.00613539
0.00556293
0.00497529
0.00437178
0.0037524
0.00311392
0.00246495
0.00176269
0.0011659
-5.71475e-05
-0.188512
-0.190955
-0.192996
-0.194672
-0.196019
-0.197063
-0.197825
-0.198321
-0.198569
-0.198584
-0.19838
-0.197967
-0.197355
-0.196553
-0.195567
-0.194402
-0.193065
-0.191558
-0.189885
-0.188049
-0.186053
-0.183899
-0.181589
-0.179127
-0.176515
-0.173757
-0.170857
-0.167822
-0.164657
-0.16137
-0.157969
-0.154465
-0.150869
-0.147194
-0.143453
-0.139662
-0.135837
-0.131995
-0.128153
-0.124328
-0.120539
-0.116802
-0.113134
-0.10955
-0.106063
-0.102686
-0.0994283
-0.0962982
-0.0933012
-0.090441
-0.0877191
-0.085135
-0.0826865
-0.0803698
-0.0781801
-0.0761113
-0.0741566
-0.0723088
-0.0705602
-0.0689032
-0.06733
-0.0658329
-0.0644047
-0.0630381
-0.0617263
-0.0604629
-0.0592419
-0.0580574
-0.056904
-0.0557769
-0.0546712
-0.0535827
-0.0525073
-0.0514413
-0.0503814
-0.0493243
-0.0482673
-0.0472078
-0.0461435
-0.0450723
-0.0439924
-0.0429021
-0.0418005
-0.0406862
-0.0395582
-0.038416
-0.037259
-0.036087
-0.0348999
-0.0336977
-0.0324806
-0.0312491
-0.0300037
-0.0287451
-0.0274742
-0.0261918
-0.024899
-0.0235969
-0.0222869
-0.0209702
-0.0196483
-0.0183225
-0.0169944
-0.0156656
-0.0143376
-0.0130121
-0.0116907
-0.0103751
-0.00906697
-0.00776798
-0.00647984
-0.00520423
-0.00394284
-0.00269734
-0.0014694
-0.00026066
0.000927241
0.0020927
0.00323413
0.00434997
0.0054387
0.00649884
0.00752894
0.00852759
0.00949344
0.0104252
0.0113216
0.0121816
0.013004
0.0137877
0.014532
0.0152359
0.0158987
0.0165198
0.0170987
0.017635
0.0181285
0.018579
0.0189866
0.0193513
0.0196736
0.0199538
0.0201926
0.0203906
0.0205487
0.020668
0.0207495
0.0207945
0.0208044
0.0207805
0.0207245
0.0206378
0.0205222
0.0203793
0.0202109
0.0200187
0.0198043
0.0195695
0.0193159
0.0190451
0.0187586
0.0184578
0.0181442
0.0178189
0.0174831
0.0171378
0.016784
0.0164223
0.0160535
0.0156781
0.0152965
0.0149087
0.0145153
0.0141161
0.013711
0.0133
0.0128826
0.0124587
0.0120277
0.0115892
0.0111426
0.0106874
0.0102229
0.00974863
0.00926382
0.00876787
0.00826017
0.0077401
0.00720711
0.00666064
0.00610017
0.00552523
0.00493538
0.00433008
0.00370936
0.00307089
0.00242154
0.00172863
0.00112077
3.89198e-06
-0.187983
-0.190486
-0.192601
-0.194349
-0.195759
-0.196854
-0.197655
-0.198181
-0.198451
-0.198482
-0.198287
-0.197879
-0.197269
-0.196465
-0.195476
-0.194308
-0.192965
-0.191452
-0.189773
-0.187931
-0.185929
-0.18377
-0.181455
-0.17899
-0.176376
-0.173617
-0.170719
-0.167687
-0.164527
-0.161248
-0.157857
-0.154365
-0.150783
-0.147125
-0.143403
-0.139632
-0.135829
-0.13201
-0.128191
-0.12439
-0.120625
-0.11691
-0.113263
-0.109698
-0.106228
-0.102865
-0.0996182
-0.0964956
-0.093503
-0.0906441
-0.0879204
-0.085332
-0.0828768
-0.0805517
-0.0783521
-0.0762723
-0.074306
-0.0724463
-0.0706859
-0.0690172
-0.0674329
-0.0659252
-0.064487
-0.0631112
-0.061791
-0.0605199
-0.0592917
-0.0581008
-0.0569416
-0.0558092
-0.0546987
-0.0536058
-0.0525265
-0.0514568
-0.0503935
-0.0493333
-0.0482734
-0.0472112
-0.0461443
-0.0450707
-0.0439885
-0.0428962
-0.0417924
-0.040676
-0.0395462
-0.0384021
-0.0372434
-0.0360696
-0.0348808
-0.033677
-0.0324583
-0.0312253
-0.0299784
-0.0287183
-0.0274459
-0.0261621
-0.0248679
-0.0235645
-0.022253
-0.020935
-0.0196116
-0.0182845
-0.016955
-0.0156248
-0.0142954
-0.0129685
-0.0116457
-0.0103286
-0.00901905
-0.00771862
-0.00642903
-0.00515196
-0.00388911
-0.00264214
-0.00141274
-0.000202552
0.000986791
0.00215368
0.00329651
0.00441374
0.00550382
0.00656527
0.00759664
0.00859651
0.00956354
0.0104964
0.0113939
0.0122548
0.0130781
0.0138626
0.0146076
0.0153121
0.0159754
0.016597
0.0171762
0.0177127
0.0182062
0.0186567
0.0190641
0.0194286
0.0197504
0.0200301
0.0202682
0.0204654
0.0206227
0.0207409
0.0208213
0.020865
0.0208735
0.0208481
0.0207905
0.0207021
0.0205847
0.0204399
0.0202695
0.0200751
0.0198586
0.0196215
0.0193655
0.0190922
0.0188031
0.0184998
0.0181834
0.0178554
0.0175168
0.0171686
0.0168118
0.0164471
0.0160753
0.0156968
0.0153123
0.0149211
0.0145245
0.014122
0.0137137
0.0132994
0.0128788
0.0124516
0.0120174
0.0115757
0.011126
0.0106677
0.0102003
0.00972305
0.00923544
0.0087368
0.00822655
0.00770409
0.00716886
0.00662033
0.00605801
0.00548143
0.0048902
0.00428387
0.00366244
0.00302436
0.00237486
0.00169053
0.00107245
5.42126e-05
-0.187746
-0.190287
-0.192447
-0.194241
-0.195689
-0.196815
-0.19764
-0.198184
-0.198468
-0.198508
-0.19832
-0.197916
-0.197309
-0.196506
-0.195517
-0.194348
-0.193005
-0.191491
-0.189812
-0.187969
-0.185967
-0.183808
-0.181495
-0.179031
-0.17642
-0.173665
-0.170772
-0.167746
-0.164593
-0.161322
-0.15794
-0.154458
-0.150888
-0.147241
-0.143531
-0.139773
-0.135983
-0.132176
-0.12837
-0.124581
-0.120825
-0.11712
-0.11348
-0.10992
-0.106453
-0.10309
-0.0998421
-0.0967162
-0.0937181
-0.090852
-0.0881195
-0.085521
-0.0830548
-0.0807179
-0.0785061
-0.076414
-0.0744356
-0.0725641
-0.0707923
-0.0691129
-0.0675185
-0.0660016
-0.0645548
-0.0631712
-0.061844
-0.0605665
-0.0593326
-0.0581366
-0.0569728
-0.0558362
-0.054722
-0.0536257
-0.0525432
-0.0514707
-0.0504048
-0.0493421
-0.0482799
-0.0472155
-0.0461465
-0.0450709
-0.0439868
-0.0428926
-0.041787
-0.0406688
-0.0395372
-0.0383914
-0.037231
-0.0360556
-0.0348651
-0.0336596
-0.0324393
-0.0312047
-0.0299562
-0.0286945
-0.0274205
-0.0261351
-0.0248393
-0.0235343
-0.0222214
-0.0209017
-0.0195768
-0.0182481
-0.0169171
-0.0155853
-0.0142544
-0.012926
-0.0116016
-0.010283
-0.00897192
-0.00766996
-0.00637885
-0.00510026
-0.00383591
-0.00258746
-0.00135659
-0.000144959
0.0010458
0.00221407
0.00335826
0.00447679
0.00556814
0.0066308
0.00766332
0.00866428
0.00963232
0.0105661
0.0114645
0.0123262
0.0131501
0.0139352
0.0146806
0.0153855
0.0160491
0.0166707
0.0172499
0.0177863
0.0182796
0.0187297
0.0191366
0.0195004
0.0198215
0.0201003
0.0203374
0.0205335
0.0206894
0.0208063
0.0208852
0.0209273
0.0209341
0.0209069
0.0208474
0.020757
0.0206375
0.0204906
0.0203179
0.0201213
0.0199023
0.0196628
0.0194043
0.0191284
0.0188367
0.0185307
0.0182116
0.0178807
0.0175393
0.0171882
0.0168285
0.0164609
0.0160861
0.0157045
0.0153165
0.0149229
0.0145232
0.0141177
0.0137064
0.0132891
0.0128655
0.0124354
0.0119983
0.0115538
0.0111013
0.0106404
0.0101704
0.00969081
0.00920092
0.00870016
0.00818794
0.00766368
0.00712682
0.00657686
0.00601329
0.00543566
0.0048436
0.00423669
0.0036149
0.00297721
0.00232737
0.00164996
0.00102078
8.79729e-05
-0.187749
-0.190316
-0.192503
-0.194321
-0.195789
-0.196931
-0.197768
-0.198322
-0.198612
-0.198657
-0.198472
-0.198071
-0.197466
-0.196665
-0.195677
-0.194509
-0.193167
-0.191655
-0.189978
-0.188137
-0.186138
-0.183982
-0.181673
-0.179213
-0.176607
-0.173858
-0.17097
-0.16795
-0.164804
-0.161539
-0.158164
-0.154689
-0.151126
-0.147485
-0.143782
-0.14003
-0.136244
-0.132441
-0.128638
-0.12485
-0.121094
-0.117387
-0.113744
-0.110179
-0.106706
-0.103336
-0.100079
-0.0969421
-0.0939325
-0.0910538
-0.0883083
-0.0856963
-0.0832166
-0.0808662
-0.0786412
-0.0765364
-0.0745459
-0.072663
-0.0708806
-0.0691915
-0.0675882
-0.0660632
-0.0646093
-0.0632193
-0.0618863
-0.0606037
-0.0593654
-0.0581655
-0.0569982
-0.0558586
-0.0547417
-0.0536429
-0.0525583
-0.0514838
-0.0504159
-0.0493515
-0.0482876
-0.0472216
-0.046151
-0.0450738
-0.0439881
-0.0428923
-0.041785
-0.0406652
-0.0395319
-0.0383845
-0.0372223
-0.0360451
-0.0348529
-0.0336456
-0.0324235
-0.031187
-0.0299366
-0.028673
-0.0273971
-0.0261097
-0.024812
-0.0235051
-0.0221901
-0.0208685
-0.0195416
-0.0182109
-0.0168779
-0.0155442
-0.0142113
-0.0128808
-0.0115545
-0.0102339
-0.00892083
-0.00761692
-0.00632387
-0.00504337
-0.00377712
-0.0025268
-0.0012941
-8.06668e-05
0.00111185
0.00228183
0.00342768
0.00454781
0.00564069
0.00670481
0.00773871
0.00874097
0.00971021
0.0106451
0.0115445
0.012407
0.0132317
0.0140174
0.0147634
0.0154686
0.0161323
0.016754
0.0173331
0.0178692
0.0183621
0.0188115
0.0192177
0.0195806
0.0199006
0.0201781
0.0204137
0.0206083
0.0207625
0.0208775
0.0209544
0.0209945
0.020999
0.0209695
0.0209075
0.0208146
0.0206924
0.0205428
0.0203673
0.0201678
0.0199459
0.0197034
0.0194419
0.019163
0.0188682
0.018559
0.0182368
0.0179028
0.0175581
0.0172038
0.0168409
0.0164701
0.016092
0.0157072
0.0153161
0.0149192
0.0145164
0.0141078
0.0136934
0.013273
0.0128465
0.0124135
0.0119736
0.0115264
0.0110714
0.010608
0.0101357
0.00965392
0.00916202
0.00865943
0.00814555
0.00761981
0.00708167
0.0065306
0.00596613
0.00538779
0.00479518
0.00418794
0.00356593
0.00292847
0.00227797
0.00160518
0.000961683
9.4643e-05
-0.18795
-0.190537
-0.19274
-0.194571
-0.196048
-0.197195
-0.198036
-0.198591
-0.198882
-0.198927
-0.198742
-0.198341
-0.197735
-0.196934
-0.195947
-0.19478
-0.193439
-0.191929
-0.190254
-0.188417
-0.186421
-0.184269
-0.181964
-0.179509
-0.176907
-0.174163
-0.17128
-0.168265
-0.165124
-0.161863
-0.158492
-0.155021
-0.15146
-0.147821
-0.144119
-0.140366
-0.136579
-0.132773
-0.128964
-0.12517
-0.121407
-0.117691
-0.114037
-0.11046
-0.106974
-0.10359
-0.100317
-0.0971652
-0.0941397
-0.0912449
-0.0884835
-0.0858558
-0.0833609
-0.0809961
-0.0787574
-0.0766398
-0.0746375
-0.0727437
-0.0709516
-0.0692537
-0.0676426
-0.0661108
-0.0646509
-0.0632557
-0.0619183
-0.060632
-0.0593906
-0.0581879
-0.0570184
-0.0558768
-0.0547582
-0.053658
-0.052572
-0.0514964
-0.0504274
-0.0493619
-0.048297
-0.0472298
-0.0461581
-0.0450796
-0.0439926
-0.0428955
-0.0417868
-0.0406655
-0.0395305
-0.0383813
-0.0372174
-0.0360383
-0.034844
-0.0336347
-0.0324104
-0.0311717
-0.0299191
-0.0286532
-0.0273748
-0.0260851
-0.0247849
-0.0234754
-0.0221579
-0.0208338
-0.0195043
-0.018171
-0.0168354
-0.015499
-0.0141635
-0.0128304
-0.0115014
-0.0101783
-0.00886257
-0.00755606
-0.00626044
-0.00497739
-0.00370862
-0.00245582
-0.00122067
-4.83379e-06
0.00119003
0.00236231
0.00351037
0.00463265
0.0057276
0.00679369
0.00782947
0.00883348
0.00980437
0.0107408
0.0116415
0.0125053
0.013331
0.0141177
0.0148643
0.01557
0.0162341
0.0168559
0.017435
0.0179708
0.0184631
0.0189119
0.019317
0.0196788
0.0199974
0.0202733
0.0205071
0.0206996
0.0208516
0.0209642
0.0210385
0.0210758
0.0210774
0.0210449
0.0209797
0.0208835
0.0207579
0.0206047
0.0204257
0.0202225
0.0199969
0.0197506
0.0194853
0.0192026
0.0189039
0.0185909
0.0182648
0.0179269
0.0175784
0.0172204
0.0168536
0.016479
0.0160973
0.0157089
0.0153139
0.0149134
0.0145071
0.0140951
0.0136773
0.0132537
0.012824
0.012388
0.0119452
0.0114952
0.0110375
0.0105717
0.0100971
0.00961315
0.00911931
0.00861497
0.00809954
0.00757246
0.00703319
0.00648119
0.00591598
0.0053371
0.00474412
0.00413666
0.0035145
0.00287706
0.00222583
0.00155463
0.000895153
6.42159e-05
-0.208722
-0.208924
-0.209059
-0.209148
-0.209188
-0.20919
-0.209158
-0.209091
-0.208985
-0.208838
-0.208645
-0.208403
-0.208111
-0.207765
-0.207364
-0.206906
-0.206389
-0.205812
-0.205173
-0.20447
-0.203702
-0.202868
-0.201964
-0.20099
-0.199943
-0.198821
-0.19762
-0.196338
-0.19497
-0.193513
-0.191961
-0.190308
-0.188547
-0.186668
-0.18466
-0.182511
-0.180204
-0.177719
-0.175035
-0.172122
-0.168951
-0.165485
-0.161684
-0.157506
-0.152906
-0.14784
-0.142265
-0.136146
-0.129455
-0.122178
-0.114319
-0.1059
-0.0969657
-0.087586
-0.0778535
-0.0678833
-0.057809
-0.0477774
-0.0379426
-0.0284671
-0.0194996
-0.0111775
-0.00361919
0.00308062
0.0088548
0.0136647
0.0175001
0.0203782
0.0223414
0.0234526
0.0237908
0.0234462
0.0225158
0.0210988
0.0192933
0.0171928
0.0148843
0.0124462
0.00994786
0.00744881
0.00499902
0.00263933
0.000399768
-0.00169177
-0.00361967
-0.00537276
-0.00694434
-0.00833204
-0.00953694
-0.0105628
-0.0114156
-0.0121028
-0.012633
-0.0130156
-0.0132603
-0.0133773
-0.0133767
-0.0132683
-0.0130618
-0.0127667
-0.0123921
-0.0119464
-0.0114378
-0.0108742
-0.0102626
-0.0096101
-0.00892291
-0.00820705
-0.00746807
-0.00671112
-0.005941
-0.00516213
-0.00437858
-0.00359413
-0.00281222
-0.00203599
-0.00126832
-0.000511824
0.000231143
0.00095846
0.00166823
0.00235878
0.00302862
0.00367646
0.00430118
0.00490182
0.00547761
0.00602789
0.00655216
0.00705003
0.00752126
0.00796568
0.00838325
0.00877404
0.00913817
0.00947587
0.00978744
0.0100732
0.0103337
0.0105693
0.0107805
0.0109679
0.0111321
0.0112738
0.0113935
0.0114919
0.0115698
0.0116276
0.0116662
0.0116861
0.011688
0.0116726
0.0116404
0.011592
0.0115279
0.0114487
0.0113548
0.0112468
0.0111252
0.0109903
0.0108426
0.0106825
0.0105104
0.0103266
0.0101317
0.00992592
0.00970978
0.00948369
0.00924808
0.00900344
0.00875024
0.00848898
0.00822021
0.00794448
0.00766236
0.00737445
0.0070814
0.00678386
0.00648251
0.00617808
0.0058713
0.00556295
0.00525383
0.00494473
0.00463647
0.00432985
0.00402566
0.00372463
0.00342744
0.00313464
0.00284669
0.00256384
0.00228614
0.0020134
0.00174494
0.00148031
0.00121556
0.000958642
0.000655125
0.000595086
-0.20869
-0.208865
-0.20897
-0.209045
-0.20908
-0.209082
-0.209051
-0.208985
-0.20888
-0.208734
-0.208543
-0.208303
-0.208012
-0.207667
-0.207267
-0.20681
-0.206295
-0.205718
-0.20508
-0.204378
-0.20361
-0.202775
-0.201872
-0.200897
-0.19985
-0.198726
-0.197524
-0.19624
-0.19487
-0.19341
-0.191855
-0.190198
-0.188432
-0.186548
-0.184535
-0.182379
-0.180066
-0.177575
-0.174885
-0.171967
-0.168793
-0.165326
-0.161529
-0.157358
-0.152771
-0.147723
-0.142174
-0.136087
-0.129436
-0.122206
-0.1144
-0.106038
-0.0971654
-0.0878485
-0.0781789
-0.0682699
-0.0582534
-0.0482749
-0.0384854
-0.0290492
-0.020113
-0.0118137
-0.00427014
0.00242281
0.00819729
0.013014
0.0168628
0.0197611
0.0217508
0.0228939
0.0232685
0.0229641
0.0220766
0.0207045
0.0189448
0.0168903
0.014627
0.0122329
0.00977655
0.00731713
0.00490413
0.00257793
0.000371324
-0.00169256
-0.00359502
-0.00532596
-0.00687826
-0.00824931
-0.00944003
-0.010454
-0.011297
-0.0119762
-0.0125
-0.0128777
-0.0131189
-0.0132335
-0.0132314
-0.0131225
-0.0129162
-0.0126219
-0.0122486
-0.0118047
-0.0112983
-0.0107372
-0.0101284
-0.00947889
-0.00879487
-0.00808232
-0.00734676
-0.00659333
-0.00582679
-0.00505154
-0.00427166
-0.00349088
-0.00271265
-0.00194011
-0.00117611
-0.000423264
0.00031608
0.00103981
0.00174602
0.00243306
0.00309944
0.00374387
0.00436522
0.00496257
0.00553512
0.00608223
0.00660339
0.00709823
0.00756649
0.00800802
0.00842278
0.00881083
0.00917229
0.00950741
0.00981646
0.0100998
0.0103579
0.0105912
0.0108002
0.0109855
0.0111476
0.0112873
0.011405
0.0115016
0.0115776
0.0116337
0.0116705
0.0116888
0.0116891
0.0116721
0.0116383
0.0115885
0.0115231
0.0114424
0.0113473
0.011238
0.0111151
0.0109791
0.0108302
0.010669
0.0104958
0.010311
0.010115
0.00990819
0.00969105
0.00946396
0.00922736
0.00898173
0.00872753
0.00846527
0.00819547
0.00791868
0.00763547
0.00734645
0.00705222
0.00675345
0.0064508
0.00614499
0.00583675
0.00552684
0.00521604
0.00490514
0.00459494
0.00428624
0.00397981
0.00367639
0.00337663
0.0030811
0.00279024
0.00250431
0.00222335
0.00194718
0.00167502
0.00140664
0.00113674
0.000878437
0.000546797
0.000541092
-0.208634
-0.208814
-0.208901
-0.208965
-0.208996
-0.208997
-0.208968
-0.208904
-0.208802
-0.208658
-0.208468
-0.20823
-0.207941
-0.207598
-0.2072
-0.206744
-0.20623
-0.205654
-0.205017
-0.204316
-0.203549
-0.202715
-0.201811
-0.200837
-0.199789
-0.198666
-0.197463
-0.196178
-0.194808
-0.193347
-0.19179
-0.190132
-0.188364
-0.186479
-0.184464
-0.182308
-0.179994
-0.177505
-0.174817
-0.171905
-0.168739
-0.165285
-0.161504
-0.157354
-0.152793
-0.147777
-0.142263
-0.136216
-0.129608
-0.122422
-0.114661
-0.106343
-0.0975109
-0.0882316
-0.0785954
-0.0687148
-0.058722
-0.0487625
-0.0389838
-0.0295578
-0.0206277
-0.0123315
-0.00478757
0.00190884
0.00768962
0.0125152
0.016375
0.0192865
0.0212912
0.0224513
0.0228451
0.0225617
0.0216973
0.02035
0.0186166
0.0165897
0.0143548
0.0119896
0.00956234
0.00713175
0.00474708
0.00244855
0.000267967
-0.00177324
-0.00365233
-0.00536172
-0.00689444
-0.00824772
-0.00942238
-0.010422
-0.0112523
-0.0119203
-0.0124345
-0.0128038
-0.0130379
-0.0131466
-0.0131395
-0.0130265
-0.0128171
-0.0125203
-0.0121452
-0.0117001
-0.0111931
-0.0106317
-0.0100231
-0.00937404
-0.00869084
-0.00797939
-0.00724516
-0.00649326
-0.00572843
-0.00495506
-0.00417719
-0.00339856
-0.00262256
-0.00185234
-0.00109075
-0.000340367
0.000396453
0.00111761
0.00182123
0.00250563
0.00316935
0.00381111
0.0044298
0.00502447
0.00559435
0.00613881
0.00665733
0.00714955
0.00761522
0.0080542
0.00846643
0.00885199
0.00921101
0.00954372
0.00985042
0.0101315
0.0103873
0.0106184
0.0108252
0.0110084
0.0111685
0.0113061
0.011422
0.0115166
0.0115908
0.0116451
0.0116802
0.0116968
0.0116955
0.0116769
0.0116416
0.0115903
0.0115235
0.0114414
0.0113449
0.0112344
0.0111103
0.010973
0.010823
0.0106606
0.0104863
0.0103004
0.0101033
0.00989553
0.00967735
0.00944924
0.00921162
0.00896496
0.00870972
0.00844641
0.00817554
0.00789766
0.00761333
0.00732313
0.00702769
0.00672765
0.00642368
0.00611647
0.00580675
0.00549527
0.00518279
0.00487012
0.00455803
0.00424733
0.00393878
0.0036331
0.00333098
0.00303297
0.00273952
0.00245091
0.00216719
0.00188823
0.00161317
0.00134229
0.0010684
0.000813649
0.000458486
0.000541859
-0.208569
-0.208775
-0.208853
-0.208909
-0.208937
-0.208938
-0.20891
-0.208849
-0.208749
-0.208608
-0.208421
-0.208185
-0.207898
-0.207557
-0.207161
-0.206707
-0.206194
-0.20562
-0.204984
-0.204283
-0.203517
-0.202684
-0.201782
-0.200808
-0.199761
-0.198637
-0.197435
-0.196151
-0.19478
-0.19332
-0.191764
-0.190106
-0.188339
-0.186455
-0.184443
-0.18229
-0.179983
-0.177501
-0.174825
-0.171929
-0.168783
-0.165353
-0.161601
-0.157487
-0.152966
-0.147993
-0.142526
-0.136527
-0.129966
-0.122826
-0.115104
-0.106821
-0.0980185
-0.0887615
-0.0791407
-0.069269
-0.0592799
-0.0493222
-0.039532
-0.0301029
-0.0211662
-0.0128621
-0.00531066
0.00139233
0.0071784
0.0120082
0.0158716
0.0187865
0.0207951
0.0219603
0.0223608
0.0220865
0.0212338
0.019901
0.0181849
0.016178
0.0139656
0.0116251
0.00922409
0.00682101
0.0044646
0.00219454
4.20125e-05
-0.00196916
-0.00382367
-0.00550706
-0.00701518
-0.00834548
-0.00949873
-0.0104786
-0.0112907
-0.0119422
-0.0124414
-0.0127974
-0.0130195
-0.0131174
-0.013101
-0.0129797
-0.012763
-0.0124601
-0.0120795
-0.0116298
-0.0111189
-0.0105543
-0.00994307
-0.00929191
-0.00860706
-0.00789439
-0.00715932
-0.00640693
-0.00564192
-0.00486865
-0.00409114
-0.00331309
-0.00253789
-0.00176866
-0.00100822
-0.000259164
0.000476193
0.00119576
0.00189767
0.00258026
0.00324207
0.00388185
0.00449847
0.00509101
0.00565872
0.00620095
0.00671721
0.00720714
0.0076705
0.00810714
0.00851705
0.00890026
0.00925696
0.00958735
0.00989174
0.0101705
0.0104241
0.0106529
0.0108575
0.0110386
0.0111965
0.0113321
0.0114459
0.0115385
0.0116107
0.0116631
0.0116964
0.0117112
0.0117081
0.0116878
0.011651
0.011598
0.0115298
0.0114461
0.0113482
0.0112362
0.0111108
0.0109722
0.0108209
0.0106573
0.0104818
0.0102947
0.0100965
0.00988759
0.00966828
0.00943905
0.00920032
0.00895253
0.00869617
0.00843172
0.00815968
0.00788061
0.00759506
0.00730361
0.00700687
0.00670548
0.00640009
0.00609141
0.00578014
0.00546703
0.00515284
0.00483836
0.00452438
0.00421168
0.00390103
0.00359316
0.00328876
0.0029884
0.00269254
0.0024015
0.00211534
0.00183404
0.0015567
0.00128436
0.00100787
0.000759708
0.000388732
0.000575502
-0.208509
-0.208753
-0.208824
-0.208875
-0.208901
-0.208903
-0.208877
-0.208819
-0.208723
-0.208585
-0.208401
-0.208167
-0.207882
-0.207543
-0.207149
-0.206696
-0.206185
-0.205612
-0.204977
-0.204277
-0.203512
-0.20268
-0.201778
-0.200805
-0.199759
-0.198637
-0.197435
-0.196152
-0.194782
-0.193323
-0.191768
-0.190112
-0.188348
-0.186468
-0.184462
-0.182317
-0.18002
-0.177553
-0.174896
-0.172023
-0.168906
-0.165511
-0.1618
-0.157731
-0.153261
-0.148341
-0.142928
-0.136983
-0.130472
-0.123377
-0.115695
-0.107444
-0.0986659
-0.0894259
-0.0798151
-0.0699479
-0.0599596
-0.0500076
-0.0401962
-0.0307712
-0.0218328
-0.0135286
-0.00597966
0.000717947
0.00649632
0.011317
0.0151709
0.018077
0.0200788
0.02124
0.0216403
0.0213704
0.0205269
0.0192083
0.0175115
0.0155285
0.0133442
0.0110353
0.00866894
0.00630262
0.0039844
0.00175325
-0.000360253
-0.00233305
-0.00414955
-0.00579653
-0.00726969
-0.00856691
-0.0096891
-0.01064
-0.0114253
-0.0120521
-0.0125287
-0.012864
-0.0130674
-0.0131485
-0.0131168
-0.0129819
-0.0127531
-0.0124392
-0.0120491
-0.0115909
-0.0110725
-0.0105012
-0.00988426
-0.0092281
-0.00853894
-0.00782256
-0.00708435
-0.00632933
-0.00556216
-0.00478716
-0.0040083
-0.00322926
-0.0024534
-0.0016838
-0.000923293
-0.000174413
0.000560524
0.00127945
0.00198051
0.00266206
0.00332267
0.00396107
0.00457617
0.00516707
0.00573299
0.00627334
0.00678762
0.00727548
0.00773669
0.00817113
0.00857877
0.00895968
0.00931402
0.00964204
0.00994404
0.0102204
0.0104716
0.010698
0.0109002
0.0110789
0.0112345
0.0113677
0.0114792
0.0115696
0.0116396
0.0116899
0.011721
0.0117337
0.0117286
0.0117064
0.0116676
0.0116128
0.0115431
0.0114574
0.0113578
0.0112442
0.0111172
0.0109771
0.0108243
0.0106593
0.0104824
0.0102939
0.0100944
0.00988412
0.0096635
0.00943297
0.00919293
0.00894385
0.00868618
0.00842041
0.00814704
0.00786661
0.00757968
0.00728682
0.00698863
0.00668574
0.00637881
0.00606852
0.00575558
0.00544072
0.00512471
0.00480832
0.00449234
0.00417755
0.00386473
0.00355461
0.00324788
0.00294514
0.00264686
0.0023534
0.00206489
0.00178142
0.00150212
0.00122893
0.000950961
0.000711138
0.000328981
0.000620315
-0.208469
-0.208755
-0.208822
-0.208871
-0.208896
-0.2089
-0.208877
-0.208823
-0.20873
-0.208594
-0.208412
-0.208181
-0.207898
-0.20756
-0.207167
-0.206716
-0.206205
-0.205633
-0.204999
-0.2043
-0.203536
-0.202704
-0.201803
-0.200831
-0.199786
-0.198664
-0.197464
-0.196182
-0.194814
-0.193356
-0.191804
-0.190152
-0.188393
-0.186519
-0.184521
-0.182388
-0.180106
-0.177658
-0.175025
-0.172182
-0.169101
-0.165747
-0.162084
-0.158067
-0.153651
-0.148788
-0.143431
-0.137537
-0.131074
-0.124021
-0.116375
-0.108153
-0.0993962
-0.090172
-0.0805727
-0.0707141
-0.0607327
-0.0507805
-0.0409962
-0.031577
-0.0226552
-0.0143724
-0.00684884
-0.000179751
0.00556819
0.0103582
0.0141829
0.017063
0.0190435
0.0201898
0.0205825
0.0203129
0.019478
0.0181764
0.0165045
0.0145535
0.0124077
0.0101425
0.00782414
0.00550899
0.00324401
0.00106718
-0.000991801
-0.00291075
-0.00467393
-0.00627068
-0.00769509
-0.00894587
-0.0100244
-0.0109344
-0.0116816
-0.0122733
-0.0127176
-0.0130232
-0.0131995
-0.0132559
-0.0132019
-0.0130468
-0.0127996
-0.0124693
-0.0120643
-0.0115928
-0.0110624
-0.0104805
-0.00985396
-0.00918926
-0.00849249
-0.00776936
-0.00702517
-0.00626488
-0.00549308
-0.00471403
-0.00393168
-0.00314965
-0.00237126
-0.00159957
-0.000837366
-8.71676e-05
0.000648738
0.0013683
0.00206969
0.00275129
0.00341166
0.00404957
0.00466396
0.0052539
0.00581868
0.00635768
0.00687044
0.00735663
0.00781602
0.00824849
0.00865405
0.00903278
0.00938485
0.00971051
0.0100101
0.010284
0.0105326
0.0107565
0.0109562
0.0111323
0.0112853
0.011416
0.0115249
0.0116128
0.0116802
0.011728
0.0117567
0.0117671
0.0117597
0.0117351
0.0116941
0.0116371
0.0115642
0.0114775
0.011376
0.0112605
0.0111316
0.0109897
0.0108352
0.0106684
0.0104898
0.0102998
0.0100986
0.00988678
0.00966461
0.00943253
0.00919097
0.00894037
0.00868119
0.0084139
0.00813901
0.00785705
0.00756856
0.00727413
0.00697433
0.00666981
0.0063612
0.00604918
0.00573446
0.00541776
0.00509984
0.00478147
0.00446343
0.0041465
0.00383146
0.00351905
0.00320996
0.0029048
0.00260409
0.00230822
0.00201738
0.00173185
0.0014508
0.00117721
0.000898567
0.000667835
0.000277319
0.000665966
-0.208466
-0.208795
-0.208859
-0.208906
-0.208932
-0.208937
-0.208917
-0.208865
-0.208775
-0.208641
-0.20846
-0.20823
-0.207948
-0.207611
-0.207218
-0.206767
-0.206257
-0.205685
-0.205051
-0.204353
-0.203589
-0.202757
-0.201857
-0.200885
-0.199841
-0.19872
-0.197521
-0.196241
-0.194875
-0.19342
-0.191872
-0.190224
-0.188471
-0.186606
-0.184619
-0.1825
-0.180236
-0.177811
-0.175205
-0.172396
-0.169353
-0.166043
-0.162428
-0.158462
-0.154099
-0.149287
-0.143979
-0.138132
-0.131711
-0.124694
-0.117078
-0.108882
-0.100147
-0.0909421
-0.0813615
-0.071523
-0.0615645
-0.0516379
-0.0418955
-0.0325145
-0.0236402
-0.0154112
-0.00794654
-0.00133931
0.00434607
0.00907537
0.012844
0.0156749
0.0176154
0.0187325
0.0191081
0.0188342
0.0180078
0.0167272
0.0150878
0.0131798
0.011086
0.00888033
0.00662727
0.00438167
0.002189
8.58371e-05
-0.00189935
-0.00374536
-0.00543733
-0.00696555
-0.00832432
-0.00951263
-0.0105323
-0.0113872
-0.0120832
-0.0126274
-0.0130278
-0.0132932
-0.0134326
-0.0134553
-0.0133705
-0.0131874
-0.0129149
-0.0125616
-0.0121357
-0.0116453
-0.0110978
-0.0105004
-0.00985988
-0.00918254
-0.00847434
-0.00774089
-0.00698739
-0.0062187
-0.00543935
-0.00465352
-0.00386509
-0.00307764
-0.00229445
-0.00151852
-0.000752607
7.98082e-07
0.000739439
0.00146129
0.00216455
0.00284761
0.00350907
0.00414771
0.00476248
0.00535249
0.00591702
0.0064555
0.00696746
0.00745259
0.00791069
0.00834166
0.00874551
0.00912235
0.00947237
0.00979583
0.0100931
0.0103645
0.0106106
0.0108319
0.0110289
0.0112022
0.0113524
0.0114803
0.0115864
0.0116715
0.0117361
0.0117811
0.0118071
0.0118147
0.0118046
0.0117774
0.0117337
0.0116742
0.0115991
0.0115097
0.0114059
0.0112881
0.011157
0.0110129
0.0108562
0.0106874
0.0105068
0.0103148
0.0101117
0.00989799
0.00967397
0.00944008
0.00919673
0.00894436
0.00868342
0.00841438
0.00813775
0.00785405
0.00756383
0.00726764
0.00696609
0.00665979
0.00634937
0.00603552
0.00571892
0.0054003
0.00508041
0.00476
0.00443986
0.00412076
0.00380348
0.00348874
0.00317726
0.00286965
0.00256647
0.00226815
0.00197496
0.00168737
0.00140466
0.00113079
0.000851914
0.000629925
0.000233099
0.000705651
-0.208514
-0.208884
-0.208944
-0.20899
-0.209015
-0.209022
-0.209003
-0.208951
-0.208861
-0.208727
-0.208547
-0.208316
-0.208033
-0.207695
-0.207301
-0.206849
-0.206338
-0.205766
-0.205131
-0.204432
-0.203668
-0.202836
-0.201936
-0.200965
-0.199921
-0.198801
-0.197604
-0.196325
-0.194962
-0.193511
-0.191967
-0.190325
-0.18858
-0.186724
-0.184749
-0.182646
-0.180401
-0.178
-0.175423
-0.172646
-0.169641
-0.16637
-0.1628
-0.15888
-0.15456
-0.149791
-0.144523
-0.138713
-0.132324
-0.125336
-0.117746
-0.109575
-0.100865
-0.0916872
-0.0821384
-0.0723384
-0.0624268
-0.0525566
-0.0428856
-0.0335823
-0.024796
-0.0166633
-0.00930015
-0.00279673
0.0027862
0.00741811
0.011098
0.0138522
0.0157306
0.0168023
0.0171505
0.0168676
0.0160504
0.0147963
0.0131994
0.011348
0.00932283
0.00719554
0.00502841
0.00287415
0.000776178
-0.00123073
-0.00311968
-0.00487081
-0.00647034
-0.00790946
-0.00918321
-0.0102908
-0.0112345
-0.0120183
-0.0126481
-0.0131309
-0.0134747
-0.0136879
-0.0137795
-0.0137585
-0.0136337
-0.0134141
-0.0131084
-0.0127248
-0.0122715
-0.011756
-0.0111857
-0.0105676
-0.00990822
-0.00921369
-0.00848983
-0.0077421
-0.00697558
-0.00619502
-0.00540483
-0.00460912
-0.00381169
-0.00301606
-0.00222544
-0.00144279
-0.000670822
8.80161e-05
0.000831498
0.00155763
0.00226463
0.00295092
0.00361512
0.00425602
0.0048726
0.00546399
0.00602949
0.00656853
0.00708068
0.00756565
0.00802324
0.00845339
0.00885613
0.00923157
0.00957994
0.00990152
0.0101967
0.0104658
0.0107095
0.0109281
0.0111224
0.0112928
0.0114402
0.011565
0.011668
0.01175
0.0118115
0.0118534
0.0118762
0.0118806
0.0118674
0.0118372
0.0117905
0.011728
0.0116501
0.0115577
0.011451
0.0113305
0.0111968
0.0110501
0.0108909
0.0107196
0.0105365
0.0103422
0.0101368
0.00992079
0.00969457
0.00945852
0.00921305
0.0089586
0.00869562
0.00842456
0.00814594
0.00786028
0.0075681
0.00726997
0.00696649
0.00665825
0.00634589
0.00603008
0.00571151
0.00539089
0.00506895
0.00474645
0.00442416
0.00410284
0.00378326
0.00346615
0.00315221
0.00284209
0.00253633
0.00223545
0.00193979
0.00164999
0.00136549
0.00109115
0.000811998
0.000597368
0.000195913
0.000734645
-0.20863
-0.209035
-0.209086
-0.209128
-0.209151
-0.209156
-0.209135
-0.209081
-0.208988
-0.208852
-0.208668
-0.208435
-0.208149
-0.207809
-0.207412
-0.206958
-0.206445
-0.205871
-0.205234
-0.204534
-0.203769
-0.202936
-0.202036
-0.201065
-0.200021
-0.198902
-0.197706
-0.19643
-0.19507
-0.193622
-0.192083
-0.190448
-0.188711
-0.186865
-0.184903
-0.182816
-0.18059
-0.178211
-0.17566
-0.172913
-0.169939
-0.166706
-0.163167
-0.15928
-0.154993
-0.150254
-0.145015
-0.139229
-0.132864
-0.125898
-0.118332
-0.110185
-0.101507
-0.0923685
-0.08287
-0.0731332
-0.0632996
-0.0535232
-0.0439636
-0.0347844
-0.0261347
-0.018148
-0.0109362
-0.00458483
0.000850384
0.00534386
0.00889925
0.0115469
0.0133399
0.0143495
0.0146603
0.0143648
0.0135592
0.0123393
0.0107971
0.00901828
0.00708076
0.0050533
0.00299524
0.000956472
-0.00102211
-0.002908
-0.00467627
-0.00630866
-0.00779271
-0.00912069
-0.0102885
-0.0112958
-0.0121451
-0.0128407
-0.0133883
-0.013795
-0.0140685
-0.0142171
-0.0142493
-0.0141739
-0.0139994
-0.0137343
-0.0133871
-0.0129656
-0.0124777
-0.0119308
-0.0113317
-0.0106873
-0.0100039
-0.00928739
-0.00854338
-0.00777717
-0.00699367
-0.00619749
-0.00539294
-0.00458401
-0.00377441
-0.00296756
-0.00216663
-0.00137451
-0.000593847
0.000172937
0.000923661
0.00165636
0.00236928
0.00306087
0.00372976
0.00437478
0.00499492
0.00558932
0.0061573
0.00669832
0.00721196
0.00769794
0.0081561
0.00858638
0.00898885
0.00936363
0.00971098
0.0100312
0.0103247
0.0105919
0.0108333
0.0110495
0.0112411
0.0114087
0.011553
0.0116747
0.0117745
0.0118531
0.0119112
0.0119495
0.0119688
0.0119698
0.011953
0.0119192
0.011869
0.011803
0.0117218
0.011626
0.011516
0.0113922
0.0112552
0.0111054
0.0109432
0.0107689
0.0105829
0.0103857
0.0101776
0.00995889
0.00973005
0.00949144
0.00924348
0.0089866
0.00872123
0.00844785
0.00816695
0.00787905
0.00758468
0.00728439
0.00697877
0.00666842
0.00635397
0.00603607
0.00571541
0.00539268
0.00506861
0.00474394
0.00441942
0.00409581
0.00377385
0.00345427
0.00313776
0.00282496
0.00251645
0.00221278
0.00191438
0.00162207
0.0013354
0.00106002
0.000780137
0.000570618
0.000166062
0.000750352
-0.208833
-0.209261
-0.209295
-0.209327
-0.209342
-0.209339
-0.209312
-0.209251
-0.209152
-0.209009
-0.20882
-0.208581
-0.20829
-0.207945
-0.207544
-0.207086
-0.20657
-0.205992
-0.205353
-0.204651
-0.203884
-0.20305
-0.202149
-0.201177
-0.200134
-0.199016
-0.197822
-0.196547
-0.19519
-0.193747
-0.192213
-0.190584
-0.188855
-0.18702
-0.18507
-0.182997
-0.180787
-0.178428
-0.175898
-0.173172
-0.170222
-0.167011
-0.163495
-0.159629
-0.155361
-0.150639
-0.145414
-0.139642
-0.133289
-0.12634
-0.118794
-0.110677
-0.102039
-0.092957
-0.0835321
-0.0738892
-0.0641707
-0.0545315
-0.0451308
-0.036128
-0.0276694
-0.019884
-0.0128781
-0.00673074
-0.00149127
0.00282094
0.0062152
0.00872655
0.0104117
0.0113442
0.0116096
0.0113002
0.0105109
0.00933516
0.00786214
0.00617419
0.00434549
0.00244111
0.000516789
-0.00138096
-0.00321433
-0.00495352
-0.00657589
-0.00806511
-0.0094102
-0.0106047
-0.0116453
-0.0125324
-0.0132687
-0.0138588
-0.0143082
-0.014624
-0.0148135
-0.0148847
-0.0148459
-0.0147053
-0.0144712
-0.0141516
-0.0137546
-0.0132876
-0.0127581
-0.012173
-0.0115392
-0.0108629
-0.0101502
-0.00940679
-0.00863807
-0.00784907
-0.00704454
-0.00622892
-0.00540636
-0.00458074
-0.00375565
-0.00293442
-0.00212013
-0.0013156
-0.000523425
0.000254025
0.00101461
0.00175639
0.00247766
0.00317688
0.00385271
0.00450398
0.00512969
0.00572903
0.00630132
0.00684602
0.00736274
0.00785122
0.00831131
0.00874298
0.00914629
0.00952143
0.00986865
0.0101883
0.0104808
0.0107466
0.0109862
0.0112003
0.0113894
0.0115543
0.0116957
0.0118142
0.0119106
0.0119857
0.0120401
0.0120747
0.0120901
0.0120871
0.0120664
0.0120286
0.0119744
0.0119044
0.0118192
0.0117194
0.0116055
0.0114779
0.0113372
0.0111837
0.0110178
0.01084
0.0106506
0.01045
0.0102385
0.0100167
0.00978471
0.00954309
0.0092922
0.00903248
0.00876436
0.0084883
0.0082048
0.00791436
0.00761752
0.00731482
0.00700685
0.00669419
0.00637746
0.00605732
0.00573442
0.00540945
0.00508313
0.00475617
0.00442931
0.00410328
0.0037788
0.00345659
0.00313731
0.00282161
0.00251006
0.00220326
0.0019017
0.00160634
0.00131688
0.00103954
0.000758049
0.000550694
0.000144505
0.000751716
-0.209143
-0.209572
-0.209576
-0.209586
-0.209584
-0.209566
-0.209525
-0.209453
-0.209342
-0.20919
-0.208991
-0.208744
-0.208445
-0.208094
-0.207688
-0.207224
-0.206703
-0.206121
-0.205479
-0.204774
-0.204004
-0.203169
-0.202266
-0.201294
-0.200251
-0.199134
-0.197941
-0.196669
-0.195315
-0.193875
-0.192346
-0.190724
-0.189002
-0.187175
-0.185235
-0.183173
-0.180977
-0.17863
-0.176113
-0.173401
-0.170463
-0.167262
-0.163755
-0.159895
-0.155629
-0.150908
-0.145683
-0.139911
-0.133563
-0.126625
-0.1191
-0.111019
-0.102436
-0.0934301
-0.0841071
-0.0745934
-0.0650327
-0.0555792
-0.0463904
-0.0376209
-0.029412
-0.0218865
-0.015143
-0.00925273
-0.00425706
-0.000167915
0.0030305
0.00537845
0.00693638
0.00778004
0.00799547
0.00767421
0.00690903
0.00579036
0.00440348
0.00282652
0.00112918
-0.000627909
-0.00239329
-0.00412438
-0.0057869
-0.00735415
-0.00880607
-0.0101284
-0.011312
-0.0123516
-0.0132448
-0.0139927
-0.0145985
-0.0150666
-0.0154026
-0.0156133
-0.0157058
-0.0156877
-0.0155668
-0.0153509
-0.0150478
-0.0146651
-0.0142102
-0.0136904
-0.0131125
-0.0124831
-0.0118086
-0.011095
-0.010348
-0.00957299
-0.0087751
-0.00795913
-0.0071296
-0.00629077
-0.00544662
-0.00460087
-0.00375698
-0.00291818
-0.00208744
-0.00126752
-0.00046094
0.000329988
0.00110317
0.0018567
0.0025889
0.00329825
0.00398343
0.00464329
0.00527685
0.0058833
0.00646196
0.00701232
0.00753399
0.00802673
0.00849039
0.00892497
0.00933055
0.00970733
0.0100556
0.0103757
0.0106681
0.0109333
0.0111718
0.0113843
0.0115715
0.0117341
0.0118727
0.0119881
0.0120812
0.0121527
0.0122033
0.0122339
0.0122452
0.0122379
0.0122128
0.0121706
0.0121119
0.0120374
0.0119476
0.0118433
0.0117249
0.0115928
0.0114477
0.0112898
0.0111197
0.0109378
0.0107443
0.0105398
0.0103245
0.0100988
0.00986328
0.00961816
0.00936388
0.00910088
0.00882958
0.00855047
0.00826401
0.00797072
0.00767111
0.00736574
0.00705516
0.00673996
0.00642076
0.00609818
0.00577287
0.0054455
0.00511676
0.00478735
0.00445797
0.00412933
0.00380212
0.00347703
0.00315469
0.00283573
0.00252074
0.0022103
0.00190497
0.00160582
0.00131267
0.0010321
0.000747758
0.00053905
0.000132622
0.000738612
-0.209586
-0.209979
-0.20993
-0.2099
-0.209867
-0.209825
-0.209763
-0.209672
-0.209546
-0.209379
-0.209169
-0.208911
-0.208603
-0.208244
-0.20783
-0.207361
-0.206834
-0.206248
-0.205601
-0.204892
-0.20412
-0.203283
-0.202379
-0.201406
-0.200363
-0.199246
-0.198055
-0.196784
-0.195433
-0.193997
-0.192472
-0.190854
-0.189137
-0.187316
-0.185383
-0.183327
-0.181137
-0.178795
-0.176282
-0.173572
-0.170633
-0.167428
-0.163913
-0.160041
-0.155762
-0.151025
-0.145785
-0.140002
-0.133651
-0.12672
-0.11922
-0.111184
-0.102672
-0.0937681
-0.0845797
-0.0752357
-0.06588
-0.056665
-0.0477451
-0.0392685
-0.0313699
-0.0241633
-0.0177382
-0.0121561
-0.00744927
-0.00362106
-0.000648579
0.00151391
0.00293048
0.00367863
0.00384434
0.0035175
0.0027879
0.00174193
0.000460155
-0.000984416
-0.00252733
-0.00411307
-0.00569502
-0.00723502
-0.0087027
-0.0100747
-0.0113337
-0.0124679
-0.0134696
-0.0143354
-0.0150634
-0.0156554
-0.0161151
-0.0164468
-0.0166561
-0.0167493
-0.0167334
-0.0166154
-0.0164027
-0.0161025
-0.0157221
-0.0152686
-0.0147488
-0.0141695
-0.0135371
-0.0128578
-0.0121374
-0.0113815
-0.0105956
-0.00978469
-0.00895354
-0.00810673
-0.00724852
-0.00638296
-0.00551383
-0.00464469
-0.00377886
-0.00291943
-0.00206928
-0.00123106
-0.000407233
0.000399954
0.00118845
0.00195641
0.00270216
0.00342422
0.00412127
0.00479218
0.00543598
0.00605185
0.00663914
0.00719733
0.00772604
0.00822502
0.00869415
0.00913343
0.00954295
0.00992292
0.0102737
0.0105955
0.010889
0.0111547
0.011393
0.0116048
0.0117907
0.0119514
0.0120877
0.0122005
0.0122904
0.0123584
0.0124052
0.0124317
0.0124387
0.0124269
0.0123971
0.01235
0.0122863
0.0122068
0.012112
0.0120026
0.0118791
0.011742
0.0115918
0.011429
0.011254
0.0110673
0.0108692
0.0106601
0.0104403
0.0102104
0.00997068
0.00972154
0.00946338
0.00919664
0.00892175
0.00863918
0.0083494
0.0080529
0.00775022
0.00744187
0.00712842
0.00681045
0.00648853
0.0061633
0.00583536
0.00550538
0.00517402
0.00484193
0.00450979
0.00417827
0.00384803
0.00351971
0.00319391
0.00287122
0.0025522
0.00223746
0.00192757
0.00162365
0.00132564
0.00104021
0.000751436
0.000537399
0.000131997
0.00071149
-0.210198
-0.210488
-0.210351
-0.210256
-0.210176
-0.210097
-0.210006
-0.209891
-0.209745
-0.209562
-0.209337
-0.209067
-0.208749
-0.208381
-0.207959
-0.207483
-0.206951
-0.20636
-0.205709
-0.204997
-0.204222
-0.203383
-0.202477
-0.201503
-0.20046
-0.199343
-0.198152
-0.196883
-0.195533
-0.194099
-0.192576
-0.19096
-0.189246
-0.187426
-0.185493
-0.183437
-0.181244
-0.178898
-0.176377
-0.173654
-0.170699
-0.167472
-0.163932
-0.16003
-0.155719
-0.15095
-0.145681
-0.139876
-0.133515
-0.126591
-0.119121
-0.111145
-0.102725
-0.0939521
-0.0849359
-0.0758064
-0.0667068
-0.0577865
-0.0491945
-0.0410714
-0.0335424
-0.0267115
-0.020657
-0.0154292
-0.01105
-0.00751376
-0.00479007
-0.00282785
-0.00155984
-0.000907488
-0.000785716
-0.00110726
-0.00178635
-0.00274155
-0.00389793
-0.00518842
-0.00655447
-0.00794628
-0.00932248
-0.0106497
-0.0119016
-0.0130585
-0.0141059
-0.0150341
-0.0158374
-0.016514
-0.0170626
-0.0174857
-0.017787
-0.017971
-0.018043
-0.018009
-0.0178757
-0.0176494
-0.0173372
-0.0169455
-0.0164812
-0.0159506
-0.0153603
-0.0147162
-0.0140243
-0.0132903
-0.0125196
-0.0117174
-0.0108886
-0.0100381
-0.00917015
-0.00828914
-0.00739904
-0.00650365
-0.00560655
-0.00471112
-0.00382051
-0.00293768
-0.00206539
-0.00120619
-0.000362471
0.000463595
0.00127001
0.00205496
0.00281681
0.00355409
0.0042655
0.00494993
0.00560639
0.00623408
0.00683233
0.00740062
0.00793857
0.00844594
0.0089226
0.00936854
0.00978387
0.0101688
0.0105237
0.0108489
0.0111449
0.0114123
0.0116517
0.0118637
0.0120492
0.0122089
0.0123436
0.0124541
0.0125414
0.0126062
0.0126494
0.0126719
0.0126745
0.012658
0.0126233
0.0125711
0.0125022
0.0124172
0.0123169
0.0122019
0.0120727
0.01193
0.0117742
0.0116058
0.0114254
0.0112332
0.0110298
0.0108156
0.0105909
0.0103561
0.0101116
0.00985795
0.00959543
0.00932449
0.00904558
0.00875915
0.00846567
0.00816564
0.00785955
0.00754794
0.00723135
0.00691032
0.00658545
0.00625731
0.00592651
0.00559366
0.0052594
0.00492435
0.00458914
0.00425439
0.00392071
0.00358869
0.00325888
0.00293184
0.00260808
0.00228819
0.00197272
0.00166283
0.00135852
0.00106632
0.000771201
0.000547501
0.000144164
0.000671212
-0.211028
-0.2111
-0.210823
-0.210631
-0.210483
-0.210357
-0.210231
-0.210088
-0.20992
-0.209719
-0.209479
-0.209197
-0.208869
-0.208492
-0.208063
-0.207581
-0.207043
-0.206447
-0.205793
-0.205077
-0.2043
-0.203459
-0.202551
-0.201576
-0.200532
-0.199415
-0.198223
-0.196953
-0.195603
-0.194167
-0.192643
-0.191025
-0.189307
-0.187482
-0.185542
-0.183476
-0.181269
-0.178905
-0.176361
-0.17361
-0.17062
-0.167353
-0.163767
-0.159817
-0.155455
-0.150638
-0.145326
-0.139491
-0.133115
-0.126201
-0.118772
-0.110872
-0.102572
-0.0939642
-0.0851622
-0.0762961
-0.0675066
-0.0589385
-0.0507333
-0.0430219
-0.0359184
-0.0295143
-0.0238754
-0.0190398
-0.0150181
-0.0117954
-0.00933398
-0.00757796
-0.00645761
-0.0058943
-0.00580494
-0.00610598
-0.00671666
-0.00756151
-0.00857203
-0.00968775
-0.0108566
-0.0120348
-0.0131866
-0.0142834
-0.0153034
-0.0162301
-0.017052
-0.0177619
-0.0183554
-0.0188317
-0.0191914
-0.019437
-0.0195719
-0.0196006
-0.0195284
-0.019361
-0.0191042
-0.0187643
-0.0183473
-0.0178594
-0.0173066
-0.0166949
-0.0160299
-0.0153172
-0.0145623
-0.0137702
-0.012946
-0.0120943
-0.0112198
-0.0103268
-0.00941942
-0.00850157
-0.00757701
-0.00664929
-0.00572178
-0.00479764
-0.00387987
-0.00297129
-0.00207452
-0.00119202
-0.000326073
0.000521202
0.00134787
0.00215215
0.00293244
0.00368729
0.00441542
0.0051157
0.00578716
0.00642899
0.0070405
0.00762117
0.00817061
0.00868855
0.00917487
0.00962955
0.0100527
0.0104445
0.0108054
0.0111356
0.0114358
0.0117064
0.0119482
0.0121618
0.012348
0.0125077
0.0126416
0.0127507
0.0128359
0.012898
0.012938
0.0129567
0.0129551
0.012934
0.0128944
0.0128369
0.0127625
0.0126718
0.0125656
0.0124446
0.0123093
0.0121605
0.0119985
0.0118241
0.0116376
0.0114395
0.0112302
0.0110103
0.0107801
0.0105399
0.0102903
0.0100315
0.00976419
0.00948862
0.00920528
0.00891461
0.00861708
0.00831317
0.00800338
0.00768821
0.00736819
0.00704385
0.00671574
0.00638442
0.00605048
0.00571447
0.00537699
0.00503862
0.00469994
0.00436152
0.00402389
0.00368759
0.00335312
0.00302095
0.00269157
0.00236549
0.00204325
0.00172595
0.00141367
0.00111252
0.000808872
0.000570928
0.000170355
0.000618994
-0.212154
-0.211807
-0.211316
-0.21099
-0.210758
-0.210575
-0.21041
-0.210239
-0.21005
-0.209832
-0.209579
-0.209287
-0.20895
-0.208565
-0.20813
-0.207643
-0.2071
-0.206501
-0.205843
-0.205125
-0.204345
-0.203501
-0.202592
-0.201615
-0.200568
-0.199448
-0.198254
-0.19698
-0.195625
-0.194184
-0.192653
-0.191025
-0.189296
-0.187457
-0.185498
-0.183409
-0.181175
-0.178776
-0.176192
-0.173393
-0.170348
-0.16702
-0.163368
-0.159348
-0.154918
-0.150037
-0.144672
-0.138799
-0.13241
-0.125514
-0.11814
-0.11034
-0.102191
-0.0937882
-0.0852467
-0.0766956
-0.0682714
-0.0601121
-0.0523495
-0.0451032
-0.0384737
-0.0325387
-0.0273503
-0.0229335
-0.0192878
-0.0163888
-0.0141925
-0.0126388
-0.0116568
-0.0111688
-0.0110951
-0.0113569
-0.0118795
-0.0125942
-0.0134396
-0.0143624
-0.0153172
-0.0162666
-0.0171804
-0.0180349
-0.0188125
-0.0195001
-0.0200889
-0.0205738
-0.0209523
-0.0212233
-0.0213899
-0.0214541
-0.0214193
-0.0212898
-0.0210707
-0.0207673
-0.0203848
-0.0199289
-0.0194051
-0.0188189
-0.0181757
-0.0174807
-0.0167392
-0.015956
-0.0151362
-0.0142842
-0.0134046
-0.0125017
-0.0115797
-0.0106424
-0.00969378
-0.00873733
-0.00777656
-0.00681475
-0.00585505
-0.00490043
-0.00395371
-0.00301755
-0.00209446
-0.00118679
-0.000296721
0.000573691
0.00142257
0.00224818
0.00304894
0.00382342
0.00457035
0.00528861
0.00597721
0.00663532
0.00726226
0.00785747
0.00842054
0.0089512
0.00944929
0.00991478
0.0103478
0.0107484
0.0111171
0.0114543
0.0117603
0.0120358
0.0122816
0.0124982
0.0126865
0.0128473
0.0129816
0.0130902
0.0131741
0.0132342
0.0132715
0.0132869
0.0132815
0.0132561
0.0132116
0.0131489
0.0130689
0.0129724
0.0128601
0.0127328
0.0125911
0.0124357
0.0122673
0.0120863
0.0118933
0.0116887
0.0114732
0.0112471
0.0110108
0.0107649
0.0105096
0.0102454
0.00997281
0.00969223
0.0094041
0.00910885
0.00880695
0.00849886
0.00818507
0.00786606
0.00754234
0.00721441
0.00688279
0.00654801
0.00621061
0.0058711
0.00553003
0.00518794
0.00484532
0.00450268
0.0041605
0.00381924
0.00347931
0.00314112
0.00280507
0.00247162
0.00214124
0.00181491
0.00149278
0.00118029
0.000865718
0.000608834
0.000211273
0.000556393
-0.213695
-0.212581
-0.211785
-0.211287
-0.210958
-0.210718
-0.210516
-0.210322
-0.210116
-0.209886
-0.209624
-0.209323
-0.20898
-0.208591
-0.208152
-0.207661
-0.207115
-0.206513
-0.205852
-0.205132
-0.204349
-0.203502
-0.202589
-0.201608
-0.200556
-0.19943
-0.198228
-0.196946
-0.195581
-0.194127
-0.192579
-0.190933
-0.189181
-0.187314
-0.185323
-0.183195
-0.180915
-0.178463
-0.175817
-0.172949
-0.169827
-0.166416
-0.162676
-0.158567
-0.154051
-0.149093
-0.143667
-0.137755
-0.131358
-0.124492
-0.117196
-0.109527
-0.101566
-0.0934119
-0.0851802
-0.0769966
-0.0689916
-0.0612941
-0.0540242
-0.0472876
-0.0411704
-0.0357351
-0.0310192
-0.0270348
-0.0237703
-0.021193
-0.0192532
-0.0178883
-0.0170273
-0.016595
-0.0165162
-0.0167179
-0.0171325
-0.0176986
-0.0183625
-0.0190781
-0.0198071
-0.0205182
-0.0211867
-0.0217937
-0.0223253
-0.0227716
-0.0231264
-0.0233861
-0.02355
-0.023618
-0.023593
-0.0234773
-0.0232745
-0.0229886
-0.0226244
-0.0221865
-0.0216798
-0.0211091
-0.0204795
-0.0197958
-0.0190627
-0.018285
-0.0174671
-0.0166137
-0.0157288
-0.0148168
-0.0138815
-0.012927
-0.0119569
-0.0109748
-0.00998412
-0.00898829
-0.00799043
-0.00699361
-0.00600072
-0.00501455
-0.00403776
-0.00307284
-0.00212218
-0.00118802
-0.00027246
0.000622528
0.00149511
0.00234361
0.00316646
0.00396226
0.00472973
0.00546775
0.00617532
0.00685159
0.00749586
0.00810755
0.00868622
0.00923156
0.00974339
0.0102217
0.0106664
0.0110779
0.0114563
0.0118021
0.0121158
0.012398
0.0126492
0.0128704
0.0130622
0.0132256
0.0133614
0.0134706
0.0135542
0.0136132
0.0136486
0.0136614
0.0136526
0.0136233
0.0135743
0.0135066
0.0134212
0.0133188
0.0132004
0.0130667
0.0129184
0.0127563
0.0125811
0.0123932
0.0121934
0.0119821
0.0117599
0.0115272
0.0112845
0.0110324
0.0107711
0.0105012
0.010223
0.00993711
0.00964389
0.00934378
0.00903724
0.00872471
0.00840667
0.00808357
0.00775589
0.0074241
0.0070887
0.00675016
0.00640896
0.00606559
0.00572052
0.00537422
0.00502713
0.00467967
0.00433225
0.00398523
0.00363895
0.00329372
0.00294986
0.00260772
0.00226768
0.00193058
0.00159659
0.00127026
0.000942219
0.000661748
0.000266911
0.00048527
-0.215806
-0.213359
-0.212166
-0.211469
-0.21104
-0.210752
-0.210525
-0.210317
-0.210103
-0.209868
-0.209602
-0.209299
-0.208954
-0.208563
-0.208122
-0.207629
-0.207081
-0.206477
-0.205813
-0.205089
-0.204302
-0.20345
-0.20253
-0.201541
-0.200479
-0.199342
-0.198126
-0.196828
-0.195442
-0.193965
-0.192391
-0.190712
-0.188922
-0.187012
-0.18497
-0.182783
-0.180436
-0.177908
-0.175177
-0.172215
-0.168992
-0.165475
-0.161626
-0.157411
-0.152796
-0.147753
-0.142262
-0.136317
-0.129925
-0.123111
-0.11592
-0.108418
-0.100687
-0.0928299
-0.0849584
-0.0771935
-0.0696574
-0.0624677
-0.055731
-0.0495378
-0.043958
-0.0390388
-0.0348029
-0.03125
-0.0283583
-0.0260882
-0.0243858
-0.0231873
-0.0224233
-0.0220227
-0.0219156
-0.0220362
-0.0223243
-0.0227265
-0.0231968
-0.0236966
-0.0241942
-0.0246643
-0.0250873
-0.0254487
-0.0257379
-0.0259481
-0.0260748
-0.0261161
-0.0260726
-0.0259448
-0.0257353
-0.0254468
-0.0250828
-0.024647
-0.0241435
-0.0235767
-0.0229506
-0.0222698
-0.0215384
-0.0207608
-0.0199411
-0.0190834
-0.0181918
-0.01727
-0.016322
-0.0153513
-0.0143616
-0.0133564
-0.0123389
-0.0113126
-0.0102803
-0.00924536
-0.00821051
-0.00717861
-0.00615236
-0.00513436
-0.00412709
-0.0031329
-0.00215407
-0.00119271
-0.000250864
0.000669583
0.00156685
0.00243929
0.00328538
0.00410371
0.00489301
0.00565216
0.00638015
0.00707609
0.00773926
0.00836905
0.00896499
0.00952672
0.010054
0.0105468
0.0110052
0.0114292
0.0118191
0.0121754
0.0124984
0.0127888
0.0130473
0.0132745
0.0134713
0.0136385
0.0137772
0.0138883
0.0139727
0.0140316
0.014066
0.014077
0.0140656
0.0140329
0.0139799
0.0139076
0.013817
0.013709
0.0135846
0.0134446
0.0132897
0.0131209
0.0129387
0.0127438
0.012537
0.0123187
0.0120896
0.0118501
0.0116008
0.0113422
0.0110746
0.0107987
0.0105148
0.0102233
0.00992478
0.00961959
0.0093082
0.00899103
0.00866852
0.00834112
0.00800925
0.00767337
0.00733391
0.0069913
0.00664597
0.00629835
0.00594883
0.00559782
0.00524567
0.00489272
0.00453929
0.00418566
0.00383206
0.0034787
0.00312579
0.00277357
0.00242231
0.00207261
0.00172469
0.00138201
0.00103791
0.000729429
0.000336456
0.000407729
-0.218736
-0.214008
-0.212356
-0.21149
-0.210971
-0.210651
-0.210421
-0.210216
-0.210004
-0.209773
-0.20951
-0.20921
-0.208867
-0.208477
-0.208036
-0.207543
-0.206993
-0.206386
-0.205718
-0.204988
-0.204193
-0.203331
-0.2024
-0.201396
-0.200317
-0.19916
-0.197921
-0.196594
-0.195177
-0.193662
-0.192044
-0.190317
-0.18847
-0.186495
-0.18438
-0.182112
-0.179673
-0.177044
-0.174203
-0.171124
-0.167777
-0.164132
-0.160157
-0.155822
-0.151099
-0.145969
-0.140421
-0.134455
-0.128088
-0.121355
-0.114306
-0.107012
-0.0995587
-0.0920462
-0.0845835
-0.077284
-0.0702593
-0.0636137
-0.0574386
-0.0518081
-0.046776
-0.0423736
-0.0386099
-0.0354732
-0.032933
-0.0309443
-0.0294508
-0.0283895
-0.0276942
-0.0272988
-0.0271403
-0.0271603
-0.0273068
-0.0275344
-0.0278048
-0.0280865
-0.028354
-0.0285876
-0.0287723
-0.0288972
-0.0289549
-0.0289407
-0.0288519
-0.028688
-0.0284499
-0.0281389
-0.0277574
-0.0273079
-0.0267939
-0.0262185
-0.0255856
-0.0248987
-0.0241616
-0.0233781
-0.0225518
-0.0216864
-0.0207856
-0.0198529
-0.0188917
-0.0179055
-0.0168977
-0.0158715
-0.01483
-0.0137763
-0.0127135
-0.0116445
-0.0105722
-0.00949925
-0.0084284
-0.00736223
-0.00630325
-0.00525388
-0.00421645
-0.00319318
-0.00218622
-0.00119761
-0.000229277
0.000716933
0.0016393
0.0025362
0.00340614
0.00424772
0.00505968
0.00584086
0.00659026
0.00730696
0.00799019
0.00863932
0.00925382
0.00983331
0.0103775
0.0108863
0.0113597
0.0117978
0.0122008
0.012569
0.012903
0.0132032
0.0134703
0.0137051
0.0139083
0.0140809
0.0142237
0.0143379
0.0144243
0.0144842
0.0145186
0.0145287
0.0145155
0.0144801
0.0144237
0.0143473
0.0142521
0.0141389
0.0140087
0.0138626
0.0137013
0.0135258
0.0133367
0.0131349
0.012921
0.0126957
0.0124595
0.0122132
0.0119571
0.0116919
0.011418
0.0111359
0.0108461
0.0105489
0.010245
0.00993455
0.00961816
0.0092962
0.00896907
0.00863719
0.00830095
0.00796075
0.00761697
0.00727
0.0069202
0.00656792
0.00621349
0.00585723
0.0054994
0.00514027
0.00478005
0.0044189
0.00405697
0.00369436
0.00333115
0.00296744
0.00260337
0.00223929
0.00187542
0.00151398
0.0011513
0.000810801
0.00041828
0.00032601
-0.223151
-0.214399
-0.212161
-0.211334
-0.210752
-0.210413
-0.210205
-0.210021
-0.209825
-0.209605
-0.209352
-0.20906
-0.208721
-0.208334
-0.207894
-0.207398
-0.206845
-0.206231
-0.205555
-0.204814
-0.204005
-0.203127
-0.202176
-0.201148
-0.200042
-0.198853
-0.197576
-0.196207
-0.194741
-0.193171
-0.191491
-0.189692
-0.187767
-0.185704
-0.183492
-0.181116
-0.17856
-0.175805
-0.17283
-0.169609
-0.166118
-0.162329
-0.158216
-0.153754
-0.148924
-0.143715
-0.138123
-0.132159
-0.125848
-0.119231
-0.112366
-0.105326
-0.0981967
-0.0910759
-0.0840661
-0.077271
-0.0707896
-0.0647115
-0.0591119
-0.0540481
-0.0495577
-0.0456572
-0.0423432
-0.0395938
-0.0373723
-0.03563
-0.0343104
-0.0333528
-0.0326957
-0.0322794
-0.0320482
-0.031952
-0.0319468
-0.031995
-0.0320658
-0.032134
-0.0321798
-0.0321885
-0.0321488
-0.0320531
-0.0318964
-0.0316757
-0.0313897
-0.0310389
-0.030624
-0.030147
-0.0296097
-0.029015
-0.0283655
-0.0276643
-0.0269146
-0.0261194
-0.025282
-0.0244056
-0.0234934
-0.0225484
-0.0215738
-0.0205726
-0.0195479
-0.0185027
-0.0174399
-0.0163623
-0.0152728
-0.0141741
-0.013069
-0.0119601
-0.0108499
-0.00974112
-0.00863609
-0.00753723
-0.00644689
-0.00536733
-0.00430073
-0.00324922
-0.00221481
-0.00119947
-0.000205062
0.000766642
0.00171396
0.00263529
0.00352917
0.0043942
0.00522912
0.00603276
0.00680408
0.00754215
0.00824616
0.00891542
0.00954938
0.0101476
0.0107098
0.0112357
0.0117253
0.0121786
0.012596
0.0129775
0.0133237
0.013635
0.0139122
0.0141558
0.0143668
0.0145459
0.0146941
0.0148126
0.0149022
0.0149642
0.0149996
0.0150097
0.0149955
0.0149584
0.0148993
0.0148196
0.0147202
0.0146022
0.0144669
0.014315
0.0141476
0.0139656
0.0137699
0.0135613
0.0133404
0.0131081
0.0128651
0.0126118
0.012349
0.0120772
0.0117969
0.0115087
0.0112129
0.0109099
0.0106005
0.0102849
0.00996343
0.0096366
0.00930475
0.00896826
0.00862749
0.00828277
0.00793446
0.00758284
0.00722824
0.0068709
0.0065111
0.00614904
0.00578493
0.00541891
0.00505109
0.00468154
0.00431029
0.00393732
0.00356258
0.00318604
0.00280766
0.00242753
0.00204583
0.00166346
0.00127987
0.000903956
0.000510023
0.000242344
-0.229423
-0.214482
-0.211462
-0.211003
-0.210444
-0.210079
-0.209903
-0.209756
-0.209583
-0.209378
-0.209137
-0.208852
-0.208518
-0.208131
-0.207689
-0.207188
-0.206626
-0.206001
-0.205309
-0.204549
-0.203718
-0.202812
-0.201829
-0.200766
-0.199617
-0.19838
-0.197049
-0.195619
-0.194084
-0.192438
-0.190672
-0.18878
-0.186751
-0.184575
-0.18224
-0.179731
-0.177034
-0.174129
-0.170998
-0.167618
-0.163968
-0.160026
-0.155771
-0.151185
-0.146258
-0.140986
-0.135375
-0.129444
-0.123227
-0.116769
-0.110134
-0.103394
-0.096634
-0.0899466
-0.0834256
-0.0771629
-0.0712437
-0.0657417
-0.0607156
-0.0562062
-0.0522357
-0.0488074
-0.045907
-0.0435052
-0.0415607
-0.0400236
-0.038839
-0.0379502
-0.0373017
-0.036841
-0.0365203
-0.0362976
-0.0361366
-0.0360073
-0.0358854
-0.0357515
-0.0355907
-0.0353923
-0.0351482
-0.0348533
-0.0345044
-0.0340998
-0.0336389
-0.0331229
-0.0325527
-0.0319299
-0.0312564
-0.0305344
-0.0297666
-0.0289555
-0.0281036
-0.0272138
-0.0262886
-0.0253307
-0.0243429
-0.0233277
-0.0222879
-0.0212262
-0.0201451
-0.0190472
-0.0179351
-0.0168114
-0.0156786
-0.0145392
-0.0133955
-0.0122501
-0.0111052
-0.00996329
-0.00882654
-0.00769723
-0.00657752
-0.00546954
-0.00437537
-0.003297
-0.00223639
-0.00119541
-0.000175854
0.000820542
0.00179213
0.00273736
0.00365476
0.00454294
0.00540062
0.00622664
0.00701992
0.00777949
0.00850451
0.00919426
0.00984811
0.0104656
0.0110463
0.01159
0.0120967
0.0125662
0.0129987
0.0133945
0.0137539
0.0140775
0.0143657
0.0146194
0.0148391
0.0150259
0.0151807
0.0153045
0.0153984
0.0154635
0.015501
0.015512
0.0154979
0.0154597
0.0153988
0.0153163
0.0152135
0.0150915
0.0149514
0.0147943
0.0146212
0.0144332
0.0142311
0.014016
0.0137885
0.0135494
0.0132996
0.0130397
0.0127703
0.012492
0.0122054
0.011911
0.0116093
0.0113008
0.0109858
0.0106649
0.0103384
0.0100067
0.00967006
0.00932888
0.00898345
0.00863407
0.008281
0.00792449
0.00756476
0.007202
0.00683637
0.00646801
0.00609701
0.00572342
0.00534725
0.00496846
0.00458695
0.0042026
0.00381522
0.0034246
0.00303058
0.00263293
0.0022318
0.00182665
0.00142016
0.00100623
0.000608725
0.00015881
)
;

boundaryField
{
    inlet
    {
        type            zeroGradient;
    }
    outlet
    {
        type            fixedValue;
        value           uniform 0;
    }
    walls
    {
        type            zeroGradient;
    }
    frontAndBack
    {
        type            empty;
    }
}


// ************************************************************************* //
