/*--------------------------------*- C++ -*----------------------------------*\
  =========                 |
  \\      /  F ield         | OpenFOAM: The Open Source CFD Toolbox
   \\    /   O peration     | Website:  https://openfoam.org
    \\  /    A nd           | Version:  11
     \\/     M anipulation  |
\*---------------------------------------------------------------------------*/
FoamFile
{
    format      ascii;
    class       volScalarField;
    location    "2";
    object      p;
}
// * * * * * * * * * * * * * * * * * * * * * * * * * * * * * * * * * * * * * //

dimensions      [0 2 -2 0 0 0 0];

internalField   nonuniform List<scalar> 
8400
(
-0.20139
-0.204344
-0.207635
-0.21066
-0.213635
-0.216687
-0.219815
-0.223004
-0.226259
-0.229592
-0.233014
-0.23654
-0.240188
-0.243979
-0.247941
-0.252112
-0.256541
-0.261306
-0.266503
-0.272676
-0.2012
-0.204333
-0.207717
-0.210702
-0.213639
-0.216693
-0.21983
-0.223022
-0.226278
-0.229613
-0.233038
-0.236569
-0.24022
-0.244016
-0.247983
-0.252157
-0.256585
-0.26132
-0.266324
-0.271169
-0.201006
-0.204296
-0.207776
-0.210723
-0.213611
-0.216659
-0.219805
-0.222997
-0.226246
-0.229574
-0.232992
-0.236513
-0.240152
-0.24393
-0.247872
-0.252008
-0.256363
-0.260934
-0.26554
-0.269561
-0.200799
-0.204192
-0.207778
-0.210717
-0.213555
-0.216584
-0.21973
-0.222917
-0.226152
-0.229461
-0.232859
-0.236354
-0.239961
-0.243695
-0.247578
-0.251625
-0.255836
-0.260155
-0.264331
-0.267791
-0.20057
-0.20403
-0.207712
-0.210663
-0.213457
-0.216456
-0.219595
-0.22277
-0.225981
-0.229259
-0.232621
-0.236072
-0.239622
-0.243285
-0.24707
-0.250982
-0.254994
-0.259015
-0.262787
-0.265824
-0.200319
-0.203821
-0.207579
-0.21055
-0.213308
-0.216272
-0.219393
-0.222548
-0.225726
-0.22896
-0.232269
-0.235657
-0.239128
-0.242688
-0.246343
-0.25008
-0.253857
-0.257564
-0.260964
-0.263672
-0.200046
-0.203576
-0.207388
-0.210378
-0.213106
-0.216033
-0.219127
-0.222253
-0.225388
-0.228567
-0.231809
-0.235115
-0.238484
-0.241919
-0.245414
-0.248949
-0.25247
-0.255865
-0.258928
-0.261365
-0.199755
-0.203302
-0.207149
-0.210152
-0.212855
-0.215744
-0.218805
-0.221894
-0.224978
-0.228091
-0.231253
-0.234463
-0.237714
-0.241004
-0.244321
-0.247637
-0.250896
-0.253989
-0.256748
-0.258952
-0.199453
-0.203012
-0.206878
-0.209883
-0.212564
-0.215417
-0.218439
-0.221485
-0.224512
-0.227552
-0.230625
-0.233728
-0.23685
-0.239983
-0.243111
-0.246204
-0.249203
-0.252014
-0.254499
-0.256494
-0.199152
-0.202716
-0.206587
-0.209587
-0.212244
-0.215064
-0.218047
-0.221044
-0.22401
-0.226973
-0.229953
-0.232943
-0.23593
-0.238902
-0.241841
-0.244714
-0.247466
-0.250017
-0.252256
-0.254063
-0.198863
-0.202428
-0.206291
-0.209275
-0.211911
-0.214701
-0.217645
-0.220592
-0.223495
-0.226381
-0.229267
-0.232145
-0.234998
-0.237812
-0.240568
-0.243233
-0.245758
-0.248075
-0.250097
-0.251736
-0.198599
-0.202159
-0.206004
-0.208964
-0.211579
-0.214345
-0.217252
-0.22015
-0.222991
-0.225804
-0.2286
-0.23137
-0.234096
-0.236763
-0.239349
-0.241825
-0.244147
-0.246259
-0.248093
-0.249584
-0.198372
-0.201923
-0.205736
-0.208666
-0.211264
-0.214013
-0.216887
-0.219737
-0.222523
-0.225267
-0.227983
-0.230655
-0.233266
-0.235799
-0.238235
-0.240546
-0.242694
-0.244632
-0.246308
-0.247673
-0.198195
-0.201728
-0.205495
-0.20839
-0.21098
-0.21372
-0.216566
-0.219373
-0.222109
-0.224796
-0.22744
-0.230028
-0.23254
-0.23496
-0.23727
-0.239443
-0.241447
-0.243245
-0.244794
-0.246057
-0.198077
-0.201582
-0.205287
-0.208146
-0.210739
-0.213478
-0.2163
-0.219071
-0.221766
-0.224407
-0.226994
-0.229513
-0.231945
-0.234275
-0.236484
-0.23855
-0.240443
-0.242132
-0.243585
-0.24477
-0.198025
-0.201485
-0.20511
-0.207939
-0.21055
-0.213296
-0.216098
-0.218839
-0.221504
-0.224111
-0.226656
-0.229124
-0.231497
-0.23376
-0.235896
-0.237883
-0.239697
-0.24131
-0.242696
-0.243828
-0.198042
-0.201435
-0.20496
-0.207773
-0.210418
-0.213176
-0.21596
-0.21868
-0.221327
-0.223913
-0.22643
-0.228863
-0.231197
-0.233417
-0.235506
-0.237443
-0.239206
-0.240772
-0.242118
-0.24322
-0.198124
-0.201411
-0.204832
-0.207654
-0.210346
-0.213113
-0.215883
-0.218589
-0.221228
-0.223803
-0.226304
-0.228719
-0.231032
-0.233229
-0.235293
-0.237204
-0.238943
-0.240487
-0.241814
-0.242904
-0.198261
-0.201394
-0.204722
-0.207585
-0.210327
-0.213098
-0.215854
-0.218555
-0.221193
-0.223765
-0.226262
-0.22867
-0.230977
-0.233168
-0.235224
-0.237129
-0.238861
-0.240401
-0.241726
-0.242818
-0.198443
-0.201397
-0.204642
-0.207554
-0.210337
-0.213111
-0.215863
-0.218566
-0.221209
-0.223784
-0.226284
-0.228697
-0.231009
-0.233205
-0.235268
-0.237181
-0.238922
-0.240472
-0.241809
-0.242913
-0.272894
-0.268757
-0.269327
-0.271282
-0.272318
-0.272473
-0.272023
-0.27123
-0.270538
-0.270484
-0.271502
-0.273773
-0.277118
-0.280962
-0.284422
-0.286455
-0.286089
-0.282628
-0.275851
-0.266174
-0.25478
-0.243585
-0.234972
-0.231263
-0.234014
-0.243404
-0.258008
-0.27518
-0.291953
-0.305889
-0.315422
-0.319803
-0.318912
-0.313086
-0.302978
-0.289464
-0.273557
-0.256356
-0.239003
-0.222639
-0.208351
-0.197084
-0.189544
-0.1861
-0.186696
-0.190815
-0.197504
-0.205468
-0.213214
-0.219201
-0.221992
-0.220388
-0.213621
-0.201626
-0.185383
-0.16715
-0.15032
-0.138918
-0.136069
-0.144098
-0.162043
-0.186762
-0.21452
-0.242133
-0.267278
-0.288312
-0.304062
-0.313712
-0.316737
-0.313084
-0.303118
-0.287614
-0.267686
-0.244598
-0.219547
-0.193541
-0.167437
-0.14207
-0.118361
-0.0973462
-0.0801309
-0.0677489
-0.0608929
-0.0596004
-0.0631263
-0.0701825
-0.0794382
-0.0899407
-0.101221
-0.113127
-0.125582
-0.138414
-0.151281
-0.163679
-0.175012
-0.184674
-0.192132
-0.196961
-0.19879
-0.19729
-0.192086
-0.182789
-0.169193
-0.151569
-0.130885
-0.108737
-0.0869791
-0.0672344
-0.0505288
-0.0371699
-0.0268488
-0.0188793
-0.0124683
-0.00693053
-0.00180184
0.00314458
0.00794655
0.0125289
0.0167727
0.0205678
0.0238418
0.0265648
0.0287463
0.0304247
0.0316554
0.0325013
0.0330259
0.0332889
0.0333441
0.0332383
0.0330112
0.0326952
0.0323161
0.0318937
0.0314427
0.0309737
0.030494
0.0300083
0.0295199
0.0290306
0.0285415
0.0280534
0.0275663
0.0270803
0.0265954
0.0261113
0.0256279
0.0251451
0.024663
0.0241816
0.0237008
0.0232205
0.0227407
0.0222612
0.0217819
0.0213028
0.0208239
0.0203452
0.0198666
0.0193879
0.0189092
0.0184303
0.0179513
0.0174722
0.016993
0.0165139
0.016035
0.0155564
0.0150779
0.0145996
0.0141214
0.0136432
0.013165
0.0126868
0.0122086
0.0117303
0.0112522
0.0107743
0.0102965
0.0098188
0.00934126
0.00886378
0.00838629
0.00790872
0.00743101
0.00695311
0.00647498
0.00599661
0.00551798
0.00503912
0.00456001
0.00408069
0.00360116
0.00312144
0.00264156
0.00216152
0.00168134
0.00120106
0.000720695
0.000240222
-0.271584
-0.268858
-0.269008
-0.270749
-0.271804
-0.271959
-0.271564
-0.270902
-0.270351
-0.270382
-0.271378
-0.273476
-0.276483
-0.279855
-0.282775
-0.284301
-0.28357
-0.279997
-0.273447
-0.264378
-0.253915
-0.243793
-0.236083
-0.232728
-0.234963
-0.242836
-0.255075
-0.269413
-0.283303
-0.294614
-0.301951
-0.30464
-0.302586
-0.296128
-0.285914
-0.272808
-0.257803
-0.241968
-0.22639
-0.212135
-0.200181
-0.191346
-0.186201
-0.184988
-0.187554
-0.193328
-0.201351
-0.210351
-0.218851
-0.225297
-0.228204
-0.226316
-0.218818
-0.205652
-0.187899
-0.167994
-0.14967
-0.137268
-0.134761
-0.144109
-0.164247
-0.191501
-0.22158
-0.251031
-0.277554
-0.299624
-0.316112
-0.326209
-0.329312
-0.325305
-0.31453
-0.29781
-0.276409
-0.251814
-0.22542
-0.198323
-0.171333
-0.145148
-0.120539
-0.0984357
-0.0799063
-0.0660357
-0.0576784
-0.0551264
-0.0578805
-0.0647491
-0.0742819
-0.0852625
-0.0969582
-0.109055
-0.121433
-0.133954
-0.146348
-0.1582
-0.168989
-0.178168
-0.185242
-0.189765
-0.191344
-0.189622
-0.184225
-0.174849
-0.161467
-0.144579
-0.125319
-0.105286
-0.08615
-0.0692259
-0.0552054
-0.0441099
-0.0354389
-0.0284259
-0.0223023
-0.0164863
-0.0106598
-0.00474996
0.00114117
0.00683399
0.0121309
0.0168789
0.0209826
0.024406
0.0271636
0.0293055
0.0309018
0.0320308
0.0327706
0.0331938
0.0333653
0.033341
0.0331681
0.0328852
0.0325229
0.0321051
0.0316498
0.0311704
0.0306761
0.0301735
0.0296672
0.0291598
0.0286534
0.0281489
0.0276469
0.0271476
0.0266508
0.0261564
0.0256642
0.0251739
0.0246855
0.0241988
0.0237137
0.02323
0.0227474
0.0222658
0.0217849
0.0213046
0.0208248
0.0203455
0.0198664
0.0193874
0.0189085
0.0184295
0.0179504
0.0174713
0.0169922
0.0165132
0.0160344
0.0155558
0.0150774
0.0145992
0.0141211
0.0136429
0.0131648
0.0126866
0.0122084
0.0117302
0.0112521
0.0107741
0.0102962
0.00981856
0.009341
0.0088635
0.00838601
0.00790845
0.00743076
0.00695289
0.00647479
0.00599646
0.00551788
0.00503905
0.00455997
0.00408067
0.00360116
0.00312146
0.00264158
0.00216154
0.00168136
0.00120108
0.000720706
0.000240227
-0.270538
-0.268955
-0.268788
-0.2701
-0.271069
-0.27122
-0.270866
-0.270316
-0.269891
-0.269978
-0.270897
-0.272744
-0.275321
-0.278122
-0.280414
-0.281368
-0.280244
-0.27657
-0.270289
-0.261875
-0.252368
-0.243294
-0.23641
-0.233301
-0.234916
-0.241211
-0.251066
-0.262567
-0.273569
-0.282253
-0.287412
-0.288464
-0.285353
-0.278419
-0.268296
-0.255812
-0.241918
-0.227619
-0.213924
-0.201795
-0.192087
-0.185487
-0.182439
-0.183089
-0.187233
-0.19431
-0.203409
-0.213307
-0.222529
-0.229464
-0.232548
-0.230456
-0.222356
-0.208245
-0.18933
-0.168279
-0.149136
-0.136632
-0.134782
-0.145665
-0.167978
-0.19747
-0.229327
-0.260023
-0.287432
-0.310181
-0.327182
-0.337585
-0.340736
-0.336409
-0.324881
-0.306963
-0.284023
-0.257769
-0.229845
-0.201497
-0.173536
-0.14654
-0.12111
-0.0980254
-0.078273
-0.0629441
-0.0530141
-0.0490112
-0.0507188
-0.057137
-0.0668022
-0.0782891
-0.0905798
-0.10313
-0.115706
-0.128157
-0.14027
-0.151706
-0.162024
-0.170737
-0.177385
-0.181503
-0.182694
-0.180594
-0.174881
-0.165389
-0.152312
-0.136374
-0.118823
-0.101192
-0.0849121
-0.0709717
-0.0597277
-0.0509257
-0.0438885
-0.0377883
-0.0319013
-0.025765
-0.019216
-0.0123388
-0.00536984
0.00140556
0.0077234
0.0133894
0.0182885
0.0223808
0.0256872
0.0282695
0.0302123
0.0316088
0.0325511
0.0331244
0.0334043
0.0334555
0.0333324
0.0330792
0.0327314
0.0323167
0.0318562
0.0313656
0.0308565
0.030337
0.0298128
0.0292876
0.0287639
0.0282433
0.0277265
0.0272139
0.0267054
0.0262009
0.0256999
0.0252022
0.0247076
0.0242158
0.0237264
0.0232393
0.022754
0.0222703
0.0217878
0.0213064
0.0208257
0.0203457
0.0198661
0.0193869
0.0189077
0.0184286
0.0179495
0.0174704
0.0169913
0.0165124
0.0160337
0.0155552
0.0150769
0.0145988
0.0141207
0.0136427
0.0131645
0.0126864
0.0122082
0.01173
0.0112519
0.0107739
0.0102961
0.00981834
0.00934075
0.00886322
0.00838572
0.00790815
0.00743048
0.00695263
0.00647457
0.00599627
0.00551773
0.00503893
0.00455989
0.00408062
0.00360113
0.00312144
0.00264157
0.00216154
0.00168137
0.00120108
0.000720708
0.000240228
-0.269079
-0.268347
-0.268149
-0.2691
-0.269952
-0.270114
-0.269806
-0.269343
-0.269006
-0.269101
-0.269879
-0.271403
-0.273475
-0.275641
-0.277259
-0.277621
-0.276112
-0.272365
-0.266389
-0.258646
-0.250071
-0.241971
-0.235798
-0.232818
-0.23374
-0.238454
-0.245992
-0.254763
-0.262994
-0.26917
-0.272277
-0.271839
-0.26784
-0.260623
-0.250792
-0.239129
-0.226517
-0.213876
-0.20211
-0.19206
-0.184447
-0.179826
-0.178537
-0.180665
-0.186014
-0.194086
-0.204061
-0.214766
-0.224685
-0.232108
-0.235366
-0.233085
-0.224479
-0.209684
-0.190089
-0.168684
-0.149644
-0.13771
-0.13678
-0.14907
-0.173139
-0.204208
-0.237147
-0.268512
-0.296388
-0.319526
-0.336843
-0.347422
-0.350576
-0.345957
-0.333766
-0.314763
-0.290354
-0.262429
-0.232888
-0.203179
-0.174168
-0.146341
-0.120132
-0.0961481
-0.0752539
-0.0585049
-0.0469513
-0.0413226
-0.0416911
-0.047318
-0.0568387
-0.0687115
-0.0816586
-0.0948641
-0.107907
-0.120564
-0.132631
-0.143828
-0.153785
-0.162074
-0.168254
-0.171877
-0.17256
-0.169978
-0.16391
-0.154375
-0.141801
-0.127094
-0.111549
-0.096566
-0.0833108
-0.07244
-0.0639889
-0.0574449
-0.0519755
-0.0467166
-0.0410103
-0.034526
-0.0272573
-0.0194433
-0.0114457
-0.0036444
0.00363506
0.0101616
0.015804
0.0205204
0.0243382
0.0273306
0.0295959
0.0312409
0.0323711
0.0330832
0.0334628
0.0335829
0.0335045
0.0332775
0.0329417
0.0325282
0.0320613
0.0315591
0.0310348
0.0304981
0.029956
0.029413
0.0288723
0.0283357
0.0278044
0.0272787
0.0267587
0.0262442
0.0257346
0.0252297
0.024729
0.0242322
0.0237387
0.0232483
0.0227604
0.0222746
0.0217906
0.021308
0.0208265
0.0203458
0.0198658
0.0193862
0.0189069
0.0184276
0.0179485
0.0174694
0.0169905
0.0165117
0.0160331
0.0155547
0.0150765
0.0145984
0.0141204
0.0136424
0.0131643
0.0126862
0.012208
0.0117299
0.0112518
0.0107738
0.0102959
0.00981813
0.0093405
0.00886295
0.00838542
0.00790785
0.00743018
0.00695235
0.00647432
0.00599607
0.00551756
0.0050388
0.0045598
0.00408055
0.00360109
0.00312141
0.00264156
0.00216153
0.00168137
0.00120108
0.000720707
0.000240228
-0.267259
-0.267142
-0.267066
-0.267746
-0.268442
-0.268598
-0.268324
-0.267914
-0.267614
-0.26766
-0.268239
-0.269383
-0.270906
-0.272411
-0.27335
-0.273136
-0.271273
-0.267487
-0.261832
-0.254744
-0.247037
-0.239802
-0.234214
-0.23126
-0.231451
-0.23464
-0.240003
-0.246241
-0.251917
-0.255798
-0.257065
-0.255348
-0.250675
-0.243385
-0.234046
-0.223378
-0.212177
-0.201261
-0.191411
-0.18333
-0.177604
-0.174667
-0.174778
-0.178008
-0.184222
-0.193033
-0.203727
-0.215152
-0.225706
-0.233544
-0.2369
-0.234383
-0.225367
-0.210232
-0.19067
-0.169959
-0.151985
-0.141109
-0.140972
-0.154165
-0.179242
-0.211117
-0.244502
-0.276069
-0.304083
-0.327378
-0.344848
-0.355479
-0.358564
-0.353651
-0.34087
-0.320917
-0.295191
-0.265699
-0.23457
-0.203471
-0.173366
-0.144693
-0.117733
-0.092915
-0.0709557
-0.0528371
-0.0396389
-0.0322468
-0.0310021
-0.0354629
-0.0444576
-0.056439
-0.0699383
-0.0838681
-0.0975692
-0.110676
-0.122939
-0.134094
-0.143825
-0.151746
-0.157454
-0.16054
-0.160672
-0.157606
-0.151272
-0.141896
-0.130113
-0.116951
-0.10368
-0.0915257
-0.0813785
-0.0735784
-0.0678573
-0.0634683
-0.059454
-0.0549439
-0.0493666
-0.0425298
-0.0345792
-0.0258964
-0.0169541
-0.00821526
-6.03839e-05
0.00724812
0.0135657
0.0188495
0.0231328
0.0264991
0.0290586
0.0309307
0.0322323
0.0330709
0.0335409
0.0337229
0.0336842
0.0334795
0.0331529
0.0327389
0.0322644
0.0317496
0.0312098
0.0306559
0.030096
0.0295354
0.0289778
0.0284255
0.0278799
0.0273414
0.0268102
0.0262859
0.025768
0.0252561
0.0247495
0.0242478
0.0237504
0.0232568
0.0227664
0.0222787
0.0217932
0.0213094
0.0208271
0.0203459
0.0198654
0.0193855
0.018906
0.0184266
0.0179475
0.0174684
0.0169896
0.0165109
0.0160325
0.0155542
0.0150761
0.0145981
0.0141201
0.0136421
0.0131641
0.012686
0.0122079
0.0117297
0.0112516
0.0107736
0.0102957
0.00981792
0.00934026
0.00886268
0.00838513
0.00790755
0.00742989
0.00695208
0.00647408
0.00599586
0.0055174
0.00503867
0.0045597
0.00408049
0.00360104
0.00312139
0.00264154
0.00216153
0.00168136
0.00120108
0.000720709
0.000240231
-0.265163
-0.26546
-0.26554
-0.266031
-0.266562
-0.266685
-0.266427
-0.266032
-0.265714
-0.265655
-0.265986
-0.266716
-0.267676
-0.268527
-0.268815
-0.268065
-0.265888
-0.262092
-0.256758
-0.250282
-0.243351
-0.23686
-0.231735
-0.228725
-0.228189
-0.229959
-0.23335
-0.237318
-0.240723
-0.242594
-0.242293
-0.239554
-0.234445
-0.227298
-0.218636
-0.209104
-0.199399
-0.190218
-0.182208
-0.17593
-0.171836
-0.170257
-0.171409
-0.175396
-0.18218
-0.191514
-0.202777
-0.214797
-0.225852
-0.233953
-0.237254
-0.234438
-0.225187
-0.21018
-0.191571
-0.172644
-0.156533
-0.146832
-0.14714
-0.160495
-0.185713
-0.217671
-0.250977
-0.282384
-0.310281
-0.333546
-0.351024
-0.361603
-0.364541
-0.359315
-0.34599
-0.325214
-0.298356
-0.267482
-0.234895
-0.202466
-0.171282
-0.141769
-0.114087
-0.0884931
-0.0655461
-0.0461255
-0.0312999
-0.0220626
-0.0189851
-0.0219252
-0.0299666
-0.0416599
-0.0554408
-0.0699937
-0.0844054
-0.0981144
-0.110764
-0.122062
-0.13171
-0.139353
-0.144642
-0.147237
-0.146889
-0.143477
-0.137104
-0.128195
-0.117538
-0.106217
-0.0954208
-0.0861857
-0.0791378
-0.0743196
-0.0711839
-0.0687818
-0.0660707
-0.0622067
-0.0567215
-0.0495583
-0.0410022
-0.0315557
-0.0217856
-0.0122268
-0.00330599
0.00468815
0.0115998
0.0173845
0.0220807
0.02578
0.0286026
0.0306783
0.0321339
0.033086
0.0336368
0.0338737
0.0338694
0.0336834
0.0333634
0.0329471
0.0324638
0.0319359
0.0313802
0.0308091
0.0302314
0.0296534
0.0290793
0.0285118
0.0279522
0.0274014
0.0268592
0.0263255
0.0257996
0.025281
0.0247688
0.0242625
0.0237614
0.0232648
0.022772
0.0222824
0.0217955
0.0213107
0.0208276
0.0203458
0.0198649
0.0193847
0.018905
0.0184256
0.0179464
0.0174675
0.0169887
0.0165102
0.0160319
0.0155537
0.0150757
0.0145977
0.0141198
0.0136418
0.0131638
0.0126858
0.0122077
0.0117296
0.0112515
0.0107734
0.0102955
0.00981772
0.00934003
0.00886242
0.00838485
0.00790727
0.00742961
0.00695182
0.00647385
0.00599566
0.00551723
0.00503855
0.00455961
0.00408042
0.003601
0.00312136
0.00264153
0.00216152
0.00168136
0.00120108
0.000720711
0.000240235
-0.262852
-0.263404
-0.263619
-0.26399
-0.264368
-0.264433
-0.264164
-0.263747
-0.263364
-0.263153
-0.263203
-0.263504
-0.26391
-0.264138
-0.263824
-0.262591
-0.260147
-0.256363
-0.251336
-0.245412
-0.23916
-0.233291
-0.228522
-0.225406
-0.224181
-0.224679
-0.22634
-0.228345
-0.229813
-0.230004
-0.228445
-0.224966
-0.21967
-0.212874
-0.205048
-0.19675
-0.18857
-0.181073
-0.174764
-0.170066
-0.16731
-0.166756
-0.168615
-0.173054
-0.180163
-0.189823
-0.201477
-0.2139
-0.225237
-0.233366
-0.236417
-0.233278
-0.224024
-0.209783
-0.193117
-0.176862
-0.163186
-0.1544
-0.154736
-0.167506
-0.192027
-0.223424
-0.256236
-0.28722
-0.314809
-0.337884
-0.355244
-0.365684
-0.3684
-0.362848
-0.34902
-0.327539
-0.299744
-0.267721
-0.233884
-0.200266
-0.168076
-0.137762
-0.109395
-0.0830844
-0.0592313
-0.0385959
-0.0222025
-0.0111055
-0.00605855
-0.00719488
-0.0138799
-0.0248408
-0.0385156
-0.0534335
-0.0684495
-0.0827827
-0.0959225
-0.107505
-0.117214
-0.124698
-0.129698
-0.131955
-0.131324
-0.127831
-0.121748
-0.113662
-0.104453
-0.0951988
-0.0869834
-0.0806588
-0.0766056
-0.0745902
-0.0738163
-0.0731779
-0.0715934
-0.068277
-0.0628702
-0.0554389
-0.0463893
-0.0363174
-0.0258643
-0.0156258
-0.00606615
0.00250426
0.00991924
0.0161322
0.0211842
0.0251728
0.0282256
0.0304805
0.0320722
0.0331247
0.0337468
0.0340318
0.034057
0.0338862
0.0335704
0.0331502
0.0326572
0.0321157
0.0315441
0.0309559
0.0303608
0.029766
0.0291759
0.0285935
0.0280206
0.0274579
0.0269054
0.0263627
0.0258292
0.0253042
0.0247867
0.0242761
0.0237715
0.0232721
0.0227771
0.0222858
0.0217975
0.0213117
0.0208279
0.0203455
0.0198643
0.0193839
0.018904
0.0184245
0.0179454
0.0174665
0.0169879
0.0165095
0.0160313
0.0155532
0.0150753
0.0145974
0.0141195
0.0136416
0.0131636
0.0126856
0.0122075
0.0117294
0.0112513
0.0107733
0.0102954
0.00981753
0.00933981
0.00886217
0.00838459
0.007907
0.00742934
0.00695157
0.00647362
0.00599547
0.00551707
0.00503842
0.00455951
0.00408035
0.00360095
0.00312134
0.00264151
0.00216152
0.00168136
0.00120109
0.000720713
0.00024024
-0.260393
-0.261086
-0.261398
-0.261691
-0.261936
-0.261923
-0.261615
-0.261144
-0.260657
-0.260261
-0.260011
-0.259888
-0.259768
-0.259424
-0.258568
-0.256915
-0.254251
-0.250496
-0.245754
-0.240317
-0.234646
-0.229292
-0.224793
-0.221549
-0.219707
-0.219109
-0.219309
-0.219682
-0.219571
-0.218434
-0.215944
-0.212014
-0.206771
-0.200509
-0.193638
-0.186621
-0.179928
-0.173993
-0.169182
-0.165792
-0.164064
-0.16422
-0.166494
-0.17114
-0.178366
-0.188156
-0.199975
-0.212533
-0.223847
-0.231702
-0.234342
-0.230891
-0.221989
-0.209304
-0.195492
-0.182475
-0.171633
-0.163531
-0.163046
-0.174605
-0.197714
-0.228006
-0.259993
-0.290373
-0.31752
-0.340281
-0.357413
-0.367641
-0.370086
-0.364209
-0.349933
-0.327869
-0.299341
-0.266429
-0.231602
-0.196997
-0.163928
-0.132881
-0.103878
-0.0769112
-0.0522369
-0.0304916
-0.0126313
0.000269002
0.00732386
0.00816578
0.00315239
-0.00666553
-0.0198106
-0.0347396
-0.0501268
-0.0649808
-0.0786157
-0.0905604
-0.100471
-0.107936
-0.112845
-0.115002
-0.11438
-0.111147
-0.105722
-0.0987932
-0.0912785
-0.0842146
-0.0785801
-0.0750583
-0.073802
-0.0743244
-0.0756224
-0.0764882
-0.0758487
-0.0729979
-0.0676831
-0.0600727
-0.0506655
-0.0401262
-0.0291544
-0.0183911
-0.00832985
0.000700325
0.00852322
0.0150884
0.0204374
0.0246706
0.0279205
0.0303302
0.0320404
0.0331806
0.0338651
0.0341916
0.034242
0.0340834
0.0337699
0.0333447
0.0328415
0.0322864
0.0316991
0.0310943
0.0304826
0.0298715
0.0292662
0.0286699
0.0280843
0.0275104
0.0269481
0.0263971
0.0258565
0.0253255
0.0248032
0.0242885
0.0237807
0.0232787
0.0227816
0.0222888
0.0217993
0.0213126
0.020828
0.0203452
0.0198636
0.019383
0.018903
0.0184235
0.0179444
0.0174656
0.0169871
0.0165088
0.0160307
0.0155527
0.0150749
0.0145971
0.0141192
0.0136414
0.0131634
0.0126854
0.0122074
0.0117293
0.0112512
0.0107732
0.0102952
0.00981734
0.0093396
0.00886194
0.00838433
0.00790673
0.00742909
0.00695133
0.0064734
0.00599528
0.00551691
0.00503829
0.00455942
0.00408028
0.00360091
0.00312131
0.0026415
0.00216151
0.00168136
0.00120109
0.000720716
0.000240247
-0.257863
-0.258618
-0.258988
-0.259226
-0.259355
-0.259253
-0.258882
-0.258332
-0.257717
-0.257116
-0.256564
-0.256037
-0.255434
-0.254578
-0.253251
-0.251242
-0.248402
-0.244691
-0.240209
-0.235198
-0.230018
-0.225087
-0.220799
-0.21743
-0.215066
-0.213565
-0.212587
-0.211669
-0.210341
-0.208231
-0.205133
-0.201024
-0.196047
-0.190461
-0.184606
-0.178845
-0.173529
-0.168961
-0.165389
-0.16301
-0.162009
-0.1626
-0.165063
-0.169733
-0.176905
-0.186616
-0.198328
-0.210679
-0.221594
-0.228855
-0.23102
-0.227284
-0.219288
-0.208912
-0.198401
-0.188553
-0.179697
-0.172614
-0.171564
-0.181235
-0.202334
-0.231117
-0.262006
-0.291669
-0.318296
-0.340656
-0.35749
-0.367453
-0.369608
-0.363426
-0.348779
-0.326273
-0.297227
-0.2637
-0.228174
-0.192824
-0.159038
-0.127352
-0.0977714
-0.0702056
-0.0447943
-0.0220552
-0.00286314
0.0117187
0.0207203
0.0235888
0.0204325
0.0120659
-0.000173914
-0.0147469
-0.0302112
-0.0453992
-0.0594531
-0.0717783
-0.0820224
-0.0896188
-0.0946603
-0.096994
-0.0967058
-0.0940825
-0.0896402
-0.0841194
-0.0784347
-0.0735736
-0.0704206
-0.0695035
-0.0707604
-0.073484
-0.076521
-0.0786217
-0.0787592
-0.076315
-0.0711279
-0.0634464
-0.0538294
-0.0429873
-0.0316662
-0.0205359
-0.0101118
-0.000738938
0.0073966
0.0142388
0.0198266
0.0242609
0.0276754
0.0302166
0.0320286
0.0332448
0.0339834
0.034346
0.0344179
0.0342691
0.0339568
0.0335261
0.0330129
0.0324447
0.0318425
0.0312221
0.0305947
0.0299686
0.0293491
0.0287398
0.0281426
0.0275583
0.0269871
0.0264283
0.0258812
0.0253448
0.024818
0.0242998
0.023789
0.0232846
0.0227857
0.0222914
0.0218008
0.0213133
0.0208281
0.0203448
0.0198629
0.019382
0.018902
0.0184225
0.0179434
0.0174647
0.0169863
0.0165082
0.0160302
0.0155523
0.0150745
0.0145968
0.014119
0.0136412
0.0131633
0.0126853
0.0122072
0.0117292
0.0112511
0.010773
0.0102951
0.00981718
0.0093394
0.00886172
0.0083841
0.00790649
0.00742884
0.00695109
0.00647319
0.00599509
0.00551676
0.00503817
0.00455932
0.00408021
0.00360086
0.00312128
0.00264148
0.0021615
0.00168136
0.00120109
0.000720719
0.000240254
-0.255346
-0.256113
-0.256505
-0.256695
-0.256726
-0.256531
-0.256083
-0.255438
-0.25468
-0.253869
-0.253027
-0.252129
-0.251097
-0.249797
-0.248071
-0.245772
-0.242801
-0.239147
-0.2349
-0.230256
-0.225491
-0.220911
-0.216795
-0.213327
-0.210551
-0.208349
-0.206472
-0.204595
-0.202401
-0.199654
-0.196244
-0.192194
-0.187645
-0.182815
-0.177963
-0.173355
-0.169228
-0.165775
-0.163151
-0.161492
-0.160956
-0.161776
-0.164278
-0.168849
-0.175822
-0.185238
-0.196531
-0.208287
-0.21841
-0.224815
-0.22634
-0.222855
-0.216225
-0.2086
-0.201253
-0.194161
-0.18717
-0.181039
-0.179366
-0.186957
-0.205648
-0.232432
-0.26211
-0.291005
-0.317081
-0.338996
-0.355514
-0.365183
-0.367064
-0.360612
-0.345698
-0.322911
-0.293577
-0.259714
-0.223788
-0.187952
-0.153632
-0.121413
-0.0913136
-0.063202
-0.0371313
-0.0135178
0.00684814
0.0229378
0.0337369
0.0385572
0.0372981
0.0305491
0.0194784
0.00556606
-0.00969293
-0.0250029
-0.0393566
-0.052023
-0.0624303
-0.0705705
-0.0759648
-0.0787385
-0.0790791
-0.0773506
-0.0741206
-0.0701416
-0.0663093
-0.0635681
-0.0627155
-0.0641264
-0.0675412
-0.0720818
-0.0765124
-0.0795938
-0.0803651
-0.0782886
-0.0732744
-0.0656302
-0.0559474
-0.044962
-0.0334526
-0.0221056
-0.0114509
-0.00184649
0.00651129
0.0135592
0.0193313
0.0239254
0.0274747
0.0301257
0.0320243
0.0333061
0.0340919
0.0344862
0.0345769
0.0344369
0.0341253
0.0336896
0.0331672
0.0325871
0.0319715
0.0313369
0.0306955
0.0300558
0.0294235
0.0288026
0.0281948
0.0276013
0.0270219
0.0264563
0.0259033
0.0253621
0.0248313
0.0243098
0.0237964
0.02329
0.0227894
0.0222938
0.0218022
0.0213138
0.0208281
0.0203444
0.0198622
0.0193812
0.018901
0.0184215
0.0179425
0.0174639
0.0169856
0.0165076
0.0160297
0.0155519
0.0150742
0.0145965
0.0141188
0.013641
0.0131631
0.0126851
0.0122071
0.0117291
0.011251
0.0107729
0.0102949
0.00981702
0.00933922
0.00886152
0.00838388
0.00790626
0.00742861
0.00695087
0.00647299
0.00599491
0.0055166
0.00503804
0.00455922
0.00408014
0.00360081
0.00312124
0.00264146
0.00216149
0.00168136
0.00120109
0.000720722
0.000240262
-0.252926
-0.253673
-0.254063
-0.254209
-0.254155
-0.253871
-0.253337
-0.252589
-0.251688
-0.250676
-0.249568
-0.248342
-0.246941
-0.24527
-0.24322
-0.240694
-0.237634
-0.234046
-0.230012
-0.225687
-0.221272
-0.216987
-0.213021
-0.209495
-0.206424
-0.20372
-0.201211
-0.198683
-0.19594
-0.192853
-0.189378
-0.185566
-0.181538
-0.177463
-0.173523
-0.169889
-0.166705
-0.164086
-0.162126
-0.160933
-0.160671
-0.161593
-0.164055
-0.168455
-0.175108
-0.184018
-0.194575
-0.205366
-0.214374
-0.21976
-0.220754
-0.217864
-0.213114
-0.208189
-0.20349
-0.198568
-0.193195
-0.188009
-0.185924
-0.19146
-0.207425
-0.231927
-0.260228
-0.28835
-0.313922
-0.335445
-0.351603
-0.361011
-0.362619
-0.356
-0.340943
-0.318043
-0.288658
-0.254724
-0.21869
-0.182617
-0.147943
-0.1153
-0.0847403
-0.0561278
-0.0294658
-0.00509249
0.0162799
0.0336696
0.0460504
0.0526435
0.053186
0.0480695
0.0382899
0.0252322
0.010393
-0.00485339
-0.0193859
-0.0323696
-0.0432192
-0.051753
-0.0576663
-0.0610884
-0.0622682
-0.0616133
-0.0597058
-0.0572913
-0.0552474
-0.0544763
-0.0556787
-0.0590748
-0.0642417
-0.0701991
-0.0756937
-0.0795305
-0.0808166
-0.0790796
-0.0742806
-0.0667636
-0.0571407
-0.0461563
-0.0346025
-0.0231723
-0.0124053
-0.00266947
0.00582906
0.0130183
0.0189253
0.0236425
0.0272995
0.0300414
0.0320134
0.0333521
0.0341797
0.0346026
0.0347109
0.0345794
0.0342695
0.0338302
0.0333005
0.0327105
0.0320835
0.0314369
0.0307834
0.0301319
0.0294887
0.0288576
0.0282407
0.027639
0.0270526
0.0264809
0.0259229
0.0253774
0.0248431
0.0243188
0.0238031
0.0232948
0.0227927
0.0222959
0.0218034
0.0213144
0.0208281
0.020344
0.0198616
0.0193804
0.0189001
0.0184206
0.0179417
0.0174632
0.016985
0.0165071
0.0160293
0.0155516
0.0150739
0.0145963
0.0141186
0.0136408
0.0131629
0.012685
0.012207
0.011729
0.0112509
0.0107728
0.0102948
0.00981689
0.00933906
0.00886134
0.00838368
0.00790605
0.0074284
0.00695067
0.0064728
0.00599474
0.00551646
0.00503792
0.00455913
0.00408007
0.00360076
0.00312121
0.00264144
0.00216148
0.00168136
0.0012011
0.000720725
0.00024027
-0.250684
-0.251394
-0.251765
-0.251871
-0.251746
-0.25138
-0.250761
-0.249913
-0.248877
-0.247684
-0.246344
-0.244841
-0.243136
-0.241167
-0.238866
-0.236173
-0.233062
-0.229551
-0.225711
-0.221659
-0.217541
-0.213509
-0.209687
-0.206148
-0.202898
-0.199874
-0.19697
-0.194059
-0.191036
-0.187843
-0.184482
-0.181007
-0.177513
-0.174114
-0.170921
-0.168032
-0.165526
-0.16347
-0.161934
-0.161025
-0.16092
-0.161889
-0.164287
-0.16848
-0.17472
-0.182943
-0.192505
-0.202058
-0.209755
-0.214082
-0.214793
-0.212881
-0.210137
-0.2075
-0.204802
-0.201468
-0.197385
-0.193153
-0.190935
-0.194674
-0.207773
-0.229681
-0.256384
-0.283709
-0.308857
-0.330073
-0.345957
-0.355169
-0.356648
-0.34992
-0.33486
-0.31204
-0.282831
-0.24904
-0.213162
-0.177074
-0.14221
-0.10924
-0.0782719
-0.0491953
-0.021999
0.00302931
0.0252423
0.0437092
0.0574141
0.0655269
0.0676667
0.0640648
0.0555582
0.0434231
0.0291224
0.0140675
-0.000543956
-0.0137969
-0.0250674
-0.0340662
-0.0406022
-0.0447919
-0.0469161
-0.047399
-0.0468222
-0.0459233
-0.0455578
-0.0465637
-0.0495212
-0.0545071
-0.0609971
-0.0679835
-0.0742447
-0.0786416
-0.0803394
-0.0789134
-0.0743591
-0.0670408
-0.0575739
-0.046708
-0.0352278
-0.0238259
-0.0130462
-0.00326399
0.0053056
0.0125809
0.0185803
0.0233887
0.0271305
0.029947
0.0319817
0.0333704
0.034236
0.034686
0.034812
0.0346905
0.0343841
0.0339436
0.0334092
0.0328121
0.0321765
0.0315204
0.0308572
0.0301963
0.029544
0.0289045
0.02828
0.0276716
0.0270792
0.0265024
0.02594
0.0253909
0.0248536
0.0243268
0.0238091
0.0232992
0.0227959
0.022298
0.0218046
0.021315
0.0208282
0.0203438
0.0198611
0.0193797
0.0188994
0.0184199
0.017941
0.0174625
0.0169845
0.0165066
0.0160289
0.0155513
0.0150737
0.0145961
0.0141184
0.0136407
0.0131628
0.0126849
0.0122069
0.0117289
0.0112508
0.0107727
0.0102947
0.00981677
0.00933893
0.00886118
0.0083835
0.00790586
0.00742821
0.00695048
0.00647262
0.00599457
0.00551631
0.0050378
0.00455903
0.00407999
0.0036007
0.00312117
0.00264141
0.00216147
0.00168135
0.00120109
0.000720726
0.000240278
-0.248692
-0.249359
-0.249705
-0.249773
-0.24959
-0.249154
-0.24846
-0.247522
-0.246369
-0.245022
-0.243491
-0.241766
-0.239824
-0.23763
-0.235146
-0.232343
-0.229215
-0.225789
-0.222124
-0.218308
-0.214443
-0.21063
-0.206948
-0.203441
-0.200112
-0.196924
-0.19382
-0.190737
-0.187634
-0.184495
-0.181342
-0.178221
-0.175196
-0.172329
-0.169681
-0.167299
-0.165228
-0.163517
-0.162236
-0.161502
-0.161505
-0.162515
-0.164856
-0.168827
-0.174594
-0.182021
-0.190454
-0.198606
-0.204859
-0.208344
-0.209094
-0.20834
-0.207376
-0.206471
-0.205155
-0.202917
-0.199829
-0.19646
-0.194441
-0.196794
-0.207061
-0.226052
-0.250809
-0.277217
-0.302019
-0.323076
-0.338838
-0.347974
-0.34944
-0.342737
-0.327826
-0.305281
-0.276422
-0.243079
-0.207504
-0.171572
-0.13665
-0.103436
-0.0721022
-0.0425923
-0.0149105
0.0106789
0.0335759
0.052898
0.0676535
0.0769911
0.0804531
0.0781494
0.0707837
0.0595261
0.0457874
0.0309851
0.0163625
0.0028925
-0.00876043
-0.0182478
-0.0254234
-0.0304031
-0.0334766
-0.0350766
-0.0357872
-0.0363339
-0.0375182
-0.0400678
-0.0444272
-0.0505753
-0.0579648
-0.0656241
-0.0723884
-0.0771731
-0.0791873
-0.0780378
-0.0737401
-0.0666676
-0.0574298
-0.0467677
-0.0354504
-0.0241632
-0.0134493
-0.00368853
0.00489579
0.0122121
0.0182688
0.0231422
0.0269498
0.0298278
0.0319167
0.0333507
0.0342524
0.0347294
0.0348745
0.0347651
0.0344653
0.0340269
0.0334912
0.0328903
0.0322493
0.0315868
0.0309167
0.0302487
0.0295896
0.0289436
0.028313
0.0276992
0.027102
0.0265209
0.025955
0.0254028
0.024863
0.0243342
0.0238147
0.0233034
0.0227989
0.0223001
0.021806
0.0213157
0.0208285
0.0203437
0.0198608
0.0193793
0.0188989
0.0184193
0.0179404
0.0174621
0.0169841
0.0165063
0.0160286
0.0155511
0.0150735
0.0145959
0.0141183
0.0136405
0.0131627
0.0126848
0.0122068
0.0117288
0.0112507
0.0107727
0.0102946
0.00981667
0.00933881
0.00886104
0.00838335
0.0079057
0.00742804
0.00695031
0.00647245
0.00599442
0.00551617
0.00503768
0.00455893
0.00407991
0.00360064
0.00312112
0.00264138
0.00216144
0.00168134
0.00120109
0.000720726
0.000240285
-0.247006
-0.247634
-0.247954
-0.247992
-0.247765
-0.247274
-0.246518
-0.245507
-0.24426
-0.242793
-0.241116
-0.239225
-0.237112
-0.234761
-0.232157
-0.229293
-0.226178
-0.222842
-0.219334
-0.215718
-0.212065
-0.20844
-0.204893
-0.201451
-0.19812
-0.194883
-0.19172
-0.188609
-0.185546
-0.182537
-0.179608
-0.176789
-0.174114
-0.171612
-0.169309
-0.167231
-0.16541
-0.163897
-0.162773
-0.162166
-0.16227
-0.163335
-0.165635
-0.169387
-0.174663
-0.181287
-0.188576
-0.195332
-0.200353
-0.20315
-0.204146
-0.204473
-0.204873
-0.205167
-0.204736
-0.203248
-0.200919
-0.198335
-0.196719
-0.198212
-0.205904
-0.221718
-0.24404
-0.26921
-0.293634
-0.314685
-0.330532
-0.33978
-0.341403
-0.334896
-0.320287
-0.298183
-0.269858
-0.237099
-0.201984
-0.166327
-0.131446
-0.0980536
-0.0663917
-0.0364773
-0.0083549
0.0177104
0.0411478
0.0611155
0.0766532
0.0869105
0.091387
0.0901088
0.083677
0.0731693
0.05994
0.0453937
0.0307962
0.0171582
0.00517683
-0.00476283
-0.0125307
-0.018247
-0.0222147
-0.0248859
-0.0268467
-0.0287727
-0.0313476
-0.0351502
-0.0405154
-0.0473977
-0.0552965
-0.0633127
-0.0703473
-0.0753637
-0.0776026
-0.0766896
-0.0726463
-0.0658452
-0.0568829
-0.0464811
-0.0353883
-0.0242771
-0.0136859
-0.00399691
0.00455943
0.0118818
0.0179683
0.022886
0.0267443
0.0296737
0.0318106
0.0332869
0.0342238
0.0347291
0.0348955
0.0348015
0.0345118
0.0340793
0.033546
0.0329451
0.0323021
0.0316363
0.0309621
0.0302896
0.0296257
0.028975
0.0283401
0.0277221
0.0271211
0.0265368
0.025968
0.0254134
0.0248715
0.0243409
0.02382
0.0233074
0.0228019
0.0223022
0.0218074
0.0213166
0.0208289
0.0203438
0.0198607
0.019379
0.0188985
0.018419
0.0179401
0.0174617
0.0169838
0.016506
0.0160284
0.0155509
0.0150734
0.0145958
0.0141182
0.0136405
0.0131627
0.0126848
0.0122068
0.0117287
0.0112507
0.0107726
0.0102946
0.00981659
0.00933872
0.00886093
0.00838322
0.00790556
0.00742789
0.00695015
0.0064723
0.00599428
0.00551605
0.00503757
0.00455883
0.00407983
0.00360057
0.00312107
0.00264134
0.00216142
0.00168132
0.00120108
0.000720723
0.00024029
-0.245666
-0.246262
-0.246563
-0.246579
-0.246321
-0.245792
-0.244992
-0.243928
-0.242615
-0.241064
-0.239286
-0.237285
-0.235061
-0.232614
-0.229945
-0.227061
-0.22398
-0.220733
-0.217361
-0.213909
-0.210426
-0.206956
-0.20353
-0.200168
-0.196879
-0.193663
-0.190521
-0.187456
-0.184479
-0.181607
-0.178858
-0.17625
-0.173795
-0.171504
-0.169388
-0.167469
-0.165781
-0.164385
-0.163373
-0.16288
-0.163092
-0.164228
-0.166502
-0.170051
-0.17486
-0.180777
-0.186987
-0.192526
-0.196549
-0.198896
-0.200196
-0.201351
-0.202671
-0.203718
-0.203862
-0.202934
-0.201215
-0.199317
-0.198201
-0.19937
-0.205025
-0.217651
-0.237016
-0.260382
-0.28415
-0.305216
-0.321334
-0.330917
-0.332903
-0.326761
-0.312642
-0.291123
-0.263464
-0.231385
-0.196824
-0.161511
-0.126732
-0.0932159
-0.0612669
-0.0309802
-0.00246371
0.0239972
0.0478449
0.0682684
0.0843411
0.0952285
0.100414
0.0998726
0.094134
0.0842037
0.0713841
0.0570588
0.0424997
0.0287393
0.016499
0.00618528
-0.00208587
-0.00845901
-0.0132733
-0.0170034
-0.0201952
-0.0233999
-0.0271314
-0.031835
-0.0378039
-0.0450356
-0.0531112
-0.0612151
-0.068316
-0.0734219
-0.0757972
-0.0750761
-0.0712751
-0.0647529
-0.056087
-0.0459762
-0.0351441
-0.0242467
-0.013815
-0.00423172
0.00426671
0.0115699
0.0176658
0.0226118
0.0265093
0.0294823
0.0316626
0.0331791
0.0341514
0.0346864
0.0348768
0.0348013
0.0345254
0.0341024
0.0335753
0.0329778
0.0323361
0.03167
0.0309943
0.0303196
0.0296531
0.0289995
0.0283616
0.0277407
0.0271371
0.0265503
0.0259792
0.0254227
0.0248791
0.024347
0.0238249
0.0233113
0.0228049
0.0223044
0.021809
0.0213177
0.0208296
0.0203442
0.0198608
0.019379
0.0188984
0.0184188
0.0179399
0.0174615
0.0169836
0.0165059
0.0160283
0.0155508
0.0150733
0.0145957
0.0141181
0.0136404
0.0131626
0.0126847
0.0122067
0.0117287
0.0112506
0.0107726
0.0102945
0.00981654
0.00933865
0.00886085
0.00838313
0.00790545
0.00742777
0.00695003
0.00647217
0.00599415
0.00551593
0.00503746
0.00455874
0.00407975
0.0036005
0.00312101
0.0026413
0.00216139
0.0016813
0.00120107
0.000720716
0.000240293
-0.244688
-0.245264
-0.245552
-0.245557
-0.245283
-0.244732
-0.243906
-0.242811
-0.241458
-0.239858
-0.238023
-0.235959
-0.233677
-0.231184
-0.228493
-0.225619
-0.222584
-0.219418
-0.216153
-0.212826
-0.20947
-0.206115
-0.202785
-0.199496
-0.196261
-0.193091
-0.189996
-0.186993
-0.184096
-0.181323
-0.178686
-0.176194
-0.17385
-0.171658
-0.169628
-0.167783
-0.166167
-0.164851
-0.163934
-0.163552
-0.163877
-0.165091
-0.16735
-0.170727
-0.175161
-0.180439
-0.185779
-0.190371
-0.193661
-0.195733
-0.197271
-0.198939
-0.2008
-0.202291
-0.202857
-0.202411
-0.201227
-0.199899
-0.1993
-0.200529
-0.204933
-0.214891
-0.231062
-0.251945
-0.274449
-0.295246
-0.311639
-0.321712
-0.32426
-0.318716
-0.30521
-0.28439
-0.257483
-0.226143
-0.192185
-0.15726
-0.122614
-0.0890121
-0.0568227
-0.026211
0.0026476
0.0294265
0.0535673
0.074281
0.0906736
0.101936
0.107553
0.107478
0.102195
0.0926602
0.0801333
0.0659759
0.0514556
0.0376189
0.0251987
0.0145993
0.00589879
-0.00109881
-0.00677046
-0.0115637
-0.0159055
-0.0201733
-0.0247332
-0.029969
-0.0361974
-0.043482
-0.0514821
-0.0594614
-0.066458
-0.0715268
-0.0739541
-0.0733754
-0.0697925
-0.0635391
-0.0551688
-0.0453567
-0.0347985
-0.0241314
-0.0138778
-0.00441923
0.00400295
0.0112702
0.0173611
0.0223237
0.0262514
0.0292616
0.0314814
0.0330362
0.0340435
0.0346091
0.0348253
0.0347709
0.0345114
0.034101
0.0335829
0.0329917
0.032354
0.0316901
0.0310151
0.0303402
0.0296727
0.0290177
0.0283781
0.0277554
0.02715
0.0265614
0.0259888
0.0254307
0.0248859
0.0243526
0.0238295
0.023315
0.0228078
0.0223067
0.0218107
0.0213189
0.0208305
0.0203447
0.0198611
0.0193791
0.0188984
0.0184187
0.0179398
0.0174615
0.0169835
0.0165058
0.0160282
0.0155507
0.0150732
0.0145957
0.0141181
0.0136403
0.0131626
0.0126847
0.0122067
0.0117287
0.0112506
0.0107725
0.0102945
0.0098165
0.0093386
0.00886079
0.00838306
0.00790537
0.00742767
0.00694993
0.00647207
0.00599405
0.00551582
0.00503736
0.00455865
0.00407967
0.00360044
0.00312096
0.00264125
0.00216135
0.00168127
0.00120105
0.000720706
0.000240293
-0.244061
-0.244627
-0.244913
-0.244916
-0.244638
-0.244079
-0.243244
-0.242138
-0.24077
-0.23915
-0.237291
-0.235204
-0.232903
-0.230401
-0.227715
-0.224865
-0.221876
-0.218773
-0.215584
-0.212339
-0.209064
-0.205782
-0.202514
-0.199275
-0.196082
-0.19295
-0.189894
-0.186934
-0.184085
-0.181362
-0.178776
-0.17633
-0.174025
-0.171866
-0.169866
-0.168055
-0.166484
-0.16523
-0.164397
-0.164119
-0.16455
-0.16584
-0.168096
-0.171338
-0.175478
-0.180275
-0.18496
-0.188885
-0.191692
-0.19359
-0.195245
-0.197175
-0.199304
-0.201059
-0.20198
-0.201975
-0.201248
-0.200363
-0.200196
-0.201659
-0.205741
-0.21402
-0.227445
-0.245513
-0.266017
-0.285888
-0.302195
-0.312667
-0.315838
-0.311015
-0.298246
-0.278212
-0.252101
-0.221519
-0.188182
-0.153665
-0.119185
-0.085534
-0.053146
-0.0222685
0.00686396
0.0338838
0.0582147
0.0790818
0.095621
0.107051
0.112874
0.113038
0.108007
0.0987046
0.0863618
0.0723153
0.0578251
0.0439534
0.0314147
0.0205622
0.0114209
0.003762
-0.00276737
-0.00851351
-0.0137548
-0.0187381
-0.0237689
-0.0292383
-0.0355008
-0.0426628
-0.050435
-0.0581487
-0.0649142
-0.0698411
-0.0722415
-0.0717499
-0.0683447
-0.06233
-0.054233
-0.0447053
-0.0344119
-0.0239716
-0.0138972
-0.00456826
0.00377022
0.0109928
0.0170695
0.0220402
0.0259906
0.0290319
0.0312864
0.0328763
0.0339166
0.0345118
0.0347537
0.0347207
0.0344788
0.0340822
0.0335748
0.0329914
0.0323593
0.0316992
0.0310265
0.0303527
0.0296856
0.0290303
0.02839
0.0277664
0.0271599
0.0265702
0.0259965
0.0254374
0.0248916
0.0243575
0.0238335
0.0233182
0.0228104
0.0223088
0.0218123
0.0213201
0.0208314
0.0203453
0.0198615
0.0193794
0.0188986
0.0184188
0.0179399
0.0174615
0.0169835
0.0165058
0.0160282
0.0155507
0.0150732
0.0145956
0.014118
0.0136403
0.0131625
0.0126846
0.0122067
0.0117287
0.0112506
0.0107725
0.0102945
0.00981648
0.00933858
0.00886076
0.00838302
0.00790531
0.00742761
0.00694985
0.00647199
0.00599396
0.00551574
0.00503728
0.00455857
0.0040796
0.00360037
0.0031209
0.00264121
0.00216131
0.00168124
0.00120103
0.000720692
0.000240288
-0.243739
-0.244306
-0.244595
-0.244604
-0.24433
-0.243775
-0.242943
-0.241839
-0.240472
-0.238853
-0.236993
-0.234907
-0.23261
-0.230117
-0.227449
-0.224625
-0.221669
-0.218606
-0.215461
-0.212259
-0.209024
-0.205777
-0.202537
-0.199322
-0.196149
-0.193035
-0.189997
-0.187054
-0.184221
-0.181512
-0.178935
-0.176493
-0.174191
-0.172034
-0.17004
-0.168243
-0.166702
-0.165495
-0.16473
-0.164539
-0.165061
-0.166419
-0.168685
-0.171841
-0.175764
-0.180254
-0.184476
-0.187973
-0.190483
-0.192256
-0.193956
-0.195992
-0.198238
-0.200168
-0.201375
-0.201719
-0.20133
-0.200751
-0.200924
-0.202729
-0.206967
-0.214681
-0.226542
-0.242354
-0.26066
-0.278979
-0.294529
-0.304905
-0.308423
-0.304203
-0.292151
-0.27289
-0.247556
-0.2177
-0.184958
-0.150845
-0.116552
-0.0828941
-0.0503637
-0.0192768
0.0100611
0.0372374
0.0616639
0.0825735
0.0991291
0.110577
0.11644
0.116677
0.111746
0.102555
0.0903152
0.0763331
0.0618561
0.0479554
0.0352769
0.024115
0.0144891
0.00620518
-0.00100743
-0.00739143
-0.0131424
-0.018474
-0.0237029
-0.0292431
-0.0354573
-0.0424518
-0.0499566
-0.0573551
-0.0638267
-0.0685409
-0.0708436
-0.0703736
-0.0670852
-0.0612521
-0.0533778
-0.0440929
-0.0340298
-0.0237903
-0.0138777
-0.00466866
0.00358942
0.0107658
0.0168237
0.0217957
0.0257612
0.028826
0.0311082
0.0327266
0.0337946
0.0344152
0.0346794
0.0346655
0.0344394
0.0340556
0.0335584
0.0329828
0.0323566
0.0317008
0.0310309
0.030359
0.0296929
0.029038
0.0283977
0.0277738
0.0271669
0.0265766
0.0260022
0.0254425
0.024896
0.0243612
0.0238366
0.0233209
0.0228126
0.0223105
0.0218137
0.0213212
0.0208322
0.020346
0.019862
0.0193797
0.0188988
0.018419
0.01794
0.0174616
0.0169836
0.0165058
0.0160282
0.0155507
0.0150732
0.0145956
0.014118
0.0136403
0.0131625
0.0126846
0.0122067
0.0117286
0.0112506
0.0107725
0.0102945
0.00981648
0.00933858
0.00886076
0.00838301
0.00790529
0.00742758
0.00694981
0.00647193
0.0059939
0.00551567
0.00503721
0.0045585
0.00407953
0.00360031
0.00312085
0.00264116
0.00216127
0.00168121
0.00120101
0.000720678
0.00024028
-0.243657
-0.244231
-0.24453
-0.244548
-0.244284
-0.243739
-0.242916
-0.241823
-0.240466
-0.238856
-0.237007
-0.234933
-0.232648
-0.23017
-0.227518
-0.224713
-0.221776
-0.218732
-0.215604
-0.212416
-0.209192
-0.205952
-0.202717
-0.199504
-0.196331
-0.193216
-0.190177
-0.18723
-0.184392
-0.181674
-0.179084
-0.176627
-0.174308
-0.172139
-0.170134
-0.168338
-0.166809
-0.16563
-0.164912
-0.164783
-0.165375
-0.166799
-0.169098
-0.17223
-0.175999
-0.180369
-0.18425
-0.187464
-0.189758
-0.191455
-0.193168
-0.195268
-0.197605
-0.199672
-0.201058
-0.201576
-0.201343
-0.200942
-0.201367
-0.203542
-0.20814
-0.216023
-0.227556
-0.24244
-0.259417
-0.276405
-0.290862
-0.300539
-0.303764
-0.299597
-0.287857
-0.269066
-0.244303
-0.214991
-0.182704
-0.148909
-0.114775
-0.0811277
-0.0485014
-0.0172636
0.0122317
0.03952
0.0639834
0.0848589
0.10134
0.112699
0.118482
0.118664
0.113706
0.104508
0.0922693
0.0783012
0.0637855
0.049758
0.0368338
0.0253418
0.015336
0.0066728
-0.000862788
-0.00747758
-0.0133691
-0.018783
-0.0240666
-0.0296356
-0.0358259
-0.042714
-0.0500238
-0.0571645
-0.0633644
-0.0678448
-0.0699918
-0.0694642
-0.0661953
-0.0604398
-0.0526942
-0.0435713
-0.033667
-0.0235715
-0.0137796
-0.00466393
0.00352747
0.0106612
0.0166961
0.0216602
0.0256284
0.0287029
0.0309986
0.0326324
0.0337159
0.0343511
0.0346286
0.0346263
0.0344101
0.0340345
0.0335439
0.0329735
0.0323513
0.0316983
0.031031
0.0303606
0.0296954
0.0290412
0.0284012
0.0277774
0.0271703
0.0265798
0.0260052
0.0254452
0.0248983
0.0243633
0.0238384
0.0233224
0.0228138
0.0223115
0.0218145
0.0213218
0.0208327
0.0203463
0.0198622
0.0193799
0.018899
0.0184191
0.0179401
0.0174616
0.0169836
0.0165059
0.0160283
0.0155507
0.0150732
0.0145956
0.014118
0.0136403
0.0131625
0.0126846
0.0122067
0.0117286
0.0112506
0.0107725
0.0102945
0.0098165
0.0093386
0.00886077
0.00838302
0.0079053
0.00742758
0.0069498
0.00647191
0.00599388
0.00551564
0.00503717
0.00455846
0.00407949
0.00360027
0.00312081
0.00264113
0.00216125
0.00168119
0.00120099
0.000720668
0.000240273
-0.243767
-0.244355
-0.244668
-0.2447
-0.244449
-0.243917
-0.243108
-0.242027
-0.240683
-0.239087
-0.237251
-0.235189
-0.232917
-0.230452
-0.227811
-0.225014
-0.222084
-0.219042
-0.215913
-0.212721
-0.209488
-0.206237
-0.202989
-0.199761
-0.196574
-0.193443
-0.190386
-0.187422
-0.184563
-0.181822
-0.179207
-0.176723
-0.174377
-0.172174
-0.170154
-0.168343
-0.166807
-0.165633
-0.164934
-0.164842
-0.165488
-0.166974
-0.16935
-0.17253
-0.176327
-0.180501
-0.184216
-0.18718
-0.18928
-0.190861
-0.192582
-0.194787
-0.197281
-0.199512
-0.200971
-0.201477
-0.201202
-0.200833
-0.20141
-0.203884
-0.209032
-0.217414
-0.229442
-0.244576
-0.261484
-0.277969
-0.29171
-0.300622
-0.303159
-0.298458
-0.286377
-0.26743
-0.242667
-0.213447
-0.181289
-0.147589
-0.113492
-0.0798203
-0.0471209
-0.0157862
0.0138052
0.0411683
0.0656598
0.0865245
0.102967
0.114262
0.119956
0.120028
0.114938
0.105582
0.0931437
0.0788776
0.0640641
0.0496901
0.0364372
0.0246893
0.0145254
0.00581309
-0.00168029
-0.00820234
-0.0139974
-0.0193489
-0.024621
-0.0302169
-0.0364364
-0.0433173
-0.0505582
-0.0575647
-0.0635821
-0.0678628
-0.0698277
-0.069158
-0.0658079
-0.0600233
-0.0522618
-0.0431693
-0.0333166
-0.0232796
-0.0135448
-0.00448039
0.00366715
0.0107653
0.016772
0.0217144
0.025666
0.0287282
0.0310149
0.0326422
0.0337211
0.0343533
0.0346286
0.034625
0.034408
0.0340321
0.0335413
0.032971
0.032349
0.0316961
0.0310289
0.0303587
0.0296938
0.0290398
0.0284001
0.0277764
0.0271695
0.0265792
0.0260047
0.0254447
0.024898
0.024363
0.0238382
0.0233222
0.0228136
0.0223114
0.0218144
0.0213218
0.0208326
0.0203463
0.0198622
0.0193799
0.018899
0.0184191
0.0179401
0.0174616
0.0169836
0.0165059
0.0160283
0.0155507
0.0150732
0.0145956
0.014118
0.0136403
0.0131625
0.0126846
0.0122067
0.0117286
0.0112506
0.0107725
0.0102945
0.00981652
0.00933863
0.0088608
0.00838305
0.00790533
0.0074276
0.00694982
0.00647193
0.00599388
0.00551564
0.00503718
0.00455846
0.00407949
0.00360027
0.00312081
0.00264113
0.00216124
0.00168119
0.00120099
0.00072067
0.000240272
-0.26669
-0.266072
-0.266582
-0.268146
-0.270344
-0.272501
-0.274073
-0.274858
-0.274948
-0.274596
-0.274056
-0.273517
-0.273095
-0.272861
-0.272851
-0.273052
-0.273415
-0.273875
-0.274376
-0.274893
-0.275446
-0.276118
-0.277093
-0.278675
-0.281281
-0.28544
-0.291684
-0.300472
-0.311639
-0.324342
-0.336338
-0.345687
-0.350614
-0.350043
-0.343627
-0.331573
-0.314398
-0.292717
-0.267178
-0.238311
-0.206759
-0.173266
-0.138782
-0.104477
-0.0716969
-0.0418199
-0.0161261
0.00439888
0.019201
0.0280906
0.0315075
0.0300247
0.0245783
0.0161903
0.00586371
-0.00549277
-0.0171124
-0.0283894
-0.0388752
-0.0482813
-0.0563444
-0.0630089
-0.068215
-0.0719661
-0.074315
-0.07537
-0.0753085
-0.0743841
-0.072905
-0.0711847
-0.0694862
-0.0679934
-0.0668093
-0.0659525
-0.0653381
-0.0647836
-0.0640892
-0.0631616
-0.0621491
-0.0613459
-0.0611149
-0.0617572
-0.063462
-0.0663299
-0.0704194
-0.0757826
-0.0823746
-0.0902334
-0.0993036
-0.109473
-0.120535
-0.132182
-0.143958
-0.155309
-0.165514
-0.173826
-0.179478
-0.181757
-0.180058
-0.173947
-0.163206
-0.147857
-0.128201
-0.104928
-0.0790126
-0.051733
-0.024525
0.00112749
0.024001
0.0432146
0.0582814
0.0691302
0.0760393
0.0795383
0.0802729
0.0789043
0.0760347
0.0721655
0.0677555
0.0630995
0.0584467
0.0539772
0.0498166
0.0460465
0.042712
0.0398284
0.037387
0.0353604
0.0337087
0.0323841
0.0313358
0.0305132
0.0298689
0.0293604
0.028951
0.0286097
0.0283117
0.0280379
0.0277723
0.0275049
0.027228
0.0269368
0.0266283
0.0263014
0.0259559
0.0255926
0.0252124
0.0248169
0.0244076
0.0239862
0.0235541
0.0231128
0.0226638
0.0222083
0.0217476
0.0212825
0.0208139
0.0203426
0.019869
0.0193938
0.0189171
0.0184395
0.017961
0.0174821
0.0170028
0.0165234
0.016044
0.0155646
0.0150852
0.0146059
0.0141266
0.0136475
0.0131684
0.0126895
0.0122109
0.0117325
0.0112545
0.0107767
0.0102991
0.00982165
0.00934419
0.00886666
0.00838896
0.00791105
0.0074329
0.0069545
0.00647585
0.00599699
0.00551794
0.00503871
0.00455934
0.00407983
0.00360021
0.00312047
0.00264064
0.0021607
0.00168068
0.00120057
0.000720398
0.000240169
-0.266874
-0.266381
-0.266981
-0.268543
-0.270648
-0.27265
-0.274057
-0.274709
-0.274738
-0.274397
-0.273917
-0.273454
-0.273106
-0.272931
-0.27296
-0.273179
-0.273541
-0.273985
-0.274463
-0.27496
-0.275501
-0.276163
-0.27711
-0.278614
-0.281048
-0.284866
-0.290684
-0.298973
-0.309793
-0.322397
-0.334816
-0.344818
-0.35041
-0.350361
-0.344281
-0.332416
-0.315355
-0.293773
-0.268356
-0.239624
-0.208201
-0.174821
-0.140407
-0.106116
-0.0732975
-0.0433422
-0.0175547
0.00306227
0.0179411
0.026923
0.0303664
0.0289236
0.0235226
0.0151875
0.00492336
-0.00636171
-0.0179026
-0.0290949
-0.0394872
-0.0487513
-0.0567326
-0.0632578
-0.0682915
-0.0718455
-0.0739789
-0.0748152
-0.0745588
-0.0734962
-0.0719628
-0.0702778
-0.0686833
-0.067328
-0.0662858
-0.0655647
-0.0650822
-0.0646533
-0.0640638
-0.0632189
-0.0622273
-0.0614041
-0.061129
-0.0617183
-0.0633658
-0.0661719
-0.0701922
-0.0754399
-0.0819619
-0.0897243
-0.098692
-0.108765
-0.119759
-0.131375
-0.143161
-0.15458
-0.164923
-0.173433
-0.179334
-0.181894
-0.180492
-0.174668
-0.164181
-0.149039
-0.129549
-0.106338
-0.0804103
-0.053043
-0.0256754
0.000167554
0.0232501
0.0426621
0.0579008
0.0688879
0.0759081
0.0794924
0.0802896
0.0789637
0.0761237
0.0722965
0.0678824
0.0632235
0.058563
0.0540814
0.0499062
0.0461205
0.0427709
0.0398734
0.0374199
0.0353834
0.0337239
0.0323935
0.0313409
0.0305153
0.0298692
0.0293596
0.0289495
0.0286079
0.02831
0.0280358
0.0277705
0.0275033
0.0272266
0.0269356
0.0266273
0.0263006
0.0259552
0.025592
0.0252119
0.0248165
0.0244073
0.0239859
0.0235539
0.0231126
0.0226637
0.0222082
0.0217475
0.0212824
0.0208138
0.0203425
0.019869
0.0193937
0.0189171
0.0184394
0.017961
0.0174821
0.0170028
0.0165234
0.016044
0.0155646
0.0150852
0.0146059
0.0141266
0.0136474
0.0131684
0.0126895
0.0122109
0.0117325
0.0112545
0.0107767
0.0102991
0.00982163
0.00934417
0.00886664
0.00838895
0.00791104
0.00743288
0.00695448
0.00647584
0.00599698
0.00551792
0.0050387
0.00455933
0.00407982
0.0036002
0.00312047
0.00264063
0.0021607
0.00168068
0.00120057
0.000720395
0.000240167
-0.267
-0.266578
-0.267309
-0.268978
-0.271116
-0.273069
-0.27435
-0.274838
-0.274714
-0.274277
-0.273771
-0.273332
-0.273034
-0.27292
-0.273006
-0.273268
-0.273651
-0.274093
-0.27455
-0.27501
-0.275503
-0.276103
-0.276962
-0.278321
-0.28052
-0.28405
-0.289625
-0.298038
-0.309627
-0.323488
-0.337302
-0.348365
-0.354458
-0.354387
-0.347955
-0.335624
-0.318152
-0.296333
-0.270716
-0.241953
-0.210551
-0.177176
-0.142723
-0.108336
-0.075381
-0.0452747
-0.0193496
0.00139965
0.0163771
0.0254224
0.0288795
0.0274333
0.0220212
0.0136804
0.00342539
-0.00783256
-0.0193314
-0.0304737
-0.0408171
-0.0500538
-0.0580043
-0.0645187
-0.0695267
-0.0730218
-0.075048
-0.0757141
-0.0752199
-0.0738649
-0.0720181
-0.0700504
-0.0682573
-0.0668155
-0.0657883
-0.0651501
-0.0647863
-0.0644844
-0.063996
-0.0631934
-0.0621779
-0.0612826
-0.0609178
-0.0614244
-0.0629998
-0.0657409
-0.0697027
-0.074904
-0.0813752
-0.0891082
-0.0980756
-0.108194
-0.119295
-0.13108
-0.143118
-0.154841
-0.165531
-0.174403
-0.180653
-0.183531
-0.1824
-0.176789
-0.166454
-0.151395
-0.131912
-0.108623
-0.0825142
-0.0548753
-0.0271379
-0.000909016
0.0225607
0.0423172
0.0578202
0.0689835
0.0761
0.0797179
0.0805068
0.0791486
0.076265
0.0723879
0.067937
0.0632447
0.0585559
0.0540517
0.0498595
0.0460621
0.0427057
0.0398061
0.0373542
0.0353223
0.0336695
0.0323468
0.0313023
0.0304848
0.0298461
0.0293429
0.0289383
0.0286012
0.0283068
0.0280354
0.0277719
0.027506
0.0272301
0.0269395
0.0266314
0.0263046
0.025959
0.0255955
0.0252151
0.0248193
0.0244098
0.023988
0.0235557
0.0231142
0.0226649
0.0222093
0.0217483
0.0212831
0.0208144
0.0203429
0.0198693
0.0193939
0.0189173
0.0184395
0.0179611
0.0174821
0.0170028
0.0165234
0.016044
0.0155645
0.0150852
0.0146059
0.0141266
0.0136474
0.0131683
0.0126894
0.0122108
0.0117325
0.0112544
0.0107766
0.0102991
0.0098216
0.00934416
0.00886663
0.00838894
0.00791103
0.00743288
0.00695448
0.00647584
0.00599698
0.00551793
0.00503871
0.00455934
0.00407984
0.00360021
0.00312048
0.00264065
0.00216071
0.00168069
0.00120058
0.000720399
0.00024017
-0.267059
-0.266747
-0.267679
-0.269545
-0.271798
-0.273758
-0.274929
-0.275215
-0.27485
-0.274213
-0.273591
-0.273125
-0.272868
-0.272827
-0.273003
-0.273342
-0.273773
-0.274225
-0.274656
-0.275062
-0.275475
-0.27597
-0.276692
-0.277856
-0.279796
-0.283119
-0.28893
-0.29855
-0.312335
-0.328629
-0.344245
-0.356012
-0.361825
-0.360891
-0.353413
-0.340138
-0.321999
-0.299728
-0.273958
-0.245167
-0.213793
-0.180428
-0.145938
-0.111461
-0.0783868
-0.0481304
-0.0220792
-0.00125365
0.0137347
0.022749
0.026144
0.0246359
0.019183
0.0108372
0.000619162
-0.0105649
-0.0219677
-0.0330129
-0.0432821
-0.052488
-0.0604467
-0.0670223
-0.072127
-0.0757189
-0.0778021
-0.078442
-0.077794
-0.0761251
-0.0738055
-0.0712586
-0.0688788
-0.0669487
-0.0656002
-0.0648178
-0.064448
-0.064215
-0.0638046
-0.0630324
-0.0619768
-0.0609814
-0.0604947
-0.0608955
-0.0623765
-0.0650648
-0.0689847
-0.0741676
-0.0806468
-0.0884354
-0.097521
-0.10784
-0.11923
-0.131397
-0.143889
-0.156091
-0.167258
-0.176566
-0.183194
-0.186383
-0.185499
-0.180076
-0.169889
-0.154909
-0.135413
-0.111998
-0.0856312
-0.0576168
-0.0293134
-0.00254858
0.0214692
0.0416994
0.0575623
0.068962
0.0762027
0.0798573
0.0806254
0.0792167
0.0762738
0.0723405
0.0678458
0.063119
0.0584064
0.0538885
0.0496911
0.0458958
0.0425474
0.0396603
0.0372242
0.0352101
0.0335756
0.032271
0.0312434
0.030441
0.0298153
0.029323
0.0289272
0.0285969
0.0283075
0.02804
0.0277786
0.0275141
0.0272389
0.0269484
0.0266401
0.0263128
0.0259665
0.0256022
0.025221
0.0248245
0.0244142
0.0239918
0.0235588
0.0231168
0.0226671
0.022211
0.0217498
0.0212842
0.0208153
0.0203436
0.0198698
0.0193943
0.0189175
0.0184397
0.0179612
0.0174821
0.0170028
0.0165234
0.0160439
0.0155645
0.0150851
0.0146058
0.0141265
0.0136473
0.0131683
0.0126894
0.0122107
0.0117324
0.0112543
0.0107766
0.010299
0.00982157
0.00934413
0.00886661
0.00838893
0.00791103
0.00743289
0.00695449
0.00647585
0.005997
0.00551795
0.00503873
0.00455936
0.00407986
0.00360024
0.00312051
0.00264067
0.00216073
0.0016807
0.00120059
0.000720407
0.000240173
-0.267033
-0.266916
-0.2681
-0.270202
-0.272604
-0.274597
-0.275672
-0.275747
-0.275097
-0.274188
-0.273381
-0.272845
-0.27262
-0.272671
-0.272966
-0.273412
-0.273912
-0.274384
-0.274785
-0.275118
-0.275427
-0.275782
-0.276322
-0.277234
-0.278913
-0.282307
-0.289202
-0.301303
-0.318249
-0.337086
-0.353837
-0.365386
-0.370152
-0.367876
-0.35913
-0.344882
-0.32606
-0.303459
-0.277596
-0.248842
-0.217559
-0.184271
-0.149817
-0.115329
-0.0822231
-0.0519595
-0.0259392
-0.00521135
0.00962355
0.0184634
0.0216935
0.0200678
0.0145697
0.00626204
-0.00383877
-0.0148465
-0.0260469
-0.0369033
-0.0470365
-0.0561881
-0.0641835
-0.0708873
-0.0761928
-0.0800206
-0.0823244
-0.0831166
-0.0824938
-0.0806578
-0.0779243
-0.0747038
-0.0714513
-0.0685851
-0.0663999
-0.0649997
-0.0642672
-0.0638858
-0.0634541
-0.0626879
-0.0615944
-0.0604968
-0.0598747
-0.0601395
-0.0615523
-0.0641925
-0.0681007
-0.0733135
-0.0798736
-0.087814
-0.0971375
-0.107793
-0.119619
-0.1323
-0.145343
-0.158095
-0.169777
-0.179541
-0.186559
-0.190075
-0.189462
-0.184272
-0.174291
-0.159443
-0.139971
-0.116443
-0.0898077
-0.061395
-0.0323417
-0.00496477
0.0197169
0.0405294
0.0568426
0.0685459
0.0759552
0.0796732
0.0804363
0.0789891
0.0760016
0.0720331
0.0675178
0.0627864
0.0580822
0.0535822
0.049409
0.0456419
0.0423241
0.0394686
0.0370637
0.0350794
0.0334727
0.0321931
0.0311874
0.0304034
0.0297929
0.0293126
0.0289259
0.0286023
0.0283174
0.0280517
0.0277929
0.0275291
0.0272537
0.0269626
0.0266532
0.0263247
0.0259772
0.0256115
0.0252291
0.0248313
0.0244199
0.0239966
0.0235628
0.02312
0.0226697
0.0222132
0.0217515
0.0212855
0.0208162
0.0203443
0.0198703
0.0193946
0.0189177
0.0184398
0.0179612
0.0174822
0.0170028
0.0165234
0.0160439
0.0155644
0.0150851
0.0146057
0.0141264
0.0136472
0.0131682
0.0126893
0.0122107
0.0117323
0.0112543
0.0107765
0.010299
0.00982153
0.0093441
0.00886659
0.00838892
0.00791102
0.00743289
0.0069545
0.00647586
0.00599701
0.00551797
0.00503875
0.00455939
0.00407989
0.00360027
0.00312054
0.0026407
0.00216076
0.00168073
0.00120061
0.000720417
0.000240175
-0.266898
-0.26704
-0.268471
-0.270801
-0.273356
-0.2754
-0.276409
-0.276307
-0.275393
-0.274204
-0.273185
-0.27255
-0.272333
-0.272496
-0.272922
-0.273488
-0.274061
-0.274548
-0.274906
-0.275146
-0.275317
-0.275493
-0.275768
-0.276346
-0.277809
-0.281755
-0.29071
-0.306124
-0.326252
-0.346878
-0.363816
-0.374483
-0.377925
-0.374299
-0.364424
-0.349342
-0.330023
-0.307208
-0.281341
-0.252701
-0.221577
-0.188447
-0.154124
-0.119752
-0.0867855
-0.0567255
-0.0309785
-0.0105955
0.00385668
0.0123309
0.0152646
0.0134578
0.00792047
-0.000280684
-0.0101489
-0.0208388
-0.031693
-0.0422383
-0.0521535
-0.0612221
-0.0692845
-0.0761975
-0.0818209
-0.086025
-0.0887045
-0.0898086
-0.0893724
-0.0875328
-0.0845365
-0.0807345
-0.0765638
-0.0725088
-0.0690241
-0.0664206
-0.0647519
-0.0637736
-0.063046
-0.0621692
-0.0610187
-0.0598325
-0.059084
-0.0592355
-0.0605733
-0.0631954
-0.0671396
-0.0724454
-0.0791662
-0.0873509
-0.097014
-0.108101
-0.120446
-0.133696
-0.147325
-0.160644
-0.172855
-0.183086
-0.190512
-0.194383
-0.194082
-0.189192
-0.179454
-0.164795
-0.145403
-0.121799
-0.0948917
-0.0659296
-0.0363579
-0.00816081
0.017276
0.0387484
0.0555772
0.0676339
0.0752479
0.0790547
0.0798321
0.0783648
0.0753545
0.0713785
0.0668802
0.0621898
0.057543
0.0531089
0.0490041
0.0453032
0.0420471
0.0392475
0.0368923
0.034951
0.0333809
0.0321317
0.0311507
0.0303863
0.0297906
0.0293213
0.0289422
0.0286235
0.0283412
0.0280769
0.0278176
0.0275526
0.0272757
0.0269826
0.0266711
0.0263404
0.0259908
0.0256232
0.0252389
0.0248395
0.0244267
0.024002
0.0235672
0.0231236
0.0226726
0.0222154
0.0217532
0.0212868
0.0208172
0.0203449
0.0198707
0.0193948
0.0189178
0.0184398
0.0179612
0.0174821
0.0170027
0.0165232
0.0160438
0.0155643
0.0150849
0.0146056
0.0141263
0.0136471
0.0131681
0.0126892
0.0122106
0.0117322
0.0112542
0.0107765
0.0102989
0.00982149
0.00934407
0.00886656
0.00838889
0.00791101
0.00743288
0.00695449
0.00647587
0.00599703
0.00551799
0.00503878
0.00455942
0.00407993
0.00360031
0.00312057
0.00264073
0.00216079
0.00168075
0.00120063
0.000720427
0.000240174
-0.266639
-0.267054
-0.268681
-0.271198
-0.273888
-0.275993
-0.276983
-0.276761
-0.275659
-0.274253
-0.273053
-0.27233
-0.27213
-0.272384
-0.272931
-0.273599
-0.274226
-0.274699
-0.274977
-0.275072
-0.275026
-0.274923
-0.274795
-0.274905
-0.276269
-0.281312
-0.292997
-0.311838
-0.334523
-0.35607
-0.372615
-0.382245
-0.384495
-0.37977
-0.36903
-0.353338
-0.33369
-0.310788
-0.285009
-0.256559
-0.225666
-0.192772
-0.158698
-0.124613
-0.0920134
-0.0624387
-0.037281
-0.0175571
-0.00376972
0.00411509
0.00660784
0.00456279
-0.000984677
-0.00897567
-0.0184532
-0.0286392
-0.0389624
-0.0490413
-0.0586355
-0.0675842
-0.0757469
-0.0829629
-0.0890422
-0.0937855
-0.097011
-0.098587
-0.0984764
-0.0967528
-0.0936052
-0.0893313
-0.0843232
-0.0790553
-0.0740506
-0.0697944
-0.0665844
-0.0643964
-0.0628918
-0.06162
-0.0603041
-0.0590239
-0.0581735
-0.05823
-0.0595205
-0.0621662
-0.0662012
-0.0716644
-0.0786162
-0.0871154
-0.097181
-0.108749
-0.121634
-0.135464
-0.149679
-0.163561
-0.176304
-0.187006
-0.194848
-0.199089
-0.199122
-0.194554
-0.185112
-0.170699
-0.151451
-0.12782
-0.100668
-0.0712233
-0.0410371
-0.0120285
0.0141999
0.0363681
0.0537423
0.0661765
0.0740159
0.077932
0.0787458
0.0772831
0.074279
0.0703308
0.065893
0.0612932
0.0567594
0.0524482
0.0484649
0.0448769
0.0417208
0.0390066
0.0367223
0.0348386
0.033314
0.0321001
0.0311455
0.0304002
0.0298176
0.0293567
0.0289822
0.0286651
0.0283826
0.0281166
0.0278544
0.0275862
0.0273057
0.027009
0.0266941
0.0263601
0.0260075
0.0256371
0.0252504
0.0248488
0.0244342
0.024008
0.0235719
0.0231273
0.0226755
0.0222177
0.0217549
0.021288
0.020818
0.0203454
0.0198709
0.0193949
0.0189178
0.0184397
0.017961
0.0174819
0.0170026
0.0165231
0.0160436
0.0155641
0.0150848
0.0146054
0.0141262
0.013647
0.0131679
0.0126891
0.0122105
0.0117322
0.0112541
0.0107764
0.0102989
0.00982144
0.00934402
0.00886652
0.00838885
0.00791097
0.00743285
0.00695448
0.00647587
0.00599704
0.00551801
0.00503881
0.00455945
0.00407996
0.00360035
0.00312061
0.00264077
0.00216082
0.00168077
0.00120064
0.000720438
0.000240173
-0.266261
-0.266912
-0.268665
-0.271309
-0.274097
-0.27626
-0.277259
-0.277001
-0.275822
-0.274312
-0.273021
-0.27226
-0.272094
-0.272432
-0.273078
-0.27382
-0.274454
-0.274849
-0.274957
-0.274791
-0.274377
-0.273782
-0.273006
-0.2725
-0.273904
-0.280495
-0.295142
-0.317032
-0.341542
-0.363463
-0.379482
-0.388253
-0.389621
-0.384149
-0.372802
-0.356728
-0.336926
-0.314068
-0.288468
-0.260269
-0.229663
-0.19709
-0.163402
-0.129825
-0.0978848
-0.0691409
-0.0449463
-0.026242
-0.0134295
-0.00636634
-0.00445017
-0.00676644
-0.0122599
-0.0198949
-0.0287786
-0.0382309
-0.0477998
-0.0572271
-0.0663792
-0.0751652
-0.0834658
-0.0910921
-0.0977852
-0.103253
-0.107217
-0.109445
-0.109813
-0.108321
-0.105104
-0.100422
-0.0946401
-0.0882106
-0.081659
-0.0755478
-0.0703694
-0.0663806
-0.0634953
-0.0613632
-0.0596229
-0.0581659
-0.0572239
-0.0572162
-0.0584933
-0.0612045
-0.0653813
-0.0710551
-0.0782861
-0.0871367
-0.0976262
-0.109681
-0.123093
-0.137477
-0.152254
-0.166674
-0.179942
-0.191093
-0.199334
-0.20393
-0.204296
-0.200065
-0.19095
-0.176834
-0.1578
-0.13422
-0.106886
-0.0770121
-0.046211
-0.0164282
0.0105779
0.0334308
0.0513406
0.064147
0.0722147
0.0762533
0.0771275
0.0757025
0.0727439
0.0688685
0.0645391
0.0600814
0.0557164
0.0515858
0.04778
0.0443553
0.0413415
0.0387461
0.0365572
0.0347477
0.0332789
0.0321053
0.0311786
0.0304514
0.0298794
0.0294234
0.0290497
0.0287307
0.0284441
0.0281731
0.0279051
0.0276311
0.0273448
0.0270427
0.0267227
0.0263841
0.0260274
0.0256535
0.0252636
0.0248594
0.0244425
0.0240145
0.0235769
0.0231311
0.0226784
0.0222198
0.0217563
0.021289
0.0208185
0.0203457
0.0198709
0.0193948
0.0189175
0.0184395
0.0179608
0.0174817
0.0170023
0.0165228
0.0160433
0.0155639
0.0150845
0.0146052
0.014126
0.0136468
0.0131678
0.012689
0.0122104
0.0117321
0.0112541
0.0107763
0.0102988
0.00982137
0.00934395
0.00886645
0.0083888
0.00791093
0.00743281
0.00695445
0.00647586
0.00599704
0.00551802
0.00503883
0.00455949
0.00408
0.00360039
0.00312065
0.00264081
0.00216085
0.0016808
0.00120066
0.000720448
0.000240171
-0.265787
-0.26663
-0.268436
-0.271133
-0.273962
-0.276157
-0.277187
-0.276971
-0.275833
-0.274355
-0.273093
-0.272378
-0.272292
-0.272729
-0.273479
-0.274263
-0.274842
-0.275051
-0.274829
-0.274188
-0.273174
-0.271702
-0.269945
-0.268673
-0.270315
-0.278737
-0.296245
-0.320644
-0.346432
-0.368525
-0.384151
-0.39236
-0.393187
-0.387284
-0.375616
-0.359404
-0.33963
-0.316932
-0.291579
-0.263674
-0.233406
-0.201256
-0.168131
-0.135327
-0.104394
-0.0768782
-0.054057
-0.0367514
-0.0252241
-0.0191981
-0.0179652
-0.0205486
-0.0258825
-0.0329731
-0.0410185
-0.0494695
-0.0580293
-0.0665971
-0.0751728
-0.0837501
-0.0922313
-0.100386
-0.107863
-0.114255
-0.119165
-0.122243
-0.123262
-0.12214
-0.118951
-0.113917
-0.107394
-0.0998352
-0.0917659
-0.0837688
-0.0764345
-0.0702444
-0.0654207
-0.0618659
-0.0592849
-0.0574399
-0.0563551
-0.0563023
-0.0575966
-0.0604059
-0.0647613
-0.070679
-0.0782108
-0.0874168
-0.0983148
-0.110826
-0.124728
-0.139622
-0.154911
-0.169809
-0.183574
-0.195117
-0.20371
-0.208624
-0.209297
-0.205401
-0.196638
-0.182872
-0.164126
-0.140691
-0.113259
-0.0830346
-0.0516824
-0.0212024
0.00651347
0.0299898
0.0483837
0.0615259
0.0698051
0.0739714
0.0749314
0.0735853
0.0707232
0.0669766
0.0628123
0.0585533
0.0544118
0.0505166
0.0469415
0.0437292
0.0409005
0.0384588
0.0363919
0.0346752
0.033274
0.0321471
0.0312508
0.0305412
0.0299776
0.0295232
0.0291465
0.0288215
0.0285272
0.0282476
0.0279707
0.027688
0.0273937
0.0270841
0.0267573
0.0264128
0.0260509
0.0256724
0.0252787
0.0248712
0.0244517
0.0240215
0.0235822
0.0231351
0.0226812
0.0222218
0.0217577
0.0212898
0.0208189
0.0203457
0.0198708
0.0193945
0.0189172
0.0184391
0.0179604
0.0174813
0.0170019
0.0165225
0.016043
0.0155636
0.0150842
0.014605
0.0141257
0.0136466
0.0131676
0.0126888
0.0122103
0.011732
0.011254
0.0107763
0.0102987
0.00982129
0.00934387
0.00886637
0.00838872
0.00791086
0.00743276
0.00695442
0.00647584
0.00599704
0.00551804
0.00503886
0.00455952
0.00408004
0.00360043
0.00312069
0.00264085
0.00216089
0.00168083
0.00120068
0.000720458
0.00024017
-0.265295
-0.266266
-0.268069
-0.270741
-0.273534
-0.275714
-0.276777
-0.276651
-0.275655
-0.274339
-0.273236
-0.27268
-0.272763
-0.273377
-0.274264
-0.275083
-0.275532
-0.275403
-0.274613
-0.273163
-0.271094
-0.268348
-0.265281
-0.263199
-0.265304
-0.27566
-0.295723
-0.322106
-0.348842
-0.371114
-0.386571
-0.394531
-0.395154
-0.389097
-0.377379
-0.361246
-0.341672
-0.319241
-0.294186
-0.266609
-0.23674
-0.205137
-0.172794
-0.141074
-0.111538
-0.0856754
-0.0646448
-0.0491038
-0.0391424
-0.0343292
-0.033842
-0.0366448
-0.0416725
-0.0479935
-0.0549241
-0.0620797
-0.0693552
-0.0768422
-0.0847012
-0.0930251
-0.101735
-0.110542
-0.11898
-0.1265
-0.132566
-0.136695
-0.13855
-0.137958
-0.134921
-0.129621
-0.122403
-0.113736
-0.104173
-0.0943183
-0.0848044
-0.0762422
-0.0691076
-0.0636168
-0.0596953
-0.0571159
-0.0557318
-0.0556061
-0.0569317
-0.0598547
-0.0644035
-0.0705741
-0.0784015
-0.0879393
-0.0992031
-0.112113
-0.126442
-0.141779
-0.157514
-0.172852
-0.186956
-0.198846
-0.207727
-0.212906
-0.213855
-0.210282
-0.201887
-0.188513
-0.170124
-0.146917
-0.119497
-0.0890353
-0.0572421
-0.0261896
0.00211336
0.0261001
0.0448831
0.0582932
0.0667485
0.0710397
0.0721119
0.0708936
0.0681909
0.0646413
0.0607098
0.0567132
0.0528525
0.0492445
0.0459482
0.0429928
0.040389
0.0381344
0.0362162
0.034612
0.0332917
0.0322198
0.0313576
0.0306666
0.03011
0.0296547
0.0292718
0.0289372
0.0286317
0.0283402
0.0280514
0.0277574
0.0274526
0.0271335
0.0267984
0.0264465
0.0260782
0.0256943
0.0252959
0.0248847
0.0244619
0.0240292
0.0235879
0.0231392
0.0226842
0.0222238
0.0217589
0.0212904
0.0208191
0.0203456
0.0198704
0.019394
0.0189166
0.0184385
0.0179598
0.0174808
0.0170014
0.016522
0.0160426
0.0155632
0.0150839
0.0146046
0.0141255
0.0136464
0.0131675
0.0126887
0.0122102
0.0117319
0.0112539
0.0107762
0.0102986
0.00982119
0.00934376
0.00886626
0.00838862
0.00791077
0.00743269
0.00695437
0.00647581
0.00599703
0.00551804
0.00503888
0.00455956
0.00408008
0.00360047
0.00312074
0.00264089
0.00216092
0.00168086
0.0012007
0.00072047
0.000240169
-0.264895
-0.265945
-0.267702
-0.270271
-0.272938
-0.275026
-0.276083
-0.276059
-0.275262
-0.274205
-0.273383
-0.273118
-0.273506
-0.27442
-0.275538
-0.276428
-0.276687
-0.276046
-0.274391
-0.271722
-0.26808
-0.263668
-0.259066
-0.256256
-0.259008
-0.27121
-0.293382
-0.321279
-0.348777
-0.371315
-0.386834
-0.394796
-0.395457
-0.389481
-0.377971
-0.362142
-0.34292
-0.320835
-0.296112
-0.268894
-0.2395
-0.208604
-0.177301
-0.147016
-0.119288
-0.0955023
-0.0766529
-0.0631976
-0.0550288
-0.0515483
-0.0518183
-0.0547493
-0.0592905
-0.0645919
-0.0701141
-0.0756685
-0.0813779
-0.087561
-0.0945662
-0.102598
-0.111592
-0.12118
-0.130753
-0.139595
-0.147017
-0.15239
-0.155262
-0.155364
-0.152625
-0.147179
-0.139353
-0.129632
-0.11861
-0.106938
-0.0952911
-0.0843485
-0.0747468
-0.0669738
-0.0612504
-0.0575124
-0.0555584
-0.0552508
-0.0565866
-0.0596176
-0.0643495
-0.0707565
-0.0788503
-0.0886735
-0.10024
-0.11347
-0.128138
-0.143825
-0.159905
-0.175572
-0.18994
-0.20207
-0.211156
-0.216538
-0.217745
-0.214452
-0.206428
-0.193484
-0.175515
-0.152625
-0.125333
-0.0947706
-0.0626875
-0.0312339
-0.00251969
0.0218132
0.0408486
0.0544287
0.0630069
0.0674136
0.0686263
0.0675919
0.0651219
0.0618492
0.0582292
0.0545662
0.0510482
0.0477793
0.0448065
0.0421469
0.0398022
0.0377645
0.0360194
0.0345469
0.0333215
0.0323136
0.031491
0.0308209
0.0302715
0.0298139
0.0294225
0.0290757
0.0287561
0.0284499
0.0281467
0.0278389
0.0275215
0.0271911
0.0268459
0.0264854
0.0261096
0.0257193
0.0253156
0.0248998
0.0244735
0.0240379
0.0235943
0.0231438
0.0226873
0.0222258
0.0217601
0.0212909
0.0208191
0.0203453
0.0198699
0.0193934
0.018916
0.0184379
0.0179592
0.0174802
0.0170009
0.0165215
0.0160421
0.0155627
0.0150835
0.0146043
0.0141252
0.0136462
0.0131673
0.0126886
0.0122101
0.0117318
0.0112538
0.0107761
0.0102985
0.00982107
0.00934363
0.00886613
0.00838849
0.00791066
0.0074326
0.0069543
0.00647577
0.00599701
0.00551805
0.00503891
0.00455959
0.00408013
0.00360052
0.00312079
0.00264093
0.00216096
0.00168089
0.00120072
0.000720482
0.000240168
-0.264716
-0.265806
-0.267491
-0.269892
-0.272339
-0.274236
-0.275211
-0.275248
-0.27465
-0.273895
-0.273447
-0.273609
-0.274465
-0.275848
-0.277345
-0.27838
-0.278433
-0.277134
-0.274332
-0.270063
-0.264469
-0.258032
-0.251825
-0.248432
-0.251902
-0.265658
-0.289386
-0.318386
-0.346447
-0.369289
-0.385002
-0.393154
-0.394063
-0.388412
-0.377343
-0.361997
-0.343228
-0.32153
-0.297154
-0.270332
-0.241516
-0.211525
-0.181562
-0.153083
-0.127564
-0.106244
-0.089909
-0.0787914
-0.072572
-0.0704816
-0.0714699
-0.0744027
-0.0782562
-0.0822792
-0.0860991
-0.0897523
-0.0936229
-0.0982903
-0.104317
-0.112031
-0.121373
-0.13187
-0.142742
-0.153083
-0.162037
-0.168823
-0.172873
-0.173824
-0.171534
-0.166086
-0.157783
-0.147113
-0.134709
-0.121286
-0.107581
-0.0943317
-0.0822687
-0.0720652
-0.0642172
-0.0589157
-0.0560475
-0.0553572
-0.0566262
-0.0597349
-0.0646182
-0.0712224
-0.0795328
-0.0895768
-0.101365
-0.114822
-0.129721
-0.14564
-0.161941
-0.177808
-0.192333
-0.204592
-0.213795
-0.21931
-0.220708
-0.2177
-0.210055
-0.197571
-0.180077
-0.157587
-0.130538
-0.100025
-0.067836
-0.0361949
-0.00729397
0.0171741
0.0362866
0.0499128
0.0585465
0.0630551
0.064439
0.0636515
0.0614966
0.0585907
0.0553696
0.0521189
0.0490104
0.0461342
0.0435273
0.0411983
0.0391417
0.0373454
0.0357941
0.0344701
0.0333526
0.0324183
0.0316415
0.0309958
0.0304552
0.0299953
0.0295943
0.0292337
0.028898
0.028575
0.0282552
0.0279317
0.0275999
0.0272565
0.0268999
0.0265294
0.0261451
0.0257475
0.0253377
0.024917
0.0244865
0.0240476
0.0236014
0.0231488
0.0226907
0.0222279
0.0217613
0.0212914
0.0208191
0.020345
0.0198694
0.0193927
0.0189153
0.0184372
0.0179585
0.0174795
0.0170002
0.0165209
0.0160415
0.0155622
0.015083
0.0146039
0.0141249
0.0136459
0.0131671
0.0126884
0.0122099
0.0117317
0.0112537
0.010776
0.0102984
0.00982092
0.00934348
0.00886598
0.00838834
0.00791053
0.00743249
0.00695422
0.00647572
0.00599699
0.00551806
0.00503893
0.00455963
0.00408018
0.00360058
0.00312085
0.00264098
0.00216101
0.00168092
0.00120075
0.000720497
0.000240169
-0.264858
-0.26596
-0.267569
-0.269757
-0.271904
-0.273512
-0.274303
-0.274307
-0.273849
-0.273385
-0.273355
-0.274051
-0.275525
-0.277547
-0.279582
-0.280886
-0.280781
-0.278773
-0.274654
-0.268527
-0.26074
-0.25216
-0.244423
-0.240587
-0.244686
-0.259516
-0.284192
-0.313765
-0.342165
-0.365265
-0.381252
-0.389753
-0.391055
-0.385934
-0.375474
-0.360715
-0.342435
-0.321119
-0.297088
-0.270713
-0.242615
-0.213768
-0.185466
-0.159159
-0.136216
-0.117684
-0.104117
-0.095506
-0.0913167
-0.090612
-0.0922363
-0.0950208
-0.09798
-0.100475
-0.102318
-0.103795
-0.105579
-0.108543
-0.113489
-0.120876
-0.13064
-0.142176
-0.154498
-0.166485
-0.177103
-0.185435
-0.190793
-0.192725
-0.191022
-0.185722
-0.177098
-0.165634
-0.151986
-0.136927
-0.121271
-0.105831
-0.0914051
-0.0787806
-0.0686578
-0.0614916
-0.0573634
-0.0560233
-0.0570835
-0.0602101
-0.0652001
-0.0719471
-0.0804089
-0.0905953
-0.102513
-0.116088
-0.131097
-0.147114
-0.163497
-0.179423
-0.193978
-0.206259
-0.215491
-0.221079
-0.222633
-0.219889
-0.212625
-0.200622
-0.183646
-0.161626
-0.134926
-0.104621
-0.0725342
-0.040956
-0.0121351
0.0122174
0.0312008
0.0447289
0.0533411
0.0579365
0.0595264
0.0590557
0.0573057
0.0548636
0.0521353
0.0493809
0.0467521
0.0443237
0.0421247
0.040158
0.038414
0.0368788
0.0355377
0.0343758
0.0333773
0.032525
0.0318003
0.0311831
0.0306537
0.0301926
0.0297822
0.0294071
0.0290542
0.0287129
0.0283751
0.0280345
0.0276867
0.0273291
0.0269599
0.0265784
0.0261846
0.025779
0.0253625
0.0249361
0.0245011
0.0240585
0.0236093
0.0231544
0.0226945
0.0222304
0.0217626
0.021292
0.0208192
0.0203446
0.0198688
0.0193921
0.0189145
0.0184364
0.0179577
0.0174788
0.0169995
0.0165202
0.0160409
0.0155617
0.0150825
0.0146035
0.0141245
0.0136456
0.0131669
0.0126883
0.0122098
0.0117316
0.0112536
0.0107758
0.0102982
0.00982075
0.0093433
0.00886579
0.00838817
0.00791038
0.00743237
0.00695414
0.00647567
0.00599697
0.00551806
0.00503896
0.00455968
0.00408023
0.00360064
0.0031209
0.00264104
0.00216105
0.00168096
0.00120077
0.000720513
0.000240171
-0.26538
-0.266448
-0.26799
-0.269951
-0.271755
-0.272998
-0.27349
-0.273364
-0.272948
-0.272709
-0.273083
-0.27435
-0.276526
-0.279291
-0.281979
-0.283688
-0.283538
-0.280906
-0.2755
-0.267494
-0.257524
-0.246891
-0.237828
-0.233639
-0.238087
-0.253424
-0.278407
-0.308011
-0.336406
-0.359625
-0.375875
-0.384785
-0.386605
-0.382137
-0.372354
-0.358183
-0.340348
-0.319366
-0.295677
-0.269828
-0.24263
-0.215198
-0.188884
-0.165085
-0.145018
-0.129511
-0.118871
-0.112848
-0.110694
-0.111314
-0.113458
-0.115934
-0.117804
-0.118551
-0.118183
-0.117249
-0.116742
-0.117853
-0.121647
-0.128723
-0.138997
-0.151695
-0.165595
-0.179352
-0.191712
-0.201668
-0.208417
-0.211422
-0.210418
-0.205403
-0.196623
-0.184549
-0.169846
-0.153327
-0.135881
-0.118401
-0.10176
-0.0868228
-0.0744218
-0.0652297
-0.0595636
-0.0572909
-0.0579489
-0.0609998
-0.0660457
-0.0728793
-0.0814217
-0.0916651
-0.103611
-0.117188
-0.132174
-0.148147
-0.164465
-0.180307
-0.194768
-0.206964
-0.216149
-0.221756
-0.223437
-0.220939
-0.214058
-0.202547
-0.186114
-0.164614
-0.13836
-0.108422
-0.0766647
-0.04543
-0.0169899
0.00696608
0.0255924
0.0388662
0.0473763
0.0520455
0.0538813
0.0538032
0.0525539
0.0506772
0.0485392
0.0463675
0.0442893
0.0423644
0.0406145
0.0390396
0.0376293
0.0363709
0.0352521
0.0342623
0.0333911
0.0326278
0.0319606
0.0313761
0.0308606
0.0304
0.0299811
0.0295916
0.0292212
0.0288611
0.0285043
0.0281455
0.0277809
0.027408
0.0270252
0.0266319
0.0262279
0.0258136
0.0253898
0.0249573
0.0245173
0.0240707
0.0236182
0.0231607
0.0226988
0.0222331
0.0217642
0.0212928
0.0208193
0.0203444
0.0198683
0.0193914
0.0189138
0.0184356
0.0179569
0.017478
0.0169988
0.0165195
0.0160402
0.0155611
0.015082
0.014603
0.0141241
0.0136453
0.0131667
0.0126881
0.0122097
0.0117315
0.0112535
0.0107757
0.0102981
0.00982056
0.00934309
0.00886559
0.00838798
0.00791021
0.00743224
0.00695404
0.0064756
0.00599694
0.00551806
0.00503898
0.00455972
0.00408029
0.0036007
0.00312097
0.0026411
0.0021611
0.001681
0.0012008
0.000720532
0.000240173
-0.266266
-0.267216
-0.268691
-0.270452
-0.271922
-0.272774
-0.272924
-0.272562
-0.27208
-0.271966
-0.272667
-0.274455
-0.277301
-0.280794
-0.284138
-0.286295
-0.286241
-0.283191
-0.276768
-0.267184
-0.255349
-0.243017
-0.232859
-0.228309
-0.232793
-0.248132
-0.272774
-0.30182
-0.329791
-0.352892
-0.369308
-0.378584
-0.380957
-0.377128
-0.367945
-0.35424
-0.336729
-0.31601
-0.292681
-0.267487
-0.241415
-0.215691
-0.191673
-0.170658
-0.153682
-0.14134
-0.133691
-0.130245
-0.13006
-0.131895
-0.134421
-0.136434
-0.137052
-0.13588
-0.133124
-0.12961
-0.126661
-0.125818
-0.128427
-0.135238
-0.146123
-0.160101
-0.175678
-0.191258
-0.205418
-0.21702
-0.225183
-0.229303
-0.229068
-0.224445
-0.215658
-0.203163
-0.187624
-0.169874
-0.150853
-0.131531
-0.112861
-0.0957745
-0.0811916
-0.0699411
-0.0625627
-0.059111
-0.0591531
-0.0620054
-0.0670529
-0.0739297
-0.0824913
-0.0927096
-0.104582
-0.118041
-0.132872
-0.148657
-0.164764
-0.180385
-0.194633
-0.20665
-0.215717
-0.221304
-0.223084
-0.220824
-0.214322
-0.203301
-0.187416
-0.166467
-0.140743
-0.111332
-0.0801473
-0.049562
-0.0218284
0.00143155
0.0194627
0.0323236
0.0406539
0.0453894
0.0475173
0.047913
0.0472632
0.046055
0.0446047
0.0431013
0.0416431
0.0402754
0.0390141
0.0378582
0.0367999
0.0358304
0.0349427
0.0341316
0.0333933
0.0327239
0.0321183
0.03157
0.0310711
0.030613
0.0301867
0.0297836
0.0293959
0.0290168
0.0286407
0.0282631
0.027881
0.0274921
0.0270951
0.0266893
0.0262745
0.025851
0.0254194
0.0249805
0.0245351
0.0240841
0.0236281
0.0231678
0.0227036
0.0222362
0.0217661
0.0212937
0.0208196
0.0203442
0.0198678
0.0193907
0.018913
0.0184348
0.0179561
0.0174772
0.016998
0.0165187
0.0160395
0.0155604
0.0150814
0.0146025
0.0141238
0.0136451
0.0131664
0.0126879
0.0122096
0.0117313
0.0112533
0.0107755
0.0102979
0.00982035
0.00934287
0.00886537
0.00838778
0.00791003
0.00743209
0.00695393
0.00647554
0.00599691
0.00551807
0.00503901
0.00455977
0.00408035
0.00360077
0.00312103
0.00264116
0.00216116
0.00168105
0.00120083
0.000720552
0.000240177
-0.267439
-0.268115
-0.269518
-0.271115
-0.27231
-0.272819
-0.272629
-0.272001
-0.27138
-0.271291
-0.272202
-0.274377
-0.277746
-0.281814
-0.285687
-0.288228
-0.28831
-0.285067
-0.278051
-0.267467
-0.254389
-0.240891
-0.229885
-0.225077
-0.229391
-0.244294
-0.268006
-0.29594
-0.323036
-0.345673
-0.362072
-0.371563
-0.374326
-0.370923
-0.362098
-0.34864
-0.3313
-0.310796
-0.287905
-0.263554
-0.238874
-0.215147
-0.193686
-0.175655
-0.161889
-0.15275
-0.148055
-0.147095
-0.148746
-0.151646
-0.154406
-0.155825
-0.155077
-0.151886
-0.146646
-0.140456
-0.134986
-0.132143
-0.133578
-0.140198
-0.151807
-0.167172
-0.184488
-0.201916
-0.217868
-0.231087
-0.240642
-0.245873
-0.246432
-0.242264
-0.233577
-0.22082
-0.204655
-0.185922
-0.165585
-0.144667
-0.124191
-0.105155
-0.0885451
-0.0752974
-0.0661351
-0.0613245
-0.0605496
-0.0630651
-0.0680574
-0.0749562
-0.083503
-0.0936343
-0.105345
-0.118575
-0.133123
-0.148584
-0.164343
-0.179617
-0.193543
-0.205298
-0.214191
-0.219713
-0.221586
-0.219555
-0.213421
-0.202872
-0.187519
-0.167131
-0.142009
-0.11329
-0.0829378
-0.0533272
-0.0266411
-0.00438315
0.0128166
0.0251133
0.0331954
0.0379988
0.0404716
0.0414258
0.0414752
0.0410366
0.0403677
0.0396132
0.03884
0.0380796
0.0373428
0.0366302
0.035939
0.0352677
0.0346165
0.0339881
0.0333858
0.032813
0.0322717
0.031762
0.0312819
0.0308281
0.0303958
0.0299801
0.0295756
0.0291778
0.0287822
0.0283858
0.0279858
0.0275805
0.0271688
0.02675
0.026324
0.0258908
0.0254511
0.0250053
0.0245542
0.0240985
0.0236388
0.0231754
0.0227089
0.0222397
0.0217682
0.0212948
0.02082
0.0203441
0.0198674
0.0193901
0.0189123
0.018434
0.0179553
0.0174763
0.0169972
0.016518
0.0160388
0.0155597
0.0150808
0.014602
0.0141234
0.0136447
0.0131662
0.0126877
0.0122094
0.0117312
0.0112532
0.0107753
0.0102977
0.00982012
0.00934263
0.00886513
0.00838755
0.00790984
0.00743194
0.00695382
0.00647546
0.00599688
0.00551807
0.00503904
0.00455982
0.00408041
0.00360084
0.00312111
0.00264123
0.00216122
0.00168109
0.00120087
0.000720574
0.000240182
-0.268794
-0.268925
-0.270238
-0.271719
-0.272735
-0.273005
-0.272556
-0.271698
-0.270925
-0.270799
-0.271802
-0.274196
-0.277878
-0.282296
-0.286486
-0.289268
-0.289445
-0.286151
-0.278905
-0.267918
-0.254327
-0.24033
-0.229028
-0.224026
-0.228098
-0.242258
-0.264638
-0.291024
-0.316841
-0.338668
-0.35461
-0.363931
-0.366684
-0.363319
-0.35452
-0.341071
-0.323794
-0.30354
-0.281247
-0.25799
-0.234983
-0.21351
-0.1948
-0.179861
-0.169323
-0.163321
-0.16145
-0.162802
-0.166102
-0.169894
-0.172752
-0.173489
-0.171332
-0.166105
-0.158373
-0.149498
-0.141498
-0.136669
-0.136984
-0.143512
-0.155963
-0.1728
-0.19189
-0.211159
-0.228882
-0.243689
-0.254603
-0.260912
-0.262242
-0.258525
-0.249966
-0.237026
-0.22038
-0.200877
-0.179484
-0.157242
-0.135217
-0.11446
-0.096013
-0.0808878
-0.0699498
-0.0636708
-0.0619103
-0.0639497
-0.0688281
-0.0757512
-0.0842909
-0.0943135
-0.105804
-0.118717
-0.132871
-0.147889
-0.163181
-0.177996
-0.191509
-0.202933
-0.211604
-0.217051
-0.218987
-0.217171
-0.211381
-0.201265
-0.186404
-0.16657
-0.142119
-0.114268
-0.0850252
-0.0567277
-0.031433
-0.0104761
0.00566972
0.0172665
0.0250464
0.0299303
0.0328073
0.0344065
0.0352522
0.0356789
0.035878
0.0359437
0.0359133
0.0358038
0.0356222
0.0353726
0.0350604
0.0346935
0.0342819
0.0338375
0.0333721
0.0328968
0.032421
0.0319511
0.0314914
0.0310432
0.0306062
0.0301788
0.0297583
0.029342
0.0289273
0.0285119
0.028094
0.0276721
0.0272454
0.0268133
0.0263758
0.0259327
0.0254845
0.0250316
0.0245746
0.024114
0.0236503
0.0231837
0.0227147
0.0222435
0.0217705
0.0212961
0.0208205
0.0203442
0.0198672
0.0193896
0.0189117
0.0184333
0.0179545
0.0174755
0.0169964
0.0165172
0.016038
0.0155591
0.0150802
0.0146015
0.014123
0.0136444
0.013166
0.0126876
0.0122092
0.011731
0.011253
0.0107751
0.0102974
0.00981987
0.00934237
0.00886488
0.00838732
0.00790964
0.00743177
0.0069537
0.00647539
0.00599684
0.00551807
0.00503907
0.00455987
0.00408048
0.00360091
0.00312118
0.0026413
0.00216128
0.00168115
0.00120091
0.000720598
0.000240188
-0.270258
-0.269418
-0.270631
-0.272058
-0.272995
-0.273152
-0.272569
-0.271577
-0.270702
-0.270527
-0.271546
-0.274014
-0.277804
-0.282332
-0.286605
-0.289409
-0.289649
-0.286354
-0.279106
-0.268155
-0.254677
-0.240882
-0.229832
-0.224908
-0.228668
-0.241836
-0.262644
-0.287212
-0.311338
-0.33182
-0.346762
-0.355385
-0.357643
-0.353917
-0.344859
-0.331279
-0.314074
-0.294214
-0.272759
-0.250874
-0.229801
-0.210783
-0.194933
-0.183095
-0.175699
-0.17267
-0.173405
-0.176831
-0.181557
-0.186065
-0.188919
-0.188947
-0.185419
-0.17823
-0.168087
-0.156598
-0.146133
-0.139387
-0.13867
-0.145225
-0.158638
-0.177043
-0.197975
-0.21912
-0.238611
-0.255049
-0.267308
-0.274645
-0.276665
-0.273297
-0.264773
-0.25159
-0.234474
-0.214303
-0.192049
-0.168737
-0.145428
-0.123199
-0.103125
-0.0862747
-0.0736213
-0.0658208
-0.0629401
-0.0643684
-0.0690692
-0.0760355
-0.0846219
-0.0945713
-0.105837
-0.118386
-0.132072
-0.146553
-0.161281
-0.175548
-0.188574
-0.19961
-0.208023
-0.21337
-0.215351
-0.213725
-0.208231
-0.198483
-0.184051
-0.164757
-0.141054
-0.114265
-0.0864268
-0.0597859
-0.0362162
-0.0168381
-0.00194391
0.00884057
0.0162824
0.0212705
0.0246154
0.0269444
0.0286769
0.0300546
0.0311964
0.032143
0.0329028
0.0334789
0.0338759
0.0341038
0.0341783
0.0341189
0.0339474
0.0336861
0.0333564
0.0329779
0.0325673
0.0321378
0.031699
0.0312574
0.0308166
0.0303782
0.0299423
0.0295082
0.0290746
0.0286404
0.0282045
0.0277659
0.0273241
0.0268787
0.0264293
0.0259761
0.0255193
0.0250591
0.0245959
0.0241303
0.0236623
0.0231925
0.0227208
0.0222476
0.0217731
0.0212976
0.0208213
0.0203443
0.0198669
0.0193892
0.018911
0.0184325
0.0179537
0.0174747
0.0169955
0.0165164
0.0160373
0.0155584
0.0150796
0.0146011
0.0141226
0.0136441
0.0131657
0.0126874
0.0122091
0.0117309
0.0112528
0.0107749
0.0102972
0.00981961
0.0093421
0.00886461
0.00838708
0.00790943
0.0074316
0.00695357
0.00647531
0.00599681
0.00551807
0.0050391
0.00455993
0.00408055
0.00360099
0.00312126
0.00264137
0.00216135
0.0016812
0.00120095
0.000720623
0.000240196
-0.272034
-0.26945
-0.27052
-0.272048
-0.272979
-0.273117
-0.272524
-0.271518
-0.270627
-0.270441
-0.27145
-0.273901
-0.277639
-0.28208
-0.286237
-0.288945
-0.289085
-0.285773
-0.278639
-0.267983
-0.255007
-0.241873
-0.231482
-0.226901
-0.230371
-0.242425
-0.261384
-0.283769
-0.305772
-0.324411
-0.337871
-0.345347
-0.346735
-0.342379
-0.332927
-0.319221
-0.302224
-0.282988
-0.262647
-0.242401
-0.223475
-0.207034
-0.194061
-0.185233
-0.180793
-0.180485
-0.183538
-0.188758
-0.194678
-0.199754
-0.202554
-0.201919
-0.197135
-0.188136
-0.175739
-0.161779
-0.148975
-0.140433
-0.138802
-0.145537
-0.160093
-0.180266
-0.203234
-0.22642
-0.247797
-0.265853
-0.279429
-0.287705
-0.290258
-0.287031
-0.278305
-0.26466
-0.246912
-0.226013
-0.202958
-0.178746
-0.154388
-0.130928
-0.109446
-0.0910403
-0.0767615
-0.0674239
-0.0633129
-0.0639922
-0.0684353
-0.0754632
-0.0841859
-0.094162
-0.105268
-0.117474
-0.130668
-0.144562
-0.158664
-0.17232
-0.184804
-0.195409
-0.203533
-0.208752
-0.210748
-0.209261
-0.203988
-0.194512
-0.180431
-0.161664
-0.138811
-0.113306
-0.0871809
-0.0625342
-0.040999
-0.0234445
-0.0099659
-7.77195e-05
0.00701027
0.0121371
0.0160155
0.0191532
0.0218519
0.0242521
0.0263959
0.0282695
0.029854
0.0311393
0.0321297
0.0328431
0.0333072
0.033555
0.0336213
0.0335402
0.0333435
0.0330597
0.0327129
0.032323
0.031905
0.0314703
0.0310262
0.0305774
0.0301267
0.0296751
0.029223
0.0287702
0.0283164
0.0278612
0.0274043
0.0269453
0.0264842
0.0260207
0.025555
0.0250874
0.024618
0.0241471
0.0236749
0.0232016
0.0227273
0.022252
0.0217759
0.0212992
0.0208221
0.0203446
0.0198668
0.0193888
0.0189104
0.0184318
0.0179529
0.0174739
0.0169947
0.0165155
0.0160365
0.0155577
0.015079
0.0146006
0.0141222
0.0136438
0.0131655
0.0126872
0.0122089
0.0117307
0.0112526
0.0107747
0.0102969
0.00981933
0.00934182
0.00886434
0.00838683
0.00790921
0.00743143
0.00695345
0.00647523
0.00599677
0.00551807
0.00503914
0.00455998
0.00408062
0.00360107
0.00312134
0.00264145
0.00216142
0.00168126
0.00120099
0.000720651
0.000240205
-0.274776
-0.269076
-0.269891
-0.271727
-0.272709
-0.272862
-0.272339
-0.271419
-0.270602
-0.270464
-0.271476
-0.273856
-0.277446
-0.281644
-0.285525
-0.287964
-0.287895
-0.284529
-0.277558
-0.267345
-0.255093
-0.242866
-0.233331
-0.229193
-0.23235
-0.243144
-0.260013
-0.279902
-0.299419
-0.315839
-0.327457
-0.333475
-0.333769
-0.328672
-0.318837
-0.305131
-0.288557
-0.270211
-0.25125
-0.232867
-0.216229
-0.2024
-0.192226
-0.186223
-0.18447
-0.186558
-0.1916
-0.198323
-0.205231
-0.210778
-0.213539
-0.21235
-0.20648
-0.195874
-0.181431
-0.165202
-0.150253
-0.140108
-0.137724
-0.144896
-0.160931
-0.183216
-0.208495
-0.233902
-0.257242
-0.276886
-0.291653
-0.300707
-0.303581
-0.300235
-0.291006
-0.276576
-0.257898
-0.236053
-0.212104
-0.187035
-0.161779
-0.137296
-0.114613
-0.0948231
-0.0790228
-0.068154
-0.0627157
-0.0624948
-0.0665641
-0.0736431
-0.0826004
-0.0927552
-0.103845
-0.115808
-0.128564
-0.141882
-0.155342
-0.16836
-0.18027
-0.190413
-0.198219
-0.203272
-0.205228
-0.203796
-0.19863
-0.189308
-0.175498
-0.157271
-0.135407
-0.11144
-0.0873435
-0.0650074
-0.045777
-0.0302463
-0.0183073
-0.00936854
-0.00263061
0.00267772
0.007153
0.0111684
0.0148972
0.0183736
0.0215584
0.0243881
0.0268163
0.0288218
0.0304106
0.0316101
0.0324615
0.0330124
0.0333117
0.033406
0.033338
0.0331454
0.0328601
0.0325082
0.0321104
0.0316822
0.0312349
0.030776
0.0303107
0.029842
0.0293716
0.0289005
0.028429
0.0279572
0.0274852
0.0270127
0.0265397
0.0260659
0.0255914
0.0251162
0.0246404
0.0241642
0.0236878
0.023211
0.0227339
0.0222565
0.0217789
0.021301
0.020823
0.0203449
0.0198667
0.0193884
0.0189099
0.0184311
0.0179521
0.017473
0.0169938
0.0165147
0.0160358
0.015557
0.0150785
0.0146001
0.0141218
0.0136435
0.0131653
0.012687
0.0122087
0.0117305
0.0112524
0.0107745
0.0102967
0.00981906
0.00934153
0.00886406
0.00838657
0.00790898
0.00743124
0.0069533
0.00647513
0.00599671
0.00551805
0.00503915
0.00456002
0.00408067
0.00360113
0.00312141
0.00264151
0.00216148
0.00168131
0.00120103
0.000720676
0.000240215
)
;

boundaryField
{
    inlet
    {
        type            zeroGradient;
    }
    outlet
    {
        type            fixedValue;
        value           uniform 0;
    }
    walls
    {
        type            zeroGradient;
    }
    frontAndBack
    {
        type            empty;
    }
}


// ************************************************************************* //
