/*--------------------------------*- C++ -*----------------------------------*\
  =========                 |
  \\      /  F ield         | OpenFOAM: The Open Source CFD Toolbox
   \\    /   O peration     | Website:  https://openfoam.org
    \\  /    A nd           | Version:  11
     \\/     M anipulation  |
\*---------------------------------------------------------------------------*/
FoamFile
{
    format      ascii;
    class       volScalarField;
    location    "5";
    object      p;
}
// * * * * * * * * * * * * * * * * * * * * * * * * * * * * * * * * * * * * * //

dimensions      [0 2 -2 0 0 0 0];

internalField   nonuniform List<scalar> 
8400
(
0.171161
0.15807
0.144734
0.132673
0.120779
0.108665
0.0963918
0.0840069
0.0714855
0.0587876
0.0458729
0.032693
0.0191835
0.00525772
-0.00920168
-0.0243611
-0.0404693
-0.0579582
-0.0779248
-0.105889
0.171768
0.15797
0.144464
0.132618
0.120778
0.108625
0.0963308
0.0839391
0.0714071
0.0586923
0.0457562
0.03255
0.0190068
0.00503779
-0.00947794
-0.0247109
-0.0409107
-0.0584847
-0.077794
-0.0992485
0.172334
0.157964
0.144228
0.132565
0.120822
0.108641
0.0963254
0.0839381
0.0714127
0.058701
0.0457687
0.0325695
0.0190379
0.0050883
-0.00939172
-0.0245517
-0.0405785
-0.0576788
-0.0755764
-0.0926675
0.172802
0.158089
0.144056
0.132513
0.120907
0.108726
0.0963926
0.0840214
0.0715248
0.0588426
0.0459467
0.0327972
0.0193348
0.00548366
-0.00884772
-0.0237642
-0.039351
-0.0555734
-0.0717628
-0.0859148
0.173218
0.158321
0.143981
0.132487
0.121031
0.108882
0.096542
0.0841992
0.0717541
0.0591311
0.0463076
0.0332546
0.0199228
0.00625209
-0.00781952
-0.0223409
-0.037293
-0.0524556
-0.0669824
-0.0789489
0.173609
0.158622
0.144016
0.132518
0.121202
0.109111
0.0967819
0.0844816
0.0721109
0.059578
0.046865
0.0339565
0.0208171
0.00740579
-0.00630642
-0.0203131
-0.0345095
-0.0485623
-0.0615991
-0.0719627
0.173987
0.15896
0.144152
0.132626
0.121426
0.109409
0.0971118
0.0848694
0.0725938
0.0601798
0.0476132
0.0348937
0.0220017
0.0089167
-0.00435867
-0.0177713
-0.0311572
-0.0441328
-0.0558902
-0.0650947
0.174357
0.159313
0.144366
0.132811
0.121705
0.109769
0.0975214
0.0853522
0.0731888
0.0609174
0.0485274
0.0360331
0.0234312
0.0107211
-0.00206781
-0.0148478
-0.0274223
-0.0394036
-0.0500908
-0.0584528
0.174715
0.159664
0.144636
0.133065
0.122033
0.110176
0.0979929
0.0859106
0.0738718
0.0617595
0.0495675
0.0373234
0.0250391
0.0127311
0.000449829
-0.0116953
-0.0234969
-0.0345927
-0.0444008
-0.0521457
0.175051
0.159999
0.14494
0.133373
0.122399
0.110612
0.0985032
0.0865179
0.0746105
0.0626657
0.0506829
0.038701
0.0267449
0.014845
0.00306615
-0.00847175
-0.0195661
-0.0298959
-0.038993
-0.0462851
0.175354
0.160302
0.145256
0.133719
0.122786
0.111057
0.0990264
0.0871438
0.0753682
0.0635904
0.0518172
0.0400962
0.0284624
0.0169566
0.00565232
-0.00532877
-0.0157988
-0.025484
-0.0340161
-0.0409786
0.175609
0.160559
0.145572
0.134084
0.123175
0.111488
0.0995358
0.0877562
0.0761062
0.0644866
0.0529131
0.0414392
0.0301068
0.0189639
0.00808812
-0.00240302
-0.0123416
-0.0214999
-0.0295934
-0.0363211
0.175801
0.160757
0.145876
0.134454
0.123544
0.111883
0.100007
0.0883249
0.0767878
0.0653103
0.0539173
0.0426656
0.0316011
0.0207764
0.0102697
0.000191083
-0.00931281
-0.0180557
-0.0258195
-0.0323872
0.175914
0.160887
0.146165
0.134814
0.123874
0.112221
0.100417
0.0888233
0.0773809
0.0660237
0.054785
0.0437218
0.0328822
0.0223213
0.0121159
0.0023672
-0.00679816
-0.0152285
-0.0227562
-0.0292235
0.175934
0.160947
0.146443
0.135151
0.124144
0.112489
0.100753
0.0892308
0.0778612
0.0665988
0.0554832
0.0445692
0.0339056
0.023549
0.0135735
0.00407155
-0.00484695
-0.0130573
-0.0204287
-0.0268429
0.175845
0.160949
0.146719
0.13545
0.124339
0.112679
0.101003
0.0895346
0.0782147
0.0670204
0.0559942
0.0451877
0.0346494
0.0244366
0.0146207
0.0052866
-0.00346876
-0.01154
-0.0188212
-0.025219
0.175633
0.160922
0.147
0.135692
0.124451
0.112792
0.101168
0.0897321
0.07844
0.0672882
0.0563186
0.0455789
0.0351177
0.0249924
0.0152717
0.00603521
-0.00262913
-0.0106284
-0.0178715
-0.0242795
0.175278
0.160912
0.147285
0.135854
0.124484
0.11284
0.101255
0.0898312
0.0785486
0.0674167
0.0564742
0.0457654
0.0353391
0.0252525
0.0155726
0.00637536
-0.00225629
-0.0102361
-0.0174805
-0.023917
0.174755
0.160957
0.147558
0.13593
0.124457
0.112836
0.101271
0.0898432
0.0785553
0.0674231
0.0564813
0.0457722
0.0353445
0.0252551
0.0155695
0.00636225
-0.00228584
-0.0102907
-0.0175708
-0.0240543
0.174145
0.161043
0.147779
0.135936
0.124395
0.112796
0.101233
0.0897891
0.0784847
0.0673364
0.0563751
0.0456422
0.0351857
0.0250618
0.0153356
0.00608102
-0.00262107
-0.0106858
-0.0180297
-0.0245782
-0.112755
-0.0859706
-0.0772372
-0.0754598
-0.0734836
-0.071888
-0.0708098
-0.0697842
-0.0686098
-0.0672555
-0.0656955
-0.063901
-0.0618535
-0.0595416
-0.0569562
-0.0540894
-0.0509348
-0.0474874
-0.0437435
-0.039701
-0.0353596
-0.0307211
-0.02579
-0.0205734
-0.0150821
-0.00933015
-0.00333574
0.00287893
0.00928749
0.0158595
0.0225608
0.0293539
0.0361984
0.0430523
0.0498724
0.0566155
0.0632395
0.0697046
0.0759738
0.0820144
0.0877983
0.0933025
0.0985096
0.103408
0.107991
0.112258
0.116211
0.119859
0.123211
0.126283
0.129088
0.131644
0.133967
0.136076
0.137986
0.139716
0.14128
0.142692
0.143966
0.145113
0.146145
0.147069
0.147895
0.148629
0.149278
0.149846
0.150338
0.150758
0.15111
0.151395
0.151616
0.151777
0.151877
0.15192
0.151906
0.151838
0.151717
0.151544
0.151321
0.151049
0.15073
0.150365
0.149955
0.149501
0.149006
0.148471
0.147897
0.147285
0.146638
0.145955
0.145239
0.144491
0.143712
0.142904
0.142067
0.141203
0.140314
0.139399
0.13846
0.137499
0.136516
0.135512
0.134488
0.133445
0.132384
0.131305
0.13021
0.129098
0.127971
0.12683
0.125674
0.124505
0.123323
0.122129
0.120923
0.119706
0.118477
0.117239
0.11599
0.114732
0.113464
0.112188
0.110903
0.10961
0.10831
0.107001
0.105686
0.104364
0.103035
0.101699
0.100358
0.0990108
0.0976578
0.0962994
0.0949358
0.0935672
0.0921937
0.0908155
0.0894329
0.088046
0.086655
0.08526
0.0838611
0.0824586
0.0810525
0.0796431
0.0782303
0.0768144
0.0753954
0.0739736
0.0725489
0.0711215
0.0696914
0.0682589
0.066824
0.0653867
0.0639472
0.0625055
0.0610617
0.059616
0.0581683
0.0567187
0.0552674
0.0538143
0.0523595
0.0509032
0.0494453
0.0479859
0.0465251
0.0450629
0.0435993
0.0421345
0.0406684
0.0392012
0.0377327
0.0362632
0.0347926
0.0333209
0.0318483
0.0303746
0.0289001
0.0274246
0.0259483
0.0244711
0.0229931
0.0215143
0.0200347
0.0185545
0.0170735
0.0155918
0.0141095
0.0126265
0.0111429
0.00965877
0.00817406
0.00668881
0.00520316
0.00371664
0.00223146
0.000737529
-0.103854
-0.0853834
-0.0765964
-0.0746305
-0.0728119
-0.0711215
-0.0699444
-0.0688852
-0.0676847
-0.0662971
-0.0647025
-0.0628713
-0.0607828
-0.0584252
-0.0557904
-0.0528713
-0.0496627
-0.046161
-0.0423641
-0.0382718
-0.0338859
-0.0292104
-0.024252
-0.0190204
-0.0135286
-0.00779307
-0.00183401
0.00432454
0.0106548
0.0171253
0.0237016
0.0303463
0.0370202
0.0436827
0.050293
0.0568109
0.0631979
0.069418
0.0754387
0.0812314
0.0867726
0.0920435
0.0970306
0.101726
0.106125
0.11023
0.114046
0.11758
0.120844
0.123852
0.126618
0.129157
0.131486
0.133619
0.135572
0.137359
0.138994
0.140489
0.141854
0.1431
0.144236
0.145269
0.146205
0.147051
0.147811
0.148489
0.149089
0.149614
0.150067
0.15045
0.150765
0.151014
0.151198
0.15132
0.151381
0.151382
0.151324
0.151211
0.151042
0.15082
0.150546
0.150222
0.149849
0.149429
0.148963
0.148454
0.147903
0.147312
0.146681
0.146014
0.14531
0.144573
0.143802
0.143001
0.142169
0.141309
0.140422
0.139509
0.138571
0.13761
0.136625
0.13562
0.134594
0.133548
0.132484
0.131402
0.130303
0.129188
0.128058
0.126912
0.125753
0.12458
0.123395
0.122197
0.120987
0.119766
0.118534
0.117292
0.116041
0.114779
0.113509
0.11223
0.110942
0.109647
0.108344
0.107034
0.105716
0.104392
0.103061
0.101724
0.100381
0.0990326
0.0976783
0.0963186
0.0949538
0.0935841
0.0922096
0.0908305
0.0894471
0.0880594
0.0866677
0.085272
0.0838726
0.0824696
0.081063
0.0796531
0.07824
0.0768237
0.0754045
0.0739823
0.0725574
0.0711298
0.0696996
0.0682669
0.0668319
0.0653945
0.0639549
0.0625132
0.0610693
0.0596236
0.0581759
0.0567263
0.055275
0.0538219
0.0523672
0.0509109
0.0494531
0.0479938
0.0465331
0.045071
0.0436075
0.0421428
0.0406768
0.0392096
0.0377413
0.0362719
0.0348013
0.0333298
0.0318572
0.0303836
0.0289091
0.0274337
0.0259574
0.0244802
0.0230022
0.0215233
0.0200437
0.0185633
0.0170821
0.0156003
0.0141176
0.0126343
0.0111503
0.00966568
0.00818038
0.00669445
0.00520794
0.00372075
0.00223326
0.000744
-0.0970945
-0.0846298
-0.0761369
-0.0736853
-0.0719755
-0.070241
-0.0689343
-0.067805
-0.0665612
-0.0651275
-0.0634856
-0.0616073
-0.0594693
-0.0570591
-0.054369
-0.0513932
-0.0481276
-0.0445702
-0.0407209
-0.0365814
-0.0321557
-0.0274503
-0.0224741
-0.0172393
-0.011761
-0.00605795
-0.00015215
0.00593088
0.0121623
0.0185103
0.0249404
0.0314162
0.0378997
0.0443528
0.0507374
0.0570166
0.0631558
0.0691232
0.0748905
0.0804338
0.0857337
0.0907753
0.0955488
0.100049
0.104275
0.108229
0.111918
0.115351
0.118539
0.121494
0.12423
0.126762
0.129102
0.131266
0.133265
0.135113
0.136821
0.138398
0.139854
0.141197
0.142434
0.143571
0.144613
0.145565
0.146431
0.147214
0.147917
0.148541
0.14909
0.149565
0.149968
0.150301
0.150564
0.15076
0.150891
0.150957
0.15096
0.150902
0.150785
0.150609
0.150378
0.150093
0.149755
0.149366
0.148929
0.148445
0.147915
0.147343
0.146729
0.146075
0.145384
0.144656
0.143894
0.143099
0.142272
0.141416
0.140531
0.139619
0.138682
0.13772
0.136735
0.135728
0.134699
0.133651
0.132584
0.131499
0.130397
0.129278
0.128144
0.126995
0.125832
0.124656
0.123466
0.122265
0.121051
0.119827
0.118592
0.117347
0.116092
0.114827
0.113554
0.112272
0.110982
0.109685
0.108379
0.107067
0.105747
0.104421
0.103089
0.10175
0.100405
0.0990551
0.0976994
0.0963385
0.0949725
0.0936017
0.0922262
0.0908462
0.0894619
0.0880735
0.0866811
0.0852847
0.0838847
0.0824812
0.0810741
0.0796638
0.0782502
0.0768336
0.0754141
0.0739916
0.0725665
0.0711386
0.0697082
0.0682754
0.0668402
0.0654027
0.063963
0.0625212
0.0610773
0.0596315
0.0581838
0.0567342
0.0552829
0.0538299
0.0523752
0.050919
0.0494612
0.0480019
0.0465413
0.0450792
0.0436159
0.0421512
0.0406853
0.0392183
0.03775
0.0362807
0.0348102
0.0333387
0.0318662
0.0303927
0.0289183
0.0274429
0.0259666
0.0244894
0.0230113
0.0215324
0.0200527
0.0185721
0.0170908
0.0156087
0.0141258
0.0126421
0.0111577
0.00967256
0.00818667
0.00670007
0.00521268
0.00372484
0.00223503
0.000750519
-0.0904378
-0.082478
-0.0751297
-0.0724017
-0.0707812
-0.0690873
-0.0676852
-0.0664795
-0.0651899
-0.0637101
-0.0620187
-0.0600904
-0.057901
-0.0554369
-0.0526912
-0.0496592
-0.0463387
-0.0427292
-0.0388326
-0.0346531
-0.0301968
-0.0254725
-0.0204916
-0.0152685
-0.00982039
-0.00416785
0.0016656
0.00765336
0.0137661
0.0199719
0.0262371
0.0325266
0.0388044
0.045035
0.0511834
0.0572166
0.0631038
0.0688175
0.0743338
0.0796329
0.0846993
0.0895219
0.0940939
0.0984125
0.102479
0.106297
0.109874
0.113219
0.116343
0.119256
0.121973
0.124505
0.126864
0.129062
0.131111
0.13302
0.1348
0.136457
0.138
0.139436
0.140769
0.142004
0.143146
0.144198
0.145162
0.146042
0.146839
0.147556
0.148194
0.148754
0.149238
0.149648
0.149984
0.150249
0.150444
0.15057
0.150629
0.150623
0.150553
0.150421
0.150229
0.14998
0.149675
0.149315
0.148904
0.148443
0.147934
0.147379
0.14678
0.146139
0.145459
0.14474
0.143985
0.143196
0.142374
0.141521
0.140639
0.139728
0.138791
0.137829
0.136842
0.135834
0.134803
0.133753
0.132683
0.131595
0.130489
0.129367
0.128229
0.127077
0.12591
0.12473
0.123537
0.122332
0.121115
0.119887
0.118649
0.117401
0.116143
0.114875
0.113599
0.112315
0.111023
0.109722
0.108415
0.1071
0.105778
0.10445
0.103116
0.101776
0.10043
0.0990779
0.0977209
0.0963587
0.0949916
0.0936197
0.0922432
0.0908624
0.0894772
0.088088
0.0866948
0.0852979
0.0838973
0.0824932
0.0810856
0.0796749
0.0782609
0.0768439
0.075424
0.0740013
0.0725759
0.0711478
0.0697172
0.0682842
0.0668489
0.0654112
0.0639714
0.0625295
0.0610856
0.0596397
0.058192
0.0567424
0.0552911
0.053838
0.0523834
0.0509272
0.0494694
0.0480102
0.0465496
0.0450876
0.0436243
0.0421598
0.0406939
0.0392269
0.0377588
0.0362895
0.0348191
0.0333477
0.0318752
0.0304018
0.0289273
0.027452
0.0259757
0.0244984
0.0230204
0.0215414
0.0200615
0.0185809
0.0170993
0.015617
0.0141338
0.0126498
0.0111649
0.0096793
0.00819283
0.00670555
0.00521731
0.00372882
0.00223679
0.000756838
-0.0835275
-0.0789408
-0.0732389
-0.0705869
-0.0690896
-0.0675309
-0.0661155
-0.0648622
-0.0635415
-0.0620293
-0.0602976
-0.0583253
-0.0560895
-0.0535765
-0.0507802
-0.047698
-0.0443292
-0.0406757
-0.0367414
-0.0325328
-0.0280584
-0.0233293
-0.0183593
-0.0131646
-0.00776445
-0.0021808
0.00356169
0.00943584
0.0154122
0.0214596
0.0275453
0.033636
0.0396983
0.0456995
0.0516082
0.057395
0.0630333
0.0684996
0.0737741
0.0788408
0.0836877
0.088307
0.0926943
0.0968489
0.100773
0.104472
0.107954
0.111225
0.114298
0.117182
0.119888
0.122427
0.124809
0.127045
0.129144
0.131114
0.132963
0.134696
0.136322
0.137843
0.139264
0.14059
0.141823
0.142965
0.14402
0.144988
0.145871
0.146671
0.147389
0.148026
0.148583
0.149063
0.149465
0.149792
0.150045
0.150226
0.150335
0.150376
0.150349
0.150256
0.150101
0.149884
0.149608
0.149275
0.148888
0.148447
0.147957
0.147418
0.146833
0.146205
0.145534
0.144824
0.144076
0.143292
0.142474
0.141624
0.140743
0.139834
0.138897
0.137934
0.136947
0.135936
0.134904
0.133851
0.132778
0.131687
0.130578
0.129453
0.128312
0.127156
0.125986
0.124802
0.123606
0.122397
0.121177
0.119946
0.118705
0.117454
0.116193
0.114923
0.113644
0.112357
0.111062
0.109759
0.10845
0.107133
0.105809
0.104479
0.103143
0.101802
0.100454
0.0991008
0.0977424
0.096379
0.0950108
0.0936379
0.0922604
0.0908787
0.0894927
0.0881027
0.0867089
0.0853113
0.0839101
0.0825054
0.0810974
0.0796862
0.0782718
0.0768545
0.0754343
0.0740113
0.0725856
0.0711573
0.0697265
0.0682933
0.0668578
0.06542
0.0639801
0.0625381
0.0610941
0.0596481
0.0582003
0.0567507
0.0552993
0.0538463
0.0523917
0.0509355
0.0494777
0.0480186
0.046558
0.0450961
0.0436328
0.0421683
0.0407025
0.0392356
0.0377675
0.0362982
0.0348279
0.0333565
0.0318841
0.0304107
0.0289363
0.0274609
0.0259846
0.0245073
0.0230292
0.0215501
0.0200702
0.0185893
0.0171076
0.015625
0.0141415
0.0126572
0.0111719
0.00968579
0.00819874
0.00671082
0.00522176
0.00373262
0.00223852
0.00076271
-0.0766054
-0.0744744
-0.0704805
-0.0681973
-0.0668894
-0.0655413
-0.0642037
-0.062953
-0.0616282
-0.0601056
-0.0583508
-0.0563472
-0.0540756
-0.0515235
-0.0486863
-0.0455636
-0.042157
-0.0384707
-0.0345111
-0.030287
-0.0258091
-0.021091
-0.0161481
-0.0109989
-0.0056638
-0.000165991
0.00546924
0.0112146
0.017041
0.0229183
0.0288153
0.0347011
0.0405448
0.0463169
0.0519895
0.057537
0.0629366
0.0681687
0.073217
0.0780692
0.0827161
0.0871523
0.0913756
0.0953868
0.099189
0.102788
0.10619
0.109403
0.112438
0.115302
0.118005
0.120557
0.122967
0.125242
0.12739
0.129417
0.131331
0.133135
0.134835
0.136434
0.137936
0.139343
0.140657
0.14188
0.143014
0.14406
0.145019
0.145893
0.146682
0.147387
0.148009
0.14855
0.149011
0.149393
0.149698
0.149926
0.15008
0.150162
0.150174
0.150117
0.149993
0.149805
0.149556
0.149247
0.14888
0.148459
0.147985
0.14746
0.146888
0.14627
0.145608
0.144906
0.144164
0.143384
0.14257
0.141723
0.140844
0.139935
0.138998
0.138035
0.137046
0.136034
0.135
0.133945
0.132869
0.131775
0.130664
0.129535
0.128391
0.127232
0.126058
0.124872
0.123672
0.12246
0.121237
0.120003
0.118759
0.117504
0.116241
0.114968
0.113687
0.112397
0.1111
0.109795
0.108484
0.107165
0.105839
0.104508
0.10317
0.101827
0.100478
0.0991232
0.0977637
0.0963991
0.0950298
0.0936558
0.0922775
0.0908948
0.0895081
0.0881174
0.0867229
0.0853247
0.0839229
0.0825177
0.0811092
0.0796976
0.0782828
0.0768651
0.0754446
0.0740213
0.0725953
0.0711668
0.0697358
0.0683024
0.0668667
0.0654288
0.0639888
0.0625467
0.0611026
0.0596566
0.0582087
0.056759
0.0553077
0.0538546
0.0524
0.0509437
0.049486
0.0480269
0.0465663
0.0451044
0.0436412
0.0421767
0.040711
0.0392441
0.037776
0.0363068
0.0348365
0.0333651
0.0318927
0.0304193
0.0289449
0.0274695
0.0259932
0.0245159
0.0230377
0.0215585
0.0200785
0.0185975
0.0171155
0.0156327
0.0141489
0.0126642
0.0111786
0.00969195
0.00820434
0.00671578
0.00522594
0.00373617
0.0022402
0.000767916
-0.0698139
-0.0694496
-0.0670155
-0.0653012
-0.0642641
-0.0631777
-0.0619934
-0.0608006
-0.0595041
-0.0579959
-0.0562389
-0.0542204
-0.0519267
-0.049348
-0.0464821
-0.0433312
-0.0398995
-0.0361936
-0.0322226
-0.0279974
-0.0235313
-0.0188395
-0.0139396
-0.0088512
-0.0035961
0.00180196
0.00731745
0.0129234
0.0185915
0.0242931
0.029999
0.0356804
0.0413097
0.0468602
0.0523076
0.0576299
0.0628077
0.0678249
0.0726685
0.0773287
0.0817991
0.0860759
0.0901585
0.0940484
0.0977494
0.101267
0.104606
0.107776
0.110784
0.113638
0.116346
0.118915
0.121353
0.123666
0.125861
0.127942
0.129915
0.131783
0.133549
0.135217
0.136789
0.138267
0.139652
0.140945
0.142149
0.143262
0.144287
0.145224
0.146074
0.146838
0.147517
0.148112
0.148623
0.149052
0.149402
0.149672
0.149865
0.149983
0.150028
0.150001
0.149906
0.149743
0.149517
0.149228
0.14888
0.148475
0.148016
0.147504
0.146943
0.146334
0.14568
0.144984
0.144247
0.143472
0.142661
0.141816
0.140938
0.14003
0.139093
0.138129
0.13714
0.136126
0.13509
0.134033
0.132955
0.131858
0.130744
0.129613
0.128465
0.127303
0.126127
0.124937
0.123734
0.12252
0.121294
0.120057
0.11881
0.117553
0.116286
0.115011
0.113728
0.112436
0.111136
0.10983
0.108516
0.107195
0.105868
0.104535
0.103196
0.101851
0.100501
0.0991449
0.0977842
0.0964186
0.0950482
0.0936734
0.0922941
0.0909107
0.0895232
0.0881318
0.0867366
0.0853378
0.0839356
0.0825299
0.0811209
0.0797089
0.0782938
0.0768757
0.0754549
0.0740313
0.072605
0.0711763
0.0697451
0.0683115
0.0668757
0.0654376
0.0639975
0.0625552
0.0611111
0.059665
0.058217
0.0567673
0.0553159
0.0538628
0.0524081
0.0509519
0.0494942
0.048035
0.0465745
0.0451126
0.0436494
0.0421849
0.0407192
0.0392523
0.0377843
0.0363151
0.0348448
0.0333735
0.0319011
0.0304277
0.0289532
0.0274778
0.0260014
0.0245241
0.0230458
0.0215665
0.0200863
0.0186052
0.017123
0.0156399
0.0141559
0.0126708
0.0111848
0.00969769
0.00820954
0.00672037
0.00522979
0.0037394
0.00224183
0.000772274
-0.0632528
-0.0641694
-0.0630773
-0.0620354
-0.0613428
-0.0605513
-0.0595737
-0.0584888
-0.0572529
-0.0557832
-0.0540447
-0.0520287
-0.0497277
-0.0471361
-0.0442549
-0.0410888
-0.0376453
-0.0339337
-0.0299652
-0.0257532
-0.021313
-0.0166616
-0.0118181
-0.00680318
-0.00163936
0.00364933
0.00903759
0.0144991
0.0200068
0.0255337
0.0310527
0.0365376
0.0419635
0.047307
0.0525468
0.0576641
0.0626427
0.0674694
0.0721338
0.0766282
0.0809481
0.0850911
0.0890574
0.0928488
0.0964692
0.0999233
0.103217
0.106356
0.109348
0.112199
0.114916
0.117505
0.119972
0.122322
0.12456
0.126689
0.128714
0.130638
0.132462
0.13419
0.135822
0.137361
0.138806
0.140159
0.141421
0.142592
0.143672
0.144663
0.145565
0.146379
0.147105
0.147745
0.148299
0.148769
0.149156
0.149461
0.149688
0.149836
0.149909
0.149909
0.149837
0.149697
0.14949
0.149219
0.148887
0.148496
0.148049
0.147549
0.146997
0.146396
0.145749
0.145058
0.144326
0.143555
0.142746
0.141903
0.141026
0.140118
0.139181
0.138217
0.137226
0.136211
0.135173
0.134114
0.133034
0.131935
0.130818
0.129684
0.128534
0.127369
0.12619
0.124997
0.123792
0.122575
0.121346
0.120107
0.118857
0.117597
0.116329
0.115051
0.113766
0.112472
0.111171
0.109862
0.108546
0.107224
0.105896
0.104561
0.10322
0.101874
0.100522
0.0991656
0.0978038
0.0964371
0.0950659
0.0936901
0.0923101
0.0909259
0.0895377
0.0881457
0.08675
0.0853506
0.0839478
0.0825417
0.0811323
0.0797199
0.0783044
0.0768861
0.0754649
0.074041
0.0726146
0.0711856
0.0697542
0.0683205
0.0668845
0.0654463
0.064006
0.0625637
0.0611194
0.0596732
0.0582252
0.0567754
0.0553239
0.0538708
0.0524161
0.0509599
0.0495021
0.048043
0.0465824
0.0451205
0.0436573
0.0421928
0.0407271
0.0392602
0.0377922
0.036323
0.0348528
0.0333814
0.031909
0.0304356
0.0289611
0.0274857
0.0260092
0.0245318
0.0230534
0.021574
0.0200937
0.0186123
0.01713
0.0156467
0.0141623
0.0126769
0.0111905
0.00970296
0.00821429
0.00672454
0.00523329
0.00374227
0.00224338
0.000775651
-0.0570288
-0.0588904
-0.0589148
-0.0585688
-0.0582719
-0.0577959
-0.0570579
-0.0561198
-0.0549732
-0.0535632
-0.0518617
-0.0498646
-0.0475707
-0.0449798
-0.0420963
-0.0389282
-0.0354859
-0.0317814
-0.0278284
-0.0236424
-0.0192402
-0.0146407
-0.00986375
-0.00493099
0.000134778
0.00530963
0.0105688
0.015887
0.0212386
0.0265983
0.0319414
0.0372441
0.0424842
0.0476411
0.0526963
0.0576338
0.06244
0.0671039
0.0716172
0.0759739
0.0801705
0.0842056
0.0880797
0.0917949
0.0953543
0.0987623
0.102024
0.105144
0.108129
0.110984
0.113713
0.116323
0.118818
0.121202
0.123478
0.12565
0.127721
0.129692
0.131566
0.133343
0.135026
0.136615
0.138111
0.139513
0.140824
0.142042
0.143168
0.144204
0.145149
0.146003
0.146769
0.147446
0.148035
0.148538
0.148957
0.149292
0.149546
0.14972
0.149817
0.149838
0.149787
0.149665
0.149474
0.149219
0.1489
0.148521
0.148084
0.147593
0.147049
0.146455
0.145814
0.145128
0.144399
0.143631
0.142824
0.141982
0.141106
0.140199
0.139262
0.138297
0.137305
0.136289
0.135249
0.134188
0.133106
0.132005
0.130886
0.129749
0.128597
0.127429
0.126248
0.125053
0.123845
0.122625
0.121394
0.120152
0.1189
0.117639
0.116368
0.115088
0.113801
0.112505
0.111202
0.109892
0.108575
0.107251
0.105921
0.104585
0.103243
0.101896
0.100543
0.099185
0.0978222
0.0964546
0.0950825
0.093706
0.0923252
0.0909404
0.0895516
0.0881589
0.0867627
0.0853628
0.0839596
0.082553
0.0811433
0.0797305
0.0783147
0.076896
0.0754746
0.0740505
0.0726238
0.0711946
0.069763
0.0683291
0.066893
0.0654547
0.0640142
0.0625718
0.0611274
0.0596812
0.0582331
0.0567833
0.0553317
0.0538786
0.0524238
0.0509675
0.0495098
0.0480506
0.04659
0.0451281
0.0436649
0.0422004
0.0407347
0.0392678
0.0377998
0.0363306
0.0348603
0.0333889
0.0319165
0.030443
0.0289685
0.027493
0.0260165
0.024539
0.0230605
0.021581
0.0201005
0.018619
0.0171364
0.0156529
0.0141682
0.0126825
0.0111957
0.00970772
0.00821857
0.00672827
0.00523639
0.00374475
0.00224485
0.000777972
-0.0512528
-0.053825
-0.0547607
-0.0550801
-0.055203
-0.0550511
-0.0545682
-0.0538022
-0.052767
-0.0514335
-0.0497841
-0.0478199
-0.0455461
-0.0429681
-0.0400943
-0.0369361
-0.0335068
-0.0298209
-0.0258943
-0.0217444
-0.0173896
-0.0128497
-0.00814555
-0.00329905
0.00166696
0.00672898
0.011863
0.017045
0.0222508
0.0274571
0.0326412
0.0377817
0.0428586
0.0478539
0.0527514
0.0575374
0.0622003
0.0667308
0.071122
0.0753691
0.0794693
0.0834216
0.0872264
0.0908856
0.0944019
0.097779
0.101021
0.104132
0.107116
0.109979
0.112724
0.115355
0.117876
0.12029
0.1226
0.124808
0.126917
0.128929
0.130843
0.132662
0.134387
0.136017
0.137553
0.138996
0.140346
0.141602
0.142766
0.143837
0.144817
0.145705
0.146502
0.147209
0.147827
0.148358
0.148802
0.149161
0.149437
0.149632
0.149748
0.149787
0.149752
0.149645
0.149468
0.149225
0.148917
0.148548
0.14812
0.147636
0.147098
0.14651
0.145873
0.145191
0.144466
0.1437
0.142895
0.142054
0.141179
0.140272
0.139334
0.138368
0.137376
0.136358
0.135317
0.134254
0.133171
0.132068
0.130946
0.129808
0.128653
0.127484
0.1263
0.125102
0.123892
0.12267
0.121437
0.120193
0.118939
0.117676
0.116403
0.115122
0.113833
0.112535
0.111231
0.109919
0.1086
0.107275
0.105944
0.104607
0.103264
0.101915
0.100562
0.0992029
0.0978392
0.0964709
0.095098
0.0937208
0.0923394
0.0909539
0.0895645
0.0881714
0.0867746
0.0853744
0.0839707
0.0825638
0.0811537
0.0797406
0.0783245
0.0769056
0.0754839
0.0740596
0.0726327
0.0712033
0.0697715
0.0683375
0.0669012
0.0654627
0.0640222
0.0625797
0.0611352
0.0596889
0.0582407
0.0567908
0.0553392
0.053886
0.0524312
0.0509749
0.0495171
0.0480579
0.0465973
0.0451353
0.0436721
0.0422076
0.0407419
0.0392749
0.0378069
0.0363377
0.0348673
0.0333959
0.0319235
0.0304499
0.0289754
0.0274998
0.0260232
0.0245456
0.023067
0.0215873
0.0201067
0.018625
0.0171423
0.0156584
0.0141735
0.0126875
0.0112003
0.00971197
0.00822236
0.00673155
0.00523909
0.00374685
0.00224622
0.000779226
-0.0460311
-0.0491475
-0.0508187
-0.051742
-0.052282
-0.0524506
-0.0522235
-0.0516414
-0.0507311
-0.0494855
-0.0478987
-0.0459782
-0.043735
-0.0411801
-0.0383261
-0.0351876
-0.0317808
-0.0281226
-0.0242307
-0.020124
-0.0158221
-0.0113457
-0.00671599
-0.00195501
0.00291471
0.00787026
0.0128886
0.0179469
0.0230227
0.0280943
0.0331408
0.038143
0.0430829
0.0479443
0.0527131
0.0573772
0.0619265
0.0663529
0.0706504
0.0748148
0.0788437
0.082736
0.0864921
0.0901134
0.0936021
0.0969609
0.100193
0.103302
0.106292
0.109165
0.111926
0.114578
0.117123
0.119564
0.121903
0.124143
0.126284
0.128328
0.130276
0.132128
0.133886
0.135549
0.137118
0.138593
0.139973
0.14126
0.142454
0.143554
0.14456
0.145474
0.146297
0.147028
0.147668
0.14822
0.148685
0.149063
0.149357
0.149569
0.1497
0.149754
0.149732
0.149636
0.149471
0.149237
0.148938
0.148576
0.148155
0.147677
0.147145
0.146561
0.145928
0.145249
0.144526
0.143762
0.142958
0.142118
0.141243
0.140336
0.139398
0.138432
0.137438
0.13642
0.135378
0.134313
0.133228
0.132123
0.131
0.129859
0.128703
0.127531
0.126346
0.125146
0.123934
0.122711
0.121476
0.12023
0.118974
0.117709
0.116435
0.115152
0.113861
0.112563
0.111256
0.109943
0.108624
0.107297
0.105965
0.104627
0.103283
0.101933
0.100579
0.0992192
0.0978548
0.0964858
0.0951123
0.0937344
0.0923525
0.0909665
0.0895766
0.088183
0.0867859
0.0853852
0.0839812
0.0825739
0.0811635
0.0797501
0.0783338
0.0769146
0.0754927
0.0740682
0.0726411
0.0712116
0.0697797
0.0683454
0.066909
0.0654705
0.0640298
0.0625872
0.0611426
0.0596962
0.058248
0.056798
0.0553464
0.0538931
0.0524382
0.0509819
0.049524
0.0480648
0.0466041
0.0451422
0.0436789
0.0422144
0.0407486
0.0392816
0.0378135
0.0363443
0.0348739
0.0334024
0.0319299
0.0304563
0.0289817
0.027506
0.0260294
0.0245516
0.0230729
0.0215931
0.0201123
0.0186304
0.0171475
0.0156635
0.0141783
0.012692
0.0112045
0.00971573
0.00822569
0.0067344
0.00524144
0.00374858
0.00224747
0.000779464
-0.041458
-0.0449976
-0.0472577
-0.0487077
-0.0496401
-0.0501129
-0.0501302
-0.0497311
-0.0489502
-0.0477975
-0.0462791
-0.0444088
-0.0422033
-0.0396789
-0.0368521
-0.0337407
-0.0303632
-0.0267385
-0.0228861
-0.018826
-0.0145788
-0.0101653
-0.0056072
-0.000926266
0.00385538
0.00871559
0.0136323
0.0185839
0.0235493
0.0285083
0.0334418
0.0383319
0.0431624
0.0479186
0.0525879
0.0571592
0.0616233
0.0659732
0.0702031
0.0743093
0.0782892
0.0821418
0.085867
0.0894657
0.0929394
0.0962904
0.0995211
0.102634
0.105633
0.10852
0.111297
0.113968
0.116535
0.118999
0.121363
0.123628
0.125795
0.127866
0.129841
0.13172
0.133504
0.135193
0.136788
0.138287
0.139693
0.141003
0.142219
0.143341
0.144369
0.145303
0.146145
0.146895
0.147553
0.148121
0.148601
0.148994
0.149302
0.149527
0.14967
0.149735
0.149723
0.149637
0.14948
0.149254
0.148962
0.148606
0.148191
0.147717
0.147189
0.146608
0.145978
0.145301
0.14458
0.143817
0.143015
0.142175
0.1413
0.140393
0.139455
0.138488
0.137493
0.136474
0.13543
0.134365
0.133278
0.132171
0.131047
0.129905
0.128747
0.127573
0.126386
0.125185
0.123971
0.122746
0.121509
0.120262
0.119005
0.117738
0.116463
0.115179
0.113887
0.112587
0.111279
0.109965
0.108644
0.107317
0.105984
0.104645
0.1033
0.10195
0.100594
0.0992342
0.0978691
0.0964994
0.0951254
0.093747
0.0923645
0.0909781
0.0895878
0.0881938
0.0867963
0.0853953
0.083991
0.0825834
0.0811728
0.0797591
0.0783425
0.0769232
0.0755011
0.0740764
0.0726491
0.0712194
0.0697874
0.068353
0.0669165
0.0654778
0.0640371
0.0625944
0.0611497
0.0597032
0.0582549
0.0568049
0.0553532
0.0538998
0.0524449
0.0509885
0.0495306
0.0480713
0.0466106
0.0451486
0.0436853
0.0422207
0.0407549
0.0392879
0.0378197
0.0363504
0.03488
0.0334085
0.0319359
0.0304622
0.0289875
0.0275118
0.026035
0.0245572
0.0230783
0.0215984
0.0201174
0.0186354
0.0171522
0.015668
0.0141825
0.012696
0.0112081
0.00971904
0.00822862
0.00673689
0.00524346
0.00375
0.00224863
0.0007788
-0.0376074
-0.0414792
-0.0442067
-0.0461009
-0.0473845
-0.0481335
-0.0483738
-0.0481461
-0.0474902
-0.0464291
-0.0449795
-0.0431617
-0.0409975
-0.0385076
-0.0357122
-0.0326318
-0.029287
-0.0256984
-0.0218867
-0.0178727
-0.0136776
-0.00932251
-0.00482896
-0.000218517
0.00448726
0.00926696
0.0140994
0.0189641
0.0238411
0.0287114
0.0335572
0.0383619
0.0431105
0.0477893
0.0523865
0.0568919
0.061297
0.0655949
0.0697803
0.0738493
0.0777994
0.081629
0.0853379
0.0889263
0.0923954
0.0957466
0.098982
0.102104
0.105114
0.108015
0.110808
0.113497
0.116083
0.118568
0.120953
0.123239
0.125428
0.127521
0.129517
0.131417
0.133222
0.134931
0.136545
0.138065
0.139488
0.140817
0.142051
0.143189
0.144233
0.145183
0.146039
0.146803
0.147474
0.148056
0.148547
0.148952
0.14927
0.149504
0.149657
0.14973
0.149725
0.149647
0.149496
0.149275
0.148988
0.148638
0.148226
0.147756
0.14723
0.146652
0.146024
0.145349
0.144629
0.143867
0.143065
0.142225
0.141351
0.140443
0.139505
0.138537
0.137542
0.136521
0.135476
0.134409
0.133321
0.132214
0.131088
0.129944
0.128785
0.12761
0.126421
0.125219
0.124004
0.122777
0.121539
0.120291
0.119032
0.117764
0.116488
0.115202
0.113909
0.112608
0.1113
0.109985
0.108663
0.107335
0.106001
0.104661
0.103315
0.101965
0.100609
0.0992477
0.0978821
0.096512
0.0951374
0.0937586
0.0923757
0.0909889
0.0895982
0.0882039
0.0868061
0.0854048
0.0840002
0.0825924
0.0811815
0.0797676
0.0783508
0.0769313
0.075509
0.0740841
0.0726568
0.0712269
0.0697948
0.0683603
0.0669236
0.0654849
0.064044
0.0626012
0.0611565
0.0597099
0.0582615
0.0568114
0.0553597
0.0539063
0.0524513
0.0509948
0.0495369
0.0480775
0.0466168
0.0451547
0.0436913
0.0422267
0.0407608
0.0392938
0.0378256
0.0363562
0.0348857
0.0334141
0.0319414
0.0304677
0.0289929
0.027517
0.0260401
0.0245622
0.0230832
0.0216031
0.020122
0.0186398
0.0171564
0.015672
0.0141863
0.0126995
0.0112114
0.00972199
0.00823121
0.00673908
0.00524525
0.00375118
0.00224972
0.0007774
-0.034525
-0.0386584
-0.0417518
-0.0440079
-0.0455907
-0.0465788
-0.0470125
-0.046936
-0.0463932
-0.0454163
-0.0440312
-0.0422639
-0.0401405
-0.0376856
-0.0349224
-0.0318736
-0.0285615
-0.0250079
-0.0212344
-0.0172625
-0.0131134
-0.0088085
-0.00436916
0.000183441
0.00482825
0.00954451
0.0143119
0.0191106
0.0239217
0.0287272
0.03351
0.0382546
0.0429466
0.0475731
0.0521228
0.056586
0.0609544
0.0652213
0.0693814
0.0734306
0.0773662
0.0811864
0.0848904
0.0884781
0.0919502
0.0953078
0.0985522
0.101685
0.104709
0.107624
0.110434
0.11314
0.115743
0.118246
0.120648
0.122953
0.125159
0.127269
0.129282
0.131199
0.13302
0.134746
0.136375
0.137909
0.139347
0.14069
0.141936
0.143087
0.144143
0.145105
0.145972
0.146746
0.147427
0.148018
0.148519
0.148931
0.149257
0.149498
0.149658
0.149737
0.149738
0.149664
0.149518
0.149301
0.149018
0.148671
0.148262
0.147794
0.147271
0.146694
0.146067
0.145393
0.144674
0.143912
0.14311
0.142271
0.141396
0.140488
0.139549
0.13858
0.137584
0.136563
0.135517
0.134449
0.13336
0.132251
0.131124
0.129979
0.128818
0.127642
0.126452
0.125249
0.124032
0.122804
0.121565
0.120316
0.119056
0.117787
0.116509
0.115223
0.113929
0.112627
0.111318
0.110002
0.10868
0.107351
0.106016
0.104676
0.103329
0.101978
0.100622
0.0992602
0.0978941
0.0965235
0.0951486
0.0937694
0.0923861
0.090999
0.089608
0.0882134
0.0868153
0.0854137
0.0840089
0.0826009
0.0811898
0.0797757
0.0783588
0.0769391
0.0755166
0.0740916
0.0726641
0.0712342
0.0698019
0.0683673
0.0669305
0.0654917
0.0640507
0.0626078
0.061163
0.0597164
0.0582679
0.0568178
0.0553659
0.0539124
0.0524574
0.0510009
0.0495429
0.0480835
0.0466227
0.0451605
0.0436971
0.0422324
0.0407665
0.0392993
0.037831
0.0363616
0.034891
0.0334193
0.0319466
0.0304727
0.0289978
0.0275219
0.0260449
0.0245668
0.0230877
0.0216075
0.0201262
0.0186438
0.0171603
0.0156756
0.0141898
0.0127027
0.0112143
0.00972466
0.00823358
0.00674109
0.0052469
0.00375223
0.00225078
0.000775476
-0.0322224
-0.0365604
-0.039934
-0.0424734
-0.0442978
-0.0454815
-0.0460735
-0.0461222
-0.0456747
-0.0447699
-0.0434407
-0.0417181
-0.0396317
-0.0372089
-0.0344753
-0.0314554
-0.0281726
-0.0246497
-0.0209088
-0.0169716
-0.0128598
-0.00859446
-0.00419681
0.000312295
0.00491225
0.00958282
0.0143043
0.0190575
0.0238241
0.0285867
0.0333291
0.0380359
0.0426935
0.0472893
0.0518122
0.0562528
0.0606028
0.0648555
0.0690054
0.0730484
0.0769814
0.0808024
0.0845101
0.0881043
0.0915851
0.0949532
0.0982097
0.101356
0.104394
0.107325
0.11015
0.112871
0.11549
0.118009
0.120427
0.122746
0.124968
0.127092
0.129119
0.13105
0.132884
0.134621
0.136263
0.137808
0.139257
0.14061
0.141867
0.143027
0.144092
0.145062
0.145938
0.146719
0.147408
0.148005
0.148512
0.14893
0.149262
0.149508
0.149672
0.149755
0.14976
0.14969
0.149547
0.149333
0.149052
0.148707
0.1483
0.147833
0.147311
0.146736
0.14611
0.145436
0.144717
0.143955
0.143153
0.142313
0.141438
0.140529
0.139589
0.13862
0.137623
0.136601
0.135554
0.134485
0.133394
0.132284
0.131156
0.13001
0.128848
0.127671
0.12648
0.125275
0.124058
0.122829
0.121589
0.120338
0.119078
0.117808
0.116529
0.115242
0.113947
0.112645
0.111335
0.110018
0.108695
0.107366
0.10603
0.104689
0.103343
0.101991
0.100634
0.0992719
0.0979054
0.0965345
0.0951591
0.0937796
0.0923961
0.0910086
0.0896174
0.0882225
0.0868241
0.0854224
0.0840173
0.0826091
0.0811978
0.0797836
0.0783665
0.0769466
0.0755241
0.0740989
0.0726713
0.0712412
0.0698088
0.0683741
0.0669373
0.0654983
0.0640573
0.0626143
0.0611694
0.0597227
0.0582742
0.0568239
0.055372
0.0539185
0.0524634
0.0510068
0.0495487
0.0480892
0.0466283
0.0451661
0.0437026
0.0422378
0.0407718
0.0393046
0.0378362
0.0363667
0.0348961
0.0334243
0.0319514
0.0304775
0.0290025
0.0275264
0.0260493
0.0245711
0.0230918
0.0216115
0.0201301
0.0186475
0.0171639
0.015679
0.014193
0.0127057
0.0112171
0.00972718
0.00823584
0.00674304
0.00524853
0.00375329
0.00225192
0.000773275
-0.0306717
-0.0351666
-0.0387476
-0.041498
-0.0435054
-0.0448384
-0.0455512
-0.0456959
-0.0453224
-0.0444743
-0.0431895
-0.0415029
-0.0394466
-0.0370501
-0.0343408
-0.0313443
-0.0280848
-0.0245857
-0.0208694
-0.016958
-0.0128728
-0.00863517
-0.00426596
0.000214224
0.00478511
0.00942684
0.0141201
0.0188462
0.0235872
0.028326
0.0330468
0.0377346
0.0423758
0.0469582
0.0514708
0.055904
0.0602497
0.0645009
0.0686521
0.0726989
0.0766379
0.080467
0.0841845
0.08779
0.0912833
0.0946648
0.0979355
0.101097
0.104149
0.107095
0.109935
0.112671
0.115305
0.117837
0.120269
0.122602
0.124836
0.126973
0.129011
0.130953
0.132798
0.134546
0.136197
0.137751
0.139209
0.14057
0.141834
0.143002
0.144074
0.14505
0.145931
0.146718
0.147412
0.148014
0.148525
0.148948
0.149283
0.149533
0.1497
0.149786
0.149793
0.149725
0.149584
0.149372
0.149092
0.148748
0.148341
0.147876
0.147354
0.146779
0.146153
0.145479
0.144759
0.143997
0.143195
0.142354
0.141478
0.140569
0.139628
0.138657
0.13766
0.136636
0.135588
0.134518
0.133427
0.132316
0.131186
0.130039
0.128876
0.127698
0.126506
0.1253
0.124082
0.122852
0.121611
0.120359
0.119098
0.117827
0.116548
0.11526
0.113964
0.112661
0.111351
0.110033
0.10871
0.10738
0.106044
0.104702
0.103355
0.102003
0.100645
0.0992832
0.0979164
0.096545
0.0951694
0.0937896
0.0924057
0.091018
0.0896265
0.0882315
0.0868329
0.0854309
0.0840257
0.0826173
0.0812058
0.0797914
0.0783742
0.0769541
0.0755315
0.0741062
0.0726784
0.0712482
0.0698157
0.0683809
0.066944
0.0655049
0.0640638
0.0626207
0.0611758
0.0597289
0.0582803
0.05683
0.055378
0.0539244
0.0524692
0.0510126
0.0495544
0.0480948
0.0466339
0.0451716
0.043708
0.0422432
0.0407771
0.0393098
0.0378413
0.0363717
0.0349009
0.0334291
0.0319561
0.0304821
0.029007
0.0275308
0.0260535
0.0245752
0.0230958
0.0216154
0.0201338
0.0186511
0.0171673
0.0156823
0.014196
0.0127086
0.0112198
0.00972967
0.00823809
0.00674503
0.00525026
0.0037545
0.00225324
0.000771067
-0.0297982
-0.0344095
-0.0381362
-0.0410333
-0.0431686
-0.044606
-0.0454031
-0.0456148
-0.0452932
-0.0444851
-0.0432318
-0.0415708
-0.039536
-0.0371583
-0.034466
-0.0314856
-0.0282419
-0.0247584
-0.0210579
-0.0171624
-0.0130933
-0.00887173
-0.00451849
-5.39621e-05
0.00450182
0.00912926
0.0138093
0.0185234
0.023254
0.0279842
0.0326981
0.0373812
0.0420198
0.0466017
0.0511158
0.0555527
0.059904
0.0641626
0.0683229
0.0723802
0.0763311
0.080173
0.0839043
0.0875241
0.0910322
0.0944288
0.0977147
0.100891
0.103958
0.106919
0.109774
0.112524
0.115171
0.117716
0.120161
0.122505
0.124751
0.126898
0.128947
0.130898
0.132752
0.134508
0.136167
0.137729
0.139194
0.140561
0.141832
0.143005
0.144082
0.145063
0.145949
0.14674
0.147438
0.148043
0.148557
0.148982
0.14932
0.149572
0.149741
0.149828
0.149837
0.14977
0.149629
0.149418
0.149139
0.148795
0.148388
0.147923
0.147401
0.146825
0.146198
0.145524
0.144804
0.14404
0.143237
0.142396
0.141519
0.140608
0.139666
0.138695
0.137696
0.136671
0.135622
0.134551
0.133458
0.132346
0.131215
0.130067
0.128903
0.127724
0.126531
0.125324
0.124105
0.122874
0.121632
0.12038
0.119117
0.117846
0.116566
0.115277
0.113981
0.112677
0.111366
0.110048
0.108724
0.107393
0.106057
0.104715
0.103367
0.102015
0.100657
0.0992944
0.0979272
0.0965556
0.0951796
0.0937995
0.0924154
0.0910274
0.0896357
0.0882404
0.0868416
0.0854394
0.084034
0.0826255
0.0812138
0.0797993
0.0783819
0.0769617
0.0755389
0.0741135
0.0726856
0.0712553
0.0698227
0.0683878
0.0669507
0.0655116
0.0640704
0.0626272
0.0611821
0.0597352
0.0582865
0.0568361
0.055384
0.0539303
0.0524751
0.0510183
0.0495601
0.0481004
0.0466394
0.045177
0.0437134
0.0422484
0.0407822
0.0393149
0.0378463
0.0363766
0.0349057
0.0334338
0.0319607
0.0304866
0.0290113
0.027535
0.0260577
0.0245792
0.0230997
0.0216191
0.0201374
0.0186546
0.0171706
0.0156855
0.0141991
0.0127115
0.0112225
0.0097322
0.00824044
0.00674717
0.00525219
0.00375596
0.00225488
0.000769118
-0.0294937
-0.034188
-0.0380107
-0.0410016
-0.0432177
-0.0447204
-0.0455696
-0.0458222
-0.0455321
-0.0447479
-0.0435134
-0.0418672
-0.0398446
-0.0374772
-0.0347941
-0.0318221
-0.0285861
-0.0251101
-0.0214166
-0.0175278
-0.0134651
-0.00924952
-0.00490161
-0.000441683
0.00411037
0.00873508
0.0134135
0.0181274
0.022859
0.0275917
0.0323098
0.0369984
0.0416441
0.0462345
0.0507586
0.0552067
0.0595703
0.0638423
0.0680168
0.0720891
0.0760555
0.0799133
0.0836607
0.0872967
0.090821
0.0942336
0.0975352
0.100727
0.103809
0.106784
0.109653
0.112417
0.115077
0.117634
0.12009
0.122446
0.124702
0.126859
0.128917
0.130877
0.132739
0.134503
0.136169
0.137737
0.139208
0.140581
0.141856
0.143035
0.144116
0.145101
0.14599
0.146784
0.147485
0.148092
0.148609
0.149035
0.149374
0.149628
0.149797
0.149885
0.149895
0.149828
0.149687
0.149475
0.149196
0.148851
0.148444
0.147978
0.147454
0.146878
0.14625
0.145574
0.144853
0.144088
0.143284
0.142441
0.141562
0.14065
0.139707
0.138734
0.137734
0.136707
0.135657
0.134584
0.13349
0.132377
0.131245
0.130096
0.128931
0.12775
0.126556
0.125348
0.124128
0.122896
0.121653
0.1204
0.119137
0.117865
0.116584
0.115295
0.113998
0.112693
0.111381
0.110063
0.108738
0.107407
0.10607
0.104728
0.10338
0.102027
0.100669
0.0993059
0.0979384
0.0965664
0.0951901
0.0938098
0.0924254
0.0910372
0.0896452
0.0882497
0.0868507
0.0854483
0.0840427
0.082634
0.0812222
0.0798074
0.0783899
0.0769696
0.0755466
0.0741211
0.0726931
0.0712626
0.0698299
0.0683949
0.0669577
0.0655184
0.0640771
0.0626339
0.0611887
0.0597417
0.0582929
0.0568424
0.0553902
0.0539364
0.0524811
0.0510242
0.0495659
0.0481062
0.046645
0.0451826
0.0437188
0.0422538
0.0407875
0.03932
0.0378513
0.0363815
0.0349106
0.0334385
0.0319653
0.0304911
0.0290157
0.0275393
0.0260618
0.0245833
0.0231037
0.0216229
0.0201411
0.0186581
0.017174
0.0156887
0.0142022
0.0127145
0.0112254
0.00973492
0.00824301
0.00674958
0.00525445
0.00375785
0.00225705
0.000767771
-0.0296882
-0.034446
-0.0383318
-0.0413789
-0.0436404
-0.0451774
-0.0460518
-0.0463226
-0.0460448
-0.0452687
-0.0440391
-0.042396
-0.0403748
-0.038008
-0.0353247
-0.032352
-0.0291149
-0.0256374
-0.021942
-0.0180507
-0.0139849
-0.00976557
-0.00541313
-0.00094779
0.00361066
0.00824283
0.0129299
0.0176534
0.022396
0.0271409
0.0318722
0.0365752
0.0412362
0.0458429
0.0503842
0.0548501
0.0592321
0.0635229
0.0677165
0.071808
0.0757935
0.0796704
0.0834367
0.0870913
0.0906336
0.0940639
0.0973827
0.100591
0.103689
0.106679
0.109563
0.11234
0.115013
0.117584
0.120052
0.122419
0.124685
0.126852
0.12892
0.130889
0.132759
0.13453
0.136204
0.137779
0.139255
0.140634
0.141914
0.143097
0.144182
0.14517
0.146063
0.146859
0.147562
0.148171
0.148689
0.149117
0.149457
0.14971
0.14988
0.149968
0.149976
0.149909
0.149767
0.149554
0.149273
0.148927
0.148518
0.14805
0.147525
0.146946
0.146317
0.145639
0.144915
0.144149
0.143342
0.142497
0.141616
0.140702
0.139757
0.138782
0.137779
0.136751
0.135699
0.134625
0.133529
0.132414
0.13128
0.13013
0.128963
0.127781
0.126586
0.125377
0.124155
0.122922
0.121678
0.120424
0.11916
0.117887
0.116605
0.115315
0.114017
0.112712
0.1114
0.11008
0.108755
0.107423
0.106086
0.104743
0.103395
0.102041
0.100683
0.0993192
0.0979513
0.096579
0.0952024
0.0938217
0.092437
0.0910485
0.0896563
0.0882605
0.0868612
0.0854586
0.0840528
0.0826438
0.0812318
0.0798169
0.0783991
0.0769786
0.0755555
0.0741298
0.0727016
0.0712711
0.0698382
0.068403
0.0669657
0.0655263
0.0640849
0.0626415
0.0611962
0.059749
0.0583001
0.0568495
0.0553972
0.0539433
0.0524879
0.0510309
0.0495725
0.0481126
0.0466514
0.0451888
0.0437249
0.0422598
0.0407934
0.0393258
0.037857
0.0363871
0.034916
0.0334438
0.0319705
0.0304961
0.0290207
0.0275441
0.0260665
0.0245879
0.0231081
0.0216272
0.0201453
0.0186622
0.0171779
0.0156925
0.0142059
0.012718
0.0112288
0.0097382
0.00824617
0.00675262
0.0052574
0.00376054
0.00226027
0.000767768
-0.0302743
-0.0350872
-0.0390178
-0.0420973
-0.0443796
-0.0459279
-0.0468064
-0.0470762
-0.046794
-0.0460113
-0.0447737
-0.0431218
-0.0410916
-0.0387155
-0.0360229
-0.0330407
-0.0297941
-0.0263067
-0.0226012
-0.0186993
-0.0146223
-0.010391
-0.00602581
-0.00154684
0.00302621
0.00767398
0.0123776
0.0171189
0.0218801
0.0266445
0.0313962
0.0361203
0.0408032
0.0454322
0.0499961
0.0544849
0.0588899
0.0632038
0.0674202
0.0715342
0.0755419
0.0794405
0.0832279
0.0869029
0.0904651
0.0939145
0.0972516
0.100477
0.103593
0.106599
0.109498
0.11229
0.114977
0.11756
0.120041
0.12242
0.124697
0.126875
0.128952
0.13093
0.132809
0.134589
0.13627
0.137852
0.139334
0.140719
0.142004
0.143191
0.144281
0.145272
0.146167
0.146967
0.147671
0.148282
0.148801
0.149229
0.149569
0.149822
0.149991
0.150077
0.150085
0.150015
0.149872
0.149657
0.149374
0.149025
0.148614
0.148143
0.147615
0.147033
0.146401
0.14572
0.144993
0.144224
0.143414
0.142566
0.141683
0.140766
0.139818
0.13884
0.137835
0.136805
0.13575
0.134673
0.133576
0.132458
0.131323
0.13017
0.129002
0.127818
0.126621
0.12541
0.124187
0.122953
0.121708
0.120452
0.119187
0.117913
0.11663
0.115339
0.11404
0.112734
0.111421
0.110101
0.108775
0.107442
0.106104
0.104761
0.103412
0.102058
0.100699
0.0993347
0.0979664
0.0965936
0.0952166
0.0938355
0.0924505
0.0910616
0.0896691
0.088273
0.0868734
0.0854705
0.0840644
0.0826552
0.081243
0.0798278
0.0784098
0.0769891
0.0755658
0.0741399
0.0727115
0.0712808
0.0698477
0.0684124
0.0669749
0.0655353
0.0640937
0.0626502
0.0612047
0.0597575
0.0583084
0.0568576
0.0554052
0.0539512
0.0524956
0.0510385
0.0495799
0.0481199
0.0466585
0.0451958
0.0437318
0.0422666
0.0408
0.0393323
0.0378634
0.0363933
0.0349221
0.0334498
0.0319764
0.0305019
0.0290263
0.0275496
0.0260719
0.0245931
0.0231132
0.0216322
0.0201501
0.0186668
0.0171825
0.0156969
0.0142102
0.0127221
0.0112328
0.00974213
0.00825
0.00675636
0.00526108
0.00376414
0.00226454
0.000769813
-0.0697156
-0.0703925
-0.0707614
-0.0708844
-0.0707574
-0.0704115
-0.0698642
-0.0691148
-0.0681545
-0.0669715
-0.0655542
-0.063892
-0.0619754
-0.0597956
-0.0573446
-0.0546148
-0.0515993
-0.0482912
-0.0446842
-0.0407726
-0.0365513
-0.0320163
-0.0271647
-0.0219953
-0.0165089
-0.0107089
-0.00460159
0.00180324
0.00849174
0.0154455
0.0226428
0.0300545
0.0376483
0.0453862
0.0532258
0.0611206
0.0690204
0.0768729
0.0846241
0.0922199
0.0996073
0.106736
0.113558
0.120032
0.126122
0.131798
0.137036
0.141821
0.146146
0.15001
0.153417
0.156381
0.158917
0.161047
0.162797
0.164194
0.165266
0.166045
0.166561
0.166842
0.166919
0.166817
0.166563
0.16618
0.16569
0.16511
0.164459
0.163751
0.162999
0.162213
0.161402
0.160574
0.159736
0.158891
0.158043
0.157195
0.156349
0.155506
0.154666
0.15383
0.152997
0.152167
0.151338
0.150511
0.149683
0.148853
0.148021
0.147185
0.146343
0.145496
0.144641
0.143778
0.142905
0.142022
0.141128
0.140222
0.139303
0.138372
0.137427
0.136468
0.135496
0.134508
0.133507
0.13249
0.131459
0.130413
0.129353
0.128278
0.127189
0.126086
0.124968
0.123837
0.122693
0.121536
0.120365
0.119182
0.117987
0.116781
0.115563
0.114333
0.113093
0.111843
0.110582
0.109312
0.108033
0.106745
0.105448
0.104143
0.10283
0.101509
0.100181
0.0988455
0.0975036
0.0961553
0.0948008
0.0934404
0.0920743
0.0907027
0.089326
0.0879442
0.0865578
0.0851667
0.0837713
0.0823717
0.0809682
0.0795607
0.0781497
0.0767351
0.0753172
0.073896
0.0724718
0.0710446
0.0696146
0.0681819
0.0667466
0.0653089
0.0638687
0.0624262
0.0609816
0.0595348
0.058086
0.0566353
0.0551828
0.0537285
0.0522724
0.0508147
0.0493555
0.0478948
0.0464326
0.0449691
0.0435043
0.0420382
0.0405709
0.0391025
0.0376331
0.0361626
0.0346912
0.0332188
0.0317456
0.0302717
0.028797
0.0273216
0.0258456
0.0243691
0.0228921
0.0214146
0.0199368
0.0184587
0.0169804
0.015502
0.0140235
0.012545
0.0110666
0.00958848
0.00811063
0.0066332
0.00515631
0.00368006
0.00220506
0.000727432
-0.0695913
-0.070168
-0.0704381
-0.0705141
-0.0703748
-0.0700337
-0.0694973
-0.0687604
-0.0678125
-0.0666419
-0.065237
-0.0635871
-0.0616829
-0.0595157
-0.0570776
-0.0543611
-0.0513593
-0.0480657
-0.044474
-0.0405788
-0.0363751
-0.0318591
-0.0270282
-0.0218813
-0.0164195
-0.010646
-0.00456749
0.00180638
0.00846178
0.0153812
0.0225411
0.0299145
0.0374689
0.0451668
0.0529663
0.0608214
0.0686826
0.076498
0.0842143
0.091778
0.0991365
0.10624
0.113041
0.119499
0.125577
0.131244
0.13648
0.141267
0.145598
0.14947
0.152891
0.155871
0.158426
0.160578
0.162352
0.163773
0.164872
0.165678
0.166221
0.16653
0.166633
0.166557
0.166329
0.16597
0.165502
0.164944
0.164313
0.163623
0.162887
0.162117
0.16132
0.160505
0.159678
0.158843
0.158004
0.157163
0.156324
0.155486
0.154651
0.153819
0.152989
0.152162
0.151335
0.150509
0.149682
0.148854
0.148022
0.147186
0.146345
0.145497
0.144642
0.143779
0.142905
0.142022
0.141127
0.140221
0.139302
0.13837
0.137424
0.136465
0.135492
0.134504
0.133502
0.132485
0.131454
0.130407
0.129347
0.128272
0.127182
0.126079
0.124961
0.12383
0.122686
0.121528
0.120358
0.119175
0.11798
0.116774
0.115556
0.114327
0.113087
0.111837
0.110576
0.109307
0.108027
0.106739
0.105443
0.104138
0.102825
0.101504
0.100177
0.0988417
0.0975001
0.0961521
0.0947978
0.0934376
0.0920718
0.0907005
0.089324
0.0879425
0.0865562
0.0851654
0.0837702
0.0823709
0.0809675
0.0795603
0.0781494
0.076735
0.0753173
0.0738963
0.0724723
0.0710452
0.0696154
0.0681828
0.0667477
0.06531
0.06387
0.0624276
0.0609831
0.0595364
0.0580878
0.0566372
0.0551847
0.0537304
0.0522745
0.0508169
0.0493577
0.047897
0.0464349
0.0449714
0.0435066
0.0420406
0.0405733
0.0391049
0.0376355
0.036165
0.0346936
0.0332212
0.031748
0.030274
0.0287993
0.0273239
0.0258479
0.0243713
0.0228943
0.0214168
0.0199389
0.0184608
0.0169824
0.015504
0.0140254
0.0125469
0.0110685
0.00959026
0.00811237
0.00663491
0.005158
0.00368172
0.00220707
0.00072833
-0.0694077
-0.069991
-0.0701978
-0.0702378
-0.070087
-0.0697494
-0.0692239
-0.0685005
-0.0675668
-0.0664101
-0.0650189
-0.0633826
-0.0614918
-0.059338
-0.0569134
-0.0542108
-0.0512231
-0.0479442
-0.0443679
-0.0404889
-0.0363024
-0.0318046
-0.0269931
-0.0218668
-0.0164268
-0.0106764
-0.00462216
0.00172636
0.00835564
0.0152478
0.0223803
0.0297262
0.037253
0.0449238
0.052697
0.0605269
0.0683644
0.0761578
0.0838542
0.0914002
0.0987435
0.105834
0.112625
0.119076
0.125149
0.130815
0.136051
0.140841
0.145177
0.149058
0.152489
0.15548
0.158049
0.160217
0.162007
0.163446
0.164563
0.165388
0.16595
0.166277
0.1664
0.166343
0.166133
0.165792
0.165341
0.1648
0.164184
0.163509
0.162787
0.162029
0.161244
0.16044
0.159622
0.158796
0.157964
0.157131
0.156298
0.155466
0.154635
0.153807
0.152981
0.152156
0.151332
0.150508
0.149683
0.148855
0.148024
0.147189
0.146348
0.145501
0.144646
0.143782
0.142909
0.142025
0.14113
0.140223
0.139304
0.138371
0.137425
0.136466
0.135492
0.134504
0.133501
0.132484
0.131452
0.130406
0.129345
0.12827
0.12718
0.126076
0.124959
0.123827
0.122683
0.121525
0.120355
0.119172
0.117977
0.11677
0.115552
0.114323
0.113084
0.111833
0.110573
0.109304
0.108025
0.106737
0.10544
0.104135
0.102823
0.101502
0.100175
0.0988399
0.0974985
0.0961506
0.0947965
0.0934365
0.0920708
0.0906996
0.0893233
0.087942
0.0865559
0.0851653
0.0837702
0.082371
0.0809678
0.0795607
0.07815
0.0767358
0.0753182
0.0738973
0.0724734
0.0710465
0.0696168
0.0681843
0.0667492
0.0653117
0.0638717
0.0624295
0.060985
0.0595384
0.0580898
0.0566393
0.0551869
0.0537327
0.0522768
0.0508192
0.0493601
0.0478994
0.0464374
0.0449739
0.0435091
0.0420431
0.0405758
0.0391074
0.037638
0.0361675
0.034696
0.0332237
0.0317504
0.0302764
0.0288017
0.0273262
0.0258502
0.0243735
0.0228964
0.0214189
0.019941
0.0184628
0.0169844
0.0155058
0.0140272
0.0125486
0.0110701
0.00959183
0.00811388
0.00663634
0.00515938
0.00368295
0.0022086
0.000728102
-0.0692167
-0.0698767
-0.0700499
-0.0700658
-0.0699065
-0.0695729
-0.0690584
-0.0683491
-0.0674302
-0.0662883
-0.0649114
-0.063289
-0.0614117
-0.0592714
-0.0568603
-0.0541712
-0.0511976
-0.0479331
-0.0443718
-0.0405085
-0.0363384
-0.0318578
-0.0270642
-0.0219566
-0.0165359
-0.0108054
-0.00477132
0.00155688
0.00816596
0.0150383
0.0221517
0.0294792
0.036989
0.044644
0.052403
0.0602204
0.0680472
0.0758318
0.0835211
0.0910618
0.0984014
0.10549
0.112281
0.118731
0.124806
0.130475
0.135714
0.14051
0.144851
0.148739
0.152177
0.155176
0.157754
0.159931
0.161731
0.163182
0.16431
0.165147
0.165721
0.166062
0.166198
0.166155
0.165958
0.16563
0.165193
0.164664
0.164061
0.163398
0.162688
0.161941
0.161166
0.160371
0.159563
0.158744
0.157921
0.157095
0.156267
0.155441
0.154616
0.153792
0.15297
0.152148
0.151327
0.150505
0.149682
0.148857
0.148027
0.147193
0.146353
0.145507
0.144652
0.143789
0.142915
0.142032
0.141137
0.14023
0.13931
0.138377
0.137431
0.136471
0.135497
0.134508
0.133505
0.132488
0.131456
0.130409
0.129348
0.128272
0.127182
0.126078
0.12496
0.123828
0.122684
0.121526
0.120355
0.119172
0.117977
0.11677
0.115552
0.114323
0.113083
0.111833
0.110573
0.109303
0.108024
0.106736
0.10544
0.104135
0.102822
0.101502
0.100175
0.0988399
0.0974985
0.0961507
0.0947967
0.0934368
0.0920712
0.0907001
0.0893239
0.0879427
0.0865567
0.0851662
0.0837712
0.0823721
0.080969
0.079562
0.0781514
0.0767372
0.0753197
0.073899
0.0724751
0.0710483
0.0696186
0.0681863
0.0667513
0.0653138
0.0638739
0.0624317
0.0609873
0.0595408
0.0580922
0.0566417
0.0551894
0.0537352
0.0522793
0.0508218
0.0493627
0.047902
0.04644
0.0449765
0.0435117
0.0420457
0.0405784
0.03911
0.0376406
0.0361701
0.0346986
0.0332262
0.0317529
0.0302788
0.028804
0.0273286
0.0258524
0.0243758
0.0228986
0.021421
0.019943
0.0184647
0.0169862
0.0155076
0.0140289
0.0125502
0.0110716
0.00959323
0.00811517
0.00663752
0.00516047
0.0036838
0.00220964
0.000727038
-0.0690691
-0.0698338
-0.0699874
-0.0699874
-0.0698234
-0.0694951
-0.0689921
-0.0682968
-0.0673927
-0.0662652
-0.0649021
-0.063293
-0.0614287
-0.0593012
-0.056903
-0.0542272
-0.0512671
-0.0480167
-0.0444701
-0.0406222
-0.0364682
-0.0320044
-0.0272282
-0.0221384
-0.0167358
-0.0110235
-0.00500753
0.0013031
0.00789529
0.0147517
0.0218506
0.0291651
0.0366636
0.0443094
0.0520611
0.0598732
0.0676966
0.0754796
0.0831689
0.090711
0.0980532
0.105145
0.11194
0.118395
0.124474
0.130148
0.135392
0.140192
0.144539
0.148431
0.151874
0.15488
0.157463
0.159647
0.161454
0.162912
0.164049
0.164895
0.16548
0.165831
0.165978
0.165947
0.165763
0.165448
0.165023
0.164507
0.163917
0.163266
0.162568
0.161833
0.16107
0.160286
0.159487
0.158679
0.157864
0.157046
0.156227
0.155407
0.154588
0.15377
0.152953
0.152136
0.151319
0.150501
0.149681
0.148858
0.148031
0.147199
0.14636
0.145515
0.144661
0.143798
0.142926
0.142042
0.141147
0.14024
0.13932
0.138388
0.137441
0.136481
0.135506
0.134517
0.133514
0.132496
0.131463
0.130416
0.129354
0.128278
0.127188
0.126083
0.124965
0.123833
0.122688
0.12153
0.120359
0.119175
0.11798
0.116773
0.115555
0.114325
0.113085
0.111835
0.110575
0.109305
0.108026
0.106738
0.105441
0.104136
0.102824
0.101503
0.100176
0.0988411
0.0974998
0.096152
0.094798
0.0934381
0.0920726
0.0907016
0.0893254
0.0879442
0.0865583
0.0851678
0.0837729
0.0823739
0.0809708
0.0795639
0.0781534
0.0767393
0.0753218
0.0739011
0.0724773
0.0710506
0.069621
0.0681887
0.0667537
0.0653163
0.0638765
0.0624343
0.06099
0.0595435
0.058095
0.0566445
0.0551921
0.053738
0.0522822
0.0508246
0.0493655
0.0479049
0.0464429
0.0449794
0.0435146
0.0420486
0.0405813
0.0391129
0.0376434
0.0361729
0.0347014
0.0332289
0.0317556
0.0302815
0.0288066
0.0273311
0.0258549
0.0243782
0.0229009
0.0214232
0.0199451
0.0184668
0.0169882
0.0155094
0.0140306
0.0125518
0.0110731
0.00959461
0.00811642
0.00663862
0.00516142
0.00368444
0.00221044
0.000725443
-0.0690123
-0.0698884
-0.0700288
-0.0700188
-0.0698531
-0.0695307
-0.0690383
-0.0683554
-0.0674638
-0.0663483
-0.0649967
-0.0633987
-0.0615452
-0.0594286
-0.0570415
-0.0543771
-0.0514291
-0.0481915
-0.0446584
-0.0408247
-0.0366858
-0.0322376
-0.0274775
-0.0224042
-0.0170181
-0.0113222
-0.00532198
0.000973682
0.007552
0.014396
0.0214842
0.0287899
0.0362816
0.0439228
0.0516719
0.0594835
0.0673081
0.0750937
0.082787
0.0903337
0.097681
0.104778
0.111578
0.118039
0.124122
0.1298
0.135048
0.139851
0.1442
0.148095
0.15154
0.154548
0.157136
0.159323
0.161135
0.162599
0.163743
0.164598
0.165191
0.165553
0.165712
0.165693
0.165521
0.16522
0.16481
0.164309
0.163733
0.163097
0.162414
0.161693
0.160943
0.160173
0.159387
0.158591
0.157787
0.15698
0.156171
0.15536
0.15455
0.153739
0.152929
0.152118
0.151307
0.150493
0.149677
0.148858
0.148034
0.147205
0.146368
0.145525
0.144673
0.143811
0.142939
0.142056
0.141162
0.140255
0.139336
0.138403
0.137456
0.136495
0.13552
0.134531
0.133527
0.132508
0.131475
0.130427
0.129365
0.128288
0.127197
0.126092
0.124973
0.123841
0.122695
0.121537
0.120365
0.119181
0.117986
0.116778
0.11556
0.11433
0.11309
0.111839
0.110578
0.109308
0.108029
0.106741
0.105444
0.104139
0.102826
0.101506
0.100178
0.0988434
0.097502
0.0961542
0.0948002
0.0934403
0.0920747
0.0907037
0.0893275
0.0879464
0.0865605
0.08517
0.0837752
0.0823762
0.0809731
0.0795663
0.0781558
0.0767417
0.0753243
0.0739037
0.0724799
0.0710532
0.0696237
0.0681914
0.0667565
0.0653191
0.0638793
0.0624372
0.0609929
0.0595464
0.058098
0.0566475
0.0551952
0.0537411
0.0522853
0.0508278
0.0493687
0.0479081
0.046446
0.0449826
0.0435178
0.0420517
0.0405845
0.039116
0.0376465
0.0361759
0.0347044
0.0332319
0.0317586
0.0302844
0.0288095
0.0273339
0.0258576
0.0243808
0.0229035
0.0214257
0.0199475
0.018469
0.0169903
0.0155115
0.0140325
0.0125536
0.0110747
0.00959605
0.00811768
0.00663969
0.0051623
0.00368495
0.00221111
0.000723442
-0.0690892
-0.0700709
-0.070199
-0.0701811
-0.0700137
-0.0696953
-0.0692099
-0.0685349
-0.0676509
-0.0665428
-0.0651981
-0.0636068
-0.0617603
-0.0596509
-0.0572716
-0.0546158
-0.0516772
-0.0484499
-0.0449281
-0.0411065
-0.0369805
-0.0325459
-0.0277998
-0.0227407
-0.0173688
-0.0116865
-0.00569923
0.00058449
0.00715223
0.0139873
0.0210683
0.028369
0.0358576
0.0434976
0.0512474
0.0590612
0.0668893
0.0746793
0.0823773
0.0899291
0.0972811
0.104382
0.111186
0.117648
0.123733
0.129411
0.134658
0.13946
0.143808
0.147701
0.151145
0.154152
0.15674
0.158928
0.160743
0.162212
0.163362
0.164224
0.164828
0.165201
0.165372
0.165368
0.165212
0.164927
0.164534
0.16405
0.163493
0.162875
0.16221
0.161507
0.160775
0.160022
0.159252
0.158471
0.157683
0.156889
0.156093
0.155294
0.154495
0.153695
0.152893
0.152091
0.151287
0.15048
0.14967
0.148856
0.148036
0.147211
0.146378
0.145537
0.144687
0.143827
0.142957
0.142075
0.141181
0.140275
0.139356
0.138423
0.137476
0.136515
0.13554
0.13455
0.133545
0.132526
0.131492
0.130444
0.129381
0.128303
0.127211
0.126106
0.124986
0.123853
0.122706
0.121547
0.120375
0.119191
0.117994
0.116786
0.115567
0.114337
0.113096
0.111845
0.110584
0.109314
0.108034
0.106745
0.105448
0.104143
0.10283
0.10151
0.100182
0.0988468
0.0975052
0.0961573
0.0948032
0.0934432
0.0920775
0.0907065
0.0893303
0.0879491
0.0865632
0.0851727
0.0837778
0.0823788
0.0809758
0.079569
0.0781585
0.0767445
0.0753271
0.0739065
0.0724828
0.0710561
0.0696266
0.0681944
0.0667595
0.0653222
0.0638824
0.0624403
0.060996
0.0595496
0.0581012
0.0566508
0.0551985
0.0537444
0.0522886
0.0508311
0.0493721
0.0479115
0.0464494
0.044986
0.0435212
0.0420551
0.0405879
0.0391194
0.0376499
0.0361793
0.0347077
0.0332352
0.0317618
0.0302876
0.0288126
0.0273369
0.0258606
0.0243837
0.0229063
0.0214284
0.0199501
0.0184715
0.0169927
0.0155137
0.0140346
0.0125555
0.0110765
0.0095976
0.00811902
0.00664079
0.00516317
0.0036854
0.00221175
0.000721143
-0.0693402
-0.0704102
-0.0705195
-0.0704893
-0.0703155
-0.0699948
-0.0695091
-0.0688342
-0.0679504
-0.0668423
-0.065498
-0.0639075
-0.0620626
-0.0599556
-0.0575798
-0.0549286
-0.0519959
-0.0487755
-0.0452619
-0.0414496
-0.0373336
-0.0329097
-0.0281748
-0.023127
-0.0177661
-0.0120943
-0.00611679
0.000158296
0.00671881
0.0135483
0.0206254
0.0279238
0.0354118
0.0430527
0.0508045
0.0586211
0.0664523
0.0742455
0.0819462
0.0894997
0.0968523
0.103953
0.110754
0.117212
0.123292
0.128963
0.134203
0.138996
0.143336
0.147221
0.150659
0.153661
0.156244
0.158432
0.160247
0.161719
0.162875
0.163746
0.16436
0.164747
0.164934
0.164947
0.164811
0.164546
0.164175
0.163714
0.16318
0.162586
0.161943
0.161263
0.160554
0.159822
0.159074
0.158313
0.157544
0.156768
0.155988
0.155205
0.15442
0.153633
0.152844
0.152052
0.151258
0.15046
0.149658
0.148851
0.148037
0.147217
0.146388
0.145551
0.144704
0.143847
0.142979
0.142098
0.141206
0.1403
0.139381
0.138449
0.137502
0.136541
0.135565
0.134575
0.133569
0.132549
0.131515
0.130465
0.129401
0.128323
0.12723
0.126123
0.125003
0.123869
0.122721
0.121561
0.120388
0.119203
0.118006
0.116797
0.115577
0.114346
0.113105
0.111853
0.110592
0.109321
0.10804
0.106752
0.105454
0.104149
0.102835
0.101514
0.100186
0.098851
0.0975092
0.0961611
0.0948068
0.0934467
0.0920809
0.0907098
0.0893335
0.0879522
0.0865662
0.0851757
0.0837809
0.0823818
0.0809788
0.079572
0.0781615
0.0767474
0.0753301
0.0739095
0.0724858
0.0710592
0.0696297
0.0681975
0.0667627
0.0653253
0.0638856
0.0624436
0.0609993
0.059553
0.0581046
0.0566542
0.0552019
0.0537479
0.0522921
0.0508347
0.0493756
0.0479151
0.046453
0.0449896
0.0435248
0.0420588
0.0405915
0.039123
0.0376535
0.0361829
0.0347113
0.0332388
0.0317653
0.0302911
0.0288161
0.0273403
0.0258639
0.0243869
0.0229094
0.0214315
0.0199531
0.0184743
0.0169954
0.0155162
0.0140369
0.0125576
0.0110784
0.00959932
0.0081205
0.00664199
0.00516411
0.00368586
0.00221241
0.000718686
-0.0698039
-0.0709324
-0.0710065
-0.0709509
-0.0707585
-0.0704239
-0.0699263
-0.0692406
-0.0683469
-0.06723
-0.065878
-0.0642813
-0.0624316
-0.0603216
-0.0579444
-0.0552934
-0.0523625
-0.0491454
-0.0456364
-0.0418299
-0.0377206
-0.0333038
-0.028577
-0.0235368
-0.0181835
-0.0125188
-0.00654749
-0.0002776
0.00627894
0.0131057
0.0201814
0.0274794
0.0349679
0.0426098
0.0503627
0.0581801
0.0660114
0.0738034
0.0815012
0.0890499
0.0963954
0.103486
0.110276
0.11672
0.122785
0.128439
0.133662
0.138438
0.142761
0.146631
0.150055
0.153046
0.155621
0.157804
0.159618
0.161092
0.162255
0.163135
0.163763
0.164167
0.164373
0.164409
0.164297
0.164059
0.163715
0.163283
0.162778
0.162214
0.161601
0.16095
0.160269
0.159565
0.158843
0.158108
0.157363
0.15661
0.155852
0.155088
0.154322
0.153551
0.152778
0.152
0.151218
0.150432
0.14964
0.148841
0.148035
0.147221
0.146399
0.145567
0.144724
0.14387
0.143004
0.142126
0.141236
0.140331
0.139413
0.138481
0.137534
0.136573
0.135597
0.134606
0.1336
0.132579
0.131543
0.130492
0.129427
0.128348
0.127254
0.126146
0.125024
0.123889
0.12274
0.121579
0.120405
0.119218
0.11802
0.11681
0.11559
0.114358
0.113116
0.111863
0.110601
0.109329
0.108049
0.106759
0.105461
0.104155
0.102841
0.10152
0.100191
0.0988561
0.097514
0.0961656
0.0948111
0.0934508
0.0920848
0.0907135
0.0893371
0.0879557
0.0865697
0.0851791
0.0837841
0.082385
0.080982
0.0795751
0.0781646
0.0767506
0.0753332
0.0739126
0.072489
0.0710623
0.0696329
0.0682007
0.0667659
0.0653287
0.063889
0.062447
0.0610028
0.0595564
0.0581081
0.0566577
0.0552055
0.0537515
0.0522958
0.0508384
0.0493794
0.0479188
0.0464568
0.0449934
0.0435287
0.0420626
0.0405954
0.0391269
0.0376574
0.0361868
0.0347152
0.0332426
0.0317692
0.0302949
0.0288198
0.0273441
0.0258676
0.0243906
0.022913
0.0214349
0.0199564
0.0184775
0.0169984
0.0155191
0.0140396
0.0125601
0.0110806
0.00960131
0.00812221
0.00664338
0.00516519
0.00368643
0.00221317
0.000716234
-0.0705206
-0.0716602
-0.0716693
-0.0715633
-0.0713316
-0.070965
-0.0704401
-0.0697301
-0.0688149
-0.0676791
-0.066311
-0.0647008
-0.0628401
-0.0607216
-0.058338
-0.0556829
-0.0527497
-0.0495322
-0.0460241
-0.0422197
-0.0381135
-0.033701
-0.0289775
-0.0239414
-0.0185919
-0.0129305
-0.00696188
-0.000693921
0.00586137
0.0126876
0.0197631
0.0270613
0.0345498
0.0421909
0.049942
0.0577557
0.0655811
0.0733644
0.0810505
0.0885841
0.0959113
0.102981
0.109746
0.116164
0.122199
0.127824
0.133017
0.137764
0.14206
0.145905
0.149308
0.152281
0.154844
0.157018
0.158829
0.160306
0.161476
0.162368
0.163013
0.163438
0.163669
0.163733
0.163652
0.163448
0.163139
0.162743
0.162275
0.161747
0.161172
0.160557
0.159912
0.159243
0.158554
0.15785
0.157135
0.156411
0.155679
0.15494
0.154196
0.153447
0.152692
0.151932
0.151166
0.150393
0.149614
0.148826
0.14803
0.147225
0.14641
0.145584
0.144746
0.143897
0.143035
0.14216
0.141271
0.140368
0.139451
0.138519
0.137573
0.136611
0.135635
0.134643
0.133636
0.132614
0.131577
0.130525
0.129459
0.128378
0.127282
0.126173
0.12505
0.123913
0.122763
0.1216
0.120425
0.119237
0.118038
0.116827
0.115605
0.114372
0.113129
0.111876
0.110613
0.10934
0.108059
0.106768
0.10547
0.104163
0.102849
0.101527
0.100198
0.098862
0.0975196
0.0961708
0.094816
0.0934554
0.0920893
0.0907177
0.0893411
0.0879596
0.0865734
0.0851827
0.0837876
0.0823885
0.0809853
0.0795784
0.0781679
0.0767538
0.0753365
0.0739159
0.0724922
0.0710656
0.0696362
0.068204
0.0667693
0.065332
0.0638924
0.0624504
0.0610063
0.05956
0.0581117
0.0566614
0.0552093
0.0537553
0.0522996
0.0508422
0.0493833
0.0479228
0.0464608
0.0449975
0.0435328
0.0420668
0.0405995
0.0391311
0.0376616
0.036191
0.0347194
0.0332469
0.0317734
0.0302991
0.028824
0.0273482
0.0258717
0.0243946
0.0229169
0.0214387
0.0199601
0.0184811
0.0170018
0.0155223
0.0140427
0.012563
0.0110832
0.00960363
0.00812421
0.00664503
0.00516649
0.00368718
0.00221406
0.000713962
-0.0715357
-0.0726115
-0.0725074
-0.0723113
-0.0720099
-0.0715879
-0.071017
-0.0702679
-0.0693193
-0.0681552
-0.0667631
-0.0651329
-0.0632559
-0.0611241
-0.0587301
-0.056067
-0.0531279
-0.0499062
-0.0463956
-0.0425898
-0.038483
-0.0340701
-0.0293469
-0.0243112
-0.0189618
-0.0133004
-0.00733124
-0.00106247
0.00549385
0.0123209
0.0193969
0.0266944
0.0341806
0.0418173
0.0495609
0.0573637
0.0651742
0.0729382
0.0806003
0.0881053
0.0953995
0.102432
0.109156
0.115531
0.121523
0.127102
0.132251
0.136956
0.141212
0.145023
0.148395
0.151344
0.153888
0.156051
0.157858
0.159337
0.160516
0.161425
0.162091
0.162542
0.162805
0.162904
0.162862
0.162699
0.162434
0.162083
0.16166
0.161178
0.160648
0.160078
0.159476
0.158849
0.158201
0.157536
0.156857
0.156167
0.155467
0.154758
0.154042
0.153318
0.152586
0.151847
0.1511
0.150345
0.14958
0.148806
0.148022
0.147227
0.146421
0.145603
0.144772
0.143927
0.14307
0.142198
0.141312
0.140411
0.139495
0.138565
0.137618
0.136657
0.13568
0.134687
0.13368
0.132657
0.131618
0.130565
0.129497
0.128414
0.127317
0.126206
0.125081
0.123942
0.122791
0.121626
0.120449
0.11926
0.118059
0.116847
0.115624
0.114389
0.113145
0.11189
0.110626
0.109353
0.10807
0.106779
0.10548
0.104172
0.102857
0.101535
0.100205
0.0988689
0.097526
0.0961768
0.0948216
0.0934607
0.0920942
0.0907224
0.0893455
0.0879638
0.0865774
0.0851865
0.0837914
0.0823921
0.0809889
0.0795819
0.0781713
0.0767572
0.0753398
0.0739192
0.0724956
0.071069
0.0696396
0.0682074
0.0667727
0.0653355
0.0638959
0.062454
0.0610099
0.0595637
0.0581154
0.0566652
0.0552131
0.0537592
0.0523036
0.0508463
0.0493874
0.047927
0.0464651
0.0450018
0.0435371
0.0420712
0.040604
0.0391356
0.0376661
0.0361956
0.034724
0.0332515
0.031778
0.0303037
0.0288286
0.0273528
0.0258762
0.0243991
0.0229213
0.021443
0.0199643
0.0184852
0.0170058
0.0155261
0.0140462
0.0125663
0.0110863
0.00960634
0.00812658
0.006647
0.00516807
0.00368818
0.00221511
0.000712053
-0.0729073
-0.0737977
-0.073507
-0.0731647
-0.0727541
-0.0722491
-0.0716127
-0.0708107
-0.0698185
-0.0686184
-0.0671965
-0.0655418
-0.0636445
-0.0614961
-0.0590887
-0.0564147
-0.0534668
-0.050238
-0.0467218
-0.0429113
-0.0388006
-0.0343841
-0.0296577
-0.0246185
-0.0192656
-0.0136004
-0.00762772
-0.00135565
0.00520324
0.0120317
0.0191071
0.0264015
0.0338812
0.0415072
0.0492353
0.0570172
0.0648007
0.0725316
0.0801543
0.087614
0.0948573
0.101834
0.108499
0.114813
0.120741
0.126259
0.131347
0.135995
0.140199
0.143963
0.147297
0.150215
0.152736
0.154885
0.156687
0.15817
0.159361
0.160289
0.160982
0.161467
0.161769
0.161911
0.161917
0.161804
0.161592
0.161295
0.160927
0.1605
0.160024
0.159508
0.158958
0.158381
0.157781
0.157161
0.156526
0.155876
0.155214
0.154541
0.153857
0.153163
0.152459
0.151745
0.15102
0.150285
0.149539
0.148781
0.148011
0.147228
0.146432
0.145623
0.1448
0.143962
0.143109
0.142242
0.141359
0.140461
0.139547
0.138617
0.137671
0.13671
0.135732
0.134739
0.13373
0.132706
0.131666
0.130611
0.129541
0.128456
0.127357
0.126244
0.125117
0.123977
0.122823
0.121657
0.120478
0.119287
0.118084
0.11687
0.115645
0.11441
0.113164
0.111908
0.110642
0.109368
0.108084
0.106792
0.105492
0.104183
0.102867
0.101544
0.100214
0.0988768
0.0975333
0.0961836
0.094828
0.0934666
0.0920997
0.0907276
0.0893504
0.0879685
0.0865818
0.0851908
0.0837954
0.082396
0.0809927
0.0795856
0.0781749
0.0767608
0.0753433
0.0739227
0.072499
0.0710725
0.0696431
0.068211
0.0667763
0.0653391
0.0638995
0.0624577
0.0610137
0.0595675
0.0581193
0.0566691
0.0552171
0.0537633
0.0523078
0.0508505
0.0493917
0.0479314
0.0464696
0.0450063
0.0435417
0.0420759
0.0406087
0.0391404
0.037671
0.0362005
0.034729
0.0332565
0.0317831
0.0303088
0.0288337
0.0273578
0.0258812
0.024404
0.0229262
0.0214479
0.019969
0.0184898
0.0170102
0.0155303
0.0140503
0.01257
0.0110898
0.0096095
0.00812936
0.00664935
0.00516999
0.00368949
0.00221631
0.000710689
-0.0747164
-0.0752215
-0.0746385
-0.074077
-0.0735108
-0.0728943
-0.0721751
-0.0713095
-0.0702673
-0.069027
-0.0675726
-0.0658913
-0.0639722
-0.0618059
-0.0593835
-0.056697
-0.0537387
-0.0505009
-0.0469763
-0.0431582
-0.03904
-0.0346163
-0.0298827
-0.0248362
-0.0194761
-0.013804
-0.00782511
-0.00154804
0.00501399
0.0118429
0.0189153
0.0262021
0.0336689
0.0412758
0.0489777
0.0567257
0.0644673
0.0721482
0.0797133
0.0871079
0.0942798
0.10118
0.107765
0.113996
0.119842
0.125279
0.13029
0.134866
0.139005
0.142712
0.145998
0.148878
0.151373
0.153507
0.155304
0.156792
0.157999
0.158952
0.159679
0.160204
0.160554
0.160749
0.160812
0.16076
0.16061
0.160377
0.160074
0.159712
0.1593
0.158846
0.158357
0.157838
0.157294
0.156727
0.156142
0.155539
0.154921
0.154289
0.153643
0.152984
0.152311
0.151626
0.150927
0.150215
0.14949
0.14875
0.147996
0.147228
0.146444
0.145645
0.144831
0.144001
0.143154
0.142292
0.141413
0.140517
0.139605
0.138677
0.137732
0.13677
0.135792
0.134798
0.133788
0.132762
0.131721
0.130664
0.129592
0.128505
0.127404
0.126288
0.125159
0.124016
0.12286
0.121692
0.120511
0.119318
0.118113
0.116897
0.11567
0.114433
0.113185
0.111928
0.110661
0.109385
0.1081
0.106807
0.105505
0.104196
0.102879
0.101555
0.100224
0.0988859
0.0975417
0.0961914
0.0948352
0.0934733
0.092106
0.0907334
0.0893559
0.0879736
0.0865867
0.0851954
0.0837999
0.0824003
0.0809968
0.0795896
0.0781788
0.0767646
0.0753471
0.0739264
0.0725027
0.0710761
0.0696467
0.0682146
0.06678
0.0653428
0.0639033
0.0624615
0.0610176
0.0595715
0.0581233
0.0566733
0.0552213
0.0537676
0.0523121
0.050855
0.0493963
0.047936
0.0464743
0.0450112
0.0435467
0.0420809
0.0406138
0.0391456
0.0376763
0.0362058
0.0347344
0.0332619
0.0317885
0.0303143
0.0288392
0.0273633
0.0258868
0.0244095
0.0229317
0.0214532
0.0199743
0.018495
0.0170152
0.0155352
0.0140549
0.0125744
0.0110938
0.00961315
0.0081326
0.00665213
0.00517227
0.00369115
0.00221767
0.000710031
-0.077084
-0.0768738
-0.0758517
-0.074984
-0.0742141
-0.0734614
-0.072648
-0.0717142
-0.0706208
-0.0693411
-0.0678555
-0.0661491
-0.0642094
-0.0620256
-0.0595883
-0.0568888
-0.0539186
-0.0506696
-0.0471342
-0.0433053
-0.0391762
-0.0347415
-0.0299967
-0.0249392
-0.0195684
-0.0138866
-0.00789943
-0.00161649
0.00494809
0.0117752
0.0188402
0.0261132
0.0335584
0.041135
0.0487972
0.0564957
0.0641777
0.0717891
0.0792754
0.0865829
0.0936607
0.100462
0.106944
0.113071
0.118814
0.124151
0.129067
0.133556
0.137618
0.141258
0.144489
0.147326
0.149792
0.151909
0.153703
0.1552
0.156428
0.157413
0.15818
0.158755
0.159161
0.15942
0.159549
0.159568
0.159491
0.159333
0.159105
0.158817
0.158478
0.158096
0.157676
0.157223
0.156743
0.156237
0.155708
0.155159
0.154591
0.154005
0.153401
0.152781
0.152144
0.151491
0.150822
0.150136
0.149434
0.148715
0.147979
0.147227
0.146457
0.14567
0.144866
0.144044
0.143205
0.142348
0.141473
0.140581
0.139671
0.138744
0.1378
0.136838
0.13586
0.134865
0.133853
0.132826
0.131782
0.130723
0.129649
0.12856
0.127456
0.126338
0.125206
0.124061
0.122903
0.121732
0.120548
0.119353
0.118146
0.116928
0.115699
0.114459
0.11321
0.111951
0.110682
0.109404
0.108118
0.106823
0.10552
0.10421
0.102892
0.101567
0.100235
0.0988962
0.0975512
0.0962002
0.0948433
0.0934809
0.092113
0.09074
0.0893621
0.0879794
0.0865922
0.0852006
0.0838048
0.082405
0.0810013
0.079594
0.078183
0.0767687
0.0753511
0.0739304
0.0725067
0.07108
0.0696506
0.0682186
0.0667839
0.0653468
0.0639074
0.0624656
0.0610217
0.0595757
0.0581276
0.0566776
0.0552258
0.0537721
0.0523168
0.0508597
0.0494011
0.047941
0.0464793
0.0450163
0.0435519
0.0420862
0.0406193
0.0391512
0.0376819
0.0362116
0.0347402
0.0332678
0.0317945
0.0303203
0.0288452
0.0273694
0.0258928
0.0244156
0.0229377
0.0214592
0.0199802
0.0185007
0.0170208
0.0155405
0.01406
0.0125792
0.0110983
0.00961731
0.00813632
0.00665535
0.00517495
0.00369317
0.00221917
0.000710219
-0.0801959
-0.0787265
-0.0770726
-0.0758061
-0.07479
-0.0738863
-0.072977
-0.0719794
-0.0708408
-0.0695274
-0.0680158
-0.0662883
-0.0643308
-0.0621317
-0.0596806
-0.0569678
-0.0539845
-0.0507222
-0.0471731
-0.04333
-0.0391862
-0.0347364
-0.0299764
-0.0249039
-0.0195191
-0.0138251
-0.00782841
-0.00153976
0.00502545
0.0118468
0.0188983
0.0261487
0.0335611
0.0410937
0.0487003
0.0563308
0.0639329
0.0714529
0.0788371
0.0860336
0.0929931
0.0996706
0.106027
0.112028
0.117647
0.122866
0.127672
0.132061
0.136033
0.139598
0.142767
0.145559
0.147994
0.150096
0.15189
0.1534
0.154655
0.155678
0.156495
0.157129
0.157601
0.157931
0.158138
0.158238
0.158244
0.15817
0.158026
0.157822
0.157566
0.157264
0.156921
0.156543
0.156133
0.155695
0.155229
0.154739
0.154226
0.153691
0.153135
0.152558
0.15196
0.151343
0.150706
0.150049
0.149373
0.148677
0.147961
0.147227
0.146472
0.145698
0.144905
0.144092
0.14326
0.14241
0.14154
0.140651
0.139744
0.138819
0.137875
0.136914
0.135935
0.134939
0.133926
0.132897
0.131851
0.13079
0.129713
0.128621
0.127515
0.126394
0.125259
0.124111
0.12295
0.121776
0.12059
0.119392
0.118183
0.116962
0.115731
0.114489
0.113238
0.111976
0.110706
0.109426
0.108138
0.106842
0.105538
0.104226
0.102907
0.101581
0.100248
0.0989079
0.0975621
0.0962103
0.0948527
0.0934895
0.0921211
0.0907475
0.0893691
0.087986
0.0865984
0.0852064
0.0838103
0.0824103
0.0810064
0.0795988
0.0781877
0.0767733
0.0753556
0.0739348
0.072511
0.0710843
0.0696549
0.0682228
0.0667882
0.0653511
0.0639117
0.06247
0.0610261
0.0595801
0.0581322
0.0566823
0.0552305
0.053777
0.0523217
0.0508648
0.0494063
0.0479462
0.0464847
0.0450218
0.0435575
0.0420919
0.0406251
0.0391571
0.037688
0.0362177
0.0347464
0.0332741
0.0318009
0.0303267
0.0288517
0.0273759
0.0258994
0.0244221
0.0229442
0.0214657
0.0199866
0.018507
0.0170269
0.0155465
0.0140657
0.0125846
0.0111034
0.00962198
0.00814053
0.00665903
0.00517803
0.00369559
0.00222078
0.000711352
-0.0843203
-0.0807091
-0.0782033
-0.076454
-0.0751641
-0.0741103
-0.0731169
-0.0720688
-0.0708971
-0.0695604
-0.0680309
-0.0662887
-0.0643181
-0.0621063
-0.0596421
-0.0569154
-0.0539171
-0.0506388
-0.0470725
-0.0432111
-0.0390482
-0.0345786
-0.029799
-0.0247077
-0.0193059
-0.0135977
-0.00759113
-0.00129822
0.00526405
0.0120737
0.0191032
0.0263199
0.0336859
0.0411583
0.0486904
0.0562322
0.0637318
0.0711365
0.0783941
0.0854545
0.0922709
0.098801
0.105008
0.110862
0.116339
0.121423
0.126104
0.13038
0.134254
0.137737
0.140841
0.143586
0.145991
0.14808
0.149877
0.151407
0.152695
0.153765
0.154639
0.155341
0.155888
0.156301
0.156595
0.156785
0.156884
0.156904
0.156854
0.156742
0.156576
0.156362
0.156104
0.155807
0.155474
0.155109
0.154712
0.154287
0.153833
0.153354
0.152848
0.152318
0.151763
0.151184
0.150582
0.149957
0.149308
0.148637
0.147943
0.147227
0.146489
0.14573
0.144948
0.144146
0.143322
0.142478
0.141613
0.140728
0.139824
0.1389
0.137958
0.136997
0.136017
0.13502
0.134006
0.132974
0.131927
0.130863
0.129783
0.128688
0.127579
0.126455
0.125318
0.124166
0.123002
0.121825
0.120636
0.119436
0.118223
0.117
0.115766
0.114522
0.113268
0.112005
0.110733
0.109451
0.108161
0.106863
0.105558
0.104244
0.102924
0.101596
0.100262
0.0989212
0.0975744
0.0962216
0.0948632
0.0934993
0.0921302
0.090756
0.0893771
0.0879934
0.0866054
0.085213
0.0838166
0.0824162
0.0810121
0.0796043
0.078193
0.0767784
0.0753606
0.0739397
0.0725158
0.071089
0.0696596
0.0682275
0.0667928
0.0653558
0.0639163
0.0624747
0.0610309
0.059585
0.0581371
0.0566873
0.0552356
0.0537821
0.052327
0.0508702
0.0494118
0.0479518
0.0464904
0.0450277
0.0435635
0.0420981
0.0406314
0.0391635
0.0376944
0.0362243
0.0347531
0.0332809
0.0318078
0.0303337
0.0288588
0.027383
0.0259065
0.0244292
0.0229513
0.0214727
0.0199935
0.0185138
0.0170336
0.015553
0.014072
0.0125906
0.011109
0.00962715
0.00814521
0.00666314
0.00518149
0.00369837
0.00222247
0.000713487
-0.0898103
-0.0826671
-0.0791178
-0.0768414
-0.0752731
-0.0740891
-0.0730379
-0.0719611
-0.0707733
-0.0694263
-0.067889
-0.0661388
-0.0641588
-0.0619355
-0.0594577
-0.0567152
-0.0536991
-0.0504007
-0.0468125
-0.0429276
-0.0387402
-0.0342459
-0.029442
-0.0243282
-0.0189068
-0.0131836
-0.00716799
-0.000874003
0.00567971
0.0124694
0.019466
0.0266353
0.0339384
0.0413318
0.0487684
0.0561988
0.0635718
0.0708361
0.0779416
0.0848408
0.0914897
0.0978492
0.103886
0.109573
0.11489
0.119825
0.124369
0.128523
0.132294
0.13569
0.138728
0.141425
0.143803
0.145883
0.147689
0.149245
0.150574
0.151699
0.15264
0.153417
0.15405
0.154553
0.154943
0.155232
0.155432
0.155554
0.155604
0.155592
0.155524
0.155404
0.155237
0.155027
0.154777
0.154489
0.154166
0.153808
0.153419
0.152998
0.152547
0.152066
0.151557
0.151019
0.150454
0.149861
0.149242
0.148597
0.147927
0.147231
0.14651
0.145765
0.144997
0.144205
0.14339
0.142552
0.141693
0.140813
0.139911
0.138989
0.138048
0.137087
0.136107
0.135108
0.134092
0.133059
0.132008
0.130942
0.129859
0.128762
0.127649
0.126522
0.125381
0.124226
0.123059
0.121879
0.120687
0.119483
0.118268
0.117042
0.115805
0.114559
0.113302
0.112037
0.110762
0.109478
0.108187
0.106887
0.105579
0.104264
0.102942
0.101613
0.100278
0.098936
0.0975881
0.0962344
0.0948751
0.0935104
0.0921405
0.0907656
0.089386
0.0880019
0.0866133
0.0852205
0.0838237
0.082423
0.0810185
0.0796104
0.0781989
0.0767841
0.0753661
0.0739451
0.0725211
0.0710943
0.0696647
0.0682326
0.0667979
0.0653609
0.0639215
0.0624798
0.0610361
0.0595902
0.0581424
0.0566926
0.0552411
0.0537877
0.0523326
0.0508759
0.0494176
0.0479578
0.0464966
0.0450339
0.0435699
0.0421046
0.040638
0.0391702
0.0377013
0.0362313
0.0347602
0.0332881
0.0318151
0.0303411
0.0288662
0.0273906
0.0259141
0.0244368
0.0229589
0.0214802
0.020001
0.0185212
0.0170408
0.01556
0.0140787
0.012597
0.0111151
0.00963279
0.00815034
0.00666767
0.0051853
0.0037015
0.00222423
0.000716626
-0.0972971
-0.0843841
-0.0795931
-0.076919
-0.0750911
-0.0738064
-0.0727352
-0.0716562
-0.0704694
-0.0691243
-0.0675865
-0.0658317
-0.0638431
-0.0616075
-0.0591136
-0.0563516
-0.0533126
-0.0499885
-0.0463723
-0.0424577
-0.0382398
-0.0337152
-0.0288826
-0.0237432
-0.0183008
-0.0125631
-0.00654141
-0.000251744
0.0062853
0.0130441
0.019994
0.0270996
0.034321
0.0416142
0.0489326
0.0562272
0.0634485
0.0705472
0.0774757
0.0841894
0.090648
0.0968158
0.102663
0.108167
0.113311
0.118084
0.122484
0.126511
0.130173
0.133483
0.136455
0.139108
0.141462
0.143539
0.145361
0.14695
0.148328
0.149514
0.15053
0.151392
0.152117
0.152719
0.153212
0.153607
0.153915
0.154144
0.154302
0.154395
0.154429
0.154408
0.154336
0.154217
0.154053
0.153847
0.1536
0.153314
0.152991
0.152632
0.152237
0.151808
0.151345
0.15085
0.150323
0.149765
0.149177
0.148559
0.147913
0.147238
0.146535
0.145806
0.14505
0.144269
0.143463
0.142633
0.141779
0.140903
0.140005
0.139085
0.138144
0.137183
0.136202
0.135203
0.134185
0.133149
0.132096
0.131027
0.129941
0.12884
0.127724
0.126593
0.125449
0.124291
0.12312
0.121937
0.120741
0.119534
0.118316
0.117087
0.115848
0.114598
0.113339
0.112071
0.110794
0.109508
0.108214
0.106913
0.105603
0.104287
0.102963
0.101632
0.100296
0.0989525
0.0976034
0.0962486
0.0948883
0.0935227
0.092152
0.0907764
0.0893961
0.0880113
0.0866222
0.0852289
0.0838317
0.0824306
0.0810257
0.0796174
0.0782056
0.0767906
0.0753724
0.0739512
0.072527
0.0711001
0.0696705
0.0682383
0.0668036
0.0653665
0.0639271
0.0624855
0.0610417
0.0595959
0.0581482
0.0566985
0.055247
0.0537937
0.0523387
0.0508821
0.049424
0.0479643
0.0465031
0.0450406
0.0435767
0.0421115
0.0406451
0.0391774
0.0377086
0.0362387
0.0347678
0.0332958
0.0318229
0.030349
0.0288742
0.0273985
0.0259221
0.0244449
0.0229669
0.0214882
0.0200089
0.018529
0.0170485
0.0155674
0.0140859
0.0126039
0.0111216
0.00963885
0.00815585
0.00667257
0.00518943
0.00370495
0.00222602
0.000720724
-0.108055
-0.0858015
-0.0793653
-0.0766943
-0.0746646
-0.0732905
-0.0722336
-0.0711754
-0.069999
-0.0686594
-0.0671223
-0.0653623
-0.0633625
-0.0611103
-0.0585949
-0.0558069
-0.0527381
-0.049381
-0.0457294
-0.0417782
-0.0375236
-0.0329638
-0.028099
-0.0229321
-0.0174692
-0.0117197
-0.00569742
0.000579735
0.00708908
0.0138032
0.02069
0.0277129
0.0348313
0.0420017
0.0491777
0.0563119
0.0633566
0.0702652
0.0769932
0.0834995
0.0897476
0.0957059
0.101349
0.106657
0.111617
0.116223
0.120472
0.12437
0.127925
0.131149
0.134059
0.136672
0.139009
0.141089
0.142934
0.144563
0.145997
0.147254
0.148351
0.149303
0.150127
0.150834
0.151435
0.151942
0.152362
0.152703
0.152971
0.153173
0.153313
0.153394
0.15342
0.153394
0.153319
0.153196
0.153027
0.152815
0.152559
0.152262
0.151925
0.151548
0.151134
0.150682
0.150195
0.149672
0.149115
0.148525
0.147902
0.147249
0.146564
0.145851
0.145108
0.144338
0.143542
0.142719
0.141871
0.140999
0.140103
0.139185
0.138245
0.137284
0.136303
0.135302
0.134282
0.133244
0.132189
0.131116
0.130027
0.128923
0.127803
0.126669
0.125521
0.12436
0.123185
0.121998
0.120799
0.119589
0.118367
0.117135
0.115893
0.114641
0.113379
0.112108
0.110828
0.10954
0.108244
0.10694
0.105629
0.104311
0.102985
0.101653
0.100315
0.0989705
0.0976202
0.0962643
0.0949029
0.0935363
0.0921647
0.0907883
0.0894073
0.0880219
0.0866322
0.0852383
0.0838406
0.082439
0.0810338
0.0796251
0.0782131
0.0767978
0.0753794
0.0739579
0.0725336
0.0711066
0.0696769
0.0682446
0.0668098
0.0653727
0.0639333
0.0624916
0.0610479
0.0596021
0.0581544
0.0567048
0.0552533
0.0538001
0.0523452
0.0508887
0.0494307
0.0479711
0.0465101
0.0450476
0.0435839
0.0421188
0.0406525
0.039185
0.0377163
0.0362466
0.0347757
0.0333039
0.031831
0.0303572
0.0288825
0.0274069
0.0259305
0.0244533
0.0229753
0.0214966
0.0200172
0.0185372
0.0170565
0.0155753
0.0140935
0.0126112
0.0111284
0.00964525
0.0081617
0.00667777
0.00519383
0.00370867
0.00222783
0.000725681
-0.121188
-0.0866463
-0.0783399
-0.0761915
-0.0741028
-0.0726216
-0.0715776
-0.0705453
-0.0693766
-0.0680369
-0.0664949
-0.0647235
-0.0627054
-0.0604286
-0.0578833
-0.0550606
-0.0519533
-0.0485549
-0.0448604
-0.040866
-0.0365695
-0.0319708
-0.0270722
-0.0218785
-0.016398
-0.0106427
-0.00462829
0.00162496
0.00809246
0.0147452
0.0215497
0.0284688
0.0354619
0.0424857
0.0494952
0.0564449
0.0632896
0.0699857
0.0764925
0.0827729
0.0887944
0.0945298
0.0999575
0.105062
0.109834
0.114269
0.118368
0.122138
0.125588
0.128733
0.131586
0.134167
0.136493
0.138584
0.140458
0.142135
0.143631
0.144963
0.146147
0.147196
0.148122
0.148937
0.14965
0.150271
0.150805
0.15126
0.151641
0.151953
0.152199
0.152383
0.152507
0.152575
0.152589
0.152549
0.152459
0.152319
0.152131
0.151897
0.151617
0.151294
0.150927
0.150519
0.150071
0.149583
0.149057
0.148495
0.147897
0.147264
0.146599
0.145901
0.145172
0.144413
0.143625
0.142809
0.141967
0.141099
0.140207
0.13929
0.138351
0.13739
0.136408
0.135406
0.134384
0.133343
0.132285
0.131209
0.130117
0.129009
0.127886
0.126748
0.125596
0.124431
0.123253
0.122063
0.12086
0.119646
0.118421
0.117186
0.11594
0.114685
0.113421
0.112147
0.110865
0.109574
0.108276
0.10697
0.105657
0.104336
0.103009
0.101676
0.100336
0.09899
0.0976384
0.0962813
0.0949188
0.0935512
0.0921787
0.0908014
0.0894196
0.0880335
0.0866431
0.0852487
0.0838504
0.0824484
0.0810428
0.0796337
0.0782213
0.0768057
0.075387
0.0739654
0.0725409
0.0711137
0.0696838
0.0682514
0.0668166
0.0653794
0.0639399
0.0624983
0.0610546
0.0596088
0.0581611
0.0567115
0.0552601
0.053807
0.0523522
0.0508958
0.0494378
0.0479783
0.0465174
0.0450551
0.0435914
0.0421265
0.0406603
0.0391929
0.0377244
0.0362547
0.034784
0.0333123
0.0318395
0.0303658
0.0288912
0.0274156
0.0259393
0.0244621
0.0229841
0.0215053
0.0200259
0.0185457
0.0170649
0.0155834
0.0141014
0.0126188
0.0111356
0.00965192
0.0081678
0.00668322
0.00519843
0.00371259
0.00222965
0.000731348
)
;

boundaryField
{
    inlet
    {
        type            zeroGradient;
    }
    outlet
    {
        type            fixedValue;
        value           uniform 0;
    }
    walls
    {
        type            zeroGradient;
    }
    frontAndBack
    {
        type            empty;
    }
}


// ************************************************************************* //
