/*--------------------------------*- C++ -*----------------------------------*\
  =========                 |
  \\      /  F ield         | OpenFOAM: The Open Source CFD Toolbox
   \\    /   O peration     | Website:  https://openfoam.org
    \\  /    A nd           | Version:  11
     \\/     M anipulation  |
\*---------------------------------------------------------------------------*/
FoamFile
{
    format      ascii;
    class       volScalarField;
    location    "14";
    object      p;
}
// * * * * * * * * * * * * * * * * * * * * * * * * * * * * * * * * * * * * * //

dimensions      [0 2 -2 0 0 0 0];

internalField   nonuniform List<scalar> 
4096
(
8.25181e-10
-0.00938772
-0.0278592
-0.0547049
-0.088888
-0.129093
-0.173771
-0.221198
-0.269547
-0.316958
-0.36161
-0.40179
-0.435961
-0.462815
-0.481331
-0.490804
-0.490883
-0.481547
-0.463132
-0.436349
-0.402233
-0.362094
-0.317467
-0.270063
-0.221701
-0.174242
-0.129514
-0.0892405
-0.0549752
-0.02804
-0.00947889
6.49679e-09
6.30548e-09
-0.00947889
-0.02804
-0.0549752
-0.0892405
-0.129514
-0.174242
-0.221701
-0.270063
-0.317467
-0.362094
-0.402233
-0.436349
-0.463132
-0.481547
-0.490883
-0.490804
-0.481331
-0.462815
-0.435961
-0.40179
-0.36161
-0.316958
-0.269547
-0.221198
-0.173771
-0.129093
-0.088888
-0.0547049
-0.0278592
-0.00938772
9.01985e-10
-0.00947889
-0.0188701
-0.0373441
-0.0641906
-0.0983734
-0.138577
-0.183251
-0.230673
-0.279016
-0.326419
-0.371062
-0.411234
-0.445396
-0.472243
-0.490753
-0.500222
-0.500298
-0.490962
-0.472548
-0.445766
-0.411653
-0.371516
-0.32689
-0.279486
-0.231123
-0.183662
-0.138929
-0.0986498
-0.0643781
-0.0374364
-0.0188701
-0.00938771
-0.00938771
-0.0188701
-0.0374364
-0.0643781
-0.0986498
-0.138929
-0.183662
-0.231123
-0.279486
-0.32689
-0.371516
-0.411653
-0.445766
-0.472548
-0.490962
-0.500298
-0.500222
-0.490753
-0.472243
-0.445396
-0.411234
-0.371062
-0.326419
-0.279016
-0.230673
-0.183251
-0.138577
-0.0983734
-0.0641906
-0.0373441
-0.0188701
-0.00947889
-0.02804
-0.0374364
-0.0559146
-0.0827634
-0.116947
-0.157149
-0.201819
-0.249233
-0.297565
-0.344955
-0.389584
-0.429741
-0.463888
-0.490722
-0.509221
-0.518684
-0.518758
-0.509423
-0.491012
-0.464236
-0.430129
-0.389999
-0.34538
-0.297981
-0.24962
-0.202159
-0.157424
-0.11714
-0.0828621
-0.0559146
-0.0373441
-0.0278592
-0.0278592
-0.0373441
-0.0559146
-0.0828621
-0.11714
-0.157424
-0.202159
-0.24962
-0.297981
-0.34538
-0.389999
-0.430129
-0.464236
-0.491012
-0.509423
-0.518758
-0.518684
-0.509221
-0.490722
-0.463888
-0.429741
-0.389584
-0.344955
-0.297565
-0.249233
-0.201819
-0.157149
-0.116947
-0.0827634
-0.0559146
-0.0374364
-0.02804
-0.0549752
-0.0643781
-0.0828621
-0.109715
-0.1439
-0.1841
-0.228763
-0.276166
-0.324482
-0.371854
-0.416462
-0.456596
-0.490722
-0.517538
-0.536022
-0.545475
-0.545545
-0.536211
-0.517806
-0.491038
-0.456943
-0.416826
-0.372218
-0.324829
-0.276475
-0.229017
-0.184283
-0.143996
-0.109715
-0.0827634
-0.0641906
-0.0547049
-0.0547049
-0.0641906
-0.0827634
-0.109715
-0.143996
-0.184283
-0.229017
-0.276475
-0.324829
-0.372218
-0.416826
-0.456943
-0.491038
-0.517806
-0.536211
-0.545545
-0.545475
-0.536022
-0.517538
-0.490722
-0.456596
-0.416462
-0.371854
-0.324482
-0.276166
-0.228763
-0.1841
-0.1439
-0.109715
-0.0828621
-0.0643781
-0.0549752
-0.0892405
-0.0986498
-0.11714
-0.143996
-0.178182
-0.218378
-0.263031
-0.310417
-0.358713
-0.406059
-0.450638
-0.490744
-0.524842
-0.551633
-0.570097
-0.579537
-0.579603
-0.570273
-0.551877
-0.525123
-0.491045
-0.450947
-0.406358
-0.358984
-0.310644
-0.263196
-0.218467
-0.178182
-0.1439
-0.116947
-0.0983734
-0.088888
-0.088888
-0.0983734
-0.116947
-0.1439
-0.178182
-0.218467
-0.263196
-0.310644
-0.358984
-0.406358
-0.450947
-0.491045
-0.525123
-0.551877
-0.570273
-0.579603
-0.579537
-0.570097
-0.551633
-0.524842
-0.490744
-0.450638
-0.406059
-0.358713
-0.310417
-0.263031
-0.218378
-0.178182
-0.143996
-0.11714
-0.0986498
-0.0892405
-0.129514
-0.138929
-0.157424
-0.184283
-0.218467
-0.258655
-0.303293
-0.350659
-0.398927
-0.446242
-0.490788
-0.530858
-0.564922
-0.591682
-0.610123
-0.619548
-0.619609
-0.610284
-0.5919
-0.565164
-0.53111
-0.491037
-0.446473
-0.399123
-0.350804
-0.303372
-0.258655
-0.218378
-0.1841
-0.157149
-0.138577
-0.129093
-0.129093
-0.138577
-0.157149
-0.1841
-0.218378
-0.258655
-0.303372
-0.350804
-0.399123
-0.446473
-0.491037
-0.53111
-0.565164
-0.5919
-0.610284
-0.619609
-0.619548
-0.610123
-0.591682
-0.564922
-0.530858
-0.490788
-0.446242
-0.398927
-0.350659
-0.303293
-0.258655
-0.218467
-0.184283
-0.157424
-0.138929
-0.129514
-0.174242
-0.183662
-0.202159
-0.229017
-0.263196
-0.303372
-0.347991
-0.395331
-0.443567
-0.490845
-0.535349
-0.575378
-0.609402
-0.636126
-0.654538
-0.663946
-0.664002
-0.654684
-0.636316
-0.609605
-0.57558
-0.53554
-0.49101
-0.443691
-0.395399
-0.347991
-0.303293
-0.263031
-0.228763
-0.201819
-0.183251
-0.173771
-0.173771
-0.183251
-0.201819
-0.228763
-0.263031
-0.303293
-0.347991
-0.395399
-0.443691
-0.49101
-0.53554
-0.57558
-0.609605
-0.636316
-0.654684
-0.664002
-0.663946
-0.654538
-0.636126
-0.609402
-0.575378
-0.535349
-0.490845
-0.443567
-0.395331
-0.347991
-0.303372
-0.263196
-0.229017
-0.202159
-0.183662
-0.174242
-0.221701
-0.231123
-0.24962
-0.276475
-0.310644
-0.350804
-0.395399
-0.442708
-0.490907
-0.538142
-0.5826
-0.622581
-0.656559
-0.683242
-0.701621
-0.711009
-0.71106
-0.701751
-0.683404
-0.656723
-0.622735
-0.582735
-0.538245
-0.490964
-0.442708
-0.395331
-0.350659
-0.310417
-0.276166
-0.249233
-0.230673
-0.221198
-0.221198
-0.230673
-0.249233
-0.276166
-0.310417
-0.350659
-0.395331
-0.442708
-0.490964
-0.538245
-0.582735
-0.622735
-0.656723
-0.683404
-0.701751
-0.71106
-0.711009
-0.701621
-0.683242
-0.656559
-0.622581
-0.5826
-0.538142
-0.490907
-0.442708
-0.395399
-0.350804
-0.310644
-0.276475
-0.24962
-0.231123
-0.221701
-0.270063
-0.279486
-0.297981
-0.324829
-0.358984
-0.399124
-0.443691
-0.490964
-0.539121
-0.586309
-0.630716
-0.670643
-0.704568
-0.731204
-0.749546
-0.758911
-0.758957
-0.74966
-0.731339
-0.704695
-0.670752
-0.630799
-0.586356
-0.539121
-0.490907
-0.443567
-0.398927
-0.358713
-0.324482
-0.297565
-0.279016
-0.269547
-0.269547
-0.279016
-0.297565
-0.324482
-0.358713
-0.398927
-0.443567
-0.490907
-0.539121
-0.586356
-0.630799
-0.670752
-0.704695
-0.731339
-0.74966
-0.758957
-0.758911
-0.749546
-0.731204
-0.704568
-0.670643
-0.630716
-0.586309
-0.539121
-0.490964
-0.443691
-0.399124
-0.358984
-0.324829
-0.297981
-0.279486
-0.270063
-0.317467
-0.32689
-0.34538
-0.372218
-0.406358
-0.446473
-0.49101
-0.538245
-0.586356
-0.633492
-0.677843
-0.717712
-0.751579
-0.778161
-0.79646
-0.805798
-0.805839
-0.796558
-0.778269
-0.75167
-0.717779
-0.677881
-0.633492
-0.586309
-0.538142
-0.490845
-0.446242
-0.406059
-0.371854
-0.344955
-0.326419
-0.316958
-0.316958
-0.326419
-0.344955
-0.371854
-0.406059
-0.446242
-0.490845
-0.538142
-0.586309
-0.633492
-0.677881
-0.717779
-0.75167
-0.778269
-0.796558
-0.805839
-0.805798
-0.79646
-0.778161
-0.751579
-0.717712
-0.677843
-0.633492
-0.586356
-0.538245
-0.49101
-0.446473
-0.406358
-0.372218
-0.34538
-0.32689
-0.317467
-0.362094
-0.371516
-0.389999
-0.416826
-0.450947
-0.491037
-0.53554
-0.582735
-0.630799
-0.677881
-0.722173
-0.761978
-0.795781
-0.822304
-0.840554
-0.849862
-0.849898
-0.840636
-0.822386
-0.795839
-0.762009
-0.722173
-0.677843
-0.630716
-0.5826
-0.535349
-0.490788
-0.450638
-0.416462
-0.389584
-0.371062
-0.36161
-0.36161
-0.371062
-0.389584
-0.416462
-0.450638
-0.490788
-0.535349
-0.5826
-0.630716
-0.677843
-0.722173
-0.762009
-0.795839
-0.822386
-0.840636
-0.849898
-0.849862
-0.840554
-0.822304
-0.795781
-0.761978
-0.722173
-0.677881
-0.630799
-0.582735
-0.53554
-0.491037
-0.450947
-0.416826
-0.389999
-0.371516
-0.362094
-0.402233
-0.411653
-0.430129
-0.456943
-0.491045
-0.53111
-0.57558
-0.622735
-0.670752
-0.717779
-0.762009
-0.801747
-0.835482
-0.86194
-0.880135
-0.889409
-0.889438
-0.8802
-0.861996
-0.835511
-0.801747
-0.761978
-0.717712
-0.670643
-0.622581
-0.575378
-0.530858
-0.490744
-0.456596
-0.429741
-0.411234
-0.40179
-0.40179
-0.411234
-0.429741
-0.456596
-0.490744
-0.530858
-0.575378
-0.622581
-0.670643
-0.717712
-0.761978
-0.801747
-0.835511
-0.861996
-0.8802
-0.889438
-0.889409
-0.880135
-0.86194
-0.835482
-0.801747
-0.762009
-0.717779
-0.670752
-0.622735
-0.57558
-0.53111
-0.491045
-0.456943
-0.430129
-0.411653
-0.402233
-0.436349
-0.445766
-0.464236
-0.491038
-0.525123
-0.565164
-0.609605
-0.656723
-0.704695
-0.75167
-0.795839
-0.835511
-0.869174
-0.89556
-0.913695
-0.92293
-0.922953
-0.913743
-0.895591
-0.869174
-0.835482
-0.795781
-0.751579
-0.704568
-0.656559
-0.609402
-0.564922
-0.524842
-0.490722
-0.463888
-0.445396
-0.435961
-0.435961
-0.445396
-0.463888
-0.490722
-0.524842
-0.564922
-0.609402
-0.656559
-0.704568
-0.751579
-0.795781
-0.835482
-0.869174
-0.895591
-0.913743
-0.922953
-0.92293
-0.913695
-0.89556
-0.869174
-0.835511
-0.795839
-0.75167
-0.704695
-0.656723
-0.609605
-0.565164
-0.525123
-0.491038
-0.464236
-0.445766
-0.436349
-0.463132
-0.472548
-0.491012
-0.517806
-0.551877
-0.5919
-0.636316
-0.683404
-0.731339
-0.778269
-0.822386
-0.861996
-0.895591
-0.921908
-0.939978
-0.949167
-0.949182
-0.940003
-0.921908
-0.89556
-0.86194
-0.822304
-0.778161
-0.731204
-0.683242
-0.636126
-0.591682
-0.551633
-0.517538
-0.490722
-0.472243
-0.462815
-0.462815
-0.472243
-0.490722
-0.517538
-0.551633
-0.591682
-0.636126
-0.683242
-0.731204
-0.778161
-0.822304
-0.86194
-0.89556
-0.921908
-0.940003
-0.949182
-0.949167
-0.939978
-0.921908
-0.895591
-0.861996
-0.822386
-0.778269
-0.731339
-0.683404
-0.636316
-0.5919
-0.551877
-0.517806
-0.491012
-0.472548
-0.463132
-0.481547
-0.490962
-0.509423
-0.536211
-0.570273
-0.610284
-0.654684
-0.701751
-0.74966
-0.796558
-0.840636
-0.8802
-0.913743
-0.940003
-0.958018
-0.967165
-0.967168
-0.958018
-0.939978
-0.913695
-0.880135
-0.840554
-0.79646
-0.749546
-0.701621
-0.654538
-0.610123
-0.570097
-0.536022
-0.509221
-0.490753
-0.481331
-0.481331
-0.490753
-0.509221
-0.536022
-0.570097
-0.610123
-0.654538
-0.701621
-0.749546
-0.79646
-0.840554
-0.880135
-0.913695
-0.939978
-0.958018
-0.967168
-0.967165
-0.958018
-0.940003
-0.913743
-0.8802
-0.840636
-0.796558
-0.74966
-0.701751
-0.654684
-0.610284
-0.570273
-0.536211
-0.509423
-0.490962
-0.481547
-0.490883
-0.500298
-0.518758
-0.545545
-0.579603
-0.619609
-0.664002
-0.71106
-0.758957
-0.805839
-0.849898
-0.889438
-0.922953
-0.949182
-0.967168
-0.976295
-0.976295
-0.967165
-0.949167
-0.92293
-0.889409
-0.849862
-0.805798
-0.758911
-0.711009
-0.663946
-0.619548
-0.579537
-0.545475
-0.518684
-0.500222
-0.490804
-0.490804
-0.500222
-0.518684
-0.545475
-0.579537
-0.619548
-0.663946
-0.711009
-0.758911
-0.805798
-0.849862
-0.889409
-0.92293
-0.949167
-0.967165
-0.976295
-0.976295
-0.967168
-0.949182
-0.922953
-0.889438
-0.849898
-0.805839
-0.758957
-0.71106
-0.664002
-0.619609
-0.579603
-0.545545
-0.518758
-0.500298
-0.490883
-0.490804
-0.500222
-0.518684
-0.545475
-0.579537
-0.619548
-0.663946
-0.711009
-0.758911
-0.805798
-0.849862
-0.889409
-0.92293
-0.949167
-0.967165
-0.976295
-0.976295
-0.967168
-0.949182
-0.922953
-0.889438
-0.849898
-0.805839
-0.758957
-0.71106
-0.664002
-0.619609
-0.579603
-0.545545
-0.518758
-0.500298
-0.490883
-0.490883
-0.500298
-0.518758
-0.545545
-0.579603
-0.619609
-0.664002
-0.71106
-0.758957
-0.805839
-0.849898
-0.889438
-0.922953
-0.949182
-0.967168
-0.976295
-0.976295
-0.967165
-0.949167
-0.92293
-0.889409
-0.849862
-0.805798
-0.758911
-0.711009
-0.663946
-0.619548
-0.579537
-0.545475
-0.518684
-0.500222
-0.490804
-0.481331
-0.490753
-0.509221
-0.536022
-0.570097
-0.610123
-0.654538
-0.701621
-0.749546
-0.79646
-0.840554
-0.880135
-0.913695
-0.939978
-0.958018
-0.967168
-0.967165
-0.958018
-0.940003
-0.913743
-0.8802
-0.840636
-0.796558
-0.74966
-0.701751
-0.654684
-0.610284
-0.570273
-0.536211
-0.509423
-0.490962
-0.481547
-0.481547
-0.490962
-0.509423
-0.536211
-0.570273
-0.610284
-0.654684
-0.701751
-0.74966
-0.796558
-0.840636
-0.8802
-0.913743
-0.940003
-0.958018
-0.967165
-0.967168
-0.958018
-0.939978
-0.913695
-0.880135
-0.840554
-0.79646
-0.749546
-0.701621
-0.654538
-0.610123
-0.570097
-0.536022
-0.509221
-0.490753
-0.481331
-0.462815
-0.472243
-0.490722
-0.517538
-0.551633
-0.591682
-0.636126
-0.683242
-0.731204
-0.778161
-0.822304
-0.86194
-0.89556
-0.921908
-0.940003
-0.949182
-0.949167
-0.939978
-0.921908
-0.895591
-0.861996
-0.822386
-0.778269
-0.731339
-0.683404
-0.636316
-0.5919
-0.551877
-0.517806
-0.491012
-0.472548
-0.463132
-0.463132
-0.472548
-0.491012
-0.517806
-0.551877
-0.5919
-0.636316
-0.683404
-0.731339
-0.778269
-0.822386
-0.861996
-0.895591
-0.921908
-0.939978
-0.949167
-0.949182
-0.940003
-0.921908
-0.89556
-0.86194
-0.822304
-0.778161
-0.731204
-0.683242
-0.636126
-0.591682
-0.551633
-0.517538
-0.490722
-0.472243
-0.462815
-0.435961
-0.445396
-0.463888
-0.490722
-0.524842
-0.564922
-0.609402
-0.656559
-0.704568
-0.751579
-0.795781
-0.835482
-0.869174
-0.895591
-0.913743
-0.922953
-0.92293
-0.913695
-0.89556
-0.869174
-0.835511
-0.795839
-0.75167
-0.704695
-0.656723
-0.609605
-0.565164
-0.525123
-0.491038
-0.464236
-0.445766
-0.436349
-0.436349
-0.445766
-0.464236
-0.491038
-0.525123
-0.565164
-0.609605
-0.656723
-0.704695
-0.75167
-0.795839
-0.835511
-0.869174
-0.89556
-0.913695
-0.92293
-0.922953
-0.913743
-0.895591
-0.869174
-0.835482
-0.795781
-0.751579
-0.704568
-0.656559
-0.609402
-0.564922
-0.524842
-0.490722
-0.463888
-0.445396
-0.435961
-0.40179
-0.411234
-0.429741
-0.456596
-0.490744
-0.530858
-0.575378
-0.622581
-0.670643
-0.717712
-0.761978
-0.801747
-0.835511
-0.861996
-0.8802
-0.889438
-0.889409
-0.880135
-0.86194
-0.835482
-0.801747
-0.762009
-0.717779
-0.670752
-0.622735
-0.57558
-0.53111
-0.491045
-0.456943
-0.430129
-0.411653
-0.402233
-0.402233
-0.411653
-0.430129
-0.456943
-0.491045
-0.53111
-0.57558
-0.622735
-0.670752
-0.717779
-0.762009
-0.801747
-0.835482
-0.86194
-0.880135
-0.889409
-0.889438
-0.8802
-0.861996
-0.835511
-0.801747
-0.761978
-0.717712
-0.670643
-0.622581
-0.575378
-0.530858
-0.490744
-0.456596
-0.429741
-0.411234
-0.40179
-0.36161
-0.371062
-0.389584
-0.416462
-0.450638
-0.490788
-0.535349
-0.5826
-0.630716
-0.677843
-0.722173
-0.762009
-0.795839
-0.822386
-0.840636
-0.849898
-0.849862
-0.840554
-0.822304
-0.795781
-0.761978
-0.722173
-0.677881
-0.630799
-0.582735
-0.53554
-0.491037
-0.450947
-0.416826
-0.389999
-0.371516
-0.362094
-0.362094
-0.371516
-0.389999
-0.416826
-0.450947
-0.491037
-0.53554
-0.582735
-0.630799
-0.677881
-0.722173
-0.761978
-0.795781
-0.822304
-0.840554
-0.849862
-0.849898
-0.840636
-0.822386
-0.795839
-0.762009
-0.722173
-0.677843
-0.630716
-0.5826
-0.535349
-0.490788
-0.450638
-0.416462
-0.389584
-0.371062
-0.36161
-0.316958
-0.326419
-0.344955
-0.371854
-0.406059
-0.446242
-0.490845
-0.538142
-0.586309
-0.633492
-0.677881
-0.717779
-0.75167
-0.778269
-0.796558
-0.805839
-0.805798
-0.79646
-0.778161
-0.751579
-0.717712
-0.677843
-0.633492
-0.586356
-0.538245
-0.49101
-0.446473
-0.406358
-0.372218
-0.34538
-0.32689
-0.317467
-0.317467
-0.32689
-0.34538
-0.372218
-0.406358
-0.446473
-0.49101
-0.538245
-0.586356
-0.633492
-0.677843
-0.717712
-0.751579
-0.778161
-0.79646
-0.805798
-0.805839
-0.796558
-0.778269
-0.75167
-0.717779
-0.677881
-0.633492
-0.586309
-0.538142
-0.490845
-0.446242
-0.406059
-0.371854
-0.344955
-0.326419
-0.316958
-0.269547
-0.279016
-0.297565
-0.324482
-0.358713
-0.398927
-0.443567
-0.490907
-0.539121
-0.586356
-0.630799
-0.670752
-0.704695
-0.731339
-0.74966
-0.758957
-0.758911
-0.749546
-0.731204
-0.704568
-0.670643
-0.630716
-0.586309
-0.539121
-0.490964
-0.443691
-0.399124
-0.358984
-0.324829
-0.297981
-0.279486
-0.270063
-0.270063
-0.279486
-0.297981
-0.324829
-0.358984
-0.399124
-0.443691
-0.490964
-0.539121
-0.586309
-0.630716
-0.670643
-0.704568
-0.731204
-0.749546
-0.758911
-0.758957
-0.74966
-0.731339
-0.704695
-0.670752
-0.630799
-0.586356
-0.539121
-0.490907
-0.443567
-0.398927
-0.358713
-0.324482
-0.297565
-0.279016
-0.269547
-0.221198
-0.230673
-0.249233
-0.276166
-0.310417
-0.350659
-0.395331
-0.442708
-0.490964
-0.538245
-0.582735
-0.622735
-0.656723
-0.683404
-0.701751
-0.71106
-0.711009
-0.701621
-0.683242
-0.656559
-0.622581
-0.5826
-0.538142
-0.490907
-0.442708
-0.395399
-0.350804
-0.310644
-0.276475
-0.24962
-0.231123
-0.221701
-0.221701
-0.231123
-0.24962
-0.276475
-0.310644
-0.350804
-0.395399
-0.442708
-0.490907
-0.538142
-0.5826
-0.622581
-0.656559
-0.683242
-0.701621
-0.711009
-0.71106
-0.701751
-0.683404
-0.656723
-0.622735
-0.582735
-0.538245
-0.490964
-0.442708
-0.395331
-0.350659
-0.310417
-0.276166
-0.249233
-0.230673
-0.221198
-0.173771
-0.183251
-0.201819
-0.228763
-0.263031
-0.303293
-0.347991
-0.395399
-0.443691
-0.49101
-0.53554
-0.57558
-0.609605
-0.636316
-0.654684
-0.664002
-0.663946
-0.654538
-0.636126
-0.609402
-0.575378
-0.535349
-0.490845
-0.443567
-0.395331
-0.347991
-0.303372
-0.263196
-0.229017
-0.202159
-0.183662
-0.174242
-0.174242
-0.183662
-0.202159
-0.229017
-0.263196
-0.303372
-0.347991
-0.395331
-0.443567
-0.490845
-0.535349
-0.575378
-0.609402
-0.636126
-0.654538
-0.663946
-0.664002
-0.654684
-0.636316
-0.609605
-0.57558
-0.53554
-0.49101
-0.443691
-0.395399
-0.347991
-0.303293
-0.263031
-0.228763
-0.201819
-0.183251
-0.173771
-0.129093
-0.138577
-0.157149
-0.1841
-0.218378
-0.258655
-0.303372
-0.350804
-0.399124
-0.446473
-0.491037
-0.53111
-0.565164
-0.5919
-0.610284
-0.619609
-0.619548
-0.610123
-0.591682
-0.564922
-0.530858
-0.490788
-0.446242
-0.398927
-0.350659
-0.303293
-0.258655
-0.218467
-0.184283
-0.157424
-0.138929
-0.129514
-0.129514
-0.138929
-0.157424
-0.184283
-0.218467
-0.258655
-0.303293
-0.350659
-0.398927
-0.446242
-0.490788
-0.530858
-0.564922
-0.591682
-0.610123
-0.619548
-0.619609
-0.610284
-0.5919
-0.565164
-0.53111
-0.491037
-0.446473
-0.399124
-0.350804
-0.303372
-0.258655
-0.218378
-0.1841
-0.157149
-0.138577
-0.129093
-0.088888
-0.0983734
-0.116947
-0.1439
-0.178182
-0.218467
-0.263196
-0.310644
-0.358984
-0.406358
-0.450947
-0.491045
-0.525123
-0.551877
-0.570273
-0.579603
-0.579537
-0.570097
-0.551633
-0.524842
-0.490744
-0.450638
-0.406059
-0.358713
-0.310417
-0.263031
-0.218378
-0.178182
-0.143996
-0.11714
-0.0986498
-0.0892405
-0.0892405
-0.0986498
-0.11714
-0.143996
-0.178182
-0.218378
-0.263031
-0.310417
-0.358713
-0.406059
-0.450638
-0.490744
-0.524842
-0.551633
-0.570097
-0.579537
-0.579603
-0.570273
-0.551877
-0.525123
-0.491045
-0.450947
-0.406358
-0.358984
-0.310644
-0.263196
-0.218467
-0.178182
-0.1439
-0.116947
-0.0983734
-0.088888
-0.0547049
-0.0641906
-0.0827635
-0.109715
-0.143996
-0.184283
-0.229017
-0.276475
-0.324829
-0.372218
-0.416826
-0.456943
-0.491038
-0.517806
-0.536211
-0.545545
-0.545475
-0.536022
-0.517538
-0.490722
-0.456596
-0.416462
-0.371854
-0.324482
-0.276166
-0.228763
-0.1841
-0.1439
-0.109715
-0.0828621
-0.0643781
-0.0549752
-0.0549752
-0.0643781
-0.0828621
-0.109715
-0.1439
-0.1841
-0.228763
-0.276166
-0.324482
-0.371854
-0.416462
-0.456596
-0.490722
-0.517538
-0.536022
-0.545475
-0.545545
-0.536211
-0.517806
-0.491038
-0.456943
-0.416826
-0.372218
-0.324829
-0.276475
-0.229017
-0.184283
-0.143996
-0.109715
-0.0827635
-0.0641906
-0.0547049
-0.0278592
-0.0373441
-0.0559146
-0.0828621
-0.11714
-0.157424
-0.202159
-0.24962
-0.297981
-0.34538
-0.389999
-0.430129
-0.464236
-0.491012
-0.509423
-0.518758
-0.518684
-0.509221
-0.490722
-0.463888
-0.429741
-0.389584
-0.344955
-0.297565
-0.249233
-0.201819
-0.157149
-0.116947
-0.0827634
-0.0559146
-0.0374364
-0.02804
-0.02804
-0.0374364
-0.0559146
-0.0827634
-0.116947
-0.157149
-0.201819
-0.249233
-0.297565
-0.344955
-0.389584
-0.429741
-0.463888
-0.490722
-0.509221
-0.518684
-0.518758
-0.509423
-0.491012
-0.464236
-0.430129
-0.389999
-0.34538
-0.297981
-0.24962
-0.202159
-0.157424
-0.11714
-0.0828621
-0.0559146
-0.0373441
-0.0278592
-0.00938772
-0.0188701
-0.0374364
-0.0643781
-0.0986498
-0.138929
-0.183662
-0.231123
-0.279486
-0.32689
-0.371516
-0.411653
-0.445766
-0.472548
-0.490962
-0.500298
-0.500222
-0.490753
-0.472243
-0.445396
-0.411234
-0.371062
-0.326419
-0.279016
-0.230673
-0.183251
-0.138577
-0.0983734
-0.0641906
-0.0373441
-0.0188701
-0.00947889
-0.00947889
-0.0188701
-0.0373441
-0.0641906
-0.0983734
-0.138577
-0.183251
-0.230673
-0.279016
-0.326419
-0.371062
-0.411234
-0.445396
-0.472243
-0.490753
-0.500222
-0.500298
-0.490962
-0.472548
-0.445766
-0.411653
-0.371516
-0.32689
-0.279486
-0.231123
-0.183662
-0.138929
-0.0986498
-0.0643781
-0.0374364
-0.0188701
-0.00938772
-4.15832e-09
-0.0094789
-0.02804
-0.0549752
-0.0892405
-0.129514
-0.174242
-0.221701
-0.270063
-0.317467
-0.362094
-0.402233
-0.436349
-0.463132
-0.481547
-0.490883
-0.490804
-0.481331
-0.462815
-0.435961
-0.40179
-0.36161
-0.316958
-0.269547
-0.221198
-0.173771
-0.129093
-0.088888
-0.0547049
-0.0278592
-0.00938771
1.04206e-09
9.751e-10
-0.00938772
-0.0278592
-0.0547049
-0.088888
-0.129093
-0.173771
-0.221198
-0.269547
-0.316958
-0.36161
-0.40179
-0.435961
-0.462815
-0.481331
-0.490804
-0.490883
-0.481547
-0.463132
-0.436349
-0.402233
-0.362094
-0.317467
-0.270063
-0.221701
-0.174242
-0.129514
-0.0892405
-0.0549752
-0.02804
-0.0094789
-4.46221e-09
-4.16316e-09
-0.0094789
-0.02804
-0.0549752
-0.0892405
-0.129514
-0.174242
-0.221701
-0.270063
-0.317467
-0.362094
-0.402233
-0.436349
-0.463132
-0.481547
-0.490883
-0.490804
-0.481331
-0.462815
-0.435961
-0.40179
-0.36161
-0.316958
-0.269547
-0.221198
-0.173771
-0.129093
-0.088888
-0.0547049
-0.0278592
-0.00938772
9.07539e-10
9.33366e-10
-0.00938772
-0.0278592
-0.0547049
-0.088888
-0.129093
-0.173771
-0.221198
-0.269547
-0.316958
-0.36161
-0.40179
-0.435961
-0.462815
-0.481331
-0.490804
-0.490883
-0.481547
-0.463132
-0.436349
-0.402233
-0.362094
-0.317467
-0.270063
-0.221701
-0.174242
-0.129514
-0.0892405
-0.0549752
-0.02804
-0.0094789
-4.52107e-09
-0.00938772
-0.0188701
-0.0374364
-0.0643781
-0.0986498
-0.138929
-0.183662
-0.231123
-0.279486
-0.32689
-0.371516
-0.411653
-0.445766
-0.472548
-0.490962
-0.500298
-0.500222
-0.490753
-0.472243
-0.445396
-0.411234
-0.371062
-0.326419
-0.279016
-0.230673
-0.183251
-0.138577
-0.0983734
-0.0641906
-0.0373441
-0.0188701
-0.00947889
-0.00947889
-0.0188701
-0.0373441
-0.0641906
-0.0983734
-0.138577
-0.183251
-0.230673
-0.279016
-0.326419
-0.371062
-0.411234
-0.445396
-0.472243
-0.490753
-0.500222
-0.500298
-0.490962
-0.472548
-0.445766
-0.411653
-0.371516
-0.32689
-0.279486
-0.231123
-0.183662
-0.138929
-0.0986498
-0.0643781
-0.0374364
-0.0188701
-0.00938772
-0.0278592
-0.0373441
-0.0559146
-0.0828621
-0.11714
-0.157424
-0.202159
-0.24962
-0.297981
-0.34538
-0.389999
-0.430129
-0.464236
-0.491012
-0.509423
-0.518758
-0.518684
-0.509221
-0.490722
-0.463888
-0.429741
-0.389584
-0.344955
-0.297565
-0.249233
-0.201819
-0.157149
-0.116947
-0.0827634
-0.0559146
-0.0374364
-0.02804
-0.02804
-0.0374364
-0.0559146
-0.0827634
-0.116947
-0.157149
-0.201819
-0.249233
-0.297565
-0.344955
-0.389584
-0.429741
-0.463888
-0.490722
-0.509221
-0.518684
-0.518758
-0.509423
-0.491012
-0.464236
-0.430129
-0.389999
-0.34538
-0.297981
-0.24962
-0.202159
-0.157424
-0.11714
-0.0828621
-0.0559146
-0.0373441
-0.0278592
-0.0547049
-0.0641906
-0.0827635
-0.109715
-0.143996
-0.184283
-0.229017
-0.276475
-0.324829
-0.372218
-0.416826
-0.456943
-0.491038
-0.517806
-0.536211
-0.545545
-0.545475
-0.536022
-0.517538
-0.490722
-0.456596
-0.416462
-0.371854
-0.324482
-0.276166
-0.228763
-0.1841
-0.1439
-0.109715
-0.0828621
-0.0643781
-0.0549752
-0.0549752
-0.0643781
-0.0828621
-0.109715
-0.1439
-0.1841
-0.228763
-0.276166
-0.324482
-0.371854
-0.416462
-0.456596
-0.490722
-0.517538
-0.536022
-0.545475
-0.545545
-0.536211
-0.517806
-0.491038
-0.456943
-0.416826
-0.372218
-0.324829
-0.276475
-0.229017
-0.184283
-0.143996
-0.109715
-0.0827635
-0.0641906
-0.0547049
-0.088888
-0.0983734
-0.116947
-0.1439
-0.178182
-0.218467
-0.263196
-0.310644
-0.358984
-0.406358
-0.450947
-0.491045
-0.525123
-0.551877
-0.570273
-0.579603
-0.579537
-0.570097
-0.551633
-0.524842
-0.490744
-0.450638
-0.406059
-0.358713
-0.310417
-0.263031
-0.218378
-0.178182
-0.143996
-0.11714
-0.0986498
-0.0892405
-0.0892405
-0.0986498
-0.11714
-0.143996
-0.178182
-0.218378
-0.263031
-0.310417
-0.358713
-0.406059
-0.450638
-0.490744
-0.524842
-0.551633
-0.570097
-0.579537
-0.579603
-0.570273
-0.551877
-0.525123
-0.491045
-0.450947
-0.406358
-0.358984
-0.310644
-0.263196
-0.218467
-0.178182
-0.1439
-0.116947
-0.0983734
-0.088888
-0.129093
-0.138577
-0.157149
-0.1841
-0.218378
-0.258655
-0.303372
-0.350804
-0.399124
-0.446473
-0.491037
-0.53111
-0.565164
-0.5919
-0.610284
-0.619609
-0.619548
-0.610123
-0.591682
-0.564922
-0.530858
-0.490788
-0.446242
-0.398927
-0.350659
-0.303293
-0.258655
-0.218467
-0.184283
-0.157424
-0.138929
-0.129514
-0.129514
-0.138929
-0.157424
-0.184283
-0.218467
-0.258655
-0.303293
-0.350659
-0.398927
-0.446242
-0.490788
-0.530858
-0.564922
-0.591682
-0.610123
-0.619548
-0.619609
-0.610284
-0.5919
-0.565164
-0.53111
-0.491037
-0.446473
-0.399124
-0.350804
-0.303372
-0.258655
-0.218378
-0.1841
-0.157149
-0.138577
-0.129093
-0.173771
-0.183251
-0.201819
-0.228763
-0.263031
-0.303293
-0.347991
-0.395399
-0.443691
-0.49101
-0.53554
-0.57558
-0.609605
-0.636316
-0.654684
-0.664002
-0.663946
-0.654538
-0.636126
-0.609402
-0.575378
-0.535349
-0.490845
-0.443567
-0.395331
-0.347991
-0.303372
-0.263196
-0.229017
-0.202159
-0.183662
-0.174242
-0.174242
-0.183662
-0.202159
-0.229017
-0.263196
-0.303372
-0.347991
-0.395331
-0.443567
-0.490845
-0.535349
-0.575378
-0.609402
-0.636126
-0.654538
-0.663946
-0.664002
-0.654684
-0.636316
-0.609605
-0.57558
-0.53554
-0.49101
-0.443691
-0.395399
-0.347991
-0.303293
-0.263031
-0.228763
-0.201819
-0.183251
-0.173771
-0.221198
-0.230673
-0.249233
-0.276166
-0.310417
-0.350659
-0.395331
-0.442708
-0.490964
-0.538245
-0.582735
-0.622735
-0.656723
-0.683404
-0.701751
-0.71106
-0.711009
-0.701621
-0.683242
-0.656559
-0.622581
-0.5826
-0.538142
-0.490907
-0.442708
-0.395399
-0.350804
-0.310644
-0.276475
-0.24962
-0.231123
-0.221701
-0.221701
-0.231123
-0.24962
-0.276475
-0.310644
-0.350804
-0.395399
-0.442708
-0.490907
-0.538142
-0.5826
-0.622581
-0.656559
-0.683242
-0.701621
-0.711009
-0.71106
-0.701751
-0.683404
-0.656723
-0.622735
-0.582735
-0.538245
-0.490964
-0.442708
-0.395331
-0.350659
-0.310417
-0.276166
-0.249233
-0.230673
-0.221198
-0.269547
-0.279016
-0.297565
-0.324482
-0.358713
-0.398927
-0.443567
-0.490907
-0.539121
-0.586356
-0.630799
-0.670752
-0.704695
-0.731339
-0.74966
-0.758957
-0.758911
-0.749546
-0.731204
-0.704568
-0.670643
-0.630716
-0.586309
-0.539121
-0.490964
-0.443691
-0.399124
-0.358984
-0.324829
-0.297981
-0.279486
-0.270063
-0.270063
-0.279486
-0.297981
-0.324829
-0.358984
-0.399124
-0.443691
-0.490964
-0.539121
-0.586309
-0.630716
-0.670643
-0.704568
-0.731204
-0.749546
-0.758911
-0.758957
-0.74966
-0.731339
-0.704695
-0.670752
-0.630799
-0.586356
-0.539121
-0.490907
-0.443567
-0.398927
-0.358713
-0.324482
-0.297565
-0.279016
-0.269547
-0.316958
-0.326419
-0.344955
-0.371854
-0.406059
-0.446242
-0.490845
-0.538142
-0.586309
-0.633492
-0.677881
-0.717779
-0.75167
-0.778269
-0.796558
-0.805839
-0.805798
-0.79646
-0.778161
-0.751579
-0.717712
-0.677843
-0.633492
-0.586356
-0.538245
-0.49101
-0.446473
-0.406358
-0.372218
-0.34538
-0.32689
-0.317467
-0.317467
-0.32689
-0.34538
-0.372218
-0.406358
-0.446473
-0.49101
-0.538245
-0.586356
-0.633492
-0.677843
-0.717712
-0.751579
-0.778161
-0.79646
-0.805798
-0.805839
-0.796558
-0.778269
-0.75167
-0.717779
-0.677881
-0.633492
-0.586309
-0.538142
-0.490845
-0.446242
-0.406059
-0.371854
-0.344955
-0.326419
-0.316958
-0.36161
-0.371062
-0.389584
-0.416462
-0.450638
-0.490788
-0.535349
-0.5826
-0.630716
-0.677843
-0.722173
-0.762009
-0.795839
-0.822386
-0.840636
-0.849898
-0.849862
-0.840554
-0.822304
-0.795781
-0.761978
-0.722173
-0.677881
-0.630799
-0.582735
-0.53554
-0.491037
-0.450947
-0.416826
-0.389999
-0.371516
-0.362094
-0.362094
-0.371516
-0.389999
-0.416826
-0.450947
-0.491037
-0.53554
-0.582735
-0.630799
-0.677881
-0.722173
-0.761978
-0.795781
-0.822304
-0.840554
-0.849862
-0.849898
-0.840636
-0.822386
-0.795839
-0.762009
-0.722173
-0.677843
-0.630716
-0.5826
-0.535349
-0.490788
-0.450638
-0.416462
-0.389584
-0.371062
-0.36161
-0.40179
-0.411234
-0.429741
-0.456596
-0.490744
-0.530858
-0.575378
-0.622581
-0.670643
-0.717712
-0.761978
-0.801747
-0.835511
-0.861996
-0.8802
-0.889438
-0.889409
-0.880135
-0.86194
-0.835482
-0.801747
-0.762009
-0.717779
-0.670752
-0.622735
-0.57558
-0.53111
-0.491045
-0.456943
-0.430129
-0.411653
-0.402233
-0.402233
-0.411653
-0.430129
-0.456943
-0.491045
-0.53111
-0.57558
-0.622735
-0.670752
-0.717779
-0.762009
-0.801747
-0.835482
-0.86194
-0.880135
-0.889409
-0.889438
-0.8802
-0.861996
-0.835511
-0.801747
-0.761978
-0.717712
-0.670643
-0.622581
-0.575378
-0.530858
-0.490744
-0.456596
-0.429741
-0.411234
-0.40179
-0.435961
-0.445396
-0.463888
-0.490722
-0.524842
-0.564922
-0.609402
-0.656559
-0.704568
-0.751579
-0.795781
-0.835482
-0.869174
-0.895591
-0.913743
-0.922953
-0.92293
-0.913695
-0.89556
-0.869174
-0.835511
-0.795839
-0.75167
-0.704695
-0.656723
-0.609605
-0.565164
-0.525123
-0.491038
-0.464236
-0.445766
-0.436349
-0.436349
-0.445766
-0.464236
-0.491038
-0.525123
-0.565164
-0.609605
-0.656723
-0.704695
-0.75167
-0.795839
-0.835511
-0.869174
-0.89556
-0.913695
-0.92293
-0.922953
-0.913743
-0.895591
-0.869174
-0.835482
-0.795781
-0.751579
-0.704568
-0.656559
-0.609402
-0.564922
-0.524842
-0.490722
-0.463888
-0.445396
-0.435961
-0.462815
-0.472243
-0.490722
-0.517538
-0.551633
-0.591682
-0.636126
-0.683242
-0.731204
-0.778161
-0.822304
-0.86194
-0.89556
-0.921908
-0.940003
-0.949182
-0.949167
-0.939978
-0.921908
-0.895591
-0.861996
-0.822386
-0.778269
-0.731339
-0.683404
-0.636316
-0.5919
-0.551877
-0.517806
-0.491012
-0.472548
-0.463132
-0.463132
-0.472548
-0.491012
-0.517806
-0.551877
-0.5919
-0.636316
-0.683404
-0.731339
-0.778269
-0.822386
-0.861996
-0.895591
-0.921908
-0.939978
-0.949167
-0.949182
-0.940003
-0.921908
-0.89556
-0.86194
-0.822304
-0.778161
-0.731204
-0.683242
-0.636126
-0.591682
-0.551633
-0.517538
-0.490722
-0.472243
-0.462815
-0.481331
-0.490753
-0.509221
-0.536022
-0.570097
-0.610123
-0.654538
-0.701621
-0.749546
-0.79646
-0.840554
-0.880135
-0.913695
-0.939978
-0.958018
-0.967168
-0.967165
-0.958018
-0.940003
-0.913743
-0.8802
-0.840636
-0.796558
-0.74966
-0.701751
-0.654684
-0.610284
-0.570273
-0.536211
-0.509423
-0.490962
-0.481547
-0.481547
-0.490962
-0.509423
-0.536211
-0.570273
-0.610284
-0.654684
-0.701751
-0.74966
-0.796558
-0.840636
-0.8802
-0.913743
-0.940003
-0.958018
-0.967165
-0.967168
-0.958018
-0.939978
-0.913695
-0.880135
-0.840554
-0.79646
-0.749546
-0.701621
-0.654538
-0.610123
-0.570097
-0.536022
-0.509221
-0.490753
-0.481331
-0.490804
-0.500222
-0.518684
-0.545475
-0.579537
-0.619548
-0.663946
-0.711009
-0.758911
-0.805798
-0.849862
-0.889409
-0.92293
-0.949167
-0.967165
-0.976295
-0.976295
-0.967168
-0.949182
-0.922953
-0.889438
-0.849898
-0.805839
-0.758957
-0.71106
-0.664002
-0.619609
-0.579603
-0.545545
-0.518758
-0.500298
-0.490883
-0.490883
-0.500298
-0.518758
-0.545545
-0.579603
-0.619609
-0.664002
-0.71106
-0.758957
-0.805839
-0.849898
-0.889438
-0.922953
-0.949182
-0.967168
-0.976295
-0.976295
-0.967165
-0.949167
-0.92293
-0.889409
-0.849862
-0.805798
-0.758911
-0.711009
-0.663946
-0.619548
-0.579537
-0.545475
-0.518684
-0.500222
-0.490804
-0.490883
-0.500298
-0.518758
-0.545545
-0.579603
-0.619609
-0.664002
-0.71106
-0.758957
-0.805839
-0.849898
-0.889438
-0.922953
-0.949182
-0.967168
-0.976295
-0.976295
-0.967165
-0.949167
-0.92293
-0.889409
-0.849862
-0.805798
-0.758911
-0.711009
-0.663946
-0.619548
-0.579537
-0.545475
-0.518684
-0.500222
-0.490804
-0.490804
-0.500222
-0.518684
-0.545475
-0.579537
-0.619548
-0.663946
-0.711009
-0.758911
-0.805798
-0.849862
-0.889409
-0.92293
-0.949167
-0.967165
-0.976295
-0.976295
-0.967168
-0.949182
-0.922953
-0.889438
-0.849898
-0.805839
-0.758957
-0.71106
-0.664002
-0.619609
-0.579603
-0.545545
-0.518758
-0.500298
-0.490883
-0.481547
-0.490962
-0.509423
-0.536211
-0.570273
-0.610284
-0.654684
-0.701751
-0.74966
-0.796558
-0.840636
-0.8802
-0.913743
-0.940003
-0.958018
-0.967165
-0.967168
-0.958018
-0.939978
-0.913695
-0.880135
-0.840554
-0.79646
-0.749546
-0.701621
-0.654538
-0.610123
-0.570097
-0.536022
-0.509221
-0.490753
-0.481331
-0.481331
-0.490753
-0.509221
-0.536022
-0.570097
-0.610123
-0.654538
-0.701621
-0.749546
-0.79646
-0.840554
-0.880135
-0.913695
-0.939978
-0.958018
-0.967168
-0.967165
-0.958018
-0.940003
-0.913743
-0.8802
-0.840636
-0.796558
-0.74966
-0.701751
-0.654684
-0.610284
-0.570273
-0.536211
-0.509423
-0.490962
-0.481547
-0.463132
-0.472548
-0.491012
-0.517806
-0.551877
-0.5919
-0.636316
-0.683404
-0.731339
-0.778269
-0.822386
-0.861996
-0.895591
-0.921908
-0.939978
-0.949167
-0.949182
-0.940003
-0.921908
-0.89556
-0.86194
-0.822304
-0.778161
-0.731204
-0.683242
-0.636126
-0.591682
-0.551633
-0.517538
-0.490722
-0.472243
-0.462815
-0.462815
-0.472243
-0.490722
-0.517538
-0.551633
-0.591682
-0.636126
-0.683242
-0.731204
-0.778161
-0.822304
-0.86194
-0.89556
-0.921908
-0.940003
-0.949182
-0.949167
-0.939978
-0.921908
-0.895591
-0.861996
-0.822386
-0.778269
-0.731339
-0.683404
-0.636316
-0.5919
-0.551877
-0.517806
-0.491012
-0.472548
-0.463132
-0.436349
-0.445766
-0.464236
-0.491038
-0.525123
-0.565164
-0.609605
-0.656723
-0.704695
-0.75167
-0.795839
-0.835511
-0.869174
-0.89556
-0.913695
-0.92293
-0.922953
-0.913743
-0.895591
-0.869174
-0.835482
-0.795781
-0.751579
-0.704568
-0.656559
-0.609402
-0.564922
-0.524842
-0.490722
-0.463888
-0.445396
-0.435961
-0.435961
-0.445396
-0.463888
-0.490722
-0.524842
-0.564922
-0.609402
-0.656559
-0.704568
-0.751579
-0.795781
-0.835482
-0.869174
-0.895591
-0.913743
-0.922953
-0.92293
-0.913695
-0.89556
-0.869174
-0.835511
-0.795839
-0.75167
-0.704695
-0.656723
-0.609605
-0.565164
-0.525123
-0.491038
-0.464236
-0.445766
-0.436349
-0.402233
-0.411653
-0.430129
-0.456943
-0.491045
-0.53111
-0.57558
-0.622735
-0.670752
-0.717779
-0.762009
-0.801747
-0.835482
-0.86194
-0.880135
-0.889409
-0.889438
-0.8802
-0.861996
-0.835511
-0.801747
-0.761978
-0.717712
-0.670643
-0.622581
-0.575378
-0.530858
-0.490744
-0.456596
-0.429741
-0.411234
-0.40179
-0.40179
-0.411234
-0.429741
-0.456596
-0.490744
-0.530858
-0.575378
-0.622581
-0.670643
-0.717712
-0.761978
-0.801747
-0.835511
-0.861996
-0.8802
-0.889438
-0.889409
-0.880135
-0.86194
-0.835482
-0.801747
-0.762009
-0.717779
-0.670752
-0.622735
-0.57558
-0.53111
-0.491045
-0.456943
-0.430129
-0.411653
-0.402233
-0.362094
-0.371516
-0.389999
-0.416826
-0.450947
-0.491037
-0.53554
-0.582735
-0.630799
-0.677881
-0.722173
-0.761978
-0.795781
-0.822304
-0.840554
-0.849862
-0.849898
-0.840636
-0.822386
-0.795839
-0.762009
-0.722173
-0.677843
-0.630716
-0.5826
-0.535349
-0.490788
-0.450638
-0.416462
-0.389584
-0.371062
-0.36161
-0.36161
-0.371062
-0.389584
-0.416462
-0.450638
-0.490788
-0.535349
-0.5826
-0.630716
-0.677843
-0.722173
-0.762009
-0.795839
-0.822386
-0.840636
-0.849898
-0.849862
-0.840554
-0.822304
-0.795781
-0.761978
-0.722173
-0.677881
-0.630799
-0.582735
-0.53554
-0.491037
-0.450947
-0.416826
-0.389999
-0.371516
-0.362094
-0.317467
-0.32689
-0.34538
-0.372218
-0.406358
-0.446473
-0.49101
-0.538245
-0.586356
-0.633492
-0.677843
-0.717712
-0.751579
-0.778161
-0.79646
-0.805798
-0.805839
-0.796558
-0.778269
-0.75167
-0.717779
-0.677881
-0.633492
-0.586309
-0.538142
-0.490845
-0.446242
-0.406059
-0.371854
-0.344955
-0.326419
-0.316958
-0.316958
-0.326419
-0.344955
-0.371854
-0.406059
-0.446242
-0.490845
-0.538142
-0.586309
-0.633492
-0.677881
-0.717779
-0.75167
-0.778269
-0.796558
-0.805839
-0.805798
-0.79646
-0.778161
-0.751579
-0.717712
-0.677843
-0.633492
-0.586356
-0.538245
-0.49101
-0.446473
-0.406358
-0.372218
-0.34538
-0.32689
-0.317467
-0.270063
-0.279486
-0.297981
-0.324829
-0.358984
-0.399124
-0.443691
-0.490964
-0.539121
-0.586309
-0.630716
-0.670643
-0.704568
-0.731204
-0.749546
-0.758911
-0.758957
-0.74966
-0.731339
-0.704695
-0.670752
-0.630799
-0.586356
-0.539121
-0.490907
-0.443567
-0.398927
-0.358713
-0.324482
-0.297565
-0.279016
-0.269547
-0.269547
-0.279016
-0.297565
-0.324482
-0.358713
-0.398927
-0.443567
-0.490907
-0.539121
-0.586356
-0.630799
-0.670752
-0.704695
-0.731339
-0.74966
-0.758957
-0.758911
-0.749546
-0.731204
-0.704568
-0.670643
-0.630716
-0.586309
-0.539121
-0.490964
-0.443691
-0.399124
-0.358984
-0.324829
-0.297981
-0.279486
-0.270063
-0.221701
-0.231123
-0.24962
-0.276475
-0.310644
-0.350804
-0.395399
-0.442708
-0.490907
-0.538142
-0.5826
-0.622581
-0.656559
-0.683242
-0.701621
-0.711009
-0.71106
-0.701751
-0.683404
-0.656723
-0.622735
-0.582735
-0.538245
-0.490964
-0.442708
-0.395331
-0.350659
-0.310417
-0.276166
-0.249233
-0.230673
-0.221198
-0.221198
-0.230673
-0.249233
-0.276166
-0.310417
-0.350659
-0.395331
-0.442708
-0.490964
-0.538245
-0.582735
-0.622735
-0.656723
-0.683404
-0.701751
-0.71106
-0.711009
-0.701621
-0.683242
-0.656559
-0.622581
-0.5826
-0.538142
-0.490907
-0.442708
-0.395399
-0.350804
-0.310644
-0.276475
-0.24962
-0.231123
-0.221701
-0.174242
-0.183662
-0.202159
-0.229017
-0.263196
-0.303372
-0.347991
-0.395331
-0.443567
-0.490845
-0.535349
-0.575378
-0.609402
-0.636126
-0.654538
-0.663946
-0.664002
-0.654684
-0.636316
-0.609605
-0.57558
-0.53554
-0.49101
-0.443691
-0.395399
-0.347991
-0.303293
-0.263031
-0.228763
-0.201819
-0.183251
-0.173771
-0.173771
-0.183251
-0.201819
-0.228763
-0.263031
-0.303293
-0.347991
-0.395399
-0.443691
-0.49101
-0.53554
-0.57558
-0.609605
-0.636316
-0.654684
-0.664002
-0.663946
-0.654538
-0.636126
-0.609402
-0.575378
-0.535349
-0.490845
-0.443567
-0.395331
-0.347991
-0.303372
-0.263196
-0.229017
-0.202159
-0.183662
-0.174242
-0.129514
-0.138929
-0.157424
-0.184283
-0.218467
-0.258655
-0.303293
-0.350659
-0.398927
-0.446242
-0.490788
-0.530858
-0.564922
-0.591682
-0.610123
-0.619548
-0.619609
-0.610284
-0.5919
-0.565164
-0.53111
-0.491037
-0.446473
-0.399123
-0.350804
-0.303372
-0.258655
-0.218378
-0.1841
-0.157149
-0.138577
-0.129093
-0.129093
-0.138577
-0.157149
-0.1841
-0.218378
-0.258655
-0.303372
-0.350804
-0.399123
-0.446473
-0.491037
-0.53111
-0.565164
-0.5919
-0.610284
-0.619609
-0.619548
-0.610123
-0.591682
-0.564922
-0.530858
-0.490788
-0.446242
-0.398927
-0.350659
-0.303293
-0.258655
-0.218467
-0.184283
-0.157424
-0.138929
-0.129514
-0.0892405
-0.0986498
-0.11714
-0.143996
-0.178182
-0.218378
-0.263031
-0.310417
-0.358713
-0.406059
-0.450638
-0.490744
-0.524842
-0.551633
-0.570097
-0.579537
-0.579603
-0.570273
-0.551877
-0.525123
-0.491045
-0.450947
-0.406358
-0.358984
-0.310644
-0.263196
-0.218467
-0.178182
-0.1439
-0.116947
-0.0983734
-0.088888
-0.088888
-0.0983734
-0.116947
-0.1439
-0.178182
-0.218467
-0.263196
-0.310644
-0.358984
-0.406358
-0.450947
-0.491045
-0.525123
-0.551877
-0.570273
-0.579603
-0.579537
-0.570097
-0.551633
-0.524842
-0.490744
-0.450638
-0.406059
-0.358713
-0.310417
-0.263031
-0.218378
-0.178182
-0.143996
-0.11714
-0.0986498
-0.0892405
-0.0549752
-0.0643781
-0.0828621
-0.109715
-0.1439
-0.1841
-0.228763
-0.276166
-0.324482
-0.371854
-0.416462
-0.456596
-0.490722
-0.517538
-0.536022
-0.545475
-0.545545
-0.536211
-0.517806
-0.491038
-0.456943
-0.416826
-0.372218
-0.324829
-0.276475
-0.229017
-0.184283
-0.143996
-0.109715
-0.0827634
-0.0641906
-0.0547049
-0.0547049
-0.0641906
-0.0827634
-0.109715
-0.143996
-0.184283
-0.229017
-0.276475
-0.324829
-0.372218
-0.416826
-0.456943
-0.491038
-0.517806
-0.536211
-0.545545
-0.545475
-0.536022
-0.517538
-0.490722
-0.456596
-0.416462
-0.371854
-0.324482
-0.276166
-0.228763
-0.1841
-0.1439
-0.109715
-0.0828621
-0.0643781
-0.0549752
-0.02804
-0.0374364
-0.0559146
-0.0827634
-0.116947
-0.157149
-0.201819
-0.249233
-0.297565
-0.344955
-0.389584
-0.429741
-0.463888
-0.490722
-0.509221
-0.518684
-0.518758
-0.509423
-0.491012
-0.464236
-0.430129
-0.389999
-0.34538
-0.297981
-0.24962
-0.202159
-0.157424
-0.11714
-0.0828621
-0.0559146
-0.0373441
-0.0278592
-0.0278592
-0.0373441
-0.0559146
-0.0828621
-0.11714
-0.157424
-0.202159
-0.24962
-0.297981
-0.34538
-0.389999
-0.430129
-0.464236
-0.491012
-0.509423
-0.518758
-0.518684
-0.509221
-0.490722
-0.463888
-0.429741
-0.389584
-0.344955
-0.297565
-0.249233
-0.201819
-0.157149
-0.116947
-0.0827634
-0.0559146
-0.0374364
-0.02804
-0.00947889
-0.0188701
-0.0373441
-0.0641906
-0.0983734
-0.138577
-0.183251
-0.230673
-0.279016
-0.326419
-0.371062
-0.411234
-0.445396
-0.472243
-0.490753
-0.500222
-0.500298
-0.490962
-0.472548
-0.445766
-0.411653
-0.371516
-0.32689
-0.279486
-0.231123
-0.183662
-0.138929
-0.0986498
-0.0643781
-0.0374364
-0.0188701
-0.00938771
-0.00938771
-0.0188701
-0.0374364
-0.0643781
-0.0986498
-0.138929
-0.183662
-0.231123
-0.279486
-0.32689
-0.371516
-0.411653
-0.445766
-0.472548
-0.490962
-0.500298
-0.500222
-0.490753
-0.472243
-0.445396
-0.411234
-0.371062
-0.326419
-0.279016
-0.230673
-0.183251
-0.138577
-0.0983734
-0.0641906
-0.0373441
-0.0188701
-0.00947889
8.88469e-10
-0.00938772
-0.0278592
-0.0547049
-0.088888
-0.129093
-0.173771
-0.221198
-0.269547
-0.316958
-0.36161
-0.40179
-0.435961
-0.462815
-0.481331
-0.490804
-0.490883
-0.481547
-0.463132
-0.436349
-0.402233
-0.362094
-0.317467
-0.270063
-0.221701
-0.174242
-0.129514
-0.0892405
-0.0549752
-0.02804
-0.00947889
5.74428e-09
5.81399e-09
-0.00947889
-0.02804
-0.0549752
-0.0892405
-0.129514
-0.174242
-0.221701
-0.270063
-0.317467
-0.362094
-0.402233
-0.436349
-0.463132
-0.481547
-0.490883
-0.490804
-0.481331
-0.462815
-0.435961
-0.40179
-0.36161
-0.316958
-0.269547
-0.221198
-0.173771
-0.129093
-0.088888
-0.0547049
-0.0278592
-0.00938772
8.40463e-10
)
;

boundaryField
{
    top
    {
        type            cyclic;
    }
    bottom
    {
        type            cyclic;
    }
    left
    {
        type            cyclic;
    }
    right
    {
        type            cyclic;
    }
    frontAndBack
    {
        type            empty;
    }
}


// ************************************************************************* //
