/*--------------------------------*- C++ -*----------------------------------*\
  =========                 |
  \\      /  F ield         | OpenFOAM: The Open Source CFD Toolbox
   \\    /   O peration     | Website:  https://openfoam.org
    \\  /    A nd           | Version:  11
     \\/     M anipulation  |
\*---------------------------------------------------------------------------*/
FoamFile
{
    format      ascii;
    class       volScalarField;
    location    "16";
    object      p;
}
// * * * * * * * * * * * * * * * * * * * * * * * * * * * * * * * * * * * * * //

dimensions      [0 2 -2 0 0 0 0];

internalField   nonuniform List<scalar> 
4096
(
8.55212e-10
-0.00936504
-0.0277918
-0.0545722
-0.0886716
-0.128777
-0.173342
-0.220648
-0.26887
-0.316155
-0.360685
-0.400754
-0.434828
-0.461605
-0.480067
-0.489513
-0.489591
-0.480282
-0.461921
-0.435214
-0.401195
-0.361167
-0.316662
-0.269384
-0.221149
-0.173812
-0.129197
-0.0890235
-0.0548423
-0.0279725
-0.00945614
6.19231e-09
6.26082e-09
-0.00945614
-0.0279725
-0.0548423
-0.0890235
-0.129197
-0.173812
-0.221149
-0.269384
-0.316662
-0.361167
-0.401195
-0.435214
-0.461921
-0.480282
-0.489591
-0.489513
-0.480067
-0.461605
-0.434828
-0.400754
-0.360685
-0.316155
-0.26887
-0.220648
-0.173342
-0.128777
-0.0886716
-0.0545722
-0.0277918
-0.00936504
7.73832e-10
-0.00945615
-0.0188247
-0.0372539
-0.0640352
-0.0981343
-0.138238
-0.1828
-0.2301
-0.278316
-0.325592
-0.370113
-0.410172
-0.444237
-0.471007
-0.489462
-0.498903
-0.498979
-0.48967
-0.47131
-0.444605
-0.410589
-0.370564
-0.326061
-0.278784
-0.230548
-0.183209
-0.138589
-0.0984102
-0.0642225
-0.0373463
-0.0188247
-0.00936504
-0.00936504
-0.0188247
-0.0373463
-0.0642225
-0.0984102
-0.138589
-0.183209
-0.230548
-0.278784
-0.326061
-0.370564
-0.410589
-0.444605
-0.47131
-0.48967
-0.498979
-0.498903
-0.489462
-0.471007
-0.444237
-0.410172
-0.370113
-0.325592
-0.278316
-0.2301
-0.1828
-0.138238
-0.0981343
-0.0640352
-0.0372539
-0.0188247
-0.00945615
-0.0279725
-0.0373463
-0.0557797
-0.0825634
-0.116663
-0.156765
-0.201322
-0.248614
-0.296818
-0.34408
-0.388586
-0.428628
-0.462677
-0.489433
-0.507877
-0.517311
-0.517385
-0.508078
-0.489721
-0.463023
-0.429015
-0.388999
-0.344504
-0.297232
-0.249
-0.201661
-0.157039
-0.116855
-0.0826619
-0.0557797
-0.0372539
-0.0277918
-0.0277918
-0.0372539
-0.0557797
-0.0826619
-0.116855
-0.157039
-0.201661
-0.249
-0.297232
-0.344504
-0.388999
-0.429015
-0.463023
-0.489721
-0.508078
-0.517385
-0.517311
-0.507877
-0.489433
-0.462677
-0.428628
-0.388586
-0.34408
-0.296818
-0.248614
-0.201322
-0.156765
-0.116663
-0.0825634
-0.0557797
-0.0373463
-0.0279725
-0.0548423
-0.0642225
-0.0826619
-0.10945
-0.143551
-0.183651
-0.228201
-0.27548
-0.323667
-0.370908
-0.41539
-0.455409
-0.489435
-0.516169
-0.534597
-0.544021
-0.54409
-0.534786
-0.516436
-0.489749
-0.455754
-0.415753
-0.371271
-0.324012
-0.275788
-0.228454
-0.183833
-0.143647
-0.10945
-0.0825634
-0.0640352
-0.0545722
-0.0545722
-0.0640352
-0.0825634
-0.10945
-0.143647
-0.183833
-0.228454
-0.275788
-0.324012
-0.371271
-0.415753
-0.455754
-0.489749
-0.516436
-0.534786
-0.54409
-0.544021
-0.534597
-0.516169
-0.489435
-0.455409
-0.41539
-0.370908
-0.323667
-0.27548
-0.228201
-0.183651
-0.143551
-0.10945
-0.0826619
-0.0642225
-0.0548423
-0.0890235
-0.0984102
-0.116855
-0.143647
-0.177749
-0.217844
-0.262382
-0.309644
-0.357808
-0.405021
-0.449472
-0.489458
-0.523453
-0.55016
-0.568566
-0.577976
-0.578042
-0.568741
-0.550403
-0.523732
-0.489758
-0.449779
-0.405319
-0.358078
-0.30987
-0.262547
-0.217932
-0.177749
-0.143551
-0.116663
-0.0981343
-0.0886716
-0.0886716
-0.0981343
-0.116663
-0.143551
-0.177749
-0.217932
-0.262547
-0.30987
-0.358078
-0.405319
-0.449779
-0.489758
-0.523732
-0.550403
-0.568741
-0.578042
-0.577976
-0.568566
-0.55016
-0.523453
-0.489458
-0.449472
-0.405021
-0.357808
-0.309644
-0.262382
-0.217844
-0.177749
-0.143647
-0.116855
-0.0984102
-0.0890235
-0.129197
-0.13859
-0.157039
-0.183833
-0.217932
-0.258019
-0.302541
-0.349779
-0.397913
-0.445091
-0.489504
-0.529451
-0.563408
-0.590082
-0.608462
-0.617856
-0.617916
-0.608622
-0.590298
-0.563649
-0.529702
-0.489752
-0.445321
-0.398108
-0.349923
-0.302619
-0.258019
-0.217844
-0.183651
-0.156765
-0.138238
-0.128777
-0.128777
-0.138238
-0.156765
-0.183651
-0.217844
-0.258019
-0.302619
-0.349923
-0.398108
-0.445321
-0.489752
-0.529702
-0.563649
-0.590298
-0.608622
-0.617916
-0.617856
-0.608462
-0.590082
-0.563408
-0.529451
-0.489504
-0.445091
-0.397913
-0.349779
-0.302541
-0.258019
-0.217932
-0.183833
-0.157039
-0.13859
-0.129197
-0.173812
-0.183209
-0.201661
-0.228454
-0.262547
-0.302619
-0.34712
-0.394329
-0.442426
-0.489563
-0.53393
-0.573831
-0.607742
-0.634376
-0.652725
-0.662099
-0.662155
-0.652869
-0.634564
-0.607944
-0.574031
-0.53412
-0.489727
-0.44255
-0.394397
-0.34712
-0.302541
-0.262382
-0.228201
-0.201322
-0.1828
-0.173342
-0.173342
-0.1828
-0.201322
-0.228201
-0.262382
-0.302541
-0.34712
-0.394397
-0.44255
-0.489727
-0.53412
-0.574031
-0.607944
-0.634564
-0.652869
-0.662155
-0.662099
-0.652725
-0.634376
-0.607742
-0.573831
-0.53393
-0.489563
-0.442426
-0.394329
-0.34712
-0.302619
-0.262547
-0.228454
-0.201661
-0.183209
-0.173812
-0.221149
-0.230548
-0.249
-0.275788
-0.30987
-0.349923
-0.394397
-0.44157
-0.489626
-0.536714
-0.581029
-0.620876
-0.654736
-0.681324
-0.699636
-0.708989
-0.709039
-0.699764
-0.681484
-0.654899
-0.621029
-0.581163
-0.536817
-0.489683
-0.44157
-0.394329
-0.349779
-0.309644
-0.27548
-0.248614
-0.2301
-0.220648
-0.220648
-0.2301
-0.248614
-0.27548
-0.309644
-0.349779
-0.394329
-0.44157
-0.489683
-0.536817
-0.581163
-0.621029
-0.654899
-0.681484
-0.699764
-0.709039
-0.708989
-0.699636
-0.681324
-0.654736
-0.620876
-0.581029
-0.536714
-0.489626
-0.44157
-0.394397
-0.349923
-0.30987
-0.275788
-0.249
-0.230548
-0.221149
-0.269384
-0.278784
-0.297232
-0.324012
-0.358078
-0.398108
-0.44255
-0.489683
-0.537691
-0.584725
-0.628982
-0.668769
-0.70257
-0.729105
-0.747375
-0.756703
-0.756748
-0.747488
-0.729238
-0.702695
-0.668877
-0.629065
-0.584773
-0.537691
-0.489626
-0.442426
-0.397913
-0.357808
-0.323667
-0.296818
-0.278316
-0.26887
-0.26887
-0.278316
-0.296818
-0.323667
-0.357808
-0.397913
-0.442426
-0.489626
-0.537691
-0.584773
-0.629065
-0.668877
-0.702695
-0.729238
-0.747488
-0.756748
-0.756703
-0.747375
-0.729105
-0.70257
-0.668769
-0.628982
-0.584725
-0.537691
-0.489683
-0.44255
-0.398108
-0.358078
-0.324012
-0.297232
-0.278784
-0.269384
-0.316662
-0.326061
-0.344504
-0.371272
-0.405319
-0.445321
-0.489727
-0.536817
-0.584773
-0.631749
-0.675942
-0.715662
-0.749397
-0.775872
-0.794095
-0.803394
-0.803434
-0.794192
-0.775979
-0.749487
-0.715729
-0.67598
-0.631749
-0.584725
-0.536714
-0.489563
-0.445091
-0.405021
-0.370908
-0.34408
-0.325592
-0.316155
-0.316155
-0.325592
-0.34408
-0.370908
-0.405021
-0.445091
-0.489563
-0.536714
-0.584725
-0.631749
-0.67598
-0.715729
-0.749487
-0.775979
-0.794192
-0.803434
-0.803394
-0.794095
-0.775872
-0.749397
-0.715662
-0.675942
-0.631749
-0.584773
-0.536817
-0.489727
-0.445321
-0.405319
-0.371272
-0.344504
-0.326061
-0.316662
-0.361167
-0.370564
-0.388999
-0.415753
-0.449779
-0.489752
-0.53412
-0.581163
-0.629065
-0.67598
-0.720105
-0.759754
-0.793417
-0.819825
-0.837994
-0.847259
-0.847294
-0.838074
-0.819906
-0.793474
-0.759784
-0.720105
-0.675942
-0.628982
-0.581029
-0.53393
-0.489504
-0.449472
-0.41539
-0.388586
-0.370113
-0.360685
-0.360685
-0.370113
-0.388586
-0.41539
-0.449472
-0.489504
-0.53393
-0.581029
-0.628982
-0.675942
-0.720105
-0.759784
-0.793474
-0.819906
-0.838074
-0.847294
-0.847259
-0.837994
-0.819825
-0.793417
-0.759754
-0.720105
-0.67598
-0.629065
-0.581163
-0.53412
-0.489752
-0.449779
-0.415753
-0.388999
-0.370564
-0.361167
-0.401195
-0.410589
-0.429015
-0.455754
-0.489758
-0.529702
-0.574031
-0.621029
-0.668877
-0.715729
-0.759784
-0.799357
-0.832943
-0.859278
-0.877387
-0.886614
-0.886643
-0.87745
-0.859334
-0.832971
-0.799357
-0.759754
-0.715662
-0.668769
-0.620876
-0.573831
-0.529451
-0.489458
-0.455409
-0.428628
-0.410172
-0.400754
-0.400754
-0.410172
-0.428628
-0.455409
-0.489458
-0.529451
-0.573831
-0.620876
-0.668769
-0.715662
-0.759754
-0.799357
-0.832971
-0.859334
-0.87745
-0.886643
-0.886614
-0.877387
-0.859278
-0.832943
-0.799357
-0.759784
-0.715729
-0.668877
-0.621029
-0.574031
-0.529702
-0.489758
-0.455754
-0.429015
-0.410589
-0.401195
-0.435214
-0.444605
-0.463023
-0.489749
-0.523732
-0.563649
-0.607944
-0.654899
-0.702695
-0.749487
-0.793474
-0.832971
-0.866477
-0.892734
-0.910775
-0.91996
-0.919983
-0.910822
-0.892764
-0.866477
-0.832943
-0.793417
-0.749397
-0.70257
-0.654736
-0.607742
-0.563408
-0.523453
-0.489435
-0.462677
-0.444237
-0.434828
-0.434828
-0.444237
-0.462677
-0.489435
-0.523453
-0.563408
-0.607742
-0.654736
-0.70257
-0.749397
-0.793417
-0.832943
-0.866477
-0.892764
-0.910822
-0.919983
-0.91996
-0.910775
-0.892734
-0.866477
-0.832971
-0.793474
-0.749487
-0.702695
-0.654899
-0.607944
-0.563649
-0.523732
-0.489749
-0.463023
-0.444605
-0.435214
-0.461921
-0.47131
-0.489721
-0.516436
-0.550403
-0.590298
-0.634564
-0.681484
-0.729238
-0.775979
-0.819906
-0.859334
-0.892764
-0.918943
-0.936914
-0.94605
-0.946065
-0.936938
-0.918943
-0.892734
-0.859278
-0.819825
-0.775872
-0.729105
-0.681324
-0.634376
-0.590082
-0.55016
-0.516169
-0.489433
-0.471007
-0.461605
-0.461605
-0.471007
-0.489433
-0.516169
-0.55016
-0.590082
-0.634376
-0.681324
-0.729105
-0.775872
-0.819825
-0.859278
-0.892734
-0.918943
-0.936938
-0.946065
-0.94605
-0.936914
-0.918943
-0.892764
-0.859334
-0.819906
-0.775979
-0.729238
-0.681484
-0.634564
-0.590298
-0.550403
-0.516436
-0.489721
-0.47131
-0.461921
-0.480282
-0.48967
-0.508078
-0.534786
-0.568741
-0.608622
-0.652869
-0.699764
-0.747488
-0.794192
-0.838074
-0.87745
-0.910822
-0.936939
-0.95485
-0.963942
-0.963945
-0.95485
-0.936914
-0.910775
-0.877387
-0.837994
-0.794095
-0.747375
-0.699636
-0.652725
-0.608462
-0.568566
-0.534597
-0.507877
-0.489462
-0.480067
-0.480067
-0.489462
-0.507877
-0.534597
-0.568566
-0.608462
-0.652725
-0.699636
-0.747375
-0.794095
-0.837994
-0.877387
-0.910775
-0.936914
-0.95485
-0.963945
-0.963942
-0.95485
-0.936939
-0.910822
-0.87745
-0.838074
-0.794192
-0.747488
-0.699764
-0.652869
-0.608622
-0.568741
-0.534786
-0.508078
-0.48967
-0.480282
-0.489591
-0.498979
-0.517385
-0.54409
-0.578042
-0.617916
-0.662155
-0.709039
-0.756748
-0.803434
-0.847294
-0.886643
-0.919983
-0.946065
-0.963945
-0.973016
-0.973016
-0.963942
-0.94605
-0.91996
-0.886614
-0.847259
-0.803394
-0.756703
-0.708989
-0.662099
-0.617856
-0.577976
-0.544021
-0.517311
-0.498903
-0.489513
-0.489513
-0.498903
-0.517311
-0.544021
-0.577976
-0.617856
-0.662099
-0.708989
-0.756703
-0.803394
-0.847259
-0.886614
-0.91996
-0.94605
-0.963942
-0.973016
-0.973016
-0.963945
-0.946065
-0.919983
-0.886643
-0.847294
-0.803434
-0.756748
-0.709039
-0.662155
-0.617916
-0.578042
-0.54409
-0.517385
-0.498979
-0.489591
-0.489513
-0.498903
-0.517311
-0.544021
-0.577976
-0.617856
-0.662099
-0.708989
-0.756703
-0.803394
-0.847259
-0.886614
-0.91996
-0.94605
-0.963942
-0.973016
-0.973016
-0.963945
-0.946065
-0.919983
-0.886643
-0.847294
-0.803434
-0.756748
-0.709039
-0.662155
-0.617916
-0.578042
-0.54409
-0.517385
-0.498979
-0.489591
-0.489591
-0.498979
-0.517385
-0.54409
-0.578042
-0.617916
-0.662155
-0.709039
-0.756748
-0.803434
-0.847294
-0.886643
-0.919983
-0.946065
-0.963945
-0.973016
-0.973016
-0.963942
-0.94605
-0.91996
-0.886614
-0.847259
-0.803394
-0.756703
-0.708989
-0.662099
-0.617856
-0.577976
-0.544021
-0.517311
-0.498903
-0.489513
-0.480067
-0.489462
-0.507877
-0.534597
-0.568566
-0.608462
-0.652725
-0.699636
-0.747375
-0.794095
-0.837994
-0.877387
-0.910775
-0.936914
-0.95485
-0.963945
-0.963942
-0.95485
-0.936938
-0.910822
-0.87745
-0.838074
-0.794192
-0.747488
-0.699764
-0.652869
-0.608622
-0.568741
-0.534786
-0.508078
-0.48967
-0.480282
-0.480282
-0.48967
-0.508078
-0.534786
-0.568741
-0.608622
-0.652869
-0.699764
-0.747488
-0.794192
-0.838074
-0.87745
-0.910822
-0.936939
-0.95485
-0.963942
-0.963945
-0.95485
-0.936914
-0.910775
-0.877387
-0.837994
-0.794095
-0.747375
-0.699636
-0.652725
-0.608462
-0.568566
-0.534597
-0.507877
-0.489462
-0.480067
-0.461605
-0.471007
-0.489433
-0.516169
-0.55016
-0.590082
-0.634376
-0.681324
-0.729105
-0.775872
-0.819825
-0.859278
-0.892734
-0.918943
-0.936939
-0.946065
-0.94605
-0.936914
-0.918943
-0.892764
-0.859334
-0.819906
-0.775979
-0.729238
-0.681484
-0.634564
-0.590298
-0.550403
-0.516436
-0.489721
-0.47131
-0.461921
-0.461921
-0.47131
-0.489721
-0.516436
-0.550403
-0.590298
-0.634564
-0.681484
-0.729238
-0.775979
-0.819906
-0.859334
-0.892764
-0.918943
-0.936914
-0.94605
-0.946065
-0.936939
-0.918943
-0.892734
-0.859278
-0.819825
-0.775872
-0.729105
-0.681324
-0.634376
-0.590082
-0.55016
-0.516169
-0.489433
-0.471007
-0.461605
-0.434828
-0.444237
-0.462677
-0.489435
-0.523453
-0.563408
-0.607742
-0.654736
-0.70257
-0.749397
-0.793417
-0.832943
-0.866477
-0.892764
-0.910822
-0.919983
-0.91996
-0.910775
-0.892734
-0.866477
-0.832971
-0.793474
-0.749487
-0.702695
-0.654899
-0.607944
-0.563649
-0.523732
-0.489749
-0.463023
-0.444605
-0.435214
-0.435214
-0.444605
-0.463023
-0.489749
-0.523732
-0.563649
-0.607944
-0.654899
-0.702695
-0.749487
-0.793474
-0.832971
-0.866477
-0.892734
-0.910775
-0.91996
-0.919983
-0.910822
-0.892764
-0.866477
-0.832943
-0.793417
-0.749397
-0.70257
-0.654736
-0.607742
-0.563408
-0.523453
-0.489435
-0.462677
-0.444237
-0.434828
-0.400754
-0.410172
-0.428628
-0.455409
-0.489458
-0.529451
-0.573831
-0.620876
-0.668769
-0.715662
-0.759754
-0.799357
-0.832971
-0.859334
-0.87745
-0.886643
-0.886614
-0.877387
-0.859278
-0.832943
-0.799357
-0.759784
-0.715729
-0.668877
-0.621029
-0.574031
-0.529702
-0.489758
-0.455754
-0.429015
-0.410589
-0.401195
-0.401195
-0.410589
-0.429015
-0.455754
-0.489758
-0.529702
-0.574031
-0.621029
-0.668877
-0.715729
-0.759784
-0.799357
-0.832943
-0.859278
-0.877387
-0.886614
-0.886643
-0.87745
-0.859334
-0.832971
-0.799357
-0.759754
-0.715662
-0.668769
-0.620876
-0.573831
-0.529451
-0.489458
-0.455409
-0.428628
-0.410172
-0.400754
-0.360685
-0.370113
-0.388586
-0.41539
-0.449472
-0.489504
-0.53393
-0.581029
-0.628982
-0.675942
-0.720105
-0.759784
-0.793474
-0.819906
-0.838074
-0.847294
-0.847259
-0.837994
-0.819825
-0.793417
-0.759754
-0.720105
-0.67598
-0.629065
-0.581163
-0.53412
-0.489752
-0.449779
-0.415753
-0.388999
-0.370564
-0.361167
-0.361167
-0.370564
-0.388999
-0.415753
-0.449779
-0.489752
-0.53412
-0.581163
-0.629065
-0.67598
-0.720105
-0.759754
-0.793417
-0.819825
-0.837994
-0.847259
-0.847294
-0.838074
-0.819906
-0.793474
-0.759784
-0.720105
-0.675942
-0.628982
-0.581029
-0.53393
-0.489504
-0.449472
-0.41539
-0.388586
-0.370113
-0.360685
-0.316155
-0.325592
-0.34408
-0.370908
-0.405021
-0.445091
-0.489563
-0.536714
-0.584726
-0.631749
-0.67598
-0.715729
-0.749487
-0.775979
-0.794192
-0.803434
-0.803394
-0.794095
-0.775872
-0.749397
-0.715662
-0.675942
-0.631749
-0.584773
-0.536817
-0.489727
-0.445321
-0.405319
-0.371271
-0.344504
-0.326061
-0.316662
-0.316662
-0.326061
-0.344504
-0.371271
-0.405319
-0.445321
-0.489727
-0.536817
-0.584773
-0.631749
-0.675942
-0.715662
-0.749397
-0.775872
-0.794095
-0.803394
-0.803434
-0.794192
-0.775979
-0.749487
-0.715729
-0.67598
-0.631749
-0.584726
-0.536714
-0.489563
-0.445091
-0.405021
-0.370908
-0.34408
-0.325592
-0.316155
-0.26887
-0.278316
-0.296818
-0.323667
-0.357808
-0.397913
-0.442426
-0.489626
-0.537691
-0.584773
-0.629065
-0.668877
-0.702695
-0.729238
-0.747488
-0.756748
-0.756703
-0.747375
-0.729105
-0.70257
-0.668769
-0.628982
-0.584725
-0.537691
-0.489683
-0.44255
-0.398108
-0.358078
-0.324012
-0.297232
-0.278784
-0.269384
-0.269384
-0.278784
-0.297232
-0.324012
-0.358078
-0.398108
-0.44255
-0.489683
-0.537691
-0.584725
-0.628982
-0.668769
-0.70257
-0.729105
-0.747375
-0.756703
-0.756748
-0.747488
-0.729238
-0.702695
-0.668877
-0.629065
-0.584773
-0.537691
-0.489626
-0.442426
-0.397913
-0.357808
-0.323667
-0.296818
-0.278316
-0.26887
-0.220648
-0.2301
-0.248614
-0.27548
-0.309644
-0.349779
-0.394329
-0.44157
-0.489683
-0.536817
-0.581163
-0.621029
-0.654899
-0.681484
-0.699764
-0.709039
-0.708989
-0.699636
-0.681324
-0.654736
-0.620876
-0.581029
-0.536714
-0.489626
-0.44157
-0.394397
-0.349923
-0.30987
-0.275788
-0.249
-0.230548
-0.221149
-0.221149
-0.230548
-0.249
-0.275788
-0.30987
-0.349923
-0.394397
-0.44157
-0.489626
-0.536714
-0.581029
-0.620876
-0.654736
-0.681324
-0.699636
-0.708989
-0.709039
-0.699764
-0.681484
-0.654899
-0.621029
-0.581163
-0.536817
-0.489683
-0.44157
-0.394329
-0.349779
-0.309644
-0.27548
-0.248614
-0.2301
-0.220648
-0.173342
-0.1828
-0.201322
-0.228201
-0.262382
-0.302541
-0.34712
-0.394397
-0.44255
-0.489727
-0.53412
-0.574031
-0.607944
-0.634564
-0.652869
-0.662155
-0.662099
-0.652725
-0.634376
-0.607742
-0.573831
-0.53393
-0.489563
-0.442426
-0.394329
-0.34712
-0.302619
-0.262547
-0.228454
-0.201661
-0.183209
-0.173812
-0.173812
-0.183209
-0.201661
-0.228454
-0.262547
-0.302619
-0.34712
-0.394329
-0.442426
-0.489563
-0.53393
-0.573831
-0.607742
-0.634376
-0.652725
-0.662099
-0.662155
-0.652869
-0.634564
-0.607944
-0.574031
-0.53412
-0.489727
-0.44255
-0.394397
-0.34712
-0.302541
-0.262382
-0.228201
-0.201322
-0.1828
-0.173342
-0.128777
-0.138238
-0.156765
-0.183651
-0.217844
-0.258019
-0.302619
-0.349923
-0.398108
-0.445321
-0.489752
-0.529702
-0.563649
-0.590298
-0.608622
-0.617916
-0.617856
-0.608462
-0.590082
-0.563408
-0.529451
-0.489504
-0.445091
-0.397913
-0.349779
-0.302541
-0.258019
-0.217932
-0.183833
-0.157039
-0.13859
-0.129197
-0.129197
-0.13859
-0.157039
-0.183833
-0.217932
-0.258019
-0.302541
-0.349779
-0.397913
-0.445091
-0.489504
-0.529451
-0.563408
-0.590082
-0.608462
-0.617856
-0.617916
-0.608622
-0.590298
-0.563649
-0.529702
-0.489752
-0.445321
-0.398108
-0.349923
-0.302619
-0.258019
-0.217844
-0.183651
-0.156765
-0.138238
-0.128777
-0.0886716
-0.0981343
-0.116663
-0.143551
-0.177749
-0.217932
-0.262547
-0.30987
-0.358078
-0.405319
-0.449779
-0.489758
-0.523732
-0.550403
-0.568741
-0.578042
-0.577976
-0.568566
-0.55016
-0.523453
-0.489458
-0.449472
-0.405021
-0.357808
-0.309644
-0.262382
-0.217844
-0.177749
-0.143647
-0.116855
-0.0984102
-0.0890235
-0.0890235
-0.0984102
-0.116855
-0.143647
-0.177749
-0.217844
-0.262382
-0.309644
-0.357808
-0.405021
-0.449472
-0.489458
-0.523453
-0.55016
-0.568566
-0.577976
-0.578042
-0.568741
-0.550403
-0.523732
-0.489758
-0.449779
-0.405319
-0.358078
-0.30987
-0.262547
-0.217932
-0.177749
-0.143551
-0.116663
-0.0981343
-0.0886716
-0.0545722
-0.0640352
-0.0825634
-0.10945
-0.143647
-0.183833
-0.228454
-0.275788
-0.324012
-0.371272
-0.415753
-0.455754
-0.489749
-0.516436
-0.534786
-0.54409
-0.544021
-0.534597
-0.516169
-0.489435
-0.455409
-0.41539
-0.370908
-0.323667
-0.27548
-0.228201
-0.183651
-0.143551
-0.10945
-0.0826619
-0.0642225
-0.0548423
-0.0548423
-0.0642225
-0.0826619
-0.10945
-0.143551
-0.183651
-0.228201
-0.27548
-0.323667
-0.370908
-0.41539
-0.455409
-0.489435
-0.516169
-0.534597
-0.544021
-0.54409
-0.534786
-0.516436
-0.489749
-0.455754
-0.415753
-0.371272
-0.324012
-0.275788
-0.228454
-0.183833
-0.143647
-0.10945
-0.0825634
-0.0640352
-0.0545722
-0.0277918
-0.0372539
-0.0557798
-0.0826619
-0.116855
-0.157039
-0.201661
-0.249
-0.297232
-0.344504
-0.388999
-0.429015
-0.463023
-0.489721
-0.508078
-0.517385
-0.517311
-0.507877
-0.489433
-0.462677
-0.428628
-0.388586
-0.34408
-0.296818
-0.248614
-0.201322
-0.156765
-0.116663
-0.0825634
-0.0557797
-0.0373463
-0.0279725
-0.0279725
-0.0373463
-0.0557797
-0.0825634
-0.116663
-0.156765
-0.201322
-0.248614
-0.296818
-0.34408
-0.388586
-0.428628
-0.462677
-0.489433
-0.507877
-0.517311
-0.517385
-0.508078
-0.489721
-0.463023
-0.429015
-0.388999
-0.344504
-0.297232
-0.249
-0.201661
-0.157039
-0.116855
-0.0826619
-0.0557798
-0.0372539
-0.0277918
-0.00936505
-0.0188247
-0.0373463
-0.0642225
-0.0984102
-0.13859
-0.183209
-0.230548
-0.278784
-0.326061
-0.370564
-0.410589
-0.444605
-0.47131
-0.48967
-0.498979
-0.498903
-0.489462
-0.471007
-0.444237
-0.410172
-0.370113
-0.325592
-0.278316
-0.2301
-0.1828
-0.138238
-0.0981343
-0.0640352
-0.0372539
-0.0188247
-0.00945615
-0.00945615
-0.0188247
-0.0372539
-0.0640352
-0.0981343
-0.138238
-0.1828
-0.2301
-0.278316
-0.325592
-0.370113
-0.410172
-0.444237
-0.471007
-0.489462
-0.498903
-0.498979
-0.48967
-0.47131
-0.444605
-0.410589
-0.370564
-0.326061
-0.278784
-0.230548
-0.183209
-0.13859
-0.0984102
-0.0642225
-0.0373463
-0.0188247
-0.00936505
-4.20017e-09
-0.00945615
-0.0279725
-0.0548423
-0.0890235
-0.129197
-0.173812
-0.221149
-0.269384
-0.316662
-0.361167
-0.401195
-0.435214
-0.461921
-0.480282
-0.489591
-0.489513
-0.480067
-0.461605
-0.434828
-0.400754
-0.360685
-0.316155
-0.26887
-0.220648
-0.173342
-0.128777
-0.0886716
-0.0545722
-0.0277918
-0.00936504
9.40029e-10
9.02664e-10
-0.00936504
-0.0277918
-0.0545722
-0.0886716
-0.128777
-0.173342
-0.220648
-0.26887
-0.316155
-0.360685
-0.400754
-0.434828
-0.461605
-0.480067
-0.489513
-0.489591
-0.480282
-0.461921
-0.435214
-0.401195
-0.361167
-0.316662
-0.269384
-0.221149
-0.173812
-0.129197
-0.0890235
-0.0548423
-0.0279725
-0.00945615
-4.28e-09
-4.19177e-09
-0.00945615
-0.0279725
-0.0548423
-0.0890235
-0.129197
-0.173812
-0.221149
-0.269384
-0.316662
-0.361167
-0.401195
-0.435214
-0.461921
-0.480282
-0.489591
-0.489513
-0.480067
-0.461605
-0.434828
-0.400754
-0.360685
-0.316155
-0.26887
-0.220648
-0.173342
-0.128777
-0.0886716
-0.0545722
-0.0277918
-0.00936504
9.49975e-10
8.56298e-10
-0.00936504
-0.0277918
-0.0545722
-0.0886716
-0.128777
-0.173342
-0.220648
-0.26887
-0.316155
-0.360685
-0.400754
-0.434828
-0.461605
-0.480067
-0.489513
-0.489591
-0.480282
-0.461921
-0.435214
-0.401195
-0.361167
-0.316662
-0.269384
-0.221149
-0.173812
-0.129197
-0.0890235
-0.0548423
-0.0279725
-0.00945615
-4.37388e-09
-0.00936505
-0.0188247
-0.0373463
-0.0642225
-0.0984102
-0.13859
-0.183209
-0.230548
-0.278784
-0.326061
-0.370564
-0.410589
-0.444605
-0.47131
-0.48967
-0.498979
-0.498903
-0.489462
-0.471007
-0.444237
-0.410172
-0.370113
-0.325592
-0.278316
-0.2301
-0.1828
-0.138238
-0.0981343
-0.0640352
-0.0372539
-0.0188247
-0.00945615
-0.00945615
-0.0188247
-0.0372539
-0.0640352
-0.0981343
-0.138238
-0.1828
-0.2301
-0.278316
-0.325592
-0.370113
-0.410172
-0.444237
-0.471007
-0.489462
-0.498903
-0.498979
-0.48967
-0.47131
-0.444605
-0.410589
-0.370564
-0.326061
-0.278784
-0.230548
-0.183209
-0.13859
-0.0984102
-0.0642225
-0.0373463
-0.0188247
-0.00936505
-0.0277918
-0.0372539
-0.0557798
-0.0826619
-0.116855
-0.157039
-0.201661
-0.249
-0.297232
-0.344504
-0.388999
-0.429015
-0.463023
-0.489721
-0.508078
-0.517385
-0.517311
-0.507877
-0.489433
-0.462677
-0.428628
-0.388586
-0.34408
-0.296818
-0.248614
-0.201322
-0.156765
-0.116663
-0.0825634
-0.0557797
-0.0373463
-0.0279725
-0.0279725
-0.0373463
-0.0557797
-0.0825634
-0.116663
-0.156765
-0.201322
-0.248614
-0.296818
-0.34408
-0.388586
-0.428628
-0.462677
-0.489433
-0.507877
-0.517311
-0.517385
-0.508078
-0.489721
-0.463023
-0.429015
-0.388999
-0.344504
-0.297232
-0.249
-0.201661
-0.157039
-0.116855
-0.0826619
-0.0557798
-0.0372539
-0.0277918
-0.0545722
-0.0640352
-0.0825634
-0.10945
-0.143647
-0.183833
-0.228454
-0.275788
-0.324012
-0.371272
-0.415753
-0.455754
-0.489749
-0.516436
-0.534786
-0.54409
-0.544021
-0.534597
-0.516169
-0.489435
-0.455409
-0.41539
-0.370908
-0.323667
-0.27548
-0.228201
-0.183651
-0.143551
-0.10945
-0.0826619
-0.0642225
-0.0548423
-0.0548423
-0.0642225
-0.0826619
-0.10945
-0.143551
-0.183651
-0.228201
-0.27548
-0.323667
-0.370908
-0.41539
-0.455409
-0.489435
-0.516169
-0.534597
-0.544021
-0.54409
-0.534786
-0.516436
-0.489749
-0.455754
-0.415753
-0.371272
-0.324012
-0.275788
-0.228454
-0.183833
-0.143647
-0.10945
-0.0825634
-0.0640352
-0.0545722
-0.0886716
-0.0981343
-0.116663
-0.143551
-0.177749
-0.217932
-0.262547
-0.30987
-0.358078
-0.405319
-0.449779
-0.489758
-0.523732
-0.550403
-0.568741
-0.578042
-0.577976
-0.568566
-0.55016
-0.523453
-0.489458
-0.449472
-0.405021
-0.357808
-0.309644
-0.262382
-0.217844
-0.177749
-0.143647
-0.116855
-0.0984102
-0.0890235
-0.0890235
-0.0984102
-0.116855
-0.143647
-0.177749
-0.217844
-0.262382
-0.309644
-0.357808
-0.405021
-0.449472
-0.489458
-0.523453
-0.55016
-0.568566
-0.577976
-0.578042
-0.568741
-0.550403
-0.523732
-0.489758
-0.449779
-0.405319
-0.358078
-0.30987
-0.262547
-0.217932
-0.177749
-0.143551
-0.116663
-0.0981343
-0.0886716
-0.128777
-0.138238
-0.156765
-0.183651
-0.217844
-0.258019
-0.302619
-0.349923
-0.398108
-0.445321
-0.489752
-0.529702
-0.563649
-0.590298
-0.608622
-0.617916
-0.617856
-0.608462
-0.590082
-0.563408
-0.529451
-0.489504
-0.445091
-0.397913
-0.349779
-0.302541
-0.258019
-0.217932
-0.183833
-0.157039
-0.13859
-0.129197
-0.129197
-0.13859
-0.157039
-0.183833
-0.217932
-0.258019
-0.302541
-0.349779
-0.397913
-0.445091
-0.489504
-0.529451
-0.563408
-0.590082
-0.608462
-0.617856
-0.617916
-0.608622
-0.590298
-0.563649
-0.529702
-0.489752
-0.445321
-0.398108
-0.349923
-0.302619
-0.258019
-0.217844
-0.183651
-0.156765
-0.138238
-0.128777
-0.173342
-0.1828
-0.201322
-0.228201
-0.262382
-0.302541
-0.34712
-0.394397
-0.44255
-0.489727
-0.53412
-0.574031
-0.607944
-0.634564
-0.652869
-0.662155
-0.662099
-0.652725
-0.634376
-0.607742
-0.573831
-0.53393
-0.489563
-0.442426
-0.394329
-0.34712
-0.302619
-0.262547
-0.228454
-0.201661
-0.183209
-0.173812
-0.173812
-0.183209
-0.201661
-0.228454
-0.262547
-0.302619
-0.34712
-0.394329
-0.442426
-0.489563
-0.53393
-0.573831
-0.607742
-0.634376
-0.652725
-0.662099
-0.662155
-0.652869
-0.634564
-0.607944
-0.574031
-0.53412
-0.489727
-0.44255
-0.394397
-0.34712
-0.302541
-0.262382
-0.228201
-0.201322
-0.1828
-0.173342
-0.220648
-0.2301
-0.248614
-0.27548
-0.309644
-0.349779
-0.394329
-0.44157
-0.489683
-0.536817
-0.581163
-0.621029
-0.654899
-0.681484
-0.699764
-0.709039
-0.708989
-0.699636
-0.681324
-0.654736
-0.620876
-0.581029
-0.536714
-0.489626
-0.44157
-0.394397
-0.349923
-0.30987
-0.275788
-0.249
-0.230548
-0.221149
-0.221149
-0.230548
-0.249
-0.275788
-0.30987
-0.349923
-0.394397
-0.44157
-0.489626
-0.536714
-0.581029
-0.620876
-0.654736
-0.681324
-0.699636
-0.708989
-0.709039
-0.699764
-0.681484
-0.654899
-0.621029
-0.581163
-0.536817
-0.489683
-0.44157
-0.394329
-0.349779
-0.309644
-0.27548
-0.248614
-0.2301
-0.220648
-0.26887
-0.278316
-0.296818
-0.323667
-0.357808
-0.397913
-0.442426
-0.489626
-0.537691
-0.584773
-0.629065
-0.668877
-0.702695
-0.729238
-0.747488
-0.756748
-0.756703
-0.747375
-0.729105
-0.70257
-0.668769
-0.628982
-0.584725
-0.537691
-0.489683
-0.44255
-0.398108
-0.358078
-0.324012
-0.297232
-0.278784
-0.269384
-0.269384
-0.278784
-0.297232
-0.324012
-0.358078
-0.398108
-0.44255
-0.489683
-0.537691
-0.584725
-0.628982
-0.668769
-0.70257
-0.729105
-0.747375
-0.756703
-0.756748
-0.747488
-0.729238
-0.702695
-0.668877
-0.629065
-0.584773
-0.537691
-0.489626
-0.442426
-0.397913
-0.357808
-0.323667
-0.296818
-0.278316
-0.26887
-0.316155
-0.325592
-0.34408
-0.370908
-0.405021
-0.445091
-0.489563
-0.536714
-0.584726
-0.631749
-0.67598
-0.715729
-0.749487
-0.775979
-0.794192
-0.803434
-0.803394
-0.794095
-0.775872
-0.749397
-0.715662
-0.675942
-0.631749
-0.584773
-0.536817
-0.489727
-0.445321
-0.405319
-0.371271
-0.344504
-0.326061
-0.316662
-0.316662
-0.326061
-0.344504
-0.371271
-0.405319
-0.445321
-0.489727
-0.536817
-0.584773
-0.631749
-0.675942
-0.715662
-0.749397
-0.775872
-0.794095
-0.803394
-0.803434
-0.794192
-0.775979
-0.749487
-0.715729
-0.67598
-0.631749
-0.584726
-0.536714
-0.489563
-0.445091
-0.405021
-0.370908
-0.34408
-0.325592
-0.316155
-0.360685
-0.370113
-0.388586
-0.41539
-0.449472
-0.489504
-0.53393
-0.581029
-0.628982
-0.675942
-0.720105
-0.759784
-0.793474
-0.819906
-0.838074
-0.847294
-0.847259
-0.837994
-0.819825
-0.793417
-0.759754
-0.720105
-0.67598
-0.629065
-0.581163
-0.53412
-0.489752
-0.449779
-0.415753
-0.388999
-0.370564
-0.361167
-0.361167
-0.370564
-0.388999
-0.415753
-0.449779
-0.489752
-0.53412
-0.581163
-0.629065
-0.67598
-0.720105
-0.759754
-0.793417
-0.819825
-0.837994
-0.847259
-0.847294
-0.838074
-0.819906
-0.793474
-0.759784
-0.720105
-0.675942
-0.628982
-0.581029
-0.53393
-0.489504
-0.449472
-0.41539
-0.388586
-0.370113
-0.360685
-0.400754
-0.410172
-0.428628
-0.455409
-0.489458
-0.529451
-0.573831
-0.620876
-0.668769
-0.715662
-0.759754
-0.799357
-0.832971
-0.859334
-0.87745
-0.886643
-0.886614
-0.877387
-0.859278
-0.832943
-0.799357
-0.759784
-0.715729
-0.668877
-0.621029
-0.574031
-0.529702
-0.489758
-0.455754
-0.429015
-0.410589
-0.401195
-0.401195
-0.410589
-0.429015
-0.455754
-0.489758
-0.529702
-0.574031
-0.621029
-0.668877
-0.715729
-0.759784
-0.799357
-0.832943
-0.859278
-0.877387
-0.886614
-0.886643
-0.87745
-0.859334
-0.832971
-0.799357
-0.759754
-0.715662
-0.668769
-0.620876
-0.573831
-0.529451
-0.489458
-0.455409
-0.428628
-0.410172
-0.400754
-0.434828
-0.444237
-0.462677
-0.489435
-0.523453
-0.563408
-0.607742
-0.654736
-0.70257
-0.749397
-0.793417
-0.832943
-0.866477
-0.892764
-0.910822
-0.919983
-0.91996
-0.910775
-0.892734
-0.866477
-0.832971
-0.793474
-0.749487
-0.702695
-0.654899
-0.607944
-0.563649
-0.523732
-0.489749
-0.463023
-0.444605
-0.435214
-0.435214
-0.444605
-0.463023
-0.489749
-0.523732
-0.563649
-0.607944
-0.654899
-0.702695
-0.749487
-0.793474
-0.832971
-0.866477
-0.892734
-0.910775
-0.91996
-0.919983
-0.910822
-0.892764
-0.866477
-0.832943
-0.793417
-0.749397
-0.70257
-0.654736
-0.607742
-0.563408
-0.523453
-0.489435
-0.462677
-0.444237
-0.434828
-0.461605
-0.471007
-0.489433
-0.516169
-0.55016
-0.590082
-0.634376
-0.681324
-0.729105
-0.775872
-0.819825
-0.859278
-0.892734
-0.918943
-0.936939
-0.946065
-0.94605
-0.936914
-0.918943
-0.892764
-0.859334
-0.819906
-0.775979
-0.729238
-0.681484
-0.634564
-0.590298
-0.550403
-0.516436
-0.489721
-0.47131
-0.461921
-0.461921
-0.47131
-0.489721
-0.516436
-0.550403
-0.590298
-0.634564
-0.681484
-0.729238
-0.775979
-0.819906
-0.859334
-0.892764
-0.918943
-0.936914
-0.94605
-0.946065
-0.936939
-0.918943
-0.892734
-0.859278
-0.819825
-0.775872
-0.729105
-0.681324
-0.634376
-0.590082
-0.55016
-0.516169
-0.489433
-0.471007
-0.461605
-0.480067
-0.489462
-0.507877
-0.534597
-0.568566
-0.608462
-0.652725
-0.699636
-0.747375
-0.794095
-0.837994
-0.877387
-0.910775
-0.936914
-0.95485
-0.963945
-0.963942
-0.95485
-0.936939
-0.910822
-0.87745
-0.838074
-0.794192
-0.747488
-0.699764
-0.652869
-0.608622
-0.568741
-0.534786
-0.508078
-0.48967
-0.480282
-0.480282
-0.48967
-0.508078
-0.534786
-0.568741
-0.608622
-0.652869
-0.699764
-0.747488
-0.794192
-0.838074
-0.87745
-0.910822
-0.936939
-0.95485
-0.963942
-0.963945
-0.95485
-0.936914
-0.910775
-0.877387
-0.837994
-0.794095
-0.747375
-0.699636
-0.652725
-0.608462
-0.568566
-0.534597
-0.507877
-0.489462
-0.480067
-0.489513
-0.498903
-0.517311
-0.544021
-0.577976
-0.617856
-0.662099
-0.708989
-0.756703
-0.803394
-0.847259
-0.886614
-0.91996
-0.94605
-0.963942
-0.973016
-0.973016
-0.963945
-0.946065
-0.919983
-0.886643
-0.847294
-0.803434
-0.756748
-0.709039
-0.662155
-0.617916
-0.578042
-0.54409
-0.517385
-0.498979
-0.489591
-0.489591
-0.498979
-0.517385
-0.54409
-0.578042
-0.617916
-0.662155
-0.709039
-0.756748
-0.803434
-0.847294
-0.886643
-0.919983
-0.946065
-0.963945
-0.973016
-0.973016
-0.963942
-0.94605
-0.91996
-0.886614
-0.847259
-0.803394
-0.756703
-0.708989
-0.662099
-0.617856
-0.577976
-0.544021
-0.517311
-0.498903
-0.489513
-0.489591
-0.498979
-0.517385
-0.54409
-0.578042
-0.617916
-0.662155
-0.709039
-0.756748
-0.803434
-0.847294
-0.886643
-0.919983
-0.946065
-0.963945
-0.973016
-0.973016
-0.963942
-0.94605
-0.91996
-0.886614
-0.847259
-0.803394
-0.756703
-0.708989
-0.662099
-0.617856
-0.577976
-0.544021
-0.517311
-0.498903
-0.489513
-0.489513
-0.498903
-0.517311
-0.544021
-0.577976
-0.617856
-0.662099
-0.708989
-0.756703
-0.803394
-0.847259
-0.886614
-0.91996
-0.94605
-0.963942
-0.973016
-0.973016
-0.963945
-0.946065
-0.919983
-0.886643
-0.847294
-0.803434
-0.756748
-0.709039
-0.662155
-0.617916
-0.578042
-0.54409
-0.517385
-0.498979
-0.489591
-0.480282
-0.48967
-0.508078
-0.534786
-0.568741
-0.608622
-0.652869
-0.699764
-0.747488
-0.794192
-0.838074
-0.87745
-0.910822
-0.936939
-0.95485
-0.963942
-0.963945
-0.95485
-0.936914
-0.910775
-0.877387
-0.837994
-0.794095
-0.747375
-0.699636
-0.652725
-0.608462
-0.568566
-0.534597
-0.507877
-0.489462
-0.480067
-0.480067
-0.489462
-0.507877
-0.534597
-0.568566
-0.608462
-0.652725
-0.699636
-0.747375
-0.794095
-0.837994
-0.877387
-0.910775
-0.936914
-0.95485
-0.963945
-0.963942
-0.95485
-0.936939
-0.910822
-0.87745
-0.838074
-0.794192
-0.747488
-0.699764
-0.652869
-0.608622
-0.568741
-0.534786
-0.508078
-0.48967
-0.480282
-0.461921
-0.47131
-0.489721
-0.516436
-0.550403
-0.590298
-0.634564
-0.681484
-0.729238
-0.775979
-0.819906
-0.859334
-0.892764
-0.918943
-0.936914
-0.94605
-0.946065
-0.936938
-0.918943
-0.892734
-0.859278
-0.819825
-0.775872
-0.729105
-0.681324
-0.634376
-0.590082
-0.55016
-0.516169
-0.489433
-0.471007
-0.461605
-0.461605
-0.471007
-0.489433
-0.516169
-0.55016
-0.590082
-0.634376
-0.681324
-0.729105
-0.775872
-0.819825
-0.859278
-0.892734
-0.918943
-0.936938
-0.946065
-0.94605
-0.936914
-0.918943
-0.892764
-0.859334
-0.819906
-0.775979
-0.729238
-0.681484
-0.634564
-0.590298
-0.550403
-0.516436
-0.489721
-0.47131
-0.461921
-0.435214
-0.444605
-0.463023
-0.489749
-0.523732
-0.563649
-0.607944
-0.654899
-0.702695
-0.749487
-0.793474
-0.832971
-0.866477
-0.892734
-0.910775
-0.91996
-0.919983
-0.910822
-0.892764
-0.866477
-0.832943
-0.793417
-0.749397
-0.70257
-0.654736
-0.607742
-0.563408
-0.523453
-0.489435
-0.462677
-0.444237
-0.434828
-0.434828
-0.444237
-0.462677
-0.489435
-0.523453
-0.563408
-0.607742
-0.654736
-0.70257
-0.749397
-0.793417
-0.832943
-0.866477
-0.892764
-0.910822
-0.919983
-0.91996
-0.910775
-0.892734
-0.866477
-0.832971
-0.793474
-0.749487
-0.702695
-0.654899
-0.607944
-0.563649
-0.523732
-0.489749
-0.463023
-0.444605
-0.435214
-0.401195
-0.410589
-0.429015
-0.455754
-0.489758
-0.529702
-0.574031
-0.621029
-0.668877
-0.715729
-0.759784
-0.799357
-0.832943
-0.859278
-0.877387
-0.886614
-0.886643
-0.87745
-0.859334
-0.832971
-0.799357
-0.759754
-0.715662
-0.668769
-0.620876
-0.573831
-0.529451
-0.489458
-0.455409
-0.428628
-0.410172
-0.400754
-0.400754
-0.410172
-0.428628
-0.455409
-0.489458
-0.529451
-0.573831
-0.620876
-0.668769
-0.715662
-0.759754
-0.799357
-0.832971
-0.859334
-0.87745
-0.886643
-0.886614
-0.877387
-0.859278
-0.832943
-0.799357
-0.759784
-0.715729
-0.668877
-0.621029
-0.574031
-0.529702
-0.489758
-0.455754
-0.429015
-0.410589
-0.401195
-0.361167
-0.370564
-0.388999
-0.415753
-0.449779
-0.489752
-0.53412
-0.581163
-0.629065
-0.67598
-0.720105
-0.759754
-0.793417
-0.819825
-0.837994
-0.847259
-0.847294
-0.838074
-0.819906
-0.793474
-0.759784
-0.720105
-0.675942
-0.628982
-0.581029
-0.53393
-0.489504
-0.449472
-0.41539
-0.388586
-0.370113
-0.360685
-0.360685
-0.370113
-0.388586
-0.41539
-0.449472
-0.489504
-0.53393
-0.581029
-0.628982
-0.675942
-0.720105
-0.759784
-0.793474
-0.819906
-0.838074
-0.847294
-0.847259
-0.837994
-0.819825
-0.793417
-0.759754
-0.720105
-0.67598
-0.629065
-0.581163
-0.53412
-0.489752
-0.449779
-0.415753
-0.388999
-0.370564
-0.361167
-0.316662
-0.326061
-0.344504
-0.371272
-0.405319
-0.445321
-0.489727
-0.536817
-0.584773
-0.631749
-0.675942
-0.715662
-0.749397
-0.775872
-0.794095
-0.803394
-0.803434
-0.794192
-0.775979
-0.749487
-0.715729
-0.67598
-0.631749
-0.584725
-0.536714
-0.489563
-0.445091
-0.405021
-0.370908
-0.34408
-0.325592
-0.316155
-0.316155
-0.325592
-0.34408
-0.370908
-0.405021
-0.445091
-0.489563
-0.536714
-0.584725
-0.631749
-0.67598
-0.715729
-0.749487
-0.775979
-0.794192
-0.803434
-0.803394
-0.794095
-0.775872
-0.749397
-0.715662
-0.675942
-0.631749
-0.584773
-0.536817
-0.489727
-0.445321
-0.405319
-0.371271
-0.344504
-0.326061
-0.316662
-0.269384
-0.278784
-0.297232
-0.324012
-0.358078
-0.398108
-0.44255
-0.489683
-0.537691
-0.584725
-0.628982
-0.668769
-0.70257
-0.729105
-0.747375
-0.756703
-0.756748
-0.747488
-0.729238
-0.702695
-0.668877
-0.629065
-0.584773
-0.537691
-0.489626
-0.442426
-0.397913
-0.357808
-0.323667
-0.296818
-0.278316
-0.26887
-0.26887
-0.278316
-0.296818
-0.323667
-0.357808
-0.397913
-0.442426
-0.489626
-0.537691
-0.584773
-0.629065
-0.668877
-0.702695
-0.729238
-0.747488
-0.756748
-0.756703
-0.747375
-0.729105
-0.70257
-0.668769
-0.628982
-0.584725
-0.537691
-0.489683
-0.44255
-0.398108
-0.358078
-0.324012
-0.297232
-0.278784
-0.269384
-0.221149
-0.230548
-0.249
-0.275788
-0.30987
-0.349923
-0.394397
-0.44157
-0.489626
-0.536714
-0.581029
-0.620876
-0.654736
-0.681324
-0.699636
-0.708989
-0.709039
-0.699764
-0.681484
-0.654899
-0.621029
-0.581163
-0.536817
-0.489683
-0.44157
-0.394329
-0.349779
-0.309644
-0.27548
-0.248614
-0.2301
-0.220648
-0.220648
-0.2301
-0.248614
-0.27548
-0.309644
-0.349779
-0.394329
-0.44157
-0.489683
-0.536817
-0.581163
-0.621029
-0.654899
-0.681484
-0.699764
-0.709039
-0.708989
-0.699636
-0.681324
-0.654736
-0.620876
-0.581029
-0.536714
-0.489626
-0.44157
-0.394397
-0.349923
-0.30987
-0.275788
-0.249
-0.230548
-0.221149
-0.173812
-0.183209
-0.201661
-0.228454
-0.262547
-0.302619
-0.34712
-0.394329
-0.442426
-0.489563
-0.53393
-0.573831
-0.607742
-0.634376
-0.652725
-0.662099
-0.662155
-0.652869
-0.634564
-0.607944
-0.574031
-0.53412
-0.489727
-0.44255
-0.394397
-0.34712
-0.302541
-0.262382
-0.228201
-0.201322
-0.1828
-0.173342
-0.173342
-0.1828
-0.201322
-0.228201
-0.262382
-0.302541
-0.34712
-0.394397
-0.44255
-0.489727
-0.53412
-0.574031
-0.607944
-0.634564
-0.652869
-0.662155
-0.662099
-0.652725
-0.634376
-0.607742
-0.573831
-0.53393
-0.489563
-0.442426
-0.394329
-0.34712
-0.302619
-0.262547
-0.228454
-0.201661
-0.183209
-0.173812
-0.129197
-0.13859
-0.157039
-0.183833
-0.217932
-0.258019
-0.302541
-0.349779
-0.397913
-0.445091
-0.489504
-0.529451
-0.563408
-0.590082
-0.608462
-0.617856
-0.617916
-0.608622
-0.590298
-0.563649
-0.529702
-0.489752
-0.445321
-0.398108
-0.349923
-0.302619
-0.258019
-0.217844
-0.183651
-0.156765
-0.138238
-0.128777
-0.128777
-0.138238
-0.156765
-0.183651
-0.217844
-0.258019
-0.302619
-0.349923
-0.398108
-0.445321
-0.489752
-0.529702
-0.563649
-0.590298
-0.608622
-0.617916
-0.617856
-0.608462
-0.590082
-0.563408
-0.529451
-0.489504
-0.445091
-0.397913
-0.349779
-0.302541
-0.258019
-0.217932
-0.183833
-0.157039
-0.13859
-0.129197
-0.0890235
-0.0984102
-0.116855
-0.143647
-0.177749
-0.217844
-0.262382
-0.309644
-0.357808
-0.405021
-0.449472
-0.489458
-0.523453
-0.55016
-0.568566
-0.577976
-0.578042
-0.568741
-0.550403
-0.523732
-0.489758
-0.449779
-0.405319
-0.358078
-0.30987
-0.262547
-0.217932
-0.177749
-0.143551
-0.116663
-0.0981343
-0.0886716
-0.0886716
-0.0981343
-0.116663
-0.143551
-0.177749
-0.217932
-0.262547
-0.30987
-0.358078
-0.405319
-0.449779
-0.489758
-0.523732
-0.550403
-0.568741
-0.578042
-0.577976
-0.568566
-0.55016
-0.523453
-0.489458
-0.449472
-0.405021
-0.357808
-0.309644
-0.262382
-0.217844
-0.177749
-0.143647
-0.116855
-0.0984102
-0.0890235
-0.0548423
-0.0642225
-0.0826619
-0.10945
-0.143551
-0.183651
-0.228201
-0.27548
-0.323667
-0.370908
-0.41539
-0.455409
-0.489435
-0.516169
-0.534597
-0.544021
-0.54409
-0.534786
-0.516436
-0.489749
-0.455754
-0.415753
-0.371271
-0.324012
-0.275788
-0.228454
-0.183833
-0.143647
-0.10945
-0.0825634
-0.0640352
-0.0545722
-0.0545722
-0.0640352
-0.0825634
-0.10945
-0.143647
-0.183833
-0.228454
-0.275788
-0.324012
-0.371271
-0.415753
-0.455754
-0.489749
-0.516436
-0.534786
-0.54409
-0.544021
-0.534597
-0.516169
-0.489435
-0.455409
-0.41539
-0.370908
-0.323667
-0.27548
-0.228201
-0.183651
-0.143551
-0.10945
-0.0826619
-0.0642225
-0.0548423
-0.0279725
-0.0373463
-0.0557797
-0.0825634
-0.116663
-0.156765
-0.201322
-0.248614
-0.296818
-0.34408
-0.388586
-0.428628
-0.462677
-0.489433
-0.507877
-0.517311
-0.517385
-0.508078
-0.489721
-0.463023
-0.429015
-0.388999
-0.344504
-0.297232
-0.249
-0.201661
-0.157039
-0.116855
-0.0826619
-0.0557797
-0.0372539
-0.0277918
-0.0277918
-0.0372539
-0.0557797
-0.0826619
-0.116855
-0.157039
-0.201661
-0.249
-0.297232
-0.344504
-0.388999
-0.429015
-0.463023
-0.489721
-0.508078
-0.517385
-0.517311
-0.507877
-0.489433
-0.462677
-0.428628
-0.388586
-0.34408
-0.296818
-0.248614
-0.201322
-0.156765
-0.116663
-0.0825634
-0.0557797
-0.0373463
-0.0279725
-0.00945615
-0.0188247
-0.0372539
-0.0640352
-0.0981343
-0.138238
-0.1828
-0.2301
-0.278316
-0.325592
-0.370113
-0.410172
-0.444237
-0.471007
-0.489462
-0.498903
-0.498979
-0.48967
-0.47131
-0.444605
-0.410589
-0.370564
-0.326061
-0.278784
-0.230548
-0.183209
-0.138589
-0.0984102
-0.0642225
-0.0373463
-0.0188247
-0.00936504
-0.00936504
-0.0188247
-0.0373463
-0.0642225
-0.0984102
-0.138589
-0.183209
-0.230548
-0.278784
-0.326061
-0.370564
-0.410589
-0.444605
-0.47131
-0.48967
-0.498979
-0.498903
-0.489462
-0.471007
-0.444237
-0.410172
-0.370113
-0.325592
-0.278316
-0.2301
-0.1828
-0.138238
-0.0981343
-0.0640352
-0.0372539
-0.0188247
-0.00945615
7.2448e-10
-0.00936504
-0.0277918
-0.0545722
-0.0886716
-0.128777
-0.173342
-0.220648
-0.26887
-0.316155
-0.360685
-0.400754
-0.434828
-0.461605
-0.480067
-0.489513
-0.489591
-0.480282
-0.461921
-0.435214
-0.401195
-0.361167
-0.316662
-0.269384
-0.221149
-0.173812
-0.129197
-0.0890235
-0.0548423
-0.0279725
-0.00945614
5.92709e-09
5.75709e-09
-0.00945614
-0.0279725
-0.0548423
-0.0890235
-0.129197
-0.173812
-0.221149
-0.269384
-0.316662
-0.361167
-0.401195
-0.435214
-0.461921
-0.480282
-0.489591
-0.489513
-0.480067
-0.461605
-0.434828
-0.400754
-0.360685
-0.316155
-0.26887
-0.220648
-0.173342
-0.128777
-0.0886716
-0.0545722
-0.0277918
-0.00936504
9.03862e-10
)
;

boundaryField
{
    top
    {
        type            cyclic;
    }
    bottom
    {
        type            cyclic;
    }
    left
    {
        type            cyclic;
    }
    right
    {
        type            cyclic;
    }
    frontAndBack
    {
        type            empty;
    }
}


// ************************************************************************* //
