/*--------------------------------*- C++ -*----------------------------------*\
  =========                 |
  \\      /  F ield         | OpenFOAM: The Open Source CFD Toolbox
   \\    /   O peration     | Website:  https://openfoam.org
    \\  /    A nd           | Version:  11
     \\/     M anipulation  |
\*---------------------------------------------------------------------------*/
FoamFile
{
    format      ascii;
    class       surfaceScalarField;
    location    "16";
    object      phi;
}
// * * * * * * * * * * * * * * * * * * * * * * * * * * * * * * * * * * * * * //

dimensions      [0 3 -1 0 0 0 0];

internalField   nonuniform List<scalar> 
8064
(
0.0597096
-0.0597096
0.118859
-0.0591494
0.17687
-0.058011
0.233178
-0.0563076
0.287234
-0.0540562
0.338514
-0.0512797
0.38652
-0.0480068
0.430791
-0.044271
0.470901
-0.0401101
0.506467
-0.0355656
0.537149
-0.0306824
0.562658
-0.0255082
0.582751
-0.0200932
0.597241
-0.0144897
0.605992
-0.00875184
0.608931
-0.00293829
0.606018
0.00291304
0.59727
0.00874739
0.582777
0.014493
0.562677
0.0201
0.537161
0.0255163
0.50647
0.0306906
0.470897
0.0355731
0.430781
0.0401163
0.386506
0.0442754
0.338497
0.0480091
0.287217
0.0512796
0.233163
0.0540538
0.17686
0.0563035
0.118854
0.0580057
0.0597096
0.0591443
-2.85984e-10
0.0597096
-0.0597096
0.0597096
-0.118854
0.0591443
-0.17686
0.0580057
-0.233163
0.0563035
-0.287217
0.0540538
-0.338497
0.0512796
-0.386506
0.0480091
-0.430781
0.0442754
-0.470897
0.0401163
-0.50647
0.0355731
-0.537161
0.0306906
-0.562677
0.0255163
-0.582777
0.0201
-0.59727
0.014493
-0.606018
0.00874739
-0.608931
0.00291304
-0.605992
-0.00293829
-0.597241
-0.00875184
-0.582751
-0.0144897
-0.562658
-0.0200932
-0.537149
-0.0255082
-0.506467
-0.0306824
-0.470901
-0.0355656
-0.430791
-0.0401101
-0.38652
-0.044271
-0.338514
-0.0480068
-0.287234
-0.0512797
-0.233178
-0.0540562
-0.17687
-0.0563076
-0.118859
-0.058011
-0.0597096
-0.0591494
-0.0597096
0.0591443
-0.118854
0.11773
-0.117735
0.175186
-0.115467
0.230954
-0.112075
0.284489
-0.107592
0.335274
-0.102064
0.382814
-0.0955475
0.426653
-0.0881101
0.46637
-0.079827
0.501586
-0.0707809
0.531964
-0.0610613
0.557219
-0.0507632
0.577112
-0.0399862
0.591457
-0.0288344
0.600121
-0.0174156
0.603029
-0.00584614
0.600144
0.00579785
0.591484
0.0174077
0.577135
0.0288413
0.557236
0.0399995
0.531974
0.0507786
0.501588
0.0610765
0.466367
0.0707943
0.426646
0.0798373
0.382805
0.0881165
0.335264
0.0955494
0.284483
0.102061
0.230951
0.107586
0.175188
0.112067
0.117735
0.115459
0.0591494
0.11773
-2.89609e-10
0.118859
-0.0591494
0.118859
-0.117735
0.11773
-0.175188
0.115459
-0.230951
0.112067
-0.284483
0.107586
-0.335264
0.102061
-0.382805
0.0955494
-0.426646
0.0881165
-0.466367
0.0798373
-0.501588
0.0707943
-0.531974
0.0610765
-0.557236
0.0507786
-0.577135
0.0399995
-0.591484
0.0288413
-0.600144
0.0174077
-0.603029
0.00579785
-0.600121
-0.00584614
-0.591457
-0.0174156
-0.577112
-0.0288344
-0.557219
-0.0399862
-0.531964
-0.0507632
-0.501586
-0.0610613
-0.46637
-0.0707809
-0.426653
-0.079827
-0.382814
-0.0881101
-0.335274
-0.0955475
-0.284489
-0.102064
-0.230954
-0.107592
-0.175186
-0.112075
-0.11773
-0.115467
-0.0591443
-0.117735
-0.118854
0.0580057
-0.17686
0.115459
-0.175188
0.171802
-0.17181
0.226485
-0.166759
0.278977
-0.160084
0.328766
-0.151853
0.375372
-0.142153
0.418345
-0.131084
0.457275
-0.118757
0.491789
-0.105296
0.521562
-0.0908339
0.546311
-0.0755125
0.565805
-0.0594799
0.579861
-0.0428904
0.58835
-0.0259044
0.591199
-0.00869508
0.588372
0.00862462
0.579886
0.0258931
0.565828
0.0428999
0.54633
0.0594978
0.521575
0.075533
0.491798
0.0908537
0.457279
0.105313
0.418348
0.118769
0.375373
0.131091
0.328768
0.142154
0.278981
0.151849
0.226492
0.160075
0.17181
0.166748
0.115467
0.171802
0.058011
0.175186
-2.92679e-10
0.17687
-0.058011
0.17687
-0.115467
0.175186
-0.17181
0.171802
-0.226492
0.166748
-0.278981
0.160075
-0.328768
0.151849
-0.375373
0.142154
-0.418348
0.131091
-0.457279
0.118769
-0.491798
0.105313
-0.521575
0.0908537
-0.54633
0.075533
-0.565828
0.0594978
-0.579886
0.0428999
-0.588372
0.0258931
-0.591199
0.00862462
-0.58835
-0.00869508
-0.579861
-0.0259044
-0.565805
-0.0428904
-0.546311
-0.0594799
-0.521562
-0.0755125
-0.491789
-0.0908339
-0.457275
-0.105296
-0.418345
-0.118757
-0.375372
-0.131084
-0.328766
-0.142153
-0.278977
-0.151853
-0.226485
-0.160084
-0.171802
-0.166759
-0.115459
-0.17181
-0.0580057
-0.175188
-0.17686
0.0563035
-0.233163
0.112067
-0.230951
0.166748
-0.226492
0.219815
-0.219825
0.270748
-0.211017
0.319055
-0.20016
0.364267
-0.187366
0.405951
-0.172768
0.44371
-0.156515
0.477183
-0.138769
0.506054
-0.119705
0.530053
-0.0995109
0.548953
-0.0783807
0.562581
-0.056518
0.570811
-0.034134
0.573572
-0.011456
0.57083
0.011366
0.562604
0.0341198
0.548974
0.0565297
0.530069
0.0784023
0.506067
0.099535
0.477193
0.119728
0.443718
0.138788
0.405959
0.156528
0.364275
0.172775
0.319063
0.187366
0.270758
0.200154
0.219825
0.211007
0.166759
0.219815
0.112075
0.226485
0.0563076
0.230954
-2.92976e-10
0.233178
-0.0563076
0.233178
-0.112075
0.230954
-0.166759
0.226485
-0.219825
0.219815
-0.270758
0.211007
-0.319063
0.200154
-0.364275
0.187366
-0.405959
0.172775
-0.443718
0.156528
-0.477193
0.138788
-0.506067
0.119728
-0.530069
0.099535
-0.548974
0.0784023
-0.562604
0.0565297
-0.57083
0.0341198
-0.573572
0.011366
-0.570811
-0.011456
-0.562581
-0.034134
-0.548953
-0.056518
-0.530053
-0.0783807
-0.506054
-0.0995109
-0.477183
-0.119705
-0.44371
-0.138769
-0.405951
-0.156515
-0.364267
-0.172768
-0.319055
-0.187366
-0.270748
-0.20016
-0.219815
-0.211017
-0.166748
-0.219825
-0.112067
-0.226492
-0.0563035
-0.230951
-0.233163
0.0540538
-0.287217
0.107586
-0.284483
0.160075
-0.278981
0.211007
-0.270758
0.259887
-0.259897
0.306239
-0.246512
0.349617
-0.230744
0.389606
-0.212757
0.425824
-0.192733
0.457928
-0.170873
0.485616
-0.147394
0.508629
-0.122523
0.526751
-0.096503
0.539816
-0.0695829
0.547705
-0.0420228
0.550351
-0.0141021
0.547722
0.0139946
0.539835
0.0420068
0.526768
0.0695969
0.508643
0.0965276
0.485628
0.12255
0.457938
0.147418
0.425832
0.170893
0.389614
0.192746
0.349626
0.212763
0.306248
0.230744
0.259897
0.246506
0.211017
0.259887
0.160084
0.270748
0.107592
0.278977
0.0540562
0.284489
-2.90418e-10
0.287234
-0.0540562
0.287234
-0.107592
0.284489
-0.160084
0.278977
-0.211017
0.270748
-0.259897
0.259887
-0.306248
0.246506
-0.349626
0.230744
-0.389614
0.212763
-0.425832
0.192746
-0.457938
0.170893
-0.485628
0.147418
-0.508643
0.12255
-0.526768
0.0965276
-0.539835
0.0695969
-0.547722
0.0420068
-0.550351
0.0139946
-0.547705
-0.0141021
-0.539816
-0.0420228
-0.526751
-0.0695829
-0.508629
-0.096503
-0.485616
-0.122523
-0.457928
-0.147394
-0.425824
-0.170873
-0.389606
-0.192733
-0.349617
-0.212757
-0.306239
-0.230744
-0.259887
-0.246512
-0.211007
-0.259897
-0.160075
-0.270758
-0.107586
-0.278981
-0.0540538
-0.284483
-0.287217
0.0512796
-0.338497
0.102061
-0.335264
0.151849
-0.328768
0.200154
-0.319063
0.246506
-0.306248
0.290455
-0.290461
0.331579
-0.271868
0.369485
-0.250663
0.403813
-0.22706
0.434238
-0.201298
0.460473
-0.173629
0.482276
-0.144325
0.499442
-0.11367
0.511817
-0.0819573
0.519288
-0.0494937
0.521793
-0.016607
0.519302
0.0164851
0.511832
0.0494769
0.499455
0.0819739
0.482285
0.113697
0.460481
0.144354
0.434244
0.173655
0.403819
0.201318
0.369491
0.227074
0.331585
0.250669
0.290461
0.271868
0.246512
0.290455
0.20016
0.306239
0.151853
0.319055
0.102064
0.328766
0.0512797
0.335274
-2.84005e-10
0.338514
-0.0512797
0.338514
-0.102064
0.335274
-0.151853
0.328766
-0.20016
0.319055
-0.246512
0.306239
-0.290461
0.290455
-0.331585
0.271868
-0.369491
0.250669
-0.403819
0.227074
-0.434244
0.201318
-0.460481
0.173655
-0.482285
0.144354
-0.499455
0.113697
-0.511832
0.0819739
-0.519302
0.0494769
-0.521793
0.0164851
-0.519288
-0.016607
-0.511817
-0.0494937
-0.499442
-0.0819573
-0.482276
-0.11367
-0.460473
-0.144325
-0.434238
-0.173629
-0.403813
-0.201298
-0.369485
-0.22706
-0.331579
-0.250663
-0.290455
-0.271868
-0.246506
-0.290461
-0.200154
-0.306248
-0.151849
-0.319063
-0.102061
-0.328768
-0.0512796
-0.335264
-0.338497
0.0480091
-0.386506
0.0955494
-0.382805
0.142154
-0.375373
0.187366
-0.364275
0.230744
-0.349626
0.271868
-0.331585
0.310343
-0.310344
0.345803
-0.286123
0.37791
-0.259168
0.406362
-0.22975
0.430892
-0.198159
0.451272
-0.164705
0.467315
-0.129713
0.478877
-0.0935194
0.485856
-0.0564725
0.488195
-0.0189458
0.485867
0.0188126
0.478888
0.0564565
0.467322
0.0935392
0.451276
0.129744
0.430894
0.164736
0.406363
0.198186
0.377911
0.22977
0.345803
0.259181
0.310344
0.286129
0.271868
0.310343
0.230744
0.331579
0.187366
0.349617
0.142153
0.364267
0.0955475
0.375372
0.0480068
0.382814
-2.73693e-10
0.38652
-0.0480068
0.38652
-0.0955475
0.382814
-0.142153
0.375372
-0.187366
0.364267
-0.230744
0.349617
-0.271868
0.331579
-0.310344
0.310343
-0.345803
0.286129
-0.377911
0.259181
-0.406363
0.22977
-0.430894
0.198186
-0.451276
0.164736
-0.467322
0.129744
-0.478888
0.0935392
-0.485867
0.0564565
-0.488195
0.0188126
-0.485856
-0.0189458
-0.478877
-0.0564725
-0.467315
-0.0935194
-0.451272
-0.129713
-0.430892
-0.164705
-0.406362
-0.198159
-0.37791
-0.22975
-0.345803
-0.259168
-0.310343
-0.286123
-0.271868
-0.310344
-0.230744
-0.331585
-0.187366
-0.349626
-0.142154
-0.364275
-0.0955494
-0.375373
-0.0480091
-0.382805
-0.386506
0.0442754
-0.430781
0.0881165
-0.426646
0.131091
-0.418348
0.172775
-0.405959
0.212763
-0.389614
0.250669
-0.369491
0.286129
-0.345803
0.318804
-0.318797
0.348384
-0.288748
0.37459
-0.255955
0.397176
-0.220746
0.415936
-0.183465
0.430699
-0.144476
0.441334
-0.104155
0.447752
-0.0628899
0.449901
-0.0210949
0.447759
0.0209545
0.441339
0.0628763
0.4307
0.104179
0.415934
0.14451
0.397172
0.183498
0.374584
0.220774
0.348378
0.255977
0.318797
0.288761
0.286123
0.318804
0.250663
0.345803
0.212757
0.369485
0.172768
0.389606
0.131084
0.405951
0.0881101
0.418345
0.044271
0.426653
-2.60058e-10
0.430791
-0.044271
0.430791
-0.0881101
0.426653
-0.131084
0.418345
-0.172768
0.405951
-0.212757
0.389606
-0.250663
0.369485
-0.286123
0.345803
-0.318797
0.318804
-0.348378
0.288761
-0.374584
0.255977
-0.397172
0.220774
-0.415934
0.183498
-0.4307
0.14451
-0.441339
0.104179
-0.447759
0.0628763
-0.449901
0.0209545
-0.447752
-0.0210949
-0.441334
-0.0628899
-0.430699
-0.104155
-0.415936
-0.144476
-0.397176
-0.183465
-0.37459
-0.220746
-0.348384
-0.255955
-0.318804
-0.288748
-0.286129
-0.318797
-0.250669
-0.345803
-0.212763
-0.369491
-0.172775
-0.389614
-0.131091
-0.405959
-0.0881165
-0.418348
-0.0442754
-0.426646
-0.430781
0.0401163
-0.470897
0.0798373
-0.466367
0.118769
-0.457279
0.156528
-0.443718
0.192746
-0.425832
0.227074
-0.403819
0.259181
-0.377911
0.288761
-0.348378
0.315533
-0.315519
0.339242
-0.279665
0.359669
-0.241173
0.376627
-0.200422
0.389964
-0.157813
0.399567
-0.113758
0.405358
-0.068681
0.407295
-0.0230324
0.405361
0.022889
0.399565
0.0686717
0.389957
0.113786
0.376617
0.15785
0.359657
0.200458
0.339229
0.241202
0.315519
0.279687
0.288748
0.315533
0.259168
0.348384
0.22706
0.37791
0.192733
0.403813
0.156515
0.425824
0.118757
0.44371
0.079827
0.457275
0.0401101
0.46637
-2.43359e-10
0.470901
-0.0401101
0.470901
-0.079827
0.46637
-0.118757
0.457275
-0.156515
0.44371
-0.192733
0.425824
-0.22706
0.403813
-0.259168
0.37791
-0.288748
0.348384
-0.315519
0.315533
-0.339229
0.279687
-0.359657
0.241202
-0.376617
0.200458
-0.389957
0.15785
-0.399565
0.113786
-0.405361
0.0686717
-0.407295
0.022889
-0.405358
-0.0230324
-0.399567
-0.068681
-0.389964
-0.113758
-0.376627
-0.157813
-0.359669
-0.200422
-0.339242
-0.241173
-0.315533
-0.279665
-0.288761
-0.315519
-0.259181
-0.348378
-0.227074
-0.377911
-0.192746
-0.403819
-0.156528
-0.425832
-0.118769
-0.443718
-0.0798373
-0.457279
-0.0401163
-0.466367
-0.470897
0.0355731
-0.50647
0.0707943
-0.501588
0.105313
-0.491798
0.138788
-0.477193
0.170893
-0.457938
0.201318
-0.434244
0.22977
-0.406363
0.255977
-0.374584
0.279687
-0.339229
0.300676
-0.300654
0.318749
-0.259245
0.33374
-0.215414
0.345521
-0.169594
0.353995
-0.122232
0.3591
-0.0737866
0.360806
-0.0247377
0.359098
0.0245968
0.353986
0.073784
0.345506
0.122266
0.333721
0.169635
0.318728
0.215451
0.300654
0.259275
0.279665
0.300676
0.255955
0.339242
0.22975
0.37459
0.201298
0.406362
0.170873
0.434238
0.138769
0.457928
0.105296
0.477183
0.0707809
0.491789
0.0355656
0.501586
-2.24081e-10
0.506467
-0.0355656
0.506467
-0.0707809
0.501586
-0.105296
0.491789
-0.138769
0.477183
-0.170873
0.457928
-0.201298
0.434238
-0.22975
0.406362
-0.255955
0.37459
-0.279665
0.339242
-0.300654
0.300676
-0.318728
0.259275
-0.333721
0.215451
-0.345506
0.169635
-0.353986
0.122266
-0.359098
0.073784
-0.360806
0.0245968
-0.3591
-0.0247377
-0.353995
-0.0737866
-0.345521
-0.122232
-0.33374
-0.169594
-0.318749
-0.215414
-0.300676
-0.259245
-0.279687
-0.300654
-0.255977
-0.339229
-0.22977
-0.374584
-0.201318
-0.406363
-0.170893
-0.434244
-0.138788
-0.457938
-0.105313
-0.477193
-0.0707943
-0.491798
-0.0355731
-0.501588
-0.50647
0.0306906
-0.537161
0.0610765
-0.531974
0.0908537
-0.521575
0.119728
-0.506067
0.147418
-0.485628
0.173655
-0.460481
0.198186
-0.430894
0.220774
-0.397172
0.241202
-0.359657
0.259275
-0.318728
0.274825
-0.274794
0.287709
-0.228298
0.29782
-0.179704
0.305081
-0.129493
0.309449
-0.0781543
0.310904
-0.0261925
0.30944
0.0260606
0.305063
0.0781611
0.297794
0.129535
0.28768
0.179749
0.274794
0.228337
0.259245
0.274825
0.241173
0.318749
0.220746
0.359669
0.198159
0.397176
0.173629
0.430892
0.147394
0.460473
0.119705
0.485616
0.0908339
0.506054
0.0610613
0.521562
0.0306824
0.531964
-2.02248e-10
0.537149
-0.0306824
0.537149
-0.0610613
0.531964
-0.0908339
0.521562
-0.119705
0.506054
-0.147394
0.485616
-0.173629
0.460473
-0.198159
0.430892
-0.220746
0.397176
-0.241173
0.359669
-0.259245
0.318749
-0.274794
0.274825
-0.28768
0.228337
-0.297794
0.179749
-0.305063
0.129535
-0.30944
0.0781611
-0.310904
0.0260606
-0.309449
-0.0261925
-0.305081
-0.0781543
-0.29782
-0.129493
-0.287709
-0.179704
-0.274825
-0.228298
-0.259275
-0.274794
-0.241202
-0.318728
-0.220774
-0.359657
-0.198186
-0.397172
-0.173655
-0.430894
-0.147418
-0.460481
-0.119728
-0.485628
-0.0908537
-0.506067
-0.0610765
-0.521575
-0.0306906
-0.531974
-0.537161
0.0255163
-0.562677
0.0507786
-0.557236
0.075533
-0.54633
0.099535
-0.530069
0.12255
-0.508643
0.144354
-0.482285
0.164736
-0.451276
0.183498
-0.415934
0.200458
-0.376617
0.215451
-0.333721
0.228337
-0.28768
0.238998
-0.238959
0.247347
-0.188053
0.253327
-0.135473
0.256913
-0.0817403
0.258101
-0.0273806
0.256896
0.0272661
0.253297
0.0817595
0.24731
0.135521
0.238959
0.1881
0.228298
0.238998
0.215414
0.287709
0.200422
0.33374
0.183465
0.376627
0.164705
0.415936
0.144325
0.451272
0.122523
0.482276
0.0995109
0.508629
0.0755125
0.530053
0.0507632
0.546311
0.0255082
0.557219
-1.77877e-10
0.562658
-0.0255082
0.562658
-0.0507632
0.557219
-0.0755125
0.546311
-0.0995109
0.530053
-0.122523
0.508629
-0.144325
0.482276
-0.164705
0.451272
-0.183465
0.415936
-0.200422
0.376627
-0.215414
0.33374
-0.228298
0.287709
-0.238959
0.238998
-0.24731
0.1881
-0.253297
0.135521
-0.256896
0.0817595
-0.258101
0.0272661
-0.256913
-0.0273806
-0.253327
-0.0817403
-0.247347
-0.135473
-0.238998
-0.188053
-0.228337
-0.238959
-0.215451
-0.28768
-0.200458
-0.333721
-0.183498
-0.376617
-0.164736
-0.415934
-0.144354
-0.451276
-0.12255
-0.482285
-0.099535
-0.508643
-0.075533
-0.530069
-0.0507786
-0.54633
-0.0255163
-0.557236
-0.562677
0.0201
-0.582777
0.0399995
-0.577135
0.0594978
-0.565828
0.0784023
-0.548974
0.0965276
-0.526768
0.113697
-0.499455
0.129744
-0.467322
0.14451
-0.4307
0.15785
-0.389957
0.169635
-0.345506
0.179749
-0.297794
0.1881
-0.24731
0.194619
-0.194572
0.199269
-0.140123
0.202042
-0.084513
0.202951
-0.0282904
0.202014
0.028203
0.199227
0.084547
0.194572
0.140176
0.188053
0.194619
0.179704
0.247347
0.169594
0.29782
0.157813
0.345521
0.144476
0.389964
0.129713
0.430699
0.11367
0.467315
0.096503
0.499442
0.0783807
0.526751
0.0594799
0.548953
0.0399862
0.565805
0.0200932
0.577112
-1.51645e-10
0.582751
-0.0200932
0.582751
-0.0399862
0.577112
-0.0594799
0.565805
-0.0783807
0.548953
-0.096503
0.526751
-0.11367
0.499442
-0.129713
0.467315
-0.144476
0.430699
-0.157813
0.389964
-0.169594
0.345521
-0.179704
0.29782
-0.188053
0.247347
-0.194572
0.194619
-0.199227
0.140176
-0.202014
0.084547
-0.202951
0.028203
-0.202042
-0.0282904
-0.199269
-0.084513
-0.194619
-0.140123
-0.1881
-0.194572
-0.179749
-0.24731
-0.169635
-0.297794
-0.15785
-0.345506
-0.14451
-0.389957
-0.129744
-0.4307
-0.113697
-0.467322
-0.0965276
-0.499455
-0.0784023
-0.526768
-0.0594978
-0.548974
-0.0399995
-0.565828
-0.0201
-0.577135
-0.582777
0.014493
-0.59727
0.0288413
-0.591484
0.0428999
-0.579886
0.0565297
-0.562604
0.0695969
-0.539835
0.0819739
-0.511832
0.0935392
-0.478888
0.104179
-0.441339
0.113786
-0.399565
0.122266
-0.353986
0.129535
-0.305063
0.135521
-0.253297
0.140176
-0.199227
0.143473
-0.14342
0.145417
-0.0864572
0.146042
-0.0289152
0.145379
0.028866
0.14342
0.0865064
0.140123
0.143473
0.135473
0.199269
0.129493
0.253327
0.122232
0.305081
0.113758
0.353995
0.104155
0.399567
0.0935194
0.441334
0.0819573
0.478877
0.0695829
0.511817
0.056518
0.539816
0.0428904
0.562581
0.0288344
0.579861
0.0144897
0.591457
-1.24221e-10
0.597241
-0.0144897
0.597241
-0.0288344
0.591457
-0.0428904
0.579861
-0.056518
0.562581
-0.0695829
0.539816
-0.0819573
0.511817
-0.0935194
0.478877
-0.104155
0.441334
-0.113758
0.399567
-0.122232
0.353995
-0.129493
0.305081
-0.135473
0.253327
-0.140123
0.199269
-0.14342
0.143473
-0.145379
0.0865064
-0.146042
0.028866
-0.145417
-0.0289152
-0.143473
-0.0864572
-0.140176
-0.14342
-0.135521
-0.199227
-0.129535
-0.253297
-0.122266
-0.305063
-0.113786
-0.353986
-0.104179
-0.399565
-0.0935392
-0.441339
-0.0819739
-0.478888
-0.0695969
-0.511832
-0.0565297
-0.539835
-0.0428999
-0.562604
-0.0288413
-0.579886
-0.014493
-0.591484
-0.59727
0.00874739
-0.606018
0.0174077
-0.600144
0.0258931
-0.588372
0.0341198
-0.57083
0.0420068
-0.547722
0.0494769
-0.519302
0.0564565
-0.485867
0.0628763
-0.447759
0.0686717
-0.405361
0.073784
-0.359098
0.0781611
-0.30944
0.0817595
-0.256896
0.084547
-0.202014
0.0865064
-0.145379
0.0876425
-0.0875932
0.087986
-0.0292587
0.0875932
0.0292587
0.0864572
0.0876425
0.084513
0.145417
0.0817403
0.202042
0.0781543
0.256913
0.0737866
0.309449
0.068681
0.3591
0.0628899
0.405358
0.0564725
0.447752
0.0494937
0.485856
0.0420228
0.519288
0.034134
0.547705
0.0259044
0.570811
0.0174156
0.58835
0.00875184
0.600121
-9.58463e-11
0.605992
-0.00875184
0.605992
-0.0174156
0.600121
-0.0259044
0.58835
-0.034134
0.570811
-0.0420228
0.547705
-0.0494937
0.519288
-0.0564725
0.485856
-0.0628899
0.447752
-0.068681
0.405358
-0.0737866
0.3591
-0.0781543
0.309449
-0.0817403
0.256913
-0.084513
0.202042
-0.0864572
0.145417
-0.0875932
0.0876425
-0.087986
0.0292587
-0.0876425
-0.0292587
-0.0865064
-0.0875932
-0.084547
-0.145379
-0.0817595
-0.202014
-0.0781611
-0.256896
-0.073784
-0.30944
-0.0686717
-0.359098
-0.0628763
-0.405361
-0.0564565
-0.447759
-0.0494769
-0.485867
-0.0420068
-0.519302
-0.0341198
-0.547722
-0.0258931
-0.57083
-0.0174077
-0.588372
-0.00874739
-0.600144
-0.606018
0.00291304
-0.608931
0.00579785
-0.603029
0.00862462
-0.591199
0.011366
-0.573572
0.0139946
-0.550351
0.0164851
-0.521793
0.0188126
-0.488195
0.0209545
-0.449901
0.022889
-0.407295
0.0245968
-0.360806
0.0260606
-0.310904
0.0272661
-0.258101
0.028203
-0.202951
0.028866
-0.146042
0.0292587
-0.087986
0.0293774
-0.0293774
0.0292587
0.0293774
0.0289152
0.087986
0.0282904
0.146042
0.0273806
0.202951
0.0261925
0.258101
0.0247377
0.310904
0.0230324
0.360806
0.0210949
0.407295
0.0189458
0.449901
0.016607
0.488195
0.0141021
0.521793
0.011456
0.550351
0.00869508
0.573572
0.00584614
0.591199
0.00293829
0.603029
-6.67398e-11
0.608931
-0.00293829
0.608931
-0.00584614
0.603029
-0.00869508
0.591199
-0.011456
0.573572
-0.0141021
0.550351
-0.016607
0.521793
-0.0189458
0.488195
-0.0210949
0.449901
-0.0230324
0.407295
-0.0247377
0.360806
-0.0261925
0.310904
-0.0273806
0.258101
-0.0282904
0.202951
-0.0289152
0.146042
-0.0292587
0.087986
-0.0293774
0.0293774
-0.0292587
-0.0293774
-0.028866
-0.087986
-0.028203
-0.146042
-0.0272661
-0.202951
-0.0260606
-0.258101
-0.0245968
-0.310904
-0.022889
-0.360806
-0.0209545
-0.407295
-0.0188126
-0.449901
-0.0164851
-0.488195
-0.0139946
-0.521793
-0.011366
-0.550351
-0.00862462
-0.573572
-0.00579785
-0.591199
-0.00291304
-0.603029
-0.608931
-0.00293829
-0.605992
-0.00584614
-0.600121
-0.00869508
-0.58835
-0.011456
-0.570811
-0.0141021
-0.547705
-0.016607
-0.519288
-0.0189458
-0.485856
-0.0210949
-0.447752
-0.0230324
-0.405358
-0.0247377
-0.3591
-0.0261925
-0.309449
-0.0273806
-0.256913
-0.0282904
-0.202042
-0.0289152
-0.145417
-0.0292587
-0.0876425
-0.0293774
-0.0292587
-0.0292587
0.0292587
-0.028866
0.0875932
-0.028203
0.145379
-0.0272661
0.202014
-0.0260606
0.256896
-0.0245968
0.30944
-0.022889
0.359098
-0.0209545
0.405361
-0.0188126
0.447759
-0.0164851
0.485867
-0.0139946
0.519302
-0.011366
0.547722
-0.00862462
0.57083
-0.00579785
0.588372
-0.00291304
0.600144
-3.72474e-11
0.606018
0.00291304
0.606018
0.00579785
0.600144
0.00862462
0.588372
0.011366
0.57083
0.0139946
0.547722
0.0164851
0.519302
0.0188126
0.485867
0.0209545
0.447759
0.022889
0.405361
0.0245968
0.359098
0.0260606
0.30944
0.0272661
0.256896
0.028203
0.202014
0.028866
0.145379
0.0292587
0.0875932
0.0293774
0.0292587
0.0292587
-0.0292587
0.0289152
-0.0876425
0.0282904
-0.145417
0.0273806
-0.202042
0.0261925
-0.256913
0.0247377
-0.309449
0.0230324
-0.3591
0.0210949
-0.405358
0.0189458
-0.447752
0.016607
-0.485856
0.0141021
-0.519288
0.011456
-0.547705
0.00869508
-0.570811
0.00584614
-0.58835
0.00293829
-0.600121
-0.605992
-0.00875184
-0.597241
-0.0174156
-0.591457
-0.0259044
-0.579861
-0.034134
-0.562581
-0.0420228
-0.539816
-0.0494937
-0.511817
-0.0564725
-0.478877
-0.0628899
-0.441334
-0.068681
-0.399567
-0.0737866
-0.353995
-0.0781543
-0.305081
-0.0817403
-0.253327
-0.084513
-0.199269
-0.0864572
-0.143473
-0.0875932
-0.0865064
-0.087986
-0.028866
-0.0876425
0.0289152
-0.0865064
0.0864572
-0.084547
0.14342
-0.0817595
0.199227
-0.0781611
0.253297
-0.073784
0.305063
-0.0686717
0.353986
-0.0628763
0.399565
-0.0564565
0.441339
-0.0494769
0.478888
-0.0420068
0.511832
-0.0341198
0.539835
-0.0258931
0.562604
-0.0174077
0.579886
-0.00874739
0.591484
-7.66815e-12
0.59727
0.00874739
0.59727
0.0174077
0.591484
0.0258931
0.579886
0.0341198
0.562604
0.0420068
0.539835
0.0494769
0.511832
0.0564565
0.478888
0.0628763
0.441339
0.0686717
0.399565
0.073784
0.353986
0.0781611
0.305063
0.0817595
0.253297
0.084547
0.199227
0.0865064
0.14342
0.0876425
0.0864572
0.087986
0.0289152
0.0875932
-0.028866
0.0864572
-0.0865064
0.084513
-0.143473
0.0817403
-0.199269
0.0781543
-0.253327
0.0737866
-0.305081
0.068681
-0.353995
0.0628899
-0.399567
0.0564725
-0.441334
0.0494937
-0.478877
0.0420228
-0.511817
0.034134
-0.539816
0.0259044
-0.562581
0.0174156
-0.579861
0.00875184
-0.591457
-0.597241
-0.0144897
-0.582751
-0.0288344
-0.577112
-0.0428904
-0.565805
-0.056518
-0.548953
-0.0695829
-0.526751
-0.0819573
-0.499442
-0.0935194
-0.467315
-0.104155
-0.430699
-0.113758
-0.389964
-0.122232
-0.345521
-0.129493
-0.29782
-0.135473
-0.247347
-0.140123
-0.194619
-0.14342
-0.140176
-0.145379
-0.084547
-0.146042
-0.028203
-0.145417
0.0282904
-0.143473
0.084513
-0.140176
0.140123
-0.135521
0.194572
-0.129535
0.24731
-0.122266
0.297794
-0.113786
0.345506
-0.104179
0.389957
-0.0935392
0.4307
-0.0819739
0.467322
-0.0695969
0.499455
-0.0565297
0.526768
-0.0428999
0.548974
-0.0288413
0.565828
-0.014493
0.577135
2.12515e-11
0.582777
0.014493
0.582777
0.0288413
0.577135
0.0428999
0.565828
0.0565297
0.548974
0.0695969
0.526768
0.0819739
0.499455
0.0935392
0.467322
0.104179
0.4307
0.113786
0.389957
0.122266
0.345506
0.129535
0.297794
0.135521
0.24731
0.140176
0.194572
0.143473
0.140123
0.145417
0.084513
0.146042
0.0282904
0.145379
-0.028203
0.14342
-0.084547
0.140123
-0.140176
0.135473
-0.194619
0.129493
-0.247347
0.122232
-0.29782
0.113758
-0.345521
0.104155
-0.389964
0.0935194
-0.430699
0.0819573
-0.467315
0.0695829
-0.499442
0.056518
-0.526751
0.0428904
-0.548953
0.0288344
-0.565805
0.0144897
-0.577112
-0.582751
-0.0200932
-0.562658
-0.0399862
-0.557219
-0.0594799
-0.546311
-0.0783807
-0.530053
-0.096503
-0.508629
-0.11367
-0.482276
-0.129713
-0.451272
-0.144476
-0.415936
-0.157813
-0.376627
-0.169594
-0.33374
-0.179704
-0.287709
-0.188053
-0.238998
-0.194572
-0.1881
-0.199227
-0.135521
-0.202014
-0.0817595
-0.202951
-0.0272661
-0.202042
0.0273806
-0.199269
0.0817403
-0.194619
0.135473
-0.1881
0.188053
-0.179749
0.238959
-0.169635
0.28768
-0.15785
0.333721
-0.14451
0.376617
-0.129744
0.415934
-0.113697
0.451276
-0.0965276
0.482285
-0.0784023
0.508643
-0.0594978
0.530069
-0.0399995
0.54633
-0.0201
0.557236
4.92902e-11
0.562677
0.0201
0.562677
0.0399995
0.557236
0.0594978
0.54633
0.0784023
0.530069
0.0965276
0.508643
0.113697
0.482285
0.129744
0.451276
0.14451
0.415934
0.15785
0.376617
0.169635
0.333721
0.179749
0.28768
0.1881
0.238959
0.194619
0.188053
0.199269
0.135473
0.202042
0.0817403
0.202951
0.0273806
0.202014
-0.0272661
0.199227
-0.0817596
0.194572
-0.135521
0.188053
-0.1881
0.179704
-0.238998
0.169594
-0.287709
0.157813
-0.33374
0.144476
-0.376627
0.129713
-0.415936
0.11367
-0.451272
0.096503
-0.482276
0.0783807
-0.508629
0.0594799
-0.530053
0.0399862
-0.546311
0.0200932
-0.557219
-0.562658
-0.0255082
-0.537149
-0.0507632
-0.531964
-0.0755125
-0.521562
-0.0995109
-0.506054
-0.122523
-0.485616
-0.144325
-0.460473
-0.164705
-0.430892
-0.183465
-0.397176
-0.200422
-0.359669
-0.215414
-0.318749
-0.228298
-0.274825
-0.238959
-0.228337
-0.24731
-0.179749
-0.253297
-0.129535
-0.256896
-0.0781611
-0.258101
-0.0260606
-0.256913
0.0261925
-0.253327
0.0781543
-0.247347
0.129493
-0.238998
0.179704
-0.228337
0.228298
-0.215451
0.274794
-0.200458
0.318728
-0.183498
0.359657
-0.164736
0.397172
-0.144354
0.430894
-0.12255
0.460481
-0.099535
0.485628
-0.075533
0.506067
-0.0507786
0.521575
-0.0255163
0.531974
7.70091e-11
0.537161
0.0255163
0.537161
0.0507786
0.531974
0.075533
0.521575
0.099535
0.506067
0.12255
0.485628
0.144354
0.460481
0.164736
0.430894
0.183498
0.397172
0.200458
0.359657
0.215451
0.318728
0.228337
0.274794
0.238998
0.228298
0.247347
0.179704
0.253327
0.129493
0.256913
0.0781543
0.258101
0.0261925
0.256896
-0.0260606
0.253297
-0.0781611
0.24731
-0.129535
0.238959
-0.179749
0.228298
-0.228337
0.215414
-0.274825
0.200422
-0.318749
0.183465
-0.359669
0.164705
-0.397176
0.144325
-0.430892
0.122523
-0.460473
0.0995109
-0.485616
0.0755125
-0.506054
0.0507632
-0.521562
0.0255082
-0.531964
-0.537149
-0.0306824
-0.506467
-0.0610613
-0.501586
-0.0908339
-0.491789
-0.119705
-0.477183
-0.147394
-0.457928
-0.173629
-0.434238
-0.198159
-0.406362
-0.220746
-0.37459
-0.241173
-0.339242
-0.259245
-0.300676
-0.274794
-0.259275
-0.28768
-0.215451
-0.297794
-0.169635
-0.305063
-0.122266
-0.30944
-0.073784
-0.310904
-0.0245968
-0.309449
0.0247377
-0.305081
0.0737866
-0.29782
0.122232
-0.287709
0.169594
-0.274825
0.215414
-0.259275
0.259245
-0.241202
0.300654
-0.220774
0.339229
-0.198186
0.374584
-0.173655
0.406363
-0.147418
0.434244
-0.119728
0.457938
-0.0908537
0.477193
-0.0610765
0.491798
-0.0306906
0.501588
1.04338e-10
0.50647
0.0306906
0.50647
0.0610765
0.501588
0.0908537
0.491798
0.119728
0.477193
0.147418
0.457938
0.173655
0.434244
0.198186
0.406363
0.220774
0.374584
0.241202
0.339229
0.259275
0.300654
0.274825
0.259245
0.287709
0.215414
0.29782
0.169594
0.305081
0.122232
0.309449
0.0737866
0.310904
0.0247377
0.30944
-0.0245968
0.305063
-0.073784
0.297794
-0.122266
0.28768
-0.169635
0.274794
-0.215451
0.259245
-0.259275
0.241173
-0.300676
0.220746
-0.339242
0.198159
-0.37459
0.173629
-0.406362
0.147394
-0.434238
0.119705
-0.457928
0.0908339
-0.477183
0.0610613
-0.491789
0.0306824
-0.501586
-0.506467
-0.0355656
-0.470901
-0.0707809
-0.46637
-0.105296
-0.457275
-0.138769
-0.44371
-0.170873
-0.425824
-0.201298
-0.403813
-0.22975
-0.37791
-0.255955
-0.348384
-0.279665
-0.315533
-0.300654
-0.279687
-0.318728
-0.241202
-0.333721
-0.200458
-0.345506
-0.15785
-0.353986
-0.113786
-0.359098
-0.0686717
-0.360806
-0.022889
-0.3591
0.0230324
-0.353995
0.068681
-0.345521
0.113758
-0.33374
0.157813
-0.318749
0.200422
-0.300676
0.241173
-0.279687
0.279665
-0.255977
0.315519
-0.22977
0.348378
-0.201318
0.377911
-0.170893
0.403819
-0.138788
0.425832
-0.105313
0.443718
-0.0707943
0.457279
-0.0355731
0.466367
1.30696e-10
0.470897
0.0355731
0.470897
0.0707943
0.466367
0.105313
0.457279
0.138788
0.443718
0.170893
0.425832
0.201318
0.403819
0.22977
0.377911
0.255977
0.348378
0.279687
0.315519
0.300676
0.279665
0.318749
0.241173
0.33374
0.200422
0.345521
0.157813
0.353995
0.113758
0.3591
0.068681
0.360806
0.0230324
0.359098
-0.022889
0.353986
-0.0686717
0.345506
-0.113786
0.333721
-0.15785
0.318728
-0.200458
0.300654
-0.241202
0.279665
-0.279687
0.255955
-0.315533
0.22975
-0.348384
0.201298
-0.37791
0.170873
-0.403813
0.138769
-0.425824
0.105296
-0.44371
0.0707809
-0.457275
0.0355656
-0.46637
-0.470901
-0.0401101
-0.430791
-0.079827
-0.426653
-0.118757
-0.418345
-0.156515
-0.405951
-0.192733
-0.389606
-0.22706
-0.369485
-0.259168
-0.345803
-0.288748
-0.318804
-0.315519
-0.288761
-0.339229
-0.255977
-0.359657
-0.220774
-0.376617
-0.183498
-0.389957
-0.14451
-0.399565
-0.104179
-0.405361
-0.0628763
-0.407295
-0.0209545
-0.405358
0.0210949
-0.399567
0.0628899
-0.389964
0.104155
-0.376627
0.144476
-0.359669
0.183465
-0.339242
0.220746
-0.315533
0.255955
-0.288761
0.288748
-0.259181
0.318797
-0.227074
0.345803
-0.192746
0.369491
-0.156528
0.389614
-0.118769
0.405959
-0.0798373
0.418348
-0.0401163
0.426646
1.56352e-10
0.430781
0.0401163
0.430781
0.0798373
0.426646
0.118769
0.418348
0.156528
0.405959
0.192746
0.389614
0.227074
0.369491
0.259181
0.345803
0.288761
0.318797
0.315533
0.288748
0.339242
0.255955
0.359669
0.220746
0.376627
0.183465
0.389964
0.144476
0.399567
0.104155
0.405358
0.0628899
0.407295
0.0210949
0.405361
-0.0209545
0.399565
-0.0628763
0.389957
-0.104179
0.376617
-0.14451
0.359657
-0.183498
0.339229
-0.220774
0.315519
-0.255977
0.288748
-0.288761
0.259168
-0.318804
0.22706
-0.345803
0.192733
-0.369485
0.156515
-0.389606
0.118757
-0.405951
0.079827
-0.418345
0.0401101
-0.426653
-0.430791
-0.044271
-0.38652
-0.0881101
-0.382814
-0.131084
-0.375372
-0.172768
-0.364267
-0.212757
-0.349617
-0.250663
-0.331579
-0.286123
-0.310343
-0.318797
-0.286129
-0.348378
-0.259181
-0.374584
-0.22977
-0.397172
-0.198186
-0.415934
-0.164736
-0.4307
-0.129744
-0.441339
-0.0935392
-0.447759
-0.0564565
-0.449901
-0.0188126
-0.447752
0.0189458
-0.441334
0.0564725
-0.430699
0.0935194
-0.415936
0.129713
-0.397176
0.164705
-0.37459
0.198159
-0.348384
0.22975
-0.318804
0.259168
-0.286129
0.286123
-0.250669
0.310344
-0.212763
0.331585
-0.172775
0.349626
-0.131091
0.364275
-0.0881165
0.375373
-0.0442754
0.382805
1.8223e-10
0.386506
0.0442754
0.386506
0.0881165
0.382805
0.131091
0.375373
0.172775
0.364275
0.212763
0.349626
0.250669
0.331585
0.286129
0.310344
0.318804
0.286123
0.348384
0.259168
0.37459
0.22975
0.397176
0.198159
0.415936
0.164705
0.430699
0.129713
0.441334
0.0935194
0.447752
0.0564725
0.449901
0.0189458
0.447759
-0.0188126
0.441339
-0.0564565
0.4307
-0.0935392
0.415934
-0.129744
0.397172
-0.164736
0.374584
-0.198186
0.348378
-0.22977
0.318797
-0.259181
0.286123
-0.286129
0.250663
-0.310343
0.212757
-0.331579
0.172768
-0.349617
0.131084
-0.364267
0.0881101
-0.375372
0.044271
-0.382814
-0.38652
-0.0480068
-0.338514
-0.0955475
-0.335274
-0.142153
-0.328766
-0.187366
-0.319055
-0.230744
-0.306239
-0.271868
-0.290455
-0.310344
-0.271868
-0.345803
-0.250669
-0.377911
-0.227074
-0.406363
-0.201318
-0.430894
-0.173655
-0.451276
-0.144354
-0.467322
-0.113697
-0.478888
-0.0819739
-0.485867
-0.0494769
-0.488195
-0.0164851
-0.485856
0.016607
-0.478877
0.0494937
-0.467315
0.0819573
-0.451272
0.11367
-0.430892
0.144325
-0.406362
0.173629
-0.37791
0.201298
-0.345803
0.22706
-0.310343
0.250663
-0.271868
0.271868
-0.230744
0.290461
-0.187366
0.306248
-0.142154
0.319063
-0.0955494
0.328768
-0.0480091
0.335264
2.08443e-10
0.338497
0.0480091
0.338497
0.0955494
0.335264
0.142154
0.328768
0.187366
0.319063
0.230744
0.306248
0.271868
0.290461
0.310343
0.271868
0.345803
0.250663
0.37791
0.22706
0.406362
0.201298
0.430892
0.173629
0.451272
0.144325
0.467315
0.11367
0.478877
0.0819573
0.485856
0.0494937
0.488195
0.016607
0.485867
-0.0164851
0.478888
-0.0494769
0.467322
-0.0819739
0.451276
-0.113697
0.430894
-0.144354
0.406363
-0.173655
0.377911
-0.201318
0.345803
-0.227074
0.310344
-0.250669
0.271868
-0.271868
0.230744
-0.290455
0.187366
-0.306239
0.142153
-0.319055
0.0955475
-0.328766
0.0480068
-0.335274
-0.338514
-0.0512797
-0.287234
-0.102064
-0.284489
-0.151853
-0.278977
-0.20016
-0.270748
-0.246512
-0.259887
-0.290461
-0.246506
-0.331585
-0.230744
-0.369491
-0.212763
-0.403819
-0.192746
-0.434244
-0.170893
-0.460481
-0.147418
-0.482285
-0.12255
-0.499455
-0.0965276
-0.511832
-0.0695969
-0.519302
-0.0420068
-0.521793
-0.0139946
-0.519288
0.0141021
-0.511817
0.0420228
-0.499442
0.0695829
-0.482276
0.096503
-0.460473
0.122523
-0.434238
0.147394
-0.403813
0.170873
-0.369485
0.192733
-0.331579
0.212757
-0.290455
0.230744
-0.246506
0.246512
-0.200154
0.259897
-0.151849
0.270758
-0.102061
0.278981
-0.0512796
0.284483
2.34808e-10
0.287217
0.0512796
0.287217
0.102061
0.284483
0.151849
0.278981
0.200154
0.270758
0.246506
0.259897
0.290455
0.246512
0.331579
0.230744
0.369485
0.212757
0.403813
0.192733
0.434238
0.170873
0.460473
0.147394
0.482276
0.122523
0.499442
0.096503
0.511817
0.0695829
0.519288
0.0420228
0.521793
0.0141021
0.519302
-0.0139946
0.511832
-0.0420068
0.499455
-0.0695969
0.482285
-0.0965276
0.460481
-0.12255
0.434244
-0.147418
0.403819
-0.170893
0.369491
-0.192746
0.331585
-0.212763
0.290461
-0.230744
0.246512
-0.246506
0.20016
-0.259887
0.151853
-0.270748
0.102064
-0.278977
0.0512797
-0.284489
-0.287234
-0.0540562
-0.233178
-0.107592
-0.230954
-0.160084
-0.226485
-0.211017
-0.219815
-0.259897
-0.211007
-0.306248
-0.200154
-0.349626
-0.187366
-0.389614
-0.172775
-0.425832
-0.156528
-0.457938
-0.138788
-0.485628
-0.119728
-0.508643
-0.099535
-0.526768
-0.0784023
-0.539835
-0.0565297
-0.547722
-0.0341198
-0.550351
-0.011366
-0.547705
0.011456
-0.539816
0.034134
-0.526751
0.056518
-0.508629
0.0783807
-0.485616
0.0995109
-0.457928
0.119705
-0.425824
0.138769
-0.389606
0.156515
-0.349617
0.172768
-0.306239
0.187366
-0.259887
0.20016
-0.211007
0.211017
-0.160075
0.219825
-0.107586
0.226492
-0.0540538
0.230951
2.61816e-10
0.233163
0.0540538
0.233163
0.107586
0.230951
0.160075
0.226492
0.211007
0.219825
0.259887
0.211017
0.306239
0.20016
0.349617
0.187366
0.389606
0.172768
0.425824
0.156515
0.457928
0.138769
0.485616
0.119705
0.508629
0.0995109
0.526751
0.0783807
0.539816
0.056518
0.547705
0.034134
0.550351
0.011456
0.547722
-0.011366
0.539835
-0.0341198
0.526768
-0.0565297
0.508643
-0.0784023
0.485628
-0.099535
0.457938
-0.119728
0.425832
-0.138788
0.389614
-0.156528
0.349626
-0.172775
0.306248
-0.187366
0.259897
-0.200154
0.211017
-0.211007
0.160084
-0.219815
0.107592
-0.226485
0.0540562
-0.230954
-0.233178
-0.0563076
-0.17687
-0.112075
-0.175186
-0.166759
-0.171802
-0.219825
-0.166748
-0.270758
-0.160075
-0.319063
-0.151849
-0.364275
-0.142154
-0.405959
-0.131091
-0.443718
-0.118769
-0.477193
-0.105313
-0.506067
-0.0908537
-0.530069
-0.075533
-0.548974
-0.0594978
-0.562604
-0.0428999
-0.57083
-0.0258931
-0.573572
-0.00862462
-0.570811
0.00869508
-0.562581
0.0259044
-0.548953
0.0428904
-0.530053
0.0594799
-0.506054
0.0755125
-0.477183
0.0908339
-0.44371
0.105296
-0.405951
0.118757
-0.364267
0.131084
-0.319055
0.142153
-0.270748
0.151853
-0.219815
0.160084
-0.166748
0.166759
-0.112067
0.17181
-0.0563035
0.175188
2.89693e-10
0.17686
0.0563035
0.17686
0.112067
0.175188
0.166748
0.17181
0.219815
0.166759
0.270748
0.160084
0.319055
0.151853
0.364267
0.142153
0.405951
0.131084
0.44371
0.118757
0.477183
0.105296
0.506054
0.0908339
0.530053
0.0755125
0.548953
0.0594799
0.562581
0.0428904
0.570811
0.0259044
0.573572
0.00869508
0.57083
-0.00862462
0.562604
-0.0258931
0.548974
-0.0428999
0.530069
-0.0594978
0.506067
-0.075533
0.477193
-0.0908537
0.443718
-0.105313
0.405959
-0.118769
0.364275
-0.131091
0.319063
-0.142154
0.270758
-0.151849
0.219825
-0.160075
0.166759
-0.166748
0.112075
-0.171802
0.0563076
-0.175186
-0.17687
-0.058011
-0.118859
-0.115467
-0.11773
-0.17181
-0.115459
-0.226492
-0.112067
-0.278981
-0.107586
-0.328768
-0.102061
-0.375373
-0.0955494
-0.418348
-0.0881165
-0.457279
-0.0798373
-0.491798
-0.0707943
-0.521575
-0.0610765
-0.54633
-0.0507786
-0.565828
-0.0399995
-0.579886
-0.0288413
-0.588372
-0.0174077
-0.591199
-0.00579785
-0.58835
0.00584614
-0.579861
0.0174156
-0.565805
0.0288344
-0.546311
0.0399862
-0.521562
0.0507632
-0.491789
0.0610613
-0.457275
0.0707809
-0.418345
0.079827
-0.375372
0.0881101
-0.328766
0.0955475
-0.278977
0.102064
-0.226485
0.107592
-0.171802
0.112075
-0.115459
0.115467
-0.0580057
0.117735
3.17317e-10
0.118854
0.0580057
0.118854
0.115459
0.117735
0.171802
0.115467
0.226485
0.112075
0.278977
0.107592
0.328766
0.102064
0.375372
0.0955475
0.418345
0.0881101
0.457275
0.079827
0.491789
0.0707809
0.521562
0.0610613
0.546311
0.0507632
0.565805
0.0399862
0.579861
0.0288344
0.58835
0.0174156
0.591199
0.00584614
0.588372
-0.00579785
0.579886
-0.0174077
0.565828
-0.0288413
0.54633
-0.0399995
0.521575
-0.0507786
0.491798
-0.0610765
0.457279
-0.0707943
0.418348
-0.0798373
0.375373
-0.0881165
0.328768
-0.0955494
0.278981
-0.102061
0.226492
-0.107586
0.17181
-0.112067
0.115467
-0.115459
0.058011
-0.11773
-0.118859
-0.0591494
-0.0597096
-0.117735
-0.0591443
-0.175188
-0.0580057
-0.230951
-0.0563035
-0.284483
-0.0540538
-0.335264
-0.0512796
-0.382805
-0.0480091
-0.426646
-0.0442754
-0.466367
-0.0401163
-0.501588
-0.0355731
-0.531974
-0.0306906
-0.557236
-0.0255163
-0.577135
-0.0201
-0.591484
-0.014493
-0.600144
-0.00874739
-0.603029
-0.00291304
-0.600121
0.00293829
-0.591457
0.00875184
-0.577112
0.0144897
-0.557219
0.0200932
-0.531964
0.0255082
-0.501586
0.0306824
-0.46637
0.0355656
-0.426653
0.0401101
-0.382814
0.044271
-0.335274
0.0480068
-0.284489
0.0512797
-0.230954
0.0540562
-0.175186
0.0563076
-0.11773
0.058011
-0.0591443
0.0591494
3.41432e-10
0.0597096
0.0591443
0.0597096
0.11773
0.0591494
0.175186
0.058011
0.230954
0.0563076
0.284489
0.0540562
0.335274
0.0512797
0.382814
0.0480068
0.426653
0.044271
0.46637
0.0401101
0.501586
0.0355656
0.531964
0.0306824
0.557219
0.0255082
0.577112
0.0200932
0.591457
0.0144897
0.600121
0.00875184
0.603029
0.00293829
0.600144
-0.00291304
0.591484
-0.00874739
0.577135
-0.014493
0.557236
-0.0201
0.531974
-0.0255163
0.501588
-0.0306906
0.466367
-0.0355731
0.426646
-0.0401163
0.382805
-0.0442754
0.335264
-0.0480091
0.284483
-0.0512796
0.230951
-0.0540538
0.175188
-0.0563035
0.117735
-0.0580057
0.0591494
-0.0591443
-0.0597096
-0.0597096
2.51725e-10
-0.118854
2.74163e-10
-0.17686
2.86763e-10
-0.233163
2.91225e-10
-0.287217
2.90147e-10
-0.338497
2.85261e-10
-0.386506
2.77479e-10
-0.430781
2.68212e-10
-0.470897
2.58244e-10
-0.50647
2.46825e-10
-0.537161
2.33863e-10
-0.562677
2.1963e-10
-0.582777
2.04049e-10
-0.59727
1.8724e-10
-0.606018
1.69465e-10
-0.608931
1.50766e-10
-0.605992
1.30918e-10
-0.597241
1.10816e-10
-0.582751
9.00825e-11
-0.562658
6.91277e-11
-0.537149
4.85655e-11
-0.506467
2.86741e-11
-0.470901
9.455e-12
-0.430791
-8.98625e-12
-0.38652
-2.66174e-11
-0.338514
-4.363e-11
-0.287234
-5.99769e-11
-0.233178
-7.55378e-11
-0.17687
-9.04718e-11
-0.118859
-1.0489e-10
-0.0597096
-1.18623e-10
3.50462e-10
-1.31768e-10
0.0597096
-1.45121e-10
0.118859
-1.61133e-10
0.17687
-1.78512e-10
0.233178
-1.95789e-10
0.287234
-2.11732e-10
0.338514
-2.2586e-10
0.38652
-2.381e-10
0.430791
-2.48244e-10
0.470901
-2.56097e-10
0.506467
-2.61732e-10
0.537149
-2.65084e-10
0.562658
-2.65973e-10
0.582751
-2.6434e-10
0.597241
-2.6e-10
0.605992
-2.52543e-10
0.608931
-2.41759e-10
0.606018
-2.28455e-10
0.59727
-2.11323e-10
0.582777
-1.91231e-10
0.562677
-1.68427e-10
0.537161
-1.42858e-10
0.50647
-1.14639e-10
0.470897
-8.39812e-11
0.430781
-5.08175e-11
0.386506
-1.55534e-11
0.338497
2.12302e-11
0.287217
6.00254e-11
0.233163
1.01647e-10
0.17686
1.45719e-10
0.118854
1.9074e-10
0.0597096
2.31354e-10
2.49001e-10
-0.0597096
0.0597096
-0.118854
0.0591443
-0.17686
0.0580057
-0.233163
0.0563035
-0.287217
0.0540538
-0.338497
0.0512796
-0.386506
0.0480091
-0.430781
0.0442754
-0.470897
0.0401163
-0.50647
0.0355731
-0.537161
0.0306906
-0.562677
0.0255163
-0.582777
0.0201
-0.59727
0.014493
-0.606018
0.00874739
-0.608931
0.00291304
-0.605992
-0.00293829
-0.597241
-0.00875184
-0.582751
-0.0144897
-0.562658
-0.0200932
-0.537149
-0.0255082
-0.506467
-0.0306824
-0.470901
-0.0355656
-0.430791
-0.0401101
-0.38652
-0.044271
-0.338514
-0.0480068
-0.287234
-0.0512797
-0.233178
-0.0540562
-0.17687
-0.0563076
-0.118859
-0.058011
-0.0597096
-0.0591494
3.7066e-10
-0.0597096
0.0597096
-0.0597096
0.118859
-0.0591494
0.17687
-0.058011
0.233178
-0.0563076
0.287234
-0.0540562
0.338514
-0.0512797
0.38652
-0.0480068
0.430791
-0.044271
0.470901
-0.0401101
0.506467
-0.0355656
0.537149
-0.0306824
0.562658
-0.0255082
0.582751
-0.0200932
0.597241
-0.0144897
0.605992
-0.00875184
0.608931
-0.00293829
0.606018
0.00291304
0.59727
0.00874739
0.582777
0.014493
0.562677
0.0201
0.537161
0.0255163
0.50647
0.0306906
0.470897
0.0355731
0.430781
0.0401163
0.386506
0.0442754
0.338497
0.0480091
0.287217
0.0512796
0.233163
0.0540538
0.17686
0.0563035
0.118854
0.0580057
0.0597096
0.0591443
0.0597096
-0.0591494
0.118859
-0.117735
0.11773
-0.175188
0.115459
-0.230951
0.112067
-0.284483
0.107586
-0.335264
0.102061
-0.382805
0.0955494
-0.426646
0.0881165
-0.466367
0.0798373
-0.501588
0.0707943
-0.531974
0.0610765
-0.557236
0.0507786
-0.577135
0.0399995
-0.591484
0.0288413
-0.600144
0.0174077
-0.603029
0.00579785
-0.600121
-0.00584614
-0.591457
-0.0174156
-0.577112
-0.0288344
-0.557219
-0.0399862
-0.531964
-0.0507632
-0.501586
-0.0610613
-0.46637
-0.0707809
-0.426653
-0.079827
-0.382814
-0.0881101
-0.335274
-0.0955475
-0.284489
-0.102064
-0.230954
-0.107592
-0.175186
-0.112075
-0.11773
-0.115467
-0.0591443
-0.117735
3.9863e-10
-0.118854
0.0591443
-0.118854
0.11773
-0.117735
0.175186
-0.115467
0.230954
-0.112075
0.284489
-0.107592
0.335274
-0.102064
0.382814
-0.0955475
0.426653
-0.0881101
0.46637
-0.079827
0.501586
-0.0707809
0.531964
-0.0610613
0.557219
-0.0507632
0.577112
-0.0399862
0.591457
-0.0288344
0.600121
-0.0174156
0.603029
-0.00584614
0.600144
0.00579785
0.591484
0.0174077
0.577135
0.0288413
0.557236
0.0399995
0.531974
0.0507786
0.501588
0.0610765
0.466367
0.0707943
0.426646
0.0798373
0.382805
0.0881165
0.335264
0.0955494
0.284483
0.102061
0.230951
0.107586
0.175188
0.112067
0.117735
0.115459
0.0591494
0.11773
0.118859
-0.058011
0.17687
-0.115467
0.175186
-0.17181
0.171802
-0.226492
0.166748
-0.278981
0.160075
-0.328768
0.151849
-0.375373
0.142154
-0.418348
0.131091
-0.457279
0.118769
-0.491798
0.105313
-0.521575
0.0908537
-0.54633
0.075533
-0.565828
0.0594978
-0.579886
0.0428999
-0.588372
0.0258931
-0.591199
0.00862462
-0.58835
-0.00869508
-0.579861
-0.0259044
-0.565805
-0.0428904
-0.546311
-0.0594799
-0.521562
-0.0755125
-0.491789
-0.0908339
-0.457275
-0.105296
-0.418345
-0.118757
-0.375372
-0.131084
-0.328766
-0.142153
-0.278977
-0.151853
-0.226485
-0.160084
-0.171802
-0.166759
-0.115459
-0.17181
-0.0580057
-0.175188
3.97376e-10
-0.17686
0.0580057
-0.17686
0.115459
-0.175188
0.171802
-0.17181
0.226485
-0.166759
0.278977
-0.160084
0.328766
-0.151853
0.375372
-0.142153
0.418345
-0.131084
0.457275
-0.118757
0.491789
-0.105296
0.521562
-0.0908339
0.546311
-0.0755125
0.565805
-0.0594799
0.579861
-0.0428904
0.58835
-0.0259044
0.591199
-0.00869508
0.588372
0.00862462
0.579886
0.0258931
0.565828
0.0428999
0.54633
0.0594978
0.521575
0.075533
0.491798
0.0908537
0.457279
0.105313
0.418348
0.118769
0.375373
0.131091
0.328768
0.142154
0.278981
0.151849
0.226492
0.160075
0.17181
0.166748
0.115467
0.171802
0.058011
0.175186
0.17687
-0.0563076
0.233178
-0.112075
0.230954
-0.166759
0.226485
-0.219825
0.219815
-0.270758
0.211007
-0.319063
0.200154
-0.364275
0.187366
-0.405959
0.172775
-0.443718
0.156528
-0.477193
0.138788
-0.506067
0.119728
-0.530069
0.099535
-0.548974
0.0784023
-0.562604
0.0565297
-0.57083
0.0341198
-0.573572
0.011366
-0.570811
-0.011456
-0.562581
-0.034134
-0.548953
-0.056518
-0.530053
-0.0783807
-0.506054
-0.0995109
-0.477183
-0.119705
-0.44371
-0.138769
-0.405951
-0.156515
-0.364267
-0.172768
-0.319055
-0.187366
-0.270748
-0.20016
-0.219815
-0.211017
-0.166748
-0.219825
-0.112067
-0.226492
-0.0563035
-0.230951
3.80296e-10
-0.233163
0.0563035
-0.233163
0.112067
-0.230951
0.166748
-0.226492
0.219815
-0.219825
0.270748
-0.211017
0.319055
-0.20016
0.364267
-0.187366
0.405951
-0.172768
0.44371
-0.156515
0.477183
-0.138769
0.506054
-0.119705
0.530053
-0.0995109
0.548953
-0.0783807
0.562581
-0.056518
0.570811
-0.034134
0.573572
-0.011456
0.57083
0.011366
0.562604
0.0341198
0.548974
0.0565297
0.530069
0.0784023
0.506067
0.099535
0.477193
0.119728
0.443718
0.138788
0.405959
0.156528
0.364275
0.172775
0.319063
0.187366
0.270758
0.200154
0.219825
0.211007
0.166759
0.219815
0.112075
0.226485
0.0563076
0.230954
0.233178
-0.0540562
0.287234
-0.107592
0.284489
-0.160084
0.278977
-0.211017
0.270748
-0.259897
0.259887
-0.306248
0.246506
-0.349626
0.230744
-0.389614
0.212763
-0.425832
0.192746
-0.457938
0.170893
-0.485628
0.147418
-0.508643
0.12255
-0.526768
0.0965276
-0.539835
0.0695969
-0.547722
0.0420068
-0.550351
0.0139946
-0.547705
-0.0141021
-0.539816
-0.0420228
-0.526751
-0.0695829
-0.508629
-0.096503
-0.485616
-0.122523
-0.457928
-0.147394
-0.425824
-0.170873
-0.389606
-0.192733
-0.349617
-0.212757
-0.306239
-0.230744
-0.259887
-0.246512
-0.211007
-0.259897
-0.160075
-0.270758
-0.107586
-0.278981
-0.0540538
-0.284483
3.55512e-10
-0.287217
0.0540538
-0.287217
0.107586
-0.284483
0.160075
-0.278981
0.211007
-0.270758
0.259887
-0.259897
0.306239
-0.246512
0.349617
-0.230744
0.389606
-0.212757
0.425824
-0.192733
0.457928
-0.170873
0.485616
-0.147394
0.508629
-0.122523
0.526751
-0.096503
0.539816
-0.0695829
0.547705
-0.0420228
0.550351
-0.0141021
0.547722
0.0139946
0.539835
0.0420068
0.526768
0.0695969
0.508643
0.0965276
0.485628
0.12255
0.457938
0.147418
0.425832
0.170893
0.389614
0.192746
0.349626
0.212763
0.306248
0.230744
0.259897
0.246506
0.211017
0.259887
0.160084
0.270748
0.107592
0.278977
0.0540562
0.284489
0.287234
-0.0512797
0.338514
-0.102064
0.335274
-0.151853
0.328766
-0.20016
0.319055
-0.246512
0.306239
-0.290461
0.290455
-0.331585
0.271868
-0.369491
0.250669
-0.403819
0.227074
-0.434244
0.201318
-0.460481
0.173655
-0.482285
0.144354
-0.499455
0.113697
-0.511832
0.0819739
-0.519302
0.0494769
-0.521793
0.0164851
-0.519288
-0.016607
-0.511817
-0.0494937
-0.499442
-0.0819573
-0.482276
-0.11367
-0.460473
-0.144325
-0.434238
-0.173629
-0.403813
-0.201298
-0.369485
-0.22706
-0.331579
-0.250663
-0.290455
-0.271868
-0.246506
-0.290461
-0.200154
-0.306248
-0.151849
-0.319063
-0.102061
-0.328768
-0.0512796
-0.335264
3.26967e-10
-0.338497
0.0512796
-0.338497
0.102061
-0.335264
0.151849
-0.328768
0.200154
-0.319063
0.246506
-0.306248
0.290455
-0.290461
0.331579
-0.271868
0.369485
-0.250663
0.403813
-0.22706
0.434238
-0.201298
0.460473
-0.173629
0.482276
-0.144325
0.499442
-0.11367
0.511817
-0.0819573
0.519288
-0.0494937
0.521793
-0.016607
0.519302
0.0164851
0.511832
0.0494769
0.499455
0.0819739
0.482285
0.113697
0.460481
0.144354
0.434244
0.173655
0.403819
0.201318
0.369491
0.227074
0.331585
0.250669
0.290461
0.271868
0.246512
0.290455
0.20016
0.306239
0.151853
0.319055
0.102064
0.328766
0.0512797
0.335274
0.338514
-0.0480068
0.38652
-0.0955475
0.382814
-0.142153
0.375372
-0.187366
0.364267
-0.230744
0.349617
-0.271868
0.331579
-0.310344
0.310343
-0.345803
0.286129
-0.377911
0.259181
-0.406363
0.22977
-0.430894
0.198186
-0.451276
0.164736
-0.467322
0.129744
-0.478888
0.0935392
-0.485867
0.0564565
-0.488195
0.0188126
-0.485856
-0.0189458
-0.478877
-0.0564725
-0.467315
-0.0935194
-0.451272
-0.129713
-0.430892
-0.164705
-0.406362
-0.198159
-0.37791
-0.22975
-0.345803
-0.259168
-0.310343
-0.286123
-0.271868
-0.310344
-0.230744
-0.331585
-0.187366
-0.349626
-0.142154
-0.364275
-0.0955494
-0.375373
-0.0480091
-0.382805
2.96776e-10
-0.386506
0.0480091
-0.386506
0.0955494
-0.382805
0.142154
-0.375373
0.187366
-0.364275
0.230744
-0.349626
0.271868
-0.331585
0.310343
-0.310344
0.345803
-0.286123
0.37791
-0.259168
0.406362
-0.22975
0.430892
-0.198159
0.451272
-0.164705
0.467315
-0.129713
0.478877
-0.0935194
0.485856
-0.0564725
0.488195
-0.0189458
0.485867
0.0188126
0.478888
0.0564565
0.467322
0.0935392
0.451276
0.129744
0.430894
0.164736
0.406363
0.198186
0.377911
0.22977
0.345803
0.259181
0.310344
0.286129
0.271868
0.310343
0.230744
0.331579
0.187366
0.349617
0.142153
0.364267
0.0955475
0.375372
0.0480068
0.382814
0.38652
-0.044271
0.430791
-0.0881101
0.426653
-0.131084
0.418345
-0.172768
0.405951
-0.212757
0.389606
-0.250663
0.369485
-0.286123
0.345803
-0.318797
0.318804
-0.348378
0.288761
-0.374584
0.255977
-0.397172
0.220774
-0.415934
0.183498
-0.4307
0.14451
-0.441339
0.104179
-0.447759
0.0628763
-0.449901
0.0209545
-0.447752
-0.0210949
-0.441334
-0.0628899
-0.430699
-0.104155
-0.415936
-0.144476
-0.397176
-0.183465
-0.37459
-0.220746
-0.348384
-0.255955
-0.318804
-0.288748
-0.286129
-0.318797
-0.250669
-0.345803
-0.212763
-0.369491
-0.172775
-0.389614
-0.131091
-0.405959
-0.0881165
-0.418348
-0.0442754
-0.426646
2.65839e-10
-0.430781
0.0442754
-0.430781
0.0881165
-0.426646
0.131091
-0.418348
0.172775
-0.405959
0.212763
-0.389614
0.250669
-0.369491
0.286129
-0.345803
0.318804
-0.318797
0.348384
-0.288748
0.37459
-0.255955
0.397176
-0.220746
0.415936
-0.183465
0.430699
-0.144476
0.441334
-0.104155
0.447752
-0.0628899
0.449901
-0.0210949
0.447759
0.0209545
0.441339
0.0628763
0.4307
0.104179
0.415934
0.14451
0.397172
0.183498
0.374584
0.220774
0.348378
0.255977
0.318797
0.288761
0.286123
0.318804
0.250663
0.345803
0.212757
0.369485
0.172768
0.389606
0.131084
0.405951
0.0881101
0.418345
0.044271
0.426653
0.430791
-0.0401101
0.470901
-0.079827
0.46637
-0.118757
0.457275
-0.156515
0.44371
-0.192733
0.425824
-0.22706
0.403813
-0.259168
0.37791
-0.288748
0.348384
-0.315519
0.315533
-0.339229
0.279687
-0.359657
0.241202
-0.376617
0.200458
-0.389957
0.15785
-0.399565
0.113786
-0.405361
0.0686717
-0.407295
0.022889
-0.405358
-0.0230324
-0.399567
-0.068681
-0.389964
-0.113758
-0.376627
-0.157813
-0.359669
-0.200422
-0.339242
-0.241173
-0.315533
-0.279665
-0.288761
-0.315519
-0.259181
-0.348378
-0.227074
-0.377911
-0.192746
-0.403819
-0.156528
-0.425832
-0.118769
-0.443718
-0.0798373
-0.457279
-0.0401163
-0.466367
2.33967e-10
-0.470897
0.0401163
-0.470897
0.0798373
-0.466367
0.118769
-0.457279
0.156528
-0.443718
0.192746
-0.425832
0.227074
-0.403819
0.259181
-0.377911
0.288761
-0.348378
0.315533
-0.315519
0.339242
-0.279665
0.359669
-0.241173
0.376627
-0.200422
0.389964
-0.157813
0.399567
-0.113758
0.405358
-0.068681
0.407295
-0.0230324
0.405361
0.022889
0.399565
0.0686717
0.389957
0.113786
0.376617
0.15785
0.359657
0.200458
0.339229
0.241202
0.315519
0.279687
0.288748
0.315533
0.259168
0.348384
0.22706
0.37791
0.192733
0.403813
0.156515
0.425824
0.118757
0.44371
0.079827
0.457275
0.0401101
0.46637
0.470901
-0.0355656
0.506467
-0.0707809
0.501586
-0.105296
0.491789
-0.138769
0.477183
-0.170873
0.457928
-0.201298
0.434238
-0.22975
0.406362
-0.255955
0.37459
-0.279665
0.339242
-0.300654
0.300676
-0.318728
0.259275
-0.333721
0.215451
-0.345506
0.169635
-0.353986
0.122266
-0.359098
0.073784
-0.360806
0.0245968
-0.3591
-0.0247377
-0.353995
-0.0737866
-0.345521
-0.122232
-0.33374
-0.169594
-0.318749
-0.215414
-0.300676
-0.259245
-0.279687
-0.300654
-0.255977
-0.339229
-0.22977
-0.374584
-0.201318
-0.406363
-0.170893
-0.434244
-0.138788
-0.457938
-0.105313
-0.477193
-0.0707943
-0.491798
-0.0355731
-0.501588
2.0111e-10
-0.50647
0.0355731
-0.50647
0.0707943
-0.501588
0.105313
-0.491798
0.138788
-0.477193
0.170893
-0.457938
0.201318
-0.434244
0.22977
-0.406363
0.255977
-0.374584
0.279687
-0.339229
0.300676
-0.300654
0.318749
-0.259245
0.33374
-0.215414
0.345521
-0.169594
0.353995
-0.122232
0.3591
-0.0737866
0.360806
-0.0247377
0.359098
0.0245968
0.353986
0.073784
0.345506
0.122266
0.333721
0.169635
0.318728
0.215451
0.300654
0.259275
0.279665
0.300676
0.255955
0.339242
0.22975
0.37459
0.201298
0.406362
0.170873
0.434238
0.138769
0.457928
0.105296
0.477183
0.0707809
0.491789
0.0355656
0.501586
0.506467
-0.0306824
0.537149
-0.0610613
0.531964
-0.0908339
0.521562
-0.119705
0.506054
-0.147394
0.485616
-0.173629
0.460473
-0.198159
0.430892
-0.220746
0.397176
-0.241173
0.359669
-0.259245
0.318749
-0.274794
0.274825
-0.28768
0.228337
-0.297794
0.179749
-0.305063
0.129535
-0.30944
0.0781611
-0.310904
0.0260606
-0.309449
-0.0261925
-0.305081
-0.0781543
-0.29782
-0.129493
-0.287709
-0.179704
-0.274825
-0.228298
-0.259275
-0.274794
-0.241202
-0.318728
-0.220774
-0.359657
-0.198186
-0.397172
-0.173655
-0.430894
-0.147418
-0.460481
-0.119728
-0.485628
-0.0908537
-0.506067
-0.0610765
-0.521575
-0.0306906
-0.531974
1.67968e-10
-0.537161
0.0306906
-0.537161
0.0610765
-0.531974
0.0908537
-0.521575
0.119728
-0.506067
0.147418
-0.485628
0.173655
-0.460481
0.198186
-0.430894
0.220774
-0.397172
0.241202
-0.359657
0.259275
-0.318728
0.274825
-0.274794
0.287709
-0.228298
0.29782
-0.179704
0.305081
-0.129493
0.309449
-0.0781543
0.310904
-0.0261925
0.30944
0.0260606
0.305063
0.0781611
0.297794
0.129535
0.28768
0.179749
0.274794
0.228337
0.259245
0.274825
0.241173
0.318749
0.220746
0.359669
0.198159
0.397176
0.173629
0.430892
0.147394
0.460473
0.119705
0.485616
0.0908339
0.506054
0.0610613
0.521562
0.0306824
0.531964
0.537149
-0.0255082
0.562658
-0.0507632
0.557219
-0.0755125
0.546311
-0.0995109
0.530053
-0.122523
0.508629
-0.144325
0.482276
-0.164705
0.451272
-0.183465
0.415936
-0.200422
0.376627
-0.215414
0.33374
-0.228298
0.287709
-0.238959
0.238998
-0.24731
0.1881
-0.253297
0.135521
-0.256896
0.0817595
-0.258101
0.0272661
-0.256913
-0.0273806
-0.253327
-0.0817403
-0.247347
-0.135473
-0.238998
-0.188053
-0.228337
-0.238959
-0.215451
-0.28768
-0.200458
-0.333721
-0.183498
-0.376617
-0.164736
-0.415934
-0.144354
-0.451276
-0.12255
-0.482285
-0.099535
-0.508643
-0.075533
-0.530069
-0.0507786
-0.54633
-0.0255163
-0.557236
1.34821e-10
-0.562677
0.0255163
-0.562677
0.0507786
-0.557236
0.075533
-0.54633
0.099535
-0.530069
0.12255
-0.508643
0.144354
-0.482285
0.164736
-0.451276
0.183498
-0.415934
0.200458
-0.376617
0.215451
-0.333721
0.228337
-0.28768
0.238998
-0.238959
0.247347
-0.188053
0.253327
-0.135473
0.256913
-0.0817403
0.258101
-0.0273806
0.256896
0.0272661
0.253297
0.0817595
0.24731
0.135521
0.238959
0.1881
0.228298
0.238998
0.215414
0.287709
0.200422
0.33374
0.183465
0.376627
0.164705
0.415936
0.144325
0.451272
0.122523
0.482276
0.0995109
0.508629
0.0755125
0.530053
0.0507632
0.546311
0.0255082
0.557219
0.562658
-0.0200932
0.582751
-0.0399862
0.577112
-0.0594799
0.565805
-0.0783807
0.548953
-0.096503
0.526751
-0.11367
0.499442
-0.129713
0.467315
-0.144476
0.430699
-0.157813
0.389964
-0.169594
0.345521
-0.179704
0.29782
-0.188053
0.247347
-0.194572
0.194619
-0.199227
0.140176
-0.202014
0.084547
-0.202951
0.028203
-0.202042
-0.0282904
-0.199269
-0.084513
-0.194619
-0.140123
-0.1881
-0.194572
-0.179749
-0.24731
-0.169635
-0.297794
-0.15785
-0.345506
-0.14451
-0.389957
-0.129744
-0.4307
-0.113697
-0.467322
-0.0965276
-0.499455
-0.0784023
-0.526768
-0.0594978
-0.548974
-0.0399995
-0.565828
-0.0201
-0.577135
1.01337e-10
-0.582777
0.0201
-0.582777
0.0399995
-0.577135
0.0594978
-0.565828
0.0784023
-0.548974
0.0965276
-0.526768
0.113697
-0.499455
0.129744
-0.467322
0.14451
-0.4307
0.15785
-0.389957
0.169635
-0.345506
0.179749
-0.297794
0.1881
-0.24731
0.194619
-0.194572
0.199269
-0.140123
0.202042
-0.084513
0.202951
-0.0282904
0.202014
0.028203
0.199227
0.084547
0.194572
0.140176
0.188053
0.194619
0.179704
0.247347
0.169594
0.29782
0.157813
0.345521
0.144476
0.389964
0.129713
0.430699
0.11367
0.467315
0.096503
0.499442
0.0783807
0.526751
0.0594799
0.548953
0.0399862
0.565805
0.0200932
0.577112
0.582751
-0.0144897
0.597241
-0.0288344
0.591457
-0.0428904
0.579861
-0.056518
0.562581
-0.0695829
0.539816
-0.0819573
0.511817
-0.0935194
0.478877
-0.104155
0.441334
-0.113758
0.399567
-0.122232
0.353995
-0.129493
0.305081
-0.135473
0.253327
-0.140123
0.199269
-0.14342
0.143473
-0.145379
0.0865064
-0.146042
0.028866
-0.145417
-0.0289152
-0.143473
-0.0864572
-0.140176
-0.14342
-0.135521
-0.199227
-0.129535
-0.253297
-0.122266
-0.305063
-0.113786
-0.353986
-0.104179
-0.399565
-0.0935392
-0.441339
-0.0819739
-0.478888
-0.0695969
-0.511832
-0.0565297
-0.539835
-0.0428999
-0.562604
-0.0288413
-0.579886
-0.014493
-0.591484
6.7762e-11
-0.59727
0.014493
-0.59727
0.0288413
-0.591484
0.0428999
-0.579886
0.0565297
-0.562604
0.0695969
-0.539835
0.0819739
-0.511832
0.0935392
-0.478888
0.104179
-0.441339
0.113786
-0.399565
0.122266
-0.353986
0.129535
-0.305063
0.135521
-0.253297
0.140176
-0.199227
0.143473
-0.14342
0.145417
-0.0864572
0.146042
-0.0289152
0.145379
0.028866
0.14342
0.0865064
0.140123
0.143473
0.135473
0.199269
0.129493
0.253327
0.122232
0.305081
0.113758
0.353995
0.104155
0.399567
0.0935194
0.441334
0.0819573
0.478877
0.0695829
0.511817
0.056518
0.539816
0.0428904
0.562581
0.0288344
0.579861
0.0144897
0.591457
0.597241
-0.00875184
0.605992
-0.0174156
0.600121
-0.0259044
0.58835
-0.034134
0.570811
-0.0420228
0.547705
-0.0494937
0.519288
-0.0564725
0.485856
-0.0628899
0.447752
-0.068681
0.405358
-0.0737866
0.3591
-0.0781543
0.309449
-0.0817403
0.256913
-0.084513
0.202042
-0.0864572
0.145417
-0.0875932
0.0876425
-0.087986
0.0292587
-0.0876425
-0.0292587
-0.0865064
-0.0875932
-0.084547
-0.145379
-0.0817595
-0.202014
-0.0781611
-0.256896
-0.073784
-0.30944
-0.0686717
-0.359098
-0.0628763
-0.405361
-0.0564565
-0.447759
-0.0494769
-0.485867
-0.0420068
-0.519302
-0.0341198
-0.547722
-0.0258931
-0.57083
-0.0174077
-0.588372
-0.00874739
-0.600144
3.49804e-11
-0.606018
0.00874739
-0.606018
0.0174077
-0.600144
0.0258931
-0.588372
0.0341198
-0.57083
0.0420068
-0.547722
0.0494769
-0.519302
0.0564565
-0.485867
0.0628763
-0.447759
0.0686717
-0.405361
0.073784
-0.359098
0.0781611
-0.30944
0.0817595
-0.256896
0.084547
-0.202014
0.0865064
-0.145379
0.0876425
-0.0875932
0.087986
-0.0292587
0.0875932
0.0292587
0.0864572
0.0876425
0.084513
0.145417
0.0817403
0.202042
0.0781543
0.256913
0.0737866
0.309449
0.068681
0.3591
0.0628899
0.405358
0.0564725
0.447752
0.0494937
0.485856
0.0420228
0.519288
0.034134
0.547705
0.0259044
0.570811
0.0174156
0.58835
0.00875184
0.600121
0.605992
-0.00293829
0.608931
-0.00584614
0.603029
-0.00869508
0.591199
-0.011456
0.573572
-0.0141021
0.550351
-0.016607
0.521793
-0.0189458
0.488195
-0.0210949
0.449901
-0.0230324
0.407295
-0.0247377
0.360806
-0.0261925
0.310904
-0.0273806
0.258101
-0.0282904
0.202951
-0.0289152
0.146042
-0.0292587
0.087986
-0.0293774
0.0293774
-0.0292587
-0.0293774
-0.028866
-0.087986
-0.028203
-0.146042
-0.0272661
-0.202951
-0.0260606
-0.258101
-0.0245968
-0.310904
-0.022889
-0.360806
-0.0209545
-0.407295
-0.0188126
-0.449901
-0.0164851
-0.488195
-0.0139946
-0.521793
-0.011366
-0.550351
-0.00862462
-0.573572
-0.00579785
-0.591199
-0.00291304
-0.603029
3.27801e-12
-0.608931
0.00291304
-0.608931
0.00579785
-0.603029
0.00862462
-0.591199
0.011366
-0.573572
0.0139946
-0.550351
0.0164851
-0.521793
0.0188126
-0.488195
0.0209545
-0.449901
0.022889
-0.407295
0.0245968
-0.360806
0.0260606
-0.310904
0.0272661
-0.258101
0.028203
-0.202951
0.028866
-0.146042
0.0292587
-0.087986
0.0293774
-0.0293774
0.0292587
0.0293774
0.0289152
0.087986
0.0282904
0.146042
0.0273806
0.202951
0.0261925
0.258101
0.0247377
0.310904
0.0230324
0.360806
0.0210949
0.407295
0.0189458
0.449901
0.016607
0.488195
0.0141021
0.521793
0.011456
0.550351
0.00869508
0.573572
0.00584614
0.591199
0.00293829
0.603029
0.608931
0.00291304
0.606018
0.00579785
0.600144
0.00862462
0.588372
0.011366
0.57083
0.0139946
0.547722
0.0164851
0.519302
0.0188126
0.485867
0.0209545
0.447759
0.022889
0.405361
0.0245968
0.359098
0.0260606
0.30944
0.0272661
0.256896
0.028203
0.202014
0.028866
0.145379
0.0292587
0.0875932
0.0293774
0.0292587
0.0292587
-0.0292587
0.0289152
-0.0876425
0.0282904
-0.145417
0.0273806
-0.202042
0.0261925
-0.256913
0.0247377
-0.309449
0.0230324
-0.3591
0.0210949
-0.405358
0.0189458
-0.447752
0.016607
-0.485856
0.0141021
-0.519288
0.011456
-0.547705
0.00869508
-0.570811
0.00584614
-0.58835
0.00293829
-0.600121
-2.71514e-11
-0.605992
-0.00293829
-0.605992
-0.00584614
-0.600121
-0.00869508
-0.58835
-0.011456
-0.570811
-0.0141021
-0.547705
-0.016607
-0.519288
-0.0189458
-0.485856
-0.0210949
-0.447752
-0.0230324
-0.405358
-0.0247377
-0.3591
-0.0261925
-0.309449
-0.0273806
-0.256913
-0.0282904
-0.202042
-0.0289152
-0.145417
-0.0292587
-0.0876425
-0.0293774
-0.0292587
-0.0292587
0.0292587
-0.028866
0.0875932
-0.028203
0.145379
-0.0272661
0.202014
-0.0260606
0.256896
-0.0245968
0.30944
-0.022889
0.359098
-0.0209545
0.405361
-0.0188126
0.447759
-0.0164851
0.485867
-0.0139946
0.519302
-0.011366
0.547722
-0.00862462
0.57083
-0.00579785
0.588372
-0.00291304
0.600144
0.606018
0.00874739
0.59727
0.0174077
0.591484
0.0258931
0.579886
0.0341198
0.562604
0.0420068
0.539835
0.0494769
0.511832
0.0564565
0.478888
0.0628763
0.441339
0.0686717
0.399565
0.073784
0.353986
0.0781611
0.305063
0.0817595
0.253297
0.084547
0.199227
0.0865064
0.14342
0.0876425
0.0864572
0.087986
0.0289152
0.0875932
-0.028866
0.0864572
-0.0865064
0.084513
-0.143473
0.0817403
-0.199269
0.0781543
-0.253327
0.0737866
-0.305081
0.068681
-0.353995
0.0628899
-0.399567
0.0564725
-0.441334
0.0494937
-0.478877
0.0420228
-0.511817
0.034134
-0.539816
0.0259044
-0.562581
0.0174156
-0.579861
0.00875184
-0.591457
-5.666e-11
-0.597241
-0.00875184
-0.597241
-0.0174156
-0.591457
-0.0259044
-0.579861
-0.034134
-0.562581
-0.0420228
-0.539816
-0.0494937
-0.511817
-0.0564725
-0.478877
-0.0628899
-0.441334
-0.068681
-0.399567
-0.0737866
-0.353995
-0.0781543
-0.305081
-0.0817403
-0.253327
-0.084513
-0.199269
-0.0864572
-0.143473
-0.0875932
-0.0865064
-0.087986
-0.028866
-0.0876425
0.0289152
-0.0865064
0.0864572
-0.084547
0.14342
-0.0817595
0.199227
-0.0781611
0.253297
-0.073784
0.305063
-0.0686717
0.353986
-0.0628763
0.399565
-0.0564565
0.441339
-0.0494769
0.478888
-0.0420068
0.511832
-0.0341198
0.539835
-0.0258931
0.562604
-0.0174077
0.579886
-0.00874739
0.591484
0.59727
0.014493
0.582777
0.0288413
0.577135
0.0428999
0.565828
0.0565297
0.548974
0.0695969
0.526768
0.0819739
0.499455
0.0935392
0.467322
0.104179
0.4307
0.113786
0.389957
0.122266
0.345506
0.129535
0.297794
0.135521
0.24731
0.140176
0.194572
0.143473
0.140123
0.145417
0.084513
0.146042
0.0282904
0.145379
-0.028203
0.14342
-0.084547
0.140123
-0.140176
0.135473
-0.194619
0.129493
-0.247347
0.122232
-0.29782
0.113758
-0.345521
0.104155
-0.389964
0.0935194
-0.430699
0.0819573
-0.467315
0.0695829
-0.499442
0.056518
-0.526751
0.0428904
-0.548953
0.0288344
-0.565805
0.0144897
-0.577112
-8.48386e-11
-0.582751
-0.0144897
-0.582751
-0.0288344
-0.577112
-0.0428904
-0.565805
-0.056518
-0.548953
-0.0695829
-0.526751
-0.0819573
-0.499442
-0.0935194
-0.467315
-0.104155
-0.430699
-0.113758
-0.389964
-0.122232
-0.345521
-0.129493
-0.29782
-0.135473
-0.247347
-0.140123
-0.194619
-0.14342
-0.140176
-0.145379
-0.084547
-0.146042
-0.028203
-0.145417
0.0282904
-0.143473
0.084513
-0.140176
0.140123
-0.135521
0.194572
-0.129535
0.24731
-0.122266
0.297794
-0.113786
0.345506
-0.104179
0.389957
-0.0935392
0.4307
-0.0819739
0.467322
-0.0695969
0.499455
-0.0565297
0.526768
-0.0428999
0.548974
-0.0288413
0.565828
-0.014493
0.577135
0.582777
0.0201
0.562677
0.0399995
0.557236
0.0594978
0.54633
0.0784023
0.530069
0.0965276
0.508643
0.113697
0.482285
0.129744
0.451276
0.14451
0.415934
0.15785
0.376617
0.169635
0.333721
0.179749
0.28768
0.1881
0.238959
0.194619
0.188053
0.199269
0.135473
0.202042
0.0817403
0.202951
0.0273806
0.202014
-0.0272661
0.199227
-0.0817596
0.194572
-0.135521
0.188053
-0.1881
0.179704
-0.238998
0.169594
-0.287709
0.157813
-0.33374
0.144476
-0.376627
0.129713
-0.415936
0.11367
-0.451272
0.096503
-0.482276
0.0783807
-0.508629
0.0594799
-0.530053
0.0399862
-0.546311
0.0200932
-0.557219
-1.11358e-10
-0.562658
-0.0200932
-0.562658
-0.0399862
-0.557219
-0.0594799
-0.546311
-0.0783807
-0.530053
-0.096503
-0.508629
-0.11367
-0.482276
-0.129713
-0.451272
-0.144476
-0.415936
-0.157813
-0.376627
-0.169594
-0.33374
-0.179704
-0.287709
-0.188053
-0.238998
-0.194572
-0.1881
-0.199227
-0.135521
-0.202014
-0.0817595
-0.202951
-0.0272661
-0.202042
0.0273806
-0.199269
0.0817403
-0.194619
0.135473
-0.1881
0.188053
-0.179749
0.238959
-0.169635
0.28768
-0.15785
0.333721
-0.14451
0.376617
-0.129744
0.415934
-0.113697
0.451276
-0.0965276
0.482285
-0.0784023
0.508643
-0.0594978
0.530069
-0.0399995
0.54633
-0.0201
0.557236
0.562677
0.0255163
0.537161
0.0507786
0.531974
0.075533
0.521575
0.099535
0.506067
0.12255
0.485628
0.144354
0.460481
0.164736
0.430894
0.183498
0.397172
0.200458
0.359657
0.215451
0.318728
0.228337
0.274794
0.238998
0.228298
0.247347
0.179704
0.253327
0.129493
0.256913
0.0781543
0.258101
0.0261925
0.256896
-0.0260606
0.253297
-0.0781611
0.24731
-0.129535
0.238959
-0.179749
0.228298
-0.228337
0.215414
-0.274825
0.200422
-0.318749
0.183465
-0.359669
0.164705
-0.397176
0.144325
-0.430892
0.122523
-0.460473
0.0995109
-0.485616
0.0755125
-0.506054
0.0507632
-0.521562
0.0255082
-0.531964
-1.35982e-10
-0.537149
-0.0255082
-0.537149
-0.0507632
-0.531964
-0.0755125
-0.521562
-0.0995109
-0.506054
-0.122523
-0.485616
-0.144325
-0.460473
-0.164705
-0.430892
-0.183465
-0.397176
-0.200422
-0.359669
-0.215414
-0.318749
-0.228298
-0.274825
-0.238959
-0.228337
-0.24731
-0.179749
-0.253297
-0.129535
-0.256896
-0.0781611
-0.258101
-0.0260606
-0.256913
0.0261925
-0.253327
0.0781543
-0.247347
0.129493
-0.238998
0.179704
-0.228337
0.228298
-0.215451
0.274794
-0.200458
0.318728
-0.183498
0.359657
-0.164736
0.397172
-0.144354
0.430894
-0.12255
0.460481
-0.099535
0.485628
-0.075533
0.506067
-0.0507786
0.521575
-0.0255163
0.531974
0.537161
0.0306906
0.50647
0.0610765
0.501588
0.0908537
0.491798
0.119728
0.477193
0.147418
0.457938
0.173655
0.434244
0.198186
0.406363
0.220774
0.374584
0.241202
0.339229
0.259275
0.300654
0.274825
0.259245
0.287709
0.215414
0.29782
0.169594
0.305081
0.122232
0.309449
0.0737866
0.310904
0.0247377
0.30944
-0.0245968
0.305063
-0.073784
0.297794
-0.122266
0.28768
-0.169635
0.274794
-0.215451
0.259245
-0.259275
0.241173
-0.300676
0.220746
-0.339242
0.198159
-0.37459
0.173629
-0.406362
0.147394
-0.434238
0.119705
-0.457928
0.0908339
-0.477183
0.0610613
-0.491789
0.0306824
-0.501586
-1.58846e-10
-0.506467
-0.0306824
-0.506467
-0.0610613
-0.501586
-0.0908339
-0.491789
-0.119705
-0.477183
-0.147394
-0.457928
-0.173629
-0.434238
-0.198159
-0.406362
-0.220746
-0.37459
-0.241173
-0.339242
-0.259245
-0.300676
-0.274794
-0.259275
-0.28768
-0.215451
-0.297794
-0.169635
-0.305063
-0.122266
-0.30944
-0.073784
-0.310904
-0.0245968
-0.309449
0.0247377
-0.305081
0.0737866
-0.29782
0.122232
-0.287709
0.169594
-0.274825
0.215414
-0.259275
0.259245
-0.241202
0.300654
-0.220774
0.339229
-0.198186
0.374584
-0.173655
0.406363
-0.147418
0.434244
-0.119728
0.457938
-0.0908537
0.477193
-0.0610765
0.491798
-0.0306906
0.501588
0.50647
0.0355731
0.470897
0.0707943
0.466367
0.105313
0.457279
0.138788
0.443718
0.170893
0.425832
0.201318
0.403819
0.22977
0.377911
0.255977
0.348378
0.279687
0.315519
0.300676
0.279665
0.318749
0.241173
0.33374
0.200422
0.345521
0.157813
0.353995
0.113758
0.3591
0.068681
0.360806
0.0230324
0.359098
-0.022889
0.353986
-0.0686717
0.345506
-0.113786
0.333721
-0.15785
0.318728
-0.200458
0.300654
-0.241202
0.279665
-0.279687
0.255955
-0.315533
0.22975
-0.348384
0.201298
-0.37791
0.170873
-0.403813
0.138769
-0.425824
0.105296
-0.44371
0.0707809
-0.457275
0.0355656
-0.46637
-1.8018e-10
-0.470901
-0.0355656
-0.470901
-0.0707809
-0.46637
-0.105296
-0.457275
-0.138769
-0.44371
-0.170873
-0.425824
-0.201298
-0.403813
-0.22975
-0.37791
-0.255955
-0.348384
-0.279665
-0.315533
-0.300654
-0.279687
-0.318728
-0.241202
-0.333721
-0.200458
-0.345506
-0.15785
-0.353986
-0.113786
-0.359098
-0.0686717
-0.360806
-0.022889
-0.3591
0.0230324
-0.353995
0.068681
-0.345521
0.113758
-0.33374
0.157813
-0.318749
0.200422
-0.300676
0.241173
-0.279687
0.279665
-0.255977
0.315519
-0.22977
0.348378
-0.201318
0.377911
-0.170893
0.403819
-0.138788
0.425832
-0.105313
0.443718
-0.0707943
0.457279
-0.0355731
0.466367
0.470897
0.0401163
0.430781
0.0798373
0.426646
0.118769
0.418348
0.156528
0.405959
0.192746
0.389614
0.227074
0.369491
0.259181
0.345803
0.288761
0.318797
0.315533
0.288748
0.339242
0.255955
0.359669
0.220746
0.376627
0.183465
0.389964
0.144476
0.399567
0.104155
0.405358
0.0628899
0.407295
0.0210949
0.405361
-0.0209545
0.399565
-0.0628763
0.389957
-0.104179
0.376617
-0.14451
0.359657
-0.183498
0.339229
-0.220774
0.315519
-0.255977
0.288748
-0.288761
0.259168
-0.318804
0.22706
-0.345803
0.192733
-0.369485
0.156515
-0.389606
0.118757
-0.405951
0.079827
-0.418345
0.0401101
-0.426653
-1.99685e-10
-0.430791
-0.0401101
-0.430791
-0.079827
-0.426653
-0.118757
-0.418345
-0.156515
-0.405951
-0.192733
-0.389606
-0.22706
-0.369485
-0.259168
-0.345803
-0.288748
-0.318804
-0.315519
-0.288761
-0.339229
-0.255977
-0.359657
-0.220774
-0.376617
-0.183498
-0.389957
-0.14451
-0.399565
-0.104179
-0.405361
-0.0628763
-0.407295
-0.0209545
-0.405358
0.0210949
-0.399567
0.0628899
-0.389964
0.104155
-0.376627
0.144476
-0.359669
0.183465
-0.339242
0.220746
-0.315533
0.255955
-0.288761
0.288748
-0.259181
0.318797
-0.227074
0.345803
-0.192746
0.369491
-0.156528
0.389614
-0.118769
0.405959
-0.0798373
0.418348
-0.0401163
0.426646
0.430781
0.0442754
0.386506
0.0881165
0.382805
0.131091
0.375373
0.172775
0.364275
0.212763
0.349626
0.250669
0.331585
0.286129
0.310344
0.318804
0.286123
0.348384
0.259168
0.37459
0.22975
0.397176
0.198159
0.415936
0.164705
0.430699
0.129713
0.441334
0.0935194
0.447752
0.0564725
0.449901
0.0189458
0.447759
-0.0188126
0.441339
-0.0564565
0.4307
-0.0935392
0.415934
-0.129744
0.397172
-0.164736
0.374584
-0.198186
0.348378
-0.22977
0.318797
-0.259181
0.286123
-0.286129
0.250663
-0.310343
0.212757
-0.331579
0.172768
-0.349617
0.131084
-0.364267
0.0881101
-0.375372
0.044271
-0.382814
-2.16986e-10
-0.38652
-0.044271
-0.38652
-0.0881101
-0.382814
-0.131084
-0.375372
-0.172768
-0.364267
-0.212757
-0.349617
-0.250663
-0.331579
-0.286123
-0.310343
-0.318797
-0.286129
-0.348378
-0.259181
-0.374584
-0.22977
-0.397172
-0.198186
-0.415934
-0.164736
-0.4307
-0.129744
-0.441339
-0.0935392
-0.447759
-0.0564565
-0.449901
-0.0188126
-0.447752
0.0189458
-0.441334
0.0564725
-0.430699
0.0935194
-0.415936
0.129713
-0.397176
0.164705
-0.37459
0.198159
-0.348384
0.22975
-0.318804
0.259168
-0.286129
0.286123
-0.250669
0.310344
-0.212763
0.331585
-0.172775
0.349626
-0.131091
0.364275
-0.0881165
0.375373
-0.0442754
0.382805
0.386506
0.0480091
0.338497
0.0955494
0.335264
0.142154
0.328768
0.187366
0.319063
0.230744
0.306248
0.271868
0.290461
0.310343
0.271868
0.345803
0.250663
0.37791
0.22706
0.406362
0.201298
0.430892
0.173629
0.451272
0.144325
0.467315
0.11367
0.478877
0.0819573
0.485856
0.0494937
0.488195
0.016607
0.485867
-0.0164851
0.478888
-0.0494769
0.467322
-0.0819739
0.451276
-0.113697
0.430894
-0.144354
0.406363
-0.173655
0.377911
-0.201318
0.345803
-0.227074
0.310344
-0.250669
0.271868
-0.271868
0.230744
-0.290455
0.187366
-0.306239
0.142153
-0.319055
0.0955475
-0.328766
0.0480068
-0.335274
-2.32202e-10
-0.338514
-0.0480068
-0.338514
-0.0955475
-0.335274
-0.142153
-0.328766
-0.187366
-0.319055
-0.230744
-0.306239
-0.271868
-0.290455
-0.310344
-0.271868
-0.345803
-0.250669
-0.377911
-0.227074
-0.406363
-0.201318
-0.430894
-0.173655
-0.451276
-0.144354
-0.467322
-0.113697
-0.478888
-0.0819739
-0.485867
-0.0494769
-0.488195
-0.0164851
-0.485856
0.016607
-0.478877
0.0494937
-0.467315
0.0819573
-0.451272
0.11367
-0.430892
0.144325
-0.406362
0.173629
-0.37791
0.201298
-0.345803
0.22706
-0.310343
0.250663
-0.271868
0.271868
-0.230744
0.290461
-0.187366
0.306248
-0.142154
0.319063
-0.0955494
0.328768
-0.0480091
0.335264
0.338497
0.0512796
0.287217
0.102061
0.284483
0.151849
0.278981
0.200154
0.270758
0.246506
0.259897
0.290455
0.246512
0.331579
0.230744
0.369485
0.212757
0.403813
0.192733
0.434238
0.170873
0.460473
0.147394
0.482276
0.122523
0.499442
0.096503
0.511817
0.0695829
0.519288
0.0420228
0.521793
0.0141021
0.519302
-0.0139946
0.511832
-0.0420068
0.499455
-0.0695969
0.482285
-0.0965276
0.460481
-0.12255
0.434244
-0.147418
0.403819
-0.170893
0.369491
-0.192746
0.331585
-0.212763
0.290461
-0.230744
0.246512
-0.246506
0.20016
-0.259887
0.151853
-0.270748
0.102064
-0.278977
0.0512797
-0.284489
-2.45518e-10
-0.287234
-0.0512797
-0.287234
-0.102064
-0.284489
-0.151853
-0.278977
-0.20016
-0.270748
-0.246512
-0.259887
-0.290461
-0.246506
-0.331585
-0.230744
-0.369491
-0.212763
-0.403819
-0.192746
-0.434244
-0.170893
-0.460481
-0.147418
-0.482285
-0.12255
-0.499455
-0.0965276
-0.511832
-0.0695969
-0.519302
-0.0420068
-0.521793
-0.0139946
-0.519288
0.0141021
-0.511817
0.0420228
-0.499442
0.0695829
-0.482276
0.096503
-0.460473
0.122523
-0.434238
0.147394
-0.403813
0.170873
-0.369485
0.192733
-0.331579
0.212757
-0.290455
0.230744
-0.246506
0.246512
-0.200154
0.259897
-0.151849
0.270758
-0.102061
0.278981
-0.0512796
0.284483
0.287217
0.0540538
0.233163
0.107586
0.230951
0.160075
0.226492
0.211007
0.219825
0.259887
0.211017
0.306239
0.20016
0.349617
0.187366
0.389606
0.172768
0.425824
0.156515
0.457928
0.138769
0.485616
0.119705
0.508629
0.0995109
0.526751
0.0783807
0.539816
0.056518
0.547705
0.034134
0.550351
0.011456
0.547722
-0.011366
0.539835
-0.0341198
0.526768
-0.0565297
0.508643
-0.0784023
0.485628
-0.099535
0.457938
-0.119728
0.425832
-0.138788
0.389614
-0.156528
0.349626
-0.172775
0.306248
-0.187366
0.259897
-0.200154
0.211017
-0.211007
0.160084
-0.219815
0.107592
-0.226485
0.0540562
-0.230954
-2.57458e-10
-0.233178
-0.0540562
-0.233178
-0.107592
-0.230954
-0.160084
-0.226485
-0.211017
-0.219815
-0.259897
-0.211007
-0.306248
-0.200154
-0.349626
-0.187366
-0.389614
-0.172775
-0.425832
-0.156528
-0.457938
-0.138788
-0.485628
-0.119728
-0.508643
-0.099535
-0.526768
-0.0784023
-0.539835
-0.0565297
-0.547722
-0.0341198
-0.550351
-0.011366
-0.547705
0.011456
-0.539816
0.034134
-0.526751
0.056518
-0.508629
0.0783807
-0.485616
0.0995109
-0.457928
0.119705
-0.425824
0.138769
-0.389606
0.156515
-0.349617
0.172768
-0.306239
0.187366
-0.259887
0.20016
-0.211007
0.211017
-0.160075
0.219825
-0.107586
0.226492
-0.0540538
0.230951
0.233163
0.0563035
0.17686
0.112067
0.175188
0.166748
0.17181
0.219815
0.166759
0.270748
0.160084
0.319055
0.151853
0.364267
0.142153
0.405951
0.131084
0.44371
0.118757
0.477183
0.105296
0.506054
0.0908339
0.530053
0.0755125
0.548953
0.0594799
0.562581
0.0428904
0.570811
0.0259044
0.573572
0.00869508
0.57083
-0.00862462
0.562604
-0.0258931
0.548974
-0.0428999
0.530069
-0.0594978
0.506067
-0.075533
0.477193
-0.0908537
0.443718
-0.105313
0.405959
-0.118769
0.364275
-0.131091
0.319063
-0.142154
0.270758
-0.151849
0.219825
-0.160075
0.166759
-0.166748
0.112075
-0.171802
0.0563076
-0.175186
-2.67836e-10
-0.17687
-0.0563076
-0.17687
-0.112075
-0.175186
-0.166759
-0.171802
-0.219825
-0.166748
-0.270758
-0.160075
-0.319063
-0.151849
-0.364275
-0.142154
-0.405959
-0.131091
-0.443718
-0.118769
-0.477193
-0.105313
-0.506067
-0.0908537
-0.530069
-0.075533
-0.548974
-0.0594978
-0.562604
-0.0428999
-0.57083
-0.0258931
-0.573572
-0.00862462
-0.570811
0.00869508
-0.562581
0.0259044
-0.548953
0.0428904
-0.530053
0.0594799
-0.506054
0.0755125
-0.477183
0.0908339
-0.44371
0.105296
-0.405951
0.118757
-0.364267
0.131084
-0.319055
0.142153
-0.270748
0.151853
-0.219815
0.160084
-0.166748
0.166759
-0.112067
0.17181
-0.0563035
0.175188
0.17686
0.0580057
0.118854
0.115459
0.117735
0.171802
0.115467
0.226485
0.112075
0.278977
0.107592
0.328766
0.102064
0.375372
0.0955475
0.418345
0.0881101
0.457275
0.079827
0.491789
0.0707809
0.521562
0.0610613
0.546311
0.0507632
0.565805
0.0399862
0.579861
0.0288344
0.58835
0.0174156
0.591199
0.00584614
0.588372
-0.00579785
0.579886
-0.0174077
0.565828
-0.0288413
0.54633
-0.0399995
0.521575
-0.0507786
0.491798
-0.0610765
0.457279
-0.0707943
0.418348
-0.0798373
0.375373
-0.0881165
0.328768
-0.0955494
0.278981
-0.102061
0.226492
-0.107586
0.17181
-0.112067
0.115467
-0.115459
0.058011
-0.11773
-2.75969e-10
-0.118859
-0.058011
-0.118859
-0.115467
-0.11773
-0.17181
-0.115459
-0.226492
-0.112067
-0.278981
-0.107586
-0.328768
-0.102061
-0.375373
-0.0955494
-0.418348
-0.0881165
-0.457279
-0.0798373
-0.491798
-0.0707943
-0.521575
-0.0610765
-0.54633
-0.0507786
-0.565828
-0.0399995
-0.579886
-0.0288413
-0.588372
-0.0174077
-0.591199
-0.00579785
-0.58835
0.00584614
-0.579861
0.0174156
-0.565805
0.0288344
-0.546311
0.0399862
-0.521562
0.0507632
-0.491789
0.0610613
-0.457275
0.0707809
-0.418345
0.079827
-0.375372
0.0881101
-0.328766
0.0955475
-0.278977
0.102064
-0.226485
0.107592
-0.171802
0.112075
-0.115459
0.115467
-0.0580057
0.117735
0.118854
0.0591443
0.0597096
0.11773
0.0591494
0.175186
0.058011
0.230954
0.0563076
0.284489
0.0540562
0.335274
0.0512797
0.382814
0.0480068
0.426653
0.044271
0.46637
0.0401101
0.501586
0.0355656
0.531964
0.0306824
0.557219
0.0255082
0.577112
0.0200932
0.591457
0.0144897
0.600121
0.00875184
0.603029
0.00293829
0.600144
-0.00291304
0.591484
-0.00874739
0.577135
-0.014493
0.557236
-0.0201
0.531974
-0.0255163
0.501588
-0.0306906
0.466367
-0.0355731
0.426646
-0.0401163
0.382805
-0.0442754
0.335264
-0.0480091
0.284483
-0.0512796
0.230951
-0.0540538
0.175188
-0.0563035
0.117735
-0.0580057
0.0591494
-0.0591443
-2.82544e-10
-0.0597096
-0.0591494
-0.0597096
-0.117735
-0.0591443
-0.175188
-0.0580057
-0.230951
-0.0563035
-0.284483
-0.0540538
-0.335264
-0.0512796
-0.382805
-0.0480091
-0.426646
-0.0442754
-0.466367
-0.0401163
-0.501588
-0.0355731
-0.531974
-0.0306906
-0.557236
-0.0255163
-0.577135
-0.0201
-0.591484
-0.014493
-0.600144
-0.00874739
-0.603029
-0.00291304
-0.600121
0.00293829
-0.591457
0.00875184
-0.577112
0.0144897
-0.557219
0.0200932
-0.531964
0.0255082
-0.501586
0.0306824
-0.46637
0.0355656
-0.426653
0.0401101
-0.382814
0.044271
-0.335274
0.0480068
-0.284489
0.0512797
-0.230954
0.0540562
-0.175186
0.0563076
-0.11773
0.058011
-0.0591443
0.0591494
0.0597096
0.0597096
0.118859
0.17687
0.233178
0.287234
0.338514
0.38652
0.430791
0.470901
0.506467
0.537149
0.562658
0.582751
0.597241
0.605992
0.608931
0.606018
0.59727
0.582777
0.562677
0.537161
0.50647
0.470897
0.430781
0.386506
0.338497
0.287217
0.233163
0.17686
0.118854
0.0597096
-2.86717e-10
-0.0597096
-0.118854
-0.17686
-0.233163
-0.287217
-0.338497
-0.386506
-0.430781
-0.470897
-0.50647
-0.537161
-0.562677
-0.582777
-0.59727
-0.606018
-0.608931
-0.605992
-0.597241
-0.582751
-0.562658
-0.537149
-0.506467
-0.470901
-0.430791
-0.38652
-0.338514
-0.287234
-0.233178
-0.17687
-0.118859
-0.0597096
)
;

boundaryField
{
    top
    {
        type            cyclic;
        value           nonuniform List<scalar> 
64
(
-8.69491e-11
-8.90035e-11
-8.67474e-11
-8.42797e-11
-7.14728e-11
-8.45373e-11
-8.4802e-11
-8.07817e-11
-7.56143e-11
-7.30295e-11
-7.07279e-11
-6.7708e-11
-6.24903e-11
-5.66603e-11
-5.37553e-11
-5.28801e-11
-5.07359e-11
-4.74408e-11
-4.51543e-11
-4.43253e-11
-4.36681e-11
-4.25042e-11
-4.13851e-11
-4.17246e-11
-4.48267e-11
-5.07245e-11
-5.76893e-11
-6.56707e-11
-7.44775e-11
-7.83051e-11
-6.32102e-11
-3.76584e-12
1.04586e-11
-3.46262e-11
-3.89957e-11
-2.50084e-11
-5.38567e-12
1.57868e-11
3.54657e-11
5.24227e-11
6.75072e-11
8.15975e-11
9.30884e-11
1.01788e-10
1.09326e-10
1.16025e-10
1.20329e-10
1.22429e-10
1.23309e-10
1.22816e-10
1.20398e-10
1.17424e-10
1.13359e-10
1.0684e-10
9.73791e-11
8.61218e-11
7.36654e-11
5.69199e-11
3.85902e-11
2.24085e-11
3.51412e-12
-1.63819e-11
-3.0946e-11
-4.73433e-11
)
;
    }
    bottom
    {
        type            cyclic;
        value           nonuniform List<scalar> 
64
(
8.69491e-11
8.90035e-11
8.67474e-11
8.42797e-11
7.14728e-11
8.45373e-11
8.4802e-11
8.07817e-11
7.56143e-11
7.30295e-11
7.07279e-11
6.77081e-11
6.24904e-11
5.66603e-11
5.37553e-11
5.28801e-11
5.07359e-11
4.74408e-11
4.51543e-11
4.43253e-11
4.36681e-11
4.25042e-11
4.13851e-11
4.17246e-11
4.48267e-11
5.07245e-11
5.76893e-11
6.56707e-11
7.44775e-11
7.83051e-11
6.32102e-11
3.76584e-12
-1.04586e-11
3.46262e-11
3.89956e-11
2.50084e-11
5.38567e-12
-1.57868e-11
-3.54657e-11
-5.24227e-11
-6.75072e-11
-8.15975e-11
-9.30884e-11
-1.01788e-10
-1.09326e-10
-1.16025e-10
-1.20329e-10
-1.22429e-10
-1.23309e-10
-1.22816e-10
-1.20398e-10
-1.17424e-10
-1.13359e-10
-1.0684e-10
-9.73791e-11
-8.61218e-11
-7.36654e-11
-5.69199e-11
-3.85902e-11
-2.24085e-11
-3.51412e-12
1.63819e-11
3.0946e-11
4.73433e-11
)
;
    }
    left
    {
        type            cyclic;
        value           nonuniform List<scalar> 
64
(
-1.3839e-10
-1.7449e-10
-2.06411e-10
-2.34921e-10
-2.59968e-10
-2.80605e-10
-2.95381e-10
-3.04557e-10
-3.10663e-10
-3.12748e-10
-3.08434e-10
-2.97786e-10
-2.84928e-10
-2.7091e-10
-2.54373e-10
-2.34212e-10
-2.08674e-10
-1.82735e-10
-1.60823e-10
-1.35624e-10
-1.14031e-10
-1.07425e-10
-1.16741e-10
-1.82821e-10
-9.75701e-11
-5.31535e-11
-7.05789e-12
4.17621e-11
9.4639e-11
1.50474e-10
2.06207e-10
2.60756e-10
3.14851e-10
3.5485e-10
3.81645e-10
3.98179e-10
4.06624e-10
4.07415e-10
4.02092e-10
3.92943e-10
3.80017e-10
3.62749e-10
3.4276e-10
3.21019e-10
2.96117e-10
2.6829e-10
2.39768e-10
2.1048e-10
1.7867e-10
1.44388e-10
1.10184e-10
7.54082e-11
4.03522e-11
7.04004e-12
-2.3506e-11
-5.1574e-11
-7.74217e-11
-9.62935e-11
-1.08868e-10
-1.2121e-10
-1.26475e-10
-1.32049e-10
-1.53032e-10
-1.95116e-10
)
;
    }
    right
    {
        type            cyclic;
        value           nonuniform List<scalar> 
64
(
1.3839e-10
1.7449e-10
2.06411e-10
2.34921e-10
2.59968e-10
2.80605e-10
2.95381e-10
3.04557e-10
3.10663e-10
3.12748e-10
3.08434e-10
2.97786e-10
2.84928e-10
2.7091e-10
2.54373e-10
2.34212e-10
2.08674e-10
1.82735e-10
1.60823e-10
1.35624e-10
1.14031e-10
1.07425e-10
1.16741e-10
1.82821e-10
9.75701e-11
5.31535e-11
7.0579e-12
-4.17621e-11
-9.4639e-11
-1.50474e-10
-2.06207e-10
-2.60756e-10
-3.14851e-10
-3.5485e-10
-3.81645e-10
-3.98179e-10
-4.06624e-10
-4.07415e-10
-4.02092e-10
-3.92942e-10
-3.80017e-10
-3.62749e-10
-3.4276e-10
-3.21019e-10
-2.96117e-10
-2.6829e-10
-2.39768e-10
-2.1048e-10
-1.7867e-10
-1.44388e-10
-1.10184e-10
-7.54082e-11
-4.03522e-11
-7.04004e-12
2.3506e-11
5.1574e-11
7.74217e-11
9.62934e-11
1.08868e-10
1.2121e-10
1.26475e-10
1.32049e-10
1.53032e-10
1.95116e-10
)
;
    }
    frontAndBack
    {
        type            empty;
    }
}


// ************************************************************************* //
