/*--------------------------------*- C++ -*----------------------------------*\
  =========                 |
  \\      /  F ield         | OpenFOAM: The Open Source CFD Toolbox
   \\    /   O peration     | Website:  https://openfoam.org
    \\  /    A nd           | Version:  11
     \\/     M anipulation  |
\*---------------------------------------------------------------------------*/
FoamFile
{
    format      ascii;
    class       volScalarField;
    location    "30";
    object      p;
}
// * * * * * * * * * * * * * * * * * * * * * * * * * * * * * * * * * * * * * //

dimensions      [0 2 -2 0 0 0 0];

internalField   nonuniform List<scalar> 
8400
(
-0.0953335
-0.101564
-0.108242
-0.114314
-0.120248
-0.126281
-0.132414
-0.138619
-0.144899
-0.151271
-0.157754
-0.16437
-0.171144
-0.178112
-0.185319
-0.192831
-0.200739
-0.209203
-0.218554
-0.230392
-0.094992
-0.101585
-0.108403
-0.114369
-0.120243
-0.126291
-0.13244
-0.138648
-0.14493
-0.151307
-0.157798
-0.164422
-0.171205
-0.178185
-0.185406
-0.192933
-0.200854
-0.209295
-0.218259
-0.227234
-0.0946781
-0.101563
-0.108535
-0.114411
-0.12021
-0.126263
-0.132429
-0.138636
-0.144911
-0.151282
-0.157766
-0.164381
-0.171153
-0.178114
-0.185306
-0.192781
-0.200592
-0.20876
-0.216994
-0.224173
-0.0943943
-0.101461
-0.108614
-0.114448
-0.120157
-0.126193
-0.13237
-0.138572
-0.144828
-0.151179
-0.157641
-0.164226
-0.170958
-0.177863
-0.184974
-0.192319
-0.199902
-0.20763
-0.215056
-0.221048
-0.0941206
-0.101292
-0.108617
-0.114454
-0.120077
-0.126077
-0.132255
-0.138445
-0.144672
-0.150987
-0.157407
-0.16394
-0.1706
-0.17741
-0.184386
-0.191531
-0.1988
-0.206023
-0.212705
-0.217853
-0.0938487
-0.101079
-0.108546
-0.114408
-0.11996
-0.125913
-0.132078
-0.138249
-0.144435
-0.150698
-0.157056
-0.163511
-0.170071
-0.176747
-0.183541
-0.190432
-0.197337
-0.204046
-0.210088
-0.21465
-0.0935757
-0.10084
-0.108411
-0.114303
-0.1198
-0.1257
-0.131842
-0.137983
-0.144118
-0.150314
-0.156591
-0.162947
-0.169378
-0.175888
-0.182466
-0.189069
-0.195591
-0.201815
-0.207323
-0.211485
-0.0933024
-0.100586
-0.108225
-0.114143
-0.119597
-0.125446
-0.131553
-0.137654
-0.14373
-0.149847
-0.156029
-0.162266
-0.168549
-0.17487
-0.181209
-0.187508
-0.193655
-0.19944
-0.204514
-0.208403
-0.0930335
-0.100328
-0.108006
-0.113937
-0.119357
-0.125158
-0.131223
-0.137277
-0.143286
-0.149316
-0.155391
-0.161498
-0.167619
-0.173739
-0.17983
-0.185829
-0.191623
-0.197023
-0.201749
-0.20545
-0.0927766
-0.100075
-0.107768
-0.113698
-0.119088
-0.124848
-0.130869
-0.136869
-0.142806
-0.148745
-0.154709
-0.160679
-0.166633
-0.17255
-0.178398
-0.184111
-0.189584
-0.194657
-0.199106
-0.20268
-0.0925413
-0.0998402
-0.107525
-0.113438
-0.118803
-0.12453
-0.130506
-0.136449
-0.142313
-0.148162
-0.154015
-0.159849
-0.165639
-0.171361
-0.176979
-0.182431
-0.187623
-0.192422
-0.196657
-0.200145
-0.0923384
-0.0996328
-0.107287
-0.113169
-0.118516
-0.124219
-0.130153
-0.136038
-0.141832
-0.147595
-0.153342
-0.159048
-0.164684
-0.170225
-0.175636
-0.180859
-0.185813
-0.19039
-0.19446
-0.197895
-0.092179
-0.0994628
-0.107063
-0.112902
-0.11824
-0.123931
-0.129827
-0.135655
-0.141385
-0.147071
-0.152722
-0.158312
-0.163811
-0.169193
-0.174425
-0.179455
-0.184213
-0.188615
-0.192564
-0.195967
-0.0920737
-0.0993379
-0.106857
-0.112646
-0.11799
-0.12368
-0.129541
-0.135317
-0.140992
-0.146613
-0.152183
-0.157672
-0.163055
-0.168306
-0.17339
-0.178264
-0.18287
-0.18714
-0.191002
-0.194391
-0.0920322
-0.0992616
-0.106669
-0.112408
-0.117778
-0.123478
-0.129306
-0.135038
-0.140669
-0.146239
-0.151743
-0.157153
-0.162444
-0.16759
-0.172562
-0.177318
-0.18181
-0.185987
-0.189792
-0.193179
-0.0920627
-0.0992317
-0.106492
-0.112194
-0.117615
-0.123332
-0.129129
-0.134825
-0.140425
-0.145959
-0.151414
-0.156766
-0.16199
-0.167062
-0.171953
-0.176627
-0.181043
-0.185159
-0.188932
-0.192324
-0.0921704
-0.0992341
-0.106319
-0.112013
-0.117509
-0.123241
-0.12901
-0.134681
-0.140264
-0.145775
-0.151199
-0.156512
-0.161694
-0.166719
-0.171559
-0.176183
-0.180555
-0.184638
-0.188396
-0.191799
-0.0923579
-0.0992392
-0.106145
-0.11188
-0.117461
-0.123201
-0.128944
-0.134601
-0.140178
-0.145678
-0.151085
-0.156379
-0.161539
-0.16654
-0.171357
-0.175957
-0.18031
-0.18438
-0.188137
-0.191554
-0.0926313
-0.0992224
-0.10598
-0.111806
-0.117464
-0.123198
-0.128922
-0.134577
-0.140156
-0.145654
-0.151057
-0.156347
-0.161503
-0.1665
-0.171313
-0.175912
-0.180265
-0.18434
-0.188106
-0.191538
-0.09297
-0.0992016
-0.105827
-0.111775
-0.117494
-0.12322
-0.128936
-0.134596
-0.140182
-0.145686
-0.151096
-0.156394
-0.161559
-0.166568
-0.171393
-0.176007
-0.180376
-0.18447
-0.188257
-0.191709
-0.230428
-0.219119
-0.215775
-0.215548
-0.215119
-0.214732
-0.214569
-0.214459
-0.214312
-0.214126
-0.213902
-0.213631
-0.21331
-0.212935
-0.212504
-0.212014
-0.211465
-0.210854
-0.210179
-0.20944
-0.208635
-0.207762
-0.20682
-0.205809
-0.204726
-0.203571
-0.202341
-0.201036
-0.199653
-0.198192
-0.19665
-0.195025
-0.193317
-0.191521
-0.189637
-0.187661
-0.185592
-0.183426
-0.181161
-0.178793
-0.176321
-0.17374
-0.171049
-0.168243
-0.165321
-0.16228
-0.159118
-0.155833
-0.152424
-0.148891
-0.145236
-0.141458
-0.137563
-0.133554
-0.129438
-0.125223
-0.120919
-0.116538
-0.112092
-0.107599
-0.103074
-0.0985375
-0.0940077
-0.0895055
-0.0850517
-0.0806668
-0.076371
-0.0721831
-0.0681204
-0.0641984
-0.0604302
-0.0568262
-0.0533942
-0.0501394
-0.0470638
-0.044167
-0.0414461
-0.038896
-0.0365097
-0.0342786
-0.0321931
-0.0302426
-0.0284159
-0.026702
-0.0250895
-0.0235677
-0.0221261
-0.020755
-0.0194455
-0.0181894
-0.0169793
-0.0158086
-0.0146719
-0.0135642
-0.0124815
-0.0114204
-0.0103782
-0.00935274
-0.00834244
-0.00734609
-0.00636381
-0.00539426
-0.00443774
-0.0034945
-0.00256493
-0.00164965
-0.000749361
0.000135097
0.00100284
0.00185294
0.00268447
0.00349647
0.00428805
0.00505832
0.00580646
0.0065317
0.00723336
0.0079108
0.00856351
0.009191
0.00979292
0.010369
0.0109189
0.0114427
0.0119402
0.0124115
0.0128566
0.0132757
0.013669
0.0140367
0.0143792
0.0146968
0.0149899
0.0152589
0.0155043
0.0157264
0.0159259
0.0161031
0.0162586
0.0163928
0.0165063
0.0165997
0.0166733
0.0167277
0.0167635
0.016781
0.0167808
0.0167634
0.0167291
0.0166785
0.016612
0.01653
0.016433
0.0163212
0.0161952
0.0160553
0.0159019
0.0157352
0.0155558
0.0153638
0.0151596
0.0149436
0.014716
0.014477
0.0142271
0.0139665
0.0136954
0.0134141
0.0131228
0.0128217
0.0125112
0.0121915
0.0118626
0.011525
0.0111787
0.010824
0.0104611
0.0100901
0.00971123
0.00932471
0.00893069
0.00852935
0.00812085
0.00770535
0.00728303
0.00685404
0.00641856
0.00597674
0.00552875
0.00507478
0.004615
0.00414963
0.00367889
0.003203
0.00272246
0.00223685
0.00174968
0.00124969
0.000780346
0.000154437
-0.227293
-0.219128
-0.21551
-0.215173
-0.214861
-0.214456
-0.214264
-0.214166
-0.214037
-0.213862
-0.213646
-0.213383
-0.213067
-0.212694
-0.212263
-0.211772
-0.211218
-0.2106
-0.209917
-0.209167
-0.208349
-0.207462
-0.206503
-0.205473
-0.204369
-0.20319
-0.201934
-0.200601
-0.199188
-0.197694
-0.196118
-0.194456
-0.192708
-0.190871
-0.188942
-0.186921
-0.184803
-0.182587
-0.180271
-0.17785
-0.175324
-0.17269
-0.169944
-0.167086
-0.164112
-0.161021
-0.157813
-0.154486
-0.151041
-0.147478
-0.143801
-0.140011
-0.136114
-0.132115
-0.128023
-0.123845
-0.119595
-0.115283
-0.110923
-0.106533
-0.102129
-0.0977279
-0.0933497
-0.0890132
-0.0847374
-0.0805409
-0.0764413
-0.0724548
-0.0685961
-0.0648777
-0.0613098
-0.0579
-0.0546535
-0.051573
-0.0486584
-0.0459077
-0.0433165
-0.0408788
-0.038587
-0.0364323
-0.0344053
-0.0324959
-0.0306936
-0.0289883
-0.0273698
-0.0258286
-0.0243557
-0.0229426
-0.0215816
-0.0202661
-0.0189897
-0.0177473
-0.0165344
-0.0153469
-0.0141819
-0.0130368
-0.0119096
-0.0107988
-0.00970332
-0.00862299
-0.00755679
-0.00650537
-0.00546869
-0.00444719
-0.00344154
-0.00245253
-0.00148102
-0.000527942
0.000405741
0.00131903
0.00221095
0.00308053
0.00392683
0.00474898
0.00554617
0.00631764
0.00706274
0.00778087
0.00847155
0.00913436
0.00976898
0.0103752
0.0109529
0.0115019
0.0120224
0.0125144
0.0129781
0.0134138
0.0138217
0.0142021
0.0145555
0.0148824
0.0151832
0.0154584
0.0157086
0.0159343
0.016136
0.0163145
0.0164702
0.0166038
0.0167158
0.0168069
0.0168776
0.0169286
0.0169603
0.0169734
0.0169683
0.0169457
0.016906
0.0168498
0.0167774
0.0166895
0.0165864
0.0164686
0.0163365
0.0161906
0.0160311
0.0158586
0.0156733
0.0154756
0.0152658
0.0150443
0.0148114
0.0145674
0.0143125
0.0140471
0.0137714
0.0134857
0.0131901
0.0128851
0.0125707
0.0122473
0.0119149
0.0115739
0.0112245
0.0108668
0.010501
0.0101273
0.00974592
0.00935699
0.0089607
0.00855719
0.00814665
0.00772922
0.00730507
0.00687434
0.0064372
0.00599379
0.0055443
0.00508887
0.00462769
0.00416095
0.00368887
0.00321166
0.00272979
0.0022429
0.00175412
0.00125345
0.000779694
0.000166
-0.224928
-0.219213
-0.215542
-0.214874
-0.214611
-0.214211
-0.213973
-0.213862
-0.213742
-0.213572
-0.213359
-0.2131
-0.212785
-0.212412
-0.211978
-0.211481
-0.210919
-0.210291
-0.209595
-0.208829
-0.207993
-0.207086
-0.206105
-0.205049
-0.203918
-0.202709
-0.201421
-0.200053
-0.198604
-0.19707
-0.195452
-0.193746
-0.191951
-0.190065
-0.188086
-0.186012
-0.18384
-0.181568
-0.179195
-0.176717
-0.174133
-0.171441
-0.168639
-0.165726
-0.1627
-0.15956
-0.156308
-0.152942
-0.149465
-0.145879
-0.142187
-0.138394
-0.134505
-0.130528
-0.126471
-0.122345
-0.118161
-0.113933
-0.109674
-0.105401
-0.101129
-0.0968762
-0.09266
-0.0884979
-0.0844068
-0.080403
-0.0765018
-0.0727166
-0.0690593
-0.0655395
-0.0621647
-0.05894
-0.0558682
-0.0529499
-0.0501833
-0.0475649
-0.0450895
-0.0427504
-0.0405398
-0.0384491
-0.0364691
-0.0345905
-0.0328039
-0.0311
-0.02947
-0.0279055
-0.0263988
-0.0249428
-0.0235311
-0.0221581
-0.0208187
-0.0195088
-0.0182248
-0.0169636
-0.015723
-0.014501
-0.0132963
-0.012108
-0.0109355
-0.00977877
-0.00863746
-0.00751216
-0.00640317
-0.00531114
-0.00423694
-0.00318146
-0.00214567
-0.00113059
-0.000137269
0.000833262
0.00177997
0.00270187
0.003598
0.0044675
0.00530953
0.00612337
0.00690836
0.00766394
0.00838965
0.00908512
0.00975008
0.0103843
0.0109878
0.0115605
0.0121025
0.012614
0.0130952
0.0135465
0.0139682
0.0143607
0.0147246
0.0150603
0.0153685
0.0156497
0.0159045
0.0161337
0.0163379
0.0165176
0.0166737
0.0168068
0.0169175
0.0170066
0.0170746
0.0171223
0.0171503
0.0171592
0.0171496
0.0171221
0.0170773
0.0170157
0.0169378
0.0168443
0.0167355
0.0166119
0.016474
0.0163223
0.0161571
0.0159788
0.015788
0.0155848
0.0153697
0.015143
0.014905
0.014656
0.0143964
0.0141264
0.0138462
0.0135562
0.0132566
0.0129477
0.0126295
0.0123025
0.0119668
0.0116226
0.0112701
0.0109094
0.0105409
0.0101646
0.00978073
0.00938946
0.00899094
0.00858533
0.00817279
0.00775348
0.00732753
0.0068951
0.00645633
0.00601137
0.00556038
0.00510352
0.00464094
0.00417284
0.00369942
0.00322087
0.00273762
0.00224939
0.00175887
0.00125763
0.000778295
0.000181363
-0.222304
-0.218574
-0.21536
-0.214486
-0.21425
-0.213899
-0.213637
-0.213509
-0.213394
-0.213232
-0.213023
-0.212766
-0.212452
-0.212077
-0.211637
-0.211132
-0.210559
-0.209916
-0.209203
-0.208418
-0.20756
-0.206627
-0.205618
-0.204532
-0.203368
-0.202123
-0.200797
-0.199389
-0.197896
-0.196317
-0.194651
-0.192895
-0.191048
-0.189108
-0.187073
-0.184941
-0.182711
-0.180379
-0.177946
-0.175408
-0.172764
-0.170014
-0.167155
-0.164188
-0.161112
-0.157927
-0.154635
-0.151236
-0.147735
-0.144133
-0.140436
-0.13665
-0.132781
-0.128838
-0.12483
-0.120768
-0.116664
-0.112531
-0.108384
-0.104238
-0.100109
-0.0960121
-0.0919639
-0.0879797
-0.0840747
-0.0802627
-0.0765562
-0.0729662
-0.0695018
-0.0661701
-0.062976
-0.0599224
-0.0570101
-0.0542379
-0.0516028
-0.0491004
-0.0467247
-0.0444688
-0.0423252
-0.0402854
-0.0383411
-0.0364836
-0.0347047
-0.0329961
-0.0313503
-0.0297601
-0.0282189
-0.0267209
-0.0252608
-0.023834
-0.0224366
-0.0210651
-0.0197168
-0.0183895
-0.0170814
-0.0157913
-0.0145181
-0.0132614
-0.0120212
-0.0107975
-0.00959028
-0.00840014
-0.00722776
-0.00607393
-0.00493962
-0.00382581
-0.00273357
-0.00166396
-0.000618102
0.000402934
0.00139809
0.00236633
0.00330672
0.00421833
0.00510037
0.00595208
0.00677283
0.00756207
0.00831935
0.00904432
0.00973674
0.0103965
0.0110234
0.0116177
0.0121795
0.0127088
0.0132062
0.0136719
0.0141063
0.0145101
0.0148837
0.0152277
0.0155429
0.0158297
0.0160891
0.0163216
0.0165281
0.0167092
0.0168658
0.0169985
0.0171081
0.0171954
0.0172611
0.0173059
0.0173304
0.0173355
0.0173217
0.0172897
0.0172401
0.0171736
0.0170906
0.0169918
0.0168776
0.0167486
0.0166054
0.0164482
0.0162776
0.0160941
0.0158979
0.0156896
0.0154694
0.0152378
0.014995
0.0147414
0.0144773
0.0142029
0.0139186
0.0136245
0.0133211
0.0130084
0.0126867
0.0123563
0.0120174
0.0116701
0.0113146
0.0109512
0.0105801
0.0102013
0.00981502
0.0094215
0.00902085
0.00861323
0.00819878
0.00777765
0.00734998
0.00691591
0.00647557
0.00602912
0.00557668
0.00511842
0.00465448
0.00418504
0.00371029
0.00323041
0.00274577
0.0022562
0.00176381
0.00126213
0.000776364
0.000199682
-0.219439
-0.217261
-0.214783
-0.213892
-0.213689
-0.213429
-0.213192
-0.213065
-0.212963
-0.212817
-0.212618
-0.212366
-0.212055
-0.211678
-0.211234
-0.210719
-0.210133
-0.209474
-0.208742
-0.207933
-0.207049
-0.206086
-0.205045
-0.203924
-0.202722
-0.201437
-0.200069
-0.198615
-0.197074
-0.195445
-0.193726
-0.191916
-0.190013
-0.188015
-0.185921
-0.183729
-0.181437
-0.179045
-0.17655
-0.173952
-0.171249
-0.168442
-0.165529
-0.162512
-0.159391
-0.156166
-0.152841
-0.149418
-0.145901
-0.142294
-0.138603
-0.134835
-0.130997
-0.127099
-0.123151
-0.119165
-0.115151
-0.111125
-0.107099
-0.103087
-0.0991053
-0.0951674
-0.0912877
-0.0874798
-0.0837566
-0.0801294
-0.0766084
-0.073202
-0.0699169
-0.0667577
-0.0637274
-0.0608269
-0.0580555
-0.0554106
-0.0528884
-0.0504839
-0.0481908
-0.0460024
-0.0439113
-0.04191
-0.0399906
-0.0381457
-0.0363677
-0.0346499
-0.0329855
-0.0313687
-0.0297939
-0.0282563
-0.0267517
-0.0252764
-0.0238271
-0.0224012
-0.0209968
-0.0196119
-0.0182455
-0.0168966
-0.0155647
-0.0142497
-0.0129517
-0.0116708
-0.0104073
-0.00916197
-0.00793562
-0.00672916
-0.0055436
-0.00438002
-0.00323953
-0.00212326
-0.00103235
3.20898e-05
0.00106896
0.00207722
0.00305589
0.00400405
0.00492088
0.00580563
0.00665766
0.00747641
0.00826146
0.00901246
0.00972918
0.0104115
0.0110594
0.0116729
0.0122523
0.0127977
0.0133096
0.0137883
0.0142344
0.0146484
0.0150308
0.0153825
0.015704
0.0159962
0.0162597
0.0164954
0.0167041
0.0168866
0.0170437
0.0171762
0.0172849
0.0173707
0.0174343
0.0174765
0.017498
0.0174997
0.0174821
0.017446
0.0173922
0.0173211
0.0172334
0.0171298
0.0170108
0.0168769
0.0167286
0.0165665
0.016391
0.0162025
0.0160015
0.0157884
0.0155636
0.0153274
0.0150802
0.0148222
0.0145539
0.0142755
0.0139873
0.0136895
0.0133824
0.0130663
0.0127413
0.0124077
0.0120658
0.0117156
0.0113574
0.0109914
0.0106178
0.0102366
0.00984817
0.00945254
0.00904989
0.00864038
0.00822413
0.00780129
0.00737199
0.00693636
0.00649454
0.00604666
0.00559285
0.00513325
0.00466801
0.00419728
0.00372124
0.00324006
0.00275406
0.00226315
0.00176888
0.00126686
0.000774155
0.000219926
-0.21649
-0.215488
-0.213804
-0.213058
-0.212917
-0.212777
-0.212611
-0.212513
-0.212438
-0.212319
-0.212139
-0.211899
-0.211594
-0.211219
-0.21077
-0.210247
-0.209647
-0.208971
-0.208216
-0.207383
-0.206469
-0.205474
-0.204398
-0.203239
-0.201995
-0.200667
-0.199252
-0.197749
-0.196158
-0.194476
-0.192702
-0.190835
-0.188874
-0.186817
-0.184662
-0.182409
-0.180057
-0.177604
-0.17505
-0.172394
-0.169636
-0.166776
-0.163814
-0.160753
-0.157593
-0.154337
-0.150988
-0.147549
-0.144026
-0.140424
-0.136749
-0.13301
-0.129215
-0.125373
-0.121495
-0.117593
-0.113678
-0.109764
-0.105863
-0.101988
-0.0981541
-0.0943728
-0.0906569
-0.0870181
-0.0834668
-0.0800123
-0.0766624
-0.0734232
-0.0702992
-0.0672934
-0.0644066
-0.0616386
-0.0589873
-0.0564493
-0.0540205
-0.0516953
-0.0494679
-0.0473316
-0.0452797
-0.0433054
-0.0414017
-0.039562
-0.03778
-0.0360497
-0.0343657
-0.0327229
-0.0311168
-0.0295434
-0.0279993
-0.0264815
-0.0249875
-0.0235152
-0.022063
-0.0206297
-0.0192144
-0.0178165
-0.0164358
-0.0150724
-0.0137265
-0.0123982
-0.0110882
-0.00979725
-0.00852628
-0.00727626
-0.00604825
-0.00484338
-0.0036628
-0.00250766
-0.00137916
-0.000278419
0.000793433
0.00183534
0.00284628
0.00382535
0.00477169
0.00568454
0.00656325
0.00740727
0.00821615
0.00898955
0.00972726
0.0104292
0.0110952
0.0117255
0.0123203
0.0128799
0.0134045
0.0138948
0.0143511
0.0147742
0.0151646
0.0155231
0.0158504
0.0161473
0.0164147
0.0166533
0.0168641
0.0170479
0.0172055
0.0173379
0.017446
0.0175304
0.0175923
0.0176322
0.0176511
0.0176497
0.0176288
0.0175892
0.0175315
0.0174564
0.0173646
0.0172566
0.0171332
0.0169949
0.0168421
0.0166755
0.0164956
0.0163027
0.0160973
0.0158799
0.0156508
0.0154105
0.0151592
0.0148973
0.0146252
0.0143431
0.0140513
0.0137501
0.0134397
0.0131204
0.0127925
0.012456
0.0121113
0.0117584
0.0113978
0.0110294
0.0106534
0.0102701
0.00987963
0.00948205
0.00907756
0.00866629
0.00824837
0.00782395
0.00739314
0.00695607
0.00651287
0.00606366
0.00560856
0.00514771
0.00468124
0.00420929
0.00373203
0.00324961
0.00276228
0.00227008
0.00177395
0.00127167
0.000771935
0.000240947
-0.213532
-0.21341
-0.212475
-0.211994
-0.211965
-0.211961
-0.211903
-0.211864
-0.21183
-0.211749
-0.211597
-0.211376
-0.211082
-0.210711
-0.21026
-0.209728
-0.209115
-0.208421
-0.207644
-0.206783
-0.205839
-0.204811
-0.203697
-0.202497
-0.201211
-0.199837
-0.198374
-0.196821
-0.195177
-0.193441
-0.191612
-0.189689
-0.187669
-0.185554
-0.18334
-0.181029
-0.178618
-0.176108
-0.173498
-0.170789
-0.167981
-0.165075
-0.162071
-0.158974
-0.155783
-0.152504
-0.14914
-0.145696
-0.142177
-0.13859
-0.134943
-0.131242
-0.127498
-0.123721
-0.11992
-0.116108
-0.112295
-0.108495
-0.104719
-0.100979
-0.0972879
-0.0936559
-0.090094
-0.0866119
-0.0832179
-0.0799194
-0.0767219
-0.0736299
-0.070646
-0.0677715
-0.0650061
-0.0623485
-0.0597958
-0.0573443
-0.0549894
-0.0527259
-0.0505481
-0.04845
-0.0464255
-0.0444684
-0.0425728
-0.0407329
-0.0389434
-0.0371992
-0.0354957
-0.0338287
-0.0321945
-0.0305898
-0.0290119
-0.0274583
-0.0259269
-0.0244163
-0.022925
-0.0214521
-0.0199971
-0.0185595
-0.0171395
-0.0157373
-0.0143527
-0.0129864
-0.0116391
-0.0103116
-0.00900477
-0.00771975
-0.00645758
-0.00521942
-0.00400645
-0.00281986
-0.00166084
-0.000530556
0.000569847
0.00163929
0.00267674
0.00368126
0.00465198
0.00558813
0.00648903
0.00735413
0.00818297
0.0089752
0.00973059
0.010449
0.0111305
0.0117751
0.0123831
0.0129547
0.0134904
0.0139906
0.0144558
0.0148867
0.0152841
0.0156485
0.0159809
0.0162821
0.0165529
0.0167941
0.0170068
0.0171918
0.0173501
0.0174825
0.01759
0.0176734
0.0177337
0.0177718
0.0177884
0.0177844
0.0177607
0.0177179
0.0176568
0.0175782
0.0174828
0.0173711
0.0172438
0.0171015
0.0169449
0.0167743
0.0165904
0.0163935
0.0161843
0.015963
0.0157302
0.0154862
0.0152313
0.0149659
0.0146904
0.014405
0.01411
0.0138057
0.0134924
0.0131702
0.0128395
0.0125004
0.0121532
0.011798
0.0114351
0.0110645
0.0106865
0.0103013
0.00990892
0.00950958
0.00910341
0.00869055
0.00827112
0.00784525
0.00741307
0.00697468
0.00653022
0.0060798
0.00562352
0.00516152
0.00469391
0.00422083
0.00374243
0.00325884
0.00277026
0.00227685
0.00177895
0.00127645
0.000769955
0.000261574
-0.210622
-0.211165
-0.210893
-0.210744
-0.210875
-0.211024
-0.211096
-0.21114
-0.211164
-0.211129
-0.211014
-0.210817
-0.210538
-0.210174
-0.209723
-0.209184
-0.208559
-0.207846
-0.207046
-0.206159
-0.205184
-0.204121
-0.202969
-0.201729
-0.2004
-0.19898
-0.197469
-0.195866
-0.194171
-0.192383
-0.190499
-0.188521
-0.186446
-0.184275
-0.182007
-0.17964
-0.177176
-0.174614
-0.171955
-0.169199
-0.166348
-0.163403
-0.160366
-0.157241
-0.15403
-0.150737
-0.147368
-0.143928
-0.140423
-0.13686
-0.133247
-0.129593
-0.125907
-0.122199
-0.118479
-0.114758
-0.111048
-0.10736
-0.103704
-0.100092
-0.0965335
-0.0930388
-0.0896165
-0.0862745
-0.0830195
-0.0798567
-0.0767903
-0.0738231
-0.0709564
-0.0681902
-0.0655236
-0.0629542
-0.0604792
-0.0580945
-0.0557956
-0.0535777
-0.0514354
-0.0493634
-0.0473563
-0.0454086
-0.0435154
-0.0416715
-0.0398725
-0.0381141
-0.0363925
-0.034704
-0.0330456
-0.0314146
-0.0298087
-0.0282258
-0.0266643
-0.0251229
-0.0236004
-0.0220963
-0.02061
-0.0191413
-0.0176908
-0.0162581
-0.0148434
-0.0134475
-0.0120711
-0.0107151
-0.00938044
-0.00806811
-0.00677925
-0.00551503
-0.00427664
-0.0030653
-0.0018822
-0.000728541
0.000394526
0.0014859
0.00254453
0.00356946
0.0045598
0.00551476
0.00643365
0.00731588
0.00816101
0.00896865
0.00973858
0.0104707
0.0111649
0.0118214
0.0124404
0.0130221
0.0135669
0.0140755
0.0145482
0.0149859
0.0153891
0.0157587
0.0160955
0.0164003
0.016674
0.0169176
0.0171319
0.0173181
0.0174769
0.0176093
0.0177164
0.017799
0.0178581
0.0178946
0.0179093
0.0179031
0.0178769
0.0178315
0.0177676
0.017686
0.0175874
0.0174724
0.0173418
0.0171962
0.0170361
0.0168621
0.0166747
0.0164745
0.0162618
0.0160372
0.0158011
0.0155538
0.0152958
0.0150274
0.0147488
0.0144605
0.0141627
0.0138557
0.0135398
0.0132152
0.012882
0.0125407
0.0121912
0.0118339
0.011469
0.0110965
0.0107167
0.0103297
0.00993568
0.00953478
0.00912712
0.00871283
0.00829205
0.0078649
0.00743149
0.00699193
0.00654633
0.00609481
0.00563748
0.00517443
0.0047058
0.00423169
0.00375224
0.00326757
0.00277785
0.0022833
0.00178377
0.00128106
0.000768422
0.0002807
-0.207819
-0.208872
-0.209167
-0.209373
-0.209701
-0.210013
-0.210228
-0.210374
-0.210468
-0.210488
-0.210415
-0.210248
-0.209987
-0.209632
-0.209183
-0.208639
-0.208002
-0.207272
-0.20645
-0.205536
-0.204531
-0.203434
-0.202246
-0.200966
-0.199595
-0.198131
-0.196574
-0.194924
-0.19318
-0.191342
-0.189408
-0.187379
-0.185254
-0.183032
-0.180713
-0.178299
-0.175788
-0.173181
-0.17048
-0.167685
-0.1648
-0.161825
-0.158763
-0.155619
-0.152397
-0.1491
-0.145734
-0.142306
-0.138823
-0.135291
-0.131719
-0.128117
-0.124492
-0.120855
-0.117216
-0.113585
-0.109972
-0.106389
-0.102844
-0.0993482
-0.0959094
-0.0925361
-0.0892357
-0.0860143
-0.0828772
-0.0798281
-0.07687
-0.0740044
-0.0712317
-0.0685512
-0.0659614
-0.0634597
-0.0610429
-0.0587073
-0.0564486
-0.0542623
-0.0521436
-0.0500879
-0.0480903
-0.0461463
-0.0442513
-0.0424012
-0.040592
-0.0388202
-0.0370823
-0.0353754
-0.0336969
-0.0320445
-0.030416
-0.0288099
-0.0272248
-0.0256594
-0.024113
-0.0225848
-0.021075
-0.0195826
-0.0181087
-0.0166528
-0.0152154
-0.0137972
-0.0123989
-0.0110213
-0.00966554
-0.00833252
-0.00702342
-0.00573938
-0.00448163
-0.00325136
-0.00204981
-0.000878177
0.000262377
0.00137073
0.00244582
0.00348666
0.00449236
0.00546209
0.00639516
0.00729096
0.00814902
0.00896896
0.00975052
0.0104936
0.0111981
0.0118642
0.012492
0.013082
0.0136344
0.0141498
0.0146287
0.0150719
0.01548
0.0158539
0.0161943
0.0165021
0.0167784
0.0170239
0.0172397
0.0174268
0.0175862
0.0177187
0.0178255
0.0179074
0.0179655
0.0180007
0.0180138
0.0180058
0.0179776
0.0179299
0.0178636
0.0177795
0.0176782
0.0175606
0.0174271
0.0172786
0.0171156
0.0169387
0.0167484
0.0165452
0.0163297
0.0161022
0.0158633
0.0156132
0.0153525
0.0150814
0.0148003
0.0145095
0.0142093
0.0138999
0.0135817
0.0132549
0.0129197
0.0125763
0.012225
0.0118659
0.0114992
0.011125
0.0107436
0.0103551
0.00995968
0.00955741
0.00914844
0.00873292
0.00831096
0.00788268
0.00744819
0.00700759
0.006561
0.00610852
0.00565025
0.00518628
0.00471674
0.00424171
0.00376131
0.00327568
0.00278491
0.00228933
0.00178836
0.00128539
0.000767484
0.000297365
-0.20518
-0.206632
-0.207401
-0.207954
-0.208499
-0.208982
-0.209345
-0.209603
-0.209777
-0.209856
-0.209829
-0.209694
-0.209454
-0.209111
-0.208664
-0.208116
-0.207469
-0.206723
-0.20588
-0.204941
-0.203908
-0.202779
-0.201557
-0.20024
-0.19883
-0.197325
-0.195726
-0.194033
-0.192245
-0.190361
-0.188383
-0.186308
-0.184138
-0.181873
-0.179512
-0.177056
-0.174505
-0.171862
-0.169128
-0.166304
-0.163392
-0.160396
-0.157319
-0.154166
-0.15094
-0.147647
-0.144293
-0.140884
-0.137428
-0.133932
-0.130405
-0.126854
-0.123291
-0.119723
-0.11616
-0.112613
-0.10909
-0.105602
-0.102156
-0.0987608
-0.0954249
-0.0921546
-0.0889561
-0.0858342
-0.0827929
-0.079835
-0.0769624
-0.0741759
-0.0714752
-0.0688592
-0.0663262
-0.0638735
-0.0614981
-0.0591964
-0.0569645
-0.0547984
-0.052694
-0.0506469
-0.0486531
-0.0467085
-0.0448093
-0.0429518
-0.0411326
-0.0393485
-0.0375967
-0.0358746
-0.0341798
-0.0325102
-0.0308642
-0.0292402
-0.027637
-0.0260536
-0.0244891
-0.0229428
-0.0214148
-0.0199058
-0.0184144
-0.0169415
-0.0154874
-0.0140528
-0.0126384
-0.0112451
-0.0098738
-0.00852558
-0.00720156
-0.0059029
-0.00463081
-0.00338651
-0.00217123
-0.000986172
0.000167483
0.0012886
0.00237611
0.00342901
0.00444637
0.00542738
0.00637131
0.00727755
0.00814559
0.00897505
0.00976565
0.0105173
0.0112298
0.0119035
0.0125384
0.0131348
0.0136932
0.0142141
0.014698
0.0151456
0.0155576
0.0159349
0.0162783
0.0165886
0.0168669
0.0171141
0.0173311
0.017519
0.0176788
0.0178114
0.0179179
0.0179994
0.0180566
0.0180907
0.0181026
0.0180931
0.0180632
0.0180137
0.0179454
0.0178592
0.0177557
0.0176358
0.0175
0.0173491
0.0171837
0.0170043
0.0168115
0.0166059
0.016388
0.0161581
0.0159168
0.0156644
0.0154014
0.015128
0.0148447
0.0145518
0.0142496
0.0139383
0.0136182
0.0132895
0.0129525
0.0126074
0.0122545
0.0118938
0.0115256
0.01115
0.0107673
0.0103775
0.00998081
0.00957737
0.00916729
0.0087507
0.00832773
0.00789848
0.00746306
0.00702157
0.00657413
0.00612081
0.00566173
0.00519697
0.00472662
0.0042508
0.00376958
0.00328309
0.0027914
0.00229488
0.00179266
0.00128935
0.000767229
0.00031082
-0.20276
-0.204528
-0.205688
-0.206562
-0.207327
-0.207982
-0.20849
-0.208863
-0.209121
-0.209262
-0.209283
-0.209182
-0.208964
-0.208632
-0.20819
-0.207639
-0.206983
-0.206223
-0.205361
-0.2044
-0.203341
-0.202184
-0.20093
-0.199581
-0.198136
-0.196595
-0.194959
-0.193228
-0.191401
-0.189479
-0.187462
-0.18535
-0.183143
-0.180841
-0.178445
-0.175956
-0.173376
-0.170705
-0.167946
-0.1651
-0.162172
-0.159164
-0.15608
-0.152924
-0.149702
-0.14642
-0.143082
-0.139697
-0.136272
-0.132813
-0.12933
-0.125832
-0.122326
-0.118822
-0.115329
-0.111856
-0.108411
-0.105004
-0.101641
-0.098331
-0.0950795
-0.0918926
-0.0887753
-0.0857316
-0.0827645
-0.0798762
-0.0770678
-0.0743395
-0.071691
-0.069121
-0.0666274
-0.064208
-0.0618599
-0.0595797
-0.0573641
-0.0552094
-0.0531119
-0.0510679
-0.0490738
-0.047126
-0.0452211
-0.0433559
-0.0415273
-0.0397325
-0.0379691
-0.0362345
-0.0345267
-0.0328439
-0.0311844
-0.0295468
-0.0279301
-0.0263332
-0.0247557
-0.0231957
-0.0216554
-0.0201335
-0.0186296
-0.0171444
-0.0156784
-0.0142321
-0.0128062
-0.0114016
-0.0100192
-0.00866014
-0.00732544
-0.0060163
-0.00473391
-0.0034795
-0.0022543
-0.00105952
0.000103657
0.00123408
0.00233068
0.00339242
0.00441839
0.00540774
0.00635974
0.00727375
0.00814926
0.00898586
0.00978329
0.0105414
0.0112601
0.0119394
0.0125797
0.0131811
0.0137441
0.0142692
0.0147569
0.015208
0.0156231
0.0160031
0.0163487
0.0166611
0.0169409
0.0171894
0.0174073
0.0175959
0.017756
0.0178887
0.017995
0.018076
0.0181327
0.0181659
0.0181767
0.018166
0.0181348
0.0180838
0.0180139
0.0179259
0.0178207
0.0176989
0.0175612
0.0174083
0.0172409
0.0170595
0.0168647
0.0166571
0.0164371
0.0162053
0.015962
0.0157077
0.0154428
0.0151676
0.0148825
0.0145878
0.0142839
0.0139709
0.0136492
0.013319
0.0129806
0.0126341
0.0122798
0.0119178
0.0115483
0.0111716
0.0107877
0.0103968
0.00999912
0.00959469
0.00918368
0.0087662
0.00834237
0.00791231
0.00747611
0.00703388
0.0065857
0.00613169
0.00567192
0.00520648
0.00473546
0.00425894
0.00377701
0.00328979
0.0027973
0.00229995
0.00179668
0.00129291
0.000767685
0.000320583
-0.20061
-0.202629
-0.204108
-0.205266
-0.206242
-0.20706
-0.207707
-0.208191
-0.208531
-0.208734
-0.2088
-0.208732
-0.208536
-0.208217
-0.20778
-0.207227
-0.206563
-0.205791
-0.204914
-0.203933
-0.202852
-0.20167
-0.20039
-0.199013
-0.197538
-0.195967
-0.1943
-0.192538
-0.19068
-0.188726
-0.186678
-0.184536
-0.182299
-0.17997
-0.177548
-0.175035
-0.172432
-0.169742
-0.166967
-0.164109
-0.161171
-0.158158
-0.155074
-0.151922
-0.14871
-0.145442
-0.142124
-0.138765
-0.13537
-0.131949
-0.128508
-0.125056
-0.121602
-0.118154
-0.11472
-0.11131
-0.10793
-0.104589
-0.101293
-0.0980499
-0.0948642
-0.0917412
-0.0886853
-0.0856996
-0.0827868
-0.0799483
-0.0771851
-0.0744973
-0.071884
-0.0693442
-0.066876
-0.0644772
-0.0621452
-0.059877
-0.0576696
-0.0555197
-0.053424
-0.0513793
-0.0493822
-0.0474296
-0.0455183
-0.0436456
-0.0418085
-0.0400046
-0.0382314
-0.0364867
-0.0347687
-0.0330756
-0.0314058
-0.029758
-0.0281312
-0.0265245
-0.0249381
-0.0233679
-0.0218183
-0.0202872
-0.0187745
-0.0172806
-0.0158062
-0.0143516
-0.0129177
-0.0115052
-0.0101151
-0.00874842
-0.00740627
-0.0060898
-0.00480022
-0.00353873
-0.00230658
-0.00110497
6.49097e-05
0.00120191
0.00230493
0.00337297
0.00440507
0.00540038
0.00635817
0.00727777
0.00815868
0.00900046
0.00980284
0.0105656
0.0112888
0.0119724
0.0126166
0.0132217
0.0137882
0.0143164
0.0148069
0.0152606
0.0156779
0.0160599
0.0164073
0.0167211
0.0170022
0.0172515
0.0174702
0.0176592
0.0178195
0.0179523
0.0180585
0.0181391
0.0181952
0.0182277
0.0182377
0.018226
0.0181937
0.0181415
0.0180703
0.017981
0.0178743
0.0177509
0.0176117
0.0174573
0.0172882
0.0171052
0.0169088
0.0166996
0.016478
0.0162445
0.0159996
0.0157437
0.0154773
0.0152006
0.0149141
0.014618
0.0143126
0.0139983
0.0136753
0.0133439
0.0130042
0.0126566
0.0123011
0.0119381
0.0115676
0.0111899
0.0108051
0.0104134
0.0100148
0.00960955
0.00919777
0.00877956
0.00835503
0.00792429
0.00748745
0.0070446
0.00659583
0.00614123
0.00568089
0.00521488
0.0047433
0.00426621
0.00378369
0.00329584
0.00280267
0.0023046
0.00180046
0.00129609
0.000768844
0.000326465
-0.19877
-0.200989
-0.202725
-0.204124
-0.205291
-0.206259
-0.207031
-0.207615
-0.208032
-0.208292
-0.208401
-0.208363
-0.208188
-0.207881
-0.207448
-0.206895
-0.206225
-0.205444
-0.204553
-0.203557
-0.202457
-0.201256
-0.199954
-0.198554
-0.197056
-0.195461
-0.19377
-0.191983
-0.190101
-0.188124
-0.186053
-0.183888
-0.18163
-0.179281
-0.176841
-0.174312
-0.171695
-0.168993
-0.166209
-0.163345
-0.160405
-0.157393
-0.154313
-0.15117
-0.147969
-0.144718
-0.141421
-0.138087
-0.134721
-0.131333
-0.127929
-0.124517
-0.121106
-0.117704
-0.114319
-0.110958
-0.107629
-0.104339
-0.101094
-0.0979003
-0.0947627
-0.0916857
-0.0886731
-0.0857277
-0.0828517
-0.0800465
-0.0773127
-0.0746503
-0.0720588
-0.0695369
-0.067083
-0.0646951
-0.0623709
-0.0601077
-0.0579027
-0.055753
-0.0536557
-0.0516077
-0.049606
-0.0476477
-0.0457299
-0.04385
-0.0420053
-0.0401934
-0.0384122
-0.0366594
-0.0349332
-0.033232
-0.0315543
-0.0298988
-0.0282643
-0.0266501
-0.0250542
-0.02348
-0.0219235
-0.0203857
-0.0188667
-0.0173668
-0.0158865
-0.0144261
-0.0129866
-0.0115687
-0.0101732
-0.00880136
-0.00745411
-0.00613264
-0.00483814
-0.00357183
-0.00233493
-0.00112866
4.58005e-05
0.00118729
0.00229473
0.00336707
0.00440339
0.00540282
0.0063646
0.00728808
0.00817273
0.00901812
0.00982396
0.0105901
0.0113164
0.0120029
0.0126499
0.0132577
0.0138265
0.0143569
0.0148495
0.0153049
0.0157239
0.0161073
0.0164559
0.0167707
0.0170526
0.0173026
0.0175218
0.017711
0.0178715
0.0180042
0.0181102
0.0181905
0.0182461
0.018278
0.0182873
0.0182749
0.0182416
0.0181884
0.0181162
0.0180258
0.0179179
0.0177934
0.017653
0.0174972
0.0173269
0.0171426
0.0169449
0.0167344
0.0165115
0.0162767
0.0160306
0.0157735
0.0155058
0.0152279
0.0149402
0.0146429
0.0143365
0.0140211
0.0136971
0.0133646
0.013024
0.0126754
0.0123191
0.0119552
0.0115839
0.0112054
0.0108199
0.0104274
0.0100281
0.00962225
0.00920984
0.00879103
0.00836594
0.00793466
0.00749729
0.00705394
0.00660469
0.00614962
0.00568881
0.00522235
0.0047503
0.00427274
0.00378974
0.00330137
0.00280764
0.00230895
0.00180411
0.00129898
0.000770682
0.000328592
-0.197269
-0.199645
-0.201583
-0.20318
-0.20451
-0.205609
-0.206488
-0.20716
-0.207643
-0.207953
-0.208098
-0.208088
-0.20793
-0.207633
-0.207205
-0.206652
-0.205978
-0.205189
-0.204289
-0.203281
-0.202167
-0.20095
-0.199633
-0.198216
-0.1967
-0.195088
-0.193379
-0.191575
-0.189675
-0.187682
-0.185595
-0.183415
-0.181144
-0.178782
-0.17633
-0.173792
-0.171168
-0.168461
-0.165673
-0.162808
-0.15987
-0.156862
-0.153789
-0.150657
-0.14747
-0.144235
-0.140958
-0.137646
-0.134305
-0.130944
-0.12757
-0.124191
-0.120814
-0.117448
-0.114099
-0.110775
-0.107482
-0.104229
-0.101019
-0.0978595
-0.0947543
-0.0917077
-0.0887231
-0.0858032
-0.0829499
-0.0801645
-0.0774476
-0.0747993
-0.0722191
-0.0697058
-0.0672582
-0.0648742
-0.0625519
-0.0602888
-0.0580824
-0.0559299
-0.0538287
-0.0517759
-0.0497687
-0.0478044
-0.0458802
-0.0439936
-0.0421421
-0.0403233
-0.0385352
-0.0367757
-0.0350429
-0.0333352
-0.0316512
-0.0299896
-0.0283495
-0.0267294
-0.0251292
-0.0235491
-0.0219875
-0.0204448
-0.0189213
-0.017417
-0.0159324
-0.014468
-0.0130246
-0.0116028
-0.0102037
-0.00882824
-0.0074775
-0.00615264
-0.00485482
-0.00358526
-0.00234518
-0.0011358
4.17092e-05
0.00118619
0.00229655
0.00337176
0.00441087
0.00541302
0.00637746
0.00730351
0.00819065
0.00903844
0.00984657
0.0106149
0.0113433
0.0120318
0.0126807
0.0132901
0.0138605
0.0143924
0.0148863
0.0153429
0.015763
0.0161473
0.0164967
0.0168121
0.0170945
0.0173449
0.0175643
0.0177536
0.0179141
0.0180467
0.0181524
0.0182324
0.0182876
0.018319
0.0183277
0.0183146
0.0182806
0.0182266
0.0181536
0.0180623
0.0179535
0.017828
0.0176865
0.0175298
0.0173585
0.0171732
0.0169744
0.0167628
0.0165389
0.0163031
0.016056
0.0157979
0.0155292
0.0152504
0.0149617
0.0146636
0.0143563
0.01404
0.0137152
0.0133819
0.0130406
0.0126912
0.0123342
0.0119696
0.0115977
0.0112186
0.0108324
0.0104394
0.0100396
0.00963318
0.00922028
0.008801
0.00837545
0.00794374
0.00750596
0.00706221
0.00661256
0.00615711
0.00569594
0.00522911
0.0047567
0.00427876
0.00379536
0.00330658
0.00281239
0.00231317
0.00180779
0.00130176
0.000773199
0.000327405
-0.196119
-0.198616
-0.20071
-0.20246
-0.203923
-0.205128
-0.206093
-0.206836
-0.207374
-0.207724
-0.207899
-0.207909
-0.207766
-0.207478
-0.207054
-0.206501
-0.205824
-0.20503
-0.204123
-0.203106
-0.201983
-0.200756
-0.199427
-0.197999
-0.196472
-0.194847
-0.193127
-0.191311
-0.189401
-0.187397
-0.185301
-0.183112
-0.180833
-0.178464
-0.176008
-0.173465
-0.170838
-0.16813
-0.165343
-0.162481
-0.159547
-0.156546
-0.153481
-0.150359
-0.147185
-0.143964
-0.140703
-0.137409
-0.134089
-0.130749
-0.127398
-0.124043
-0.12069
-0.117348
-0.114025
-0.110725
-0.107458
-0.104227
-0.101041
-0.0979021
-0.0948165
-0.0917877
-0.088819
-0.0859129
-0.0830714
-0.0802958
-0.0775866
-0.074944
-0.0723677
-0.0698566
-0.0674095
-0.0650248
-0.0627005
-0.0604344
-0.0582241
-0.056067
-0.0539606
-0.0519022
-0.0498891
-0.0479187
-0.0459883
-0.0440955
-0.0422378
-0.0404131
-0.038619
-0.0368537
-0.0351153
-0.0334023
-0.0317132
-0.0300467
-0.0284022
-0.0267773
-0.0251732
-0.0235886
-0.0220232
-0.0204769
-0.0189498
-0.0174422
-0.0159545
-0.0144871
-0.0130407
-0.0116162
-0.0102145
-0.00883648
-0.00748329
-0.00615607
-0.00485597
-0.0035842
-0.00234198
-0.00113052
4.90142e-05
0.00119546
0.00230773
0.0033848
0.00442571
0.00542961
0.00639574
0.00732343
0.00821213
0.00906143
0.00987101
0.0106407
0.0113704
0.0120601
0.0127101
0.0133206
0.013892
0.0144247
0.0149194
0.0153768
0.0157974
0.0161822
0.016532
0.0168477
0.0171303
0.0173808
0.0176002
0.0177896
0.0179499
0.0180822
0.0181877
0.0182673
0.0183221
0.018353
0.0183612
0.0183475
0.0183128
0.0182582
0.0181844
0.0180924
0.0179828
0.0178565
0.0177143
0.0175567
0.0173846
0.0171984
0.0169989
0.0167864
0.0165617
0.0163251
0.0160772
0.0158183
0.0155488
0.0152692
0.0149799
0.014681
0.014373
0.0140561
0.0137306
0.0133967
0.0130547
0.0127048
0.0123472
0.0119821
0.0116097
0.01123
0.0108434
0.0104499
0.0100497
0.00964287
0.00922958
0.00880992
0.00838401
0.00795195
0.00751384
0.00706977
0.00661981
0.00616407
0.0057026
0.00523548
0.00476277
0.00428454
0.00380083
0.00331172
0.00281718
0.00231751
0.00181172
0.00130468
0.000776454
0.00032366
-0.195314
-0.197902
-0.200109
-0.201974
-0.203534
-0.20482
-0.20585
-0.206645
-0.207224
-0.207604
-0.207801
-0.207827
-0.207694
-0.207412
-0.206991
-0.206439
-0.205761
-0.204964
-0.204052
-0.20303
-0.201901
-0.200667
-0.199332
-0.197896
-0.196362
-0.194731
-0.193004
-0.191182
-0.189266
-0.187257
-0.185156
-0.182963
-0.180681
-0.17831
-0.175852
-0.173308
-0.170682
-0.167976
-0.165191
-0.162333
-0.159405
-0.15641
-0.153353
-0.15024
-0.147076
-0.143866
-0.140618
-0.137337
-0.134031
-0.130707
-0.127371
-0.124031
-0.120694
-0.117368
-0.11406
-0.110775
-0.107522
-0.104305
-0.10113
-0.0980028
-0.0949269
-0.0919065
-0.0889447
-0.0860441
-0.0832066
-0.0804336
-0.0777258
-0.0750833
-0.0725059
-0.0699928
-0.0675427
-0.0651543
-0.0628257
-0.0605547
-0.0583391
-0.0561764
-0.0540643
-0.052
-0.0499809
-0.0480046
-0.0460684
-0.0441698
-0.0423065
-0.0404763
-0.038677
-0.0369066
-0.0351635
-0.0334458
-0.0317523
-0.0300816
-0.0284322
-0.0268046
-0.0251969
-0.0236089
-0.0220403
-0.020491
-0.0189611
-0.0174508
-0.0159605
-0.0144907
-0.0130421
-0.0116154
-0.0102116
-0.00883166
-0.00747663
-0.00614765
-0.00484587
-0.00357251
-0.00232877
-0.00111584
6.50827e-05
0.00121286
0.00232641
0.0034047
0.00444678
0.0054518
0.00641898
0.00734768
0.00823734
0.00908754
0.00989796
0.0106684
0.0113988
0.0120893
0.0127399
0.0133509
0.0139228
0.014456
0.014951
0.0154086
0.0158295
0.0162144
0.0165643
0.0168801
0.0171626
0.017413
0.0176323
0.0178214
0.0179815
0.0181135
0.0182186
0.0182978
0.0183521
0.0183825
0.0183901
0.0183759
0.0183406
0.0182854
0.0182109
0.0181182
0.018008
0.017881
0.0177381
0.0175799
0.017407
0.0172201
0.0170199
0.0168068
0.0165813
0.0163441
0.0160955
0.0158359
0.0155659
0.0152857
0.0149957
0.0146962
0.0143877
0.0140702
0.0137442
0.0134098
0.0130673
0.0127169
0.0123589
0.0119933
0.0116205
0.0112405
0.0108535
0.0104596
0.010059
0.00965187
0.00923826
0.0088183
0.0083921
0.00795976
0.00752138
0.00707704
0.00662684
0.00617085
0.00570914
0.00524179
0.00476886
0.00429039
0.00380644
0.00331707
0.00282226
0.00232223
0.00181615
0.00130806
0.000780594
0.0003184
-0.194829
-0.19748
-0.199764
-0.201706
-0.203334
-0.204674
-0.205748
-0.206578
-0.207183
-0.207583
-0.207794
-0.20783
-0.207704
-0.207427
-0.207008
-0.206456
-0.205777
-0.204978
-0.204064
-0.203039
-0.201907
-0.20067
-0.199331
-0.197892
-0.196354
-0.19472
-0.19299
-0.191166
-0.189247
-0.187236
-0.185133
-0.18294
-0.180657
-0.178286
-0.175829
-0.173287
-0.170663
-0.167959
-0.165178
-0.162324
-0.159401
-0.156411
-0.153361
-0.150255
-0.147098
-0.143896
-0.140656
-0.137384
-0.134087
-0.130771
-0.127444
-0.124114
-0.120786
-0.117468
-0.114167
-0.11089
-0.107643
-0.104431
-0.101262
-0.0981378
-0.0950647
-0.0920461
-0.0890851
-0.0861844
-0.0833459
-0.080571
-0.0778604
-0.0752146
-0.0726332
-0.0701156
-0.0676606
-0.0652669
-0.0629327
-0.060656
-0.0584345
-0.056266
-0.054148
-0.0520778
-0.0500531
-0.0480711
-0.0461294
-0.0442256
-0.0423573
-0.0405221
-0.0387182
-0.0369434
-0.0351959
-0.0334742
-0.0317768
-0.0301024
-0.0284499
-0.0268188
-0.0252079
-0.0236169
-0.0220455
-0.0204936
-0.0189612
-0.0174486
-0.015956
-0.0144841
-0.0130335
-0.011605
-0.0101994
-0.00881784
-0.00746126
-0.0061308
-0.00482764
-0.00355298
-0.00230802
-0.00109395
8.8048e-05
0.00123683
0.00235132
0.00343048
0.00447337
0.00547914
0.00644702
0.00737635
0.00826659
0.00911731
0.0099282
0.0106991
0.0114298
0.0121206
0.0127714
0.0133827
0.0139547
0.0144879
0.014983
0.0154406
0.0158614
0.0162462
0.016596
0.0169115
0.0171938
0.0174439
0.0176628
0.0178516
0.0180112
0.0181428
0.0182474
0.0183261
0.0183799
0.0184098
0.0184168
0.0184019
0.0183661
0.0183102
0.0182351
0.0181418
0.0180309
0.0179033
0.0177597
0.0176008
0.0174273
0.0172399
0.017039
0.0168253
0.0165992
0.0163614
0.0161122
0.0158521
0.0155815
0.0153008
0.0150103
0.0147103
0.0144013
0.0140834
0.0137569
0.0134221
0.0130792
0.0127284
0.01237
0.012004
0.0116308
0.0112505
0.0108631
0.010469
0.0100681
0.00966068
0.0092468
0.00882658
0.00840013
0.00796756
0.00752895
0.0070844
0.00663399
0.00617779
0.00571589
0.00524835
0.00477522
0.00429657
0.00381244
0.00332286
0.00282785
0.00232754
0.00182129
0.00131218
0.000785804
0.000312839
-0.194611
-0.197303
-0.199634
-0.201622
-0.20329
-0.204662
-0.205762
-0.206611
-0.207232
-0.207643
-0.207862
-0.207904
-0.207781
-0.207506
-0.207088
-0.206536
-0.205857
-0.205057
-0.204142
-0.203116
-0.201982
-0.200743
-0.199403
-0.197963
-0.196424
-0.194789
-0.193058
-0.191233
-0.189315
-0.187304
-0.185201
-0.183009
-0.180727
-0.178357
-0.175902
-0.173362
-0.170741
-0.16804
-0.165262
-0.162412
-0.159492
-0.156507
-0.153461
-0.150359
-0.147207
-0.14401
-0.140775
-0.137507
-0.134215
-0.130903
-0.12758
-0.124253
-0.120929
-0.117614
-0.114315
-0.11104
-0.107794
-0.104583
-0.101413
-0.098288
-0.0952133
-0.0921924
-0.0892285
-0.0863243
-0.0834817
-0.0807023
-0.0779869
-0.0753358
-0.0727489
-0.0702255
-0.0677647
-0.065365
-0.0630248
-0.0607421
-0.0585148
-0.0563405
-0.0542167
-0.0521411
-0.050111
-0.0481238
-0.0461772
-0.0442686
-0.0423957
-0.0405562
-0.038748
-0.0369692
-0.035218
-0.0334926
-0.0317918
-0.0301141
-0.0284586
-0.0268243
-0.0252106
-0.0236169
-0.0220429
-0.0204885
-0.0189538
-0.0174389
-0.0159443
-0.0144704
-0.0130179
-0.0115875
-0.0101803
-0.00879708
-0.00743897
-0.00610709
-0.0048026
-0.00352669
-0.00228057
-0.00106542
0.00011757
0.00126727
0.00238259
0.00346251
0.00450608
0.00551245
0.00648086
0.00741066
0.00830129
0.00915233
0.00996348
0.0107345
0.0114654
0.0121562
0.0128071
0.0134183
0.0139902
0.0145233
0.0150181
0.0154755
0.015896
0.0162804
0.0166298
0.0169449
0.0172267
0.0174763
0.0176947
0.0178828
0.0180419
0.0181729
0.0182769
0.0183549
0.018408
0.0184372
0.0184436
0.018428
0.0183915
0.0183349
0.0182592
0.0181651
0.0180536
0.0179253
0.0177811
0.0176215
0.0174474
0.0172593
0.0170578
0.0168435
0.0166169
0.0163785
0.0161287
0.0158681
0.015597
0.0153157
0.0150248
0.0147244
0.0144148
0.0140965
0.0137696
0.0134344
0.0130911
0.01274
0.0123812
0.0120149
0.0116414
0.0112608
0.0108731
0.0104787
0.0100775
0.00966986
0.00925573
0.00883528
0.0084086
0.00797582
0.007537
0.00709225
0.00664166
0.00618528
0.00572321
0.0052555
0.00478221
0.0043034
0.00381911
0.00332938
0.0028342
0.0023337
0.00182737
0.00131735
0.000792468
0.000308462
-0.194617
-0.197334
-0.199692
-0.201704
-0.203391
-0.204778
-0.205889
-0.206747
-0.207374
-0.207789
-0.20801
-0.208052
-0.20793
-0.207655
-0.207236
-0.206683
-0.206003
-0.205202
-0.204286
-0.203259
-0.202124
-0.200885
-0.199544
-0.198104
-0.196565
-0.19493
-0.1932
-0.191375
-0.189457
-0.187447
-0.185346
-0.183155
-0.180875
-0.178507
-0.176054
-0.173516
-0.170897
-0.168198
-0.165423
-0.162575
-0.159658
-0.156675
-0.153632
-0.150532
-0.147382
-0.144187
-0.140954
-0.137688
-0.134396
-0.131086
-0.127763
-0.124436
-0.12111
-0.117794
-0.114494
-0.111216
-0.107967
-0.104753
-0.101579
-0.0984498
-0.0953703
-0.0923441
-0.0893746
-0.0864644
-0.0836157
-0.0808299
-0.078108
-0.0754503
-0.0728568
-0.0703268
-0.0678595
-0.0654533
-0.0631068
-0.060818
-0.0585847
-0.0564046
-0.0542753
-0.0521943
-0.0501591
-0.048167
-0.0462157
-0.0443026
-0.0424254
-0.0405818
-0.0387697
-0.0369872
-0.0352324
-0.0335036
-0.0317995
-0.0301187
-0.0284601
-0.0268229
-0.0252063
-0.0236098
-0.0220332
-0.0204763
-0.0189391
-0.0174218
-0.0159249
-0.0144488
-0.0129941
-0.0115617
-0.0101525
-0.00876741
-0.00740751
-0.00607393
-0.00476783
-0.0034904
-0.00224286
-0.00102639
0.000157821
0.00130864
0.00242497
0.0035058
0.00455018
0.00555725
0.00652626
0.00745655
0.00834757
0.00919891
0.0100103
0.0107814
0.0115123
0.012203
0.0128537
0.0134647
0.0140362
0.0145689
0.0150633
0.0155201
0.01594
0.0163238
0.0166725
0.0169868
0.0172679
0.0175167
0.0177342
0.0179215
0.0180797
0.0182097
0.0183128
0.0183899
0.0184421
0.0184704
0.0184758
0.0184593
0.0184218
0.0183644
0.0182877
0.0181928
0.0180804
0.0179513
0.0178062
0.0176459
0.0174709
0.0172821
0.0170798
0.0168648
0.0166375
0.0163984
0.016148
0.0158868
0.0156151
0.0153333
0.0150417
0.0147408
0.0144308
0.014112
0.0137846
0.0134489
0.0131052
0.0127537
0.0123945
0.0120279
0.011654
0.011273
0.0108851
0.0104903
0.0100889
0.00968095
0.00926655
0.00884585
0.00841893
0.00798591
0.00754688
0.00710192
0.00665112
0.00619455
0.00573229
0.00526441
0.00479095
0.00431198
0.00382754
0.00333766
0.00284236
0.0023417
0.00183536
0.00132463
0.000801864
0.00030788
-0.194808
-0.197543
-0.199915
-0.201938
-0.203632
-0.205023
-0.206135
-0.206992
-0.207617
-0.208029
-0.208247
-0.208286
-0.208161
-0.207882
-0.20746
-0.206904
-0.206221
-0.205418
-0.2045
-0.203471
-0.202334
-0.201094
-0.199753
-0.198312
-0.196773
-0.195138
-0.193408
-0.191584
-0.189668
-0.187659
-0.185559
-0.183369
-0.181091
-0.178725
-0.176273
-0.173737
-0.171119
-0.168422
-0.165649
-0.162802
-0.159886
-0.156904
-0.153861
-0.150762
-0.147612
-0.144417
-0.141183
-0.137916
-0.134622
-0.131309
-0.127984
-0.124653
-0.121323
-0.118003
-0.114697
-0.111414
-0.108159
-0.104939
-0.101758
-0.0986214
-0.0955344
-0.0925007
-0.0895234
-0.0866054
-0.0837488
-0.0809552
-0.0782254
-0.0755601
-0.072959
-0.0704217
-0.0679472
-0.0655342
-0.0631811
-0.0608859
-0.0586465
-0.0564607
-0.0543259
-0.0522396
-0.0501994
-0.0482026
-0.0462468
-0.0443294
-0.0424481
-0.0406006
-0.0387848
-0.0369986
-0.0352403
-0.0335082
-0.0318008
-0.0301168
-0.0284551
-0.0268149
-0.0251953
-0.023596
-0.0220165
-0.0204567
-0.0189168
-0.0173968
-0.0158972
-0.0144185
-0.0129613
-0.0115264
-0.0101147
-0.0087273
-0.00736514
-0.00602938
-0.0047212
-0.0034418
-0.00219239
-0.000974169
0.000211671
0.00136399
0.00248169
0.00356375
0.00460923
0.00561725
0.00658706
0.00751801
0.00840955
0.00926127
0.0100728
0.0108441
0.011575
0.0122655
0.0129159
0.0135264
0.0140975
0.0146296
0.0151233
0.0155792
0.0159982
0.0163811
0.0167287
0.017042
0.0173219
0.0175695
0.0177858
0.0179718
0.0181287
0.0182575
0.0183592
0.018435
0.0184859
0.0185129
0.018517
0.0184992
0.0184605
0.0184018
0.018324
0.0182278
0.0181143
0.017984
0.0178379
0.0176765
0.0175005
0.0173107
0.0171075
0.0168915
0.0166633
0.0164234
0.0161722
0.0159102
0.0156377
0.0153552
0.015063
0.0147614
0.0144507
0.0141313
0.0138034
0.0134672
0.013123
0.012771
0.0124113
0.0120443
0.01167
0.0112886
0.0109002
0.0105051
0.0101033
0.00969503
0.00928032
0.00885931
0.0084321
0.00799881
0.00755951
0.0071143
0.00666326
0.00620647
0.005744
0.00527591
0.00480226
0.00432311
0.0038385
0.00334847
0.00285304
0.00235225
0.0018459
0.00133481
0.000814415
0.000313631
-0.213706
-0.213907
-0.214042
-0.214129
-0.214168
-0.214168
-0.214133
-0.214062
-0.213953
-0.213801
-0.213603
-0.213356
-0.213058
-0.212706
-0.212298
-0.211833
-0.21131
-0.210726
-0.210081
-0.209373
-0.208602
-0.207767
-0.206865
-0.205898
-0.204862
-0.203758
-0.202585
-0.20134
-0.200024
-0.198635
-0.19717
-0.19563
-0.194012
-0.192314
-0.190535
-0.188672
-0.186723
-0.184685
-0.182556
-0.180332
-0.17801
-0.175586
-0.173057
-0.170418
-0.167665
-0.164794
-0.161798
-0.158674
-0.155417
-0.152021
-0.148482
-0.144795
-0.140957
-0.136964
-0.132814
-0.128506
-0.124041
-0.119421
-0.11465
-0.109736
-0.104688
-0.099517
-0.0942392
-0.0888723
-0.0834373
-0.0779577
-0.0724596
-0.0669711
-0.0615219
-0.0561428
-0.0508646
-0.045718
-0.0407326
-0.0359361
-0.0313539
-0.0270081
-0.0229176
-0.0190973
-0.0155579
-0.012306
-0.00934382
-0.00666975
-0.00427834
-0.0021608
-0.000305258
0.00130265
0.0026793
0.00384252
0.00481117
0.00560462
0.00624232
0.00674346
0.00712664
0.00740956
0.00760889
0.00774005
0.00781715
0.00785293
0.00785873
0.0078445
0.00781888
0.00778922
0.0077617
0.00774137
0.0077323
0.00773766
0.00775964
0.00780018
0.00786006
0.00793981
0.00803946
0.00815866
0.00829672
0.0084527
0.00862547
0.00881372
0.00901604
0.00923092
0.00945682
0.00969215
0.00993534
0.0101848
0.010439
0.0106965
0.0109557
0.0112152
0.0114738
0.0117302
0.0119831
0.0122313
0.0124739
0.0127098
0.012938
0.0131578
0.0133682
0.0135686
0.0137582
0.0139365
0.0141029
0.0142568
0.0143979
0.0145257
0.0146399
0.0147402
0.0148264
0.0148981
0.0149553
0.0149979
0.0150256
0.0150385
0.0150365
0.0150196
0.0149879
0.0149414
0.0148801
0.0148042
0.0147139
0.0146092
0.0144903
0.0143573
0.0142105
0.0140501
0.0138763
0.0136893
0.0134893
0.0132765
0.0130513
0.0128139
0.0125645
0.0123034
0.0120308
0.0117471
0.0114524
0.011147
0.0108313
0.0105054
0.0101696
0.00982425
0.00946951
0.00910566
0.00873295
0.00835163
0.00796194
0.00756412
0.0071584
0.00674502
0.00632419
0.00589615
0.0054611
0.00501926
0.00457085
0.00411605
0.00365506
0.00318808
0.00271528
0.00223685
0.00175287
0.00126386
0.000767743
0.000279997
-0.213674
-0.213849
-0.213953
-0.214026
-0.21406
-0.21406
-0.214026
-0.213957
-0.213849
-0.213699
-0.213503
-0.213258
-0.212961
-0.212611
-0.212205
-0.211742
-0.21122
-0.210638
-0.209995
-0.209289
-0.20852
-0.207685
-0.206786
-0.205819
-0.204786
-0.203683
-0.202511
-0.201268
-0.199952
-0.198564
-0.197101
-0.195562
-0.193945
-0.192248
-0.19047
-0.188608
-0.186659
-0.184623
-0.182494
-0.180271
-0.17795
-0.175528
-0.173
-0.170363
-0.167612
-0.164742
-0.16175
-0.158629
-0.155375
-0.151983
-0.148449
-0.144768
-0.140937
-0.136951
-0.13281
-0.128512
-0.124058
-0.11945
-0.114692
-0.109792
-0.104758
-0.0996032
-0.0943418
-0.0889918
-0.0835739
-0.0781114
-0.0726302
-0.0671583
-0.0617249
-0.0563605
-0.0510959
-0.0459616
-0.0409868
-0.0361992
-0.031624
-0.0272834
-0.0231961
-0.019377
-0.015837
-0.0125826
-0.0096164
-0.00693674
-0.00453827
-0.00241224
-0.000546928
0.00107185
0.0024603
0.00363606
0.00461782
0.00542477
0.00607619
0.00659111
0.00698797
0.00728437
0.00749683
0.00764069
0.00772997
0.00777733
0.00779406
0.00779008
0.00777399
0.00775315
0.0077337
0.00772072
0.00771827
0.00772952
0.00775677
0.00780212
0.00786612
0.00794938
0.00805202
0.00817371
0.00831382
0.00847143
0.00864546
0.00883462
0.00903754
0.00925275
0.00947873
0.00971393
0.00995679
0.0102058
0.0104593
0.010716
0.0109744
0.011233
0.0114906
0.0117459
0.0119976
0.0122447
0.0124862
0.0127209
0.0129479
0.0131665
0.0133758
0.013575
0.0137635
0.0139407
0.014106
0.0142589
0.0143991
0.0145259
0.0146392
0.0147387
0.014824
0.014895
0.0149514
0.0149932
0.0150203
0.0150326
0.0150301
0.0150127
0.0149805
0.0149335
0.0148719
0.0147956
0.0147049
0.0145999
0.0144808
0.0143476
0.0142006
0.01404
0.0138661
0.0136789
0.0134789
0.0132661
0.0130408
0.0128034
0.012554
0.0122929
0.0120203
0.0117366
0.011442
0.0111367
0.0108211
0.0104953
0.0101596
0.00981439
0.00945978
0.00909607
0.0087235
0.00834233
0.00795279
0.00755513
0.00714957
0.00673635
0.00631569
0.00588781
0.00545294
0.00501127
0.00456303
0.0041084
0.00364759
0.00318078
0.00270815
0.00222988
0.00174602
0.00125731
0.000760081
0.000276438
-0.213618
-0.213798
-0.213885
-0.213947
-0.213977
-0.213976
-0.213944
-0.213877
-0.213772
-0.213624
-0.21343
-0.213187
-0.212893
-0.212545
-0.212141
-0.21168
-0.21116
-0.21058
-0.209938
-0.209234
-0.208466
-0.207634
-0.206736
-0.205771
-0.204738
-0.203637
-0.202466
-0.201225
-0.199911
-0.198524
-0.197062
-0.195524
-0.193908
-0.192213
-0.190436
-0.188575
-0.186629
-0.184594
-0.182467
-0.180246
-0.177927
-0.175507
-0.172981
-0.170347
-0.167599
-0.164733
-0.161744
-0.158627
-0.155378
-0.151992
-0.148464
-0.144789
-0.140965
-0.136987
-0.132855
-0.128566
-0.124121
-0.119523
-0.114776
-0.109887
-0.104864
-0.0997198
-0.0944693
-0.0891298
-0.0837221
-0.0782692
-0.0727971
-0.0673333
-0.0619074
-0.0565495
-0.0512905
-0.0461608
-0.0411897
-0.0364047
-0.0318313
-0.0274915
-0.0234041
-0.0195841
-0.0160423
-0.0127852
-0.00981546
-0.00713143
-0.00472787
-0.0025961
-0.000724453
0.000901206
0.00229701
0.00348056
0.00447047
0.00528585
0.00594594
0.00646968
0.00687545
0.00718076
0.00740208
0.00755467
0.00765251
0.0077082
0.00773296
0.0077367
0.00772796
0.00771407
0.00770116
0.0076943
0.00769755
0.0077141
0.00774638
0.00779567
0.00786361
0.00795039
0.00805614
0.00818056
0.00832303
0.00848268
0.00865841
0.00884898
0.00905304
0.00926914
0.00949577
0.00973141
0.00997452
0.0102236
0.0104771
0.0107336
0.0109916
0.0112498
0.0115068
0.0117615
0.0120126
0.012259
0.0124997
0.0127336
0.0129599
0.0131776
0.013386
0.0135844
0.0137721
0.0139484
0.0141129
0.014265
0.0144043
0.0145304
0.014643
0.0147417
0.0148263
0.0148966
0.0149524
0.0149936
0.0150201
0.0150318
0.0150287
0.0150108
0.0149781
0.0149307
0.0148687
0.0147921
0.014701
0.0145957
0.0144762
0.0143428
0.0141956
0.0140348
0.0138606
0.0136733
0.013473
0.0132601
0.0130348
0.0127972
0.0125477
0.0122866
0.012014
0.0117302
0.0114356
0.0111303
0.0108146
0.0104889
0.0101532
0.00980802
0.00945345
0.00908978
0.00871728
0.00833617
0.0079467
0.00754911
0.00714363
0.00673049
0.00630992
0.00588214
0.00544736
0.00500579
0.00455765
0.00410313
0.00364242
0.00317572
0.00270319
0.00222505
0.00174124
0.00125293
0.000754719
0.000276275
-0.213554
-0.213759
-0.213836
-0.213891
-0.213918
-0.213917
-0.213887
-0.213823
-0.21372
-0.213576
-0.213384
-0.213144
-0.212852
-0.212507
-0.212105
-0.211646
-0.211128
-0.21055
-0.20991
-0.209207
-0.208441
-0.20761
-0.206714
-0.20575
-0.204719
-0.20362
-0.20245
-0.20121
-0.199898
-0.198512
-0.197052
-0.195515
-0.193901
-0.192208
-0.190432
-0.188574
-0.186629
-0.184596
-0.182472
-0.180253
-0.177937
-0.17552
-0.172998
-0.170368
-0.167624
-0.164762
-0.161779
-0.158668
-0.155425
-0.152045
-0.148524
-0.144858
-0.141042
-0.137073
-0.132949
-0.128669
-0.124234
-0.119645
-0.114907
-0.110027
-0.105012
-0.099876
-0.0946324
-0.0892992
-0.0838968
-0.0784484
-0.0729796
-0.0675183
-0.0620939
-0.0567367
-0.0514777
-0.0463472
-0.0413749
-0.0365884
-0.032013
-0.027671
-0.0235812
-0.0197585
-0.0162139
-0.0129539
-0.00998117
-0.00729404
-0.00488724
-0.00275205
-0.000876781
0.000752755
0.00215272
0.00334075
0.00433546
0.00515598
0.00582153
0.00635106
0.00676289
0.00707452
0.00730237
0.00746165
0.00756627
0.00762879
0.00766039
0.00767089
0.00766882
0.00766143
0.00765484
0.00765405
0.00766311
0.00768517
0.00772256
0.00777675
0.00784925
0.00794025
0.00804985
0.00817779
0.00832345
0.00848595
0.00866423
0.00885705
0.00906307
0.00928085
0.00950891
0.00974575
0.00998984
0.0102397
0.0104937
0.0107506
0.0110089
0.0112672
0.0115243
0.0117788
0.0120297
0.0122758
0.0125161
0.0127495
0.0129753
0.0131925
0.0134003
0.013598
0.013785
0.0139607
0.0141245
0.0142759
0.0144145
0.0145399
0.0146518
0.0147498
0.0148337
0.0149034
0.0149585
0.0149991
0.015025
0.0150361
0.0150325
0.015014
0.0149808
0.0149329
0.0148704
0.0147933
0.0147019
0.0145961
0.0144762
0.0143424
0.0141949
0.0140338
0.0138593
0.0136717
0.0134712
0.0132581
0.0130325
0.0127947
0.0125451
0.0122838
0.012011
0.0117271
0.0114324
0.011127
0.0108113
0.0104854
0.0101497
0.00980444
0.00944982
0.00908613
0.00871359
0.00833247
0.00794299
0.0075454
0.00713992
0.0067268
0.00630625
0.00587849
0.00544373
0.0050022
0.0045541
0.00409962
0.00363897
0.00317232
0.00269985
0.0022218
0.00173803
0.0012501
0.0007513
0.000277732
-0.213494
-0.213737
-0.213807
-0.213858
-0.213882
-0.213882
-0.213855
-0.213794
-0.213695
-0.213554
-0.213365
-0.213128
-0.212839
-0.212495
-0.212095
-0.211638
-0.211122
-0.210545
-0.209907
-0.209206
-0.208441
-0.207612
-0.206717
-0.205755
-0.204725
-0.203627
-0.202459
-0.20122
-0.199909
-0.198525
-0.197066
-0.195531
-0.193919
-0.192227
-0.190454
-0.188598
-0.186655
-0.184625
-0.182504
-0.180288
-0.177976
-0.175563
-0.173046
-0.17042
-0.167681
-0.164826
-0.161849
-0.158745
-0.15551
-0.152138
-0.148626
-0.144968
-0.141162
-0.137202
-0.133088
-0.128818
-0.124393
-0.119813
-0.115084
-0.110212
-0.105205
-0.100075
-0.094837
-0.089508
-0.0841087
-0.0786622
-0.0731943
-0.0677329
-0.0623075
-0.0569487
-0.0516875
-0.0465546
-0.0415796
-0.0367902
-0.0322121
-0.0278675
-0.0237753
-0.0199505
-0.0164041
-0.0131425
-0.0101683
-0.00747978
-0.00507155
-0.00293479
-0.0010577
0.00057399
0.00197653
0.00316761
0.00416592
0.0049906
0.0056609
0.00619573
0.00661343
0.00693142
0.00716608
0.00733257
0.00744472
0.00751502
0.00755457
0.00757312
0.00757912
0.00757976
0.00758107
0.00758803
0.00760461
0.00763391
0.00767823
0.00773909
0.00781782
0.00791471
0.00802984
0.00816291
0.00831329
0.00848014
0.00866237
0.00885877
0.009068
0.00928866
0.00951926
0.00975832
0.0100043
0.0102558
0.0105113
0.0107693
0.0110285
0.0112875
0.0115451
0.0118
0.0120511
0.0122973
0.0125375
0.0127708
0.0129962
0.013213
0.0134204
0.0136176
0.0138041
0.0139791
0.0141423
0.014293
0.0144309
0.0145556
0.0146667
0.0147639
0.0148471
0.014916
0.0149704
0.0150103
0.0150354
0.0150458
0.0150415
0.0150223
0.0149885
0.0149399
0.0148768
0.0147991
0.0147071
0.0146008
0.0144804
0.0143461
0.014198
0.0140364
0.0138615
0.0136735
0.0134727
0.0132591
0.0130332
0.0127952
0.0125452
0.0122836
0.0120106
0.0117265
0.0114315
0.0111259
0.01081
0.010484
0.0101481
0.00980269
0.00944795
0.00908413
0.0087115
0.00833028
0.00794072
0.00754306
0.00713753
0.00672435
0.00630376
0.00587596
0.00544118
0.00499964
0.00455152
0.00409704
0.0036364
0.00316977
0.00269734
0.00221935
0.00173564
0.00124803
0.000748979
0.000278965
-0.213455
-0.21374
-0.213807
-0.213854
-0.213878
-0.21388
-0.213855
-0.213798
-0.213702
-0.213564
-0.213378
-0.213143
-0.212855
-0.212513
-0.212115
-0.21166
-0.211145
-0.210569
-0.209932
-0.209232
-0.208468
-0.20764
-0.206746
-0.205785
-0.204756
-0.203659
-0.202492
-0.201254
-0.199945
-0.198562
-0.197105
-0.195572
-0.193961
-0.192271
-0.190501
-0.188647
-0.186707
-0.18468
-0.182562
-0.180351
-0.178043
-0.175634
-0.173122
-0.170502
-0.16777
-0.164921
-0.161951
-0.158856
-0.155629
-0.152267
-0.148764
-0.145116
-0.14132
-0.137371
-0.133267
-0.129007
-0.124591
-0.12002
-0.1153
-0.110435
-0.105434
-0.100309
-0.0950753
-0.0897493
-0.0843518
-0.0789061
-0.0734382
-0.067976
-0.0625494
-0.0571891
-0.0519262
-0.0467916
-0.0418152
-0.0370248
-0.0324461
-0.0281014
-0.0240096
-0.0201858
-0.0166406
-0.0133805
-0.0104078
-0.00772079
-0.0053138
-0.00317787
-0.00130105
0.000331061
0.00173483
0.00292805
0.00392945
0.0047582
0.00543355
0.0059744
0.00639902
0.00672478
0.00696797
0.00714364
0.00726553
0.00734601
0.00739608
0.00742537
0.00744223
0.00745375
0.00746587
0.00748348
0.00751048
0.0075499
0.007604
0.0076743
0.00776185
0.00786723
0.00799038
0.00813095
0.00828833
0.00846166
0.00864987
0.00885175
0.00906599
0.00929117
0.00952585
0.00976855
0.0100178
0.0102721
0.0105301
0.0107902
0.0110512
0.0113118
0.0115706
0.0118265
0.0120783
0.012325
0.0125655
0.0127989
0.0130244
0.013241
0.0134481
0.013645
0.0138309
0.0140054
0.0141679
0.0143179
0.0144551
0.0145789
0.0146892
0.0147856
0.0148679
0.0149359
0.0149894
0.0150283
0.0150525
0.015062
0.0150568
0.0150367
0.015002
0.0149526
0.0148886
0.0148101
0.0147173
0.0146103
0.0144891
0.0143541
0.0142054
0.0140432
0.0138676
0.0136791
0.0134776
0.0132636
0.0130371
0.0127986
0.0125482
0.0122861
0.0120127
0.0117283
0.0114329
0.011127
0.0108108
0.0104845
0.0101483
0.00980268
0.00944771
0.00908369
0.00871086
0.00832947
0.00793975
0.00754194
0.00713628
0.00672298
0.00630227
0.00587438
0.00543952
0.0049979
0.00454972
0.0040952
0.00363452
0.00316788
0.00269546
0.00221751
0.00173386
0.00124645
0.00074754
0.000278882
-0.213452
-0.21378
-0.213843
-0.21389
-0.213914
-0.213918
-0.213896
-0.213841
-0.213748
-0.213611
-0.213427
-0.213193
-0.212906
-0.212565
-0.212168
-0.211712
-0.211198
-0.210622
-0.209986
-0.209286
-0.208523
-0.207695
-0.206801
-0.20584
-0.204812
-0.203716
-0.20255
-0.201313
-0.200004
-0.198623
-0.197167
-0.195635
-0.194027
-0.192339
-0.19057
-0.188719
-0.186782
-0.184759
-0.182644
-0.180437
-0.178134
-0.175731
-0.173224
-0.17061
-0.167885
-0.165044
-0.162082
-0.158995
-0.155777
-0.152424
-0.148931
-0.145293
-0.141506
-0.137567
-0.133473
-0.129223
-0.124815
-0.120253
-0.115539
-0.11068
-0.105685
-0.100564
-0.0953336
-0.0900099
-0.0846139
-0.0791693
-0.073702
-0.0682403
-0.0628143
-0.0574548
-0.0521933
-0.0470608
-0.0420872
-0.0373004
-0.0327262
-0.0283867
-0.0243008
-0.0204833
-0.0169448
-0.0136914
-0.0107252
-0.00804419
-0.00564249
-0.00351088
-0.00163722
-6.92061e-06
0.00139651
0.00259095
0.00359517
0.00442837
0.00510975
0.00565814
0.00609172
0.00642773
0.00668232
0.0068704
0.00700554
0.00709994
0.00716444
0.00720852
0.00724036
0.00726694
0.00729404
0.00732645
0.00736796
0.00742151
0.00748929
0.00757281
0.00767287
0.00779027
0.0079248
0.00807607
0.00824347
0.00842616
0.00862304
0.00883294
0.00905452
0.00928642
0.0095272
0.00977542
0.0100296
0.0102883
0.0105502
0.0108137
0.0110777
0.0113408
0.0116017
0.0118594
0.0121126
0.0123604
0.0126018
0.0128358
0.0130616
0.0132784
0.0134854
0.013682
0.0138676
0.0140415
0.0142034
0.0143526
0.0144889
0.0146118
0.0147211
0.0148165
0.0148977
0.0149645
0.0150169
0.0150547
0.0150777
0.0150861
0.0150796
0.0150585
0.0150226
0.014972
0.014907
0.0148274
0.0147335
0.0146254
0.0145033
0.0143673
0.0142177
0.0140546
0.0138782
0.0136888
0.0134865
0.0132717
0.0130446
0.0128054
0.0125543
0.0122917
0.0120177
0.0117327
0.0114368
0.0111304
0.0108137
0.010487
0.0101505
0.00980447
0.00944916
0.00908481
0.00871169
0.00833002
0.00794004
0.00754199
0.00713611
0.00672261
0.00630171
0.00587365
0.00543864
0.00499688
0.00454858
0.00409396
0.0036332
0.00316651
0.00269406
0.00221612
0.00173256
0.00124519
0.00074691
0.000276666
-0.2135
-0.213869
-0.213928
-0.213973
-0.213997
-0.214002
-0.213981
-0.213927
-0.213834
-0.213697
-0.213513
-0.213278
-0.212991
-0.212649
-0.212251
-0.211795
-0.211279
-0.210704
-0.210066
-0.209366
-0.208602
-0.207774
-0.20688
-0.205919
-0.204891
-0.203794
-0.202629
-0.201392
-0.200084
-0.198704
-0.197249
-0.195719
-0.194111
-0.192426
-0.190659
-0.18881
-0.186877
-0.184856
-0.182746
-0.180543
-0.178244
-0.175846
-0.173346
-0.170738
-0.16802
-0.165186
-0.162232
-0.159153
-0.155944
-0.1526
-0.149116
-0.145487
-0.141709
-0.137779
-0.133693
-0.12945
-0.12505
-0.120494
-0.115786
-0.110932
-0.105941
-0.100824
-0.0955959
-0.0902749
-0.0848816
-0.0794397
-0.0739756
-0.0685178
-0.0630965
-0.057743
-0.0524886
-0.0473647
-0.0424009
-0.0376254
-0.0330636
-0.0287376
-0.0246658
-0.0208628
-0.0173387
-0.0140995
-0.0111467
-0.0084779
-0.00608692
-0.00396423
-0.00209742
-0.000471701
0.00092956
0.00212432
0.00313138
0.00396987
0.00465892
0.00521722
0.00566277
0.00601262
0.0062827
0.00648767
0.00664089
0.0067543
0.00683852
0.0069028
0.00695512
0.00700225
0.00704983
0.00710245
0.00716378
0.00723665
0.00732313
0.00742467
0.00754205
0.00767592
0.00782609
0.00799211
0.00817338
0.00836902
0.00857797
0.00879904
0.00903093
0.00927228
0.0095217
0.00977774
0.010039
0.0103041
0.0105716
0.0108401
0.0111085
0.0113753
0.0116396
0.0119
0.0121555
0.0124052
0.012648
0.0128831
0.0131097
0.0133269
0.0135341
0.0137306
0.0139159
0.0140893
0.0142505
0.0143989
0.0145343
0.0146561
0.0147642
0.0148583
0.0149382
0.0150037
0.0150546
0.0150909
0.0151125
0.0151193
0.0151114
0.0150887
0.0150514
0.0149994
0.0149328
0.0148519
0.0147566
0.0146472
0.0145237
0.0143865
0.0142356
0.0140713
0.0138938
0.0137032
0.0135
0.0132841
0.013056
0.0128159
0.012564
0.0123005
0.0120257
0.0117399
0.0114434
0.0111363
0.010819
0.0104917
0.0101547
0.00980811
0.00945231
0.00908752
0.00871397
0.0083319
0.00794156
0.00754317
0.00713696
0.00672316
0.006302
0.00587369
0.00543844
0.00499647
0.00454799
0.0040932
0.00363231
0.00316552
0.00269302
0.00221505
0.00173161
0.00124407
0.00074704
0.000271746
-0.213616
-0.21402
-0.21407
-0.214111
-0.214133
-0.214135
-0.214113
-0.214056
-0.213961
-0.213821
-0.213634
-0.213397
-0.213107
-0.212762
-0.212362
-0.211903
-0.211386
-0.210808
-0.210169
-0.209467
-0.208702
-0.207872
-0.206977
-0.206015
-0.204986
-0.203889
-0.202723
-0.201487
-0.200179
-0.198799
-0.197345
-0.195816
-0.19421
-0.192526
-0.190761
-0.188915
-0.186984
-0.184967
-0.18286
-0.180661
-0.178367
-0.175974
-0.173479
-0.170878
-0.168166
-0.165338
-0.162391
-0.15932
-0.156118
-0.152781
-0.149305
-0.145683
-0.141912
-0.137989
-0.133909
-0.129672
-0.125277
-0.120726
-0.116022
-0.111172
-0.106184
-0.101071
-0.0958465
-0.0905298
-0.0851416
-0.079706
-0.0742497
-0.0688014
-0.0633916
-0.0580516
-0.052813
-0.047707
-0.0427632
-0.0380095
-0.033471
-0.0291693
-0.0251226
-0.0213446
-0.0178452
-0.0146295
-0.0116987
-0.00904977
-0.00667613
-0.00456785
-0.00271219
-0.00109417
0.000303001
0.00149732
0.00250754
0.00335272
0.00405178
0.0046232
0.00508472
0.00545307
0.00574387
0.00597145
0.00614882
0.00628762
0.00639814
0.00648933
0.0065689
0.00664335
0.00671811
0.00679755
0.00688518
0.00698365
0.00709493
0.00722038
0.00736075
0.00751648
0.00768739
0.00787302
0.00807274
0.00828565
0.00851071
0.00874674
0.00899245
0.00924652
0.00950758
0.00977424
0.0100451
0.0103189
0.0105941
0.0108696
0.011144
0.0114162
0.011685
0.0119494
0.0122083
0.0124607
0.0127057
0.0129425
0.0131703
0.0133884
0.0135961
0.0137927
0.0139778
0.0141508
0.0143113
0.0144588
0.0145931
0.0147137
0.0148204
0.0149129
0.0149912
0.015055
0.0151041
0.0151386
0.0151583
0.0151633
0.0151535
0.0151289
0.0150897
0.0150358
0.0149674
0.0148846
0.0147876
0.0146764
0.0145513
0.0144124
0.0142599
0.014094
0.013915
0.0137231
0.0135184
0.0133013
0.0130719
0.0128306
0.0125775
0.0123129
0.0120371
0.0117504
0.0114529
0.011145
0.0108268
0.0104988
0.010161
0.00981373
0.00945729
0.00909189
0.00871777
0.00833518
0.00794434
0.00754549
0.00713885
0.00672465
0.00630312
0.00587446
0.00543889
0.00499663
0.00454789
0.00409287
0.00363179
0.00316484
0.00269225
0.00221421
0.00173091
0.00124298
0.000747923
0.00026387
-0.213818
-0.214244
-0.214278
-0.214309
-0.214322
-0.214318
-0.214288
-0.214225
-0.214123
-0.213977
-0.213785
-0.213542
-0.213247
-0.212898
-0.212493
-0.21203
-0.211509
-0.210928
-0.210286
-0.209582
-0.208814
-0.207982
-0.207085
-0.206122
-0.205092
-0.203994
-0.202827
-0.20159
-0.200282
-0.198902
-0.197448
-0.19592
-0.194315
-0.192632
-0.19087
-0.189025
-0.187097
-0.185083
-0.182979
-0.180784
-0.178494
-0.176106
-0.173615
-0.171018
-0.168311
-0.165489
-0.162548
-0.159481
-0.156285
-0.152954
-0.149482
-0.145866
-0.1421
-0.13818
-0.134104
-0.12987
-0.125478
-0.12093
-0.116229
-0.111382
-0.106398
-0.101289
-0.0960704
-0.090761
-0.0853822
-0.0799584
-0.0745166
-0.0690859
-0.0636968
-0.0583808
-0.0531694
-0.0480936
-0.0431827
-0.0384641
-0.0339623
-0.0296985
-0.0256899
-0.0219497
-0.0184868
-0.0153057
-0.0124068
-0.00978655
-0.00743769
-0.00534986
-0.00350999
-0.00190287
-0.000511598
0.000681821
0.00169604
0.00254991
0.00326209
0.00385072
0.00433314
0.00472569
0.00504352
0.00530054
0.0055093
0.00568101
0.00582555
0.0059515
0.0060662
0.00617585
0.00628556
0.00639948
0.00652087
0.00665219
0.00679532
0.00695147
0.00712129
0.00730503
0.00750254
0.00771334
0.00793675
0.00817187
0.00841766
0.00867296
0.00893652
0.00920704
0.00948319
0.00976364
0.010047
0.0103321
0.0106175
0.0109021
0.0111846
0.0114638
0.0117388
0.0120085
0.0122719
0.012528
0.0127761
0.0130154
0.013245
0.0134644
0.0136729
0.01387
0.0140551
0.0142277
0.0143875
0.014534
0.014667
0.0147862
0.0148912
0.014982
0.0150583
0.01512
0.015167
0.0151992
0.0152167
0.0152193
0.0152072
0.0151803
0.0151387
0.0150825
0.0150118
0.0149267
0.0148274
0.0147141
0.0145868
0.0144458
0.0142913
0.0141236
0.0139427
0.0137489
0.0135425
0.0133237
0.0130927
0.0128499
0.0125953
0.0123294
0.0120523
0.0117643
0.0114657
0.0111566
0.0108374
0.0105084
0.0101696
0.00982152
0.00946426
0.00909809
0.00872325
0.00833998
0.0079485
0.00754905
0.00714186
0.00672714
0.00630512
0.00587601
0.00544003
0.00499738
0.00454829
0.00409296
0.00363162
0.00316445
0.00269172
0.00221355
0.00173042
0.00124189
0.000749556
0.000253112
-0.214127
-0.214554
-0.214558
-0.214567
-0.214563
-0.214544
-0.214501
-0.214426
-0.214312
-0.214157
-0.213955
-0.213704
-0.213401
-0.213046
-0.212635
-0.212167
-0.211641
-0.211056
-0.210409
-0.209701
-0.208931
-0.208096
-0.207196
-0.206231
-0.205199
-0.2041
-0.202932
-0.201694
-0.200386
-0.199005
-0.197552
-0.196023
-0.194419
-0.192738
-0.190976
-0.189134
-0.187207
-0.185195
-0.183094
-0.180901
-0.178614
-0.176229
-0.173741
-0.171148
-0.168445
-0.165626
-0.162688
-0.159625
-0.156431
-0.153103
-0.149633
-0.146019
-0.142254
-0.138335
-0.13426
-0.130027
-0.125636
-0.121089
-0.11639
-0.111546
-0.106566
-0.101464
-0.0962544
-0.0909571
-0.0855939
-0.0801896
-0.0747715
-0.0693688
-0.0640123
-0.0587333
-0.0535631
-0.0485322
-0.0436696
-0.0390018
-0.0345525
-0.030342
-0.0263865
-0.0226984
-0.0192853
-0.016151
-0.0132948
-0.0107126
-0.00839626
-0.00633508
-0.00451558
-0.00292232
-0.00153835
-0.000345748
0.000673944
0.00153927
0.0022685
0.0028793
0.00338849
0.00381186
0.004164
0.00445824
0.00470657
0.00491967
0.0051069
0.00527637
0.00543499
0.00558856
0.00574185
0.00589868
0.00606206
0.00623425
0.00641698
0.00661127
0.00681761
0.00703615
0.0072667
0.00750876
0.0077616
0.00802434
0.00829593
0.00857525
0.00886106
0.00915213
0.00944716
0.00974488
0.010044
0.0103433
0.0106416
0.0109376
0.0112303
0.0115186
0.0118015
0.012078
0.0123472
0.0126082
0.0128604
0.0131029
0.013335
0.0135563
0.013766
0.0139638
0.014149
0.0143214
0.0144804
0.0146259
0.0147575
0.014875
0.0149781
0.0150668
0.0151408
0.0152
0.0152445
0.0152741
0.0152888
0.0152886
0.0152736
0.0152439
0.0151994
0.0151404
0.0150669
0.0149791
0.0148771
0.014761
0.0146312
0.0144877
0.0143307
0.0141605
0.0139773
0.0137813
0.0135728
0.013352
0.013119
0.0128743
0.012618
0.0123504
0.0120716
0.0117821
0.011482
0.0111716
0.0108511
0.0105208
0.0101809
0.00983173
0.00947345
0.00910632
0.00873058
0.00834646
0.00795419
0.007554
0.00714612
0.00673075
0.00630812
0.00587844
0.00544193
0.0049988
0.00454927
0.00409354
0.00363185
0.00316439
0.00269145
0.0022131
0.00173015
0.00124084
0.000751918
0.000239843
-0.214568
-0.21496
-0.214911
-0.21488
-0.214845
-0.214801
-0.214737
-0.214644
-0.214515
-0.214345
-0.214131
-0.21387
-0.213558
-0.213194
-0.212776
-0.212302
-0.21177
-0.21118
-0.210529
-0.209817
-0.209042
-0.208204
-0.207302
-0.206334
-0.2053
-0.204199
-0.203029
-0.201791
-0.200481
-0.1991
-0.197646
-0.196118
-0.194514
-0.192833
-0.191072
-0.18923
-0.187305
-0.185294
-0.183194
-0.181003
-0.178717
-0.176333
-0.173847
-0.171255
-0.168553
-0.165735
-0.162797
-0.159734
-0.15654
-0.15321
-0.14974
-0.146123
-0.142357
-0.138436
-0.134359
-0.130124
-0.125732
-0.121185
-0.116487
-0.111647
-0.106674
-0.101582
-0.0963868
-0.0911083
-0.085769
-0.080394
-0.0750111
-0.0696495
-0.0643398
-0.0591133
-0.0540007
-0.0490319
-0.0442349
-0.0396355
-0.0352562
-0.031116
-0.02723
-0.0236091
-0.02026
-0.017185
-0.0143827
-0.0118477
-0.00957164
-0.00754295
-0.0057479
-0.00417086
-0.0027949
-0.00160227
-0.000574813
0.000305571
0.00105662
0.00169539
0.00223804
0.00269967
0.00309416
0.00343415
0.00373094
0.00399457
0.0042338
0.00445615
0.00466804
0.00487479
0.00508077
0.00528945
0.00550352
0.00572501
0.00595552
0.00619575
0.00644604
0.0067065
0.00697686
0.00725658
0.00754491
0.00784096
0.0081437
0.00845202
0.00876474
0.00908068
0.00939859
0.00971728
0.0100355
0.0103522
0.0106661
0.0109762
0.0112814
0.0115808
0.0118733
0.0121583
0.0124347
0.0127019
0.0129591
0.0132058
0.0134412
0.0136648
0.0138763
0.014075
0.0142606
0.0144328
0.0145912
0.0147355
0.0148656
0.0149812
0.0150822
0.0151684
0.0152397
0.0152961
0.0153375
0.015364
0.0153755
0.015372
0.0153537
0.0153206
0.0152727
0.0152104
0.0151335
0.0150424
0.0149371
0.0148179
0.014685
0.0145384
0.0143785
0.0142055
0.0140195
0.0138209
0.0136098
0.0133865
0.0131512
0.0129043
0.0126458
0.0123761
0.0120955
0.0118041
0.0115023
0.0111902
0.0108681
0.0105364
0.0101951
0.0098446
0.00948509
0.0091168
0.00873997
0.00835483
0.00796161
0.00756052
0.00715178
0.00673563
0.00631226
0.00588189
0.00544473
0.00500101
0.00455093
0.00409471
0.00363257
0.00316474
0.00269153
0.00221292
0.00173015
0.00123989
0.000754939
0.000224695
-0.215177
-0.215467
-0.21533
-0.215234
-0.215152
-0.215072
-0.214979
-0.214862
-0.214714
-0.214527
-0.214299
-0.214026
-0.213704
-0.213331
-0.212905
-0.212423
-0.211886
-0.211289
-0.210634
-0.209917
-0.209139
-0.208298
-0.207393
-0.206422
-0.205386
-0.204283
-0.203112
-0.201871
-0.200561
-0.199179
-0.197724
-0.196195
-0.194591
-0.192909
-0.191149
-0.189306
-0.187381
-0.18537
-0.18327
-0.181078
-0.178791
-0.176406
-0.173919
-0.171325
-0.168621
-0.1658
-0.162859
-0.159792
-0.156594
-0.153259
-0.149783
-0.146161
-0.142388
-0.138462
-0.13438
-0.130141
-0.125747
-0.121199
-0.116504
-0.11167
-0.106708
-0.101631
-0.0964572
-0.0912062
-0.0859012
-0.0805678
-0.0752337
-0.0699284
-0.0646822
-0.0595258
-0.0544892
-0.0496013
-0.0448893
-0.0403773
-0.0360865
-0.0320345
-0.0282347
-0.0246966
-0.0214253
-0.0184221
-0.0156842
-0.0132054
-0.0109764
-0.00898526
-0.00721781
-0.0056584
-0.0042902
-0.00309573
-0.0020573
-0.0011574
-0.000378953
0.000294323
0.000877787
0.00138569
0.00183109
0.00222578
0.0025803
0.0029039
0.00320466
0.00348946
0.00376412
0.00403344
0.00430133
0.00457085
0.00484443
0.00512375
0.00541016
0.0057041
0.00600586
0.00631539
0.00663237
0.00695619
0.0072861
0.00762119
0.00796045
0.00830282
0.00864716
0.00899233
0.00933718
0.00968057
0.0100214
0.0103585
0.010691
0.0110177
0.0113378
0.0116504
0.0119546
0.0122496
0.0125347
0.0128093
0.0130727
0.0133244
0.0135638
0.0137905
0.0140041
0.0142042
0.0143904
0.0145625
0.0147203
0.0148634
0.0149919
0.0151054
0.0152039
0.0152873
0.0153556
0.0154088
0.0154468
0.0154696
0.0154774
0.0154701
0.0154479
0.0154109
0.0153591
0.0152928
0.0152121
0.0151172
0.0150081
0.0148852
0.0147486
0.0145985
0.0144352
0.0142589
0.0140697
0.0138679
0.0136539
0.0134277
0.0131897
0.0129401
0.0126791
0.012407
0.0121241
0.0118306
0.0115267
0.0112127
0.0108888
0.0105553
0.0102124
0.00986035
0.00949939
0.00912974
0.00875163
0.00836528
0.00797093
0.00756877
0.00715904
0.00674195
0.0063177
0.00588651
0.00544859
0.00500415
0.00455341
0.00409659
0.00363392
0.00316561
0.00269204
0.00221308
0.00173047
0.00123914
0.000758494
0.000208507
-0.216003
-0.216076
-0.2158
-0.215607
-0.215459
-0.215332
-0.215204
-0.215059
-0.214889
-0.214685
-0.214442
-0.214156
-0.213823
-0.213442
-0.213008
-0.21252
-0.211976
-0.211375
-0.210715
-0.209995
-0.209213
-0.208368
-0.20746
-0.206488
-0.205449
-0.204344
-0.203171
-0.201929
-0.200617
-0.199233
-0.197777
-0.196247
-0.194642
-0.192958
-0.191196
-0.189352
-0.187425
-0.185411
-0.183308
-0.181114
-0.178823
-0.176434
-0.173942
-0.171343
-0.168632
-0.165805
-0.162856
-0.15978
-0.156573
-0.153229
-0.149743
-0.146111
-0.142329
-0.138394
-0.134304
-0.13006
-0.125662
-0.121115
-0.116425
-0.111601
-0.106654
-0.1016
-0.0964561
-0.0912434
-0.0859853
-0.0807078
-0.0754386
-0.0702069
-0.0650426
-0.0599756
-0.0550349
-0.0502483
-0.0456412
-0.0412362
-0.0370528
-0.0331068
-0.0294098
-0.0259694
-0.0227894
-0.0198694
-0.0172054
-0.0147903
-0.012614
-0.010664
-0.008926
-0.00738437
-0.00602249
-0.00482332
-0.00376977
-0.00284506
-0.00203296
-0.00131811
-0.000686089
-0.000123623
0.000381379
0.000839778
0.00126121
0.0016541
0.00202572
0.00238225
0.00272887
0.0030698
0.00340844
0.0037474
0.00408877
0.00443422
0.00478424
0.00513935
0.00549971
0.00586515
0.00623523
0.00660933
0.00698664
0.00736627
0.00774724
0.00812851
0.008509
0.00888763
0.00926334
0.00963506
0.0100018
0.0103625
0.0107163
0.0110622
0.0113995
0.0117273
0.012045
0.0123517
0.012647
0.0129303
0.0132009
0.0134586
0.0137028
0.0139331
0.0141493
0.0143511
0.0145382
0.0147104
0.0148676
0.0150095
0.0151362
0.0152474
0.0153433
0.0154236
0.0154886
0.015538
0.0155721
0.0155909
0.0155945
0.0155829
0.0155563
0.0155149
0.0154587
0.0153879
0.0153028
0.0152035
0.0150902
0.014963
0.0148223
0.0146682
0.0145009
0.0143208
0.0141279
0.0139226
0.0137051
0.0134757
0.0132345
0.0129819
0.012718
0.0124432
0.0121577
0.0118617
0.0115554
0.0112392
0.0109132
0.0105777
0.010233
0.00987915
0.00951652
0.0091453
0.00876571
0.00837798
0.00798232
0.00757894
0.00716806
0.00674988
0.00632461
0.00589247
0.00545365
0.00500838
0.00455686
0.00409932
0.00363601
0.00316713
0.00269309
0.00221371
0.00173117
0.00123869
0.000762402
0.000192256
-0.217124
-0.21678
-0.216291
-0.215965
-0.215733
-0.21555
-0.215383
-0.215211
-0.215019
-0.214799
-0.214542
-0.214246
-0.213904
-0.213515
-0.213075
-0.212582
-0.212033
-0.211428
-0.210764
-0.21004
-0.209256
-0.208409
-0.207498
-0.206523
-0.205482
-0.204375
-0.2032
-0.201956
-0.200642
-0.199256
-0.197798
-0.196265
-0.194656
-0.19297
-0.191204
-0.189356
-0.187424
-0.185405
-0.183297
-0.181095
-0.178798
-0.176401
-0.173899
-0.17129
-0.168568
-0.165729
-0.162767
-0.159678
-0.156456
-0.153098
-0.149597
-0.145951
-0.142156
-0.138209
-0.13411
-0.129859
-0.125459
-0.120914
-0.116233
-0.111424
-0.1065
-0.101477
-0.0963748
-0.0912134
-0.086017
-0.0808118
-0.0756253
-0.0704863
-0.0654238
-0.0604667
-0.0556427
-0.0509779
-0.0464958
-0.0422173
-0.0381596
-0.0343365
-0.0307575
-0.0274285
-0.0243513
-0.0215242
-0.0189418
-0.0165961
-0.0144762
-0.0125694
-0.0108612
-0.00933607
-0.00797782
-0.00677001
-0.00569633
-0.00474088
-0.00388845
-0.0031247
-0.00243633
-0.00181114
-0.00123812
-0.000707436
-0.000210434
0.000260399
0.000711497
0.00114828
0.00157522
0.00199596
0.00241334
0.00282951
0.00324638
0.00366492
0.00408549
0.00450847
0.00493385
0.00536131
0.00579034
0.00622024
0.00665022
0.00707936
0.00750672
0.00793128
0.00835205
0.00876801
0.00917817
0.00958156
0.00997727
0.0103644
0.0107421
0.0111097
0.0114663
0.0118113
0.0121442
0.0124643
0.0127711
0.0130642
0.0133431
0.0136076
0.0138573
0.0140919
0.0143112
0.0145151
0.0147033
0.0148757
0.0150324
0.0151731
0.0152978
0.0154067
0.0154996
0.0155766
0.0156378
0.0156833
0.0157131
0.0157274
0.0157263
0.01571
0.0156785
0.0156322
0.015571
0.0154954
0.0154053
0.0153011
0.015183
0.0150511
0.0149057
0.0147471
0.0145755
0.0143911
0.0141941
0.0139848
0.0137635
0.0135304
0.0132857
0.0130297
0.0127626
0.0124847
0.0121963
0.0118975
0.0115886
0.0112699
0.0109415
0.0106038
0.0102569
0.00990109
0.00953658
0.0091636
0.00878234
0.00839304
0.00799591
0.00759114
0.00717895
0.00675955
0.00633312
0.00589989
0.00546006
0.00501383
0.00456142
0.00410305
0.00363898
0.00316941
0.00269481
0.00221489
0.00173231
0.00123864
0.000766436
0.000176991
-0.218658
-0.217551
-0.216759
-0.216263
-0.215934
-0.215693
-0.215491
-0.215295
-0.215086
-0.214853
-0.214588
-0.214284
-0.213937
-0.213542
-0.213098
-0.212601
-0.212049
-0.211441
-0.210775
-0.210049
-0.209262
-0.208413
-0.2075
-0.206523
-0.20548
-0.20437
-0.203192
-0.201945
-0.200628
-0.199239
-0.197776
-0.196239
-0.194625
-0.192933
-0.191161
-0.189306
-0.187366
-0.185338
-0.18322
-0.181007
-0.178698
-0.176287
-0.173772
-0.171147
-0.168408
-0.165551
-0.16257
-0.159462
-0.15622
-0.152842
-0.149322
-0.145658
-0.141846
-0.137885
-0.133776
-0.129519
-0.125118
-0.12058
-0.115912
-0.111125
-0.106234
-0.101255
-0.0962063
-0.0911111
-0.0859931
-0.0808782
-0.0757937
-0.0707675
-0.0658275
-0.0610012
-0.0563145
-0.0517916
-0.0474539
-0.0433199
-0.0394045
-0.0357193
-0.0322716
-0.0290651
-0.0261001
-0.023373
-0.0208776
-0.0186046
-0.0165429
-0.0146792
-0.0129993
-0.0114878
-0.0101293
-0.008908
-0.00780852
-0.00681603
-0.00591646
-0.00509666
-0.00434452
-0.00364904
-0.00300035
-0.00238973
-0.00180956
-0.00125328
-0.000715337
-0.000191103
0.000323187
0.000830551
0.00133337
0.00183318
0.00233162
0.00282912
0.00332599
0.00382236
0.00431802
0.00481255
0.00530533
0.00579564
0.00628265
0.00676545
0.00724311
0.00771469
0.00817923
0.00863579
0.00908347
0.00952141
0.00994876
0.0103648
0.0107687
0.0111599
0.0115378
0.0119018
0.0122514
0.0125862
0.0129057
0.0132098
0.013498
0.0137701
0.014026
0.0142654
0.0144883
0.0146945
0.0148841
0.015057
0.0152131
0.0153526
0.0154754
0.0155817
0.0156715
0.015745
0.0158022
0.0158434
0.0158686
0.015878
0.0158719
0.0158503
0.0158136
0.0157619
0.0156953
0.0156142
0.0155188
0.0154093
0.0152859
0.0151489
0.0149985
0.0148349
0.0146585
0.0144694
0.0142679
0.0140542
0.0138287
0.0135915
0.013343
0.0130832
0.0128126
0.0125314
0.0122397
0.0119378
0.011626
0.0113045
0.0109736
0.0106334
0.0102842
0.00992617
0.00955959
0.00918464
0.00880155
0.00841052
0.00801175
0.00760545
0.00719181
0.00677104
0.00634333
0.00590889
0.00546791
0.00502061
0.00456719
0.00410788
0.00364294
0.00317258
0.00269729
0.00221671
0.00173395
0.00123906
0.000770344
0.000163744
-0.220759
-0.218327
-0.21714
-0.216446
-0.216018
-0.215729
-0.215502
-0.215292
-0.215076
-0.214838
-0.214569
-0.214262
-0.213913
-0.213517
-0.213071
-0.212573
-0.212021
-0.211411
-0.210744
-0.210016
-0.209228
-0.208377
-0.207462
-0.206482
-0.205437
-0.204323
-0.203142
-0.20189
-0.200568
-0.199173
-0.197704
-0.19616
-0.194538
-0.192836
-0.191054
-0.189187
-0.187235
-0.185193
-0.18306
-0.180831
-0.178503
-0.176073
-0.173537
-0.17089
-0.168128
-0.165246
-0.162241
-0.159107
-0.15584
-0.152437
-0.148893
-0.145207
-0.141377
-0.137401
-0.133281
-0.12902
-0.124623
-0.120096
-0.115449
-0.110695
-0.105847
-0.100924
-0.0959454
-0.0909333
-0.0859117
-0.0809064
-0.0759438
-0.0710508
-0.0662538
-0.0615784
-0.0570486
-0.0526862
-0.0485101
-0.0445364
-0.0407775
-0.0372422
-0.0339359
-0.0308602
-0.0280134
-0.0253906
-0.0229845
-0.0207851
-0.0187806
-0.016958
-0.0153031
-0.0138012
-0.0124375
-0.0111971
-0.0100658
-0.00903003
-0.00807685
-0.00719444
-0.00637198
-0.00559971
-0.00486899
-0.00417222
-0.00350284
-0.00285528
-0.00222486
-0.00160775
-0.0010009
-0.000401922
0.000190898
0.000779331
0.00136365
0.00194437
0.00252165
0.00309535
0.00366509
0.00423032
0.00479036
0.00534442
0.00589166
0.00643118
0.00696209
0.00748346
0.00799441
0.00849408
0.00898165
0.00945635
0.00991745
0.0103643
0.0107963
0.0112128
0.0116135
0.0119978
0.0123654
0.0127161
0.0130494
0.0133653
0.0136636
0.0139441
0.0142067
0.0144515
0.0146783
0.0148873
0.0150785
0.0152519
0.0154077
0.0155459
0.0156668
0.0157704
0.015857
0.0159267
0.0159798
0.0160163
0.0160367
0.0160409
0.0160294
0.0160024
0.01596
0.0159025
0.0158302
0.0157433
0.0156422
0.0155269
0.0153979
0.0152553
0.0150995
0.0149306
0.014749
0.0145548
0.0143485
0.0141302
0.0139001
0.0136586
0.0134058
0.0131421
0.0128677
0.0125827
0.0122876
0.0119824
0.0116675
0.011343
0.0110092
0.0106664
0.0103146
0.00995425
0.00958543
0.00920837
0.00882328
0.00843036
0.00802982
0.00762185
0.00720663
0.00678438
0.00635527
0.0059195
0.00547727
0.00502879
0.00457426
0.0041139
0.00364798
0.0031767
0.0027006
0.00221925
0.00173609
0.00124003
0.000773877
0.00015346
-0.223676
-0.218975
-0.217332
-0.216469
-0.215951
-0.215632
-0.215401
-0.215193
-0.21498
-0.214746
-0.214481
-0.214178
-0.213832
-0.213438
-0.212995
-0.212498
-0.211946
-0.211337
-0.210669
-0.209941
-0.209151
-0.208298
-0.20738
-0.206397
-0.205347
-0.204228
-0.203041
-0.201783
-0.200452
-0.199048
-0.19757
-0.196014
-0.19438
-0.192664
-0.190867
-0.188983
-0.187013
-0.184951
-0.182796
-0.180544
-0.178191
-0.175735
-0.173171
-0.170494
-0.167702
-0.16479
-0.161753
-0.158587
-0.15529
-0.151857
-0.148287
-0.144577
-0.140726
-0.136736
-0.132608
-0.128347
-0.123959
-0.119451
-0.114836
-0.110125
-0.105334
-0.100483
-0.0955903
-0.0906791
-0.0857729
-0.0808967
-0.0760758
-0.0713356
-0.0667009
-0.0621949
-0.0578393
-0.0536532
-0.0496531
-0.045852
-0.0422598
-0.0388829
-0.0357244
-0.0327838
-0.0300578
-0.0275402
-0.0252227
-0.0230947
-0.0211444
-0.0193588
-0.0177241
-0.0162264
-0.0148518
-0.0135865
-0.0124176
-0.0113326
-0.0103201
-0.00936963
-0.00847163
-0.00761766
-0.00680028
-0.00601304
-0.00525044
-0.00450785
-0.00378147
-0.00306824
-0.00236581
-0.00167235
-0.000986585
-0.00030746
0.00036511
0.00103139
0.00169129
0.00234444
0.00299031
0.00362824
0.00425747
0.00487717
0.00548649
0.00608452
0.0066704
0.00724325
0.00780225
0.00834661
0.00887558
0.00938849
0.00988471
0.0103637
0.0108249
0.011268
0.0116925
0.0120982
0.0124849
0.0128522
0.0132002
0.0135286
0.0138375
0.0141269
0.0143968
0.0146473
0.0148785
0.0150905
0.0152834
0.0154576
0.0156131
0.0157502
0.0158691
0.0159701
0.0160534
0.0161192
0.0161679
0.0161998
0.016215
0.0162139
0.0161968
0.0161639
0.0161156
0.0160521
0.0159738
0.0158809
0.0157736
0.0156524
0.0155174
0.015369
0.0152074
0.015033
0.0148459
0.0146465
0.014435
0.0142117
0.0139768
0.0137307
0.0134735
0.0132056
0.0129271
0.0126383
0.0123395
0.0120308
0.0117125
0.0113849
0.0110481
0.0107024
0.010348
0.00998511
0.00961389
0.00923458
0.00884737
0.00845245
0.00805001
0.00764026
0.00722336
0.00679952
0.00636891
0.00593172
0.00548814
0.00503838
0.00458264
0.00412113
0.00365413
0.00318183
0.00270479
0.00222254
0.00173876
0.00124157
0.000776798
0.000146939
-0.228072
-0.219367
-0.217141
-0.216316
-0.215735
-0.215397
-0.215188
-0.215003
-0.214806
-0.214585
-0.214331
-0.214038
-0.213699
-0.213311
-0.212871
-0.212378
-0.211828
-0.211219
-0.210551
-0.209821
-0.209029
-0.208172
-0.20725
-0.206261
-0.205204
-0.204078
-0.202881
-0.201612
-0.20027
-0.198853
-0.19736
-0.195788
-0.194135
-0.192401
-0.190581
-0.188675
-0.186679
-0.18459
-0.182406
-0.180124
-0.177739
-0.175248
-0.172649
-0.169936
-0.167106
-0.164156
-0.161082
-0.15788
-0.154547
-0.151082
-0.147483
-0.143748
-0.139878
-0.135876
-0.131745
-0.12749
-0.123118
-0.11864
-0.114067
-0.109413
-0.104696
-0.099932
-0.0951433
-0.0903513
-0.0855792
-0.0808509
-0.0761902
-0.0716208
-0.0671651
-0.062844
-0.0586765
-0.0546788
-0.0508646
-0.0472442
-0.0438249
-0.0406104
-0.0376017
-0.0347965
-0.0321899
-0.0297749
-0.0275421
-0.0254809
-0.0235794
-0.0218249
-0.0202045
-0.0187049
-0.0173134
-0.0160176
-0.0148056
-0.0136666
-0.0125904
-0.0115679
-0.0105909
-0.00965225
-0.00874572
-0.00786595
-0.00700845
-0.00616951
-0.00534614
-0.00453601
-0.00373743
-0.00294917
-0.00217013
-0.00140016
-0.000639143
0.000112869
0.000855521
0.00158826
0.00231042
0.00302125
0.00371992
0.00440556
0.00507729
0.00573422
0.00637551
0.00700032
0.00760788
0.00819746
0.00876841
0.00932012
0.00985206
0.0103638
0.0108549
0.0113251
0.0117741
0.0122017
0.0126079
0.0129924
0.0133555
0.0136969
0.0140169
0.0143156
0.0145931
0.0148496
0.0150854
0.0153006
0.0154956
0.0156706
0.015826
0.015962
0.016079
0.0161773
0.0162573
0.0163193
0.0163636
0.0163906
0.0164007
0.0163941
0.0163712
0.0163325
0.0162781
0.0162084
0.0161239
0.0160247
0.0159112
0.0157838
0.0156427
0.0154883
0.0153208
0.0151405
0.0149478
0.0147429
0.0145261
0.0142976
0.0140578
0.0138069
0.0135451
0.0132728
0.0129901
0.0126973
0.0123946
0.0120823
0.0117606
0.0114297
0.0110898
0.0107411
0.0103839
0.0100184
0.00964465
0.00926299
0.00887355
0.00847654
0.00807212
0.0076605
0.00724184
0.00681632
0.00638413
0.00594544
0.00550044
0.00504933
0.0045923
0.00412956
0.00366138
0.00318796
0.00270986
0.0022266
0.00174194
0.00124371
0.000778914
0.000144767
-0.234306
-0.21945
-0.216449
-0.215989
-0.21543
-0.215068
-0.214893
-0.214747
-0.214574
-0.214372
-0.214133
-0.213852
-0.213522
-0.213141
-0.212706
-0.212216
-0.211667
-0.211058
-0.210388
-0.209656
-0.208858
-0.207996
-0.207066
-0.206068
-0.205001
-0.203862
-0.202652
-0.201368
-0.200009
-0.198573
-0.197059
-0.195464
-0.193787
-0.192026
-0.190178
-0.188241
-0.186212
-0.184089
-0.181868
-0.179547
-0.177122
-0.17459
-0.171947
-0.169191
-0.166318
-0.163324
-0.160208
-0.156965
-0.153595
-0.150095
-0.146466
-0.142708
-0.138823
-0.134814
-0.130686
-0.126445
-0.122101
-0.117665
-0.113148
-0.108567
-0.103937
-0.099279
-0.0946115
-0.0899565
-0.085336
-0.0807725
-0.0762881
-0.0719041
-0.0676407
-0.0635159
-0.0595459
-0.0557441
-0.0521211
-0.0486845
-0.045439
-0.0423862
-0.0395248
-0.0368511
-0.0343589
-0.0320403
-0.0298857
-0.0278842
-0.0260243
-0.024294
-0.022681
-0.0211733
-0.0197592
-0.0184278
-0.0171685
-0.0159718
-0.0148291
-0.0137325
-0.0126752
-0.0116512
-0.0106554
-0.0096835
-0.00873196
-0.00779789
-0.00687905
-0.00597375
-0.00508115
-0.00419994
-0.00332995
-0.00247121
-0.00162381
-0.000788106
3.5327e-05
0.000845795
0.00164251
0.00242464
0.00319127
0.00394152
0.00467449
0.00538929
0.00608508
0.00676109
0.00741657
0.00805086
0.00866336
0.00925356
0.009821
0.0103653
0.0108862
0.0113835
0.011857
0.0123067
0.0127325
0.0131344
0.0135127
0.0138673
0.0141986
0.0145067
0.014792
0.0150548
0.0152953
0.0155139
0.0157111
0.0158871
0.0160425
0.0161775
0.0162927
0.0163885
0.0164652
0.0165234
0.0165634
0.0165856
0.0165904
0.0165784
0.0165498
0.016505
0.0164446
0.0163687
0.0162778
0.0161724
0.0160526
0.0159189
0.0157716
0.0156111
0.0154376
0.0152514
0.015053
0.0148425
0.0146203
0.0143866
0.0141417
0.013886
0.0136195
0.0133427
0.0130557
0.0127588
0.0124522
0.0121362
0.0118109
0.0114766
0.0111335
0.0107819
0.0104218
0.0100535
0.00967727
0.00929319
0.00890147
0.0085023
0.00809586
0.00768231
0.00726183
0.00683459
0.00640076
0.00596052
0.00551405
0.00506152
0.00460314
0.0041391
0.00366967
0.00319505
0.00271578
0.00223139
0.00174559
0.00124642
0.000780107
0.000147261
)
;

boundaryField
{
    inlet
    {
        type            zeroGradient;
    }
    outlet
    {
        type            fixedValue;
        value           uniform 0;
    }
    walls
    {
        type            zeroGradient;
    }
    frontAndBack
    {
        type            empty;
    }
}


// ************************************************************************* //
