/*--------------------------------*- C++ -*----------------------------------*\
  =========                 |
  \\      /  F ield         | OpenFOAM: The Open Source CFD Toolbox
   \\    /   O peration     | Website:  https://openfoam.org
    \\  /    A nd           | Version:  11
     \\/     M anipulation  |
\*---------------------------------------------------------------------------*/
FoamFile
{
    format      ascii;
    class       volScalarField;
    location    "27";
    object      p;
}
// * * * * * * * * * * * * * * * * * * * * * * * * * * * * * * * * * * * * * //

dimensions      [0 2 -2 0 0 0 0];

internalField   nonuniform List<scalar> 
8400
(
-0.0953174
-0.101548
-0.108226
-0.114298
-0.120232
-0.126265
-0.132398
-0.138603
-0.144883
-0.151255
-0.157738
-0.164354
-0.171128
-0.178096
-0.185304
-0.192815
-0.200723
-0.209187
-0.218539
-0.230377
-0.0949759
-0.101569
-0.108387
-0.114353
-0.120227
-0.126275
-0.132424
-0.138632
-0.144914
-0.151291
-0.157782
-0.164406
-0.17119
-0.178169
-0.185391
-0.192918
-0.200838
-0.20928
-0.218244
-0.227219
-0.094662
-0.101547
-0.108519
-0.114395
-0.120194
-0.126247
-0.132413
-0.13862
-0.144895
-0.151266
-0.15775
-0.164365
-0.171137
-0.178098
-0.18529
-0.192765
-0.200577
-0.208744
-0.216978
-0.224158
-0.0943782
-0.101445
-0.108597
-0.114432
-0.120141
-0.126177
-0.132354
-0.138556
-0.144812
-0.151163
-0.157625
-0.16421
-0.170942
-0.177847
-0.184958
-0.192303
-0.199886
-0.207615
-0.215041
-0.221033
-0.0941045
-0.101275
-0.108601
-0.114438
-0.120061
-0.126061
-0.132239
-0.138429
-0.144656
-0.150971
-0.157391
-0.163924
-0.170585
-0.177394
-0.184371
-0.191516
-0.198784
-0.206007
-0.21269
-0.217837
-0.0938326
-0.101063
-0.10853
-0.114392
-0.119944
-0.125896
-0.132062
-0.138233
-0.144419
-0.150682
-0.15704
-0.163495
-0.170055
-0.176731
-0.183525
-0.190416
-0.197321
-0.204031
-0.210072
-0.214634
-0.0935595
-0.100824
-0.108394
-0.114287
-0.119784
-0.125684
-0.131826
-0.137967
-0.144102
-0.150298
-0.156575
-0.162931
-0.169362
-0.175873
-0.18245
-0.189053
-0.195576
-0.2018
-0.207308
-0.21147
-0.0932863
-0.10057
-0.108209
-0.114127
-0.119581
-0.12543
-0.131537
-0.137638
-0.143714
-0.149831
-0.156013
-0.16225
-0.168533
-0.174854
-0.181193
-0.187493
-0.19364
-0.199425
-0.204498
-0.208387
-0.0930174
-0.100312
-0.10799
-0.113921
-0.11934
-0.125142
-0.131207
-0.137261
-0.14327
-0.1493
-0.155375
-0.161482
-0.167603
-0.173723
-0.179814
-0.185813
-0.191607
-0.197008
-0.201733
-0.205434
-0.0927605
-0.100059
-0.107752
-0.113682
-0.119072
-0.124831
-0.130853
-0.136853
-0.14279
-0.148729
-0.154693
-0.160663
-0.166617
-0.172534
-0.178382
-0.184095
-0.189568
-0.194641
-0.19909
-0.202663
-0.0925251
-0.099824
-0.107509
-0.113421
-0.118787
-0.124513
-0.13049
-0.136433
-0.142297
-0.148146
-0.153999
-0.159833
-0.165623
-0.171345
-0.176962
-0.182415
-0.187607
-0.192406
-0.19664
-0.200129
-0.0923222
-0.0996166
-0.107271
-0.113152
-0.1185
-0.124203
-0.130137
-0.136022
-0.141816
-0.147579
-0.153326
-0.159031
-0.164667
-0.170209
-0.17562
-0.180843
-0.185797
-0.190373
-0.194443
-0.197878
-0.0921628
-0.0994466
-0.107047
-0.112886
-0.118224
-0.123915
-0.129811
-0.135639
-0.141368
-0.147055
-0.152706
-0.158295
-0.163794
-0.169177
-0.174409
-0.179438
-0.184197
-0.188599
-0.192547
-0.195951
-0.0920575
-0.0993217
-0.106841
-0.112629
-0.117974
-0.123664
-0.129524
-0.135301
-0.140975
-0.146597
-0.152166
-0.157656
-0.163039
-0.168289
-0.173374
-0.178248
-0.182854
-0.187124
-0.190986
-0.194375
-0.0920159
-0.0992454
-0.106652
-0.112391
-0.117762
-0.123462
-0.12929
-0.135021
-0.140652
-0.146222
-0.151726
-0.157137
-0.162427
-0.167574
-0.172545
-0.177301
-0.181794
-0.18597
-0.189776
-0.193162
-0.0920464
-0.0992154
-0.106475
-0.112177
-0.117599
-0.123315
-0.129112
-0.134808
-0.140409
-0.145942
-0.151398
-0.15675
-0.161974
-0.167046
-0.171936
-0.17661
-0.181027
-0.185142
-0.188915
-0.192307
-0.0921542
-0.0992179
-0.106303
-0.111997
-0.117492
-0.123225
-0.128993
-0.134664
-0.140248
-0.145758
-0.151182
-0.156496
-0.161677
-0.166702
-0.171543
-0.176167
-0.180539
-0.184621
-0.188379
-0.191782
-0.0923417
-0.099223
-0.106129
-0.111864
-0.117445
-0.123185
-0.128928
-0.134585
-0.140162
-0.145661
-0.151069
-0.156363
-0.161522
-0.166524
-0.17134
-0.175941
-0.180293
-0.184363
-0.18812
-0.191536
-0.0926151
-0.0992062
-0.105963
-0.11179
-0.117448
-0.123182
-0.128906
-0.134561
-0.140139
-0.145637
-0.151041
-0.156331
-0.161486
-0.166484
-0.171297
-0.175895
-0.180248
-0.184323
-0.18809
-0.191521
-0.0929537
-0.0991854
-0.10581
-0.111759
-0.117478
-0.123204
-0.12892
-0.13458
-0.140166
-0.14567
-0.15108
-0.156378
-0.161543
-0.166551
-0.171377
-0.17599
-0.18036
-0.184453
-0.18824
-0.191692
-0.230414
-0.219104
-0.21576
-0.215533
-0.215105
-0.214717
-0.214554
-0.214444
-0.214297
-0.214111
-0.213887
-0.213617
-0.213295
-0.21292
-0.212489
-0.211999
-0.21145
-0.210839
-0.210164
-0.209425
-0.208619
-0.207747
-0.206805
-0.205793
-0.20471
-0.203555
-0.202325
-0.201019
-0.199636
-0.198175
-0.196632
-0.195008
-0.193298
-0.191502
-0.189617
-0.187641
-0.18557
-0.183403
-0.181137
-0.178768
-0.176294
-0.173712
-0.171019
-0.168211
-0.165287
-0.162243
-0.159078
-0.155789
-0.152377
-0.148841
-0.145181
-0.141399
-0.137499
-0.133486
-0.129365
-0.125145
-0.120835
-0.116449
-0.111998
-0.1075
-0.102971
-0.0984292
-0.0938956
-0.0893902
-0.0849338
-0.0805471
-0.0762503
-0.0720623
-0.0680004
-0.06408
-0.0603143
-0.0567137
-0.053286
-0.050036
-0.0469659
-0.0440752
-0.0413607
-0.0388174
-0.0364381
-0.0342141
-0.0321357
-0.0301922
-0.0283724
-0.0266651
-0.025059
-0.0235432
-0.0221073
-0.0207416
-0.0194371
-0.0181855
-0.0169796
-0.0158129
-0.0146797
-0.0135752
-0.0124953
-0.0114368
-0.0103968
-0.00937341
-0.0083649
-0.00737023
-0.0063891
-0.0054207
-0.00446518
-0.00352274
-0.00259383
-0.00167908
-0.000779207
0.000104958
0.000972511
0.00182252
0.00265402
0.00346609
0.00425779
0.00502825
0.00577664
0.00650218
0.00720417
0.00788201
0.00853513
0.00916307
0.00976547
0.010342
0.0108925
0.0114168
0.0119149
0.0123867
0.0128324
0.0132521
0.013646
0.0140143
0.0143574
0.0146756
0.0149693
0.0152389
0.0154848
0.0157076
0.0159076
0.0160853
0.0162413
0.0163761
0.0164902
0.0165841
0.0166582
0.0167131
0.0167494
0.0167674
0.0167677
0.0167507
0.0167169
0.0166667
0.0166006
0.016519
0.0164224
0.016311
0.0161854
0.0160459
0.0158928
0.0157265
0.0155474
0.0153557
0.0151519
0.0149361
0.0147088
0.0144702
0.0142206
0.0139602
0.0136894
0.0134083
0.0131173
0.0128165
0.0125062
0.0121867
0.0118581
0.0115207
0.0111746
0.0108201
0.0104574
0.0100866
0.00970794
0.00932161
0.00892778
0.00852662
0.00811829
0.00770297
0.00728082
0.006852
0.00641667
0.00597501
0.00552718
0.00507336
0.00461373
0.0041485
0.00367791
0.00320215
0.00272175
0.00223628
0.00174923
0.00124937
0.000780148
0.000154423
-0.227279
-0.219113
-0.215495
-0.215158
-0.214846
-0.214441
-0.214249
-0.214151
-0.214022
-0.213847
-0.213631
-0.213368
-0.213052
-0.212679
-0.212248
-0.211757
-0.211203
-0.210585
-0.209902
-0.209152
-0.208334
-0.207446
-0.206487
-0.205457
-0.204352
-0.203173
-0.201917
-0.200584
-0.199171
-0.197676
-0.196099
-0.194437
-0.192688
-0.19085
-0.188921
-0.186898
-0.184779
-0.182562
-0.180244
-0.177823
-0.175295
-0.172658
-0.169911
-0.167049
-0.164073
-0.16098
-0.157768
-0.154438
-0.150989
-0.147423
-0.143741
-0.139947
-0.136045
-0.132042
-0.127945
-0.123763
-0.119507
-0.11519
-0.110827
-0.106432
-0.102023
-0.0976191
-0.0932379
-0.088899
-0.0846215
-0.080424
-0.0763242
-0.0723385
-0.0684813
-0.0647652
-0.0612003
-0.0577944
-0.0545524
-0.051477
-0.048568
-0.0458233
-0.0432385
-0.0408073
-0.0385222
-0.0363742
-0.0343538
-0.0324508
-0.0306549
-0.0289556
-0.0273429
-0.0258072
-0.0243394
-0.0229311
-0.0215747
-0.0202632
-0.0189907
-0.0177518
-0.016542
-0.0153574
-0.014195
-0.0130522
-0.0119271
-0.0108181
-0.00972429
-0.00864529
-0.00758053
-0.00653018
-0.00549442
-0.0044737
-0.00346872
-0.00248026
-0.00150918
-0.000556429
0.000377021
0.00129016
0.00218201
0.00305159
0.00389796
0.00472024
0.0055176
0.00628931
0.00703469
0.00775314
0.00844418
0.00910738
0.00974243
0.0103491
0.0109272
0.0114768
0.0119978
0.0124903
0.0129546
0.0133908
0.0137992
0.0141802
0.0145342
0.0148616
0.015163
0.0154388
0.0156895
0.0159157
0.0161181
0.0162971
0.0164533
0.0165874
0.0167
0.0167916
0.0168628
0.0169142
0.0169464
0.01696
0.0169554
0.0169332
0.0168939
0.0168381
0.0167662
0.0166787
0.016576
0.0164586
0.0163269
0.0161813
0.0160222
0.01585
0.015665
0.0154676
0.0152582
0.015037
0.0148044
0.0145607
0.0143061
0.014041
0.0137655
0.01348
0.0131848
0.01288
0.0125658
0.0122426
0.0119105
0.0115697
0.0112205
0.010863
0.0104974
0.0101239
0.00974273
0.00935398
0.00895787
0.00855454
0.00814417
0.00772691
0.00730292
0.00687236
0.00643537
0.00599213
0.00554278
0.0050875
0.00462646
0.00415986
0.00368793
0.00321085
0.00272911
0.00224234
0.0017537
0.00125315
0.000779487
0.000166053
-0.224914
-0.219198
-0.215527
-0.214859
-0.214596
-0.214196
-0.213958
-0.213847
-0.213727
-0.213557
-0.213344
-0.213085
-0.21277
-0.212397
-0.211963
-0.211465
-0.210903
-0.210275
-0.209579
-0.208813
-0.207977
-0.207069
-0.206088
-0.205032
-0.2039
-0.202691
-0.201403
-0.200035
-0.198585
-0.197051
-0.195431
-0.193725
-0.191929
-0.190043
-0.188062
-0.185987
-0.183814
-0.181541
-0.179165
-0.176686
-0.1741
-0.171406
-0.168601
-0.165685
-0.162656
-0.159514
-0.156258
-0.152889
-0.149408
-0.145818
-0.142122
-0.138325
-0.134432
-0.13045
-0.126389
-0.122258
-0.11807
-0.113837
-0.109575
-0.105297
-0.101022
-0.096767
-0.0925486
-0.0883848
-0.0842929
-0.080289
-0.0763884
-0.0726046
-0.0689494
-0.0654324
-0.0620611
-0.0588406
-0.0557736
-0.0528604
-0.0500994
-0.047487
-0.0450177
-0.0426848
-0.0404805
-0.038396
-0.0364222
-0.0345496
-0.0327687
-0.0310704
-0.0294456
-0.0278861
-0.0263841
-0.0249324
-0.0235247
-0.0221554
-0.0208195
-0.0195127
-0.0182316
-0.016973
-0.0157348
-0.014515
-0.0133123
-0.0121257
-0.0109547
-0.00979936
-0.00865938
-0.00753512
-0.00642703
-0.00533581
-0.00426229
-0.0032074
-0.00217209
-0.00115739
-0.000164363
0.000805954
0.00175253
0.00267436
0.00357049
0.00444004
0.00528219
0.00609619
0.00688139
0.00763723
0.00836324
0.00905904
0.00972436
0.010359
0.0109629
0.0115361
0.0120785
0.0125905
0.0130722
0.013524
0.0139462
0.0143392
0.0147036
0.0150399
0.0153486
0.0156304
0.0158858
0.0161155
0.0163202
0.0165005
0.0166571
0.0167906
0.0169019
0.0169914
0.01706
0.0171082
0.0171366
0.017146
0.0171368
0.0171098
0.0170654
0.0170042
0.0169268
0.0168336
0.0167252
0.016602
0.0164645
0.0163131
0.0161483
0.0159704
0.0157798
0.015577
0.0153622
0.0151358
0.0148981
0.0146494
0.0143901
0.0141203
0.0138404
0.0135507
0.0132514
0.0129426
0.0126248
0.012298
0.0119625
0.0116185
0.0112662
0.0109058
0.0105374
0.0101613
0.00977762
0.00938653
0.00898818
0.00858275
0.00817039
0.00775124
0.00732545
0.00689318
0.00645456
0.00600976
0.00555892
0.00510219
0.00463976
0.00417179
0.0036985
0.00322009
0.00273697
0.00224886
0.00175845
0.00125734
0.00077808
0.000181476
-0.222289
-0.218559
-0.215345
-0.214471
-0.214235
-0.213884
-0.213622
-0.213494
-0.213379
-0.213217
-0.213008
-0.21275
-0.212437
-0.212061
-0.211621
-0.211116
-0.210543
-0.2099
-0.209187
-0.208402
-0.207543
-0.20661
-0.205601
-0.204514
-0.203349
-0.202104
-0.200778
-0.199369
-0.197876
-0.196296
-0.194629
-0.192872
-0.191024
-0.189083
-0.187046
-0.184913
-0.182681
-0.180348
-0.177912
-0.175372
-0.172727
-0.169974
-0.167113
-0.164143
-0.161063
-0.157875
-0.15458
-0.151178
-0.147673
-0.144067
-0.140366
-0.136576
-0.132703
-0.128755
-0.124743
-0.120676
-0.116569
-0.112432
-0.108282
-0.104133
-0.100001
-0.0959026
-0.0918529
-0.087868
-0.0839628
-0.0801514
-0.0764462
-0.0728582
-0.0693964
-0.066068
-0.0628777
-0.0598285
-0.056921
-0.054154
-0.0515245
-0.0490277
-0.0466579
-0.044408
-0.0422701
-0.0402362
-0.0382975
-0.0364456
-0.0346719
-0.0329684
-0.0313273
-0.0297416
-0.0282047
-0.0267106
-0.0252542
-0.0238308
-0.0224365
-0.0210679
-0.0197223
-0.0183975
-0.0170916
-0.0158035
-0.0145322
-0.0132772
-0.0120385
-0.0108162
-0.00961019
-0.00842113
-0.00724969
-0.00609671
-0.00496313
-0.00384996
-0.00275826
-0.0016891
-0.000643604
0.000377147
0.00137209
0.00234019
0.0032805
0.0041921
0.00507417
0.00592598
0.00674687
0.0075363
0.00829381
0.00901905
0.00971178
0.0103718
0.0109992
0.0115939
0.012156
0.0126858
0.0131836
0.0136498
0.0140848
0.014489
0.0148631
0.0152077
0.0155233
0.0158107
0.0160706
0.0163036
0.0165106
0.0166922
0.0168493
0.0169825
0.0170926
0.0171804
0.0172466
0.0172918
0.0173169
0.0173224
0.0173091
0.0172775
0.0172284
0.0171622
0.0170796
0.0169812
0.0168674
0.0167389
0.0165959
0.0164391
0.0162689
0.0160857
0.0158899
0.0156819
0.0154621
0.0152307
0.0149882
0.0147349
0.0144711
0.014197
0.0139129
0.0136191
0.0133159
0.0130035
0.012682
0.0123519
0.0120131
0.0116661
0.0113108
0.0109476
0.0105766
0.010198
0.00981198
0.00941864
0.00901817
0.00861072
0.00819644
0.00777547
0.00734796
0.00691404
0.00647386
0.00602755
0.00557526
0.00511714
0.00465334
0.00418403
0.00370941
0.00322966
0.00274514
0.00225568
0.00176341
0.00126186
0.000776144
0.000199847
-0.219424
-0.217246
-0.214768
-0.213877
-0.213673
-0.213414
-0.213177
-0.213049
-0.212947
-0.212802
-0.212602
-0.21235
-0.212039
-0.211662
-0.211217
-0.210703
-0.210117
-0.209458
-0.208724
-0.207916
-0.207031
-0.206068
-0.205027
-0.203905
-0.202702
-0.201417
-0.200048
-0.198593
-0.197052
-0.195422
-0.193702
-0.191891
-0.189986
-0.187987
-0.185891
-0.183697
-0.181404
-0.179009
-0.176513
-0.173912
-0.171207
-0.168397
-0.165482
-0.162462
-0.159337
-0.156109
-0.152781
-0.149354
-0.145833
-0.142222
-0.138527
-0.134755
-0.130914
-0.127012
-0.12306
-0.11907
-0.115053
-0.111023
-0.106994
-0.102981
-0.098997
-0.0950578
-0.0911774
-0.0873694
-0.0836467
-0.0800207
-0.0765015
-0.0730976
-0.0698155
-0.0666599
-0.0636337
-0.0607377
-0.0579711
-0.0553314
-0.0528145
-0.0504154
-0.0481279
-0.045945
-0.0438594
-0.0418634
-0.0399492
-0.0381093
-0.0363362
-0.034623
-0.032963
-0.0313502
-0.0297794
-0.0282454
-0.0267442
-0.025272
-0.0238256
-0.0224026
-0.0210006
-0.0196181
-0.0182538
-0.0169069
-0.0155768
-0.0142634
-0.012967
-0.0116875
-0.0104252
-0.00918101
-0.00795566
-0.0067501
-0.00556533
-0.00440245
-0.00326257
-0.00214682
-0.00105634
7.73321e-06
0.00104432
0.00205236
0.00303087
0.00397895
0.00489574
0.00578052
0.00663262
0.0074515
0.00823671
0.00898792
0.00970489
0.0103875
0.0110357
0.0116496
0.0122293
0.0127752
0.0132875
0.0137666
0.0142132
0.0146276
0.0150105
0.0153627
0.0156847
0.0159774
0.0162414
0.0164776
0.0166868
0.0168698
0.0170274
0.0171604
0.0172696
0.0173558
0.0174199
0.0174626
0.0174846
0.0174867
0.0174695
0.0174339
0.0173805
0.0173098
0.0172226
0.0171193
0.0170007
0.0168672
0.0167193
0.0165575
0.0163823
0.0161942
0.0159936
0.0157808
0.0155563
0.0153204
0.0150735
0.0148158
0.0145478
0.0142696
0.0139817
0.0136841
0.0133773
0.0130614
0.0127367
0.0124034
0.0120616
0.0117117
0.0113537
0.0109879
0.0106144
0.0102335
0.0098452
0.00944974
0.00904727
0.00863792
0.00822184
0.00779916
0.00737002
0.00693455
0.00649288
0.00604514
0.00559147
0.00513201
0.0046669
0.00419631
0.00372039
0.00323934
0.00275345
0.00226266
0.00176849
0.0012666
0.000773933
0.000220133
-0.216475
-0.215472
-0.213789
-0.213043
-0.212902
-0.212761
-0.212595
-0.212497
-0.212422
-0.212303
-0.212123
-0.211883
-0.211578
-0.211202
-0.210753
-0.21023
-0.20963
-0.208953
-0.208198
-0.207364
-0.20645
-0.205455
-0.204378
-0.203218
-0.201974
-0.200645
-0.199229
-0.197725
-0.196133
-0.19445
-0.192675
-0.190807
-0.188844
-0.186785
-0.184629
-0.182374
-0.18002
-0.177565
-0.175008
-0.17235
-0.169589
-0.166726
-0.163762
-0.160697
-0.157534
-0.154274
-0.150922
-0.147479
-0.143953
-0.140347
-0.136668
-0.132926
-0.129127
-0.125281
-0.1214
-0.117495
-0.113577
-0.10966
-0.105757
-0.101881
-0.0980452
-0.0942633
-0.0905474
-0.086909
-0.0833589
-0.079906
-0.0765584
-0.073322
-0.0702014
-0.0671993
-0.0643167
-0.0615532
-0.0589066
-0.0563737
-0.0539499
-0.05163
-0.0494077
-0.0472766
-0.0452298
-0.0432604
-0.0413616
-0.0395265
-0.037749
-0.0360229
-0.0343429
-0.0327039
-0.0311014
-0.0295314
-0.0279905
-0.0264756
-0.0249844
-0.0235148
-0.022065
-0.020634
-0.0192208
-0.0178248
-0.0164459
-0.0150842
-0.0137398
-0.0124129
-0.0111042
-0.00981443
-0.00854452
-0.00729546
-0.00606831
-0.00486421
-0.0036843
-0.00252977
-0.00140177
-0.000301469
0.000770021
0.00181163
0.00282236
0.00380126
0.0047475
0.0056603
0.00653902
0.00738311
0.0081921
0.00896566
0.00970356
0.0104057
0.011072
0.0117027
0.0122978
0.0128577
0.0133827
0.0138734
0.0143301
0.0147536
0.0151445
0.0155035
0.0158312
0.0161287
0.0163965
0.0166356
0.0168469
0.0170312
0.0171893
0.0173222
0.0174307
0.0175157
0.017578
0.0176184
0.0176377
0.0176368
0.0176163
0.0175771
0.0175198
0.0174452
0.0173538
0.0172462
0.0171232
0.0169852
0.0168329
0.0166666
0.016487
0.0162945
0.0160894
0.0158723
0.0156436
0.0154036
0.0151526
0.014891
0.0146192
0.0143373
0.0140458
0.0137449
0.0134347
0.0131157
0.0127879
0.0124517
0.0121072
0.0117546
0.0113941
0.0110259
0.0106502
0.010267
0.00987671
0.00947931
0.00907499
0.00866389
0.00824614
0.00782187
0.00739122
0.0069543
0.00651125
0.00606218
0.00560723
0.00514651
0.00468017
0.00420835
0.00373121
0.00324891
0.0027617
0.00226961
0.00177358
0.00127143
0.000771716
0.000241185
-0.213517
-0.213394
-0.212459
-0.211978
-0.211949
-0.211946
-0.211887
-0.211848
-0.211814
-0.211732
-0.211581
-0.211359
-0.211065
-0.210693
-0.210242
-0.20971
-0.209097
-0.208402
-0.207625
-0.206764
-0.205819
-0.20479
-0.203676
-0.202475
-0.201188
-0.199813
-0.198349
-0.196795
-0.19515
-0.193413
-0.191582
-0.189657
-0.187636
-0.185519
-0.183304
-0.18099
-0.178577
-0.176065
-0.173452
-0.170741
-0.167929
-0.16502
-0.162014
-0.158913
-0.155719
-0.152437
-0.149069
-0.145621
-0.142099
-0.138508
-0.134857
-0.131153
-0.127405
-0.123625
-0.119821
-0.116006
-0.112192
-0.108389
-0.104612
-0.100871
-0.0971787
-0.0935467
-0.0899853
-0.0865042
-0.0831118
-0.0798153
-0.0766205
-0.0735315
-0.0705511
-0.0676805
-0.0649193
-0.0622661
-0.059718
-0.0572713
-0.0549213
-0.0526627
-0.0504898
-0.0483965
-0.0463767
-0.0444242
-0.0425331
-0.0406975
-0.0389121
-0.0371719
-0.0354721
-0.0338087
-0.032178
-0.0305765
-0.0290016
-0.0274508
-0.0259222
-0.024414
-0.0229251
-0.0214545
-0.0200016
-0.018566
-0.0171478
-0.0157472
-0.0143642
-0.0129994
-0.0116533
-0.010327
-0.00902138
-0.00773737
-0.00647613
-0.00523881
-0.00402659
-0.00284066
-0.00168222
-0.000552451
0.000547521
0.0016166
0.00265376
0.00365806
0.00462861
0.00556466
0.00646551
0.00733062
0.00815951
0.00895185
0.00970739
0.010426
0.0111077
0.0117526
0.0123609
0.0129328
0.0134688
0.0139694
0.014435
0.0148664
0.0152642
0.0156291
0.0159619
0.0162636
0.0165348
0.0167766
0.0169897
0.0171752
0.0173339
0.0174668
0.0175748
0.0176587
0.0177195
0.017758
0.0177751
0.0177715
0.0177482
0.0177059
0.0176452
0.0175671
0.017472
0.0173607
0.0172338
0.0170919
0.0169356
0.0167654
0.0165819
0.0163854
0.0161765
0.0159555
0.015723
0.0154793
0.0152247
0.0149596
0.0146844
0.0143993
0.0141045
0.0138005
0.0134874
0.0131655
0.012835
0.0124962
0.0121492
0.0117942
0.0114315
0.0110611
0.0106833
0.0102982
0.00990606
0.00950689
0.0091009
0.0086882
0.00826893
0.00784322
0.00741119
0.00697296
0.00652864
0.00607836
0.00562222
0.00516035
0.00469288
0.00421992
0.00374163
0.00325816
0.0027697
0.00227639
0.00177859
0.00127622
0.000769742
0.000261832
-0.210607
-0.211149
-0.210877
-0.210728
-0.210859
-0.211008
-0.211079
-0.211124
-0.211147
-0.211112
-0.210997
-0.2108
-0.21052
-0.210156
-0.209705
-0.209166
-0.20854
-0.207827
-0.207026
-0.206138
-0.205162
-0.204099
-0.202947
-0.201705
-0.200375
-0.198954
-0.197442
-0.195838
-0.194142
-0.192351
-0.190467
-0.188487
-0.18641
-0.184237
-0.181966
-0.179598
-0.177131
-0.174567
-0.171905
-0.169146
-0.166292
-0.163344
-0.160304
-0.157175
-0.15396
-0.150664
-0.147292
-0.143848
-0.140339
-0.136773
-0.133157
-0.129499
-0.12581
-0.122099
-0.118377
-0.114654
-0.110942
-0.107252
-0.103596
-0.0999827
-0.0964243
-0.09293
-0.0895087
-0.0861681
-0.082915
-0.0797546
-0.0766911
-0.0737271
-0.0708639
-0.0681016
-0.0654391
-0.0628741
-0.0604035
-0.0580234
-0.0557291
-0.0535158
-0.0513782
-0.0493107
-0.047308
-0.0453647
-0.0434756
-0.0416358
-0.0398407
-0.038086
-0.0363679
-0.0346829
-0.0330278
-0.0313999
-0.0297969
-0.0282167
-0.0266578
-0.0251189
-0.0235988
-0.0220969
-0.0206128
-0.0191461
-0.0176973
-0.0162663
-0.0148532
-0.0134589
-0.0120839
-0.0107291
-0.00939561
-0.00808436
-0.0067965
-0.00553317
-0.0042956
-0.00308498
-0.00190253
-0.000749442
0.000373133
0.00146408
0.00252237
0.00354701
0.00453713
0.00549193
0.00641072
0.00729292
0.00813805
0.00894576
0.0097158
0.010448
0.0111425
0.0117992
0.0124184
0.0130004
0.0135456
0.0140545
0.0145277
0.0149657
0.0153693
0.0157393
0.0160766
0.0163818
0.016656
0.0169001
0.0171149
0.0173015
0.0174608
0.0175937
0.0177013
0.0177843
0.0178439
0.0178808
0.017896
0.0178903
0.0178645
0.0178195
0.017756
0.0176748
0.0175766
0.0174621
0.0173319
0.0171866
0.0170269
0.0168533
0.0166662
0.0164663
0.016254
0.0160298
0.015794
0.015547
0.0152893
0.0150211
0.0147429
0.0144548
0.0141573
0.0138506
0.0135349
0.0132105
0.0128776
0.0125365
0.0121872
0.0118302
0.0114654
0.0110931
0.0107135
0.0103267
0.00993287
0.00953214
0.00912465
0.00871053
0.00828991
0.00786291
0.00742965
0.00699024
0.00654479
0.00609341
0.00563621
0.0051733
0.00470479
0.00423081
0.00375147
0.00326692
0.0027773
0.00228286
0.00178343
0.00128084
0.000768216
0.000280969
-0.207803
-0.208856
-0.209151
-0.209357
-0.209685
-0.209997
-0.210212
-0.210358
-0.210451
-0.210471
-0.210398
-0.21023
-0.209969
-0.209614
-0.209164
-0.20862
-0.207982
-0.207251
-0.206429
-0.205514
-0.204508
-0.20341
-0.202221
-0.200941
-0.199568
-0.198103
-0.196545
-0.194894
-0.193148
-0.191308
-0.189373
-0.187342
-0.185214
-0.18299
-0.180669
-0.178252
-0.175739
-0.173129
-0.170425
-0.167628
-0.164739
-0.161761
-0.158696
-0.155549
-0.152323
-0.149022
-0.145654
-0.142222
-0.138735
-0.1352
-0.131625
-0.12802
-0.124392
-0.120752
-0.117111
-0.113479
-0.109865
-0.10628
-0.102735
-0.0992389
-0.0958005
-0.092428
-0.0891288
-0.0859092
-0.0827742
-0.0797277
-0.0767726
-0.0739103
-0.0711411
-0.0684645
-0.0658787
-0.0633811
-0.0609686
-0.0586374
-0.0563831
-0.0542011
-0.0520869
-0.0500354
-0.0480421
-0.0461021
-0.0442111
-0.0423648
-0.0405594
-0.0387911
-0.0370567
-0.0353531
-0.0336777
-0.0320283
-0.0304027
-0.0287994
-0.0272168
-0.0256539
-0.0241098
-0.0225839
-0.0210761
-0.0195858
-0.0181137
-0.0166596
-0.0152238
-0.0138071
-0.0124103
-0.0110341
-0.0096795
-0.00834763
-0.00703957
-0.00575649
-0.00449959
-0.00327011
-0.00206927
-0.000898251
0.000241759
0.00134964
0.00242433
0.00346484
0.00447027
0.0054398
0.00637273
0.00726845
0.00812648
0.00894643
0.00972807
0.0104712
0.0111759
0.0118422
0.0124703
0.0130605
0.0136132
0.014129
0.0146083
0.0150518
0.0154603
0.0158346
0.0161754
0.0164837
0.0167604
0.0170064
0.0172227
0.0174103
0.0175701
0.0177031
0.0178103
0.0178928
0.0179513
0.0179869
0.0180005
0.017993
0.0179652
0.0179179
0.0178521
0.0177683
0.0176675
0.0175502
0.0174172
0.0172691
0.0171064
0.0169299
0.0167399
0.0165371
0.0163219
0.0160948
0.0158562
0.0156064
0.015346
0.0150752
0.0147944
0.0145038
0.0142039
0.0138948
0.0135769
0.0132503
0.0129153
0.0125722
0.0122211
0.0118621
0.0114956
0.0111217
0.0107405
0.0103522
0.00995691
0.0095548
0.00914601
0.00873065
0.00830885
0.00788073
0.00744638
0.00700594
0.00655949
0.00610715
0.00564901
0.00518517
0.00471575
0.00424085
0.00376057
0.00327505
0.00278438
0.0022889
0.00178803
0.00128517
0.000767288
0.000297634
-0.205164
-0.206616
-0.207384
-0.207938
-0.208482
-0.208965
-0.209328
-0.209586
-0.209759
-0.209838
-0.209811
-0.209676
-0.209436
-0.209092
-0.208645
-0.208096
-0.207448
-0.206701
-0.205858
-0.204918
-0.203884
-0.202754
-0.201531
-0.200213
-0.198801
-0.197295
-0.195695
-0.194
-0.19221
-0.190325
-0.188345
-0.186268
-0.184096
-0.181828
-0.179464
-0.177006
-0.174453
-0.171807
-0.169069
-0.166242
-0.163327
-0.160328
-0.157248
-0.154091
-0.150862
-0.147566
-0.144208
-0.140796
-0.137337
-0.133838
-0.130307
-0.126755
-0.123189
-0.119619
-0.116054
-0.112506
-0.108982
-0.105492
-0.102046
-0.0986516
-0.0953163
-0.0920472
-0.0888501
-0.0857302
-0.0826912
-0.079736
-0.0768664
-0.0740832
-0.071386
-0.0687738
-0.0662447
-0.063796
-0.0614247
-0.0591272
-0.0568995
-0.0547376
-0.0526373
-0.0505943
-0.0486045
-0.0466639
-0.0447685
-0.0429147
-0.0410991
-0.0393185
-0.03757
-0.0358511
-0.0341594
-0.0324928
-0.0308496
-0.0292283
-0.0276277
-0.0260467
-0.0244846
-0.0229407
-0.0214149
-0.0199077
-0.0184183
-0.0169471
-0.0154947
-0.0140617
-0.0126487
-0.0112568
-0.00988678
-0.00853975
-0.00721682
-0.00591916
-0.00464798
-0.00340451
-0.00218997
-0.00100558
0.000147491
0.0012681
0.00235516
0.00340769
0.00442475
0.00540552
0.00634928
0.00725539
0.00812337
0.00895282
0.00974347
0.0104952
0.0112079
0.0118817
0.0125168
0.0131135
0.0136722
0.0141934
0.0146776
0.0151256
0.015538
0.0159157
0.0162595
0.0165703
0.016849
0.0170966
0.0173141
0.0175024
0.0176627
0.0177958
0.0179028
0.0179847
0.0180424
0.018077
0.0180893
0.0180803
0.0180508
0.0180017
0.0179339
0.0178481
0.017745
0.0176255
0.0174901
0.0173396
0.0171745
0.0169955
0.0168031
0.0165978
0.0163802
0.0161507
0.0159097
0.0156576
0.0153949
0.0151219
0.0148389
0.0145462
0.0142442
0.0139332
0.0136133
0.0132849
0.0129482
0.0126033
0.0122506
0.0118901
0.0115221
0.0111467
0.0107642
0.0103746
0.00997807
0.0095748
0.00916489
0.00874847
0.00832565
0.00789656
0.00746129
0.00701995
0.00657265
0.00611947
0.00566052
0.00519589
0.00472567
0.00424996
0.00376885
0.00328248
0.00279089
0.00229447
0.00179234
0.00128914
0.000767044
0.000311081
-0.202744
-0.204512
-0.205671
-0.206545
-0.207311
-0.207965
-0.208473
-0.208846
-0.209103
-0.209244
-0.209264
-0.209163
-0.208944
-0.208612
-0.20817
-0.207618
-0.206961
-0.2062
-0.205338
-0.204376
-0.203315
-0.202157
-0.200903
-0.199552
-0.198105
-0.196563
-0.194926
-0.193193
-0.191365
-0.189441
-0.187422
-0.185307
-0.183097
-0.180793
-0.178395
-0.175903
-0.17332
-0.170646
-0.167884
-0.165036
-0.162104
-0.159093
-0.156005
-0.152846
-0.149621
-0.146335
-0.142995
-0.139606
-0.136178
-0.132717
-0.129231
-0.12573
-0.122222
-0.118716
-0.115222
-0.111748
-0.108302
-0.104895
-0.101532
-0.0982221
-0.0949715
-0.0917859
-0.0886703
-0.0856286
-0.082664
-0.0797783
-0.0769729
-0.074248
-0.0716029
-0.0690365
-0.0665468
-0.0641313
-0.0617871
-0.0595109
-0.0572993
-0.0551486
-0.0530551
-0.0510151
-0.0490248
-0.0470808
-0.0451796
-0.043318
-0.0414929
-0.0397016
-0.0379414
-0.03621
-0.0345053
-0.0328254
-0.0311687
-0.0295338
-0.0279197
-0.0263253
-0.02475
-0.0231927
-0.0216544
-0.0201344
-0.0186325
-0.0171491
-0.0156848
-0.0142401
-0.0128157
-0.0114125
-0.0100314
-0.00867357
-0.00734
-0.00603189
-0.00475044
-0.0034969
-0.00227248
-0.00107839
8.41576e-05
0.00121404
0.00231016
0.0033715
0.00439714
0.00538622
0.00633801
0.00725187
0.0081273
0.00896387
0.00976131
0.0105195
0.0112383
0.0119178
0.0125583
0.0131599
0.0137232
0.0142486
0.0147366
0.015188
0.0156035
0.0159839
0.01633
0.0166427
0.016923
0.0171719
0.0173903
0.0175793
0.0177399
0.0178731
0.0179799
0.0180613
0.0181184
0.0181521
0.0181634
0.0181532
0.0181223
0.0180718
0.0180023
0.0179148
0.0178099
0.0176885
0.0175513
0.0173988
0.0172317
0.0170507
0.0168563
0.016649
0.0164294
0.0161979
0.0159549
0.0157009
0.0154363
0.0151614
0.0148766
0.0145822
0.0142786
0.0139659
0.0136444
0.0133145
0.0129763
0.01263
0.0122759
0.0119141
0.0115449
0.0111683
0.0107846
0.0103939
0.00999641
0.00959215
0.00918131
0.00876399
0.00834033
0.00791042
0.00747437
0.00703228
0.00658425
0.00613037
0.00567073
0.00520542
0.00473452
0.00425812
0.00377631
0.00328919
0.0027968
0.00229956
0.00179637
0.00129271
0.000767512
0.00032083
-0.200594
-0.202612
-0.204091
-0.205249
-0.206225
-0.207043
-0.207689
-0.208173
-0.208512
-0.208715
-0.208781
-0.208712
-0.208516
-0.208197
-0.207758
-0.207205
-0.206541
-0.205768
-0.20489
-0.203908
-0.202825
-0.201643
-0.200361
-0.198982
-0.197506
-0.195934
-0.194265
-0.192501
-0.190641
-0.188686
-0.186636
-0.184491
-0.182252
-0.17992
-0.177495
-0.174979
-0.172374
-0.169681
-0.166902
-0.164041
-0.161101
-0.158084
-0.154996
-0.151842
-0.148626
-0.145355
-0.142034
-0.138672
-0.135274
-0.13185
-0.128407
-0.124953
-0.121497
-0.118047
-0.114612
-0.111201
-0.107821
-0.10448
-0.101184
-0.0979414
-0.0947567
-0.0916352
-0.088581
-0.0855975
-0.0826871
-0.0798514
-0.0770912
-0.0744065
-0.0717967
-0.0692604
-0.0667959
-0.0644009
-0.0620727
-0.0598084
-0.0576049
-0.0554589
-0.0533671
-0.0513261
-0.0493328
-0.0473839
-0.0454763
-0.0436071
-0.0417734
-0.0399728
-0.0382029
-0.0364614
-0.0347465
-0.0330563
-0.0313893
-0.0297442
-0.02812
-0.0265157
-0.0249311
-0.023364
-0.0218165
-0.0202873
-0.0187765
-0.0172846
-0.0158119
-0.0143589
-0.0129265
-0.0115155
-0.0101267
-0.00876128
-0.00742028
-0.00610488
-0.00481627
-0.00355568
-0.00232433
-0.00112344
4.57854e-05
0.00118221
0.00228474
0.00335235
0.00438409
0.00537912
0.00633667
0.00725611
0.00813691
0.00897865
0.00978103
0.0105439
0.0112671
0.0119509
0.0125953
0.0132006
0.0137673
0.0142958
0.0147867
0.0152407
0.0156584
0.0160408
0.0163886
0.0167028
0.0169843
0.0172341
0.0174532
0.0176426
0.0178035
0.0179367
0.0180433
0.0181244
0.0181809
0.0182139
0.0182244
0.0182131
0.0181812
0.0181294
0.0180587
0.0179698
0.0178635
0.0177406
0.0176018
0.0174477
0.0172791
0.0170964
0.0169004
0.0166915
0.0164702
0.0162371
0.0159926
0.015737
0.0154709
0.0151945
0.0149082
0.0146124
0.0143073
0.0139933
0.0136705
0.0133394
0.0129999
0.0126525
0.0122973
0.0119345
0.0115642
0.0111867
0.0108021
0.0104105
0.0100121
0.00960704
0.00919543
0.00877738
0.00835301
0.00792242
0.00748573
0.00704302
0.00659439
0.00613993
0.00567972
0.00521384
0.00474238
0.00426541
0.003783
0.00329526
0.00280219
0.00230422
0.00180017
0.0012959
0.000768683
0.000326693
-0.198754
-0.200972
-0.202708
-0.204106
-0.205273
-0.206242
-0.207013
-0.207597
-0.208014
-0.208273
-0.208381
-0.208343
-0.208167
-0.20786
-0.207426
-0.206872
-0.206202
-0.205419
-0.204528
-0.203531
-0.20243
-0.201227
-0.199924
-0.198523
-0.197023
-0.195427
-0.193734
-0.191945
-0.190061
-0.188082
-0.186008
-0.183841
-0.181581
-0.179229
-0.176786
-0.174254
-0.171635
-0.16893
-0.166143
-0.163275
-0.160332
-0.157317
-0.154233
-0.151087
-0.147884
-0.144629
-0.14133
-0.137992
-0.134624
-0.131233
-0.127827
-0.124413
-0.121001
-0.117597
-0.114211
-0.11085
-0.10752
-0.10423
-0.100985
-0.0977923
-0.0946558
-0.0915803
-0.0885695
-0.0856263
-0.0827527
-0.0799502
-0.0772193
-0.0745601
-0.0719719
-0.0694534
-0.0670031
-0.0646189
-0.0622984
-0.060039
-0.0578378
-0.055692
-0.0535984
-0.0515542
-0.0495562
-0.0476015
-0.0456873
-0.0438109
-0.0419697
-0.0401611
-0.0383831
-0.0366334
-0.0349103
-0.033212
-0.0315371
-0.0298843
-0.0282525
-0.0266408
-0.0250479
-0.0234754
-0.021921
-0.0203853
-0.0188683
-0.0173702
-0.0158916
-0.0144329
-0.012995
-0.0115785
-0.0101844
-0.0088138
-0.00746773
-0.00614734
-0.00485383
-0.00358843
-0.00235236
-0.00114684
2.69548e-05
0.00116786
0.00227477
0.00334668
0.00438262
0.00538174
0.00634328
0.00726658
0.00815111
0.00899644
0.00980226
0.0105684
0.0112948
0.0119815
0.0126287
0.0132366
0.0138057
0.0143364
0.0148293
0.015285
0.0157044
0.0160882
0.0164372
0.0167524
0.0170347
0.0172852
0.0175047
0.0176945
0.0178554
0.0179886
0.018095
0.0181758
0.0182318
0.0182643
0.018274
0.018262
0.0182292
0.0181764
0.0181046
0.0180146
0.0179072
0.0177831
0.017643
0.0174877
0.0173178
0.0171339
0.0169365
0.0167263
0.0165038
0.0162693
0.0160235
0.0157667
0.0154994
0.0152218
0.0149343
0.0146374
0.0143312
0.0140161
0.0136923
0.0133601
0.0130197
0.0126714
0.0123153
0.0119516
0.0115805
0.0112022
0.0108168
0.0104245
0.0100255
0.00961976
0.00920752
0.00878888
0.00836394
0.00793282
0.0074956
0.00705239
0.00660327
0.00614834
0.00568766
0.00522133
0.0047494
0.00427196
0.00378907
0.0033008
0.00280717
0.00230858
0.00180383
0.0012988
0.000770533
0.000328798
-0.197252
-0.199628
-0.201566
-0.203162
-0.204492
-0.205591
-0.206469
-0.207141
-0.207624
-0.207934
-0.208079
-0.208067
-0.207909
-0.207612
-0.207183
-0.206629
-0.205954
-0.205164
-0.204263
-0.203254
-0.202139
-0.200921
-0.199602
-0.198183
-0.196667
-0.195052
-0.193342
-0.191535
-0.189634
-0.187638
-0.185549
-0.183367
-0.181093
-0.178728
-0.176274
-0.173733
-0.171106
-0.168396
-0.165605
-0.162737
-0.159796
-0.156785
-0.153709
-0.150573
-0.147383
-0.144145
-0.140865
-0.13755
-0.134207
-0.130844
-0.127468
-0.124087
-0.120708
-0.117341
-0.113991
-0.110666
-0.107374
-0.10412
-0.100911
-0.097752
-0.094648
-0.0916029
-0.0886201
-0.0857023
-0.0828514
-0.0800687
-0.0773547
-0.0747095
-0.0721325
-0.0696226
-0.0671785
-0.0647981
-0.0624795
-0.0602201
-0.0580174
-0.0558687
-0.0537712
-0.0517221
-0.0497186
-0.0477578
-0.0458372
-0.0439541
-0.042106
-0.0402905
-0.0385056
-0.0367492
-0.0350195
-0.0333147
-0.0316336
-0.0299747
-0.0283371
-0.0267196
-0.025122
-0.0235439
-0.0219845
-0.020444
-0.0189224
-0.01742
-0.0159372
-0.0144745
-0.0130326
-0.0116123
-0.0102146
-0.00884039
-0.00749084
-0.00616707
-0.00487026
-0.00360163
-0.00236239
-0.00115376
2.30644e-05
0.00116694
0.00227677
0.00335153
0.00439025
0.00539208
0.00635626
0.00728213
0.00816913
0.00901684
0.00982496
0.0105933
0.0113218
0.0120104
0.0126594
0.0132691
0.0138398
0.0143719
0.0148661
0.0153231
0.0157435
0.0161282
0.016478
0.0167938
0.0170766
0.0173274
0.0175472
0.0177371
0.017898
0.018031
0.0181373
0.0182177
0.0182733
0.0183052
0.0183144
0.0183017
0.0182681
0.0182146
0.018142
0.0180511
0.0179427
0.0178177
0.0176766
0.0175203
0.0173493
0.0171644
0.016966
0.0167548
0.0165312
0.0162958
0.016049
0.0157912
0.0155228
0.0152443
0.0149559
0.0146581
0.014351
0.0140351
0.0137104
0.0133775
0.0130363
0.0126872
0.0123304
0.011966
0.0115943
0.0112154
0.0108294
0.0104366
0.010037
0.00963072
0.00921799
0.00879887
0.00837348
0.00794192
0.00750429
0.00706068
0.00661117
0.00615586
0.00569481
0.00522811
0.00475582
0.004278
0.00379471
0.00330603
0.00281194
0.00231282
0.00180752
0.00130159
0.000773062
0.000327585
-0.196102
-0.198599
-0.200692
-0.202443
-0.203905
-0.20511
-0.206075
-0.206817
-0.207355
-0.207704
-0.207879
-0.207889
-0.207745
-0.207456
-0.207031
-0.206477
-0.2058
-0.205005
-0.204097
-0.203079
-0.201954
-0.200726
-0.199396
-0.197966
-0.196437
-0.194811
-0.193089
-0.191271
-0.189359
-0.187353
-0.185254
-0.183063
-0.180781
-0.17841
-0.175951
-0.173405
-0.170776
-0.168064
-0.165275
-0.162409
-0.159472
-0.156467
-0.1534
-0.150275
-0.147097
-0.143874
-0.14061
-0.137313
-0.133991
-0.130649
-0.127295
-0.123938
-0.120584
-0.117241
-0.113917
-0.110617
-0.107349
-0.104119
-0.100933
-0.097795
-0.0947106
-0.0916833
-0.0887165
-0.0858125
-0.0829734
-0.0802003
-0.077494
-0.0748544
-0.0722812
-0.0697735
-0.0673299
-0.0649488
-0.062628
-0.0603656
-0.058159
-0.0560056
-0.0539029
-0.0518482
-0.0498387
-0.0478719
-0.045945
-0.0440557
-0.0422014
-0.0403799
-0.0385891
-0.0368269
-0.0350916
-0.0333815
-0.0316952
-0.0300314
-0.0283893
-0.0267672
-0.0251655
-0.0235832
-0.0220199
-0.0204757
-0.0189507
-0.017445
-0.015959
-0.0144933
-0.0130485
-0.0116255
-0.0102251
-0.00884841
-0.00749643
-0.00617031
-0.00487123
-0.0036004
-0.00235903
-0.00114833
3.05101e-05
0.00117634
0.00228808
0.00336468
0.0044052
0.00540877
0.00637463
0.00730212
0.00819069
0.00903991
0.00984946
0.0106192
0.0113489
0.0120388
0.0126889
0.0132996
0.0138713
0.0144043
0.0148993
0.0153569
0.0157779
0.0161631
0.0165133
0.0168294
0.0171125
0.0173634
0.0175832
0.017773
0.0179338
0.0180666
0.0181725
0.0182526
0.0183078
0.0183393
0.0183478
0.0183346
0.0183004
0.0182462
0.0181728
0.0180812
0.0179721
0.0178462
0.0177044
0.0175472
0.0173754
0.0171897
0.0169905
0.0167784
0.016554
0.0163178
0.0160701
0.0158116
0.0155425
0.0152632
0.0149741
0.0146755
0.0143677
0.0140511
0.0137258
0.0133922
0.0130505
0.0127008
0.0123434
0.0119785
0.0116063
0.0112269
0.0108404
0.0104471
0.0100471
0.00964043
0.0092273
0.00880781
0.00838206
0.00795015
0.00751219
0.00706826
0.00661844
0.00616283
0.00570149
0.00523449
0.00476191
0.0042838
0.0038002
0.00331119
0.00281674
0.00231717
0.00181147
0.00130452
0.000776331
0.000323816
-0.195297
-0.197885
-0.200092
-0.201956
-0.203516
-0.204802
-0.205832
-0.206626
-0.207205
-0.207584
-0.207781
-0.207806
-0.207672
-0.20739
-0.206968
-0.206415
-0.205736
-0.204938
-0.204025
-0.203002
-0.201871
-0.200637
-0.1993
-0.197863
-0.196327
-0.194694
-0.192966
-0.191142
-0.189224
-0.187212
-0.185109
-0.182914
-0.180629
-0.178255
-0.175794
-0.173248
-0.170619
-0.167909
-0.165122
-0.162261
-0.159329
-0.156331
-0.153271
-0.150155
-0.146988
-0.143776
-0.140525
-0.137242
-0.133933
-0.130606
-0.127268
-0.123927
-0.120589
-0.117261
-0.113952
-0.110667
-0.107414
-0.104197
-0.101023
-0.0978961
-0.0948214
-0.0918025
-0.0888425
-0.085944
-0.0831088
-0.0803383
-0.0776333
-0.0749938
-0.0724195
-0.0699097
-0.0674631
-0.0650782
-0.0627531
-0.0604857
-0.0582738
-0.0561149
-0.0540064
-0.0519457
-0.0499303
-0.0479575
-0.0460248
-0.0441297
-0.0422698
-0.0404429
-0.0386468
-0.0368796
-0.0351394
-0.0334247
-0.031734
-0.0300661
-0.0284194
-0.0267943
-0.0251889
-0.0236032
-0.0220368
-0.0204897
-0.0189618
-0.0174534
-0.0159648
-0.0144967
-0.0130497
-0.0116245
-0.0102221
-0.00884346
-0.00748963
-0.00616176
-0.00486101
-0.00358859
-0.0023457
-0.00113355
4.66738e-05
0.00119384
0.00230684
0.00338466
0.00442634
0.00543102
0.00639794
0.00732643
0.00821595
0.00906606
0.00987646
0.0106469
0.0113774
0.012068
0.0127187
0.01333
0.0139021
0.0144355
0.0149309
0.0153888
0.01581
0.0161953
0.0165456
0.0168618
0.0171448
0.0173956
0.0176153
0.0178049
0.0179654
0.0180979
0.0182034
0.0182831
0.0183378
0.0183687
0.0183768
0.018363
0.0183282
0.0182734
0.0181994
0.0181071
0.0179973
0.0178707
0.0177282
0.0175703
0.0173979
0.0172114
0.0170115
0.0167987
0.0165737
0.0163368
0.0160885
0.0158293
0.0155595
0.0152796
0.0149899
0.0146908
0.0143824
0.0140653
0.0137395
0.0134053
0.0130631
0.012713
0.0123551
0.0119898
0.0116171
0.0112373
0.0108505
0.0104568
0.0100564
0.00964945
0.009236
0.0088162
0.00839016
0.00795798
0.00751974
0.00707555
0.00662549
0.00616963
0.00570805
0.00524083
0.00476801
0.00428966
0.00380583
0.00331656
0.00282184
0.00232191
0.00181591
0.00130791
0.000780485
0.000318532
-0.194811
-0.197462
-0.199746
-0.201688
-0.203316
-0.204655
-0.205729
-0.206559
-0.207164
-0.207563
-0.207774
-0.207809
-0.207682
-0.207404
-0.206985
-0.206432
-0.205752
-0.204952
-0.204037
-0.203011
-0.201877
-0.200639
-0.199299
-0.197858
-0.196319
-0.194683
-0.192951
-0.191125
-0.189204
-0.187191
-0.185086
-0.18289
-0.180605
-0.178231
-0.175771
-0.173226
-0.170599
-0.167893
-0.165109
-0.162252
-0.159325
-0.156332
-0.153279
-0.15017
-0.14701
-0.143806
-0.140563
-0.137289
-0.133989
-0.130671
-0.127342
-0.12401
-0.12068
-0.117361
-0.11406
-0.110782
-0.107535
-0.104324
-0.101154
-0.0980314
-0.0949594
-0.0919423
-0.0889831
-0.0860844
-0.0832482
-0.0804758
-0.077768
-0.0751251
-0.0725469
-0.0700325
-0.0675809
-0.0651907
-0.06286
-0.0605869
-0.0583691
-0.0562043
-0.0540899
-0.0520234
-0.0500022
-0.0480238
-0.0460857
-0.0441853
-0.0423204
-0.0404885
-0.0386878
-0.0369161
-0.0351717
-0.033453
-0.0317584
-0.0300867
-0.0284369
-0.0268083
-0.0251998
-0.0236111
-0.0220419
-0.0204921
-0.0189618
-0.017451
-0.0159603
-0.01449
-0.013041
-0.011614
-0.0102099
-0.00882955
-0.00747417
-0.00614483
-0.00484271
-0.00356899
-0.00232489
-0.0011116
6.97002e-05
0.00121786
0.0023318
0.00341049
0.00445298
0.00545841
0.00642602
0.00735514
0.00824524
0.00909587
0.00990673
0.0106776
0.0114085
0.0120993
0.0127503
0.0133617
0.013934
0.0144675
0.0149629
0.0154208
0.015842
0.0162272
0.0165773
0.0168932
0.017176
0.0174265
0.0176459
0.017835
0.0179951
0.0181272
0.0182323
0.0183114
0.0183656
0.018396
0.0184035
0.018389
0.0183536
0.0182982
0.0182236
0.0181306
0.0180202
0.017893
0.0177498
0.0175913
0.0174182
0.0172311
0.0170306
0.0168173
0.0165916
0.0163541
0.0161052
0.0158455
0.0155752
0.0152947
0.0150045
0.0147049
0.0143961
0.0140784
0.0137522
0.0134176
0.013075
0.0127244
0.0123662
0.0120005
0.0116275
0.0112473
0.0108602
0.0104662
0.0100655
0.00965828
0.00924456
0.00882451
0.00839822
0.0079658
0.00752734
0.00708293
0.00663265
0.00617659
0.00571482
0.0052474
0.0047744
0.00429586
0.00381184
0.00332237
0.00282744
0.00232724
0.00182107
0.00131204
0.000785712
0.000312953
-0.194594
-0.197285
-0.199617
-0.201604
-0.203272
-0.204644
-0.205743
-0.206592
-0.207212
-0.207623
-0.207842
-0.207882
-0.207759
-0.207483
-0.207065
-0.206512
-0.205832
-0.205031
-0.204115
-0.203087
-0.201952
-0.200713
-0.199371
-0.197929
-0.196389
-0.194752
-0.19302
-0.191192
-0.189272
-0.187259
-0.185154
-0.182959
-0.180675
-0.178302
-0.175844
-0.173302
-0.170677
-0.167973
-0.165193
-0.162339
-0.159416
-0.156428
-0.153379
-0.150274
-0.147119
-0.14392
-0.140682
-0.137412
-0.134117
-0.130803
-0.127478
-0.12415
-0.120824
-0.117508
-0.114208
-0.110932
-0.107686
-0.104475
-0.101306
-0.0981818
-0.0951082
-0.0920887
-0.0891265
-0.0862243
-0.083384
-0.0806071
-0.0778944
-0.0752463
-0.0726625
-0.0701423
-0.0676849
-0.0652887
-0.062952
-0.0606729
-0.0584492
-0.0562786
-0.0541585
-0.0520865
-0.05006
-0.0480764
-0.0461333
-0.0442281
-0.0423586
-0.0405224
-0.0387175
-0.0369418
-0.0351936
-0.0334712
-0.0317732
-0.0300983
-0.0284454
-0.0268137
-0.0252024
-0.023611
-0.0220392
-0.020487
-0.0189543
-0.0174413
-0.0159484
-0.0144762
-0.0130253
-0.0115965
-0.0101906
-0.00880873
-0.00745184
-0.00612108
-0.00481762
-0.00354266
-0.0022974
-0.00108303
9.92564e-05
0.00124833
0.0023631
0.00344254
0.00448571
0.00549175
0.00645989
0.00738947
0.00827995
0.00913091
0.00994202
0.0107131
0.0114441
0.012135
0.012786
0.0133974
0.0139695
0.0145029
0.014998
0.0154557
0.0158765
0.0162614
0.0166111
0.0169266
0.0172089
0.0174589
0.0176777
0.0178663
0.0180258
0.0181573
0.0182617
0.0183402
0.0183938
0.0184235
0.0184303
0.0184151
0.0183791
0.0183229
0.0182476
0.018154
0.0180429
0.017915
0.0177712
0.0176121
0.0174383
0.0172506
0.0170495
0.0168355
0.0166092
0.0163712
0.0161218
0.0158615
0.0155906
0.0153097
0.015019
0.0147189
0.0144097
0.0140916
0.0137649
0.01343
0.0130869
0.012736
0.0123775
0.0120114
0.0116381
0.0112576
0.0108702
0.0104759
0.010075
0.00966747
0.00925351
0.00883322
0.00840671
0.00797407
0.00753541
0.0070908
0.00664034
0.0061841
0.00572215
0.00525457
0.0047814
0.0043027
0.00381853
0.0033289
0.00283382
0.00233341
0.00182716
0.00131723
0.000792396
0.000308562
-0.1946
-0.197316
-0.199674
-0.201686
-0.203373
-0.20476
-0.205871
-0.206728
-0.207354
-0.207769
-0.207989
-0.208031
-0.207908
-0.207632
-0.207213
-0.206659
-0.205978
-0.205177
-0.204259
-0.203231
-0.202095
-0.200854
-0.199512
-0.19807
-0.19653
-0.194893
-0.193161
-0.191334
-0.189415
-0.187402
-0.185299
-0.183105
-0.180823
-0.178452
-0.175996
-0.173456
-0.170834
-0.168132
-0.165354
-0.162503
-0.159583
-0.156597
-0.15355
-0.150448
-0.147295
-0.144097
-0.140861
-0.137593
-0.134299
-0.130986
-0.127661
-0.124332
-0.121006
-0.117688
-0.114387
-0.111109
-0.10786
-0.104646
-0.101472
-0.0983436
-0.0952652
-0.0922404
-0.0892726
-0.0863645
-0.083518
-0.0807347
-0.0780155
-0.0753607
-0.0727702
-0.0702435
-0.0677795
-0.0653769
-0.0630339
-0.0607486
-0.058519
-0.0563425
-0.0542169
-0.0521395
-0.0501079
-0.0481194
-0.0461716
-0.044262
-0.0423882
-0.0405479
-0.0387391
-0.0369597
-0.0352079
-0.0334821
-0.0317808
-0.0301028
-0.0284468
-0.0268121
-0.025198
-0.0236039
-0.0220295
-0.0204747
-0.0189395
-0.0174242
-0.015929
-0.0144546
-0.0130015
-0.0115706
-0.0101628
-0.00877904
-0.00742035
-0.00608789
-0.00478283
-0.00350635
-0.00225967
-0.00104399
0.000139518
0.00128971
0.00240549
0.00348584
0.00452982
0.00553655
0.00650529
0.00743537
0.00832625
0.00917749
0.0099888
0.01076
0.0114909
0.0121818
0.0128326
0.0134437
0.0140155
0.0145485
0.0150432
0.0155003
0.0159206
0.0163048
0.0166538
0.0169686
0.0172501
0.0174993
0.0177172
0.017905
0.0180636
0.0181941
0.0182977
0.0183752
0.0184279
0.0184566
0.0184625
0.0184464
0.0184094
0.0183524
0.0182762
0.0181817
0.0180697
0.017941
0.0177963
0.0176364
0.0174619
0.0172734
0.0170715
0.0168568
0.0166299
0.0163912
0.0161411
0.0158802
0.0156088
0.0153273
0.015036
0.0147354
0.0144256
0.0141071
0.01378
0.0134446
0.0131011
0.0127498
0.0123908
0.0120244
0.0116507
0.0112699
0.0108822
0.0104876
0.0100864
0.00967859
0.00926436
0.00884381
0.00841706
0.00798419
0.00754531
0.00710049
0.00664983
0.00619339
0.00573126
0.0052635
0.00479017
0.00431131
0.00382698
0.00333721
0.002842
0.00234143
0.00183518
0.00132453
0.000801819
0.000307979
-0.194791
-0.197525
-0.199897
-0.20192
-0.203614
-0.205005
-0.206117
-0.206973
-0.207598
-0.208009
-0.208227
-0.208265
-0.208139
-0.207859
-0.207437
-0.20688
-0.206196
-0.205392
-0.204473
-0.203443
-0.202305
-0.201064
-0.199721
-0.198278
-0.196738
-0.195101
-0.19337
-0.191544
-0.189625
-0.187614
-0.185512
-0.18332
-0.181038
-0.17867
-0.176215
-0.173677
-0.171056
-0.168356
-0.16558
-0.16273
-0.159811
-0.156826
-0.15378
-0.150678
-0.147525
-0.144327
-0.14109
-0.13782
-0.134525
-0.131209
-0.127882
-0.124549
-0.121219
-0.117897
-0.114591
-0.111307
-0.108052
-0.104831
-0.101651
-0.0985152
-0.0954293
-0.092397
-0.0894214
-0.0865054
-0.083651
-0.0808598
-0.0781328
-0.0754703
-0.0728723
-0.0703382
-0.0678671
-0.0654576
-0.063108
-0.0608164
-0.0585806
-0.0563984
-0.0542673
-0.0521847
-0.0501481
-0.0481549
-0.0462026
-0.0442887
-0.0424108
-0.0405666
-0.038754
-0.0369711
-0.0352158
-0.0334866
-0.0317821
-0.0301009
-0.0284418
-0.0268041
-0.025187
-0.02359
-0.0220127
-0.0204551
-0.0189172
-0.0173991
-0.0159013
-0.0144243
-0.0129687
-0.0115353
-0.0101251
-0.00873894
-0.00737799
-0.00604336
-0.00473621
-0.00345776
-0.00220921
-0.000991781
0.000193354
0.00134505
0.0024622
0.00354378
0.00458885
0.00559653
0.00656608
0.00749682
0.00838821
0.00923984
0.0100514
0.0108227
0.0115536
0.0122443
0.0128948
0.0135055
0.0140768
0.0146092
0.0151032
0.0155595
0.0159788
0.016362
0.01671
0.0170237
0.0173041
0.0175521
0.0177688
0.0179553
0.0181127
0.0182419
0.0183441
0.0184204
0.0184717
0.0184991
0.0185037
0.0184864
0.0184481
0.0183899
0.0183125
0.0182168
0.0181036
0.0179738
0.017828
0.017667
0.0174915
0.017302
0.0170992
0.0168836
0.0166558
0.0164162
0.0161653
0.0159036
0.0156314
0.0153492
0.0150573
0.014756
0.0144456
0.0141265
0.0137988
0.0134629
0.0131189
0.0127671
0.0124077
0.0120408
0.0116667
0.0112855
0.0108974
0.0105024
0.0101008
0.0096927
0.00927815
0.0088573
0.00843026
0.00799712
0.00755797
0.0071129
0.006662
0.00620534
0.00574299
0.00527502
0.0048015
0.00432247
0.00383797
0.00334804
0.0028527
0.00235201
0.00184574
0.00133473
0.000814402
0.000313746
-0.213691
-0.213893
-0.214027
-0.214114
-0.214153
-0.214153
-0.214118
-0.214047
-0.213938
-0.213786
-0.213588
-0.213341
-0.213043
-0.212691
-0.212284
-0.211819
-0.211295
-0.210711
-0.210066
-0.209359
-0.208588
-0.207752
-0.206851
-0.205883
-0.204847
-0.203743
-0.20257
-0.201325
-0.200009
-0.198619
-0.197155
-0.195615
-0.193996
-0.192299
-0.190519
-0.188656
-0.186706
-0.184668
-0.182538
-0.180313
-0.17799
-0.175566
-0.173035
-0.170395
-0.16764
-0.164767
-0.161769
-0.158643
-0.155383
-0.151984
-0.148441
-0.14475
-0.140907
-0.136909
-0.132754
-0.12844
-0.123968
-0.119341
-0.114563
-0.10964
-0.104583
-0.0994035
-0.0941166
-0.0887406
-0.0832964
-0.0778078
-0.0723012
-0.0668047
-0.0613483
-0.0559627
-0.0506792
-0.0455285
-0.0405403
-0.0357424
-0.0311601
-0.0268158
-0.0227282
-0.0189123
-0.0153786
-0.0121336
-0.00917941
-0.00651433
-0.00413273
-0.00202565
-0.000181034
0.00141564
0.00278089
0.00393272
0.00489011
0.00567255
0.0062996
0.00679054
0.00716402
0.00743782
0.00762862
0.00775188
0.00782172
0.00785088
0.00785067
0.00783106
0.00780064
0.00776675
0.00773551
0.00771197
0.00770015
0.0077032
0.00772321
0.00776221
0.00782081
0.0078996
0.00799855
0.00811728
0.00825507
0.00841098
0.00858384
0.00877231
0.00897498
0.00919031
0.00941675
0.00965271
0.00989658
0.0101468
0.0104018
0.01066
0.0109201
0.0111805
0.01144
0.0116972
0.011951
0.0122002
0.0124437
0.0126804
0.0129096
0.0131302
0.0133414
0.0135427
0.0137331
0.0139122
0.0140794
0.0142341
0.014376
0.0145046
0.0146195
0.0147205
0.0148074
0.0148798
0.0149377
0.0149808
0.0150092
0.0150226
0.0150212
0.0150049
0.0149737
0.0149277
0.014867
0.0147916
0.0147018
0.0145975
0.014479
0.0143465
0.0142002
0.0140402
0.0138667
0.0136801
0.0134805
0.0132681
0.0130432
0.0128062
0.0125571
0.0122963
0.012024
0.0117406
0.0114462
0.0111411
0.0108257
0.0105001
0.0101646
0.00981944
0.00946495
0.00910135
0.00872888
0.0083478
0.00795833
0.00756073
0.00715523
0.00674206
0.00632145
0.00589361
0.00545877
0.00501713
0.00456891
0.00411431
0.00365352
0.00318673
0.00271412
0.00223589
0.0017521
0.00126328
0.000767373
0.000279766
-0.213659
-0.213834
-0.213938
-0.214011
-0.214045
-0.214045
-0.214011
-0.213942
-0.213834
-0.213684
-0.213488
-0.213243
-0.212947
-0.212596
-0.212191
-0.211728
-0.211206
-0.210624
-0.20998
-0.209274
-0.208505
-0.207671
-0.206771
-0.205805
-0.204771
-0.203668
-0.202496
-0.201253
-0.199937
-0.198549
-0.197086
-0.195546
-0.193929
-0.192232
-0.190453
-0.188591
-0.186642
-0.184605
-0.182476
-0.180252
-0.177931
-0.175507
-0.172978
-0.17034
-0.167587
-0.164715
-0.161721
-0.158597
-0.155341
-0.151946
-0.148408
-0.144723
-0.140887
-0.136897
-0.13275
-0.128446
-0.123985
-0.11937
-0.114605
-0.109696
-0.104654
-0.0994902
-0.0942197
-0.0888606
-0.0834336
-0.0779623
-0.0724727
-0.0669928
-0.0615521
-0.0561814
-0.0509116
-0.0457731
-0.0407955
-0.0360064
-0.0314312
-0.027092
-0.0230076
-0.0191928
-0.0156584
-0.0124109
-0.00945262
-0.00678188
-0.00439315
-0.00227748
-0.000423021
0.0011846
0.00256174
0.00372619
0.00469676
0.00549277
0.0061336
0.00663838
0.0070256
0.00731291
0.00751689
0.00765288
0.00773492
0.00777568
0.00778643
0.00777708
0.0077562
0.00773111
0.00770796
0.00769176
0.00768655
0.00769545
0.00772056
0.00776453
0.00782726
0.00790955
0.00801147
0.00813268
0.00827251
0.00843003
0.00860412
0.0087935
0.00899675
0.0092124
0.00943891
0.00967471
0.00991825
0.0101679
0.0104223
0.0106798
0.010939
0.0111984
0.0114569
0.0117131
0.0119657
0.0122137
0.012456
0.0126916
0.0129195
0.013139
0.0133491
0.0135492
0.0137385
0.0139165
0.0140826
0.0142364
0.0143772
0.0145048
0.0146189
0.014719
0.014805
0.0148767
0.0149338
0.0149763
0.015004
0.0150168
0.0150149
0.014998
0.0149664
0.0149199
0.0148588
0.0147831
0.0146929
0.0145883
0.0144696
0.0143368
0.0141903
0.0140301
0.0138565
0.0136698
0.0134701
0.0132577
0.0130328
0.0127957
0.0125466
0.0122858
0.0120136
0.0117302
0.0114359
0.0111309
0.0108155
0.01049
0.0101546
0.0098096
0.00945524
0.00909178
0.00871945
0.00833851
0.0079492
0.00755176
0.00714642
0.00673341
0.00631296
0.0058853
0.00545063
0.00500916
0.00456112
0.00410669
0.00364607
0.00317945
0.00270701
0.00222894
0.00174527
0.00125676
0.000759741
0.000276221
-0.213604
-0.213783
-0.21387
-0.213932
-0.213962
-0.213961
-0.213929
-0.213862
-0.213757
-0.213609
-0.213415
-0.213172
-0.212878
-0.21253
-0.212126
-0.211665
-0.211145
-0.210565
-0.209924
-0.209219
-0.208452
-0.207619
-0.206721
-0.205756
-0.204724
-0.203622
-0.202451
-0.20121
-0.199896
-0.198509
-0.197047
-0.195509
-0.193893
-0.192197
-0.19042
-0.188559
-0.186612
-0.184576
-0.182449
-0.180227
-0.177907
-0.175486
-0.172959
-0.170323
-0.167574
-0.164706
-0.161715
-0.158596
-0.155344
-0.151955
-0.148423
-0.144744
-0.140916
-0.136933
-0.132795
-0.1285
-0.124049
-0.119444
-0.114689
-0.109791
-0.10476
-0.0996073
-0.0943478
-0.0889992
-0.0835824
-0.0781208
-0.0726402
-0.0671685
-0.0617353
-0.0563712
-0.0511069
-0.045973
-0.040999
-0.0362126
-0.0316391
-0.0273007
-0.0232162
-0.0194005
-0.0158642
-0.012614
-0.00965214
-0.006977
-0.00458314
-0.00246169
-0.000600853
0.00101369
0.00239823
0.00357051
0.00454927
0.00535376
0.0060033
0.00651694
0.0069131
0.00720937
0.00742224
0.007567
0.00765763
0.00770673
0.00772554
0.00772392
0.00771041
0.00769229
0.00767569
0.00766562
0.00766611
0.00768035
0.00771083
0.00775834
0.00782501
0.00791083
0.00801585
0.00813978
0.00828197
0.00844152
0.00861731
0.00880809
0.00901248
0.009229
0.00945616
0.0096924
0.00993617
0.010186
0.0104402
0.0106975
0.0109563
0.0112154
0.0114733
0.0117289
0.0119808
0.0122281
0.0124697
0.0127045
0.0129316
0.0131502
0.0133595
0.0135587
0.0137472
0.0139243
0.0140896
0.0142425
0.0143825
0.0145094
0.0146227
0.0147221
0.0148074
0.0148783
0.0149348
0.0149766
0.0150038
0.0150161
0.0150136
0.0149962
0.0149641
0.0149172
0.0148557
0.0147795
0.014689
0.0145841
0.0144651
0.0143321
0.0141853
0.0140249
0.0138511
0.0136642
0.0134643
0.0132517
0.0130267
0.0127895
0.0125404
0.0122795
0.0120072
0.0117238
0.0114294
0.0111245
0.0108091
0.0104836
0.0101482
0.00980325
0.00944893
0.00908552
0.00871325
0.00833237
0.00794313
0.00754576
0.0071405
0.00672758
0.00630722
0.00587964
0.00544507
0.0050037
0.00455576
0.00410143
0.00364092
0.00317441
0.00270208
0.00222413
0.00174052
0.00125239
0.000754403
0.000276054
-0.213539
-0.213745
-0.213821
-0.213876
-0.213903
-0.213902
-0.213872
-0.213808
-0.213706
-0.213561
-0.21337
-0.21313
-0.212838
-0.212492
-0.21209
-0.211631
-0.211113
-0.210535
-0.209895
-0.209193
-0.208426
-0.207596
-0.206699
-0.205736
-0.204705
-0.203605
-0.202435
-0.201195
-0.199883
-0.198497
-0.197036
-0.1955
-0.193885
-0.192192
-0.190416
-0.188557
-0.186612
-0.184578
-0.182453
-0.180234
-0.177917
-0.175499
-0.172976
-0.170344
-0.167599
-0.164735
-0.16175
-0.158636
-0.155391
-0.152008
-0.148484
-0.144813
-0.140992
-0.137019
-0.132889
-0.128604
-0.124162
-0.119566
-0.11482
-0.109932
-0.104909
-0.0997641
-0.0945116
-0.0891693
-0.0837579
-0.0783006
-0.0728234
-0.0673542
-0.0619225
-0.056559
-0.0512946
-0.04616
-0.0411848
-0.0363968
-0.0318214
-0.0274808
-0.0233938
-0.0195754
-0.0160364
-0.0127832
-0.00981836
-0.00714012
-0.004743
-0.00261813
-0.000753645
0.000864794
0.00225351
0.0034303
0.00441389
0.00522355
0.0058786
0.00639805
0.00680032
0.00710294
0.00732237
0.00747385
0.0075713
0.00762728
0.00765295
0.00765813
0.00765131
0.00763973
0.00762946
0.00762548
0.00763181
0.00765156
0.00768704
0.00773957
0.00781083
0.00790087
0.00800976
0.00813721
0.00828259
0.00844499
0.00862333
0.00881635
0.00902269
0.0092409
0.00946949
0.00970692
0.00995166
0.0102022
0.010457
0.0107147
0.0109738
0.011233
0.0114909
0.0117463
0.0119981
0.012245
0.0124862
0.0127205
0.0129471
0.0131652
0.0133738
0.0135724
0.0137602
0.0139367
0.0141013
0.0142535
0.0143929
0.014519
0.0146316
0.0147303
0.0148149
0.0148852
0.014941
0.0149822
0.0150087
0.0150205
0.0150174
0.0149995
0.0149668
0.0149194
0.0148574
0.0147808
0.0146898
0.0145846
0.0144651
0.0143318
0.0141846
0.0140239
0.0138498
0.0136626
0.0134625
0.0132497
0.0130245
0.0127871
0.0125377
0.0122767
0.0120043
0.0117207
0.0114263
0.0111212
0.0108057
0.0104801
0.0101447
0.0097997
0.00944533
0.00908188
0.00870958
0.00832869
0.00793944
0.00754207
0.00713682
0.00672391
0.00630356
0.00587601
0.00544146
0.00500013
0.00455223
0.00409794
0.00363748
0.00317103
0.00269876
0.00222089
0.00173732
0.00124958
0.000751004
0.000277496
-0.213479
-0.213722
-0.213793
-0.213843
-0.213867
-0.213868
-0.21384
-0.21378
-0.213681
-0.213539
-0.213351
-0.213113
-0.212824
-0.21248
-0.212081
-0.211624
-0.211107
-0.210531
-0.209892
-0.209191
-0.208427
-0.207597
-0.206702
-0.20574
-0.20471
-0.203612
-0.202444
-0.201205
-0.199894
-0.198509
-0.197051
-0.195516
-0.193903
-0.192211
-0.190438
-0.188581
-0.186638
-0.184607
-0.182485
-0.180269
-0.177956
-0.175542
-0.173024
-0.170396
-0.167657
-0.164799
-0.16182
-0.158714
-0.155476
-0.152101
-0.148585
-0.144924
-0.141113
-0.137149
-0.133029
-0.128753
-0.124321
-0.119735
-0.114998
-0.110118
-0.105103
-0.099964
-0.0947169
-0.0893789
-0.0839705
-0.0785152
-0.0730388
-0.0675695
-0.0621369
-0.0567717
-0.0515052
-0.0463681
-0.0413902
-0.0365994
-0.0320212
-0.027678
-0.0235886
-0.0197682
-0.0162273
-0.0129726
-0.0100063
-0.00732667
-0.00492812
-0.00280168
-0.000935378
0.000685225
0.00207654
0.0032564
0.00424363
0.00505749
0.00571732
0.00624213
0.00665031
0.00695935
0.00718565
0.0073444
0.00744943
0.00751324
0.00754692
0.00756019
0.00756149
0.00755797
0.00755565
0.00755946
0.00757333
0.00760035
0.00764276
0.00770204
0.00777953
0.00787548
0.00798991
0.00812249
0.00827261
0.00843936
0.00862166
0.00881827
0.00902783
0.00924891
0.00948003
0.00971968
0.00996635
0.0102185
0.0104748
0.0107336
0.0109936
0.0112535
0.0115119
0.0117677
0.0120196
0.0122666
0.0125077
0.0127419
0.0129682
0.0131858
0.0133941
0.0135921
0.0137794
0.0139553
0.0141192
0.0142707
0.0144093
0.0145347
0.0146466
0.0147445
0.0148284
0.014898
0.014953
0.0149935
0.0150192
0.0150302
0.0150264
0.0150079
0.0149745
0.0149265
0.0148639
0.0147867
0.0146951
0.0145893
0.0144693
0.0143354
0.0141878
0.0140266
0.0138521
0.0136645
0.013464
0.0132508
0.0130253
0.0127875
0.0125379
0.0122766
0.0120039
0.0117201
0.0114254
0.0111201
0.0108045
0.0104787
0.0101431
0.00979797
0.00944348
0.00907991
0.00870751
0.00832653
0.0079372
0.00753976
0.00713444
0.00672148
0.0063011
0.00587351
0.00543893
0.00499759
0.00454967
0.00409538
0.00363493
0.0031685
0.00269626
0.00221846
0.00173494
0.00124752
0.000748701
0.000278705
-0.21344
-0.213725
-0.213792
-0.213839
-0.213863
-0.213865
-0.213841
-0.213783
-0.213688
-0.213549
-0.213363
-0.213128
-0.212841
-0.212499
-0.212101
-0.211645
-0.21113
-0.210554
-0.209917
-0.209217
-0.208454
-0.207625
-0.206731
-0.20577
-0.204741
-0.203644
-0.202477
-0.201239
-0.19993
-0.198547
-0.197089
-0.195556
-0.193945
-0.192255
-0.190484
-0.18863
-0.18669
-0.184662
-0.182544
-0.180332
-0.178023
-0.175613
-0.1731
-0.170479
-0.167745
-0.164895
-0.161923
-0.158825
-0.155596
-0.15223
-0.148724
-0.145072
-0.141271
-0.137318
-0.133208
-0.128943
-0.12452
-0.119943
-0.115214
-0.110341
-0.105332
-0.100199
-0.0949561
-0.089621
-0.0842145
-0.07876
-0.0732836
-0.0678135
-0.0623797
-0.057013
-0.0517447
-0.046606
-0.0416268
-0.0368349
-0.0322562
-0.027913
-0.0238241
-0.0200046
-0.016465
-0.0132118
-0.0102471
-0.00756898
-0.00517169
-0.00304609
-0.00118005
0.000440991
0.00183356
0.0030156
0.00400596
0.00482395
0.0054889
0.00601979
0.00643497
0.00675185
0.00698676
0.00715477
0.00726963
0.0073437
0.00738797
0.00741206
0.00742429
0.00743172
0.00744027
0.00745478
0.00747912
0.0075163
0.00756853
0.00763728
0.00772365
0.00782811
0.00795058
0.00809069
0.00824781
0.00842107
0.00860936
0.00881145
0.00902602
0.00925163
0.00948684
0.00973013
0.00998004
0.0102351
0.0104938
0.0107547
0.0110165
0.0112779
0.0115375
0.0117943
0.012047
0.0122945
0.0125359
0.0127702
0.0129965
0.013214
0.013422
0.0136196
0.0138064
0.0139817
0.014145
0.0142957
0.0144336
0.0145582
0.0146692
0.0147663
0.0148493
0.0149179
0.014972
0.0150116
0.0150364
0.0150465
0.0150418
0.0150224
0.0149882
0.0149393
0.0148758
0.0147978
0.0147054
0.0145988
0.0144781
0.0143435
0.0141952
0.0140334
0.0138583
0.0136701
0.013469
0.0132553
0.0130292
0.012791
0.0125409
0.0122792
0.0120061
0.0117219
0.0114269
0.0111212
0.0108053
0.0104793
0.0101434
0.009798
0.00944328
0.0090795
0.00870691
0.00832575
0.00793626
0.00753867
0.00713322
0.00672013
0.00629964
0.00587195
0.00543729
0.00499587
0.00454789
0.00409356
0.00363307
0.00316662
0.00269439
0.00221663
0.00173318
0.00124596
0.000747279
0.000278593
-0.213437
-0.213765
-0.213828
-0.213875
-0.213899
-0.213903
-0.213881
-0.213826
-0.213733
-0.213596
-0.213412
-0.213178
-0.212891
-0.21255
-0.212153
-0.211698
-0.211183
-0.210608
-0.209971
-0.209271
-0.208508
-0.20768
-0.206786
-0.205826
-0.204798
-0.203701
-0.202535
-0.201298
-0.199989
-0.198608
-0.197152
-0.19562
-0.194011
-0.192323
-0.190554
-0.188702
-0.186765
-0.184741
-0.182626
-0.180418
-0.178114
-0.17571
-0.173202
-0.170587
-0.167861
-0.165018
-0.162054
-0.158964
-0.155744
-0.152388
-0.148891
-0.14525
-0.141459
-0.137515
-0.133416
-0.129159
-0.124745
-0.120176
-0.115455
-0.110588
-0.105584
-0.100455
-0.0952153
-0.0898825
-0.0844776
-0.0790241
-0.0735484
-0.0680788
-0.0626455
-0.0572798
-0.052013
-0.0468764
-0.0419
-0.0371119
-0.0325377
-0.0281998
-0.0241169
-0.0203038
-0.016771
-0.0135245
-0.0105664
-0.00789432
-0.00550235
-0.00338108
-0.00151819
0.000101064
0.00149333
0.00267665
0.00366991
0.00449243
0.0051635
0.00570204
0.00612628
0.00645353
0.00669996
0.00688049
0.0070087
0.0070968
0.00715561
0.0071946
0.00722191
0.00724448
0.0072681
0.00729749
0.00733641
0.00738779
0.00745374
0.00753576
0.00763471
0.00775122
0.0078851
0.00803595
0.00820313
0.00838575
0.00858274
0.00879286
0.00901479
0.00924713
0.00948844
0.00973725
0.0099921
0.0102515
0.0105141
0.0107785
0.0110432
0.0113071
0.0115689
0.0118274
0.0120815
0.0123302
0.0125724
0.0128073
0.0130339
0.0132515
0.0134594
0.0136568
0.0138432
0.0140179
0.0141805
0.0143306
0.0144676
0.0145913
0.0147012
0.0147973
0.0148792
0.0149467
0.0149997
0.0150381
0.0150617
0.0150706
0.0150648
0.0150442
0.0150088
0.0149588
0.0148942
0.0148151
0.0147217
0.0146141
0.0144924
0.0143568
0.0142076
0.0140449
0.0138689
0.0136798
0.013478
0.0132635
0.0130367
0.0127978
0.0125471
0.0122848
0.0120111
0.0117264
0.0114308
0.0111247
0.0108083
0.0104818
0.0101456
0.00979982
0.00944476
0.00908066
0.00870777
0.00832632
0.00793657
0.00753875
0.00713308
0.00671979
0.0062991
0.00587125
0.00543643
0.00499487
0.00454677
0.00409234
0.00363177
0.00316527
0.00269302
0.00221527
0.0017319
0.0012447
0.000746665
0.000276345
-0.213485
-0.213854
-0.213913
-0.213958
-0.213982
-0.213987
-0.213966
-0.213912
-0.213819
-0.213682
-0.213498
-0.213263
-0.212976
-0.212634
-0.212236
-0.21178
-0.211265
-0.210689
-0.210051
-0.209351
-0.208587
-0.207759
-0.206865
-0.205904
-0.204876
-0.20378
-0.202614
-0.201377
-0.200069
-0.198688
-0.197233
-0.195703
-0.194096
-0.19241
-0.190643
-0.188794
-0.18686
-0.184839
-0.182728
-0.180524
-0.178225
-0.175826
-0.173324
-0.170716
-0.167996
-0.16516
-0.162204
-0.159123
-0.155911
-0.152564
-0.149077
-0.145444
-0.141662
-0.137727
-0.133636
-0.129387
-0.124981
-0.120418
-0.115702
-0.11084
-0.105841
-0.100715
-0.0954785
-0.0901484
-0.0847462
-0.0792955
-0.073823
-0.0683574
-0.062929
-0.0575692
-0.0523097
-0.0471818
-0.0422155
-0.0374387
-0.0328771
-0.0285528
-0.0244841
-0.0206857
-0.0171675
-0.0139352
-0.0109905
-0.00833076
-0.00594955
-0.0038372
-0.00198115
-0.000366425
0.00102375
0.00220747
0.00320366
0.0040316
0.00471047
0.00525906
0.00569543
0.00603667
0.00629874
0.00649633
0.00664277
0.00675004
0.00682871
0.00688803
0.00693595
0.0069792
0.00702339
0.0070731
0.00713194
0.00720272
0.00728745
0.00738757
0.0075039
0.00763694
0.00778649
0.00795214
0.00813321
0.00832883
0.0085379
0.00875922
0.00899147
0.00923327
0.00948322
0.00973988
0.0100018
0.0102676
0.0105358
0.0108052
0.0110743
0.011342
0.0116071
0.0118683
0.0121247
0.0123752
0.0126189
0.0128549
0.0130823
0.0133003
0.0135083
0.0137057
0.0138917
0.014066
0.0142279
0.0143771
0.0145132
0.0146357
0.0147445
0.0148393
0.0149199
0.014986
0.0150376
0.0150745
0.0150966
0.0151041
0.0150967
0.0150746
0.0150377
0.0149862
0.0149202
0.0148397
0.0147449
0.0146359
0.0145129
0.0143761
0.0142256
0.0140617
0.0138845
0.0136944
0.0134915
0.013276
0.0130482
0.0128084
0.0125568
0.0122936
0.0120192
0.0117337
0.0114375
0.0111307
0.0108136
0.0104866
0.0101498
0.0098035
0.00944795
0.0090834
0.00871008
0.00832824
0.00793812
0.00753995
0.00713396
0.00672038
0.00629942
0.00587131
0.00543626
0.00499449
0.0045462
0.0040916
0.0036309
0.0031643
0.00269199
0.00221422
0.00173096
0.00124359
0.000746811
0.000271393
-0.213601
-0.214005
-0.214055
-0.214096
-0.214118
-0.214121
-0.214098
-0.214042
-0.213946
-0.213806
-0.213619
-0.213382
-0.213092
-0.212748
-0.212347
-0.211889
-0.211371
-0.210793
-0.210154
-0.209452
-0.208687
-0.207857
-0.206962
-0.206
-0.204972
-0.203875
-0.202708
-0.201472
-0.200164
-0.198784
-0.19733
-0.1958
-0.194194
-0.19251
-0.190745
-0.188898
-0.186967
-0.18495
-0.182842
-0.180643
-0.178348
-0.175954
-0.173458
-0.170855
-0.168142
-0.165313
-0.162364
-0.15929
-0.156086
-0.152746
-0.149266
-0.145641
-0.141866
-0.137938
-0.133853
-0.12961
-0.125208
-0.12065
-0.115939
-0.111081
-0.106085
-0.100963
-0.0957299
-0.0904042
-0.0850072
-0.0795629
-0.0740982
-0.0686422
-0.0632255
-0.0578794
-0.0526359
-0.0475261
-0.04258
-0.0378253
-0.0332871
-0.0289874
-0.0249439
-0.0211707
-0.0176772
-0.0144687
-0.0115461
-0.00890628
-0.00654243
-0.00444449
-0.00259955
-0.000992453
0.000393724
0.00157713
0.00257665
0.00341143
0.0041005
0.00466241
0.00511494
0.00547489
0.00575789
0.00597828
0.00614909
0.00628193
0.00638708
0.00647348
0.00654881
0.00661954
0.00669105
0.00676771
0.00685296
0.00694945
0.00705908
0.00718321
0.00732259
0.00747755
0.00764791
0.00783321
0.00803278
0.0082457
0.00847092
0.00870721
0.00895331
0.00920785
0.00946946
0.00973674
0.0100083
0.0102827
0.0105587
0.010835
0.0111102
0.0113833
0.0116529
0.0119181
0.0121778
0.0124311
0.0126769
0.0129146
0.0131432
0.0133621
0.0135706
0.0137681
0.013954
0.0141277
0.014289
0.0144373
0.0145722
0.0146935
0.0148009
0.0148942
0.0149731
0.0150375
0.0150873
0.0151223
0.0151427
0.0151482
0.0151389
0.0151149
0.0150762
0.0150228
0.0149549
0.0148726
0.014776
0.0146652
0.0145405
0.0144021
0.01425
0.0140845
0.0139059
0.0137143
0.01351
0.0132932
0.0130642
0.0128232
0.0125704
0.0123062
0.0120307
0.0117442
0.011447
0.0111394
0.0108215
0.0104937
0.0101562
0.00980917
0.00945297
0.00908781
0.00871393
0.00833156
0.00794095
0.00754231
0.00713589
0.0067219
0.00630057
0.00587211
0.00543674
0.00499468
0.00454612
0.00409129
0.0036304
0.00316364
0.00269124
0.00221339
0.00173027
0.00124251
0.000747708
0.000263488
-0.213803
-0.21423
-0.214264
-0.214294
-0.214308
-0.214303
-0.214274
-0.214211
-0.214108
-0.213963
-0.21377
-0.213527
-0.213232
-0.212883
-0.212478
-0.212016
-0.211495
-0.210914
-0.210271
-0.209567
-0.208799
-0.207967
-0.20707
-0.206107
-0.205077
-0.203979
-0.202812
-0.201575
-0.200267
-0.198887
-0.197433
-0.195904
-0.1943
-0.192616
-0.190854
-0.189009
-0.18708
-0.185065
-0.182961
-0.180766
-0.178475
-0.176086
-0.173594
-0.170996
-0.168288
-0.165464
-0.162521
-0.159452
-0.156253
-0.152919
-0.149444
-0.145824
-0.142054
-0.138129
-0.134048
-0.129809
-0.12541
-0.120855
-0.116147
-0.111292
-0.106299
-0.101182
-0.0959546
-0.0906364
-0.0852488
-0.0798165
-0.0743665
-0.0689283
-0.0635325
-0.0582107
-0.0529946
-0.0479152
-0.0430022
-0.0382829
-0.0337818
-0.0295202
-0.0255151
-0.0217799
-0.0183232
-0.0151494
-0.0122588
-0.0096477
-0.00730865
-0.00523114
-0.00340192
-0.00180562
-0.000425198
0.000757484
0.0017612
0.00260489
0.00330732
0.00388669
0.00436039
0.00474479
0.00505508
0.00530516
0.0055076
0.00567359
0.00581299
0.00593436
0.00604502
0.00615113
0.00625777
0.00636905
0.0064882
0.00661767
0.00675929
0.00691421
0.0070831
0.00726617
0.0074632
0.00767373
0.00789704
0.00813221
0.0083782
0.0086338
0.00889776
0.00916877
0.00944549
0.00972656
0.0100106
0.0102964
0.0105826
0.0108679
0.0111512
0.0114313
0.0117071
0.0119776
0.0122418
0.0124988
0.0127478
0.0129878
0.0132183
0.0134385
0.0136478
0.0138457
0.0140315
0.0142049
0.0143655
0.0145127
0.0146464
0.0147663
0.014872
0.0149634
0.0150404
0.0151027
0.0151503
0.0151832
0.0152012
0.0152044
0.0151928
0.0151664
0.0151253
0.0150696
0.0149994
0.0149148
0.014816
0.0147031
0.0145762
0.0144357
0.0142816
0.0141141
0.0139336
0.0137402
0.0135342
0.0133157
0.0130851
0.0128426
0.0125884
0.0123227
0.0120459
0.0117582
0.0114598
0.0111511
0.0108322
0.0105033
0.0101649
0.00981702
0.00946
0.00909406
0.00871945
0.00833641
0.00794515
0.00754592
0.00713894
0.00672442
0.00630261
0.00587369
0.00543791
0.00499546
0.00454656
0.00409141
0.00363025
0.00316327
0.00269073
0.00221274
0.0017298
0.00124143
0.000749356
0.000252704
-0.214112
-0.21454
-0.214543
-0.214552
-0.214548
-0.214529
-0.214486
-0.214411
-0.214298
-0.214142
-0.21394
-0.213689
-0.213387
-0.213031
-0.21262
-0.212152
-0.211626
-0.211041
-0.210395
-0.209687
-0.208916
-0.208081
-0.207182
-0.206217
-0.205185
-0.204085
-0.202917
-0.201679
-0.200371
-0.19899
-0.197536
-0.196008
-0.194404
-0.192722
-0.19096
-0.189117
-0.187191
-0.185178
-0.183076
-0.180883
-0.178595
-0.176209
-0.17372
-0.171126
-0.168421
-0.165601
-0.162661
-0.159595
-0.1564
-0.153068
-0.149595
-0.145977
-0.142208
-0.138285
-0.134205
-0.129966
-0.125568
-0.121014
-0.116308
-0.111456
-0.106468
-0.101357
-0.0961393
-0.0908333
-0.0854615
-0.0800488
-0.0746228
-0.069213
-0.06385
-0.0585656
-0.053391
-0.048357
-0.0434926
-0.0388244
-0.0343762
-0.0301682
-0.0262167
-0.0225337
-0.019127
-0.0160002
-0.0131525
-0.0105794
-0.00827291
-0.00622199
-0.00441303
-0.00283044
-0.00145713
-0.000275035
0.000734411
0.00158985
0.00230963
0.00291147
0.00341226
0.0038278
0.00417272
0.00446032
0.00470263
0.00491028
0.00509265
0.00525779
0.0054126
0.00556284
0.00571325
0.00586762
0.00602893
0.00619941
0.00638075
0.00657394
0.00677945
0.00699739
0.00722755
0.0074694
0.0077222
0.00798504
0.00825686
0.00853651
0.00882276
0.00911434
0.00940995
0.00970831
0.0100081
0.0103082
0.0106072
0.010904
0.0111975
0.0114866
0.0117703
0.0120476
0.0123176
0.0125795
0.0128325
0.0130758
0.0133088
0.0135308
0.0137413
0.0139398
0.0141258
0.0142989
0.0144588
0.014605
0.0147373
0.0148554
0.0149592
0.0150485
0.0151232
0.015183
0.0152281
0.0152582
0.0152735
0.0152739
0.0152595
0.0152302
0.0151863
0.0151277
0.0150547
0.0149673
0.0148658
0.0147502
0.0146207
0.0144776
0.014321
0.0141512
0.0139684
0.0137728
0.0135646
0.0133441
0.0131115
0.0128671
0.0126111
0.0123438
0.0120653
0.0117761
0.0114763
0.0111661
0.0108459
0.0105159
0.0101762
0.0098273
0.00946925
0.00910235
0.00872684
0.00834295
0.0079509
0.00755092
0.00714324
0.00672807
0.00630564
0.00587616
0.00543985
0.00499691
0.00454756
0.00409202
0.00363051
0.00316324
0.00269048
0.00221231
0.00172955
0.00124039
0.000751732
0.000239419
-0.214553
-0.214945
-0.214896
-0.214865
-0.21483
-0.214787
-0.214723
-0.214629
-0.2145
-0.214331
-0.214117
-0.213855
-0.213544
-0.21318
-0.212761
-0.212287
-0.211756
-0.211165
-0.210514
-0.209802
-0.209028
-0.20819
-0.207287
-0.20632
-0.205286
-0.204184
-0.203015
-0.201776
-0.200466
-0.199085
-0.197631
-0.196103
-0.194499
-0.192817
-0.191056
-0.189214
-0.187288
-0.185277
-0.183177
-0.180985
-0.178698
-0.176313
-0.173826
-0.171233
-0.168529
-0.16571
-0.16277
-0.159705
-0.156508
-0.153176
-0.149702
-0.146082
-0.142311
-0.138386
-0.134303
-0.130063
-0.125664
-0.12111
-0.116405
-0.111557
-0.106576
-0.101476
-0.0962723
-0.0909853
-0.0856376
-0.0802546
-0.0748641
-0.0694956
-0.06418
-0.0589484
-0.0538319
-0.0488605
-0.0440622
-0.0394629
-0.0350851
-0.0309478
-0.027066
-0.0234506
-0.0201081
-0.0170408
-0.014247
-0.0117213
-0.00945496
-0.00743644
-0.00565178
-0.00408521
-0.00271965
-0.00153723
-0.0005197
0.000351144
0.0010931
0.0017233
0.00225792
0.0027121
0.00309973
0.00343344
0.00372455
0.00398306
0.00421772
0.00443603
0.00464437
0.00484803
0.00505135
0.00525776
0.00546992
0.0056899
0.00591916
0.0061584
0.00640797
0.00666792
0.00693797
0.00721755
0.0075059
0.0078021
0.00810511
0.00841379
0.00872698
0.00904344
0.00936195
0.00968128
0.0100002
0.0103176
0.0106323
0.0109431
0.0112491
0.0115493
0.0118427
0.0121284
0.0124057
0.0126737
0.0129317
0.0131792
0.0134154
0.0136398
0.013852
0.0140515
0.0142379
0.0144108
0.0145699
0.014715
0.0148457
0.014962
0.0150636
0.0151505
0.0152224
0.0152794
0.0153214
0.0153485
0.0153605
0.0153576
0.0153398
0.0153072
0.0152598
0.0151979
0.0151215
0.0150309
0.014926
0.0148073
0.0146747
0.0145285
0.014369
0.0141964
0.0140108
0.0138125
0.0136017
0.0133788
0.0131438
0.0128972
0.012639
0.0123696
0.0120893
0.0117982
0.0114966
0.0111848
0.010863
0.0105315
0.0101905
0.00984024
0.00948096
0.0091129
0.0087363
0.00835138
0.00795837
0.00755749
0.00714896
0.006733
0.00630983
0.00587965
0.00544269
0.00499915
0.00454926
0.00409321
0.00363126
0.00316361
0.00269058
0.00221215
0.00172956
0.00123945
0.000754764
0.000224264
-0.215162
-0.215452
-0.215315
-0.215219
-0.215138
-0.215057
-0.214965
-0.214848
-0.214699
-0.214513
-0.214285
-0.214011
-0.213689
-0.213316
-0.21289
-0.212409
-0.211871
-0.211275
-0.210619
-0.209903
-0.209125
-0.208283
-0.207378
-0.206408
-0.205371
-0.204268
-0.203097
-0.201856
-0.200546
-0.199164
-0.197709
-0.19618
-0.194576
-0.192894
-0.191133
-0.18929
-0.187364
-0.185353
-0.183252
-0.18106
-0.178773
-0.176387
-0.173898
-0.171303
-0.168597
-0.165775
-0.162832
-0.159763
-0.156562
-0.153225
-0.149745
-0.146119
-0.142343
-0.138412
-0.134324
-0.13008
-0.125679
-0.121125
-0.116423
-0.111581
-0.10661
-0.101525
-0.0963432
-0.091084
-0.0857709
-0.0804298
-0.0750887
-0.069777
-0.0645252
-0.0593643
-0.0543243
-0.0494344
-0.0447216
-0.0402102
-0.0359214
-0.0318727
-0.0280776
-0.0245452
-0.0212809
-0.0182855
-0.0155562
-0.0130866
-0.0108673
-0.00888619
-0.00712893
-0.00557971
-0.00422159
-0.00303697
-0.00200808
-0.0011173
-0.000347515
0.00031762
0.00089349
0.00139437
0.00183332
0.00222214
0.00257135
0.00289019
0.00318672
0.00346778
0.00373918
0.00400567
0.00427114
0.00453858
0.00481043
0.00508844
0.00537374
0.00566682
0.00596796
0.00627709
0.00659384
0.00691759
0.00724757
0.00758286
0.00792244
0.0082652
0.00861003
0.00895575
0.0093012
0.00964525
0.00998675
0.0103246
0.0106578
0.0109853
0.0113062
0.0116196
0.0119245
0.0122204
0.0125063
0.0127817
0.0130459
0.0132983
0.0135385
0.013766
0.0139804
0.0141812
0.0143681
0.014541
0.0146994
0.0148433
0.0149724
0.0150866
0.0151857
0.0152698
0.0153387
0.0153924
0.015431
0.0154544
0.0154627
0.0154559
0.0154343
0.0153977
0.0153465
0.0152806
0.0152004
0.0151058
0.0149972
0.0148747
0.0147385
0.0145889
0.0144259
0.0142499
0.0140611
0.0138597
0.0136459
0.0134201
0.0131824
0.0129331
0.0126724
0.0124007
0.012118
0.0118248
0.0115211
0.0112074
0.0108838
0.0105505
0.0102079
0.00985607
0.00949533
0.00912591
0.00874802
0.00836189
0.00796775
0.0075658
0.00715627
0.00673937
0.00631532
0.00588432
0.00544659
0.00500233
0.00455177
0.00409513
0.00363263
0.00316451
0.00269111
0.00221233
0.00172989
0.00123872
0.000758328
0.00020808
-0.215988
-0.216061
-0.215785
-0.215592
-0.215445
-0.215317
-0.215189
-0.215044
-0.214874
-0.21467
-0.214427
-0.214141
-0.213809
-0.213427
-0.212993
-0.212505
-0.211961
-0.21136
-0.2107
-0.20998
-0.209198
-0.208354
-0.207446
-0.206473
-0.205434
-0.204329
-0.203156
-0.201914
-0.200602
-0.199218
-0.197762
-0.196232
-0.194626
-0.192943
-0.19118
-0.189336
-0.187408
-0.185394
-0.183291
-0.181095
-0.178805
-0.176415
-0.173921
-0.171321
-0.168609
-0.165779
-0.162829
-0.159751
-0.156541
-0.153194
-0.149705
-0.146069
-0.142282
-0.138343
-0.134248
-0.129998
-0.125594
-0.12104
-0.116343
-0.111511
-0.106557
-0.101494
-0.0963425
-0.0911219
-0.0858562
-0.0805715
-0.0752957
-0.0700582
-0.064889
-0.0598181
-0.0548747
-0.0500866
-0.0454793
-0.0410755
-0.0368947
-0.0329524
-0.0292604
-0.0258262
-0.0226532
-0.0197412
-0.0170859
-0.0146799
-0.0125132
-0.010573
-0.00884497
-0.0073132
-0.00596101
-0.00477127
-0.0037268
-0.00281073
-0.00200681
-0.00129961
-0.000674697
-0.000118783
0.000380226
0.000833188
0.00124972
0.00163823
0.00200598
0.00235911
0.00270277
0.00304115
0.00337762
0.00371469
0.00405462
0.00439882
0.00474789
0.00510227
0.00546213
0.00582725
0.00619719
0.00657128
0.00694872
0.0073286
0.0077099
0.00809159
0.00847258
0.00885178
0.0092281
0.00960048
0.00996789
0.0103293
0.0106839
0.0110306
0.0113686
0.0116972
0.0120156
0.0123232
0.0126193
0.0129033
0.0131747
0.0134331
0.0136781
0.0139092
0.0141261
0.0143287
0.0145165
0.0146894
0.0148472
0.0149898
0.0151171
0.015229
0.0153255
0.0154065
0.015472
0.015522
0.0155567
0.015576
0.0155801
0.0155691
0.015543
0.015502
0.0154463
0.015376
0.0152913
0.0151924
0.0150795
0.0149527
0.0148124
0.0146587
0.0144918
0.014312
0.0141195
0.0139145
0.0136974
0.0134682
0.0132274
0.0129751
0.0127115
0.012437
0.0121517
0.011856
0.01155
0.011234
0.0109083
0.0105731
0.0102285
0.00987495
0.00951255
0.00914155
0.00876219
0.00837467
0.00797921
0.00757603
0.00716535
0.00674736
0.00632229
0.00589033
0.0054517
0.0050066
0.00455526
0.0040979
0.00363476
0.00316605
0.00269219
0.00221298
0.00173061
0.00123828
0.000762242
0.000191847
-0.217109
-0.216765
-0.216277
-0.215951
-0.215718
-0.215535
-0.215369
-0.215196
-0.215004
-0.214784
-0.214528
-0.214231
-0.21389
-0.2135
-0.21306
-0.212567
-0.212019
-0.211413
-0.210749
-0.210026
-0.209241
-0.208394
-0.207483
-0.206508
-0.205468
-0.20436
-0.203185
-0.201941
-0.200627
-0.199241
-0.197783
-0.19625
-0.194641
-0.192954
-0.191188
-0.18934
-0.187407
-0.185388
-0.183279
-0.181077
-0.178779
-0.176381
-0.173878
-0.171268
-0.168544
-0.165703
-0.162739
-0.159648
-0.156424
-0.153062
-0.149558
-0.145908
-0.142109
-0.138157
-0.134053
-0.129796
-0.12539
-0.120838
-0.11615
-0.111333
-0.106402
-0.101372
-0.0962616
-0.0910927
-0.0858892
-0.0806774
-0.0754849
-0.0703407
-0.065274
-0.0603137
-0.0554877
-0.0508221
-0.0463405
-0.0420638
-0.0380092
-0.0341903
-0.0306167
-0.0272941
-0.0242243
-0.0214051
-0.0188314
-0.0164948
-0.0143844
-0.0124871
-0.0107884
-0.00927275
-0.00792374
-0.00672487
-0.00565975
-0.00471242
-0.00386762
-0.00311099
-0.0024292
-0.00181006
-0.00124254
-0.00071684
-0.000224306
0.000242552
0.00069014
0.00112385
0.00154814
0.00196662
0.0023821
0.0027965
0.00321212
0.00362962
0.00404939
0.00447177
0.00489674
0.00532397
0.00575292
0.00618288
0.00661303
0.00704245
0.00747017
0.00789518
0.00831646
0.00873298
0.00914375
0.0095478
0.00994419
0.010332
0.0107105
0.0110788
0.0114362
0.011782
0.0121156
0.0124364
0.012744
0.0130379
0.0133176
0.0135828
0.0138332
0.0140686
0.0142886
0.0144932
0.0146821
0.0148552
0.0150125
0.0151538
0.0152793
0.0153887
0.0154822
0.0155599
0.0156216
0.0156677
0.0156981
0.0157129
0.0157123
0.0156965
0.0156655
0.0156196
0.0155589
0.0154837
0.0153941
0.0152903
0.0151725
0.0150411
0.0148961
0.0147378
0.0145666
0.0143825
0.0141859
0.0139769
0.0137559
0.0135231
0.0132787
0.013023
0.0127562
0.0124786
0.0121904
0.0118919
0.0115833
0.0112648
0.0109367
0.0105992
0.0102526
0.00989699
0.00953271
0.00915993
0.0087789
0.00838981
0.00799287
0.0075883
0.00717631
0.00675709
0.00633086
0.00589781
0.00545815
0.0050121
0.00455986
0.00410166
0.00363776
0.00316837
0.00269394
0.00221418
0.00173177
0.00123824
0.000766279
0.000176612
-0.218643
-0.217537
-0.216745
-0.216248
-0.215919
-0.215679
-0.215476
-0.21528
-0.215072
-0.214839
-0.214573
-0.214269
-0.213922
-0.213527
-0.213083
-0.212586
-0.212035
-0.211427
-0.21076
-0.210034
-0.209247
-0.208398
-0.207485
-0.206508
-0.205465
-0.204355
-0.203178
-0.201931
-0.200613
-0.199224
-0.197761
-0.196224
-0.19461
-0.192918
-0.191145
-0.18929
-0.187349
-0.185321
-0.183202
-0.180989
-0.178678
-0.176267
-0.17375
-0.171124
-0.168383
-0.165524
-0.162542
-0.159431
-0.156187
-0.152805
-0.149282
-0.145614
-0.141798
-0.137832
-0.133717
-0.129455
-0.125048
-0.120503
-0.115828
-0.111034
-0.106136
-0.101149
-0.0960934
-0.0909913
-0.0858667
-0.0807459
-0.075656
-0.0706253
-0.0656819
-0.0608532
-0.0561653
-0.0516423
-0.0473058
-0.0431742
-0.0392625
-0.035582
-0.03214
-0.0289402
-0.0259826
-0.0232637
-0.0207768
-0.0185128
-0.0164601
-0.0146057
-0.0129349
-0.0114324
-0.0100826
-0.00886971
-0.00777822
-0.00679327
-0.00590076
-0.00508751
-0.00434141
-0.00365145
-0.00300777
-0.00240166
-0.00182552
-0.00127282
-0.00073802
-0.000216526
0.00029541
0.000800782
0.00130209
0.00180023
0.00229755
0.00279416
0.00329035
0.00378623
0.00428158
0.00477595
0.00526871
0.00575912
0.00624633
0.00672943
0.00720747
0.0076795
0.00814454
0.00860167
0.00904996
0.00948853
0.00991656
0.0103333
0.0107379
0.0111299
0.0115085
0.0118732
0.0122235
0.0125591
0.0128794
0.0131841
0.0134731
0.0137459
0.0140025
0.0142427
0.0144663
0.0146732
0.0148634
0.0150369
0.0151937
0.0153338
0.0154573
0.0155642
0.0156546
0.0157286
0.0157864
0.0158281
0.0158539
0.0158638
0.0158582
0.0158371
0.0158008
0.0157496
0.0156835
0.0156028
0.0155078
0.0153987
0.0152757
0.0151391
0.014989
0.0148258
0.0146497
0.014461
0.0142598
0.0140465
0.0138213
0.0135844
0.0133361
0.0130767
0.0128064
0.0125254
0.012234
0.0119324
0.0116209
0.0112996
0.0109689
0.0106289
0.0102799
0.00992217
0.00955581
0.00918108
0.00879819
0.00840736
0.00800879
0.00760268
0.00718923
0.00676865
0.00634113
0.00590686
0.00546606
0.00501893
0.00456568
0.00410654
0.00364176
0.00317156
0.00269644
0.00221602
0.00173342
0.00123868
0.000770187
0.000163407
-0.220744
-0.218312
-0.217125
-0.216432
-0.216003
-0.215714
-0.215487
-0.215277
-0.215061
-0.214823
-0.214554
-0.214247
-0.213898
-0.213502
-0.213057
-0.212559
-0.212006
-0.211397
-0.210729
-0.210002
-0.209213
-0.208362
-0.207447
-0.206468
-0.205422
-0.204309
-0.203127
-0.201875
-0.200553
-0.199158
-0.197689
-0.196144
-0.194522
-0.19282
-0.191038
-0.189171
-0.187218
-0.185176
-0.183041
-0.180812
-0.178483
-0.176052
-0.173514
-0.170866
-0.168102
-0.165219
-0.162211
-0.159075
-0.155805
-0.152399
-0.148852
-0.145161
-0.141326
-0.137346
-0.133221
-0.128954
-0.124551
-0.120017
-0.115364
-0.110602
-0.105748
-0.100818
-0.0958327
-0.0908142
-0.0857868
-0.0807762
-0.0758091
-0.0709124
-0.0661128
-0.0614359
-0.0569057
-0.0525439
-0.0483698
-0.0443991
-0.0406443
-0.0371142
-0.0338139
-0.0307451
-0.0279058
-0.0252911
-0.0228934
-0.0207027
-0.018707
-0.0168932
-0.015247
-0.0137535
-0.0123979
-0.0111653
-0.0100415
-0.00901259
-0.00806587
-0.00718943
-0.00637245
-0.00560518
-0.00487897
-0.00418625
-0.00352048
-0.0028761
-0.00224848
-0.00163379
-0.00102902
-0.000431853
0.000159301
0.000746797
0.0013301
0.00191
0.0024867
0.00306001
0.0036295
0.00419463
0.00475469
0.00530888
0.00585634
0.00639617
0.00692746
0.00744927
0.00796073
0.00846095
0.0089491
0.00942442
0.00988616
0.0103337
0.0107663
0.0111836
0.011585
0.01197
0.0123384
0.0126897
0.0130238
0.0133404
0.0136394
0.0139205
0.0141839
0.0144293
0.0146568
0.0148665
0.0150583
0.0152324
0.0153888
0.0155276
0.0156491
0.0157533
0.0158405
0.0159108
0.0159644
0.0160015
0.0160223
0.0160271
0.0160161
0.0159894
0.0159475
0.0158905
0.0158186
0.0157322
0.0156314
0.0155166
0.0153879
0.0152457
0.0150903
0.0149217
0.0147405
0.0145467
0.0143406
0.0141226
0.0138929
0.0136516
0.0133992
0.0131357
0.0128616
0.0125769
0.012282
0.0119771
0.0116624
0.0113382
0.0110047
0.010662
0.0103105
0.00995036
0.00958175
0.00920489
0.00882001
0.00842729
0.00802694
0.00761916
0.00720413
0.00678206
0.00635313
0.00591754
0.00547548
0.00502716
0.00457279
0.0041126
0.00364684
0.00317572
0.00269978
0.00221858
0.00173559
0.00123966
0.000773716
0.000153176
-0.223661
-0.21896
-0.217317
-0.216454
-0.215936
-0.215617
-0.215386
-0.215179
-0.214965
-0.214731
-0.214466
-0.214163
-0.213817
-0.213424
-0.21298
-0.212483
-0.211931
-0.211323
-0.210655
-0.209926
-0.209136
-0.208283
-0.207365
-0.206382
-0.205332
-0.204214
-0.203026
-0.201768
-0.200437
-0.199033
-0.197554
-0.195998
-0.194364
-0.192648
-0.19085
-0.188966
-0.186995
-0.184933
-0.182777
-0.180524
-0.178171
-0.175713
-0.173147
-0.170469
-0.167675
-0.164761
-0.161721
-0.158553
-0.155253
-0.151817
-0.148243
-0.144529
-0.140674
-0.136678
-0.132545
-0.128279
-0.123884
-0.11937
-0.114748
-0.110031
-0.105234
-0.100376
-0.0954778
-0.0905609
-0.0856496
-0.0807689
-0.0759444
-0.0712014
-0.0665649
-0.0620582
-0.057703
-0.0535184
-0.0495208
-0.0457233
-0.0421358
-0.0387644
-0.0356122
-0.0326785
-0.02996
-0.0274504
-0.0251411
-0.0230215
-0.0210796
-0.0193022
-0.0176757
-0.0161859
-0.0148188
-0.0135607
-0.0123985
-0.0113199
-0.0103132
-0.00936814
-0.00847507
-0.00762558
-0.00681224
-0.00602861
-0.00526922
-0.00452946
-0.00380556
-0.00309447
-0.00239387
-0.00170202
-0.00101756
-0.000339337
0.000332323
0.000997881
0.00165729
0.00231011
0.00295579
0.00359364
0.00422291
0.00484276
0.0054523
0.00605063
0.00663688
0.00721016
0.00776964
0.00831452
0.00884405
0.00935755
0.00985439
0.010334
0.0107959
0.0112396
0.0116649
0.0120712
0.0124586
0.0128266
0.0131752
0.0135044
0.013814
0.014104
0.0143746
0.0146257
0.0148576
0.0150702
0.0152638
0.0154386
0.0155947
0.0157324
0.0158519
0.0159534
0.0160372
0.0161037
0.0161529
0.0161852
0.016201
0.0162004
0.0161837
0.0161513
0.0161035
0.0160404
0.0159625
0.01587
0.0157632
0.0156423
0.0155077
0.0153597
0.0151985
0.0150243
0.0148376
0.0146385
0.0144273
0.0142043
0.0139698
0.0137239
0.0134671
0.0131994
0.0129212
0.0126326
0.012334
0.0120256
0.0117076
0.0113802
0.0110437
0.0106982
0.010344
0.00998132
0.00961031
0.0092312
0.00884419
0.00844946
0.00804722
0.00763765
0.00722093
0.00679727
0.00636683
0.00592981
0.0054864
0.0050368
0.00458122
0.00411987
0.00365302
0.00318088
0.002704
0.0022219
0.00173827
0.00124121
0.00077663
0.000146717
-0.228057
-0.219352
-0.217126
-0.216301
-0.21572
-0.215382
-0.215174
-0.214989
-0.214791
-0.21457
-0.214316
-0.214023
-0.213684
-0.213296
-0.212857
-0.212363
-0.211813
-0.211205
-0.210536
-0.209807
-0.209014
-0.208157
-0.207235
-0.206246
-0.205189
-0.204063
-0.202866
-0.201597
-0.200255
-0.198838
-0.197344
-0.195771
-0.194119
-0.192384
-0.190564
-0.188657
-0.18666
-0.184571
-0.182386
-0.180102
-0.177717
-0.175225
-0.172624
-0.169909
-0.167078
-0.164125
-0.161048
-0.157843
-0.154508
-0.151039
-0.147435
-0.143696
-0.139822
-0.135815
-0.131679
-0.127418
-0.123041
-0.118557
-0.113978
-0.109318
-0.104594
-0.099825
-0.0950309
-0.090234
-0.0854576
-0.0807257
-0.0760623
-0.0714909
-0.0670343
-0.0627134
-0.058547
-0.0545516
-0.0507405
-0.0471243
-0.0437099
-0.0405013
-0.037499
-0.0347008
-0.0321017
-0.0296943
-0.0274695
-0.0254162
-0.0235226
-0.0217759
-0.020163
-0.0186708
-0.0172862
-0.0159969
-0.0147911
-0.0136577
-0.0125868
-0.0115691
-0.0105966
-0.00966193
-0.008759
-0.00788244
-0.00702779
-0.00619136
-0.00537019
-0.00456196
-0.00376495
-0.0029781
-0.00220024
-0.00143116
-0.000670907
8.0487e-05
0.000822703
0.00155516
0.00227715
0.00298792
0.00368663
0.0043724
0.00504434
0.00570155
0.00634318
0.00696839
0.00757639
0.00816646
0.00873793
0.00929019
0.00982271
0.010335
0.0108268
0.0112976
0.0117472
0.0121755
0.0125823
0.0129675
0.0133312
0.0136733
0.013994
0.0142933
0.0145715
0.0148286
0.015065
0.0152808
0.0154764
0.0156521
0.015808
0.0159446
0.0160622
0.0161611
0.0162416
0.0163041
0.0163489
0.0163764
0.016387
0.0163809
0.0163585
0.0163201
0.0162662
0.016197
0.0161128
0.0160141
0.015901
0.0157739
0.0156332
0.0154791
0.015312
0.0151321
0.0149397
0.0147351
0.0145186
0.0142905
0.0140509
0.0138003
0.0135388
0.0132668
0.0129843
0.0126918
0.0123893
0.0120773
0.0117558
0.0114251
0.0110854
0.010737
0.01038
0.0100147
0.00964117
0.0092597
0.00887046
0.00847364
0.00806941
0.00765797
0.00723948
0.00681414
0.00638212
0.0059436
0.00549876
0.00504781
0.00459093
0.00412835
0.00366032
0.00318705
0.0027091
0.00222598
0.00174146
0.00124336
0.000778736
0.000144612
-0.234291
-0.219435
-0.216434
-0.215974
-0.215415
-0.215053
-0.214878
-0.214732
-0.21456
-0.214357
-0.214118
-0.213837
-0.213507
-0.213126
-0.212692
-0.212201
-0.211652
-0.211044
-0.210374
-0.209641
-0.208844
-0.207981
-0.207051
-0.206053
-0.204985
-0.203847
-0.202637
-0.201352
-0.199993
-0.198557
-0.197042
-0.195447
-0.19377
-0.192008
-0.190159
-0.188222
-0.186192
-0.184068
-0.181846
-0.179524
-0.177098
-0.174564
-0.17192
-0.169162
-0.166286
-0.16329
-0.160171
-0.156925
-0.153552
-0.150049
-0.146416
-0.142653
-0.138764
-0.134749
-0.130616
-0.12637
-0.122021
-0.117579
-0.113056
-0.108469
-0.103835
-0.0991713
-0.0944992
-0.0898401
-0.0852162
-0.08065
-0.0761637
-0.0717788
-0.0675153
-0.0633914
-0.0594233
-0.0556243
-0.0520051
-0.0485731
-0.0453329
-0.042286
-0.0394312
-0.0367644
-0.0342795
-0.0319683
-0.0298212
-0.0278272
-0.0259747
-0.0242516
-0.0226455
-0.0211445
-0.0197368
-0.0184112
-0.0171575
-0.015966
-0.0148279
-0.0137357
-0.0126823
-0.0116619
-0.0106693
-0.00970026
-0.00875125
-0.00781942
-0.00690255
-0.00599897
-0.00510774
-0.00422778
-0.00335888
-0.00250097
-0.00165426
-0.000819112
3.90988e-06
0.0008141
0.00161065
0.0023927
0.00315936
0.00390972
0.00464286
0.0053579
0.00605399
0.00673035
0.00738623
0.00802096
0.00863394
0.00922464
0.00979262
0.0103375
0.010859
0.0113569
0.011831
0.0122812
0.0127076
0.0131102
0.0134891
0.0138443
0.0141762
0.014485
0.0147709
0.0150343
0.0152754
0.0154946
0.0156924
0.015869
0.0160249
0.0161605
0.0162763
0.0163726
0.0164499
0.0165085
0.016549
0.0165717
0.016577
0.0165654
0.0165373
0.016493
0.0164329
0.0163575
0.016267
0.016162
0.0160426
0.0159093
0.0157623
0.0156021
0.015429
0.0152432
0.0150451
0.0148349
0.014613
0.0143796
0.014135
0.0138795
0.0136134
0.0133368
0.0130501
0.0127534
0.0124471
0.0121313
0.0118062
0.0114722
0.0111293
0.0107779
0.010418
0.01005
0.00967389
0.00929
0.00889848
0.00849949
0.00809323
0.00767986
0.00725955
0.00683248
0.00639882
0.00595874
0.00551242
0.00506005
0.00460182
0.00413793
0.00366865
0.00319417
0.00271504
0.00223079
0.00174513
0.00124609
0.000779918
0.000147177
)
;

boundaryField
{
    inlet
    {
        type            zeroGradient;
    }
    outlet
    {
        type            fixedValue;
        value           uniform 0;
    }
    walls
    {
        type            zeroGradient;
    }
    frontAndBack
    {
        type            empty;
    }
}


// ************************************************************************* //
