/*--------------------------------*- C++ -*----------------------------------*\
  =========                 |
  \\      /  F ield         | OpenFOAM: The Open Source CFD Toolbox
   \\    /   O peration     | Website:  https://openfoam.org
    \\  /    A nd           | Version:  11
     \\/     M anipulation  |
\*---------------------------------------------------------------------------*/
FoamFile
{
    format      ascii;
    class       volScalarField;
    location    "14";
    object      p;
}
// * * * * * * * * * * * * * * * * * * * * * * * * * * * * * * * * * * * * * //

dimensions      [0 2 -2 0 0 0 0];

internalField   nonuniform List<scalar> 
4096
(
-2.51562e-08
0.00708309
0.0209994
0.0412231
0.066993
0.0973316
0.131081
0.16695
0.20356
0.239502
0.273389
0.303912
0.329887
0.350309
0.364381
0.371558
0.371558
0.364381
0.350309
0.329887
0.303912
0.273389
0.239502
0.20356
0.16695
0.131081
0.0973315
0.066993
0.0412231
0.0209994
0.0070831
-1.84673e-08
-1.77659e-08
0.00708128
0.0209925
0.041212
0.0669785
0.0973135
0.13106
0.166925
0.203531
0.23947
0.273353
0.303872
0.329845
0.350264
0.364334
0.371509
0.371509
0.364334
0.350264
0.329845
0.303872
0.273353
0.23947
0.203531
0.166925
0.13106
0.0973135
0.0669785
0.041212
0.0209925
0.00708127
-2.59672e-08
0.00708127
0.0141685
0.0280948
0.0483313
0.0741134
0.104464
0.138226
0.174106
0.210726
0.246678
0.280575
0.311105
0.337088
0.357515
0.371591
0.37877
0.37877
0.371591
0.357515
0.337088
0.311105
0.280575
0.246678
0.210726
0.174106
0.138226
0.104464
0.0741134
0.0483313
0.0280948
0.0141685
0.00708128
0.0070831
0.0141685
0.0280837
0.048309
0.0740816
0.104423
0.138174
0.174044
0.210654
0.246595
0.28048
0.311
0.336973
0.357391
0.371461
0.378636
0.378636
0.371461
0.357391
0.336973
0.311
0.28048
0.246595
0.210654
0.174044
0.138174
0.104423
0.0740816
0.048309
0.0280837
0.0141685
0.00708309
0.0209925
0.0280837
0.0420222
0.0622761
0.088077
0.118447
0.152227
0.188126
0.224763
0.260731
0.294641
0.325184
0.351177
0.371612
0.385694
0.392876
0.392876
0.385694
0.371612
0.351177
0.325184
0.294641
0.260731
0.224763
0.188126
0.152227
0.118447
0.088077
0.0622761
0.0420222
0.0280837
0.0209925
0.0209994
0.0280948
0.0420222
0.0622616
0.0880488
0.118404
0.152169
0.188051
0.224671
0.26062
0.294512
0.325037
0.351013
0.371434
0.385505
0.39268
0.39268
0.385505
0.371434
0.351013
0.325037
0.294512
0.26062
0.224671
0.188051
0.152169
0.118404
0.0880488
0.0622616
0.0420222
0.0280948
0.0209994
0.041212
0.048309
0.0622616
0.082536
0.10836
0.138754
0.172558
0.20848
0.245139
0.281127
0.315055
0.345613
0.371619
0.392064
0.406153
0.413339
0.413339
0.406153
0.392064
0.371619
0.345613
0.315055
0.281127
0.245139
0.20848
0.172558
0.138754
0.10836
0.082536
0.0622616
0.048309
0.041212
0.0412231
0.0483313
0.0622761
0.082536
0.108345
0.138722
0.172507
0.208406
0.245043
0.281005
0.314908
0.345441
0.371423
0.391848
0.405921
0.413097
0.413097
0.405921
0.391848
0.371423
0.345441
0.314908
0.281005
0.245043
0.208406
0.172507
0.138722
0.108345
0.082536
0.0622761
0.0483313
0.0412231
0.0669785
0.0740816
0.0880488
0.108345
0.134194
0.164614
0.198446
0.234394
0.271078
0.307088
0.341036
0.371612
0.397632
0.418089
0.432186
0.439377
0.439377
0.432186
0.418089
0.397632
0.371612
0.341036
0.307088
0.271078
0.234394
0.198446
0.164614
0.134194
0.108345
0.0880488
0.0740816
0.0669785
0.066993
0.0741134
0.088077
0.10836
0.134194
0.164596
0.198406
0.234329
0.270985
0.306964
0.340881
0.371425
0.397416
0.417845
0.431922
0.439098
0.439098
0.431922
0.417845
0.397416
0.371425
0.340881
0.306964
0.270985
0.234328
0.198406
0.164596
0.134194
0.10836
0.088077
0.0741134
0.066993
0.0973135
0.104423
0.118404
0.138722
0.164596
0.195044
0.228904
0.264879
0.301589
0.337623
0.371593
0.402188
0.428223
0.448692
0.462797
0.469993
0.469993
0.462797
0.448692
0.428223
0.402188
0.371593
0.337623
0.301589
0.264879
0.228904
0.195044
0.164596
0.138722
0.118404
0.104423
0.0973135
0.0973316
0.104464
0.118447
0.138754
0.164614
0.195044
0.228881
0.264828
0.301506
0.337505
0.371438
0.401994
0.427994
0.44843
0.46251
0.469687
0.469687
0.46251
0.44843
0.427994
0.401994
0.371438
0.337505
0.301506
0.264828
0.228881
0.195044
0.164614
0.138754
0.118447
0.104464
0.0973315
0.13106
0.138174
0.152169
0.172507
0.198406
0.228881
0.262768
0.29877
0.335506
0.371564
0.405555
0.436168
0.462219
0.482699
0.496813
0.504015
0.504015
0.496813
0.482699
0.462219
0.436168
0.405555
0.371564
0.335506
0.29877
0.262768
0.228881
0.198406
0.172507
0.152169
0.138174
0.13106
0.131081
0.138226
0.152227
0.172558
0.198446
0.228904
0.262768
0.298741
0.335443
0.371462
0.405411
0.43598
0.461989
0.482431
0.496515
0.503693
0.503693
0.496515
0.482431
0.461989
0.43598
0.405411
0.371461
0.335443
0.298741
0.262768
0.228904
0.198446
0.172558
0.152227
0.138226
0.131081
0.166925
0.174044
0.188051
0.208406
0.234328
0.264828
0.298741
0.334769
0.37153
0.40761
0.441621
0.472251
0.498316
0.518808
0.53293
0.540136
0.540136
0.53293
0.518808
0.498316
0.472251
0.441621
0.40761
0.37153
0.334769
0.298741
0.264828
0.234328
0.208406
0.188051
0.174044
0.166925
0.16695
0.174106
0.188126
0.20848
0.234394
0.264879
0.29877
0.334769
0.371494
0.407532
0.441498
0.47208
0.498098
0.518546
0.532633
0.539811
0.539811
0.532633
0.518546
0.498098
0.47208
0.441498
0.407532
0.371494
0.334769
0.29877
0.264879
0.234394
0.20848
0.188126
0.174106
0.16695
0.203531
0.210654
0.224671
0.245043
0.270985
0.301506
0.335443
0.371494
0.408276
0.444377
0.478406
0.509051
0.535129
0.555631
0.56976
0.576971
0.576971
0.56976
0.555631
0.535129
0.509051
0.478406
0.444377
0.408276
0.371494
0.335443
0.301506
0.270985
0.245043
0.224671
0.210654
0.203531
0.20356
0.210726
0.224763
0.245139
0.271078
0.301589
0.335506
0.37153
0.408276
0.444334
0.478315
0.508908
0.534935
0.555388
0.569477
0.576655
0.576655
0.569477
0.555388
0.534935
0.508908
0.478315
0.444334
0.408276
0.37153
0.335506
0.301589
0.271078
0.245139
0.224763
0.210726
0.20356
0.23947
0.246595
0.26062
0.281005
0.306964
0.337505
0.371462
0.407532
0.444334
0.480452
0.514496
0.545155
0.571243
0.591754
0.605889
0.613103
0.613103
0.605889
0.591754
0.571243
0.545155
0.514496
0.480452
0.444334
0.407532
0.371462
0.337505
0.306964
0.281005
0.26062
0.246595
0.23947
0.239502
0.246678
0.260731
0.281127
0.307088
0.337623
0.371564
0.40761
0.444377
0.480452
0.514446
0.545051
0.571084
0.591541
0.605632
0.612809
0.612809
0.605632
0.591541
0.571084
0.545051
0.514446
0.480452
0.444377
0.40761
0.371564
0.337623
0.307088
0.281127
0.260731
0.246678
0.239502
0.273353
0.28048
0.294512
0.314908
0.340881
0.371438
0.405411
0.441498
0.478315
0.514446
0.548503
0.579171
0.605269
0.625785
0.639926
0.647143
0.647143
0.639926
0.625785
0.605269
0.579171
0.548503
0.514446
0.478315
0.441498
0.405411
0.371438
0.340881
0.314908
0.294512
0.28048
0.273353
0.273389
0.280575
0.294641
0.315055
0.341036
0.371593
0.405555
0.441621
0.478406
0.514496
0.548503
0.579116
0.605155
0.625615
0.639706
0.646883
0.646883
0.639706
0.625615
0.605155
0.579116
0.548503
0.514496
0.478406
0.441621
0.405555
0.371593
0.341036
0.315055
0.294641
0.280575
0.273389
0.303872
0.311
0.325037
0.345441
0.371425
0.401994
0.43598
0.47208
0.508908
0.545051
0.579116
0.609792
0.635895
0.656416
0.67056
0.677779
0.677779
0.67056
0.656416
0.635895
0.609792
0.579116
0.545051
0.508908
0.47208
0.43598
0.401994
0.371425
0.345441
0.325037
0.311
0.303872
0.303912
0.311105
0.325184
0.345613
0.371612
0.402188
0.436168
0.472251
0.509051
0.545155
0.579171
0.609792
0.635835
0.656298
0.670389
0.677564
0.677564
0.670389
0.656298
0.635835
0.609792
0.579171
0.545154
0.509051
0.472251
0.436168
0.402188
0.371612
0.345613
0.325184
0.311105
0.303912
0.329845
0.336973
0.351013
0.371423
0.397416
0.427994
0.461989
0.498098
0.534935
0.571084
0.605155
0.635835
0.661941
0.682465
0.696611
0.703832
0.703832
0.696611
0.682465
0.661941
0.635835
0.605155
0.571084
0.534935
0.498098
0.461989
0.427994
0.397416
0.371423
0.351013
0.336973
0.329845
0.329887
0.337088
0.351177
0.371619
0.397633
0.428223
0.462219
0.498316
0.535129
0.571243
0.605269
0.635895
0.661941
0.682406
0.696496
0.703669
0.703669
0.696496
0.682405
0.661941
0.635895
0.605269
0.571243
0.535129
0.498316
0.462219
0.428223
0.397632
0.371619
0.351177
0.337088
0.329887
0.350264
0.357391
0.371434
0.391848
0.417845
0.44843
0.482431
0.518546
0.555388
0.591541
0.625615
0.656298
0.682406
0.70293
0.717077
0.724298
0.724298
0.717077
0.70293
0.682405
0.656298
0.625615
0.591541
0.555388
0.518546
0.482431
0.44843
0.417845
0.391848
0.371434
0.357391
0.350264
0.350309
0.357515
0.371612
0.392064
0.418089
0.448692
0.482699
0.518808
0.555631
0.591754
0.625785
0.656416
0.682465
0.70293
0.71702
0.72419
0.72419
0.71702
0.70293
0.682465
0.656416
0.625785
0.591754
0.555631
0.518808
0.482699
0.448692
0.418089
0.392064
0.371612
0.357515
0.350309
0.364334
0.371461
0.385505
0.405921
0.431922
0.46251
0.496515
0.532633
0.569477
0.605632
0.639706
0.670389
0.696496
0.71702
0.731166
0.738386
0.738386
0.731166
0.71702
0.696496
0.670389
0.639706
0.605632
0.569477
0.532633
0.496515
0.46251
0.431922
0.405921
0.385505
0.371461
0.364334
0.364381
0.371591
0.385694
0.406153
0.432186
0.462797
0.496813
0.53293
0.56976
0.605889
0.639926
0.67056
0.696611
0.717077
0.731166
0.738334
0.738334
0.731166
0.717077
0.696611
0.67056
0.639926
0.605889
0.56976
0.53293
0.496813
0.462797
0.432186
0.406153
0.385694
0.371591
0.364381
0.371509
0.378636
0.39268
0.413097
0.439098
0.469687
0.503693
0.539811
0.576655
0.612809
0.646883
0.677564
0.703669
0.72419
0.738334
0.745553
0.745553
0.738334
0.72419
0.703669
0.677564
0.646883
0.612809
0.576655
0.539811
0.503693
0.469687
0.439098
0.413097
0.39268
0.378636
0.371509
0.371558
0.37877
0.392876
0.413339
0.439377
0.469993
0.504015
0.540136
0.576971
0.613103
0.647143
0.677779
0.703832
0.724298
0.738386
0.745553
0.745553
0.738386
0.724298
0.703832
0.677779
0.647143
0.613103
0.576971
0.540136
0.504015
0.469993
0.439377
0.413339
0.392876
0.37877
0.371558
0.371509
0.378636
0.39268
0.413097
0.439098
0.469687
0.503693
0.539811
0.576655
0.612809
0.646883
0.677564
0.703669
0.72419
0.738334
0.745553
0.745553
0.738334
0.72419
0.703669
0.677564
0.646883
0.612809
0.576655
0.539811
0.503693
0.469687
0.439098
0.413097
0.39268
0.378636
0.371509
0.371558
0.37877
0.392876
0.413339
0.439377
0.469993
0.504015
0.540136
0.576971
0.613103
0.647143
0.677779
0.703832
0.724298
0.738386
0.745553
0.745553
0.738386
0.724298
0.703832
0.677779
0.647143
0.613103
0.576971
0.540136
0.504015
0.469993
0.439377
0.413339
0.392876
0.37877
0.371558
0.364334
0.371461
0.385505
0.405921
0.431922
0.46251
0.496515
0.532633
0.569477
0.605632
0.639706
0.670389
0.696496
0.71702
0.731166
0.738386
0.738386
0.731166
0.71702
0.696496
0.670389
0.639706
0.605632
0.569477
0.532633
0.496515
0.46251
0.431922
0.405921
0.385505
0.371461
0.364334
0.364381
0.371591
0.385694
0.406153
0.432186
0.462797
0.496813
0.53293
0.56976
0.605889
0.639926
0.67056
0.696611
0.717077
0.731166
0.738334
0.738334
0.731166
0.717077
0.696611
0.67056
0.639926
0.605889
0.56976
0.53293
0.496813
0.462797
0.432186
0.406153
0.385694
0.371591
0.364381
0.350264
0.357391
0.371434
0.391848
0.417845
0.44843
0.482431
0.518546
0.555388
0.591541
0.625615
0.656298
0.682406
0.70293
0.717077
0.724298
0.724298
0.717077
0.70293
0.682405
0.656298
0.625615
0.591541
0.555388
0.518546
0.482431
0.44843
0.417845
0.391848
0.371434
0.357391
0.350264
0.350309
0.357515
0.371612
0.392064
0.418089
0.448692
0.482699
0.518808
0.555631
0.591754
0.625785
0.656416
0.682465
0.70293
0.71702
0.72419
0.72419
0.71702
0.70293
0.682465
0.656416
0.625785
0.591754
0.555631
0.518808
0.482699
0.448692
0.418089
0.392064
0.371612
0.357515
0.350309
0.329845
0.336973
0.351013
0.371423
0.397416
0.427994
0.461989
0.498098
0.534935
0.571084
0.605155
0.635835
0.661941
0.682465
0.696611
0.703832
0.703832
0.696611
0.682465
0.661941
0.635835
0.605155
0.571084
0.534935
0.498098
0.461989
0.427994
0.397416
0.371423
0.351013
0.336973
0.329845
0.329887
0.337088
0.351177
0.371619
0.397633
0.428223
0.462219
0.498316
0.535129
0.571243
0.605269
0.635895
0.661941
0.682406
0.696496
0.703669
0.703669
0.696496
0.682405
0.661941
0.635895
0.605269
0.571243
0.535129
0.498316
0.462219
0.428223
0.397632
0.371619
0.351177
0.337088
0.329887
0.303872
0.311
0.325037
0.345441
0.371425
0.401994
0.43598
0.47208
0.508908
0.545051
0.579116
0.609792
0.635895
0.656416
0.67056
0.677779
0.677779
0.67056
0.656416
0.635895
0.609792
0.579116
0.545051
0.508908
0.47208
0.43598
0.401994
0.371425
0.345441
0.325037
0.311
0.303872
0.303912
0.311105
0.325184
0.345613
0.371612
0.402188
0.436168
0.472251
0.509051
0.545155
0.579171
0.609792
0.635835
0.656298
0.670389
0.677564
0.677564
0.670389
0.656298
0.635835
0.609792
0.579171
0.545154
0.509051
0.472251
0.436168
0.402188
0.371612
0.345613
0.325184
0.311105
0.303912
0.273353
0.28048
0.294512
0.314908
0.340881
0.371438
0.405411
0.441498
0.478315
0.514446
0.548503
0.579171
0.605269
0.625785
0.639926
0.647143
0.647143
0.639926
0.625785
0.605269
0.579171
0.548503
0.514446
0.478315
0.441498
0.405411
0.371438
0.340881
0.314908
0.294512
0.28048
0.273353
0.273389
0.280575
0.294641
0.315055
0.341036
0.371593
0.405555
0.441621
0.478406
0.514496
0.548503
0.579116
0.605155
0.625615
0.639706
0.646883
0.646883
0.639706
0.625615
0.605155
0.579116
0.548503
0.514496
0.478406
0.441621
0.405555
0.371593
0.341036
0.315055
0.294641
0.280575
0.273389
0.23947
0.246595
0.26062
0.281005
0.306964
0.337505
0.371462
0.407532
0.444334
0.480452
0.514496
0.545155
0.571243
0.591754
0.605889
0.613103
0.613103
0.605889
0.591754
0.571243
0.545155
0.514496
0.480452
0.444334
0.407532
0.371462
0.337505
0.306964
0.281005
0.26062
0.246595
0.23947
0.239502
0.246678
0.260731
0.281127
0.307088
0.337623
0.371564
0.40761
0.444377
0.480452
0.514446
0.545051
0.571084
0.591541
0.605632
0.612809
0.612809
0.605632
0.591541
0.571084
0.545051
0.514446
0.480452
0.444377
0.40761
0.371564
0.337623
0.307088
0.281127
0.260731
0.246678
0.239502
0.203531
0.210654
0.224671
0.245043
0.270985
0.301506
0.335443
0.371494
0.408276
0.444377
0.478406
0.509051
0.535129
0.555631
0.56976
0.576971
0.576971
0.56976
0.555631
0.535129
0.509051
0.478406
0.444377
0.408276
0.371494
0.335443
0.301506
0.270985
0.245043
0.224671
0.210654
0.203531
0.20356
0.210726
0.224763
0.245139
0.271078
0.301589
0.335506
0.37153
0.408276
0.444334
0.478315
0.508908
0.534935
0.555388
0.569477
0.576655
0.576655
0.569477
0.555388
0.534935
0.508908
0.478315
0.444334
0.408276
0.37153
0.335506
0.301589
0.271078
0.245139
0.224763
0.210726
0.20356
0.166925
0.174044
0.188051
0.208406
0.234329
0.264828
0.298741
0.334769
0.37153
0.40761
0.441621
0.472251
0.498316
0.518808
0.53293
0.540136
0.540136
0.53293
0.518808
0.498316
0.472251
0.441621
0.40761
0.37153
0.334769
0.298741
0.264828
0.234328
0.208406
0.188051
0.174044
0.166925
0.16695
0.174106
0.188126
0.20848
0.234394
0.264879
0.29877
0.334769
0.371494
0.407532
0.441498
0.47208
0.498098
0.518546
0.532633
0.539811
0.539811
0.532633
0.518546
0.498098
0.47208
0.441498
0.407532
0.371494
0.334769
0.29877
0.264879
0.234394
0.20848
0.188126
0.174106
0.16695
0.13106
0.138174
0.152169
0.172507
0.198406
0.228881
0.262768
0.29877
0.335506
0.371564
0.405555
0.436168
0.462219
0.482699
0.496813
0.504015
0.504015
0.496813
0.482699
0.462219
0.436168
0.405555
0.371564
0.335506
0.29877
0.262768
0.228881
0.198406
0.172507
0.152169
0.138174
0.13106
0.131081
0.138226
0.152227
0.172558
0.198446
0.228904
0.262768
0.298741
0.335443
0.371462
0.405411
0.43598
0.461989
0.482431
0.496515
0.503693
0.503693
0.496515
0.482431
0.461989
0.43598
0.405411
0.371461
0.335443
0.298741
0.262768
0.228904
0.198446
0.172558
0.152227
0.138226
0.131081
0.0973135
0.104423
0.118404
0.138722
0.164596
0.195044
0.228904
0.264879
0.301589
0.337623
0.371593
0.402188
0.428223
0.448692
0.462797
0.469993
0.469993
0.462797
0.448692
0.428223
0.402188
0.371593
0.337623
0.301589
0.264879
0.228904
0.195044
0.164596
0.138722
0.118404
0.104423
0.0973135
0.0973316
0.104464
0.118447
0.138754
0.164614
0.195044
0.228881
0.264828
0.301506
0.337505
0.371438
0.401994
0.427994
0.44843
0.46251
0.469687
0.469687
0.46251
0.44843
0.427994
0.401994
0.371438
0.337505
0.301506
0.264828
0.228881
0.195044
0.164614
0.138754
0.118447
0.104464
0.0973316
0.0669785
0.0740816
0.0880488
0.108345
0.134194
0.164614
0.198446
0.234394
0.271078
0.307088
0.341036
0.371612
0.397632
0.418089
0.432186
0.439377
0.439377
0.432186
0.418089
0.397632
0.371612
0.341036
0.307088
0.271078
0.234394
0.198446
0.164614
0.134194
0.108345
0.0880488
0.0740816
0.0669785
0.066993
0.0741134
0.088077
0.10836
0.134194
0.164596
0.198406
0.234329
0.270985
0.306964
0.340881
0.371425
0.397416
0.417845
0.431922
0.439098
0.439098
0.431922
0.417845
0.397416
0.371425
0.340881
0.306964
0.270985
0.234328
0.198406
0.164596
0.134194
0.10836
0.088077
0.0741134
0.066993
0.041212
0.048309
0.0622616
0.082536
0.10836
0.138754
0.172558
0.20848
0.245139
0.281127
0.315055
0.345613
0.371619
0.392064
0.406153
0.413339
0.413339
0.406153
0.392064
0.371619
0.345613
0.315055
0.281127
0.245139
0.20848
0.172558
0.138754
0.10836
0.082536
0.0622616
0.048309
0.041212
0.0412231
0.0483313
0.0622762
0.082536
0.108345
0.138722
0.172507
0.208406
0.245043
0.281005
0.314908
0.345441
0.371423
0.391848
0.405921
0.413097
0.413097
0.405921
0.391848
0.371423
0.345441
0.314908
0.281005
0.245043
0.208406
0.172507
0.138722
0.108345
0.082536
0.0622761
0.0483313
0.0412231
0.0209925
0.0280837
0.0420222
0.0622761
0.088077
0.118447
0.152227
0.188126
0.224763
0.260731
0.294641
0.325184
0.351177
0.371612
0.385694
0.392876
0.392876
0.385694
0.371612
0.351177
0.325184
0.294641
0.260731
0.224763
0.188126
0.152227
0.118447
0.088077
0.0622761
0.0420222
0.0280837
0.0209925
0.0209994
0.0280948
0.0420222
0.0622616
0.0880488
0.118404
0.152169
0.188051
0.224671
0.26062
0.294512
0.325037
0.351013
0.371434
0.385505
0.39268
0.39268
0.385505
0.371434
0.351013
0.325037
0.294512
0.26062
0.224671
0.188051
0.152169
0.118404
0.0880488
0.0622616
0.0420222
0.0280948
0.0209994
0.00708128
0.0141685
0.0280948
0.0483313
0.0741134
0.104464
0.138226
0.174106
0.210726
0.246678
0.280575
0.311105
0.337088
0.357515
0.371591
0.37877
0.37877
0.371591
0.357515
0.337088
0.311105
0.280575
0.246678
0.210726
0.174106
0.138226
0.104464
0.0741134
0.0483313
0.0280948
0.0141685
0.00708129
0.00708311
0.0141685
0.0280837
0.048309
0.0740816
0.104423
0.138174
0.174044
0.210654
0.246595
0.28048
0.311
0.336973
0.357391
0.371461
0.378636
0.378636
0.371461
0.357391
0.336973
0.311
0.28048
0.246595
0.210654
0.174044
0.138174
0.104423
0.0740816
0.048309
0.0280837
0.0141685
0.0070831
-1.70854e-08
0.0070831
0.0209994
0.0412231
0.066993
0.0973316
0.131081
0.16695
0.20356
0.239502
0.273389
0.303912
0.329887
0.350309
0.364381
0.371558
0.371558
0.364381
0.350309
0.329887
0.303912
0.273389
0.239502
0.20356
0.16695
0.131081
0.0973316
0.066993
0.0412231
0.0209994
0.00708311
-1.13235e-08
-1.02504e-08
0.00708129
0.0209926
0.041212
0.0669785
0.0973135
0.13106
0.166925
0.203531
0.23947
0.273353
0.303872
0.329845
0.350264
0.364334
0.371509
0.371509
0.364334
0.350264
0.329845
0.303872
0.273353
0.23947
0.203531
0.166925
0.13106
0.0973135
0.0669785
0.041212
0.0209925
0.00708128
-1.80721e-08
-1.66875e-08
0.00708128
0.0209925
0.041212
0.0669785
0.0973135
0.13106
0.166925
0.203531
0.23947
0.273353
0.303872
0.329845
0.350264
0.364334
0.371509
0.371509
0.364334
0.350264
0.329845
0.303872
0.273353
0.23947
0.203531
0.166925
0.13106
0.0973135
0.0669785
0.041212
0.0209925
0.00708129
-1.07084e-08
-9.63587e-09
0.00708311
0.0209994
0.0412231
0.066993
0.0973316
0.131081
0.16695
0.20356
0.239502
0.273389
0.303912
0.329887
0.350309
0.364381
0.371558
0.371558
0.364381
0.350309
0.329887
0.303912
0.273389
0.239502
0.20356
0.16695
0.131081
0.0973315
0.066993
0.0412231
0.0209994
0.0070831
-1.79192e-08
0.0070831
0.0141685
0.0280837
0.048309
0.0740816
0.104423
0.138174
0.174044
0.210654
0.246595
0.28048
0.311
0.336973
0.357391
0.371461
0.378636
0.378636
0.371461
0.357391
0.336973
0.311
0.28048
0.246595
0.210654
0.174044
0.138174
0.104423
0.0740816
0.048309
0.0280837
0.0141685
0.00708311
0.00708129
0.0141685
0.0280948
0.0483313
0.0741134
0.104464
0.138226
0.174106
0.210726
0.246678
0.280575
0.311105
0.337088
0.357515
0.371591
0.37877
0.37877
0.371591
0.357515
0.337088
0.311105
0.280575
0.246678
0.210726
0.174106
0.138226
0.104464
0.0741134
0.0483313
0.0280948
0.0141685
0.00708128
0.0209994
0.0280948
0.0420222
0.0622616
0.0880488
0.118404
0.152169
0.188051
0.224671
0.26062
0.294512
0.325037
0.351013
0.371434
0.385505
0.39268
0.39268
0.385505
0.371434
0.351013
0.325037
0.294512
0.26062
0.224671
0.188051
0.152169
0.118404
0.0880488
0.0622616
0.0420222
0.0280948
0.0209994
0.0209926
0.0280837
0.0420222
0.0622762
0.088077
0.118447
0.152227
0.188126
0.224763
0.260731
0.294641
0.325184
0.351177
0.371612
0.385694
0.392876
0.392876
0.385694
0.371612
0.351177
0.325184
0.294641
0.260731
0.224763
0.188126
0.152227
0.118447
0.088077
0.0622761
0.0420222
0.0280837
0.0209925
0.0412231
0.0483313
0.0622761
0.082536
0.108345
0.138722
0.172507
0.208406
0.245043
0.281005
0.314908
0.345441
0.371423
0.391848
0.405921
0.413097
0.413097
0.405921
0.391848
0.371423
0.345441
0.314908
0.281005
0.245043
0.208406
0.172507
0.138722
0.108345
0.082536
0.0622761
0.0483313
0.0412231
0.041212
0.048309
0.0622616
0.082536
0.10836
0.138754
0.172558
0.20848
0.245139
0.281127
0.315055
0.345613
0.371619
0.392064
0.406153
0.413339
0.413339
0.406153
0.392064
0.371619
0.345613
0.315055
0.281127
0.245139
0.20848
0.172558
0.138754
0.10836
0.082536
0.0622616
0.048309
0.041212
0.066993
0.0741134
0.088077
0.10836
0.134194
0.164596
0.198406
0.234329
0.270985
0.306964
0.340881
0.371425
0.397416
0.417845
0.431922
0.439098
0.439098
0.431922
0.417845
0.397416
0.371425
0.340881
0.306964
0.270985
0.234329
0.198406
0.164596
0.134194
0.10836
0.088077
0.0741134
0.066993
0.0669785
0.0740816
0.0880488
0.108345
0.134194
0.164614
0.198446
0.234394
0.271078
0.307088
0.341036
0.371612
0.397633
0.418089
0.432186
0.439377
0.439377
0.432186
0.418089
0.397632
0.371612
0.341036
0.307088
0.271078
0.234394
0.198446
0.164614
0.134194
0.108345
0.0880488
0.0740816
0.0669785
0.0973316
0.104464
0.118447
0.138754
0.164614
0.195044
0.228881
0.264828
0.301506
0.337505
0.371438
0.401994
0.427994
0.44843
0.46251
0.469687
0.469687
0.46251
0.44843
0.427994
0.401994
0.371438
0.337505
0.301506
0.264828
0.228881
0.195044
0.164614
0.138754
0.118447
0.104464
0.0973316
0.0973135
0.104423
0.118404
0.138722
0.164596
0.195044
0.228904
0.264879
0.301589
0.337623
0.371593
0.402188
0.428223
0.448692
0.462797
0.469993
0.469993
0.462797
0.448692
0.428223
0.402188
0.371593
0.337623
0.301589
0.264879
0.228904
0.195044
0.164596
0.138722
0.118404
0.104423
0.0973135
0.131081
0.138226
0.152227
0.172558
0.198446
0.228904
0.262768
0.298741
0.335443
0.371462
0.405411
0.43598
0.461989
0.482431
0.496515
0.503693
0.503693
0.496515
0.482431
0.461989
0.43598
0.405411
0.371462
0.335443
0.298741
0.262768
0.228904
0.198446
0.172558
0.152227
0.138226
0.131081
0.13106
0.138174
0.152169
0.172507
0.198406
0.228881
0.262768
0.29877
0.335506
0.371564
0.405555
0.436168
0.462219
0.482699
0.496813
0.504015
0.504015
0.496813
0.482699
0.462219
0.436168
0.405555
0.371564
0.335506
0.29877
0.262768
0.228881
0.198406
0.172507
0.152169
0.138174
0.13106
0.16695
0.174106
0.188126
0.20848
0.234394
0.264879
0.29877
0.334769
0.371494
0.407532
0.441498
0.47208
0.498098
0.518546
0.532633
0.539811
0.539811
0.532633
0.518546
0.498098
0.47208
0.441498
0.407532
0.371494
0.334769
0.29877
0.264879
0.234394
0.20848
0.188126
0.174106
0.16695
0.166925
0.174044
0.188051
0.208406
0.234329
0.264828
0.298741
0.334769
0.37153
0.40761
0.441621
0.472251
0.498316
0.518808
0.53293
0.540136
0.540136
0.53293
0.518808
0.498316
0.472251
0.441621
0.40761
0.37153
0.334769
0.298741
0.264828
0.234328
0.208406
0.188051
0.174044
0.166925
0.20356
0.210726
0.224763
0.245139
0.271078
0.301589
0.335506
0.37153
0.408276
0.444334
0.478315
0.508908
0.534935
0.555388
0.569477
0.576655
0.576655
0.569477
0.555388
0.534935
0.508908
0.478315
0.444334
0.408276
0.37153
0.335506
0.301589
0.271078
0.245139
0.224763
0.210726
0.20356
0.203531
0.210654
0.224671
0.245043
0.270985
0.301506
0.335443
0.371494
0.408276
0.444377
0.478406
0.509051
0.535129
0.555631
0.56976
0.576971
0.576971
0.56976
0.555631
0.535129
0.509051
0.478406
0.444377
0.408276
0.371494
0.335443
0.301506
0.270985
0.245043
0.224671
0.210654
0.203531
0.239502
0.246678
0.260731
0.281127
0.307088
0.337623
0.371564
0.40761
0.444377
0.480452
0.514446
0.545051
0.571084
0.591541
0.605632
0.612809
0.612809
0.605632
0.591541
0.571084
0.545051
0.514446
0.480452
0.444377
0.40761
0.371564
0.337623
0.307088
0.281127
0.260731
0.246678
0.239502
0.23947
0.246595
0.26062
0.281005
0.306964
0.337505
0.371462
0.407532
0.444334
0.480452
0.514496
0.545155
0.571243
0.591754
0.605889
0.613103
0.613103
0.605889
0.591754
0.571243
0.545155
0.514496
0.480452
0.444334
0.407532
0.371461
0.337505
0.306964
0.281005
0.26062
0.246595
0.23947
0.273389
0.280575
0.294641
0.315055
0.341036
0.371593
0.405555
0.441621
0.478406
0.514496
0.548503
0.579116
0.605155
0.625615
0.639706
0.646883
0.646883
0.639706
0.625615
0.605155
0.579116
0.548503
0.514496
0.478406
0.441621
0.405555
0.371593
0.341036
0.315055
0.294641
0.280575
0.273389
0.273353
0.28048
0.294512
0.314908
0.340881
0.371438
0.405411
0.441498
0.478315
0.514446
0.548503
0.579171
0.605269
0.625785
0.639926
0.647143
0.647143
0.639926
0.625785
0.605269
0.579171
0.548503
0.514446
0.478315
0.441498
0.405411
0.371438
0.340881
0.314908
0.294512
0.28048
0.273353
0.303912
0.311105
0.325184
0.345613
0.371612
0.402188
0.436168
0.472251
0.509051
0.545155
0.579171
0.609792
0.635835
0.656298
0.670389
0.677564
0.677564
0.670389
0.656298
0.635835
0.609792
0.579171
0.545155
0.509051
0.472251
0.436168
0.402188
0.371612
0.345613
0.325184
0.311105
0.303912
0.303872
0.311
0.325037
0.345441
0.371425
0.401994
0.43598
0.47208
0.508908
0.545051
0.579116
0.609792
0.635895
0.656416
0.67056
0.677779
0.677779
0.67056
0.656416
0.635895
0.609792
0.579116
0.545051
0.508908
0.47208
0.43598
0.401994
0.371425
0.345441
0.325037
0.311
0.303872
0.329887
0.337088
0.351177
0.371619
0.397632
0.428223
0.462219
0.498316
0.535129
0.571243
0.605269
0.635895
0.661941
0.682406
0.696496
0.703669
0.703669
0.696496
0.682406
0.661941
0.635895
0.605269
0.571243
0.535129
0.498316
0.462219
0.428223
0.397632
0.371619
0.351177
0.337088
0.329887
0.329845
0.336973
0.351013
0.371423
0.397416
0.427994
0.461989
0.498098
0.534935
0.571084
0.605155
0.635835
0.661941
0.682465
0.696611
0.703832
0.703832
0.696611
0.682465
0.661941
0.635835
0.605155
0.571084
0.534935
0.498098
0.461989
0.427994
0.397416
0.371423
0.351013
0.336973
0.329845
0.350309
0.357515
0.371612
0.392064
0.418089
0.448692
0.482699
0.518808
0.555631
0.591754
0.625785
0.656416
0.682465
0.70293
0.71702
0.72419
0.72419
0.71702
0.70293
0.682465
0.656416
0.625785
0.591754
0.555631
0.518808
0.482699
0.448692
0.418089
0.392064
0.371612
0.357515
0.350309
0.350264
0.357391
0.371434
0.391848
0.417845
0.44843
0.482431
0.518546
0.555388
0.591541
0.625615
0.656298
0.682406
0.70293
0.717077
0.724298
0.724298
0.717077
0.70293
0.682405
0.656298
0.625615
0.591541
0.555388
0.518546
0.482431
0.44843
0.417845
0.391848
0.371434
0.357391
0.350264
0.364381
0.371591
0.385694
0.406153
0.432186
0.462797
0.496813
0.53293
0.56976
0.605889
0.639926
0.67056
0.696611
0.717077
0.731166
0.738334
0.738334
0.731166
0.717077
0.696611
0.67056
0.639926
0.605889
0.56976
0.53293
0.496813
0.462797
0.432186
0.406153
0.385694
0.371591
0.364381
0.364334
0.371461
0.385505
0.405921
0.431922
0.46251
0.496515
0.532633
0.569477
0.605632
0.639706
0.670389
0.696496
0.71702
0.731166
0.738386
0.738386
0.731166
0.71702
0.696496
0.670389
0.639706
0.605632
0.569477
0.532633
0.496515
0.46251
0.431922
0.405921
0.385505
0.371461
0.364334
0.371558
0.37877
0.392876
0.413339
0.439377
0.469993
0.504015
0.540136
0.576971
0.613103
0.647143
0.677779
0.703832
0.724298
0.738386
0.745553
0.745553
0.738386
0.724298
0.703832
0.677779
0.647143
0.613103
0.576971
0.540136
0.504015
0.469993
0.439377
0.413339
0.392876
0.37877
0.371558
0.371509
0.378636
0.39268
0.413097
0.439098
0.469687
0.503693
0.539811
0.576655
0.612809
0.646883
0.677564
0.703669
0.72419
0.738334
0.745553
0.745553
0.738334
0.72419
0.703669
0.677564
0.646883
0.612809
0.576655
0.539811
0.503693
0.469687
0.439098
0.413097
0.39268
0.378636
0.371509
0.371558
0.37877
0.392876
0.413339
0.439377
0.469993
0.504015
0.540136
0.576971
0.613103
0.647143
0.677779
0.703832
0.724298
0.738386
0.745553
0.745553
0.738386
0.724298
0.703832
0.677779
0.647143
0.613103
0.576971
0.540136
0.504015
0.469993
0.439377
0.413339
0.392876
0.37877
0.371558
0.371509
0.378636
0.39268
0.413097
0.439098
0.469687
0.503693
0.539811
0.576655
0.612809
0.646883
0.677564
0.703669
0.72419
0.738334
0.745553
0.745553
0.738334
0.72419
0.703669
0.677564
0.646883
0.612809
0.576655
0.539811
0.503693
0.469687
0.439098
0.413097
0.39268
0.378636
0.371509
0.364381
0.371591
0.385694
0.406153
0.432186
0.462797
0.496813
0.53293
0.56976
0.605889
0.639926
0.67056
0.696611
0.717077
0.731166
0.738334
0.738334
0.731166
0.717077
0.696611
0.67056
0.639926
0.605889
0.56976
0.53293
0.496813
0.462797
0.432186
0.406153
0.385694
0.371591
0.364381
0.364334
0.371461
0.385505
0.405921
0.431922
0.46251
0.496515
0.532633
0.569477
0.605632
0.639706
0.670389
0.696496
0.71702
0.731166
0.738386
0.738386
0.731166
0.71702
0.696496
0.670389
0.639706
0.605632
0.569477
0.532633
0.496515
0.46251
0.431922
0.405921
0.385505
0.371461
0.364334
0.350309
0.357515
0.371612
0.392064
0.418089
0.448692
0.482699
0.518808
0.555631
0.591754
0.625785
0.656416
0.682465
0.70293
0.71702
0.72419
0.72419
0.71702
0.70293
0.682465
0.656416
0.625785
0.591754
0.555631
0.518808
0.482699
0.448692
0.418089
0.392064
0.371612
0.357515
0.350309
0.350264
0.357391
0.371434
0.391848
0.417845
0.44843
0.482431
0.518546
0.555388
0.591541
0.625615
0.656298
0.682406
0.70293
0.717077
0.724298
0.724298
0.717077
0.70293
0.682405
0.656298
0.625615
0.591541
0.555388
0.518546
0.482431
0.44843
0.417845
0.391848
0.371434
0.357391
0.350264
0.329887
0.337088
0.351177
0.371619
0.397632
0.428223
0.462219
0.498316
0.535129
0.571243
0.605269
0.635895
0.661941
0.682405
0.696496
0.703669
0.703669
0.696496
0.682405
0.661941
0.635895
0.605269
0.571243
0.535129
0.498316
0.462219
0.428223
0.397632
0.371619
0.351177
0.337088
0.329887
0.329845
0.336973
0.351013
0.371423
0.397416
0.427994
0.461989
0.498098
0.534935
0.571084
0.605155
0.635835
0.661941
0.682465
0.696611
0.703832
0.703832
0.696611
0.682465
0.661941
0.635835
0.605155
0.571084
0.534935
0.498098
0.461989
0.427994
0.397416
0.371423
0.351013
0.336973
0.329845
0.303912
0.311105
0.325184
0.345613
0.371612
0.402188
0.436168
0.472251
0.509051
0.545155
0.579171
0.609792
0.635835
0.656298
0.670389
0.677564
0.677564
0.670389
0.656298
0.635835
0.609792
0.579171
0.545154
0.509051
0.472251
0.436168
0.402188
0.371612
0.345613
0.325184
0.311105
0.303912
0.303872
0.311
0.325037
0.345441
0.371425
0.401994
0.43598
0.47208
0.508908
0.545051
0.579116
0.609792
0.635895
0.656416
0.67056
0.677779
0.677779
0.67056
0.656416
0.635895
0.609792
0.579116
0.54505
0.508908
0.47208
0.43598
0.401994
0.371425
0.345441
0.325037
0.311
0.303872
0.273389
0.280575
0.294641
0.315055
0.341036
0.371593
0.405555
0.441621
0.478406
0.514496
0.548503
0.579116
0.605155
0.625615
0.639706
0.646883
0.646883
0.639706
0.625615
0.605155
0.579116
0.548503
0.514496
0.478406
0.441621
0.405555
0.371593
0.341036
0.315055
0.294641
0.280575
0.273389
0.273353
0.28048
0.294512
0.314908
0.340881
0.371438
0.405411
0.441498
0.478315
0.514446
0.548503
0.579171
0.605269
0.625785
0.639926
0.647143
0.647143
0.639926
0.625785
0.605269
0.579171
0.548503
0.514446
0.478315
0.441498
0.405411
0.371438
0.340881
0.314908
0.294512
0.28048
0.273353
0.239502
0.246678
0.260731
0.281127
0.307088
0.337623
0.371564
0.40761
0.444377
0.480452
0.514446
0.545051
0.571084
0.591541
0.605632
0.612809
0.612809
0.605632
0.591541
0.571084
0.54505
0.514446
0.480452
0.444377
0.40761
0.371564
0.337623
0.307088
0.281127
0.260731
0.246678
0.239502
0.23947
0.246595
0.26062
0.281005
0.306964
0.337505
0.371462
0.407532
0.444334
0.480452
0.514496
0.545155
0.571243
0.591754
0.605889
0.613103
0.613103
0.605889
0.591754
0.571243
0.545154
0.514496
0.480452
0.444334
0.407532
0.371461
0.337505
0.306964
0.281005
0.26062
0.246595
0.23947
0.20356
0.210726
0.224763
0.245139
0.271078
0.301589
0.335506
0.37153
0.408276
0.444334
0.478315
0.508908
0.534935
0.555388
0.569477
0.576655
0.576655
0.569477
0.555388
0.534935
0.508908
0.478315
0.444334
0.408276
0.37153
0.335506
0.301589
0.271078
0.245139
0.224763
0.210726
0.20356
0.203531
0.210654
0.224671
0.245043
0.270985
0.301506
0.335443
0.371494
0.408276
0.444377
0.478406
0.509051
0.535129
0.555631
0.56976
0.576971
0.576971
0.56976
0.555631
0.535129
0.509051
0.478406
0.444377
0.408276
0.371494
0.335443
0.301506
0.270985
0.245043
0.224671
0.210654
0.203531
0.16695
0.174106
0.188126
0.20848
0.234394
0.264879
0.29877
0.334769
0.371494
0.407532
0.441498
0.47208
0.498098
0.518546
0.532633
0.539811
0.539811
0.532633
0.518546
0.498098
0.47208
0.441498
0.407532
0.371494
0.334769
0.29877
0.264879
0.234394
0.20848
0.188126
0.174106
0.16695
0.166925
0.174044
0.188051
0.208406
0.234328
0.264828
0.298741
0.334769
0.37153
0.40761
0.441621
0.472251
0.498316
0.518808
0.53293
0.540136
0.540136
0.53293
0.518808
0.498316
0.472251
0.441621
0.40761
0.37153
0.334769
0.298741
0.264828
0.234328
0.208406
0.188051
0.174044
0.166925
0.131081
0.138226
0.152227
0.172558
0.198446
0.228904
0.262768
0.298741
0.335443
0.371461
0.405411
0.43598
0.461989
0.482431
0.496515
0.503693
0.503693
0.496515
0.482431
0.461989
0.43598
0.405411
0.371461
0.335443
0.298741
0.262768
0.228904
0.198446
0.172558
0.152227
0.138226
0.131081
0.13106
0.138174
0.152169
0.172507
0.198406
0.228881
0.262768
0.29877
0.335506
0.371564
0.405555
0.436168
0.462219
0.482699
0.496813
0.504015
0.504015
0.496813
0.482699
0.462219
0.436168
0.405555
0.371564
0.335506
0.29877
0.262768
0.228881
0.198406
0.172507
0.152169
0.138174
0.13106
0.0973315
0.104464
0.118447
0.138754
0.164614
0.195044
0.228881
0.264828
0.301506
0.337505
0.371438
0.401994
0.427994
0.44843
0.46251
0.469687
0.469687
0.46251
0.44843
0.427994
0.401994
0.371438
0.337505
0.301506
0.264828
0.228881
0.195044
0.164614
0.138754
0.118447
0.104464
0.0973316
0.0973135
0.104423
0.118404
0.138722
0.164596
0.195044
0.228904
0.264879
0.301589
0.337623
0.371593
0.402188
0.428223
0.448692
0.462797
0.469993
0.469993
0.462797
0.448692
0.428223
0.402188
0.371593
0.337623
0.301589
0.264879
0.228904
0.195044
0.164596
0.138722
0.118404
0.104423
0.0973135
0.066993
0.0741134
0.088077
0.10836
0.134194
0.164596
0.198406
0.234328
0.270985
0.306964
0.340881
0.371425
0.397416
0.417845
0.431922
0.439098
0.439098
0.431922
0.417845
0.397416
0.371425
0.340881
0.306964
0.270985
0.234328
0.198406
0.164596
0.134194
0.10836
0.088077
0.0741134
0.066993
0.0669785
0.0740816
0.0880488
0.108345
0.134194
0.164614
0.198446
0.234394
0.271078
0.307088
0.341036
0.371612
0.397632
0.418089
0.432186
0.439377
0.439377
0.432186
0.418089
0.397632
0.371612
0.341036
0.307088
0.271078
0.234394
0.198446
0.164614
0.134194
0.108345
0.0880488
0.0740816
0.0669785
0.0412231
0.0483313
0.0622761
0.082536
0.108345
0.138722
0.172507
0.208406
0.245043
0.281005
0.314908
0.345441
0.371423
0.391848
0.405921
0.413097
0.413097
0.405921
0.391848
0.371423
0.345441
0.314908
0.281005
0.245043
0.208406
0.172507
0.138722
0.108345
0.082536
0.0622761
0.0483313
0.0412231
0.041212
0.048309
0.0622616
0.082536
0.10836
0.138754
0.172558
0.20848
0.245139
0.281127
0.315055
0.345613
0.371619
0.392064
0.406153
0.413339
0.413339
0.406153
0.392064
0.371619
0.345613
0.315055
0.281127
0.245139
0.20848
0.172558
0.138754
0.10836
0.082536
0.0622616
0.048309
0.041212
0.0209994
0.0280948
0.0420222
0.0622616
0.0880488
0.118404
0.152169
0.188051
0.224671
0.26062
0.294512
0.325037
0.351013
0.371434
0.385505
0.39268
0.39268
0.385505
0.371434
0.351013
0.325037
0.294512
0.26062
0.224671
0.188051
0.152169
0.118404
0.0880488
0.0622616
0.0420222
0.0280948
0.0209994
0.0209925
0.0280837
0.0420222
0.0622761
0.088077
0.118447
0.152227
0.188126
0.224763
0.260731
0.294641
0.325184
0.351177
0.371612
0.385694
0.392876
0.392876
0.385694
0.371612
0.351177
0.325184
0.294641
0.260731
0.224763
0.188126
0.152227
0.118447
0.088077
0.0622761
0.0420222
0.0280837
0.0209925
0.00708309
0.0141685
0.0280837
0.048309
0.0740816
0.104423
0.138174
0.174044
0.210654
0.246595
0.28048
0.311
0.336973
0.357391
0.371461
0.378636
0.378636
0.371461
0.357391
0.336973
0.311
0.28048
0.246595
0.210654
0.174044
0.138174
0.104423
0.0740816
0.048309
0.0280837
0.0141685
0.0070831
0.00708128
0.0141685
0.0280948
0.0483313
0.0741134
0.104464
0.138226
0.174106
0.210726
0.246678
0.280575
0.311105
0.337088
0.357515
0.371591
0.37877
0.37877
0.371591
0.357515
0.337088
0.311105
0.280575
0.246678
0.210726
0.174106
0.138226
0.104464
0.0741134
0.0483312
0.0280948
0.0141685
0.00708127
-2.56291e-08
0.00708127
0.0209925
0.041212
0.0669785
0.0973135
0.13106
0.166925
0.203531
0.23947
0.273353
0.303872
0.329845
0.350264
0.364334
0.371509
0.371509
0.364334
0.350264
0.329845
0.303872
0.273353
0.23947
0.203531
0.166925
0.13106
0.0973135
0.0669785
0.041212
0.0209925
0.00708128
-1.90863e-08
-1.81427e-08
0.0070831
0.0209994
0.0412231
0.066993
0.0973316
0.131081
0.16695
0.20356
0.239502
0.273389
0.303912
0.329887
0.350309
0.364381
0.371558
0.371558
0.364381
0.350309
0.329887
0.303912
0.273389
0.239502
0.20356
0.16695
0.131081
0.0973315
0.066993
0.0412231
0.0209994
0.00708309
-2.63939e-08
)
;

boundaryField
{
    top
    {
        type            cyclic;
    }
    bottom
    {
        type            cyclic;
    }
    left
    {
        type            cyclic;
    }
    right
    {
        type            cyclic;
    }
    frontAndBack
    {
        type            empty;
    }
}


// ************************************************************************* //
